942 333 1000 666
930 666 1000 999
794 666 930 999
774 333 942 666
604 333 774 666
590 666 794 999
0 666 590 999
617 0 1000 333
0 333 604 666
0 0 617 333
952 333 1000 666
930 666 1000 999
794 666 930 999
843 0 1000 333
0 666 293 999
792 333 952 666
590 666 794 999
293 666 590 999
0 333 792 666
0 0 843 333
965 0 1000 333
948 333 1000 666
930 666 1000 999
794 666 930 999
806 333 948 666
0 666 794 999
525 333 806 666
570 0 965 333
0 333 525 666
0 0 570 333
953 0 1000 333
904 0 953 333
930 666 1000 999
871 333 1000 666
0 666 930 999
643 333 871 666
414 333 643 666
0 333 414 666
458 0 904 333
0 0 458 333
950 0 1000 333
930 666 1000 999
864 333 1000 666
794 666 930 999
590 666 794 999
743 0 950 333
0 666 590 999
476 333 864 666
0 333 476 666
0 0 743 333
