969 125 1000 250
963 500 967 625
967 500 1000 625
963 250 1000 375
950 125 969 250
940 250 963 375
932 500 963 625
931 375 1000 500
930 0 1000 125
952 750 1000 875
940 875 1000 1000
937 625 1000 750
886 125 950 250
872 250 940 375
854 500 932 625
852 375 931 500
861 875 940 1000
857 625 937 750
843 0 930 125
862 750 952 875
789 125 886 250
754 375 852 500
752 500 854 625
750 250 872 375
737 875 861 1000
731 625 857 750
732 750 862 875
656 125 789 250
613 250 750 375
607 500 752 625
605 375 754 500
587 875 737 1000
578 625 731 750
577 750 732 875
497 125 656 250
387 250 613 375
372 375 605 500
361 500 607 625
331 625 578 750
324 750 577 875
311 875 587 1000
0 875 311 1000
0 750 324 875
0 625 331 750
0 500 361 625
0 375 372 500
0 250 387 375
0 125 497 250
0 0 843 125
981 0 1000 125
980 125 1000 250
971 125 980 250
971 0 981 125
967 250 1000 375
968 625 1000 750
965 875 1000 1000
965 375 1000 500
964 750 1000 875
934 0 971 125
933 125 971 250
961 500 1000 625
909 875 965 1000
902 750 964 875
901 625 968 750
899 250 967 375
896 375 965 500
862 125 933 250
890 500 961 625
862 0 934 125
817 750 902 875
824 875 909 1000
812 250 899 375
809 625 901 750
782 500 890 625
741 0 862 125
775 375 896 500
721 125 862 250
641 500 782 625
633 375 775 500
631 250 812 375
623 625 809 750
616 750 817 875
610 875 824 1000
501 125 721 250
397 250 631 375
378 375 633 500
376 500 641 625
349 625 623 750
339 750 616 875
326 875 610 1000
0 875 326 1000
0 750 339 875
0 625 349 750
0 500 376 625
0 375 378 500
0 250 397 375
0 125 501 250
0 0 741 125
985 0 1000 125
982 500 1000 625
959 0 985 125
964 375 1000 500
958 125 1000 250
953 500 982 625
951 875 1000 1000
949 625 1000 750
947 250 1000 375
911 125 958 250
952 750 1000 875
900 625 949 750
897 250 947 375
894 750 952 875
894 500 953 625
892 875 951 1000
890 0 959 125
889 375 964 500
825 125 911 250
806 750 894 875
799 375 889 500
795 625 900 750
791 250 897 375
786 500 894 625
772 0 890 125
771 875 892 1000
694 125 825 250
651 250 791 375
645 500 786 625
643 625 795 750
640 375 799 500
605 0 772 125
590 750 806 875
547 875 771 1000
461 125 694 250
401 250 651 375
381 375 640 500
378 625 643 750
378 500 645 625
319 750 590 875
274 875 547 1000
0 875 274 1000
0 750 319 875
0 500 378 625
0 625 378 750
0 375 381 500
0 250 401 375
0 125 461 250
0 0 605 125
972 875 1000 1000
966 875 972 1000
965 500 1000 625
956 500 965 625
951 875 966 1000
948 250 1000 375
948 0 1000 125
945 375 1000 500
952 750 1000 875
941 625 1000 750
933 125 1000 250
880 625 941 750
876 250 948 375
872 375 945 500
877 750 952 875
871 875 951 1000
869 500 956 625
859 0 948 125
842 125 933 250
785 750 877 875
773 375 872 500
768 500 869 625
765 875 871 1000
764 625 880 750
757 250 876 375
715 0 859 125
697 125 842 250
606 250 757 375
600 625 764 750
591 500 768 625
583 875 765 1000
581 375 773 500
579 750 785 875
508 0 715 125
467 125 697 250
375 250 606 375
344 375 581 500
343 500 591 625
341 625 600 750
311 750 579 875
298 875 583 1000
0 875 298 1000
0 750 311 875
0 625 341 750
0 500 343 625
0 375 344 500
0 250 375 375
0 125 467 250
0 0 508 125
997 125 1000 250
987 375 1000 500
992 125 997 250
987 250 1000 375
967 500 1000 625
952 625 1000 750
947 875 1000 1000
946 500 967 625
918 750 952 875
911 875 947 1000
904 625 952 750
952 750 1000 875
897 500 946 625
868 750 918 875
857 875 911 1000
842 500 897 625
839 625 904 750
932 0 1000 125
800 750 868 875
785 875 857 1000
766 500 842 625
681 625 760 750
760 625 839 750
680 500 766 625
898 375 987 500
675 750 800 875
644 875 785 1000
848 125 992 250
498 500 680 625
499 625 681 750
492 750 675 875
452 875 644 1000
296 500 498 625
290 625 499 750
278 750 492 875
0 875 226 1000
226 875 452 1000
0 750 278 875
0 625 290 750
0 500 296 625
600 375 898 500
301 375 600 500
0 375 301 500
534 125 848 250
548 0 932 125
511 250 987 375
0 250 511 375
0 125 534 250
0 0 548 125
988 125 1000 250
995 0 1000 125
983 250 1000 375
949 625 1000 750
921 625 949 750
922 750 952 875
961 500 1000 625
952 750 1000 875
871 625 921 750
870 750 922 875
811 625 871 750
940 875 1000 1000
872 875 940 1000
890 500 961 625
794 875 872 1000
715 500 795 625
710 750 790 875
790 750 870 875
709 875 794 1000
795 500 890 625
704 625 811 750
605 500 715 625
597 750 710 875
589 625 704 750
584 875 709 1000
453 875 584 1000
453 625 589 750
849 375 1000 500
440 750 597 875
439 500 605 625
272 500 439 625
269 625 453 750
243 750 440 875
240 875 453 1000
773 125 988 250
0 875 240 1000
0 750 243 875
0 625 269 750
577 375 849 500
0 500 272 625
302 375 577 500
707 250 983 375
0 375 302 500
355 250 707 375
0 250 355 375
406 125 773 250
0 125 406 250
574 0 995 125
0 0 574 125
997 0 1000 125
977 125 1000 250
952 875 1000 1000
964 0 997 125
961 500 1000 625
908 875 952 1000
952 750 1000 875
853 875 908 1000
839 500 896 625
880 625 937 750
822 625 880 750
803 750 862 875
793 875 853 1000
937 625 1000 750
896 500 961 625
773 500 839 625
754 625 822 750
734 750 803 875
724 875 793 1000
862 750 952 875
679 500 773 625
660 625 754 750
635 750 734 875
624 875 724 1000
578 500 679 625
559 625 660 750
523 750 635 875
505 875 624 1000
456 500 578 625
436 625 559 750
399 750 523 875
377 875 505 1000
851 250 1000 375
299 500 456 625
254 625 436 750
214 750 399 875
189 875 377 1000
0 875 189 1000
0 750 214 875
0 625 254 750
724 375 1000 500
0 500 299 625
383 375 724 500
0 375 383 500
482 250 851 375
531 125 977 250
0 250 482 375
0 125 531 250
0 0 964 125
963 250 1000 375
958 250 963 375
956 625 1000 750
951 375 1000 500
944 0 1000 125
961 500 1000 625
943 875 1000 1000
952 750 1000 875
892 125 941 250
941 125 1000 250
890 0 944 125
889 875 943 1000
888 250 958 375
886 625 956 750
880 375 951 500
890 500 961 625
816 125 892 250
876 750 952 875
813 875 889 1000
812 0 890 125
790 750 876 875
790 375 880 500
789 250 888 375
787 625 886 750
709 0 812 125
784 500 890 625
659 750 790 875
652 625 787 750
646 875 813 1000
644 125 816 250
614 250 789 375
606 375 790 500
600 500 784 625
524 0 709 125
458 125 644 250
411 250 614 375
379 375 606 500
367 500 600 625
366 625 652 750
358 750 659 875
333 875 646 1000
0 875 333 1000
0 750 358 875
0 625 366 750
0 500 367 625
0 375 379 500
0 250 411 375
0 125 458 250
0 0 524 125
989 125 1000 250
988 750 1000 875
988 250 1000 375
979 750 988 875
967 250 988 375
966 875 1000 1000
962 500 1000 625
960 625 1000 750
957 375 1000 500
951 125 989 250
951 0 1000 125
925 250 967 375
916 625 960 750
912 375 957 500
909 500 962 625
908 875 966 1000
908 750 979 875
876 0 951 125
869 125 951 250
841 250 925 375
815 375 912 500
800 500 909 625
799 750 908 875
795 625 916 750
778 875 908 1000
734 0 876 125
719 125 869 250
689 250 841 375
659 375 815 500
617 625 795 750
617 500 800 625
602 750 799 875
572 875 778 1000
519 0 734 125
501 125 719 250
444 250 689 375
410 375 659 500
355 500 617 625
350 625 617 750
328 750 602 875
295 875 572 1000
0 875 295 1000
0 750 328 875
0 625 350 750
0 500 355 625
0 375 410 500
0 250 444 375
0 125 501 250
0 0 519 125
997 0 1000 125
993 125 1000 250
939 625 1000 750
927 625 939 750
980 125 993 250
923 750 952 875
968 375 1000 500
890 750 923 875
924 500 961 625
886 500 924 625
961 500 1000 625
884 625 927 750
827 875 874 1000
952 750 1000 875
942 250 1000 375
940 875 1000 1000
827 750 890 875
821 500 886 625
818 625 884 750
874 875 940 1000
753 875 827 1000
751 750 827 875
743 500 821 625
737 625 818 750
665 875 753 1000
650 750 751 875
630 625 737 750
629 500 743 625
549 875 665 1000
879 0 997 125
520 750 650 875
480 500 629 625
477 625 630 750
326 500 480 625
307 625 477 750
794 375 968 500
306 750 520 875
305 875 549 1000
0 875 305 1000
0 750 306 875
0 625 307 750
0 500 326 625
627 125 980 250
401 375 794 500
0 375 401 500
481 250 942 375
0 250 481 375
0 125 627 250
0 0 879 125
990 750 1000 875
990 875 1000 1000
989 375 1000 500
983 750 990 875
980 875 990 1000
979 250 1000 375
975 625 1000 750
974 500 1000 625
965 750 983 875
958 125 1000 250
953 0 1000 125
946 375 989 500
927 625 975 750
925 250 979 375
920 500 974 625
896 125 958 250
918 875 980 1000
863 625 927 750
854 250 925 375
846 875 918 1000
845 500 920 625
845 375 946 500
845 0 953 125
844 750 965 875
766 125 896 250
733 625 863 750
710 500 845 625
705 750 844 875
705 375 845 500
705 250 854 375
695 875 846 1000
612 125 766 250
567 625 733 750
538 750 705 875
511 875 695 1000
508 250 705 375
492 375 705 500
482 500 710 625
328 625 567 750
290 750 538 875
259 875 511 1000
0 875 259 1000
0 750 290 875
0 625 328 750
0 500 482 625
0 375 492 500
0 250 508 375
0 125 612 250
0 0 845 125
981 125 1000 250
974 125 981 250
971 750 1000 875
970 500 1000 625
964 250 1000 375
970 375 1000 500
951 125 974 250
945 375 970 500
942 750 971 875
939 500 970 625
936 0 1000 125
940 875 1000 1000
874 0 936 125
937 625 1000 750
871 875 940 1000
866 625 937 750
865 500 939 625
864 750 942 875
862 375 945 500
861 125 951 250
850 250 964 375
743 125 861 250
740 375 862 500
739 500 865 625
737 0 874 125
734 875 871 1000
724 750 864 875
724 625 866 750
707 250 850 375
596 375 740 500
592 500 739 625
584 875 734 1000
572 750 724 875
543 625 724 750
529 125 743 250
488 250 707 375
372 375 596 500
366 500 592 625
303 625 543 750
300 750 572 875
293 875 584 1000
0 875 293 1000
0 750 300 875
0 625 303 750
0 500 366 625
0 375 372 500
0 250 488 375
0 125 529 250
0 0 737 125
986 250 1000 375
961 500 1000 625
844 625 887 750
952 750 1000 875
892 875 940 1000
841 500 890 625
887 625 937 750
831 750 885 875
838 875 892 1000
940 875 1000 1000
937 625 1000 750
780 625 844 750
775 500 841 625
885 750 952 875
890 500 961 625
767 875 838 1000
759 750 831 875
927 125 1000 250
683 750 759 875
675 875 767 1000
675 500 775 625
674 625 780 750
567 625 674 750
565 500 675 625
565 875 675 1000
558 750 683 875
414 750 558 875
413 875 565 1000
408 625 567 750
404 500 565 625
233 500 404 625
228 625 408 750
222 750 414 875
801 375 1000 500
207 875 413 1000
0 875 207 1000
0 750 222 875
0 625 228 750
0 500 233 625
554 375 801 500
301 375 554 500
712 250 986 375
0 375 301 500
407 250 712 375
0 250 407 375
478 125 927 250
0 125 478 250
516 0 1000 125
0 0 516 125
957 875 1000 1000
956 625 1000 750
945 500 961 625
934 625 956 750
935 875 957 1000
975 0 1000 125
919 750 952 875
900 625 934 750
898 875 935 1000
961 500 1000 625
898 500 945 625
952 750 1000 875
941 375 1000 500
837 875 898 1000
835 500 898 625
833 625 900 750
832 750 919 875
740 625 833 750
740 500 835 625
733 750 832 875
729 875 837 1000
624 750 733 875
614 875 729 1000
609 500 740 625
608 625 740 750
841 0 975 125
452 875 614 1000
452 750 624 875
435 625 608 750
435 500 609 625
257 500 435 625
248 625 435 750
803 125 1000 250
232 750 452 875
231 875 452 1000
0 875 231 1000
0 750 232 875
761 250 1000 375
0 625 248 750
0 500 257 625
641 375 941 500
335 375 641 500
0 375 335 500
386 250 761 375
0 250 386 375
410 125 803 250
0 125 410 250
423 0 841 125
0 0 423 125
960 750 1000 875
990 375 1000 500
955 625 1000 750
937 625 955 750
938 500 961 625
934 750 960 875
900 750 934 875
961 500 1000 625
898 500 938 625
895 625 937 750
898 875 940 1000
853 500 898 625
853 875 898 1000
849 625 895 750
844 750 900 875
940 875 1000 1000
791 500 853 625
789 875 853 1000
770 750 844 875
921 250 1000 375
769 625 849 750
686 625 769 750
684 750 770 875
890 125 1000 250
681 875 789 1000
680 500 791 625
560 875 681 1000
560 750 684 875
875 0 1000 125
559 625 686 750
537 500 680 625
415 750 560 875
406 625 559 750
401 875 560 1000
367 500 537 625
229 625 406 750
220 750 415 875
203 875 401 1000
0 875 203 1000
0 750 220 875
0 625 229 750
658 125 890 250
0 500 367 625
549 250 921 375
533 375 990 500
0 375 533 500
0 250 549 375
0 125 658 250
0 0 875 125
991 125 1000 250
967 500 1000 625
988 375 1000 500
965 625 1000 750
963 750 1000 875
946 750 963 875
962 875 1000 1000
945 625 965 750
945 500 967 625
940 875 962 1000
911 875 940 1000
910 500 945 625
908 750 946 875
949 375 988 500
858 500 910 625
893 625 945 750
836 625 893 750
851 750 908 875
832 875 911 1000
767 750 851 875
765 500 858 625
738 875 832 1000
738 625 836 750
619 625 738 750
617 875 738 1000
856 250 1000 375
617 500 765 625
615 750 767 875
463 875 617 1000
457 500 617 625
442 750 615 875
436 625 619 750
272 500 457 625
249 625 436 750
247 750 442 875
237 875 463 1000
0 875 237 1000
0 750 247 875
0 625 249 750
0 500 272 625
675 375 949 500
359 375 675 500
672 0 1000 125
0 375 359 500
467 250 856 375
544 125 991 250
0 250 467 375
0 125 544 250
0 0 672 125
972 500 1000 625
968 250 1000 375
970 750 1000 875
967 125 1000 250
963 0 1000 125
962 375 1000 500
961 875 1000 1000
961 625 1000 750
925 625 961 750
925 875 961 1000
921 375 962 500
916 0 963 125
921 250 968 375
912 125 967 250
910 750 970 875
905 500 972 625
838 750 910 875
836 875 925 1000
821 125 912 250
806 500 905 625
806 0 916 125
805 250 921 375
800 375 921 500
799 625 925 750
708 875 836 1000
706 750 838 875
680 125 821 250
651 375 800 500
645 0 806 125
642 500 806 625
637 250 805 375
630 625 799 750
529 875 708 1000
518 750 706 875
490 125 680 250
445 250 637 375
432 375 651 500
422 500 642 625
393 625 630 750
280 750 518 875
275 875 529 1000
0 875 275 1000
0 750 280 875
0 625 393 750
0 500 422 625
0 375 432 500
0 250 445 375
0 125 490 250
0 0 645 125
975 875 1000 1000
971 875 975 1000
970 125 1000 250
969 625 1000 750
967 500 1000 625
967 375 1000 500
966 250 1000 375
964 750 1000 875
955 0 1000 125
928 0 955 125
922 250 966 375
921 125 970 250
902 750 964 875
900 625 969 750
899 875 971 1000
889 375 967 500
888 500 967 625
841 125 921 250
841 0 928 125
812 250 922 375
774 500 888 625
771 375 889 500
761 625 900 750
757 750 902 875
752 875 899 1000
692 0 841 125
690 125 841 250
641 250 812 375
597 375 771 500
595 500 774 625
579 625 761 750
570 875 752 1000
568 750 757 875
483 0 692 125
473 125 690 250
420 250 641 375
367 375 597 500
361 500 595 625
329 625 579 750
297 750 568 875
293 875 570 1000
0 875 293 1000
0 750 297 875
0 625 329 750
0 500 361 625
0 375 367 500
0 250 420 375
0 125 473 250
0 0 483 125
995 250 1000 375
975 250 995 375
941 500 961 625
939 625 1000 750
909 625 939 750
909 875 940 1000
909 500 941 625
871 875 909 1000
961 500 1000 625
869 750 908 875
869 625 909 750
865 500 909 625
908 750 952 875
952 750 1000 875
819 875 871 1000
812 500 865 625
940 875 1000 1000
803 625 869 750
802 750 869 875
735 625 803 750
926 125 1000 250
922 375 1000 500
723 750 802 875
722 875 819 1000
712 500 812 625
630 625 735 750
613 750 723 875
600 500 712 625
610 875 722 1000
496 875 610 1000
493 750 613 875
458 500 600 625
488 625 630 750
299 500 458 625
294 625 488 750
287 750 493 875
277 875 496 1000
0 875 277 1000
0 750 287 875
708 0 1000 125
0 625 294 750
0 500 299 625
570 125 926 250
481 375 922 500
0 375 481 500
493 250 975 375
0 250 493 375
0 125 570 250
0 0 708 125
980 250 1000 375
979 375 1000 500
978 625 1000 750
975 125 1000 250
972 750 1000 875
970 875 1000 1000
961 375 979 500
944 0 1000 125
961 500 1000 625
936 625 978 750
929 750 972 875
928 125 975 250
920 875 970 1000
920 250 980 375
897 375 961 500
890 500 961 625
867 0 944 125
856 625 936 750
844 125 928 250
838 750 929 875
827 250 920 375
817 875 920 1000
793 375 897 500
775 500 890 625
743 0 867 125
718 125 844 250
730 625 856 750
698 250 827 375
709 750 838 875
684 875 817 1000
640 375 793 500
607 500 775 625
560 625 730 750
538 750 709 875
526 250 698 375
505 875 684 1000
459 375 640 500
413 500 607 625
356 625 560 750
287 875 505 1000
287 750 538 875
0 750 287 875
0 875 287 1000
0 625 356 750
0 500 413 625
0 375 459 500
0 250 526 375
0 125 718 250
0 0 743 125
993 0 1000 125
945 625 956 750
956 625 1000 750
986 250 1000 375
981 125 1000 250
957 0 993 125
902 875 940 1000
961 500 1000 625
901 625 945 750
856 625 901 750
906 750 952 875
952 750 1000 875
854 875 902 1000
854 750 906 875
853 500 906 625
906 500 961 625
801 625 856 750
798 875 854 1000
940 875 1000 1000
792 500 853 625
791 750 854 875
737 625 801 750
718 500 792 625
713 750 791 875
909 375 1000 500
702 875 798 1000
635 625 737 750
599 750 713 875
583 875 702 1000
573 500 718 625
487 625 635 750
434 875 583 1000
420 750 599 875
388 500 573 625
300 625 487 750
229 750 420 875
226 875 434 1000
0 875 226 1000
0 750 229 875
725 0 957 125
0 625 300 750
624 125 981 250
0 500 388 625
484 375 909 500
0 375 484 500
500 250 986 375
0 250 500 375
0 125 624 250
0 0 725 125
986 750 1000 875
981 125 1000 250
979 375 1000 500
978 500 1000 625
977 250 1000 375
965 0 1000 125
964 625 1000 750
958 875 1000 1000
956 750 986 875
947 125 981 250
943 375 979 500
941 500 978 625
939 250 977 375
921 625 964 750
917 0 965 125
909 875 958 1000
906 750 956 875
888 375 943 500
887 125 947 250
879 500 941 625
871 250 939 375
820 375 888 500
809 500 879 625
808 125 887 250
807 750 906 875
799 625 921 750
785 0 917 125
775 875 909 1000
736 250 871 375
669 375 820 500
652 500 809 625
624 625 799 750
620 750 807 875
609 125 808 250
572 875 775 1000
526 250 736 375
453 375 669 500
433 500 652 625
396 625 624 750
391 750 620 875
297 875 572 1000
0 875 297 1000
0 750 391 875
0 625 396 750
0 500 433 625
0 375 453 500
0 250 526 375
0 125 609 250
0 0 785 125
997 0 1000 125
962 625 1000 750
954 625 962 750
955 750 1000 875
989 375 1000 500
985 0 997 125
948 875 1000 1000
921 750 955 875
917 625 954 750
961 500 1000 625
905 875 948 1000
861 875 905 1000
861 500 908 625
948 250 1000 375
908 500 961 625
860 625 917 750
859 750 921 875
792 500 861 625
792 875 861 1000
788 750 859 875
927 125 1000 250
784 625 860 750
707 875 792 1000
705 500 792 625
690 750 788 875
586 625 685 750
685 625 784 750
582 750 690 875
573 875 707 1000
555 500 705 625
428 625 586 750
422 750 582 875
412 875 573 1000
369 500 555 625
231 750 422 875
231 625 428 750
211 875 412 1000
0 875 211 1000
0 625 231 750
0 750 231 875
644 125 927 250
646 0 985 125
0 500 369 625
555 250 948 375
519 375 989 500
0 375 519 500
0 250 555 375
0 125 644 250
0 0 646 125
997 375 1000 500
992 125 1000 250
992 250 1000 375
983 125 992 250
976 0 1000 125
939 625 1000 750
961 500 1000 625
952 750 1000 875
880 625 939 750
880 875 940 1000
940 875 1000 1000
816 625 880 750
824 750 888 875
888 750 952 875
918 125 983 250
825 500 890 625
750 875 815 1000
815 875 880 1000
890 500 961 625
732 625 816 750
731 500 825 625
729 750 824 875
649 875 750 1000
618 750 729 875
613 500 731 625
611 625 732 750
867 375 997 500
492 875 649 1000
460 750 618 875
446 625 611 750
445 500 613 625
265 500 445 625
263 625 446 750
257 750 460 875
249 875 492 1000
0 875 249 1000
0 750 257 875
0 625 263 750
0 500 265 625
591 375 867 500
297 375 591 500
0 375 297 500
683 250 992 375
360 250 683 375
0 250 360 375
556 0 976 125
465 125 918 250
0 125 465 250
0 0 556 125
