998 200 1000 300
995 200 998 300
990 300 1000 400
986 200 995 300
982 0 1000 100
965 200 986 300
952 100 1000 200
951 600 1000 700
948 800 1000 900
948 900 1000 1000
947 400 1000 500
945 700 1000 800
931 300 990 400
941 500 1000 600
878 900 948 1000
874 600 951 700
867 700 945 800
858 800 948 900
727 500 834 600
834 500 941 600
740 700 867 800
742 600 874 700
726 800 858 900
729 900 878 1000
568 900 729 1000
579 600 742 700
556 800 726 900
568 700 740 800
549 500 727 600
369 500 549 600
385 600 579 700
359 700 568 800
334 800 556 900
342 900 568 1000
0 900 342 1000
0 700 359 800
0 600 385 700
0 500 369 600
675 400 947 500
673 100 952 200
0 800 334 900
674 0 982 100
347 400 675 500
0 400 347 500
583 200 965 300
468 300 931 400
0 300 468 400
0 200 583 300
0 100 673 200
0 0 674 100
996 0 1000 100
995 100 1000 200
989 0 996 100
971 200 1000 300
967 300 1000 400
944 0 989 100
902 600 951 700
951 600 1000 700
899 900 948 1000
948 800 1000 900
948 900 1000 1000
945 700 1000 800
941 500 1000 600
840 900 899 1000
838 600 902 700
820 800 884 900
884 800 948 900
880 700 945 800
807 700 880 800
764 600 838 700
763 900 840 1000
739 800 820 900
911 100 995 200
712 700 807 800
616 700 712 800
727 500 834 600
834 500 941 600
608 500 727 600
603 800 739 900
855 400 1000 500
577 600 764 700
568 900 763 1000
408 500 608 600
359 600 577 700
351 700 616 800
333 800 603 900
285 900 568 1000
0 900 285 1000
0 800 333 900
0 700 351 800
0 600 359 700
594 200 971 300
447 400 855 500
0 500 408 600
557 300 967 400
0 400 447 500
0 300 557 400
0 200 594 300
0 100 911 200
0 0 944 100
999 100 1000 200
997 400 1000 500
994 0 1000 100
986 0 994 100
968 200 1000 300
951 600 1000 700
948 800 1000 900
948 900 1000 1000
945 700 1000 800
941 500 1000 600
806 500 869 600
801 700 867 800
812 900 878 1000
878 900 948 1000
869 500 941 600
801 600 874 700
874 600 951 700
867 700 945 800
722 600 801 700
721 500 806 600
715 700 801 800
898 0 986 100
858 800 948 900
708 900 812 1000
603 900 708 1000
590 700 715 800
868 400 997 500
726 800 858 900
585 800 726 900
579 600 722 700
568 500 721 600
403 500 568 600
395 600 579 700
371 700 590 800
769 100 999 200
339 800 585 900
326 900 603 1000
679 200 968 300
0 900 326 1000
0 800 339 900
0 700 371 800
616 300 1000 400
0 600 395 700
0 500 403 600
443 400 868 500
0 400 443 500
0 300 616 400
0 200 679 300
0 100 769 200
0 0 898 100
996 100 1000 200
990 100 996 200
990 0 1000 100
974 100 990 200
901 700 945 800
951 600 1000 700
948 800 1000 900
948 900 1000 1000
945 700 1000 800
843 700 901 800
941 500 1000 600
775 500 842 600
774 700 843 800
878 900 948 1000
874 600 951 700
909 0 990 100
773 800 858 900
858 800 948 900
677 700 774 800
842 500 941 600
775 600 874 700
670 500 775 600
668 800 773 900
665 600 775 700
759 900 878 1000
637 900 759 1000
539 800 668 900
862 400 1000 500
535 700 677 800
520 500 670 600
512 600 665 700
364 500 520 600
344 600 512 700
336 700 535 800
327 800 539 900
705 100 974 200
326 900 637 1000
0 900 326 1000
0 800 327 900
0 700 336 800
0 600 344 700
0 500 364 600
471 400 862 500
578 200 1000 300
538 300 1000 400
0 400 471 500
0 300 538 400
0 200 578 300
0 100 705 200
0 0 909 100
982 200 1000 300
996 0 1000 100
979 100 1000 200
961 300 1000 400
951 600 1000 700
948 800 1000 900
948 900 1000 1000
945 700 1000 800
941 500 1000 600
878 900 948 1000
874 600 951 700
867 700 945 800
694 900 774 1000
664 800 746 900
751 500 834 600
907 0 996 100
858 800 948 900
664 700 762 800
648 600 751 700
774 900 878 1000
762 700 867 800
834 500 941 600
643 500 751 600
584 900 694 1000
746 800 858 900
543 800 664 900
525 600 648 700
751 600 874 700
516 700 664 800
493 500 643 600
333 500 493 600
332 700 516 800
332 600 525 700
769 400 1000 500
311 800 543 900
310 900 584 1000
0 900 310 1000
0 800 311 900
0 600 332 700
0 700 332 800
0 500 333 600
399 400 769 500
0 400 399 500
561 100 979 200
484 300 961 400
0 300 484 400
0 200 491 300
491 200 982 300
0 100 561 200
0 0 907 100
993 200 1000 300
949 100 1000 200
951 600 1000 700
948 800 1000 900
948 900 1000 1000
945 700 1000 800
941 500 1000 600
813 900 878 1000
878 900 948 1000
742 900 813 1000
874 600 951 700
867 700 945 800
858 800 948 900
630 500 727 600
893 300 1000 400
727 500 834 600
834 500 941 600
614 800 731 900
622 700 740 800
618 600 742 700
740 700 867 800
731 800 858 900
613 900 742 1000
498 500 630 600
742 600 874 700
484 600 618 700
462 700 622 800
452 900 613 1000
440 800 614 900
322 500 498 600
291 600 484 700
266 700 462 800
242 800 440 900
0 900 226 1000
226 900 452 1000
0 800 242 900
0 700 266 800
0 600 291 700
693 400 1000 500
0 500 322 600
363 400 693 500
0 400 363 500
634 0 1000 100
576 100 949 200
563 200 993 300
449 300 893 400
0 300 449 400
0 200 563 300
0 100 576 200
0 0 634 100
996 0 1000 100
990 300 1000 400
981 100 1000 200
951 600 1000 700
948 800 1000 900
948 900 1000 1000
945 700 1000 800
941 500 1000 600
928 200 1000 300
878 900 948 1000
874 600 951 700
867 700 945 800
746 500 834 600
858 800 948 900
624 800 729 900
834 500 941 600
628 600 742 700
624 500 746 600
744 700 867 800
616 900 743 1000
616 700 744 800
729 800 858 900
742 600 874 700
491 500 624 600
743 900 878 1000
470 600 628 700
466 800 624 900
455 900 616 1000
445 700 616 800
319 500 491 600
298 600 470 700
266 700 445 800
814 400 1000 500
263 800 466 900
244 900 455 1000
0 900 244 1000
0 800 263 900
0 700 266 800
0 600 298 700
0 500 319 600
663 0 996 100
453 400 814 500
558 200 928 300
601 100 981 200
0 400 453 500
512 300 990 400
0 300 512 400
0 200 558 300
0 100 601 200
0 0 663 100
999 200 1000 300
996 400 1000 500
975 300 1000 400
974 200 999 300
959 400 996 500
951 600 1000 700
948 800 1000 900
948 900 1000 1000
945 700 1000 800
941 500 1000 600
878 900 948 1000
874 600 951 700
867 700 945 800
754 500 836 600
668 500 754 600
858 800 948 900
648 600 746 700
757 800 858 900
836 500 941 600
761 700 867 800
768 900 878 1000
640 700 761 800
647 900 768 1000
635 800 757 900
746 600 874 700
509 600 648 700
506 900 647 1000
498 700 640 800
495 500 668 600
462 800 635 900
319 500 495 600
317 600 509 700
299 700 498 800
800 0 1000 100
261 800 462 900
260 900 506 1000
0 900 260 1000
0 800 261 900
0 700 299 800
0 600 317 700
0 500 319 600
649 100 1000 200
604 200 974 300
550 400 959 500
550 300 975 400
0 300 550 400
0 400 550 500
0 200 604 300
0 100 649 200
0 0 800 100
993 100 1000 200
989 0 1000 100
975 100 993 200
953 0 989 100
903 500 941 600
907 700 945 800
908 600 951 700
951 200 1000 300
951 600 1000 700
948 800 1000 900
948 900 1000 1000
945 700 1000 800
845 500 903 600
941 500 1000 600
937 300 1000 400
878 900 948 1000
834 700 907 800
833 600 908 700
858 800 948 900
726 600 833 700
727 700 834 800
718 500 845 600
726 800 858 900
586 700 727 800
729 900 878 1000
573 600 726 700
559 500 718 600
569 900 729 1000
556 800 726 900
388 500 559 600
382 600 573 700
804 400 1000 500
375 700 586 800
739 0 953 100
334 800 556 900
286 900 569 1000
0 900 286 1000
0 800 334 900
0 700 375 800
0 600 382 700
0 500 388 600
411 400 804 500
0 400 411 500
536 200 951 300
522 300 937 400
557 100 975 200
0 300 522 400
0 200 536 300
0 100 557 200
0 0 739 100
994 300 996 400
996 300 1000 400
989 300 994 400
961 200 1000 300
951 600 1000 700
948 800 1000 900
948 900 1000 1000
945 700 1000 800
941 500 1000 600
878 900 948 1000
929 100 1000 200
796 700 867 800
722 700 796 800
712 900 788 1000
874 600 951 700
867 700 945 800
780 800 858 900
701 800 780 900
638 700 722 800
613 800 701 900
858 800 948 900
788 900 878 1000
610 900 712 1000
727 500 834 600
834 500 941 600
492 900 610 1000
599 500 727 600
484 800 613 900
860 400 1000 500
742 600 874 700
593 600 742 700
484 700 638 800
413 500 599 600
395 600 593 700
265 700 484 800
255 800 484 900
252 900 492 1000
0 900 252 1000
0 800 255 900
0 700 265 800
668 200 961 300
647 300 989 400
0 600 395 700
0 500 413 600
435 400 860 500
0 400 435 500
0 300 647 400
0 200 668 300
0 100 929 200
0 0 1000 100
989 100 1000 200
983 100 989 200
978 400 1000 500
978 0 1000 100
951 300 1000 400
951 600 1000 700
948 800 1000 900
948 900 1000 1000
945 700 1000 800
941 500 1000 600
878 900 948 1000
874 600 951 700
867 700 945 800
858 800 948 900
664 900 755 1000
727 500 834 600
834 500 941 600
613 500 727 600
612 800 733 900
755 900 878 1000
733 800 858 900
538 900 664 1000
740 700 867 800
484 800 612 900
742 600 874 700
475 500 613 600
459 600 597 700
433 700 573 800
597 600 742 700
325 500 475 600
305 600 459 700
278 700 433 800
573 700 740 800
273 800 484 900
746 400 978 500
0 900 269 1000
269 900 538 1000
0 800 273 900
0 700 278 800
0 600 305 700
0 500 325 600
416 400 746 500
588 100 983 200
0 400 416 500
523 300 951 400
556 200 1000 300
0 300 523 400
0 200 556 300
0 100 588 200
0 0 978 100
