992 426 1000 568
981 852 1000 994
978 142 1000 284
853 568 876 710
963 710 1000 852
811 568 853 710
810 710 854 852
764 852 811 994
932 852 981 994
913 710 963 852
944 568 1000 710
811 852 867 994
854 710 913 852
747 710 810 852
867 852 932 994
876 568 944 710
723 568 811 710
631 568 723 710
868 142 978 284
612 710 747 852
611 852 764 994
453 710 612 852
451 852 611 994
821 426 992 568
448 568 631 710
241 568 448 710
235 710 453 852
226 852 451 994
0 852 226 994
0 710 235 852
0 568 241 710
755 0 1000 142
572 426 821 568
302 426 572 568
709 284 1000 426
0 426 302 568
368 284 709 426
0 284 368 426
488 142 868 284
0 142 488 284
0 0 755 142
997 426 1000 568
996 0 1000 142
987 426 997 568
987 284 1000 426
972 426 987 568
981 852 1000 994
976 0 996 142
971 142 1000 284
963 710 1000 852
932 852 981 994
913 710 963 852
944 568 1000 710
867 852 932 994
841 710 913 852
870 568 944 710
791 852 867 994
764 710 841 852
792 568 870 710
667 710 764 852
689 852 791 994
576 568 684 710
684 568 792 710
841 142 971 284
524 852 689 994
501 710 667 852
379 568 576 710
303 710 501 852
302 852 524 994
0 852 302 994
0 710 303 852
736 284 987 426
0 568 379 710
660 426 972 568
336 426 660 568
0 426 336 568
377 284 736 426
0 284 377 426
452 142 841 284
550 0 976 142
0 142 452 284
0 0 550 142
981 852 1000 994
881 710 913 852
963 710 1000 852
836 568 878 710
953 0 1000 142
833 710 881 852
826 852 875 994
932 852 981 994
913 710 963 852
785 568 836 710
771 852 826 994
944 568 1000 710
875 852 932 994
878 568 944 710
757 710 833 852
679 710 757 852
919 284 1000 426
678 852 771 994
677 568 785 710
561 710 679 852
560 852 678 994
554 568 677 710
432 852 560 994
422 568 554 710
866 426 1000 568
416 710 561 852
274 568 422 710
242 710 416 852
240 852 432 994
0 852 240 994
0 710 242 852
0 568 274 710
589 426 866 568
298 426 589 568
0 426 298 568
646 0 953 142
496 284 919 426
515 142 1000 284
0 284 496 426
0 142 515 284
0 0 646 142
997 0 1000 142
989 0 997 142
981 852 1000 994
901 852 932 994
963 710 1000 852
954 426 1000 568
817 710 865 852
865 710 913 852
853 852 901 994
932 852 981 994
913 710 963 852
948 142 1000 284
943 284 1000 426
944 568 1000 710
806 568 870 710
789 852 853 994
870 568 944 710
742 710 817 852
727 568 806 710
704 852 789 994
640 568 727 710
635 710 742 852
586 852 704 994
478 710 635 852
477 568 640 710
406 852 586 994
296 568 477 710
291 710 478 852
207 852 406 994
0 852 207 994
773 0 989 142
725 426 954 568
718 142 948 284
0 710 291 852
0 568 296 710
420 426 725 568
0 426 420 568
487 284 943 426
0 284 487 426
0 142 718 284
0 0 773 142
997 142 1000 284
995 0 1000 142
982 284 1000 426
981 852 1000 994
963 710 1000 852
952 142 997 284
932 852 981 994
913 710 963 852
944 568 1000 710
786 710 842 852
727 710 786 852
867 852 932 994
842 710 913 852
655 710 727 852
870 568 944 710
791 852 867 994
792 568 870 710
576 710 655 852
689 852 791 994
879 284 982 426
686 568 792 710
886 0 995 142
579 852 689 994
564 568 686 710
434 568 564 710
421 852 579 994
417 710 576 852
261 568 434 710
232 710 417 852
802 426 1000 568
212 852 421 994
0 852 212 994
0 710 232 852
0 568 261 710
652 142 952 284
407 426 802 568
0 426 407 568
447 284 879 426
0 284 447 426
0 142 652 284
0 0 886 142
994 0 1000 142
981 284 1000 426
981 852 1000 994
856 568 889 710
963 710 1000 852
932 852 981 994
913 710 963 852
804 568 856 710
794 710 848 852
813 852 867 994
889 568 944 710
944 568 1000 710
848 710 913 852
867 852 932 994
743 852 813 994
726 568 804 710
912 426 1000 568
705 710 794 852
900 0 994 142
602 710 705 852
599 568 726 710
861 142 1000 284
578 852 743 994
433 568 599 710
431 710 602 852
406 852 578 994
250 568 433 710
242 710 431 852
215 852 406 994
0 852 215 994
0 710 242 852
0 568 250 710
719 284 981 426
612 426 912 568
307 426 612 568
0 426 307 568
365 284 719 426
0 284 365 426
447 142 861 284
0 142 447 284
0 0 900 142
991 426 1000 568
982 426 991 568
981 852 1000 994
973 0 1000 142
963 710 1000 852
898 568 944 710
932 852 981 994
913 710 963 852
944 568 1000 710
839 568 898 710
787 710 848 852
935 284 1000 426
848 710 913 852
867 852 932 994
772 568 839 710
704 568 772 710
791 852 867 994
914 142 1000 284
693 710 787 852
602 568 704 710
689 852 791 994
585 710 693 852
462 710 585 852
557 852 689 994
842 426 982 568
462 568 602 710
391 852 557 994
294 568 462 710
289 710 462 852
199 852 391 994
0 852 199 994
713 142 914 284
760 0 973 142
0 710 289 852
0 568 294 710
494 426 842 568
528 284 935 426
0 426 494 568
0 284 528 426
0 142 713 284
0 0 760 142
