826 0 873 1000
873 0 928 1000
928 0 1000 1000
707 0 826 1000
560 0 707 1000
328 0 560 1000
0 0 328 1000
853 0 886 1000
886 0 928 1000
798 0 853 1000
928 0 1000 1000
542 0 798 1000
281 0 542 1000
0 0 281 1000
931 0 1000 1000
918 0 931 1000
904 0 918 1000
889 0 904 1000
746 0 889 1000
494 0 746 1000
0 0 494 1000
916 0 928 1000
902 0 916 1000
839 0 902 1000
928 0 1000 1000
696 0 839 1000
448 0 696 1000
0 0 448 1000
803 0 855 1000
928 0 1000 1000
855 0 928 1000
704 0 803 1000
580 0 704 1000
360 0 580 1000
0 0 360 1000
934 0 1000 1000
912 0 934 1000
885 0 912 1000
813 0 885 1000
680 0 813 1000
349 0 680 1000
0 0 349 1000
902 0 928 1000
928 0 1000 1000
789 0 902 1000
648 0 789 1000
494 0 648 1000
300 0 494 1000
0 0 300 1000
928 0 1000 1000
827 0 928 1000
604 0 706 1000
492 0 604 1000
706 0 827 1000
268 0 492 1000
0 0 268 1000
914 0 928 1000
870 0 914 1000
928 0 1000 1000
786 0 870 1000
689 0 786 1000
391 0 689 1000
0 0 391 1000
873 0 928 1000
928 0 1000 1000
772 0 873 1000
657 0 772 1000
471 0 657 1000
263 0 471 1000
0 0 263 1000
942 0 1000 1000
877 0 942 1000
776 0 877 1000
622 0 776 1000
430 0 622 1000
216 0 430 1000
0 0 216 1000
752 0 808 1000
808 0 864 1000
864 0 928 1000
928 0 1000 1000
545 0 752 1000
317 0 545 1000
0 0 317 1000
815 0 869 1000
869 0 928 1000
752 0 815 1000
928 0 1000 1000
642 0 752 1000
439 0 642 1000
0 0 439 1000
883 0 928 1000
824 0 883 1000
928 0 1000 1000
727 0 824 1000
519 0 727 1000
262 0 519 1000
0 0 262 1000
928 0 1000 1000
827 0 928 1000
706 0 827 1000
564 0 706 1000
408 0 564 1000
232 0 408 1000
0 0 232 1000
834 0 871 1000
778 0 834 1000
871 0 928 1000
928 0 1000 1000
669 0 778 1000
412 0 669 1000
0 0 412 1000
928 0 1000 1000
827 0 928 1000
706 0 827 1000
564 0 706 1000
264 0 412 1000
412 0 564 1000
0 0 264 1000
928 0 1000 1000
827 0 928 1000
706 0 827 1000
564 0 706 1000
408 0 564 1000
232 0 408 1000
0 0 232 1000
928 0 1000 1000
758 0 836 1000
836 0 928 1000
624 0 758 1000
469 0 624 1000
262 0 469 1000
0 0 262 1000
807 0 864 1000
864 0 928 1000
928 0 1000 1000
648 0 807 1000
462 0 648 1000
259 0 462 1000
0 0 259 1000
894 0 928 1000
928 0 1000 1000
816 0 894 1000
720 0 816 1000
496 0 720 1000
269 0 496 1000
0 0 269 1000
865 0 928 1000
928 0 1000 1000
773 0 865 1000
671 0 773 1000
543 0 671 1000
387 0 543 1000
0 0 387 1000
880 0 904 1000
904 0 928 1000
928 0 1000 1000
752 0 880 1000
620 0 752 1000
406 0 620 1000
0 0 406 1000
942 0 1000 1000
921 0 942 1000
887 0 921 1000
827 0 887 1000
604 0 827 1000
318 0 604 1000
0 0 318 1000
942 0 1000 1000
888 0 942 1000
826 0 888 1000
646 0 736 1000
736 0 826 1000
496 0 646 1000
0 0 496 1000
928 0 1000 1000
827 0 928 1000
720 0 827 1000
594 0 720 1000
434 0 594 1000
231 0 434 1000
0 0 231 1000
953 0 1000 1000
944 0 953 1000
854 0 944 1000
752 0 854 1000
626 0 752 1000
476 0 626 1000
0 0 476 1000
857 0 928 1000
928 0 1000 1000
775 0 857 1000
670 0 775 1000
452 0 670 1000
228 0 452 1000
0 0 228 1000
902 0 928 1000
928 0 1000 1000
826 0 902 1000
730 0 826 1000
619 0 730 1000
317 0 619 1000
0 0 317 1000
814 0 863 1000
863 0 928 1000
928 0 1000 1000
690 0 814 1000
528 0 690 1000
290 0 528 1000
0 0 290 1000
928 0 1000 1000
759 0 833 1000
833 0 928 1000
627 0 759 1000
468 0 627 1000
307 0 468 1000
0 0 307 1000
956 0 1000 1000
941 0 956 1000
924 0 941 1000
906 0 924 1000
858 0 906 1000
790 0 858 1000
0 0 790 1000
