996 125 1000 250
993 125 996 250
993 0 1000 125
981 125 993 250
978 375 1000 500
955 750 1000 875
951 875 1000 1000
943 625 1000 750
940 500 1000 625
879 625 943 750
867 500 940 625
875 875 951 1000
867 750 955 875
790 625 879 750
785 875 875 1000
774 500 867 625
897 250 1000 375
756 750 867 875
678 625 790 750
650 500 774 625
657 875 785 1000
621 750 756 875
514 500 650 625
839 375 978 500
517 875 657 1000
515 625 678 750
451 750 621 875
278 750 451 875
318 500 514 625
305 625 515 750
293 875 517 1000
0 875 293 1000
0 750 278 875
572 375 839 500
723 0 993 125
291 375 572 500
0 375 291 500
0 625 305 750
600 250 897 375
0 500 318 625
646 125 981 250
0 250 600 375
0 125 646 250
0 0 723 125
990 0 1000 125
966 250 1000 375
957 125 1000 250
955 750 1000 875
951 875 1000 1000
943 625 1000 750
940 500 1000 625
879 625 943 750
450 625 519 750
867 500 940 625
875 875 951 1000
921 375 1000 500
867 750 955 875
790 625 879 750
785 875 875 1000
774 500 867 625
345 625 450 750
756 750 867 875
678 625 790 750
650 500 774 625
657 875 785 1000
621 750 756 875
514 500 650 625
206 625 345 750
517 875 657 1000
519 625 678 750
180 875 342 1000
451 750 621 875
278 750 451 875
342 875 517 1000
0 875 180 1000
318 500 514 625
0 625 206 750
664 375 921 500
0 750 278 875
404 375 664 500
676 125 957 250
706 0 990 125
0 500 318 625
615 250 966 375
0 375 404 500
0 250 615 375
0 125 676 250
0 0 706 125
998 125 1000 250
995 0 1000 125
976 0 995 125
962 375 1000 500
959 250 1000 375
955 750 1000 875
951 875 1000 1000
943 625 1000 750
940 500 1000 625
723 875 785 1000
879 625 943 750
867 500 940 625
875 875 951 1000
701 750 781 875
708 625 790 750
638 875 723 1000
781 750 867 875
620 625 708 750
867 750 955 875
790 625 879 750
612 750 701 875
785 875 875 1000
681 500 774 625
774 500 867 625
583 500 681 625
509 625 620 750
499 750 612 875
489 875 638 1000
401 500 583 625
301 625 509 750
277 750 499 875
254 875 489 1000
0 875 254 1000
0 750 277 875
0 625 301 750
622 0 976 125
0 500 401 625
544 250 959 375
568 125 998 250
492 375 962 500
0 375 492 500
0 250 544 375
0 125 568 250
0 0 622 125
996 0 1000 125
990 375 1000 500
963 250 1000 375
955 750 1000 875
951 875 1000 1000
943 625 1000 750
930 375 990 500
940 500 1000 625
879 625 943 750
867 500 940 625
875 875 951 1000
867 750 955 875
790 625 879 750
785 875 875 1000
774 500 867 625
756 750 867 875
678 625 790 750
237 500 354 625
874 125 1000 250
650 500 774 625
657 875 785 1000
621 750 756 875
514 500 650 625
517 875 657 1000
803 250 963 375
354 500 514 625
515 625 678 750
451 750 621 875
278 750 451 875
305 625 515 750
293 875 517 1000
0 875 293 1000
0 500 237 625
0 750 278 875
658 375 930 500
704 0 996 125
0 625 305 750
335 375 658 500
0 375 335 500
402 250 803 375
0 250 402 375
459 125 874 250
0 125 459 250
0 0 704 125
987 250 1000 375
989 375 1000 500
983 125 1000 250
968 0 1000 125
946 250 987 375
955 750 1000 875
951 875 1000 1000
933 375 989 500
943 625 1000 750
940 500 1000 625
879 625 943 750
867 500 940 625
681 750 756 875
875 875 951 1000
867 750 955 875
790 625 879 750
785 875 875 1000
774 500 867 625
579 750 681 875
756 750 867 875
678 625 790 750
461 750 579 875
650 500 774 625
657 875 785 1000
514 500 650 625
517 875 657 1000
374 875 517 1000
515 625 678 750
278 750 461 875
190 875 374 1000
0 875 190 1000
318 500 514 625
730 375 933 500
305 625 515 750
0 750 278 875
0 625 305 750
0 500 318 625
400 375 730 500
633 125 983 250
0 375 400 500
477 250 946 375
0 250 477 375
0 125 633 250
0 0 968 125
997 0 998 125
998 0 1000 125
988 375 1000 500
991 250 1000 375
984 125 1000 250
953 250 991 375
955 750 1000 875
951 875 1000 1000
943 625 1000 750
940 500 1000 625
879 625 943 750
867 500 940 625
875 875 951 1000
867 750 955 875
790 625 879 750
785 875 875 1000
774 500 867 625
756 750 867 875
678 625 790 750
650 500 774 625
657 875 785 1000
621 750 756 875
514 500 650 625
517 875 657 1000
844 375 988 500
850 0 997 125
515 625 678 750
451 750 621 875
278 750 451 875
0 500 514 625
0 625 515 750
0 875 517 1000
0 750 278 875
579 375 844 500
306 375 579 500
708 125 984 250
0 375 306 500
644 250 953 375
0 250 322 375
322 250 644 375
383 125 708 250
0 125 383 250
442 0 850 125
0 0 442 125
991 250 1000 375
994 0 1000 125
984 375 1000 500
957 0 994 125
955 750 1000 875
935 375 984 500
951 875 1000 1000
940 250 991 375
943 625 1000 750
940 500 1000 625
879 625 943 750
867 500 940 625
875 875 951 1000
867 750 955 875
790 625 879 750
785 875 875 1000
908 125 1000 250
774 500 867 625
756 750 867 875
678 625 790 750
650 500 774 625
657 875 785 1000
621 750 756 875
514 500 650 625
517 875 657 1000
515 625 678 750
451 750 621 875
0 750 451 875
318 500 514 625
738 250 940 375
305 625 515 750
738 0 957 125
293 875 517 1000
0 875 293 1000
0 625 305 750
0 500 318 625
632 375 935 500
319 375 632 500
0 375 319 500
411 250 738 375
0 250 411 375
484 125 908 250
0 125 484 250
0 0 738 125
998 125 1000 250
988 250 1000 375
990 0 1000 125
959 375 1000 500
955 750 1000 875
951 875 1000 1000
942 125 998 250
943 625 1000 750
940 500 1000 625
879 625 943 750
867 500 940 625
875 875 951 1000
867 750 955 875
790 625 879 750
785 875 875 1000
774 500 867 625
756 750 867 875
678 625 790 750
506 750 623 875
650 500 774 625
657 875 785 1000
623 750 756 875
514 500 650 625
396 625 533 750
367 750 506 875
517 875 657 1000
533 625 678 750
367 875 517 1000
245 625 396 750
211 750 367 875
191 875 367 1000
0 875 191 1000
318 500 514 625
0 750 211 875
758 0 990 125
0 625 245 750
664 125 942 250
0 500 318 625
605 250 988 375
551 375 959 500
0 375 551 500
0 250 605 375
0 125 664 250
0 0 758 125
985 250 1000 375
974 0 1000 125
955 750 1000 875
951 875 1000 1000
943 625 1000 750
940 500 1000 625
879 625 943 750
867 500 940 625
875 875 951 1000
911 125 1000 250
867 750 955 875
790 625 879 750
785 875 875 1000
774 500 867 625
526 750 629 875
756 750 867 875
678 625 790 750
650 500 774 625
407 625 534 750
629 750 756 875
530 875 657 1000
398 750 526 875
657 875 785 1000
397 875 530 1000
514 500 650 625
534 625 678 750
828 375 1000 500
232 625 407 750
219 750 398 875
205 875 397 1000
318 500 514 625
0 875 205 1000
0 750 219 875
0 625 232 750
574 375 828 500
309 375 574 500
0 500 318 625
0 375 309 500
586 125 911 250
592 0 974 125
542 250 985 375
0 250 542 375
0 125 586 250
0 0 592 125
995 250 1000 375
955 0 1000 125
955 750 1000 875
951 875 1000 1000
950 125 1000 250
943 625 1000 750
940 500 1000 625
578 750 641 875
879 625 943 750
510 750 578 875
867 500 940 625
875 875 951 1000
867 750 955 875
790 625 879 750
785 875 875 1000
774 500 867 625
756 750 867 875
678 625 790 750
641 750 756 875
650 500 774 625
657 875 785 1000
381 500 514 625
380 625 515 750
514 500 650 625
517 875 657 1000
366 750 510 875
225 500 381 625
832 375 1000 500
515 625 678 750
207 625 380 750
191 750 366 875
0 750 191 875
0 625 207 750
293 875 517 1000
0 500 225 625
606 375 832 500
0 875 293 1000
375 375 606 500
664 125 950 250
651 250 995 375
0 375 375 500
0 250 651 375
0 125 664 250
0 0 955 125
996 375 1000 500
987 250 1000 375
972 0 1000 125
955 750 1000 875
951 875 1000 1000
943 625 1000 750
940 500 1000 625
879 625 943 750
867 500 940 625
875 875 951 1000
867 750 955 875
790 625 879 750
785 875 875 1000
590 500 682 625
682 500 774 625
774 500 867 625
584 625 678 750
756 750 867 875
678 625 790 750
463 625 584 750
463 500 590 625
657 875 785 1000
331 500 463 625
385 875 517 1000
330 625 463 750
853 250 987 375
837 0 972 125
621 750 756 875
517 875 657 1000
470 750 621 875
292 750 470 875
201 875 385 1000
0 875 201 1000
774 125 1000 250
0 750 292 875
676 375 996 500
0 625 330 750
0 500 331 625
341 375 676 500
0 375 341 500
448 250 853 375
0 250 448 375
0 125 774 250
0 0 837 125
998 250 1000 375
998 375 1000 500
986 375 998 500
980 0 1000 125
955 750 1000 875
951 875 1000 1000
949 125 1000 250
943 625 1000 750
940 500 1000 625
879 625 943 750
867 500 940 625
875 875 951 1000
867 750 955 875
790 625 879 750
785 875 875 1000
774 500 867 625
756 750 867 875
678 625 790 750
650 500 774 625
657 875 785 1000
621 750 756 875
514 500 650 625
517 875 657 1000
830 375 986 500
460 750 621 875
515 625 678 750
833 250 998 375
318 500 514 625
305 625 515 750
246 750 460 875
293 875 517 1000
0 875 293 1000
0 750 246 875
563 375 830 500
293 375 563 500
0 375 293 500
0 625 305 750
0 500 318 625
464 250 833 375
566 125 949 250
585 0 980 125
0 250 464 375
0 125 566 250
0 0 585 125
985 125 1000 250
980 250 1000 375
955 750 1000 875
951 875 1000 1000
734 875 785 1000
943 625 1000 750
940 500 1000 625
879 625 943 750
867 500 940 625
875 875 951 1000
649 875 734 1000
867 750 955 875
790 625 879 750
785 875 875 1000
774 500 867 625
756 750 867 875
678 625 790 750
537 875 649 1000
643 750 756 875
529 750 643 875
415 875 537 1000
650 500 774 625
404 750 529 875
388 625 515 750
384 500 514 625
514 500 650 625
234 500 384 625
225 625 388 750
515 625 678 750
215 750 404 875
803 375 1000 500
212 875 415 1000
0 875 212 1000
0 750 215 875
0 625 225 750
0 500 234 625
675 0 1000 125
640 125 985 250
429 375 803 500
0 375 429 500
501 250 980 375
0 250 501 375
0 125 640 250
0 0 675 125
