984 333 1000 666
976 666 1000 999
954 0 1000 333
930 666 976 999
866 666 930 999
801 666 866 999
716 666 801 999
886 333 984 666
589 666 716 999
0 666 136 999
442 666 589 999
136 666 284 999
737 333 886 666
284 666 442 999
574 333 737 666
406 333 574 666
219 333 406 666
0 333 219 666
724 0 954 333
457 0 724 333
0 0 457 333
990 0 1000 333
973 333 1000 666
976 666 1000 999
930 666 976 999
580 666 644 999
866 666 930 999
801 666 866 999
644 666 716 999
499 666 580 999
716 666 801 999
364 666 499 999
825 333 973 666
836 0 990 333
187 666 364 999
0 666 187 999
449 333 637 666
637 333 825 666
229 333 449 666
0 333 229 666
502 0 836 333
0 0 502 333
992 0 1000 333
976 666 1000 999
930 666 976 999
866 666 930 999
801 666 866 999
924 0 992 333
716 666 801 999
894 333 1000 666
589 666 716 999
148 666 292 999
442 666 589 999
0 666 148 999
745 333 894 666
595 333 745 666
292 666 442 999
417 333 595 666
236 333 417 666
0 333 236 666
672 0 924 333
364 0 672 333
0 0 364 333
998 0 1000 333
994 0 998 333
968 333 1000 666
976 666 1000 999
930 666 976 999
429 666 491 999
866 666 930 999
801 666 866 999
347 666 429 999
263 666 347 999
716 666 801 999
491 666 589 999
160 666 263 999
589 666 716 999
0 666 160 999
784 333 968 666
593 333 784 666
333 333 593 666
0 333 333 666
583 0 994 333
0 0 583 333
997 0 1000 333
990 333 1000 666
986 0 997 333
976 666 1000 999
944 333 990 666
930 666 976 999
866 666 930 999
801 666 866 999
716 666 801 999
373 666 472 999
267 666 373 999
472 666 589 999
143 666 267 999
589 666 716 999
0 666 143 999
771 333 944 666
806 0 986 333
502 333 771 666
509 0 806 333
0 333 502 666
0 0 509 333
976 666 1000 999
967 0 1000 333
930 666 976 999
678 666 726 999
629 666 678 999
579 666 629 999
528 666 579 999
866 666 930 999
801 666 866 999
726 666 801 999
439 666 528 999
335 666 439 999
206 666 335 999
834 0 967 333
0 666 206 999
793 333 1000 666
568 333 793 666
293 333 568 666
0 333 293 666
432 0 834 333
0 0 432 333
976 666 1000 999
930 666 976 999
570 666 619 999
506 666 570 999
866 666 930 999
801 666 866 999
432 666 506 999
354 666 432 999
716 666 801 999
619 666 716 999
891 333 1000 666
244 666 354 999
125 666 244 999
0 666 125 999
750 333 891 666
604 333 750 666
449 333 604 666
289 333 449 666
806 0 1000 333
0 333 289 666
0 0 806 333
993 0 1000 333
990 0 993 333
976 666 1000 999
716 666 761 999
761 666 806 999
930 666 976 999
657 666 716 999
806 666 866 999
866 666 930 999
921 333 1000 666
562 666 657 999
454 666 562 999
328 666 454 999
194 666 328 999
840 0 990 333
0 666 194 999
690 333 921 666
384 333 690 666
0 333 384 666
455 0 840 333
0 0 455 333
999 0 1000 333
976 666 1000 999
787 666 814 999
962 333 1000 666
748 666 787 999
957 0 999 333
930 666 976 999
914 333 962 666
814 666 866 999
866 666 930 999
642 666 748 999
513 666 642 999
356 666 513 999
183 666 356 999
0 666 183 999
730 333 914 666
540 333 730 666
315 333 540 666
0 333 315 666
568 0 957 333
0 0 568 333
997 0 1000 333
985 333 1000 666
976 666 1000 999
930 666 976 999
548 666 603 999
866 666 930 999
801 666 866 999
919 333 985 666
716 666 801 999
445 666 548 999
334 666 445 999
603 666 716 999
174 666 334 999
0 666 174 999
741 333 919 666
797 0 997 333
526 333 741 666
304 333 526 666
0 333 304 666
463 0 797 333
0 0 463 333
976 666 1000 999
967 0 1000 333
955 333 1000 666
930 666 976 999
866 666 930 999
801 666 866 999
716 666 801 999
261 666 348 999
348 666 442 999
589 666 716 999
132 666 261 999
0 666 132 999
442 666 589 999
797 333 955 666
632 333 797 666
456 333 632 666
268 333 456 666
769 0 967 333
0 333 268 666
397 0 769 333
0 0 397 333
992 0 1000 333
988 333 1000 666
976 666 1000 999
963 333 988 666
930 666 976 999
866 666 930 999
801 666 866 999
891 333 963 666
914 0 992 333
716 666 801 999
589 666 716 999
442 666 589 999
284 666 442 999
0 666 284 999
539 333 715 666
715 333 891 666
323 333 539 666
691 0 914 333
0 333 323 666
355 0 691 333
0 0 355 333
