994 0 1000 166
968 498 1000 664
966 830 1000 996
965 664 1000 830
924 664 965 830
922 830 966 996
918 498 968 664
943 166 1000 332
548 498 612 664
852 830 922 996
842 498 918 664
467 498 548 664
842 664 924 830
767 830 852 996
750 664 842 830
749 498 842 664
350 498 467 664
629 664 750 830
502 664 629 830
639 830 767 996
350 830 485 996
858 0 994 166
612 498 749 664
196 498 350 664
348 664 502 830
485 830 639 996
191 664 348 830
186 830 350 996
818 332 1000 498
0 830 186 996
0 664 191 830
0 498 196 664
620 332 818 498
734 166 943 332
323 332 620 498
0 332 323 498
374 166 734 332
0 166 374 332
0 0 858 166
997 0 1000 166
996 332 1000 498
984 166 1000 332
968 498 1000 664
966 830 1000 996
965 664 1000 830
961 0 997 166
924 664 965 830
922 830 966 996
918 498 968 664
942 332 996 498
852 830 922 996
842 498 918 664
842 664 924 830
767 830 852 996
750 664 842 830
749 498 842 664
629 664 750 830
639 830 767 996
602 498 749 664
478 664 629 830
485 830 639 996
780 332 942 498
609 332 780 498
436 332 609 498
429 498 602 664
0 664 478 830
800 166 984 332
0 498 218 664
0 830 485 996
218 498 429 664
0 332 218 498
218 332 436 498
548 166 800 332
287 166 548 332
0 166 287 332
660 0 961 166
336 0 660 166
0 0 336 166
995 0 996 166
996 0 1000 166
988 332 1000 498
968 498 1000 664
966 830 1000 996
965 664 1000 830
924 664 965 830
922 830 966 996
950 166 1000 332
918 498 968 664
932 332 988 498
934 0 995 166
852 830 922 996
842 498 918 664
842 664 924 830
767 830 852 996
750 664 842 830
749 498 842 664
629 664 750 830
639 830 767 996
602 498 749 664
478 664 629 830
485 830 639 996
760 332 932 498
429 498 602 664
577 332 760 498
0 664 478 830
388 332 577 498
197 332 388 498
0 332 197 498
0 830 485 996
0 498 429 664
727 166 950 332
490 166 727 332
249 166 490 332
0 166 249 332
644 0 934 166
333 0 644 166
0 0 333 166
996 0 1000 166
994 166 1000 332
985 332 1000 498
980 166 994 332
968 498 1000 664
966 830 1000 996
965 664 1000 830
924 664 965 830
922 830 966 996
918 498 968 664
913 166 980 332
852 830 922 996
842 498 918 664
842 664 924 830
767 830 852 996
750 664 842 830
749 498 842 664
629 664 750 830
639 830 767 996
602 498 749 664
478 664 629 830
485 830 639 996
429 498 602 664
295 664 478 830
240 498 429 664
789 332 985 498
288 830 485 996
0 830 288 996
0 664 295 830
0 498 240 664
754 0 996 166
534 332 789 498
0 332 267 498
267 332 534 498
612 166 913 332
307 166 612 332
0 166 307 332
383 0 754 166
0 0 383 166
993 332 1000 498
963 332 993 498
968 498 1000 664
966 830 1000 996
965 664 1000 830
924 664 965 830
922 830 966 996
949 0 1000 166
918 498 968 664
852 830 922 996
842 498 918 664
842 664 924 830
767 830 852 996
750 664 842 830
749 498 842 664
168 498 276 664
629 664 750 830
639 830 767 996
148 830 288 996
602 498 749 664
0 830 148 996
478 664 629 830
276 498 429 664
485 830 639 996
0 498 168 664
429 498 602 664
295 664 478 830
288 830 485 996
527 332 745 498
745 332 963 498
303 332 527 498
0 664 295 830
712 0 949 166
0 332 303 498
676 166 1000 332
339 166 676 332
0 166 339 332
364 0 712 166
0 0 364 166
996 166 997 332
997 166 1000 332
998 0 1000 166
987 332 1000 498
968 498 1000 664
966 830 1000 996
965 664 1000 830
924 664 965 830
922 830 966 996
918 498 968 664
947 0 998 166
852 830 922 996
920 166 996 332
842 498 918 664
842 664 924 830
767 830 852 996
750 664 842 830
749 498 842 664
323 498 429 664
212 498 323 664
629 664 750 830
639 830 767 996
602 498 749 664
478 664 629 830
485 830 639 996
429 498 602 664
808 332 987 498
295 664 478 830
288 830 485 996
0 498 212 664
0 830 288 996
0 664 295 830
550 332 808 498
285 332 550 498
0 332 285 498
575 166 920 332
593 0 947 166
0 166 575 332
0 0 593 166
997 166 1000 332
988 332 1000 498
974 0 1000 166
968 498 1000 664
966 830 1000 996
965 664 1000 830
924 664 965 830
922 830 966 996
918 498 968 664
852 830 922 996
842 498 918 664
842 664 924 830
767 830 852 996
750 664 842 830
749 498 842 664
629 664 750 830
639 830 767 996
602 498 749 664
840 332 988 498
478 664 629 830
843 166 997 332
485 830 639 996
429 498 602 664
295 664 478 830
0 498 218 664
643 332 840 498
288 830 485 996
439 332 643 498
218 498 429 664
221 332 439 498
0 332 221 498
0 830 288 996
0 664 295 830
605 166 843 332
327 166 605 332
691 0 974 166
0 166 327 332
350 0 691 166
0 0 350 166
999 0 1000 166
999 166 1000 332
997 166 999 332
990 0 999 166
984 332 1000 498
980 166 997 332
968 498 1000 664
956 0 990 166
966 830 1000 996
965 664 1000 830
924 664 965 830
922 830 966 996
918 498 968 664
852 830 922 996
842 498 918 664
842 664 924 830
767 830 852 996
750 664 842 830
749 498 842 664
629 664 750 830
639 830 767 996
602 498 749 664
478 664 629 830
485 830 639 996
828 332 984 498
429 498 602 664
295 664 478 830
288 830 485 996
0 498 429 664
762 166 980 332
0 830 288 996
0 664 295 830
565 332 828 498
289 332 565 498
0 332 289 498
443 166 762 332
613 0 956 166
0 166 443 332
0 0 613 166
992 166 1000 332
988 0 1000 166
968 498 1000 664
966 830 1000 996
965 664 1000 830
924 664 965 830
922 830 966 996
918 498 968 664
940 332 1000 498
852 830 922 996
473 830 547 996
842 498 918 664
842 664 924 830
767 830 852 996
750 664 842 830
547 830 639 996
749 498 842 664
378 830 473 996
629 664 750 830
342 498 464 664
639 830 767 996
205 498 342 664
341 664 478 830
464 498 602 664
202 664 341 830
602 498 749 664
478 664 629 830
820 166 992 332
190 830 378 996
0 830 190 996
0 664 202 830
735 332 940 498
0 498 205 664
517 332 735 498
523 166 820 332
668 0 988 166
0 332 517 498
0 166 523 332
0 0 668 166
999 166 1000 332
987 166 999 332
979 332 1000 498
968 498 1000 664
966 830 1000 996
965 664 1000 830
924 664 965 830
922 830 966 996
918 498 968 664
937 0 1000 166
852 830 922 996
842 498 918 664
842 664 924 830
767 830 852 996
750 664 842 830
749 498 842 664
209 498 315 664
315 498 429 664
629 664 750 830
639 830 767 996
602 498 749 664
478 664 629 830
485 830 639 996
830 166 987 332
429 498 602 664
295 664 478 830
288 830 485 996
0 498 209 664
755 332 979 498
0 830 288 996
0 664 295 830
506 332 755 498
254 332 506 498
0 332 254 498
566 166 830 332
293 166 566 332
0 166 293 332
624 0 937 166
0 0 624 166
998 332 1000 498
995 0 1000 166
968 498 1000 664
966 830 1000 996
965 664 1000 830
924 664 965 830
922 830 966 996
918 498 968 664
569 664 629 830
931 0 995 166
852 830 922 996
842 498 918 664
842 664 924 830
767 830 852 996
750 664 842 830
749 498 842 664
563 830 656 996
470 664 569 830
499 498 602 664
456 830 563 996
656 830 767 996
378 498 499 664
629 664 750 830
348 664 470 830
312 830 456 996
232 498 378 664
602 498 749 664
196 664 348 830
0 830 156 996
156 830 312 996
0 664 196 830
792 332 998 498
0 498 232 664
504 332 792 498
568 0 931 166
541 166 1000 332
0 332 504 498
0 166 541 332
0 0 568 166
998 166 1000 332
987 166 998 332
987 0 1000 166
974 332 1000 498
968 498 1000 664
966 830 1000 996
965 664 1000 830
924 664 965 830
922 830 966 996
918 498 968 664
588 498 640 664
585 664 642 830
922 166 987 332
852 830 922 996
842 498 918 664
842 664 924 830
767 830 852 996
750 664 842 830
749 498 842 664
874 332 974 498
642 664 750 830
640 498 749 664
639 830 767 996
447 498 588 664
431 664 585 830
485 830 639 996
281 498 447 664
255 664 431 830
288 830 485 996
0 830 288 996
0 664 255 830
0 498 281 664
585 332 874 498
293 332 585 498
0 332 293 498
591 0 987 166
471 166 922 332
0 166 471 332
0 0 591 166
972 166 1000 332
968 498 1000 664
966 830 1000 996
965 664 1000 830
924 664 965 830
956 332 1000 498
922 830 966 996
918 498 968 664
931 0 1000 166
852 830 922 996
842 498 918 664
842 664 924 830
767 830 852 996
750 664 842 830
749 498 842 664
185 498 302 664
629 664 750 830
181 664 304 830
302 498 429 664
639 830 767 996
151 830 291 996
602 498 749 664
478 664 629 830
0 830 151 996
485 830 639 996
429 498 602 664
304 664 478 830
0 664 181 830
0 498 185 664
291 830 485 996
757 332 956 498
543 332 757 498
303 332 543 498
721 166 972 332
0 332 303 498
386 166 721 332
0 166 386 332
512 0 931 166
0 0 512 166
991 166 1000 332
994 0 1000 166
968 498 1000 664
966 830 1000 996
965 664 1000 830
924 664 965 830
922 830 966 996
918 498 968 664
852 830 922 996
842 498 918 664
842 664 924 830
767 830 852 996
750 664 842 830
749 498 842 664
508 498 602 664
388 498 508 664
629 664 750 830
386 830 511 996
503 664 629 830
375 664 503 830
511 830 639 996
639 830 767 996
861 0 994 166
248 498 388 664
602 498 749 664
227 664 375 830
827 332 1000 498
202 830 386 996
0 830 202 996
0 664 227 830
757 166 991 332
0 498 248 664
578 332 827 498
301 332 578 498
0 332 301 498
379 166 757 332
0 166 379 332
480 0 861 166
0 0 480 166
997 0 1000 166
993 166 1000 332
970 332 1000 498
968 498 1000 664
966 830 1000 996
965 664 1000 830
924 664 965 830
922 830 966 996
918 498 968 664
852 830 922 996
842 498 918 664
919 0 997 166
842 664 924 830
767 830 852 996
750 664 842 830
749 498 842 664
629 664 750 830
639 830 767 996
163 664 298 830
602 498 749 664
478 664 629 830
485 830 639 996
0 664 163 830
429 498 602 664
795 332 970 498
615 332 795 498
298 664 478 830
420 332 615 498
0 498 218 664
288 830 485 996
0 332 210 498
210 332 420 498
218 498 429 664
0 830 288 996
685 166 993 332
353 166 685 332
0 166 353 332
501 0 919 166
0 0 501 166
997 0 998 166
998 0 1000 166
968 498 1000 664
965 332 1000 498
966 830 1000 996
965 664 1000 830
924 664 965 830
922 830 966 996
918 498 968 664
852 830 922 996
842 498 918 664
842 664 924 830
767 830 852 996
750 664 842 830
749 498 842 664
878 166 1000 332
629 664 750 830
639 830 767 996
836 332 965 498
864 0 997 166
602 498 749 664
478 664 629 830
485 830 639 996
429 498 602 664
295 664 478 830
0 498 218 664
288 830 485 996
637 332 836 498
429 332 637 498
218 332 429 498
218 498 429 664
0 332 218 498
0 830 288 996
0 664 295 830
630 166 878 332
364 166 630 332
0 166 364 332
487 0 864 166
0 0 487 166
994 0 1000 166
968 498 1000 664
966 830 1000 996
965 664 1000 830
924 664 965 830
922 830 966 996
918 498 968 664
852 830 922 996
925 332 1000 498
842 498 918 664
158 498 239 664
842 664 924 830
767 830 852 996
905 0 994 166
750 664 842 830
749 498 842 664
629 664 750 830
639 830 767 996
154 664 295 830
0 830 143 996
143 830 288 996
602 498 749 664
478 664 629 830
0 664 154 830
485 830 639 996
0 498 158 664
429 498 602 664
823 166 1000 332
295 664 478 830
239 498 429 664
288 830 485 996
709 332 925 498
480 332 709 498
244 332 480 498
0 332 244 498
412 166 823 332
0 166 412 332
488 0 905 166
0 0 488 166
982 332 1000 498
968 498 1000 664
966 830 1000 996
965 664 1000 830
924 664 965 830
922 830 966 996
950 166 1000 332
952 0 1000 166
918 498 968 664
852 830 922 996
842 498 918 664
842 664 924 830
767 830 852 996
750 664 842 830
749 498 842 664
873 332 982 498
629 664 750 830
639 830 767 996
602 498 749 664
330 664 478 830
478 664 629 830
333 830 485 996
485 830 639 996
171 664 330 830
169 830 333 996
0 830 169 996
0 664 171 830
429 498 602 664
0 498 218 664
667 332 873 498
218 498 429 664
452 332 667 498
230 332 452 498
0 332 230 498
698 166 950 332
407 166 698 332
0 166 407 332
527 0 952 166
0 0 527 166
997 332 1000 498
993 0 1000 166
968 498 1000 664
966 830 1000 996
965 664 1000 830
924 664 965 830
922 830 966 996
918 498 968 664
932 332 997 498
852 830 922 996
842 498 918 664
842 664 924 830
767 830 852 996
750 664 842 830
749 498 842 664
629 664 750 830
873 166 1000 332
639 830 767 996
856 0 993 166
602 498 749 664
784 332 932 498
478 664 629 830
485 830 639 996
429 498 602 664
608 332 784 498
427 332 608 498
295 664 478 830
240 332 427 498
0 498 218 664
288 830 485 996
218 498 429 664
0 830 288 996
0 664 295 830
0 332 240 498
626 166 873 332
373 166 626 332
0 166 373 332
443 0 856 166
0 0 443 166
974 166 1000 332
968 498 1000 664
966 830 1000 996
965 664 1000 830
924 664 965 830
922 830 966 996
918 498 968 664
601 830 666 996
852 830 922 996
842 498 918 664
842 664 924 830
767 830 852 996
513 830 601 996
750 664 842 830
749 498 842 664
666 830 767 996
504 498 608 664
374 664 492 830
629 664 750 830
372 498 504 664
492 664 629 830
856 332 1000 498
608 498 749 664
360 830 513 996
843 0 1000 166
211 498 372 664
201 664 374 830
181 830 360 996
0 830 181 996
0 664 201 830
0 498 211 664
755 166 974 332
580 332 856 498
298 332 580 498
0 332 298 498
385 166 755 332
0 166 385 332
424 0 843 166
0 0 424 166
978 166 1000 332
968 498 1000 664
966 830 1000 996
965 664 1000 830
924 664 965 830
922 830 966 996
918 498 968 664
852 830 922 996
842 498 918 664
842 664 924 830
767 830 852 996
750 664 842 830
749 498 842 664
135 498 243 664
629 664 750 830
0 830 127 996
639 830 767 996
871 0 1000 166
0 664 132 830
0 498 135 664
852 332 1000 498
602 498 749 664
478 664 629 830
485 830 639 996
127 830 288 996
132 664 295 830
685 332 852 498
429 498 602 664
802 166 978 332
295 664 478 830
243 498 429 664
288 830 485 996
461 332 685 498
233 332 461 498
0 332 233 498
547 166 802 332
611 0 871 166
0 166 547 332
0 0 611 166
998 166 999 332
999 166 1000 332
993 332 1000 498
987 332 993 498
968 498 1000 664
966 0 1000 166
966 830 1000 996
965 664 1000 830
924 664 965 830
922 830 966 996
918 498 968 664
852 830 922 996
842 498 918 664
842 664 924 830
767 830 852 996
750 664 842 830
749 498 842 664
522 830 639 996
629 664 750 830
639 830 767 996
390 830 522 996
602 498 749 664
478 664 629 830
821 332 987 498
429 498 602 664
295 664 478 830
245 498 429 664
204 830 390 996
0 830 204 996
775 166 998 332
0 664 295 830
0 498 245 664
571 332 821 498
294 332 571 498
0 332 294 498
446 166 775 332
0 166 446 332
511 0 966 166
0 0 511 166
989 332 1000 498
969 0 1000 166
968 498 1000 664
966 830 1000 996
965 664 1000 830
960 166 1000 332
924 664 965 830
922 830 966 996
918 498 968 664
852 830 922 996
842 498 918 664
842 664 924 830
767 830 852 996
750 664 842 830
749 498 842 664
629 664 750 830
333 498 458 664
639 830 767 996
202 498 333 664
458 498 602 664
602 498 749 664
184 664 331 830
331 664 478 830
478 664 629 830
485 830 639 996
161 830 316 996
0 830 161 996
316 830 485 996
0 664 184 830
787 332 989 498
0 498 202 664
543 332 787 498
273 332 543 498
0 332 273 498
677 166 960 332
387 166 677 332
0 166 387 332
546 0 969 166
0 0 546 166
