998 0 1000 333
995 0 998 333
979 333 1000 666
968 666 1000 999
926 0 995 333
890 666 968 999
797 666 890 999
687 666 797 999
576 666 687 999
864 333 979 666
461 666 576 999
0 666 461 999
739 333 864 666
606 333 739 666
467 333 606 666
288 333 467 666
0 333 288 666
625 0 926 333
323 0 625 333
0 0 323 333
997 0 1000 333
975 0 997 333
968 666 1000 999
918 333 1000 666
890 666 968 999
797 666 890 999
687 666 797 999
576 666 687 999
461 666 576 999
0 666 461 999
788 333 918 666
653 333 788 666
514 333 653 666
358 333 514 666
184 333 358 666
0 333 184 666
761 0 975 333
541 0 761 333
317 0 541 333
0 0 317 333
999 0 1000 333
994 333 1000 666
968 666 1000 999
934 333 994 666
890 666 968 999
845 333 934 666
797 666 890 999
750 333 845 666
687 666 797 999
576 666 687 999
461 666 576 999
0 666 461 999
874 0 999 333
610 333 750 666
421 333 610 666
221 333 421 666
0 333 221 666
651 0 874 333
365 0 651 333
0 0 365 333
994 0 1000 333
967 0 994 333
968 666 1000 999
935 333 1000 666
890 666 968 999
797 666 890 999
687 666 797 999
576 666 687 999
230 666 343 999
461 666 576 999
343 666 461 999
0 666 230 999
798 333 935 666
649 333 798 666
481 333 649 666
297 333 481 666
728 0 967 333
0 333 297 666
400 0 728 333
0 0 400 333
996 0 997 333
997 0 1000 333
991 333 1000 666
968 666 1000 999
938 333 991 666
890 666 968 999
797 666 890 999
687 666 797 999
576 666 687 999
0 666 343 999
461 666 576 999
343 666 461 999
785 333 938 666
623 333 785 666
429 333 623 666
229 333 429 666
0 333 229 666
704 0 996 333
396 0 704 333
0 0 396 333
968 666 1000 999
932 333 1000 666
864 333 932 666
790 333 864 666
890 666 968 999
622 333 706 666
706 333 790 666
797 666 890 999
527 333 622 666
427 333 527 666
687 666 797 999
576 666 687 999
0 666 576 999
287 333 427 666
145 333 287 666
0 333 145 666
849 0 1000 333
608 0 849 333
331 0 608 333
0 0 331 333
562 666 588 999
968 666 1000 999
529 666 562 999
484 666 529 999
438 666 484 999
939 333 1000 666
931 0 1000 333
890 666 968 999
797 666 890 999
588 666 687 999
687 666 797 999
311 666 438 999
157 666 311 999
0 666 157 999
777 333 939 666
575 333 777 666
357 333 575 666
0 333 357 666
561 0 931 333
0 0 561 333
990 0 1000 333
975 333 1000 666
968 666 1000 999
936 0 990 333
890 666 968 999
797 666 890 999
879 333 975 666
687 666 797 999
576 666 687 999
767 333 879 666
0 666 343 999
653 333 767 666
461 666 576 999
343 666 461 999
447 333 653 666
226 333 447 666
0 333 226 666
700 0 936 333
433 0 700 333
0 0 433 333
986 333 1000 666
982 0 1000 333
968 666 1000 999
399 666 464 999
332 666 399 999
256 666 332 999
890 666 968 999
176 666 256 999
797 666 890 999
889 333 986 666
687 666 797 999
576 666 687 999
464 666 576 999
830 0 982 333
0 666 176 999
705 333 889 666
481 333 705 666
242 333 481 666
0 333 242 666
0 0 830 333
998 0 1000 333
993 0 998 333
981 0 993 333
974 333 1000 666
952 333 974 666
952 0 981 333
968 666 1000 999
890 666 968 999
797 666 890 999
855 333 952 666
757 333 855 666
651 333 757 666
687 666 797 999
0 666 687 999
445 333 651 666
223 333 445 666
0 333 223 666
693 0 952 333
368 0 693 333
0 0 368 333
982 333 1000 666
983 0 1000 333
968 666 1000 999
932 333 982 666
890 666 968 999
797 666 890 999
687 666 797 999
576 666 687 999
0 666 113 999
230 666 343 999
461 666 576 999
113 666 230 999
343 666 461 999
807 333 932 666
680 333 807 666
499 333 680 666
798 0 983 333
601 0 798 333
0 333 499 666
0 0 601 333
982 0 1000 333
968 666 1000 999
388 666 463 999
312 666 388 999
235 666 312 999
890 666 968 999
144 666 235 999
797 666 890 999
687 666 797 999
576 666 687 999
463 666 576 999
0 666 144 999
855 333 1000 666
706 333 855 666
549 333 706 666
821 0 982 333
292 333 549 666
0 333 292 666
417 0 821 333
0 0 417 333
968 666 1000 999
941 333 1000 666
941 0 1000 333
890 666 968 999
797 666 890 999
265 666 363 999
363 666 461 999
687 666 797 999
576 666 687 999
461 666 576 999
146 666 265 999
0 666 146 999
778 333 941 666
613 333 778 666
421 333 613 666
227 333 421 666
0 333 227 666
700 0 941 333
382 0 700 333
0 0 382 333
997 333 1000 666
982 0 1000 333
966 333 997 666
968 666 1000 999
930 333 966 666
943 0 982 333
890 666 968 999
797 666 890 999
687 666 797 999
576 666 687 999
0 666 576 999
810 333 930 666
684 333 810 666
535 333 684 666
384 333 535 666
196 333 384 666
0 333 196 666
735 0 943 333
396 0 735 333
0 0 396 333
968 666 1000 999
956 0 1000 333
921 333 1000 666
849 333 921 666
890 666 968 999
770 333 849 666
688 333 770 666
797 666 890 999
687 666 797 999
576 666 687 999
575 333 688 666
460 333 575 666
0 666 576 999
323 333 460 666
163 333 323 666
0 333 163 666
788 0 956 333
619 0 788 333
427 0 619 333
0 0 427 333
998 0 1000 333
994 0 998 333
961 333 1000 666
968 666 1000 999
952 0 994 333
890 666 968 999
797 666 890 999
687 666 797 999
576 666 687 999
461 666 576 999
0 666 461 999
827 333 961 666
689 333 827 666
813 0 952 333
480 333 689 666
248 333 480 666
0 333 248 666
559 0 813 333
302 0 559 333
0 0 302 333
979 0 1000 333
968 666 1000 999
947 333 1000 666
877 333 947 666
890 666 968 999
797 666 890 999
782 333 877 666
682 333 782 666
687 666 797 999
576 666 687 999
569 333 682 666
0 666 576 999
452 333 569 666
329 333 452 666
192 333 329 666
818 0 979 333
0 333 192 666
613 0 818 333
375 0 613 333
0 0 375 333
998 0 1000 333
975 333 1000 666
972 0 998 333
968 666 1000 999
928 333 975 666
877 333 928 666
807 333 877 666
890 666 968 999
797 666 890 999
687 666 797 999
576 666 687 999
461 666 576 999
0 666 461 999
680 333 807 666
511 333 680 666
302 333 511 666
717 0 972 333
0 333 302 666
360 0 717 333
0 0 360 333
980 333 1000 666
968 666 1000 999
890 666 968 999
797 666 890 999
897 0 1000 333
687 666 797 999
576 666 687 999
230 666 343 999
461 666 576 999
343 666 461 999
851 333 980 666
0 666 230 999
708 333 851 666
558 333 708 666
398 333 558 666
217 333 398 666
0 333 217 666
653 0 897 333
395 0 653 333
0 0 395 333
995 0 1000 333
983 0 995 333
974 333 1000 666
968 666 1000 999
922 333 974 666
864 333 922 666
795 333 864 666
911 0 983 333
890 666 968 999
797 666 890 999
687 666 797 999
0 666 687 999
681 333 795 666
544 333 681 666
398 333 544 666
220 333 398 666
0 333 220 666
667 0 911 333
400 0 667 333
0 0 400 333
992 333 1000 666
965 333 992 666
968 666 1000 999
939 0 1000 333
890 666 968 999
879 333 965 666
788 333 879 666
797 666 890 999
691 333 788 666
687 666 797 999
576 666 687 999
0 666 343 999
461 666 576 999
343 666 461 999
563 333 691 666
415 333 563 666
233 333 415 666
0 333 233 666
628 0 939 333
0 0 628 333
