995 166 1000 332
960 830 1000 996
949 498 1000 664
947 0 1000 166
937 664 1000 830
885 498 949 664
891 830 960 996
907 166 995 332
795 498 885 664
799 830 891 996
841 664 937 830
736 664 841 830
679 830 799 996
673 498 795 664
613 664 736 830
867 332 1000 498
468 664 613 830
523 830 679 996
515 498 673 664
707 332 867 498
538 332 707 498
346 498 515 664
366 332 538 498
188 332 366 498
0 332 188 498
280 664 468 830
323 830 523 996
731 0 947 166
0 830 323 996
0 664 280 830
617 166 907 332
316 166 617 332
0 498 346 664
0 166 316 332
390 0 731 166
0 0 390 166
994 0 1000 166
954 0 994 166
960 830 1000 996
949 166 1000 332
949 498 1000 664
937 664 1000 830
885 498 949 664
891 830 960 996
795 498 885 664
799 830 891 996
841 664 937 830
736 664 841 830
891 332 1000 498
679 830 799 996
673 498 795 664
613 664 736 830
468 664 613 830
523 830 679 996
515 498 673 664
732 332 891 498
566 332 732 498
346 498 515 664
382 332 566 498
197 332 382 498
0 664 468 830
0 332 197 498
750 166 949 332
323 830 523 996
0 830 323 996
300 166 525 332
525 166 750 332
722 0 954 166
0 166 300 332
0 498 346 664
401 0 722 166
0 0 401 166
999 166 1000 332
996 166 999 332
960 830 1000 996
949 498 1000 664
942 166 996 332
937 664 1000 830
885 498 949 664
891 830 960 996
795 498 885 664
799 830 891 996
841 664 937 830
736 664 841 830
679 830 799 996
878 0 1000 166
673 498 795 664
613 664 736 830
862 332 1000 498
468 664 613 830
0 498 148 664
523 830 679 996
515 498 673 664
346 498 515 664
681 332 862 498
499 332 681 498
280 664 468 830
148 498 346 664
323 830 523 996
298 332 499 498
0 830 323 996
721 166 942 332
0 664 280 830
0 332 298 498
412 166 721 332
0 166 412 332
462 0 878 166
0 0 462 166
998 0 1000 166
988 332 1000 498
990 0 998 166
960 830 1000 996
949 498 1000 664
930 332 988 498
937 664 1000 830
885 498 949 664
891 830 960 996
795 498 885 664
799 830 891 996
841 664 937 830
736 664 841 830
887 166 1000 332
679 830 799 996
673 498 795 664
613 664 736 830
468 664 613 830
523 830 679 996
515 498 673 664
828 0 990 166
346 498 515 664
280 664 468 830
736 332 930 498
323 830 523 996
0 830 323 996
506 332 736 498
268 332 506 498
0 664 280 830
0 332 268 498
615 166 887 332
0 498 346 664
312 166 615 332
0 166 312 332
474 0 828 166
0 0 474 166
995 0 1000 166
984 332 1000 498
969 332 984 498
960 830 1000 996
949 0 995 166
949 498 1000 664
937 664 1000 830
885 498 949 664
891 830 960 996
913 166 1000 332
795 498 885 664
799 830 891 996
841 664 937 830
736 664 841 830
679 830 799 996
673 498 795 664
613 664 736 830
174 664 306 830
468 664 613 830
0 830 151 996
523 830 679 996
515 498 673 664
306 664 468 830
182 498 346 664
346 498 515 664
151 830 323 996
0 664 174 830
0 498 182 664
323 830 523 996
748 332 969 498
520 332 748 498
521 166 913 332
526 0 949 166
0 332 520 498
0 166 521 332
0 0 526 166
997 0 1000 166
990 166 1000 332
979 0 997 166
960 830 1000 996
949 332 1000 498
949 498 1000 664
937 664 1000 830
885 498 949 664
891 830 960 996
795 498 885 664
799 830 891 996
841 664 937 830
736 664 841 830
679 830 799 996
673 498 795 664
613 664 736 830
0 830 133 996
808 332 949 498
468 664 613 830
825 0 979 166
523 830 679 996
515 498 673 664
346 498 515 664
280 664 468 830
133 830 323 996
323 830 523 996
575 332 808 498
0 664 280 830
296 332 575 498
0 332 296 498
693 166 990 332
0 498 346 664
350 166 693 332
0 166 350 332
428 0 825 166
0 0 428 166
978 166 1000 332
960 830 1000 996
949 498 1000 664
604 664 661 830
937 664 1000 830
885 498 949 664
891 830 960 996
925 332 1000 498
661 664 736 830
603 830 679 996
525 830 603 996
525 664 604 830
499 498 584 664
584 498 673 664
795 498 885 664
799 830 891 996
841 664 937 830
401 498 499 664
736 664 841 830
679 830 799 996
673 498 795 664
393 664 525 830
389 830 525 996
249 498 401 664
234 664 393 830
206 830 389 996
0 830 206 996
0 664 234 830
0 498 249 664
643 332 925 498
358 332 643 498
645 0 1000 166
0 332 358 498
595 166 978 332
0 166 595 332
0 0 645 166
990 166 1000 332
975 332 1000 498
972 0 1000 166
960 830 1000 996
949 498 1000 664
937 664 1000 830
885 498 949 664
891 830 960 996
795 498 885 664
799 830 891 996
841 664 937 830
736 664 841 830
749 332 862 498
862 332 975 498
875 166 990 332
679 830 799 996
673 498 795 664
613 664 736 830
611 332 749 498
471 332 611 498
0 664 613 830
325 332 471 498
173 332 325 498
523 830 679 996
515 498 673 664
0 498 515 664
0 332 173 498
696 166 875 332
497 166 696 332
323 830 523 996
295 166 497 332
0 830 323 996
0 166 295 332
657 0 972 166
329 0 657 166
0 0 329 166
985 332 1000 498
960 830 1000 996
949 498 1000 664
942 0 1000 166
937 664 1000 830
885 498 949 664
891 830 960 996
910 166 1000 332
795 498 885 664
799 830 891 996
841 664 937 830
736 664 841 830
0 830 117 996
679 830 799 996
863 332 985 498
673 498 795 664
613 664 736 830
153 664 280 830
468 664 613 830
0 664 153 830
523 830 679 996
0 498 158 664
515 498 673 664
346 498 515 664
158 498 346 664
280 664 468 830
323 830 523 996
117 830 323 996
656 332 863 498
446 332 656 498
231 332 446 498
0 332 231 498
649 0 942 166
477 166 910 332
0 166 477 332
0 0 649 166
999 166 1000 332
960 830 1000 996
951 166 999 332
949 498 1000 664
937 664 1000 830
885 498 949 664
891 830 960 996
915 0 1000 166
795 498 885 664
799 830 891 996
841 664 937 830
736 664 841 830
679 830 799 996
228 498 350 664
673 498 795 664
613 664 736 830
339 664 468 830
866 332 1000 498
197 664 339 830
468 664 613 830
186 830 332 996
523 830 679 996
515 498 673 664
350 498 515 664
0 830 186 996
332 830 523 996
0 664 197 830
0 498 228 664
637 332 866 498
701 166 951 332
336 332 637 498
0 332 336 498
364 166 701 332
0 166 364 332
516 0 915 166
0 0 516 166
996 0 1000 166
994 166 1000 332
988 0 996 166
979 0 988 166
960 830 1000 996
949 498 1000 664
937 664 1000 830
885 498 949 664
891 830 960 996
919 166 994 332
795 498 885 664
799 830 891 996
841 664 937 830
736 664 841 830
885 332 1000 498
679 830 799 996
673 498 795 664
613 664 736 830
468 664 613 830
523 830 679 996
515 498 673 664
813 0 979 166
346 498 515 664
280 664 468 830
323 830 523 996
0 830 323 996
0 664 280 830
593 332 885 498
297 332 593 498
0 332 297 498
621 166 919 332
0 498 346 664
318 166 621 332
0 166 318 332
450 0 813 166
0 0 450 166
996 332 1000 498
976 332 996 498
960 830 1000 996
949 498 1000 664
937 664 1000 830
885 498 949 664
891 830 960 996
795 498 885 664
799 830 891 996
841 664 937 830
736 664 841 830
883 0 1000 166
679 830 799 996
673 498 795 664
613 664 736 830
151 664 281 830
468 664 613 830
0 830 149 996
0 664 151 830
523 830 679 996
515 498 673 664
812 332 976 498
346 498 515 664
642 332 812 498
149 830 323 996
281 664 468 830
323 830 523 996
439 332 642 498
794 166 1000 332
225 332 439 498
0 332 225 498
537 166 794 332
271 166 537 332
0 166 271 332
0 498 346 664
0 0 883 166
960 830 1000 996
949 498 1000 664
937 664 1000 830
885 498 949 664
932 0 1000 166
891 830 960 996
914 166 1000 332
795 498 885 664
799 830 891 996
841 664 937 830
736 664 841 830
679 830 799 996
673 498 795 664
871 332 1000 498
613 664 736 830
0 830 138 996
468 664 613 830
0 498 153 664
523 830 679 996
713 332 871 498
515 498 673 664
548 332 713 498
380 332 548 498
346 498 515 664
210 332 380 498
138 830 323 996
280 664 468 830
153 498 346 664
323 830 523 996
0 332 210 498
663 166 914 332
0 664 280 830
385 166 663 332
0 166 385 332
470 0 932 166
0 0 470 166
996 0 998 166
998 0 1000 166
992 332 1000 498
986 0 996 166
974 0 986 166
960 830 1000 996
949 498 1000 664
937 664 1000 830
885 498 949 664
891 830 960 996
795 498 885 664
799 830 891 996
841 664 937 830
736 664 841 830
882 332 992 498
679 830 799 996
673 498 795 664
613 664 736 830
468 664 613 830
734 332 882 498
523 830 679 996
515 498 673 664
575 332 734 498
0 498 515 664
823 166 1000 332
391 332 575 498
0 664 468 830
200 332 391 498
0 332 200 498
323 830 523 996
616 166 823 332
0 830 323 996
346 166 616 332
677 0 974 166
0 166 346 332
0 0 677 166
997 166 1000 332
995 166 997 332
978 166 995 332
960 830 1000 996
949 498 1000 664
923 166 978 332
937 664 1000 830
885 498 949 664
891 830 960 996
914 332 1000 498
795 498 885 664
799 830 891 996
841 664 937 830
736 664 841 830
679 830 799 996
673 498 795 664
613 664 736 830
468 664 613 830
523 830 679 996
515 498 673 664
346 498 515 664
280 664 468 830
323 830 523 996
798 0 1000 166
710 332 914 498
0 830 323 996
484 332 710 498
245 332 484 498
0 332 245 498
0 664 280 830
663 166 923 332
362 166 663 332
0 498 346 664
0 166 362 332
430 0 798 166
0 0 430 166
989 0 1000 166
978 166 1000 332
962 332 1000 498
960 830 1000 996
949 498 1000 664
937 664 1000 830
885 498 949 664
891 830 960 996
795 498 885 664
799 830 891 996
841 664 937 830
736 664 841 830
679 830 799 996
868 0 989 166
673 498 795 664
613 664 736 830
468 664 613 830
523 830 679 996
515 498 673 664
346 498 515 664
792 332 962 498
616 332 792 498
280 664 468 830
416 332 616 498
323 830 523 996
0 332 208 498
208 332 416 498
0 830 323 996
745 166 978 332
508 166 745 332
267 166 508 332
0 664 280 830
0 166 267 332
575 0 868 166
0 498 346 664
0 0 575 166
996 0 1000 166
970 332 1000 498
960 830 1000 996
949 498 1000 664
937 664 1000 830
885 498 949 664
891 830 960 996
795 498 885 664
799 830 891 996
841 664 937 830
736 664 841 830
881 0 996 166
679 830 799 996
673 498 795 664
613 664 736 830
338 664 468 830
219 498 358 664
199 664 338 830
468 664 613 830
369 830 523 996
523 830 679 996
358 498 515 664
515 498 673 664
186 830 369 996
0 830 186 996
0 664 199 830
784 166 1000 332
0 498 219 664
524 332 747 498
747 332 970 498
270 332 524 498
0 332 270 498
472 166 784 332
531 0 881 166
0 166 472 332
0 0 531 166
998 0 1000 166
994 166 1000 332
994 0 998 166
990 166 994 332
960 830 1000 996
949 498 1000 664
937 664 1000 830
885 498 949 664
891 830 960 996
917 332 1000 498
795 498 885 664
799 830 891 996
841 664 937 830
736 664 841 830
679 830 799 996
673 498 795 664
613 664 736 830
0 664 613 830
770 332 917 498
621 332 770 498
840 0 994 166
523 830 679 996
515 498 673 664
346 498 515 664
431 332 621 498
323 830 523 996
217 332 431 498
0 332 217 498
0 830 323 996
764 166 990 332
523 166 764 332
264 166 523 332
0 166 264 332
0 498 346 664
532 0 840 166
0 0 532 166
995 0 1000 166
989 166 1000 332
987 332 1000 498
960 830 1000 996
949 498 1000 664
937 664 1000 830
885 498 949 664
891 830 960 996
917 0 995 166
795 498 885 664
799 830 891 996
841 664 937 830
736 664 841 830
679 830 799 996
868 166 989 332
673 498 795 664
613 664 736 830
468 664 613 830
841 332 987 498
523 830 679 996
515 498 673 664
346 498 515 664
655 332 841 498
280 664 468 830
323 830 523 996
441 332 655 498
0 830 323 996
221 332 441 498
0 332 221 498
629 166 868 332
0 664 280 830
364 166 629 332
0 498 346 664
0 166 364 332
527 0 917 166
0 0 527 166
978 0 1000 166
960 830 1000 996
949 498 1000 664
455 664 508 830
938 166 1000 332
937 664 1000 830
885 498 949 664
891 830 960 996
385 664 455 830
440 498 515 664
356 498 440 664
307 830 396 996
795 498 885 664
799 830 891 996
841 664 937 830
256 498 356 664
508 664 613 830
736 664 841 830
679 830 799 996
673 498 795 664
613 664 736 830
396 830 523 996
244 664 385 830
166 830 307 996
523 830 679 996
515 498 673 664
0 830 166 996
801 0 978 166
770 332 1000 498
0 664 244 830
0 498 256 664
498 332 770 498
643 166 938 332
0 332 498 498
0 166 643 332
0 0 801 166
996 166 1000 332
977 166 996 332
960 830 1000 996
949 498 1000 664
937 664 1000 830
885 498 949 664
891 830 960 996
795 498 885 664
799 830 891 996
841 664 937 830
363 664 468 830
736 664 841 830
417 830 523 996
236 498 351 664
679 830 799 996
673 498 795 664
613 664 736 830
869 0 1000 166
224 664 363 830
857 332 1000 498
832 166 977 332
468 664 613 830
523 830 679 996
515 498 673 664
351 498 515 664
212 830 417 996
0 830 212 996
0 664 224 830
0 498 236 664
604 332 857 498
336 332 604 498
0 332 336 498
494 166 832 332
507 0 869 166
0 166 494 332
0 0 507 166
999 0 1000 166
988 166 1000 332
970 332 1000 498
975 0 999 166
960 830 1000 996
949 498 1000 664
937 664 1000 830
885 498 949 664
891 830 960 996
795 498 885 664
799 830 891 996
841 664 937 830
736 664 841 830
357 664 471 830
251 498 370 664
679 830 799 996
673 498 795 664
613 664 736 830
230 664 357 830
471 664 613 830
845 166 988 332
370 498 515 664
175 830 323 996
523 830 679 996
515 498 673 664
0 830 175 996
323 830 523 996
0 664 230 830
0 498 251 664
692 332 970 498
378 332 692 498
0 332 378 498
440 166 845 332
0 166 440 332
524 0 975 166
0 0 524 166
994 0 1000 166
960 830 1000 996
949 498 1000 664
937 664 1000 830
885 498 949 664
891 830 960 996
601 498 673 664
519 498 601 664
904 332 1000 498
795 498 885 664
799 830 891 996
841 664 937 830
896 0 994 166
736 664 841 830
510 664 619 830
402 498 519 664
619 664 736 830
679 830 799 996
673 498 795 664
387 664 510 830
531 830 679 996
381 830 531 996
250 498 402 664
203 664 387 830
194 830 381 996
0 830 194 996
0 664 203 830
0 498 250 664
627 332 904 498
719 166 1000 332
319 332 627 498
0 332 319 498
391 166 719 332
0 166 391 332
470 0 896 166
0 0 470 166
997 0 1000 166
993 166 1000 332
960 830 1000 996
947 166 993 332
949 498 1000 664
937 664 1000 830
885 498 949 664
928 332 1000 498
891 830 960 996
795 498 885 664
799 830 891 996
841 664 937 830
736 664 841 830
679 830 799 996
673 498 795 664
613 664 736 830
0 664 139 830
139 664 280 830
468 664 613 830
523 830 679 996
515 498 673 664
766 332 928 498
346 498 515 664
819 0 997 166
280 664 468 830
323 830 523 996
558 332 766 498
0 830 323 996
293 332 558 498
0 332 293 498
0 498 346 664
642 166 947 332
332 166 642 332
0 166 332 332
445 0 819 166
0 0 445 166
996 332 1000 498
991 332 996 498
991 0 1000 166
987 166 1000 332
960 830 1000 996
949 0 991 166
949 498 1000 664
937 664 1000 830
885 498 949 664
891 830 960 996
795 498 885 664
799 830 891 996
841 664 937 830
736 664 841 830
679 830 799 996
673 498 795 664
613 664 736 830
0 830 139 996
468 664 613 830
523 830 679 996
515 498 673 664
346 498 515 664
139 830 323 996
280 664 468 830
794 332 991 498
323 830 523 996
572 332 794 498
741 166 987 332
0 664 280 830
298 332 572 498
0 332 298 498
440 166 741 332
0 498 346 664
636 0 949 166
0 166 440 332
0 0 636 166
982 0 1000 166
978 166 1000 332
948 332 1000 498
960 830 1000 996
949 498 1000 664
937 664 1000 830
885 498 949 664
891 830 960 996
795 498 885 664
799 830 891 996
841 664 937 830
736 664 841 830
679 830 799 996
673 498 795 664
613 664 736 830
468 664 613 830
523 830 679 996
515 498 673 664
781 332 948 498
346 498 515 664
607 332 781 498
280 664 468 830
411 332 607 498
323 830 523 996
208 332 411 498
0 332 208 498
0 830 323 996
755 166 978 332
529 166 755 332
285 166 529 332
737 0 982 166
0 664 280 830
0 166 285 332
0 498 346 664
413 0 737 166
0 0 413 166
997 0 1000 166
993 0 997 166
960 830 1000 996
949 498 1000 664
937 664 1000 830
885 498 949 664
891 830 960 996
921 166 1000 332
908 0 993 166
795 498 885 664
799 830 891 996
841 664 937 830
736 664 841 830
679 830 799 996
673 498 795 664
613 664 736 830
468 664 613 830
0 830 148 996
523 830 679 996
515 498 673 664
834 332 1000 498
346 498 515 664
148 830 323 996
280 664 468 830
639 332 834 498
440 332 639 498
323 830 523 996
223 332 440 498
0 332 223 498
679 166 921 332
431 166 679 332
0 664 280 830
614 0 908 166
0 498 346 664
0 166 431 332
0 0 614 166
996 166 1000 332
989 166 996 332
975 332 1000 498
960 830 1000 996
949 498 1000 664
937 664 1000 830
885 498 949 664
891 830 960 996
795 498 885 664
799 830 891 996
841 664 937 830
892 166 989 332
736 664 841 830
0 830 119 996
0 664 120 830
679 830 799 996
673 498 795 664
613 664 736 830
840 332 975 498
468 664 613 830
694 332 840 498
544 332 694 498
390 332 544 498
523 830 679 996
515 498 673 664
231 332 390 498
838 0 1000 166
120 664 280 830
0 498 515 664
280 664 468 830
323 830 523 996
119 830 323 996
0 332 231 498
618 166 892 332
0 166 618 332
0 0 838 166
997 0 1000 166
960 830 1000 996
949 498 1000 664
948 166 1000 332
937 664 1000 830
935 332 1000 498
885 498 949 664
891 830 960 996
566 664 642 830
795 498 885 664
799 830 891 996
642 664 736 830
841 664 937 830
466 664 566 830
736 664 841 830
679 830 799 996
673 498 795 664
338 664 466 830
861 0 997 166
187 664 338 830
523 830 679 996
515 498 673 664
346 498 515 664
0 664 187 830
323 830 523 996
720 332 935 498
0 830 323 996
485 332 720 498
244 332 485 498
0 332 244 498
648 166 948 332
0 498 346 664
339 166 648 332
0 166 339 332
470 0 861 166
0 0 470 166
999 0 1000 166
989 332 1000 498
991 0 999 166
981 166 1000 332
961 0 991 166
960 830 1000 996
949 498 1000 664
937 664 1000 830
885 498 949 664
922 332 989 498
891 830 960 996
795 498 885 664
799 830 891 996
841 664 937 830
736 664 841 830
679 830 799 996
673 498 795 664
613 664 736 830
468 664 613 830
173 830 324 996
523 830 679 996
515 498 673 664
346 498 515 664
0 830 173 996
280 664 468 830
324 830 523 996
722 332 922 498
514 332 722 498
302 332 514 498
0 664 280 830
721 166 981 332
0 498 346 664
0 332 302 498
409 166 721 332
0 166 409 332
0 0 961 166
982 332 1000 498
980 166 1000 332
944 332 982 498
960 830 1000 996
949 498 1000 664
943 0 1000 166
937 664 1000 830
885 498 949 664
891 830 960 996
423 664 498 830
335 664 423 830
795 498 885 664
799 830 891 996
841 664 937 830
736 664 841 830
228 664 335 830
836 332 944 498
498 664 613 830
864 166 980 332
679 830 799 996
673 498 795 664
613 664 736 830
523 830 679 996
515 498 673 664
346 498 515 664
323 830 523 996
0 830 323 996
0 664 228 830
589 332 836 498
334 332 589 498
0 498 346 664
0 332 334 498
513 166 864 332
539 0 943 166
0 166 513 332
0 0 539 166
996 332 1000 498
972 166 1000 332
960 830 1000 996
956 0 1000 166
949 498 1000 664
937 664 1000 830
885 498 949 664
891 830 960 996
795 498 885 664
799 830 891 996
841 664 937 830
897 332 996 498
736 664 841 830
679 830 799 996
673 498 795 664
613 664 736 830
766 332 897 498
836 166 972 332
468 664 613 830
523 830 679 996
515 498 673 664
0 498 515 664
424 332 595 498
595 332 766 498
237 332 424 498
280 664 468 830
765 0 956 166
323 830 523 996
0 830 323 996
0 332 237 498
590 166 836 332
0 664 280 830
318 166 590 332
0 166 318 332
385 0 765 166
0 0 385 166
998 0 1000 166
996 166 1000 332
992 0 998 166
994 332 1000 498
981 166 996 332
960 830 1000 996
949 498 1000 664
937 664 1000 830
885 498 949 664
891 830 960 996
795 498 885 664
799 830 891 996
899 0 992 166
841 664 937 830
736 664 841 830
679 830 799 996
673 498 795 664
613 664 736 830
468 664 613 830
846 332 994 498
523 830 679 996
515 498 673 664
346 498 515 664
280 664 468 830
323 830 523 996
0 830 323 996
742 166 981 332
0 664 280 830
571 332 846 498
291 332 571 498
0 332 291 498
0 498 346 664
399 166 742 332
0 166 399 332
470 0 899 166
0 0 470 166
998 0 1000 166
990 166 1000 332
975 332 1000 498
960 830 1000 996
949 498 1000 664
937 664 1000 830
885 498 949 664
891 830 960 996
923 0 998 166
494 830 579 996
795 498 885 664
799 830 891 996
841 664 937 830
579 830 679 996
736 664 841 830
410 498 523 664
872 166 990 332
679 830 799 996
673 498 795 664
613 664 736 830
356 830 494 996
265 498 410 664
468 664 613 830
523 498 673 664
179 830 356 996
0 830 179 996
280 664 468 830
774 332 975 498
0 664 280 830
0 498 265 664
478 332 774 498
542 166 872 332
566 0 923 166
0 332 478 498
0 166 542 332
0 0 566 166
999 166 1000 332
984 332 1000 498
960 830 1000 996
949 498 1000 664
937 664 1000 830
885 498 949 664
891 830 960 996
795 498 885 664
799 830 891 996
841 664 937 830
736 664 841 830
679 830 799 996
673 498 795 664
179 664 301 830
613 664 736 830
850 332 984 498
468 664 613 830
523 830 679 996
515 498 673 664
301 664 468 830
346 498 515 664
0 664 179 830
814 0 1000 166
323 830 523 996
648 332 850 498
442 332 648 498
227 332 442 498
0 830 323 996
780 166 999 332
0 332 227 498
550 166 780 332
314 166 550 332
0 498 346 664
0 166 314 332
452 0 814 166
0 0 452 166
998 0 1000 166
997 166 1000 332
994 0 998 166
993 166 997 332
956 332 1000 498
960 830 1000 996
949 498 1000 664
937 0 994 166
937 664 1000 830
885 498 949 664
891 830 960 996
919 166 993 332
795 498 885 664
799 830 891 996
841 664 937 830
736 664 841 830
385 664 499 830
499 664 613 830
679 830 799 996
673 498 795 664
613 664 736 830
239 664 385 830
523 830 679 996
515 498 673 664
346 498 515 664
323 830 523 996
0 830 323 996
0 664 239 830
713 332 956 498
0 498 346 664
401 332 713 498
0 332 401 498
505 166 919 332
512 0 937 166
0 166 505 332
0 0 512 166
997 0 1000 166
978 166 1000 332
958 0 997 166
960 830 1000 996
949 498 1000 664
939 332 1000 498
937 664 1000 830
885 498 949 664
891 830 960 996
407 664 493 830
795 498 885 664
799 830 891 996
841 664 937 830
303 664 407 830
736 664 841 830
189 664 303 830
493 664 613 830
679 830 799 996
673 498 795 664
613 664 736 830
854 166 978 332
174 830 323 996
523 830 679 996
515 498 673 664
346 498 515 664
0 830 174 996
0 664 189 830
323 830 523 996
723 332 939 498
483 332 723 498
564 166 854 332
0 498 346 664
643 0 958 166
0 332 483 498
0 166 564 332
0 0 643 166
999 0 1000 166
991 332 1000 498
992 0 999 166
960 830 1000 996
955 166 1000 332
949 498 1000 664
937 664 1000 830
928 0 992 166
885 498 949 664
891 830 960 996
795 498 885 664
799 830 891 996
841 664 937 830
736 664 841 830
679 830 799 996
673 498 795 664
613 664 736 830
468 664 613 830
523 830 679 996
833 332 991 498
515 498 673 664
346 498 515 664
645 332 833 498
280 664 468 830
323 830 523 996
441 332 645 498
234 332 441 498
0 830 323 996
0 332 234 498
713 166 955 332
0 664 280 830
422 166 713 332
0 498 346 664
0 166 422 332
474 0 928 166
0 0 474 166
994 166 1000 332
960 830 1000 996
949 498 1000 664
937 664 1000 830
885 498 949 664
891 830 960 996
533 664 613 830
446 664 533 830
795 498 885 664
908 0 1000 166
799 830 891 996
841 664 937 830
736 664 841 830
335 664 446 830
880 166 994 332
679 830 799 996
673 498 795 664
613 664 736 830
183 664 335 830
523 830 679 996
515 498 673 664
187 498 346 664
173 830 332 996
346 498 515 664
0 830 173 996
0 664 183 830
0 498 187 664
332 830 523 996
798 332 1000 498
553 332 798 498
288 332 553 498
0 332 288 498
526 166 880 332
549 0 908 166
0 166 526 332
0 0 549 166
999 0 1000 166
998 166 1000 332
960 830 1000 996
949 498 1000 664
937 664 1000 830
927 332 1000 498
885 498 949 664
891 830 960 996
915 166 998 332
795 498 885 664
799 830 891 996
841 664 937 830
736 664 841 830
679 830 799 996
673 498 795 664
613 664 736 830
468 664 613 830
523 830 679 996
515 498 673 664
759 332 927 498
346 498 515 664
589 332 759 498
811 0 999 166
0 664 468 830
199 332 394 498
394 332 589 498
716 166 915 332
0 332 199 498
323 830 523 996
508 166 716 332
291 166 508 332
0 830 323 996
0 166 291 332
0 498 346 664
468 0 811 166
0 0 468 166
998 166 1000 332
996 332 1000 498
991 166 998 332
965 332 996 498
960 830 1000 996
949 498 1000 664
936 0 1000 166
937 664 1000 830
885 498 949 664
897 332 965 498
891 830 960 996
795 498 885 664
799 830 891 996
841 664 937 830
736 664 841 830
679 830 799 996
673 498 795 664
613 664 736 830
857 166 991 332
468 664 613 830
523 830 679 996
515 498 673 664
346 498 515 664
727 332 897 498
0 664 468 830
323 830 523 996
517 332 727 498
0 830 323 996
259 332 517 498
0 332 259 498
297 166 577 332
577 166 857 332
0 166 297 332
638 0 936 166
0 498 346 664
0 0 638 166
989 0 1000 166
977 166 1000 332
960 830 1000 996
949 498 1000 664
937 664 1000 830
885 498 949 664
891 830 960 996
437 498 519 664
795 498 885 664
799 830 891 996
841 664 937 830
335 498 437 664
736 664 841 830
679 830 799 996
673 498 795 664
613 664 736 830
206 498 335 664
175 664 307 830
468 664 613 830
0 830 151 996
519 498 673 664
523 830 679 996
307 664 468 830
151 830 323 996
0 664 175 830
804 332 1000 498
323 830 523 996
0 498 206 664
588 332 804 498
759 166 977 332
325 332 588 498
0 332 325 498
427 166 759 332
620 0 989 166
0 166 427 332
0 0 620 166
996 0 1000 166
985 166 1000 332
973 0 996 166
960 830 1000 996
949 498 1000 664
937 664 1000 830
885 498 949 664
891 830 960 996
915 332 1000 498
795 498 885 664
799 830 891 996
841 664 937 830
736 664 841 830
397 498 515 664
348 664 468 830
679 830 799 996
673 498 795 664
613 664 736 830
252 498 397 664
468 664 613 830
192 664 348 830
523 830 679 996
515 498 673 664
0 830 167 996
167 830 334 996
816 166 985 332
334 830 523 996
0 664 192 830
0 498 252 664
643 332 915 498
351 332 643 498
673 0 973 166
0 332 351 498
438 166 816 332
0 166 438 332
0 0 673 166
984 332 1000 498
960 830 1000 996
948 166 1000 332
949 498 1000 664
937 664 1000 830
885 498 949 664
891 830 960 996
795 498 885 664
799 830 891 996
841 664 937 830
398 664 501 830
736 664 841 830
501 664 613 830
398 498 515 664
679 830 799 996
673 498 795 664
613 664 736 830
386 830 523 996
523 830 679 996
515 498 673 664
236 498 398 664
235 664 398 830
222 830 386 996
786 332 984 498
796 0 1000 166
0 830 222 996
0 664 235 830
0 498 236 664
538 332 786 498
278 332 538 498
0 332 278 498
669 166 948 332
361 166 669 332
0 166 361 332
405 0 796 166
0 0 405 166
994 332 1000 498
990 166 1000 332
980 166 990 332
962 332 994 498
960 830 1000 996
949 498 1000 664
937 664 1000 830
885 498 949 664
891 830 960 996
795 498 885 664
799 830 891 996
841 664 937 830
631 664 736 830
736 664 841 830
679 830 799 996
673 498 795 664
503 664 631 830
368 664 503 830
863 0 1000 166
523 830 679 996
515 498 673 664
346 498 515 664
191 664 368 830
0 664 191 830
323 830 523 996
0 830 323 996
743 332 962 498
515 332 743 498
273 332 515 498
731 166 980 332
0 332 273 498
0 498 346 664
380 166 731 332
0 166 380 332
476 0 863 166
0 0 476 166
