997 0 1000 250
993 250 1000 500
971 250 993 500
944 750 1000 1000
938 0 997 250
881 750 944 1000
932 500 1000 750
538 500 621 750
848 500 932 750
792 750 881 1000
691 750 792 1000
435 500 538 750
740 500 848 750
621 500 740 750
562 750 691 1000
303 500 435 750
418 750 562 1000
242 750 418 1000
0 750 242 1000
0 500 303 750
657 250 971 500
339 250 657 500
0 250 339 500
595 0 938 250
0 0 595 250
996 250 1000 500
989 250 996 500
944 750 1000 1000
881 750 944 1000
932 500 1000 750
848 500 932 750
792 750 881 1000
899 0 1000 250
691 750 792 1000
740 500 848 750
616 500 740 750
562 750 691 1000
418 750 562 1000
470 500 616 750
832 250 989 500
242 750 418 1000
645 250 832 500
457 250 645 500
0 750 242 1000
256 250 457 500
0 250 256 500
0 500 470 750
639 0 899 250
370 0 639 250
0 0 370 250
997 0 1000 250
986 0 997 250
970 0 986 250
944 750 1000 1000
881 750 944 1000
932 500 1000 750
848 500 932 750
792 750 881 1000
203 500 303 750
691 750 792 1000
740 500 848 750
616 500 740 750
870 250 1000 500
843 0 970 250
562 750 691 1000
418 750 562 1000
470 500 616 750
303 500 470 750
0 750 418 1000
0 500 203 750
616 250 870 500
344 250 616 500
0 250 344 500
462 0 843 250
0 0 462 250
995 0 1000 250
986 250 1000 500
949 250 986 500
944 750 1000 1000
881 750 944 1000
932 500 1000 750
848 500 932 750
910 0 995 250
792 750 881 1000
691 750 792 1000
740 500 848 750
616 500 740 750
562 750 691 1000
0 750 562 1000
0 500 616 750
802 250 949 500
650 250 802 500
496 250 650 500
340 250 496 500
183 250 340 500
0 250 183 500
696 0 910 250
473 0 696 250
246 0 473 250
0 0 246 250
998 0 1000 250
993 0 998 250
981 0 993 250
944 750 1000 1000
881 750 944 1000
932 500 1000 750
848 500 932 750
792 750 881 1000
691 750 792 1000
740 500 848 750
168 500 285 750
616 500 740 750
562 750 691 1000
418 750 562 1000
470 500 616 750
0 500 168 750
0 750 418 1000
285 500 470 750
812 250 1000 500
775 0 981 250
551 250 812 500
286 250 551 500
0 250 286 500
407 0 775 250
0 0 407 250
996 250 1000 500
966 250 996 500
944 750 1000 1000
881 750 944 1000
932 500 1000 750
929 0 1000 250
848 500 932 750
509 750 598 1000
792 750 881 1000
419 750 509 1000
414 500 507 750
598 750 691 1000
691 750 792 1000
740 500 848 750
507 500 616 750
297 750 419 1000
616 500 740 750
276 500 414 750
155 750 297 1000
0 750 155 1000
0 500 276 750
653 250 966 500
339 250 653 500
0 250 339 500
0 0 929 250
993 250 1000 500
956 250 993 500
944 750 1000 1000
881 750 944 1000
932 500 1000 750
670 500 740 750
594 500 670 750
848 500 932 750
906 0 1000 250
792 750 881 1000
691 750 792 1000
740 500 848 750
485 500 594 750
361 500 485 750
562 750 691 1000
418 750 562 1000
213 500 361 750
242 750 418 1000
0 750 242 1000
0 500 213 750
708 250 956 500
413 250 708 500
0 250 413 500
486 0 906 250
0 0 486 250
994 250 1000 500
991 0 1000 250
956 0 991 250
944 750 1000 1000
931 250 994 500
881 750 944 1000
932 500 1000 750
848 500 932 750
792 750 881 1000
691 750 792 1000
740 500 848 750
616 500 740 750
562 750 691 1000
159 500 299 750
418 750 562 1000
470 500 616 750
0 500 159 750
299 500 470 750
242 750 418 1000
744 250 931 500
0 750 242 1000
429 250 744 500
623 0 956 250
0 250 429 500
0 0 623 250
998 0 1000 250
985 250 1000 500
979 0 998 250
933 0 979 250
944 750 1000 1000
881 750 944 1000
932 500 1000 750
848 500 932 750
792 750 881 1000
691 750 792 1000
740 500 848 750
863 250 985 500
739 250 863 500
0 500 740 750
612 250 739 500
562 750 691 1000
418 750 562 1000
455 250 612 500
284 250 455 500
242 750 418 1000
748 0 933 250
0 750 242 1000
0 250 284 500
404 0 748 250
0 0 404 250
950 250 1000 500
944 750 1000 1000
938 0 1000 250
881 750 944 1000
932 500 1000 750
848 500 932 750
792 750 881 1000
691 750 792 1000
740 500 848 750
149 500 270 750
616 500 740 750
562 750 691 1000
418 750 562 1000
470 500 616 750
0 500 149 750
791 250 950 500
616 250 791 500
242 750 418 1000
427 250 616 500
270 500 470 750
0 750 242 1000
224 250 427 500
0 250 224 500
639 0 938 250
0 0 639 250
986 0 1000 250
965 250 1000 500
944 750 1000 1000
881 750 944 1000
932 500 1000 750
848 500 932 750
792 750 881 1000
691 750 792 1000
179 500 287 750
740 500 848 750
616 500 740 750
562 750 691 1000
418 750 562 1000
470 500 616 750
242 750 418 1000
0 500 179 750
287 500 470 750
767 250 965 500
0 750 242 1000
533 250 767 500
740 0 986 250
269 250 533 500
0 250 269 500
462 0 740 250
0 0 462 250
984 0 1000 250
960 250 1000 500
944 750 1000 1000
881 750 944 1000
932 500 1000 750
848 500 932 750
792 750 881 1000
691 750 792 1000
740 500 848 750
843 250 960 500
719 250 843 500
616 500 740 750
562 750 691 1000
587 250 719 500
418 750 562 1000
470 500 616 750
416 250 587 500
0 750 418 1000
0 500 213 750
0 250 208 500
208 250 416 500
727 0 984 250
213 500 470 750
407 0 727 250
0 0 407 250
997 0 1000 250
994 0 997 250
981 250 1000 500
944 750 1000 1000
935 0 994 250
881 750 944 1000
932 500 1000 750
848 500 932 750
792 750 881 1000
886 250 981 500
691 750 792 1000
740 500 848 750
616 500 740 750
562 750 691 1000
418 750 562 1000
470 500 616 750
0 750 418 1000
0 500 213 750
698 250 886 500
497 250 698 500
268 250 497 500
213 500 470 750
0 250 268 500
540 0 935 250
0 0 540 250
958 250 1000 500
944 750 1000 1000
881 750 944 1000
932 500 1000 750
848 500 932 750
870 250 958 500
792 750 881 1000
893 0 1000 250
691 750 792 1000
740 500 848 750
616 500 740 750
562 750 691 1000
736 250 870 500
596 250 736 500
418 750 562 1000
470 500 616 750
441 250 596 500
0 750 418 1000
0 500 213 750
260 250 441 500
213 500 470 750
0 250 260 500
598 0 893 250
302 0 598 250
0 0 302 250
995 0 1000 250
986 250 1000 500
971 0 995 250
944 750 1000 1000
881 750 944 1000
932 500 1000 750
848 500 932 750
792 750 881 1000
691 750 792 1000
740 500 848 750
872 250 986 500
756 250 872 500
616 500 740 750
627 250 756 500
562 750 691 1000
497 250 627 500
357 250 497 500
0 750 562 1000
470 500 616 750
207 250 357 500
0 250 207 500
742 0 971 250
0 500 470 750
395 0 742 250
0 0 395 250
988 0 1000 250
944 750 1000 1000
881 750 944 1000
923 0 988 250
932 500 1000 750
848 500 932 750
792 750 881 1000
691 750 792 1000
740 500 848 750
157 500 276 750
616 500 740 750
871 250 1000 500
562 750 691 1000
418 750 562 1000
470 500 616 750
0 500 157 750
700 250 871 500
0 750 418 1000
508 250 700 500
315 250 508 500
276 500 470 750
716 0 923 250
0 250 315 500
391 0 716 250
0 0 391 250
995 250 1000 500
990 250 995 500
608 500 652 750
544 750 598 1000
944 750 1000 1000
881 750 944 1000
544 500 608 750
932 500 1000 750
848 500 932 750
459 500 544 750
652 500 740 750
792 750 881 1000
598 750 691 1000
691 750 792 1000
885 250 990 500
439 750 544 1000
740 500 848 750
340 500 459 750
300 750 439 1000
0 750 300 1000
673 0 1000 250
0 500 340 750
521 250 885 500
0 250 521 500
0 0 673 250
958 250 1000 500
944 750 1000 1000
881 750 944 1000
932 500 1000 750
931 0 1000 250
848 500 932 750
792 750 881 1000
866 250 958 500
691 750 792 1000
740 500 848 750
616 500 740 750
562 750 691 1000
418 750 562 1000
470 500 616 750
713 250 866 500
559 250 713 500
0 750 418 1000
0 500 213 750
376 250 559 500
192 250 376 500
0 250 192 500
726 0 931 250
213 500 470 750
411 0 726 250
0 0 411 250
989 0 1000 250
980 250 1000 500
944 750 1000 1000
881 750 944 1000
914 250 980 500
932 500 1000 750
848 500 932 750
792 750 881 1000
691 750 792 1000
740 500 848 750
319 750 437 1000
616 500 740 750
437 750 562 1000
562 750 691 1000
174 750 319 1000
470 500 616 750
0 750 174 1000
284 500 470 750
746 0 989 250
630 250 914 500
0 500 284 750
318 250 630 500
0 250 318 500
392 0 746 250
0 0 392 250
995 0 1000 250
988 0 995 250
987 250 1000 500
944 750 1000 1000
881 750 944 1000
932 500 1000 750
918 0 988 250
848 500 932 750
792 750 881 1000
691 750 792 1000
740 500 848 750
616 500 740 750
562 750 691 1000
851 250 987 500
418 750 562 1000
470 500 616 750
0 750 418 1000
0 500 213 750
654 250 851 500
710 0 918 250
213 500 470 750
343 250 654 500
0 250 343 500
362 0 710 250
0 0 362 250
990 250 1000 500
982 0 1000 250
944 750 1000 1000
929 250 990 500
881 750 944 1000
932 500 1000 750
848 500 932 750
792 750 881 1000
691 750 792 1000
740 500 848 750
616 500 740 750
562 750 691 1000
418 750 562 1000
470 500 616 750
808 0 982 250
242 750 418 1000
0 750 242 1000
720 250 929 500
495 250 720 500
257 250 495 500
0 250 257 500
0 500 470 750
550 0 808 250
288 0 550 250
0 0 288 250
986 250 1000 500
947 0 1000 250
932 250 986 500
944 750 1000 1000
881 750 944 1000
932 500 1000 750
848 500 932 750
792 750 881 1000
691 750 792 1000
740 500 848 750
616 500 740 750
562 750 691 1000
418 750 562 1000
470 500 616 750
638 250 785 500
785 250 932 500
487 250 638 500
793 0 947 250
0 750 418 1000
0 500 213 750
257 250 487 500
0 250 257 500
213 500 470 750
439 0 793 250
0 0 439 250
996 0 1000 250
991 0 996 250
981 250 1000 500
961 0 991 250
944 750 1000 1000
881 750 944 1000
932 500 1000 750
908 250 981 500
848 500 932 750
126 500 213 750
792 750 881 1000
691 750 792 1000
740 500 848 750
616 500 740 750
0 500 126 750
562 750 691 1000
418 750 562 1000
470 500 616 750
743 250 908 500
0 750 418 1000
213 500 470 750
431 250 743 500
621 0 961 250
0 250 431 500
0 0 621 250
994 0 1000 250
991 0 994 250
944 750 1000 1000
881 750 944 1000
932 500 1000 750
919 0 991 250
848 500 932 750
792 750 881 1000
691 750 792 1000
740 500 848 750
155 500 276 750
616 500 740 750
562 750 691 1000
418 750 562 1000
470 500 616 750
0 500 155 750
839 250 1000 500
672 250 839 500
0 750 418 1000
276 500 470 750
477 250 672 500
261 250 477 500
0 250 261 500
514 0 919 250
0 0 514 250
994 250 997 500
997 250 1000 500
987 250 994 500
957 250 987 500
948 0 1000 250
944 750 1000 1000
881 750 944 1000
932 500 1000 750
848 500 932 750
792 750 881 1000
691 750 792 1000
740 500 848 750
616 500 740 750
562 750 691 1000
815 250 957 500
418 750 562 1000
470 500 616 750
0 750 418 1000
0 500 213 750
596 250 815 500
341 250 596 500
213 500 470 750
0 250 341 500
482 0 948 250
0 0 482 250
973 250 1000 500
944 750 1000 1000
881 750 944 1000
932 500 1000 750
848 500 932 750
792 750 881 1000
691 750 792 1000
740 500 848 750
359 500 470 750
873 0 1000 250
616 500 740 750
562 750 691 1000
218 500 359 750
418 750 562 1000
470 500 616 750
242 750 418 1000
0 750 242 1000
0 500 218 750
733 250 973 500
491 250 733 500
246 250 491 500
0 250 246 500
624 0 873 250
335 0 624 250
0 0 335 250
975 0 1000 250
973 0 975 250
924 0 973 250
944 750 1000 1000
881 750 944 1000
932 500 1000 750
848 500 932 750
792 750 881 1000
691 750 792 1000
740 500 848 750
616 500 740 750
562 750 691 1000
418 750 562 1000
470 500 616 750
830 250 1000 500
0 750 418 1000
0 500 213 750
638 250 830 500
436 250 638 500
220 250 436 500
0 250 220 500
213 500 470 750
658 0 924 250
386 0 658 250
0 0 386 250
998 0 1000 250
979 250 1000 500
949 0 998 250
944 750 1000 1000
881 750 944 1000
932 500 1000 750
848 500 932 750
792 750 881 1000
691 750 792 1000
315 750 421 1000
871 250 979 500
740 500 848 750
616 500 740 750
562 750 691 1000
421 750 562 1000
173 750 315 1000
470 500 616 750
0 750 173 1000
763 0 949 250
0 500 470 750
612 250 871 500
308 250 612 500
0 250 308 500
395 0 763 250
0 0 395 250
998 250 1000 500
965 0 1000 250
952 250 998 500
944 750 1000 1000
881 750 944 1000
932 500 1000 750
217 500 294 750
848 500 932 750
792 750 881 1000
866 0 965 250
691 750 792 1000
740 500 848 750
616 500 740 750
562 750 691 1000
418 750 562 1000
470 500 616 750
294 500 470 750
242 750 418 1000
0 750 242 1000
0 500 217 750
684 250 952 500
348 250 684 500
0 250 348 500
481 0 866 250
0 0 481 250
983 0 1000 250
944 750 1000 1000
881 750 944 1000
932 500 1000 750
848 500 932 750
792 750 881 1000
691 750 792 1000
740 500 848 750
616 500 740 750
562 750 691 1000
860 250 1000 500
717 250 860 500
418 750 562 1000
470 500 616 750
562 250 717 500
390 250 562 500
242 750 418 1000
0 500 213 750
203 250 390 500
0 750 242 1000
0 250 203 500
778 0 983 250
565 0 778 250
213 500 470 750
0 0 565 250
