991 0 1000 250
948 750 1000 1000
934 250 1000 500
943 500 1000 750
879 500 943 750
878 750 948 1000
806 750 878 1000
626 750 709 1000
792 500 879 750
700 500 792 750
709 750 806 1000
514 750 626 1000
396 750 514 1000
447 500 568 750
568 500 700 750
313 500 447 750
251 750 396 1000
777 250 934 500
757 0 991 250
0 750 251 1000
0 500 313 750
437 250 777 500
0 250 437 500
0 0 757 250
865 750 892 1000
970 250 1000 500
948 750 1000 1000
892 750 948 1000
943 500 1000 750
879 500 943 750
795 750 865 1000
804 500 879 750
914 0 1000 250
707 500 804 750
575 750 685 1000
685 750 795 1000
550 500 707 750
415 750 575 1000
387 500 550 750
220 500 387 750
213 750 415 1000
0 750 213 1000
0 500 220 750
746 250 970 500
477 250 746 500
610 0 914 250
0 250 477 500
0 0 610 250
968 0 1000 250
948 750 1000 1000
943 500 1000 750
879 500 943 750
878 750 948 1000
806 750 878 1000
918 250 1000 500
792 500 879 750
700 500 792 750
705 750 806 1000
585 750 705 1000
568 500 700 750
407 500 568 750
418 750 585 1000
232 500 407 750
213 750 418 1000
0 750 213 1000
0 500 232 750
715 0 968 250
620 250 918 500
319 250 620 500
0 250 319 500
383 0 715 250
0 0 383 250
991 250 1000 500
850 500 879 750
845 750 878 1000
810 500 850 750
802 750 845 1000
948 750 1000 1000
943 500 1000 750
879 500 943 750
878 750 948 1000
723 500 810 750
710 750 802 1000
596 750 710 1000
587 500 723 750
439 750 596 1000
422 500 587 750
241 500 422 750
240 750 439 1000
0 750 240 1000
0 500 241 750
748 250 991 500
421 250 748 500
624 0 1000 250
0 250 421 500
0 0 624 250
948 750 1000 1000
943 500 1000 750
879 500 943 750
878 750 948 1000
806 750 878 1000
792 500 879 750
700 500 792 750
485 500 580 750
486 750 585 1000
705 750 806 1000
377 500 485 750
378 750 486 1000
257 500 377 750
580 500 700 750
585 750 705 1000
202 750 378 1000
0 750 202 1000
770 0 1000 250
0 500 257 750
702 250 1000 500
367 250 702 500
0 250 367 500
397 0 770 250
0 0 397 250
966 0 1000 250
948 750 1000 1000
943 500 1000 750
879 500 943 750
878 750 948 1000
806 750 878 1000
792 500 879 750
700 500 792 750
705 750 806 1000
585 750 705 1000
568 500 700 750
848 250 1000 500
403 500 568 750
418 750 585 1000
222 500 403 750
214 750 418 1000
0 750 214 1000
0 500 222 750
625 250 848 500
730 0 966 250
338 250 625 500
0 250 338 500
389 0 730 250
0 0 389 250
784 750 820 1000
736 750 784 1000
686 750 736 1000
948 750 1000 1000
943 500 1000 750
820 750 878 1000
879 500 943 750
878 750 948 1000
918 0 1000 250
915 250 1000 500
792 500 879 750
700 500 792 750
582 750 686 1000
452 500 570 750
570 500 700 750
431 750 582 1000
244 750 431 1000
244 500 452 750
0 500 244 750
0 750 244 1000
657 0 918 250
464 250 915 500
0 250 464 500
0 0 657 250
993 0 1000 250
948 750 1000 1000
943 500 1000 750
879 500 943 750
878 750 948 1000
806 750 878 1000
792 500 879 750
904 0 993 250
700 500 792 750
705 750 806 1000
585 750 705 1000
568 500 700 750
403 500 568 750
418 750 585 1000
221 750 418 1000
784 250 1000 500
0 750 221 1000
0 500 403 750
527 250 784 500
266 250 527 500
0 250 266 500
629 0 904 250
316 0 629 250
0 0 316 250
996 0 1000 250
762 500 810 750
948 750 1000 1000
943 500 1000 750
703 500 762 750
879 500 943 750
810 500 879 750
878 750 948 1000
806 750 878 1000
621 500 703 750
705 750 806 1000
511 500 621 750
479 750 591 1000
591 750 705 1000
879 250 1000 500
374 500 511 750
853 0 996 250
331 750 479 1000
180 750 331 1000
0 750 180 1000
683 250 879 500
0 500 374 750
0 250 683 500
0 0 853 250
998 0 1000 250
757 750 806 1000
948 750 1000 1000
945 250 1000 500
943 500 1000 750
879 500 943 750
878 750 948 1000
806 750 878 1000
680 750 757 1000
792 500 879 750
700 500 792 750
564 750 680 1000
579 500 700 750
427 750 564 1000
251 500 415 750
415 500 579 750
222 750 427 1000
0 750 222 1000
0 500 251 750
676 250 945 500
396 250 676 500
0 250 396 500
592 0 998 250
0 0 592 250
857 500 892 750
814 500 857 750
892 500 943 750
948 750 1000 1000
943 500 1000 750
746 500 814 750
810 750 878 1000
878 750 948 1000
710 750 810 1000
605 750 710 1000
879 250 1000 500
878 0 1000 250
585 500 746 750
443 750 605 1000
421 500 585 750
235 500 421 750
232 750 443 1000
0 750 232 1000
0 500 235 750
607 250 879 500
321 250 607 500
0 250 321 500
480 0 878 250
0 0 480 250
985 0 1000 250
948 750 1000 1000
943 500 1000 750
879 500 943 750
878 750 948 1000
806 750 878 1000
792 500 879 750
904 250 1000 500
700 500 792 750
890 0 985 250
705 750 806 1000
585 750 705 1000
568 500 700 750
419 500 568 750
418 750 585 1000
249 500 419 750
213 750 418 1000
0 750 213 1000
0 500 249 750
620 250 904 500
314 250 620 500
0 250 314 500
508 0 890 250
0 0 508 250
993 0 1000 250
965 250 1000 500
965 0 993 250
948 750 1000 1000
943 500 1000 750
879 500 943 750
878 750 948 1000
806 750 878 1000
641 750 723 1000
723 750 806 1000
792 500 879 750
700 500 792 750
600 500 700 750
470 500 600 750
435 750 641 1000
262 500 470 750
225 750 435 1000
0 750 225 1000
0 500 262 750
650 250 965 500
327 250 650 500
0 250 327 500
489 0 965 250
0 0 489 250
994 0 1000 250
982 250 1000 500
948 750 1000 1000
943 500 1000 750
879 500 943 750
925 0 994 250
878 750 948 1000
806 750 878 1000
792 500 879 750
700 500 792 750
705 750 806 1000
585 750 705 1000
568 500 700 750
440 750 585 1000
252 500 407 750
407 500 568 750
792 250 982 500
250 750 440 1000
0 750 250 1000
0 500 252 750
516 250 792 500
558 0 925 250
0 250 516 500
0 0 558 250
999 0 1000 250
964 0 999 250
948 750 1000 1000
947 250 1000 500
943 500 1000 750
879 500 943 750
878 750 948 1000
806 750 878 1000
792 500 879 750
702 500 792 750
609 500 702 750
705 750 806 1000
586 750 705 1000
474 500 609 750
445 750 586 1000
325 500 474 750
285 750 445 1000
752 250 947 500
0 750 285 1000
0 500 325 750
395 250 752 500
0 250 395 500
564 0 964 250
0 0 564 250
978 0 1000 250
948 750 1000 1000
943 500 1000 750
879 500 943 750
878 750 948 1000
806 750 878 1000
896 250 1000 500
893 0 978 250
792 500 879 750
700 500 792 750
705 750 806 1000
585 750 705 1000
568 500 700 750
420 500 568 750
418 750 585 1000
234 500 420 750
215 750 418 1000
0 750 215 1000
0 500 234 750
611 250 896 500
314 250 611 500
0 250 314 500
545 0 893 250
0 0 545 250
