981 750 1000 1000
981 250 1000 500
981 0 1000 250
960 500 1000 750
931 0 981 250
929 250 981 500
929 750 981 1000
875 0 931 250
904 500 960 750
872 250 929 500
867 750 929 1000
835 500 904 750
786 0 875 250
778 750 867 1000
777 250 872 500
736 500 835 750
624 500 736 750
621 250 777 500
601 750 778 1000
539 0 786 250
370 250 621 500
365 500 624 750
309 750 601 1000
0 750 309 1000
0 500 365 750
0 250 370 500
0 0 539 250
998 0 1000 250
995 250 1000 500
992 0 998 250
991 750 1000 1000
975 750 991 1000
960 0 992 250
958 250 995 500
956 500 1000 750
880 250 958 500
876 0 960 250
872 500 956 750
868 750 975 1000
749 750 868 1000
748 0 876 250
737 500 872 750
733 250 880 500
581 250 733 500
557 500 737 750
552 750 749 1000
544 0 748 250
334 250 581 500
309 500 557 750
284 750 552 1000
0 750 284 1000
0 500 309 750
0 250 334 500
0 0 544 250
991 750 1000 1000
986 500 1000 750
986 0 1000 250
957 750 991 1000
951 0 986 250
914 0 951 250
911 750 957 1000
911 500 986 750
909 250 1000 500
812 500 911 750
811 750 911 1000
810 0 914 250
798 250 909 500
699 750 811 1000
691 500 812 750
676 0 810 250
660 250 798 500
561 750 699 1000
522 500 691 750
490 250 660 500
490 0 676 250
307 500 522 750
302 750 561 1000
0 750 302 1000
0 500 307 750
0 0 490 250
0 250 490 500
992 250 1000 500
990 750 1000 1000
976 500 1000 750
968 250 992 500
966 750 990 1000
963 0 1000 250
940 500 976 750
928 750 966 1000
920 0 963 250
925 250 968 500
892 500 940 750
876 750 928 1000
864 0 920 250
801 250 863 500
863 250 925 500
786 0 864 250
706 250 801 500
682 0 786 250
673 500 892 750
637 750 876 1000
408 250 706 500
365 500 673 750
329 750 637 1000
0 750 329 1000
0 500 365 750
0 250 408 500
0 0 682 250
993 750 1000 1000
981 0 1000 250
978 250 1000 500
954 500 1000 750
948 750 993 1000
931 0 981 250
928 250 978 500
872 250 928 500
872 0 931 250
867 750 948 1000
867 500 954 750
778 750 867 1000
757 250 872 500
750 500 867 750
739 0 872 250
633 750 778 1000
609 250 757 500
596 500 750 750
570 0 739 250
387 0 570 250
354 250 609 500
333 500 596 750
327 750 633 1000
0 750 327 1000
0 500 333 750
0 250 354 500
0 0 387 250
991 0 1000 250
992 500 1000 750
992 750 1000 1000
978 500 992 750
975 0 991 250
973 750 992 1000
973 250 1000 500
931 250 973 500
930 750 973 1000
927 500 978 750
905 0 975 250
849 500 927 750
843 750 930 1000
828 250 931 500
801 0 905 250
709 250 828 500
708 500 849 750
693 750 843 1000
642 0 801 250
480 0 642 250
475 250 709 500
456 500 708 750
354 750 693 1000
0 750 354 1000
0 500 456 750
0 250 475 500
0 0 480 250
981 750 1000 1000
976 250 1000 500
975 500 1000 750
968 0 1000 250
938 500 975 750
937 250 976 500
909 0 968 250
922 750 981 1000
874 500 938 750
842 0 909 250
870 250 937 500
839 750 922 1000
789 500 874 750
774 250 870 500
738 750 839 1000
738 0 842 250
682 500 789 750
646 250 774 500
593 0 738 250
584 750 738 1000
484 250 646 500
436 500 682 750
296 750 584 1000
0 750 296 1000
0 500 436 750
0 250 484 500
0 0 593 250
992 0 1000 250
989 500 1000 750
973 0 992 250
970 500 989 750
965 250 1000 500
961 750 1000 1000
933 500 970 750
929 0 973 250
920 250 965 500
913 750 961 1000
863 250 920 500
842 750 913 1000
839 500 933 750
816 0 929 250
733 250 863 500
707 500 839 750
705 750 842 1000
548 250 733 500
510 750 705 1000
509 500 707 750
346 250 548 500
301 500 509 750
282 750 510 1000
0 750 282 1000
0 500 301 750
0 250 346 500
0 0 816 250
994 500 1000 750
993 750 1000 1000
990 0 1000 250
973 500 994 750
951 500 973 750
948 0 990 250
943 750 993 1000
943 250 1000 500
882 250 943 500
878 500 951 750
868 750 943 1000
868 0 948 250
796 250 882 500
768 0 868 250
761 750 868 1000
759 500 878 750
638 250 796 500
599 0 768 250
575 750 761 1000
567 500 759 750
444 250 638 500
346 500 567 750
289 750 575 1000
0 750 289 1000
0 500 346 750
0 250 444 500
0 0 599 250
985 250 1000 500
981 750 1000 1000
980 0 1000 250
979 500 1000 750
938 750 981 1000
932 500 979 750
932 250 985 500
925 0 980 250
869 0 925 250
864 750 938 1000
855 500 932 750
839 250 932 500
761 750 864 1000
735 250 839 500
732 500 855 750
725 0 869 250
586 250 735 500
576 500 732 750
553 750 761 1000
516 0 725 250
377 250 586 500
359 500 576 750
298 750 553 1000
0 750 298 1000
0 500 359 750
0 250 377 500
0 0 516 250
998 0 1000 250
995 0 998 250
991 750 1000 1000
984 250 1000 500
983 500 1000 750
943 750 991 1000
933 500 983 750
933 250 984 500
933 0 995 250
867 250 933 500
862 500 933 750
861 750 943 1000
846 0 933 250
770 750 861 1000
767 500 862 750
759 250 867 500
733 0 846 250
609 750 770 1000
598 500 767 750
584 250 759 500
348 250 584 500
347 500 598 750
337 750 609 1000
0 750 337 1000
0 500 347 750
0 250 348 500
0 0 733 250
994 500 1000 750
988 250 1000 500
982 750 1000 1000
962 250 988 500
958 0 1000 250
951 500 994 750
934 750 982 1000
901 250 962 500
885 0 958 250
869 500 951 750
837 750 934 1000
785 0 885 250
766 500 869 750
766 250 901 500
693 750 837 1000
628 0 785 250
601 500 766 750
600 250 766 500
518 750 693 1000
429 0 628 250
398 250 600 500
396 500 601 750
313 750 518 1000
0 750 313 1000
0 500 396 750
0 250 398 500
0 0 429 250
965 250 1000 500
963 0 1000 250
963 750 1000 1000
944 500 1000 750
895 0 963 250
889 750 963 1000
887 250 965 500
863 500 944 750
811 0 895 250
797 750 889 1000
793 250 887 500
764 500 863 750
705 0 811 250
689 750 797 1000
680 250 793 500
643 500 764 750
566 750 689 1000
555 250 680 500
550 0 705 250
392 0 550 250
376 250 555 500
367 500 643 750
289 750 566 1000
0 750 289 1000
0 500 367 750
0 250 376 500
0 0 392 250
989 250 1000 500
988 0 1000 250
984 500 1000 750
980 750 1000 1000
942 0 988 250
933 750 980 1000
932 500 984 750
927 250 989 500
849 250 927 500
834 750 933 1000
832 500 932 750
830 0 942 250
714 0 830 250
713 750 834 1000
706 500 832 750
698 250 849 500
545 500 706 750
541 0 714 250
534 750 713 1000
515 250 698 500
322 250 515 500
289 500 545 750
270 750 534 1000
0 750 270 1000
0 500 289 750
0 250 322 500
0 0 541 250
991 250 1000 500
983 0 1000 250
977 500 1000 750
963 250 991 500
959 750 1000 1000
935 0 983 250
908 750 959 1000
893 250 963 500
907 500 977 750
821 750 908 1000
819 500 907 750
819 0 935 250
773 250 893 500
696 0 819 250
689 750 821 1000
678 500 819 750
631 250 773 500
515 500 678 750
507 750 689 1000
498 0 696 250
426 250 631 500
289 500 515 750
257 750 507 1000
0 750 257 1000
0 500 289 750
0 250 426 500
0 0 498 250
994 750 1000 1000
986 500 1000 750
984 250 1000 500
980 0 1000 250
962 500 986 750
949 0 980 250
937 250 984 500
947 750 994 1000
894 750 947 1000
880 250 937 500
879 0 949 250
875 500 962 750
801 750 894 1000
781 500 875 750
771 250 880 500
765 0 879 250
650 0 765 250
644 250 771 500
618 500 781 750
600 750 801 1000
436 250 644 500
371 500 618 750
352 750 600 1000
0 750 352 1000
0 500 371 750
0 250 436 500
0 0 650 250
989 250 1000 500
985 250 989 500
984 0 1000 250
983 750 1000 1000
979 500 1000 750
949 750 983 1000
942 500 979 750
937 0 984 250
935 250 985 500
880 500 942 750
858 750 949 1000
837 250 935 500
837 0 937 250
775 500 880 750
726 250 837 500
724 0 837 250
719 750 858 1000
627 500 775 750
575 0 724 250
570 750 719 1000
556 250 726 500
437 500 627 750
292 750 570 1000
0 750 292 1000
0 500 437 750
0 250 556 500
0 0 575 250
996 250 1000 500
994 500 1000 750
989 750 1000 1000
985 250 996 500
966 750 989 1000
959 500 994 750
937 250 985 500
931 0 1000 250
891 750 966 1000
882 500 959 750
857 250 937 500
843 0 931 250
802 750 891 1000
779 500 882 750
744 250 857 500
729 0 843 250
640 500 779 750
636 750 802 1000
566 250 744 500
528 0 729 250
355 250 566 500
343 500 640 750
331 750 636 1000
0 750 331 1000
0 500 343 750
0 250 355 500
0 0 528 250
992 0 1000 250
991 750 1000 1000
990 250 1000 500
969 750 991 1000
966 250 990 500
965 0 992 250
964 500 1000 750
933 250 966 500
928 0 965 250
926 750 969 1000
917 500 964 750
878 250 933 500
866 750 926 1000
853 0 928 250
840 500 917 750
785 250 878 500
761 750 866 1000
687 500 840 750
681 0 853 250
562 250 785 500
526 750 761 1000
440 500 687 750
273 750 526 1000
0 750 273 1000
0 500 440 750
0 250 562 500
0 0 681 250
993 250 1000 500
981 250 993 500
980 750 1000 1000
980 500 1000 750
975 0 1000 250
955 500 980 750
948 250 981 500
935 0 975 250
889 750 980 1000
863 500 955 750
853 250 948 500
838 0 935 250
765 500 863 750
752 250 853 500
733 750 889 1000
679 0 838 250
596 500 765 750
578 250 752 500
552 750 733 1000
481 0 679 250
363 250 578 500
342 500 596 750
281 750 552 1000
0 750 281 1000
0 500 342 750
0 250 363 500
0 0 481 250
992 0 1000 250
988 500 1000 750
968 500 988 750
964 250 1000 500
917 250 964 500
910 500 968 750
908 0 992 250
907 750 1000 1000
818 250 917 500
801 750 907 1000
800 500 910 750
789 0 908 250
674 500 800 750
671 750 801 1000
670 250 818 500
621 0 789 250
505 500 674 750
500 250 670 500
493 750 671 1000
440 0 621 250
301 250 500 500
294 500 505 750
250 750 493 1000
0 750 250 1000
0 500 294 750
0 250 301 500
0 0 440 250
995 250 1000 500
993 0 1000 250
993 500 1000 750
974 250 995 500
967 0 993 250
967 500 993 750
961 750 1000 1000
923 0 967 250
918 500 967 750
891 250 974 500
874 750 961 1000
834 0 923 250
820 500 918 750
781 250 891 500
764 750 874 1000
720 0 834 250
638 750 764 1000
633 250 781 500
607 500 820 750
501 0 720 250
407 250 633 500
370 500 607 750
341 750 638 1000
0 750 341 1000
0 500 370 750
0 250 407 500
0 0 501 250
993 500 1000 750
991 500 993 750
991 250 1000 500
980 250 991 500
985 750 1000 1000
974 500 991 750
974 0 1000 250
950 750 985 1000
935 0 974 250
941 250 980 500
932 500 974 750
877 500 932 750
877 0 935 250
860 250 941 500
855 750 950 1000
753 250 860 500
745 750 855 1000
738 0 877 250
725 500 877 750
477 0 738 250
434 250 753 500
382 500 725 750
380 750 745 1000
0 750 380 1000
0 500 382 750
0 250 434 500
0 0 477 250
990 250 1000 500
990 500 1000 750
989 750 1000 1000
956 750 989 1000
955 250 990 500
952 0 1000 250
946 500 990 750
899 250 955 500
880 500 946 750
890 750 956 1000
880 0 952 250
814 750 890 1000
790 0 880 250
761 500 880 750
749 250 899 500
654 750 814 1000
627 0 790 250
583 500 761 750
567 250 749 500
444 0 627 250
381 250 567 500
379 500 583 750
354 750 654 1000
0 750 354 1000
0 500 379 750
0 250 381 500
0 0 444 250
972 500 1000 750
972 250 1000 500
971 0 1000 250
955 750 1000 1000
932 0 971 250
930 250 972 500
926 500 972 750
873 0 932 250
896 750 955 1000
863 250 930 500
851 500 926 750
783 0 873 250
760 500 851 750
752 250 863 500
744 750 896 1000
629 0 783 250
602 500 760 750
593 250 752 500
566 750 744 1000
429 0 629 250
382 250 593 500
356 500 602 750
0 750 283 1000
283 750 566 1000
0 500 356 750
0 250 382 500
0 0 429 250
996 750 1000 1000
985 500 1000 750
984 0 1000 250
963 500 985 750
962 750 996 1000
959 250 1000 500
943 0 984 250
919 750 962 1000
919 500 963 750
866 750 919 1000
856 500 919 750
855 250 959 500
834 0 943 250
733 250 855 500
709 0 834 250
708 500 856 750
704 750 866 1000
540 500 708 750
530 750 704 1000
522 0 709 250
516 250 733 500
322 500 540 750
310 750 530 1000
0 750 310 1000
0 500 322 750
0 250 516 500
0 0 522 250
993 0 1000 250
993 250 1000 500
989 750 1000 1000
989 500 1000 750
952 750 989 1000
944 500 989 750
941 250 993 500
940 0 993 250
891 750 952 1000
876 0 940 250
877 250 941 500
880 500 944 750
792 250 877 500
781 0 876 250
775 500 880 750
773 750 891 1000
653 500 775 750
642 250 792 500
608 0 781 250
588 750 773 1000
413 250 642 500
379 500 653 750
305 750 588 1000
0 750 305 1000
0 500 379 750
0 250 413 500
0 0 608 250
980 750 1000 1000
978 250 1000 500
977 500 1000 750
931 0 1000 250
903 250 978 500
905 750 980 1000
901 500 977 750
843 0 931 250
817 750 905 1000
804 250 903 500
798 500 901 750
704 750 817 1000
729 0 843 250
681 250 804 500
674 500 798 750
587 0 729 250
526 250 681 500
517 500 674 750
514 750 704 1000
388 0 587 250
290 250 526 500
274 500 517 750
261 750 514 1000
0 750 261 1000
0 500 274 750
0 250 290 500
0 0 388 250
995 250 1000 500
993 0 1000 250
982 500 1000 750
979 250 995 500
959 250 979 500
942 500 982 750
940 0 993 250
932 750 1000 1000
880 250 959 500
862 500 942 750
840 750 932 1000
837 0 940 250
765 250 880 500
739 500 862 750
707 750 840 1000
698 0 837 250
615 250 765 500
585 500 739 750
552 750 707 1000
507 0 698 250
411 250 615 500
379 500 585 750
308 750 552 1000
0 750 308 1000
0 500 379 750
0 250 411 500
0 0 507 250
995 250 1000 500
993 500 1000 750
991 0 1000 250
985 750 1000 1000
969 0 991 250
966 500 993 750
962 250 995 500
936 750 985 1000
919 0 969 250
909 250 962 500
893 500 966 750
857 750 936 1000
830 0 919 250
816 250 909 500
790 500 893 750
751 750 857 1000
705 0 830 250
683 250 816 500
655 500 790 750
508 0 705 250
456 250 683 500
403 500 655 750
390 750 751 1000
0 750 390 1000
0 500 403 750
0 250 456 500
0 0 508 250
