981 0 1000 333
954 333 1000 666
596 666 655 999
655 666 722 999
514 666 596 999
915 666 1000 999
825 666 915 999
423 666 514 999
233 666 328 999
328 666 423 999
136 666 233 999
722 666 825 999
0 666 136 999
812 333 954 666
286 333 549 666
549 333 812 666
0 333 286 666
677 0 981 333
368 0 677 333
0 0 368 333
990 333 1000 666
987 0 1000 333
960 333 990 666
673 666 722 999
553 666 613 999
613 666 673 999
915 0 987 333
915 666 1000 999
467 666 553 999
825 666 915 999
866 333 960 666
722 666 825 999
321 666 467 999
174 666 321 999
0 666 174 999
660 333 866 666
427 333 660 666
0 333 427 666
477 0 915 333
0 0 477 333
999 0 1000 333
977 333 1000 666
933 333 977 666
500 666 583 999
915 666 1000 999
825 666 915 999
409 666 500 999
722 666 825 999
282 666 409 999
148 666 282 999
862 0 999 333
583 666 722 999
0 666 148 999
782 333 933 666
628 333 782 666
440 333 628 666
250 333 440 666
0 333 250 666
493 0 862 333
0 0 493 333
979 333 1000 666
971 0 1000 333
915 666 1000 999
205 666 291 999
117 666 205 999
825 666 915 999
887 333 979 666
722 666 825 999
0 666 117 999
762 333 887 666
631 333 762 666
583 666 722 999
291 666 433 999
433 666 583 999
452 333 631 666
238 333 452 666
0 333 238 666
674 0 971 333
0 0 337 333
337 0 674 333
998 0 1000 333
996 333 1000 666
985 333 996 666
978 0 998 333
946 0 978 333
915 666 1000 999
825 666 915 999
722 666 825 999
583 666 722 999
283 666 433 999
433 666 583 999
0 666 283 999
825 333 985 666
632 333 825 666
431 333 632 666
216 333 431 666
0 333 216 666
728 0 946 333
472 0 728 333
0 0 472 333
981 333 1000 666
734 666 754 999
947 333 981 666
700 666 734 999
646 666 700 999
579 666 646 999
754 666 825 999
502 666 579 999
338 666 420 999
420 666 502 999
915 666 1000 999
825 666 915 999
893 0 1000 333
201 666 338 999
0 666 201 999
690 333 947 666
382 333 690 666
511 0 893 333
0 333 382 666
0 0 511 333
984 333 1000 666
726 666 773 999
677 666 726 999
773 666 825 999
622 666 677 999
559 666 622 999
915 666 1000 999
825 666 915 999
907 0 1000 333
457 666 559 999
878 333 984 666
322 666 457 999
169 666 322 999
0 666 169 999
690 333 878 666
488 333 690 666
278 333 488 666
0 333 278 666
474 0 907 333
0 0 474 333
978 333 1000 666
476 666 513 999
431 666 476 999
371 666 431 999
513 666 583 999
223 666 297 999
297 666 371 999
915 666 1000 999
135 666 223 999
825 666 915 999
887 333 978 666
722 666 825 999
0 666 135 999
583 666 722 999
746 333 887 666
533 333 746 666
297 333 533 666
728 0 1000 333
0 333 297 666
0 0 728 333
994 0 1000 333
985 0 994 333
948 333 1000 666
369 666 433 999
303 666 369 999
221 666 303 999
915 666 1000 999
825 666 915 999
124 666 221 999
722 666 825 999
861 0 985 333
0 666 124 999
583 666 722 999
433 666 583 999
614 333 781 666
781 333 948 666
424 333 614 666
657 0 861 333
0 333 424 666
0 0 657 333
991 0 1000 333
968 333 1000 666
918 0 991 333
915 666 1000 999
825 666 915 999
722 666 825 999
0 666 126 999
858 333 968 666
738 333 858 666
583 666 722 999
594 333 738 666
283 666 433 999
433 666 583 999
126 666 283 999
408 333 594 666
207 333 408 666
0 333 207 666
676 0 918 333
414 0 676 333
0 0 414 333
997 0 1000 333
989 0 997 333
975 333 1000 666
362 666 445 999
277 666 362 999
915 666 1000 999
889 333 975 666
825 666 915 999
722 666 825 999
156 666 277 999
445 666 583 999
583 666 722 999
0 666 156 999
725 333 889 666
542 333 725 666
274 333 542 666
0 333 274 666
690 0 989 333
363 0 690 333
0 0 363 333
994 0 1000 333
698 666 722 999
673 666 698 999
968 0 994 333
959 333 1000 666
612 666 673 999
546 666 612 999
479 666 546 999
395 666 479 999
915 666 1000 999
825 666 915 999
722 666 825 999
291 666 395 999
185 666 291 999
0 666 185 999
758 0 968 333
713 333 959 666
385 333 713 666
0 333 385 666
0 0 758 333
995 0 1000 333
558 666 601 999
494 666 558 999
424 666 494 999
352 666 424 999
267 666 352 999
915 666 1000 999
825 666 915 999
902 333 1000 666
164 666 267 999
722 666 825 999
601 666 722 999
0 666 164 999
727 333 902 666
545 333 727 666
294 333 545 666
0 333 294 666
694 0 995 333
358 0 694 333
0 0 358 333
991 0 1000 333
331 666 371 999
287 666 331 999
371 666 433 999
221 666 287 999
899 333 1000 666
915 666 1000 999
825 666 915 999
722 666 825 999
112 666 221 999
0 666 112 999
583 666 722 999
433 666 583 999
736 333 899 666
567 333 736 666
761 0 991 333
310 333 567 666
0 333 310 666
403 0 761 333
0 0 403 333
976 0 1000 333
953 333 1000 666
91 666 172 999
915 666 1000 999
825 666 915 999
0 666 91 999
722 666 825 999
846 333 953 666
172 666 283 999
727 333 846 666
583 666 722 999
578 333 727 666
283 666 433 999
433 666 583 999
420 333 578 666
218 333 420 666
0 333 218 666
752 0 976 333
483 0 752 333
0 0 483 333
996 0 1000 333
989 0 996 333
971 333 1000 666
974 0 989 333
943 333 971 666
942 0 974 333
915 666 1000 999
825 666 915 999
722 666 825 999
583 666 722 999
0 666 433 999
433 666 583 999
775 333 943 666
604 333 775 666
418 333 604 666
215 333 418 666
0 333 215 666
696 0 942 333
445 0 696 333
0 0 445 333
376 666 433 999
316 666 376 999
915 666 1000 999
228 666 316 999
825 666 915 999
722 666 825 999
118 666 228 999
0 666 118 999
875 333 1000 666
749 333 875 666
614 333 749 666
583 666 722 999
433 666 583 999
845 0 1000 333
434 333 614 666
232 333 434 666
0 333 232 666
608 0 845 333
361 0 608 333
0 0 361 333
978 0 1000 333
434 666 481 999
481 666 528 999
386 666 434 999
336 666 386 999
528 666 583 999
940 333 1000 666
915 666 1000 999
825 666 915 999
722 666 825 999
583 666 722 999
194 666 336 999
831 0 978 333
0 666 194 999
735 333 940 666
526 333 735 666
284 333 526 666
0 333 284 666
526 0 831 333
0 0 526 333
991 0 1000 333
974 333 1000 666
977 0 991 333
925 0 977 333
915 666 1000 999
825 666 915 999
722 666 825 999
839 333 974 666
583 666 722 999
699 333 839 666
551 333 699 666
283 666 433 999
433 666 583 999
0 666 283 999
388 333 551 666
208 333 388 666
0 333 208 666
635 0 925 333
331 0 635 333
0 0 331 333
996 0 1000 333
989 333 1000 666
963 0 996 333
915 666 1000 999
352 666 438 999
263 666 352 999
825 666 915 999
166 666 263 999
722 666 825 999
835 0 963 333
583 666 722 999
438 666 583 999
0 666 166 999
818 333 989 666
643 333 818 666
452 333 643 666
250 333 452 666
0 333 250 666
500 0 835 333
0 0 500 333
417 666 484 999
349 666 417 999
915 666 1000 999
825 666 915 999
254 666 349 999
484 666 583 999
892 333 1000 666
722 666 825 999
128 666 254 999
0 666 128 999
754 333 892 666
583 666 722 999
832 0 1000 333
576 333 754 666
393 333 576 666
200 333 393 666
0 333 200 666
593 0 832 333
307 0 593 333
0 0 307 333
997 0 1000 333
992 333 1000 666
982 333 992 666
957 333 982 666
603 666 650 999
540 666 603 999
472 666 540 999
650 666 722 999
394 666 472 999
917 0 997 333
915 666 1000 999
825 666 915 999
722 666 825 999
276 666 394 999
140 666 276 999
0 666 140 999
721 333 957 666
405 333 721 666
0 333 405 666
0 0 917 333
994 333 1000 666
995 0 1000 333
974 333 994 666
915 666 1000 999
825 666 915 999
722 666 825 999
0 666 126 999
849 333 974 666
860 0 995 333
583 666 722 999
283 666 433 999
433 666 583 999
126 666 283 999
656 333 849 666
455 333 656 666
242 333 455 666
0 333 242 666
580 0 860 333
296 0 580 333
0 0 296 333
980 0 1000 333
936 0 980 333
775 666 825 999
696 666 775 999
915 666 1000 999
607 666 696 999
825 666 915 999
515 666 607 999
889 333 1000 666
395 666 515 999
265 666 395 999
133 666 265 999
0 666 133 999
744 333 889 666
580 333 744 666
391 333 580 666
196 333 391 666
0 333 196 666
698 0 936 333
0 0 698 333
