913 0 1000 1000
769 0 913 1000
611 0 769 1000
370 0 611 1000
0 0 370 1000
912 0 1000 1000
766 0 912 1000
334 0 535 1000
535 0 766 1000
0 0 334 1000
885 0 912 1000
912 0 1000 1000
701 0 885 1000
452 0 701 1000
0 0 452 1000
912 0 1000 1000
766 0 912 1000
530 0 766 1000
283 0 530 1000
0 0 283 1000
868 0 912 1000
812 0 868 1000
912 0 1000 1000
591 0 812 1000
0 0 591 1000
912 0 1000 1000
766 0 912 1000
596 0 766 1000
345 0 596 1000
0 0 345 1000
912 0 1000 1000
775 0 912 1000
636 0 775 1000
388 0 636 1000
0 0 388 1000
834 0 912 1000
751 0 834 1000
912 0 1000 1000
497 0 751 1000
0 0 497 1000
912 0 1000 1000
781 0 912 1000
617 0 781 1000
435 0 617 1000
0 0 435 1000
912 0 1000 1000
815 0 912 1000
643 0 815 1000
359 0 643 1000
0 0 359 1000
912 0 1000 1000
766 0 912 1000
530 0 766 1000
283 0 530 1000
0 0 283 1000
844 0 912 1000
765 0 844 1000
912 0 1000 1000
546 0 765 1000
0 0 546 1000
912 0 1000 1000
766 0 912 1000
557 0 766 1000
311 0 557 1000
0 0 311 1000
912 0 1000 1000
766 0 912 1000
564 0 766 1000
295 0 564 1000
0 0 295 1000
912 0 1000 1000
777 0 912 1000
614 0 777 1000
372 0 614 1000
0 0 372 1000
912 0 1000 1000
788 0 912 1000
612 0 788 1000
373 0 612 1000
0 0 373 1000
912 0 1000 1000
766 0 912 1000
531 0 766 1000
272 0 531 1000
0 0 272 1000
912 0 1000 1000
801 0 912 1000
542 0 801 1000
276 0 542 1000
0 0 276 1000
780 0 827 1000
827 0 912 1000
912 0 1000 1000
640 0 780 1000
0 0 640 1000
912 0 1000 1000
789 0 912 1000
642 0 789 1000
349 0 642 1000
0 0 349 1000
867 0 912 1000
791 0 867 1000
912 0 1000 1000
593 0 791 1000
0 0 593 1000
912 0 1000 1000
766 0 912 1000
299 0 530 1000
530 0 766 1000
0 0 299 1000
929 0 1000 1000
888 0 929 1000
803 0 888 1000
491 0 803 1000
0 0 491 1000
933 0 1000 1000
910 0 933 1000
879 0 910 1000
522 0 879 1000
0 0 522 1000
864 0 912 1000
912 0 1000 1000
765 0 864 1000
478 0 765 1000
0 0 478 1000
930 0 1000 1000
882 0 930 1000
684 0 882 1000
354 0 684 1000
0 0 354 1000
912 0 1000 1000
766 0 912 1000
600 0 766 1000
407 0 600 1000
0 0 407 1000
912 0 1000 1000
766 0 912 1000
606 0 766 1000
383 0 606 1000
0 0 383 1000
912 0 1000 1000
805 0 912 1000
601 0 805 1000
395 0 601 1000
0 0 395 1000
706 0 794 1000
912 0 1000 1000
595 0 706 1000
794 0 912 1000
0 0 595 1000
912 0 1000 1000
785 0 912 1000
594 0 785 1000
366 0 594 1000
0 0 366 1000
874 0 885 1000
885 0 912 1000
912 0 1000 1000
472 0 874 1000
0 0 472 1000
847 0 912 1000
912 0 1000 1000
737 0 847 1000
541 0 737 1000
0 0 541 1000
739 0 823 1000
912 0 1000 1000
823 0 912 1000
632 0 739 1000
0 0 632 1000
917 0 1000 1000
847 0 917 1000
763 0 847 1000
673 0 763 1000
0 0 673 1000
912 0 1000 1000
703 0 806 1000
806 0 912 1000
411 0 703 1000
0 0 411 1000
