994 250 1000 500
979 750 1000 1000
979 500 1000 750
966 750 979 1000
965 500 979 750
951 750 966 1000
946 500 965 750
932 750 951 1000
919 500 946 750
966 250 994 500
884 500 919 750
876 750 932 1000
817 750 876 1000
816 500 884 750
746 500 816 750
747 750 817 1000
674 500 746 750
672 750 747 1000
576 750 672 1000
902 0 1000 250
573 500 674 750
473 750 576 1000
466 500 573 750
362 750 473 1000
352 500 466 750
836 250 966 500
186 500 352 750
183 750 362 1000
0 750 183 1000
0 500 186 750
636 250 836 500
428 250 636 500
216 250 428 500
0 250 216 500
680 0 902 250
385 0 680 250
0 0 385 250
971 500 1000 750
955 500 971 750
954 750 976 1000
931 750 954 1000
976 750 1000 1000
926 500 955 750
895 500 926 750
892 750 931 1000
853 500 895 750
849 750 892 1000
809 500 853 750
803 750 849 1000
754 750 803 1000
754 500 809 750
697 500 754 750
696 750 754 1000
632 500 697 750
630 750 696 1000
930 250 1000 500
544 750 630 1000
544 500 632 750
448 750 544 1000
444 500 544 750
889 0 1000 250
328 500 444 750
321 750 448 1000
192 500 328 750
178 750 321 1000
0 750 178 1000
0 500 192 750
728 250 930 500
497 250 728 500
264 250 497 500
0 250 264 500
622 0 889 250
354 0 622 250
0 0 354 250
989 250 1000 500
966 750 976 1000
948 500 967 750
947 750 966 1000
927 750 947 1000
926 500 948 750
976 750 1000 1000
899 500 926 750
896 750 927 1000
967 500 1000 750
864 500 899 750
859 750 896 1000
816 750 859 1000
814 500 864 750
765 750 816 1000
761 500 814 750
711 750 765 1000
705 500 761 750
652 750 711 1000
645 500 705 750
575 500 645 750
569 750 652 1000
477 750 569 1000
890 250 989 500
333 500 454 750
454 500 575 750
332 750 477 1000
838 0 1000 250
168 500 333 750
0 750 166 1000
166 750 332 1000
0 500 168 750
690 250 890 500
446 250 690 500
568 0 838 250
0 250 446 500
0 0 568 250
996 0 1000 250
977 500 1000 750
985 0 996 250
966 500 977 750
959 750 976 1000
948 500 966 750
940 750 959 1000
926 500 948 750
976 750 1000 1000
914 750 940 1000
895 500 926 750
880 750 914 1000
854 500 895 750
838 750 880 1000
794 750 838 1000
792 500 854 750
730 750 794 1000
725 500 792 750
650 750 730 1000
635 500 725 750
557 750 650 1000
535 500 635 750
433 500 535 750
875 250 1000 500
305 500 433 750
429 750 557 1000
300 750 429 1000
175 500 305 750
165 750 300 1000
0 750 165 1000
0 500 175 750
746 0 985 250
599 250 875 500
302 250 599 500
0 250 302 500
387 0 746 250
0 0 387 250
993 0 1000 250
978 0 993 250
977 750 1000 1000
977 250 1000 500
977 500 1000 750
950 500 977 750
949 750 977 1000
946 250 977 500
944 0 978 250
906 0 944 250
903 500 950 750
896 250 946 500
851 0 906 250
894 750 949 1000
835 750 894 1000
833 250 896 500
831 500 903 750
773 0 851 250
750 250 833 500
742 500 831 750
739 750 835 1000
665 0 773 250
637 250 750 500
626 750 739 1000
625 500 742 750
543 0 665 250
493 250 637 500
472 500 625 750
461 750 626 1000
370 0 543 250
304 250 493 500
271 500 472 750
236 750 461 1000
0 750 236 1000
0 500 271 750
0 250 304 500
0 0 370 250
991 0 1000 250
979 500 1000 750
977 0 991 250
976 750 1000 1000
975 250 1000 500
948 250 975 500
949 750 976 1000
948 0 977 250
946 500 979 750
909 750 949 1000
907 0 948 250
903 250 948 500
900 500 946 750
855 750 909 1000
851 0 907 250
846 250 903 500
837 500 900 750
782 250 846 500
782 0 851 250
767 500 837 750
761 750 855 1000
687 250 782 500
682 0 782 250
661 750 761 1000
651 500 767 750
551 0 682 250
542 250 687 500
486 500 651 750
483 750 661 1000
338 0 551 250
308 250 542 500
250 500 486 750
244 750 483 1000
0 750 244 1000
0 500 250 750
0 250 308 500
0 0 338 250
986 0 1000 250
978 250 1000 500
977 0 986 250
972 500 1000 750
976 750 1000 1000
953 250 978 500
951 0 977 250
924 0 951 250
945 500 972 750
916 750 944 1000
914 500 945 750
944 750 976 1000
914 250 953 500
882 0 924 250
869 500 914 750
865 250 914 500
813 250 865 500
864 750 916 1000
811 750 864 1000
811 500 869 750
809 0 882 250
730 500 811 750
716 0 809 250
707 250 813 500
705 750 811 1000
607 0 716 250
550 250 707 500
573 500 730 750
538 750 705 1000
429 0 607 250
370 250 550 500
337 500 573 750
281 750 538 1000
0 750 281 1000
0 500 337 750
0 250 370 500
0 0 429 250
968 500 1000 750
957 500 968 750
941 500 957 750
931 750 948 1000
923 500 941 750
902 500 923 750
976 750 1000 1000
948 750 976 1000
901 750 931 1000
868 500 902 750
866 750 901 1000
960 250 1000 500
825 500 868 750
778 500 825 750
819 750 866 1000
769 750 819 1000
724 500 778 750
709 750 769 1000
938 0 1000 250
659 500 724 750
643 750 709 1000
589 500 659 750
571 750 643 1000
507 500 589 750
488 750 571 1000
399 750 488 1000
388 500 507 750
262 500 388 750
273 750 399 1000
137 750 273 1000
0 750 137 1000
805 250 960 500
0 500 262 750
527 250 805 500
648 0 938 250
0 250 527 500
0 0 648 250
997 250 1000 500
991 250 997 500
985 0 1000 250
952 500 967 750
976 750 1000 1000
926 500 952 750
949 750 976 1000
921 750 949 1000
895 500 926 750
889 750 921 1000
862 500 895 750
967 500 1000 750
854 750 889 1000
826 500 862 750
815 750 854 1000
774 500 826 750
757 750 815 1000
708 500 774 750
691 750 757 1000
623 750 691 1000
914 0 985 250
620 500 708 750
531 750 623 1000
519 500 620 750
428 750 531 1000
413 500 519 750
306 500 413 750
301 750 428 1000
174 500 306 750
161 750 301 1000
841 250 991 500
0 750 161 1000
0 500 174 750
628 250 841 500
663 0 914 250
0 250 628 500
0 0 663 250
999 250 1000 500
978 500 1000 750
979 750 1000 1000
973 500 978 750
970 750 979 1000
990 0 1000 250
960 750 970 1000
959 500 973 750
933 500 959 750
932 750 960 1000
903 750 932 1000
902 500 933 750
857 500 902 750
855 750 903 1000
805 750 855 1000
802 500 857 750
745 500 802 750
742 750 805 1000
680 500 745 750
669 750 742 1000
601 500 680 750
586 750 669 1000
501 750 586 1000
495 500 601 750
362 500 495 750
368 750 501 1000
206 500 362 750
839 250 999 500
190 750 368 1000
0 750 190 1000
0 500 206 750
768 0 990 250
581 250 839 500
299 250 581 500
0 250 299 500
407 0 768 250
0 0 407 250
998 0 1000 250
985 750 1000 1000
984 500 1000 750
977 500 984 750
987 250 1000 500
971 750 985 1000
961 500 977 750
953 750 971 1000
938 500 961 750
911 500 938 750
926 750 953 1000
896 750 926 1000
876 500 911 750
847 750 896 1000
821 500 876 750
790 750 847 1000
930 0 998 250
750 500 821 750
677 500 750 750
717 750 790 1000
641 750 717 1000
598 500 677 750
497 500 598 750
856 250 987 500
492 750 641 1000
338 750 492 1000
179 500 338 750
338 500 497 750
172 750 338 1000
0 750 172 1000
0 500 179 750
674 250 856 500
727 0 930 250
357 250 674 500
0 250 357 500
365 0 727 250
0 0 365 250
997 250 1000 500
990 250 997 500
968 500 1000 750
949 500 968 750
926 500 949 750
976 750 1000 1000
922 750 948 1000
894 750 922 1000
948 750 976 1000
862 500 894 750
894 500 926 750
860 750 894 1000
827 500 862 750
824 750 860 1000
788 500 827 750
784 750 824 1000
743 750 784 1000
734 500 788 750
674 500 734 750
664 750 743 1000
593 500 674 750
582 750 664 1000
498 500 593 750
483 750 582 1000
398 500 498 750
369 750 483 1000
872 250 990 500
853 0 1000 250
242 500 398 750
208 750 369 1000
0 750 208 1000
0 500 242 750
611 250 872 500
338 250 611 500
0 250 338 500
513 0 853 250
0 0 513 250
983 500 1000 750
978 750 1000 1000
992 250 1000 500
968 750 978 1000
987 0 1000 250
965 500 983 750
947 750 968 1000
907 500 936 750
936 500 965 750
906 750 947 1000
860 500 907 750
857 750 906 1000
808 500 860 750
802 750 857 1000
752 500 808 750
743 750 802 1000
679 750 743 1000
679 500 752 750
598 500 679 750
587 750 679 1000
897 250 992 500
492 750 587 1000
891 0 987 250
487 500 598 750
353 500 487 750
344 750 492 1000
193 500 353 750
176 750 344 1000
0 750 176 1000
0 500 193 750
461 250 679 500
679 250 897 500
240 250 461 500
0 250 240 500
634 0 891 250
354 0 634 250
0 0 354 250
992 250 1000 500
991 750 1000 1000
985 750 991 1000
983 250 992 500
982 0 1000 250
965 0 982 250
964 250 983 500
963 750 985 1000
967 500 1000 750
926 0 965 250
913 250 964 500
911 750 963 1000
914 500 967 750
872 0 926 250
857 750 911 1000
855 250 913 500
856 500 914 750
811 0 872 250
795 750 857 1000
783 500 856 750
773 250 855 500
706 0 811 250
688 750 795 1000
664 250 773 500
666 500 783 750
585 0 706 250
558 750 688 1000
522 250 664 500
521 500 666 750
436 0 585 250
365 250 522 500
354 500 521 750
291 750 558 1000
0 750 291 1000
0 500 354 750
0 250 365 500
0 0 436 250
991 500 1000 750
998 250 1000 500
989 750 1000 1000
988 500 991 750
983 750 989 1000
973 750 983 1000
987 250 998 500
986 0 1000 250
973 500 988 750
955 500 973 750
954 750 973 1000
923 750 954 1000
922 500 955 750
889 750 923 1000
886 500 922 750
852 750 889 1000
841 500 886 750
926 0 986 250
754 500 841 750
751 750 852 1000
648 500 754 750
634 750 751 1000
521 500 648 750
504 750 634 1000
363 500 521 750
204 500 363 750
345 750 504 1000
179 750 345 1000
0 750 179 1000
0 500 204 750
770 250 987 500
524 250 770 500
270 250 524 500
0 250 270 500
645 0 926 250
358 0 645 250
0 0 358 250
973 500 1000 750
965 500 973 750
968 750 976 1000
958 750 968 1000
976 750 1000 1000
974 250 1000 500
937 500 965 750
929 750 958 1000
907 500 937 750
898 750 929 1000
862 750 898 1000
817 500 862 750
862 500 907 750
816 750 862 1000
766 500 817 750
759 750 816 1000
694 500 766 750
677 750 759 1000
590 750 677 1000
912 0 1000 250
590 500 694 750
480 500 590 750
476 750 590 1000
335 500 480 750
324 750 476 1000
168 750 324 1000
168 500 335 750
0 500 168 750
0 750 168 1000
804 250 974 500
623 250 804 500
433 250 623 500
232 250 433 500
0 250 232 500
643 0 912 250
348 0 643 250
0 0 348 250
973 500 1000 750
953 500 973 750
931 750 953 1000
953 750 976 1000
976 750 1000 1000
928 500 953 750
905 750 931 1000
898 500 928 750
871 750 905 1000
861 500 898 750
828 750 871 1000
951 0 1000 250
804 500 861 750
746 500 804 750
770 750 828 1000
683 500 746 750
707 750 770 1000
642 750 707 1000
610 500 683 750
563 750 642 1000
511 500 610 750
464 750 563 1000
410 500 511 750
353 750 464 1000
298 500 410 750
183 500 298 750
879 250 1000 500
181 750 353 1000
0 750 181 1000
0 500 183 750
692 250 879 500
484 250 692 500
245 250 484 500
0 250 245 500
662 0 951 250
369 0 662 250
0 0 369 250
988 0 1000 250
944 750 959 1000
959 750 976 1000
918 500 942 750
976 750 1000 1000
942 500 967 750
916 750 944 1000
967 500 1000 750
869 500 918 750
819 500 869 750
816 750 866 1000
866 750 916 1000
937 0 988 250
750 500 819 750
746 750 816 1000
923 250 1000 500
651 500 750 750
647 750 746 1000
543 750 647 1000
543 500 651 750
433 750 543 1000
432 500 543 750
318 500 432 750
312 750 433 1000
170 750 312 1000
170 500 318 750
0 500 170 750
0 750 170 1000
751 250 923 500
575 250 751 500
391 250 575 500
198 250 391 500
0 250 198 500
730 0 937 250
498 0 730 250
265 0 498 250
0 0 265 250
999 0 1000 250
986 500 1000 750
981 750 984 1000
984 750 1000 1000
980 500 986 750
968 500 980 750
985 250 1000 500
965 750 981 1000
947 750 965 1000
945 500 968 750
911 750 947 1000
903 500 945 750
858 500 903 750
949 0 999 250
857 750 911 1000
799 750 857 1000
795 500 858 750
728 500 795 750
727 750 799 1000
651 500 728 750
646 750 727 1000
551 750 646 1000
548 500 651 750
438 500 548 750
436 750 551 1000
315 500 438 750
191 500 315 750
312 750 436 1000
175 750 312 1000
0 750 175 1000
0 500 191 750
792 250 985 500
555 250 792 500
286 250 555 500
0 250 286 500
627 0 949 250
0 0 627 250
997 250 1000 500
972 500 1000 750
964 500 972 750
991 0 1000 250
987 250 997 500
976 750 1000 1000
938 500 964 750
942 750 976 1000
902 500 938 750
949 250 987 500
886 750 942 1000
843 500 902 750
783 500 843 750
826 750 886 1000
714 500 783 750
741 750 826 1000
646 750 741 1000
618 500 714 750
549 750 646 1000
515 500 618 750
439 750 549 1000
401 500 515 750
282 500 401 750
308 750 439 1000
142 500 282 750
0 750 168 1000
168 750 308 1000
0 500 142 750
798 250 949 500
625 250 798 500
804 0 991 250
418 250 625 500
210 250 418 500
0 250 210 500
587 0 804 250
358 0 587 250
0 0 358 250
987 500 1000 750
979 500 987 750
984 750 1000 1000
975 750 984 1000
963 750 975 1000
962 500 979 750
944 500 962 750
978 0 1000 250
933 750 963 1000
898 750 933 1000
898 500 944 750
849 750 898 1000
848 500 898 750
783 500 848 750
782 750 849 1000
712 500 783 750
709 750 782 1000
924 250 1000 500
631 750 709 1000
630 500 712 750
546 750 631 1000
543 500 630 750
445 750 546 1000
426 500 543 750
326 750 445 1000
302 500 426 750
167 500 302 750
165 750 326 1000
0 750 165 1000
0 500 167 750
740 250 924 500
538 250 740 500
297 250 538 500
727 0 978 250
0 250 297 500
367 0 727 250
0 0 367 250
998 0 1000 250
988 500 1000 750
982 750 1000 1000
980 500 988 750
967 750 982 1000
961 500 980 750
946 750 967 1000
937 500 961 750
921 750 946 1000
909 500 937 750
877 500 909 750
951 250 1000 500
871 750 921 1000
819 500 877 750
813 750 871 1000
738 750 813 1000
737 500 819 750
651 500 737 750
649 750 738 1000
558 750 649 1000
547 500 651 750
890 0 998 250
424 500 547 750
423 750 558 1000
286 750 423 1000
286 500 424 750
147 500 286 750
144 750 286 1000
0 750 144 1000
0 500 147 750
797 250 951 500
634 250 797 500
444 250 634 500
243 250 444 500
0 250 243 500
540 0 890 250
0 0 540 250
996 250 1000 500
997 0 1000 250
977 500 1000 750
964 500 977 750
981 0 997 250
976 750 1000 1000
939 500 964 750
911 500 939 750
965 250 996 500
945 750 976 1000
908 750 945 1000
857 500 911 750
854 750 908 1000
800 500 857 750
792 750 854 1000
733 500 800 750
723 750 792 1000
663 500 733 750
584 500 663 750
565 750 644 1000
644 750 723 1000
503 500 584 750
483 750 565 1000
411 500 503 750
388 750 483 1000
313 500 411 750
289 750 388 1000
202 500 313 750
151 750 289 1000
0 750 151 1000
827 0 981 250
0 500 202 750
745 250 965 500
515 250 745 500
519 0 827 250
0 250 515 500
0 0 519 250
995 0 1000 250
993 250 1000 500
983 500 1000 750
980 750 1000 1000
965 750 980 1000
964 500 983 750
944 500 964 750
922 500 944 750
943 750 965 1000
920 750 943 1000
892 750 920 1000
891 500 922 750
858 500 891 750
857 750 892 1000
959 0 995 250
812 500 858 750
808 750 857 1000
753 750 808 1000
753 500 812 750
690 750 753 1000
687 500 753 750
611 750 690 1000
588 500 687 750
482 500 588 750
879 250 993 500
469 750 611 1000
337 500 482 750
319 750 469 1000
184 500 337 750
165 750 319 1000
0 750 165 1000
0 500 184 750
663 250 879 500
712 0 959 250
364 250 663 500
0 250 364 500
0 0 712 250
992 250 1000 500
990 750 1000 1000
988 500 1000 750
982 0 1000 250
973 250 992 500
969 500 988 750
971 750 990 1000
958 0 982 250
944 500 969 750
943 750 971 1000
943 250 973 500
923 0 958 250
904 500 944 750
903 750 943 1000
899 250 943 500
855 0 923 250
833 500 904 750
830 750 903 1000
824 250 899 500
776 0 855 250
739 750 830 1000
736 500 833 750
716 250 824 500
664 0 776 250
604 250 716 500
603 500 736 750
599 750 739 1000
462 250 604 500
447 500 603 750
442 750 599 1000
289 250 462 500
250 500 447 750
233 750 442 1000
0 750 233 1000
0 500 250 750
0 250 289 500
0 0 664 250
970 500 1000 750
966 500 970 750
992 0 1000 250
956 500 966 750
949 750 959 1000
937 750 949 1000
959 750 976 1000
936 500 956 750
916 750 937 1000
976 750 1000 1000
909 500 936 750
880 500 909 750
870 750 916 1000
823 750 870 1000
822 500 880 750
939 250 1000 500
757 500 822 750
758 750 823 1000
690 500 757 750
680 750 758 1000
912 0 992 250
610 500 690 750
591 750 680 1000
520 500 610 750
489 750 591 1000
376 750 489 1000
373 500 520 750
201 500 373 750
195 750 376 1000
0 750 195 1000
0 500 201 750
726 250 939 500
492 250 726 500
249 250 492 500
0 250 249 500
568 0 912 250
0 0 568 250
992 750 1000 1000
990 0 1000 250
988 250 1000 500
980 250 988 500
975 500 1000 750
970 0 990 250
968 750 992 1000
948 500 975 750
947 250 980 500
933 750 968 1000
933 0 970 250
909 250 947 500
907 500 948 750
852 500 907 750
852 250 909 500
850 0 933 250
849 750 933 1000
759 750 849 1000
756 500 852 750
755 250 852 500
746 0 850 250
640 0 746 250
650 500 756 750
631 250 755 500
629 750 759 1000
498 0 640 250
476 750 629 1000
465 250 631 500
461 500 650 750
307 0 498 250
264 250 465 500
252 500 461 750
243 750 476 1000
0 750 243 1000
0 500 252 750
0 250 264 500
0 0 307 250
992 250 1000 500
992 750 1000 1000
982 750 992 1000
982 500 1000 750
979 0 1000 250
960 0 979 250
958 500 982 750
957 750 982 1000
957 250 992 500
922 750 957 1000
922 500 958 750
920 250 957 500
918 0 960 250
879 750 922 1000
877 500 922 750
873 250 920 500
861 0 918 250
811 750 879 1000
804 500 877 750
789 250 873 500
776 0 861 250
716 500 804 750
723 750 811 1000
694 250 789 500
664 0 776 250
601 500 716 750
587 750 723 1000
553 250 694 500
521 0 664 250
373 0 521 250
332 250 553 500
324 500 601 750
306 750 587 1000
0 750 306 1000
0 500 324 750
0 250 332 500
0 0 373 250
992 250 1000 500
992 750 1000 1000
988 750 992 1000
986 250 992 500
982 500 1000 750
969 250 986 500
965 500 982 750
964 750 988 1000
964 0 1000 250
922 750 964 1000
921 500 965 750
919 0 964 250
918 250 969 500
868 750 922 1000
866 500 921 750
863 0 919 250
862 250 918 500
808 500 866 750
796 250 862 500
793 0 863 250
792 750 868 1000
716 250 796 500
692 750 792 1000
692 0 793 250
689 500 808 750
564 0 692 250
558 500 689 750
546 750 692 1000
543 250 716 500
388 0 564 250
335 250 543 500
327 500 558 750
285 750 546 1000
0 750 285 1000
0 500 327 750
0 250 335 500
0 0 388 250
993 750 1000 1000
988 500 1000 750
984 750 993 1000
984 250 1000 500
979 0 1000 250
964 500 988 750
958 250 984 500
954 750 984 1000
947 0 979 250
912 0 947 250
911 750 954 1000
911 250 958 500
910 500 964 750
854 0 912 250
849 250 911 500
845 500 910 750
839 750 911 1000
776 0 854 250
757 500 845 750
753 250 849 500
740 750 839 1000
662 0 776 250
639 250 753 500
628 500 757 750
608 750 740 1000
527 0 662 250
490 250 639 500
476 500 628 750
449 750 608 1000
341 0 527 250
297 250 490 500
278 500 476 750
238 750 449 1000
0 750 238 1000
0 500 278 750
0 250 297 500
0 0 341 250
997 0 998 250
998 0 1000 250
980 750 1000 1000
979 500 1000 750
968 750 980 1000
964 500 979 750
937 500 964 750
936 750 968 1000
900 500 937 750
896 750 936 1000
854 750 896 1000
957 250 1000 500
854 500 900 750
806 500 854 750
803 750 854 1000
754 500 806 750
698 500 754 750
747 750 803 1000
689 750 747 1000
637 500 698 750
627 750 689 1000
934 0 997 250
563 500 637 750
538 750 627 1000
471 500 563 750
428 750 538 1000
360 500 471 750
237 500 360 750
801 250 957 500
228 750 428 1000
0 750 228 1000
0 500 237 750
551 250 801 500
279 250 551 500
0 250 279 500
579 0 934 250
0 0 579 250
996 250 1000 500
995 0 1000 250
982 500 1000 750
968 500 982 750
950 500 968 750
929 500 950 750
954 750 976 1000
976 750 1000 1000
902 750 928 1000
928 750 954 1000
899 500 929 750
953 0 995 250
851 500 899 750
854 750 902 1000
802 750 854 1000
797 500 851 750
941 250 996 500
737 500 797 750
735 750 802 1000
666 750 735 1000
665 500 737 750
585 500 665 750
582 750 666 1000
497 750 582 1000
484 500 585 750
376 500 484 750
370 750 497 1000
234 500 376 750
220 750 370 1000
782 250 941 500
0 750 220 1000
0 500 234 750
542 250 782 500
275 250 542 500
0 250 275 500
519 0 953 250
0 0 519 250
987 500 1000 750
983 750 1000 1000
980 500 987 750
971 500 980 750
988 0 1000 250
970 750 983 1000
973 0 988 250
941 750 970 1000
939 500 971 750
966 250 1000 500
907 750 941 1000
903 500 939 750
869 750 907 1000
863 500 903 750
818 500 863 750
824 750 869 1000
776 750 824 1000
769 500 818 750
721 750 776 1000
713 500 769 750
660 750 721 1000
645 500 713 750
591 750 660 1000
568 500 645 750
873 0 973 250
446 750 591 1000
410 500 568 750
230 500 410 750
784 250 966 500
227 750 446 1000
0 750 227 1000
0 500 230 750
545 250 784 500
282 250 545 500
0 250 282 500
510 0 873 250
0 0 510 250
971 500 1000 750
929 500 950 750
950 500 971 750
925 750 948 1000
976 750 1000 1000
903 500 929 750
897 750 925 1000
948 750 976 1000
873 500 903 750
867 750 897 1000
833 750 867 1000
829 500 873 750
786 750 833 1000
733 500 781 750
781 500 829 750
732 750 786 1000
674 500 733 750
669 750 732 1000
603 750 669 1000
603 500 674 750
523 500 603 750
523 750 603 1000
435 500 523 750
433 750 523 1000
340 750 433 1000
893 0 1000 250
321 500 435 750
205 500 321 750
193 750 340 1000
0 750 193 1000
804 250 1000 500
0 500 205 750
591 250 804 500
360 250 591 500
0 250 360 500
461 0 893 250
0 0 461 250
990 500 1000 750
990 750 1000 1000
984 0 1000 250
976 500 990 750
975 750 990 1000
975 250 1000 500
966 0 984 250
953 250 975 500
954 500 976 750
952 750 975 1000
941 0 966 250
920 750 952 1000
917 500 954 750
874 500 917 750
873 750 920 1000
871 0 941 250
870 250 953 500
773 250 870 500
771 0 871 250
768 500 874 750
766 750 873 1000
657 750 766 1000
657 500 768 750
655 0 771 250
654 250 773 500
505 500 657 750
505 750 657 1000
497 0 655 250
489 250 654 500
324 0 497 250
314 250 489 500
280 500 505 750
256 750 505 1000
0 750 256 1000
0 500 280 750
0 250 314 500
0 0 324 250
998 0 1000 250
972 500 1000 750
964 750 969 1000
969 750 976 1000
964 500 972 750
955 500 964 750
954 750 964 1000
986 0 998 250
942 750 954 1000
939 500 955 750
922 500 939 750
976 750 1000 1000
916 750 942 1000
895 500 922 750
877 750 916 1000
851 500 895 750
827 750 877 1000
776 750 827 1000
776 500 851 750
908 250 1000 500
681 500 776 750
674 750 776 1000
578 500 681 750
567 750 674 1000
463 500 578 750
448 750 567 1000
335 500 463 750
318 750 448 1000
197 500 335 750
169 750 318 1000
0 750 169 1000
0 500 197 750
693 250 908 500
427 250 693 500
582 0 986 250
0 250 427 500
0 0 582 250
