968 333 1000 666
959 0 1000 333
917 333 968 666
922 666 1000 999
839 666 922 999
826 333 917 666
746 666 839 999
645 666 746 999
697 333 826 666
554 333 697 666
498 666 645 999
345 666 498 999
0 666 184 999
184 666 345 999
305 333 554 666
0 333 305 666
594 0 959 333
0 0 594 333
995 0 1000 333
922 666 1000 999
839 666 922 999
903 0 995 333
746 666 839 999
645 666 746 999
706 333 849 666
849 333 1000 666
498 666 645 999
345 666 498 999
550 333 706 666
0 666 184 999
184 666 345 999
379 333 550 666
205 333 379 666
0 333 205 666
522 0 903 333
0 0 522 333
988 333 1000 666
979 333 988 666
923 333 979 666
922 666 1000 999
839 666 922 999
906 0 1000 333
746 666 839 999
645 666 746 999
802 333 923 666
498 666 645 999
345 666 498 999
0 666 345 999
556 333 802 666
283 333 556 666
0 333 283 666
617 0 906 333
314 0 617 333
0 0 314 333
977 0 1000 333
957 0 977 333
922 666 1000 999
839 666 922 999
746 666 839 999
645 666 746 999
854 333 1000 666
712 333 854 666
498 666 645 999
0 666 498 999
543 333 712 666
369 333 543 666
187 333 369 666
0 333 187 666
762 0 957 333
558 0 762 333
330 0 558 333
0 0 330 333
968 333 1000 666
968 0 1000 333
474 666 540 999
404 666 474 999
922 666 1000 999
839 666 922 999
311 666 404 999
746 666 839 999
645 666 746 999
540 666 645 999
855 333 968 666
842 0 968 333
691 333 855 666
0 666 311 999
362 333 691 666
0 333 362 666
464 0 842 333
0 0 464 333
524 666 573 999
934 0 1000 333
468 666 524 999
573 666 645 999
922 666 1000 999
839 666 922 999
746 666 839 999
373 666 468 999
645 666 746 999
262 666 373 999
147 666 262 999
854 333 1000 666
0 666 147 999
616 333 854 666
336 333 616 666
0 333 336 666
537 0 934 333
0 0 537 333
944 0 1000 333
479 666 557 999
922 666 1000 999
839 666 922 999
557 666 645 999
390 666 479 999
746 666 839 999
645 666 746 999
270 666 390 999
140 666 270 999
0 666 140 999
804 333 1000 666
545 333 804 666
282 333 545 666
0 333 282 666
655 0 944 333
335 0 655 333
0 0 335 333
484 666 559 999
407 666 484 999
329 666 407 999
922 666 1000 999
246 666 329 999
839 666 922 999
559 666 645 999
746 666 839 999
645 666 746 999
142 666 246 999
876 333 1000 666
0 666 142 999
723 333 876 666
823 0 1000 333
513 333 723 666
607 0 823 333
0 333 513 666
0 0 607 333
992 333 1000 666
990 0 1000 333
974 0 990 333
922 666 1000 999
839 666 922 999
746 666 839 999
645 666 746 999
870 0 974 333
382 666 498 999
235 666 382 999
498 666 645 999
794 333 992 666
0 666 235 999
541 333 794 666
283 333 541 666
0 333 283 666
495 0 870 333
0 0 495 333
925 333 1000 666
922 666 1000 999
839 666 922 999
109 666 195 999
746 666 839 999
645 666 746 999
0 666 109 999
809 333 925 666
850 0 1000 333
498 666 645 999
195 666 345 999
345 666 498 999
639 333 809 666
456 333 639 666
242 333 456 666
0 333 242 666
498 0 850 333
0 0 498 333
979 333 1000 666
967 333 979 666
983 0 1000 333
925 0 983 333
922 666 1000 999
839 666 922 999
746 666 839 999
645 666 746 999
838 333 967 666
198 666 345 999
498 666 645 999
345 666 498 999
0 666 198 999
630 333 838 666
322 333 630 666
0 333 322 666
485 0 925 333
0 0 485 333
990 0 1000 333
626 666 659 999
577 666 626 999
527 666 577 999
467 666 527 999
394 666 467 999
922 666 1000 999
311 666 394 999
839 666 922 999
659 666 746 999
746 666 839 999
199 666 311 999
879 333 1000 666
0 666 199 999
616 333 879 666
718 0 990 333
0 333 616 666
0 0 718 333
987 0 1000 333
969 0 987 333
922 666 1000 999
839 666 922 999
746 666 839 999
645 666 746 999
869 333 1000 666
498 666 645 999
345 666 498 999
714 333 869 666
0 666 184 999
184 666 345 999
546 333 714 666
774 0 969 333
315 333 546 666
0 333 315 666
404 0 774 333
0 0 404 333
957 333 1000 666
922 666 1000 999
839 666 922 999
746 666 839 999
645 666 746 999
105 666 209 999
0 666 105 999
868 0 1000 333
209 666 345 999
498 666 645 999
807 333 957 666
345 666 498 999
624 333 807 666
438 333 624 666
223 333 438 666
0 333 223 666
510 0 868 333
0 0 510 333
989 0 1000 333
972 333 1000 666
716 666 748 999
641 666 716 999
922 666 1000 999
839 666 922 999
551 666 641 999
748 666 839 999
890 0 989 333
432 666 551 999
306 666 432 999
155 666 306 999
0 666 155 999
793 333 972 666
591 333 793 666
663 0 890 333
0 333 591 666
0 0 663 333
990 333 1000 666
978 333 990 666
960 0 1000 333
922 666 1000 999
839 666 922 999
746 666 839 999
883 333 978 666
431 666 526 999
645 666 746 999
526 666 645 999
293 666 431 999
150 666 293 999
0 666 150 999
710 333 883 666
451 333 710 666
603 0 960 333
0 333 451 666
0 0 603 333
996 0 1000 333
989 333 1000 666
968 333 989 666
931 333 968 666
957 0 996 333
922 666 1000 999
839 666 922 999
746 666 839 999
645 666 746 999
0 666 645 999
774 333 931 666
613 333 774 666
423 333 613 666
216 333 423 666
0 333 216 666
718 0 957 333
424 0 718 333
0 0 424 333
997 0 1000 333
990 333 1000 666
958 333 990 666
922 666 1000 999
839 666 922 999
746 666 839 999
645 666 746 999
120 666 229 999
229 666 345 999
0 666 120 999
866 0 997 333
498 666 645 999
345 666 498 999
709 333 958 666
416 333 709 666
0 333 416 666
446 0 866 333
0 0 446 333
990 0 1000 333
987 333 1000 666
935 333 987 666
935 0 990 333
922 666 1000 999
839 666 922 999
847 333 935 666
746 666 839 999
645 666 746 999
498 666 645 999
345 666 498 999
0 666 184 999
184 666 345 999
605 333 847 666
362 333 605 666
654 0 935 333
0 333 362 666
0 0 654 333
952 0 1000 333
949 333 1000 666
922 666 1000 999
839 666 922 999
746 666 839 999
645 666 746 999
820 333 949 666
498 666 645 999
345 666 498 999
660 333 820 666
0 666 184 999
184 666 345 999
494 333 660 666
260 333 494 666
0 333 260 666
666 0 952 333
346 0 666 333
0 0 346 333
971 0 1000 333
923 333 1000 666
922 666 1000 999
839 666 922 999
116 666 207 999
746 666 839 999
645 666 746 999
0 666 116 999
207 666 345 999
498 666 645 999
345 666 498 999
736 333 923 666
534 333 736 666
273 333 534 666
0 333 273 666
653 0 971 333
332 0 653 333
0 0 332 333
970 333 1000 666
959 333 970 666
941 333 959 666
963 0 1000 333
922 666 1000 999
839 666 922 999
746 666 839 999
645 666 746 999
498 666 645 999
0 666 498 999
787 333 941 666
629 333 787 666
444 333 629 666
257 333 444 666
0 333 257 666
687 0 963 333
407 0 687 333
0 0 407 333
989 333 1000 666
976 0 1000 333
922 666 1000 999
839 666 922 999
898 333 989 666
746 666 839 999
645 666 746 999
781 333 898 666
498 666 645 999
345 666 498 999
0 666 184 999
184 666 345 999
812 0 976 333
560 333 781 666
322 333 560 666
0 333 322 666
461 0 812 333
0 0 461 333
973 0 1000 333
956 333 1000 666
930 0 973 333
922 666 1000 999
839 666 922 999
746 666 839 999
645 666 746 999
831 333 956 666
702 333 831 666
498 666 645 999
345 666 498 999
0 666 345 999
516 333 702 666
275 333 516 666
0 333 275 666
652 0 930 333
354 0 652 333
0 0 354 333
913 0 1000 333
922 666 1000 999
839 666 922 999
266 666 359 999
746 666 839 999
645 666 746 999
879 333 1000 666
141 666 266 999
359 666 498 999
0 666 141 999
498 666 645 999
720 333 879 666
557 333 720 666
737 0 913 333
286 333 557 666
0 333 286 666
397 0 737 333
0 0 397 333
995 0 1000 333
948 333 1000 666
318 666 371 999
920 0 995 333
922 666 1000 999
839 666 922 999
746 666 839 999
645 666 746 999
196 666 318 999
371 666 498 999
498 666 645 999
0 666 196 999
748 333 948 666
544 333 748 666
298 333 544 666
0 333 298 666
563 0 920 333
0 0 563 333
307 666 358 999
922 666 1000 999
839 666 922 999
218 666 307 999
746 666 839 999
645 666 746 999
0 666 109 999
109 666 218 999
875 333 1000 666
358 666 498 999
498 666 645 999
680 333 875 666
478 333 680 666
258 333 478 666
755 0 1000 333
0 333 258 666
413 0 755 333
0 0 413 333
987 0 1000 333
976 333 1000 666
945 0 987 333
922 666 1000 999
839 666 922 999
746 666 839 999
645 666 746 999
402 666 514 999
815 0 945 333
514 666 645 999
214 666 402 999
0 666 214 999
760 333 976 666
535 333 760 666
307 333 535 666
0 333 307 666
414 0 815 333
0 0 414 333
998 0 1000 333
996 0 998 333
922 0 996 333
922 666 1000 999
0 666 81 999
839 666 922 999
906 333 1000 666
746 666 839 999
645 666 746 999
81 666 184 999
770 333 906 666
498 666 645 999
345 666 498 999
184 666 345 999
537 333 770 666
288 333 537 666
0 333 288 666
0 0 922 333
987 0 1000 333
979 333 1000 666
943 333 979 666
946 0 987 333
886 0 946 333
922 666 1000 999
839 666 922 999
746 666 839 999
645 666 746 999
498 666 645 999
345 666 498 999
0 666 345 999
756 333 943 666
539 333 756 666
287 333 539 666
0 333 287 666
497 0 886 333
0 0 497 333
948 333 1000 666
922 666 1000 999
917 0 1000 333
839 666 922 999
410 666 498 999
746 666 839 999
645 666 746 999
304 666 410 999
196 666 304 999
498 666 645 999
0 666 196 999
720 333 948 666
256 333 488 666
488 333 720 666
0 333 256 666
637 0 917 333
323 0 637 333
0 0 323 333
694 666 720 999
720 666 746 999
922 666 1000 999
611 666 694 999
839 666 922 999
524 666 611 999
746 666 839 999
414 666 524 999
302 666 414 999
175 666 302 999
864 333 1000 666
843 0 1000 333
0 666 175 999
654 333 864 666
369 333 654 666
0 333 369 666
465 0 843 333
0 0 465 333
982 333 1000 666
962 333 982 666
967 0 1000 333
922 666 1000 999
839 666 922 999
746 666 839 999
645 666 746 999
863 0 967 333
498 666 645 999
345 666 498 999
0 666 184 999
184 666 345 999
787 333 962 666
585 333 787 666
343 333 585 666
0 333 343 666
503 0 863 333
0 0 503 333
997 0 1000 333
958 333 1000 666
922 666 1000 999
839 666 922 999
746 666 839 999
645 666 746 999
823 333 958 666
682 333 823 666
498 666 645 999
345 666 498 999
0 666 184 999
184 666 345 999
813 0 997 333
483 333 682 666
262 333 483 666
0 333 262 666
419 0 813 333
0 0 419 333
