998 0 1000 166
988 332 1000 498
963 332 988 498
972 664 1000 830
965 166 1000 332
968 830 1000 996
933 830 968 996
955 498 1000 664
891 498 955 664
864 830 933 996
815 498 891 664
896 664 972 830
816 664 896 830
729 498 815 664
778 830 864 996
533 498 624 664
722 664 816 830
624 498 729 664
613 664 722 830
403 830 526 996
654 830 778 996
526 830 654 996
867 0 998 166
393 498 533 664
472 664 613 830
240 498 393 664
221 830 403 996
281 664 472 830
0 830 221 996
0 664 281 830
0 498 240 664
712 166 965 332
656 332 963 498
335 332 656 498
0 332 335 498
363 166 712 332
0 166 363 332
453 0 867 166
0 0 453 166
972 664 1000 830
968 830 1000 996
933 830 968 996
955 498 1000 664
936 166 1000 332
891 498 955 664
932 0 1000 166
864 830 933 996
815 498 891 664
896 664 972 830
816 664 896 830
729 498 815 664
778 830 864 996
911 332 1000 498
722 664 816 830
613 664 722 830
610 498 729 664
654 830 778 996
522 830 654 996
154 664 291 830
472 498 610 664
472 664 613 830
0 664 154 830
752 332 911 498
353 830 522 996
291 664 472 830
568 332 752 498
381 332 568 498
192 332 381 498
0 332 192 498
279 498 472 664
742 166 936 332
0 498 279 664
0 830 353 996
516 166 742 332
260 166 516 332
0 166 260 332
642 0 932 166
0 0 642 166
990 0 1000 166
979 166 1000 332
972 664 1000 830
968 830 1000 996
933 830 968 996
955 498 1000 664
891 498 955 664
864 830 933 996
815 498 891 664
896 664 972 830
816 664 896 830
729 498 815 664
778 830 864 996
722 664 816 830
613 664 722 830
887 332 1000 498
185 498 304 664
610 498 729 664
654 830 778 996
152 664 281 830
522 830 654 996
472 498 610 664
472 664 613 830
0 830 152 996
0 664 152 830
304 498 472 664
353 830 522 996
0 498 185 664
281 664 472 830
501 332 694 498
694 332 887 498
152 830 353 996
281 332 501 498
0 332 281 498
704 0 990 166
672 166 979 332
363 166 672 332
0 166 363 332
0 0 704 166
994 0 1000 166
991 166 1000 332
984 0 994 166
972 664 1000 830
968 830 1000 996
933 830 968 996
955 498 1000 664
891 498 955 664
864 830 933 996
815 498 891 664
896 664 972 830
816 664 896 830
729 498 815 664
778 830 864 996
722 664 816 830
613 664 722 830
610 498 729 664
654 830 778 996
192 664 321 830
868 332 1000 498
522 830 654 996
853 166 991 332
472 498 610 664
472 664 613 830
321 664 472 830
353 830 522 996
0 664 192 830
279 498 472 664
0 498 279 664
667 332 868 498
0 830 353 996
463 332 667 498
251 332 463 498
0 332 251 498
581 166 853 332
298 166 581 332
0 166 298 332
644 0 984 166
0 0 644 166
999 0 1000 166
997 166 998 332
998 166 1000 332
982 0 999 166
972 664 1000 830
968 830 1000 996
963 166 997 332
933 830 968 996
955 498 1000 664
891 498 955 664
864 830 933 996
815 498 891 664
896 664 972 830
816 664 896 830
729 498 815 664
778 830 864 996
722 664 816 830
613 664 722 830
610 498 729 664
654 830 778 996
870 332 1000 498
836 166 963 332
522 830 654 996
844 0 982 166
472 498 610 664
472 664 613 830
353 830 522 996
0 664 472 830
0 498 472 664
673 332 870 498
0 830 353 996
470 332 673 498
254 332 470 498
0 332 254 498
580 166 836 332
297 166 580 332
0 166 297 332
527 0 844 166
0 0 527 166
999 166 1000 332
990 332 1000 498
988 0 1000 166
982 166 999 332
972 664 1000 830
968 830 1000 996
933 830 968 996
707 498 751 664
955 498 1000 664
930 166 982 332
935 0 988 166
751 498 815 664
891 498 955 664
864 830 933 996
815 498 891 664
896 664 972 830
816 664 896 830
625 498 707 664
778 830 864 996
722 664 816 830
521 498 625 664
613 664 722 830
654 830 778 996
393 498 521 664
858 332 990 498
522 830 654 996
472 664 613 830
241 498 393 664
353 830 522 996
281 664 472 830
0 830 353 996
0 664 281 830
0 498 241 664
600 332 858 498
328 332 600 498
0 332 328 498
498 166 930 332
0 166 498 332
0 0 935 166
982 332 1000 498
957 332 982 498
972 664 1000 830
965 0 1000 166
968 830 1000 996
933 830 968 996
955 498 1000 664
891 498 955 664
864 830 933 996
815 498 891 664
896 664 972 830
816 664 896 830
729 498 815 664
778 830 864 996
722 664 816 830
613 664 722 830
610 498 729 664
877 166 1000 332
654 830 778 996
522 830 654 996
472 498 610 664
472 664 613 830
353 830 522 996
0 830 175 996
175 830 353 996
281 664 472 830
279 498 472 664
0 498 279 664
743 332 957 498
0 664 281 830
504 332 743 498
257 332 504 498
0 332 257 498
601 166 877 332
304 166 601 332
0 166 304 332
647 0 965 166
327 0 647 166
0 0 327 166
