749 666 773 999
722 666 749 999
972 666 1000 999
934 666 972 999
885 666 934 999
834 666 885 999
947 333 1000 666
665 666 722 999
773 666 834 999
600 666 665 999
931 0 1000 333
527 666 600 999
402 666 527 999
272 666 402 999
138 666 272 999
0 666 138 999
805 333 947 666
657 333 805 666
505 333 657 666
339 333 505 666
172 333 339 666
0 333 172 666
736 0 931 333
517 0 736 333
260 0 517 333
0 0 260 333
988 0 1000 333
972 666 1000 999
934 666 972 999
941 0 988 333
885 666 934 999
834 666 885 999
771 666 834 999
335 666 405 999
262 666 335 999
698 666 771 999
180 666 262 999
912 333 1000 666
612 666 698 999
91 666 180 999
0 666 91 999
819 333 912 666
510 666 612 999
405 666 510 999
712 333 819 666
549 333 712 666
373 333 549 666
196 333 373 666
0 333 196 666
733 0 941 333
450 0 733 333
0 0 450 333
971 0 1000 333
972 666 1000 999
934 666 972 999
470 666 518 999
885 666 934 999
420 666 470 999
834 666 885 999
771 666 834 999
351 666 420 999
698 666 771 999
612 666 698 999
518 666 612 999
888 333 1000 666
238 666 351 999
121 666 238 999
0 666 121 999
756 333 888 666
616 333 756 666
468 333 616 666
317 333 468 666
162 333 317 666
0 333 162 666
806 0 971 333
571 0 806 333
310 0 571 333
0 0 310 333
996 0 1000 333
984 333 1000 666
979 0 996 333
972 666 1000 999
934 666 972 999
885 666 934 999
834 666 885 999
771 666 834 999
698 666 771 999
612 666 698 999
204 666 298 999
107 666 204 999
510 666 612 999
405 666 510 999
0 666 107 999
298 666 405 999
870 0 979 333
849 333 984 666
695 333 849 666
539 333 695 666
368 333 539 666
196 333 368 666
0 333 196 666
653 0 870 333
360 0 653 333
0 0 360 333
995 0 1000 333
988 333 1000 666
972 666 1000 999
934 666 972 999
885 666 934 999
834 666 885 999
771 666 834 999
698 666 771 999
612 666 698 999
898 333 988 666
189 666 280 999
894 0 995 333
510 666 612 999
405 666 510 999
0 666 189 999
280 666 405 999
772 333 898 666
631 333 772 666
475 333 631 666
159 333 317 666
317 333 475 666
0 333 159 666
712 0 894 333
505 0 712 333
260 0 505 333
0 0 260 333
997 0 1000 333
988 333 1000 666
980 0 997 333
972 666 1000 999
934 666 972 999
885 666 934 999
834 666 885 999
771 666 834 999
343 666 412 999
698 666 771 999
266 666 343 999
182 666 266 999
612 666 698 999
94 666 182 999
0 666 94 999
412 666 510 999
886 333 988 666
510 666 612 999
762 333 886 666
607 333 762 666
440 333 607 666
254 333 440 666
0 333 254 666
715 0 980 333
434 0 715 333
0 0 434 333
983 0 1000 333
980 0 983 333
975 0 980 333
974 333 1000 666
972 666 1000 999
934 666 972 999
885 666 934 999
834 666 885 999
771 666 834 999
698 666 771 999
612 666 698 999
189 666 280 999
510 666 612 999
870 333 974 666
405 666 510 999
0 666 189 999
751 333 870 666
630 333 751 666
280 666 405 999
485 333 630 666
333 333 485 666
176 333 333 666
0 333 176 666
760 0 975 333
500 0 760 333
0 0 500 333
989 0 1000 333
966 333 1000 666
972 666 1000 999
934 666 972 999
885 666 934 999
834 666 885 999
229 666 291 999
771 666 834 999
160 666 229 999
90 666 160 999
698 666 771 999
911 0 989 333
612 666 698 999
0 666 90 999
871 333 966 666
510 666 612 999
405 666 510 999
291 666 405 999
738 333 871 666
580 333 738 666
420 333 580 666
222 333 420 666
0 333 222 666
688 0 911 333
415 0 688 333
0 0 415 333
992 0 1000 333
970 333 1000 666
972 666 1000 999
934 666 972 999
885 666 934 999
834 666 885 999
557 666 614 999
497 666 557 999
771 666 834 999
431 666 497 999
359 666 431 999
698 666 771 999
283 666 359 999
204 666 283 999
614 666 698 999
111 666 204 999
0 666 111 999
849 333 970 666
724 333 849 666
586 333 724 666
441 333 586 666
833 0 992 333
260 333 441 666
0 333 260 666
486 0 833 333
0 0 486 333
991 0 1000 333
984 0 991 333
963 0 984 333
972 666 1000 999
934 666 972 999
952 333 1000 666
885 666 934 999
834 666 885 999
771 666 834 999
698 666 771 999
612 666 698 999
204 666 294 999
106 666 204 999
510 666 612 999
405 666 510 999
0 666 106 999
294 666 405 999
816 333 952 666
673 333 816 666
511 333 673 666
346 333 511 666
176 333 346 666
0 333 176 666
782 0 963 333
595 0 782 333
0 0 595 333
965 333 1000 666
972 666 1000 999
934 666 972 999
667 666 714 999
885 666 934 999
834 666 885 999
563 666 615 999
615 666 667 999
510 666 563 999
714 666 771 999
451 666 510 999
771 666 834 999
387 666 451 999
314 666 387 999
218 666 314 999
0 666 109 999
109 666 218 999
832 333 965 666
691 333 832 666
546 333 691 666
388 333 546 666
225 333 388 666
0 333 225 666
727 0 1000 333
388 0 727 333
0 0 388 333
973 333 1000 666
972 666 1000 999
934 666 972 999
885 666 934 999
374 666 425 999
834 666 885 999
319 666 374 999
256 666 319 999
771 666 834 999
187 666 256 999
698 666 771 999
108 666 187 999
425 666 510 999
612 666 698 999
911 0 1000 333
510 666 612 999
0 666 108 999
863 333 973 666
732 333 863 666
578 333 732 666
418 333 578 666
236 333 418 666
0 333 236 666
656 0 911 333
361 0 656 333
0 0 361 333
998 0 1000 333
995 0 998 333
980 333 1000 666
972 666 1000 999
934 666 972 999
885 666 934 999
834 666 885 999
771 666 834 999
698 666 771 999
333 666 408 999
612 666 698 999
408 666 510 999
510 666 612 999
119 666 226 999
226 666 333 999
0 666 119 999
872 0 995 333
844 333 980 666
704 333 844 666
561 333 704 666
402 333 561 666
214 333 402 666
0 333 214 666
591 0 872 333
308 0 591 333
0 0 308 333
972 666 1000 999
934 666 972 999
885 666 934 999
834 666 885 999
376 666 431 999
314 666 376 999
251 666 314 999
771 666 834 999
698 666 771 999
175 666 251 999
917 0 1000 333
431 666 510 999
89 666 175 999
612 666 698 999
0 666 89 999
900 333 1000 666
801 333 900 666
510 666 612 999
698 333 801 666
590 333 698 666
481 333 590 666
781 0 917 333
258 333 481 666
0 333 258 666
427 0 781 333
0 0 427 333
987 0 1000 333
972 666 1000 999
934 666 972 999
956 333 1000 666
494 666 536 999
449 666 494 999
885 666 934 999
834 666 885 999
771 666 834 999
698 666 771 999
536 666 612 999
371 666 449 999
292 666 371 999
206 666 292 999
612 666 698 999
110 666 206 999
0 666 110 999
845 333 956 666
714 333 845 666
565 333 714 666
259 333 412 666
412 333 565 666
778 0 987 333
0 333 259 666
411 0 778 333
0 0 411 333
972 666 1000 999
581 666 618 999
934 666 972 999
539 666 581 999
492 666 539 999
885 666 934 999
834 666 885 999
437 666 492 999
380 666 437 999
321 666 380 999
261 666 321 999
937 0 1000 333
771 666 834 999
188 666 261 999
698 666 771 999
921 333 1000 666
618 666 698 999
0 666 94 999
94 666 188 999
675 333 798 666
798 333 921 666
544 333 675 666
412 333 544 666
244 333 412 666
0 333 244 666
0 0 937 333
984 0 1000 333
972 666 1000 999
934 666 972 999
584 666 633 999
885 666 934 999
834 666 885 999
525 666 584 999
462 666 525 999
771 666 834 999
633 666 698 999
396 666 462 999
698 666 771 999
322 666 396 999
245 666 322 999
140 666 245 999
0 666 140 999
856 333 1000 666
695 333 856 666
530 333 695 666
355 333 530 666
179 333 355 666
0 333 179 666
801 0 984 333
598 0 801 333
363 0 598 333
0 0 363 333
990 0 1000 333
979 333 1000 666
972 666 1000 999
934 666 972 999
597 666 646 999
885 666 934 999
834 666 885 999
545 666 597 999
646 666 698 999
771 666 834 999
417 666 481 999
481 666 545 999
349 666 417 999
698 666 771 999
271 666 349 999
192 666 271 999
106 666 192 999
0 666 106 999
872 333 979 666
737 333 872 666
530 333 737 666
774 0 990 333
275 333 530 666
0 333 275 666
399 0 774 333
0 0 399 333
993 333 1000 666
987 0 1000 333
968 333 993 666
972 666 1000 999
934 666 972 999
885 666 934 999
834 666 885 999
771 666 834 999
698 666 771 999
424 666 510 999
612 666 698 999
324 666 424 999
223 666 324 999
510 666 612 999
118 666 223 999
0 666 118 999
843 333 968 666
715 333 843 666
574 333 715 666
432 333 574 666
795 0 987 333
219 333 432 666
0 333 219 666
563 0 795 333
285 0 563 333
0 0 285 333
737 666 763 999
763 666 789 999
972 666 1000 999
704 666 737 999
666 666 704 999
934 666 972 999
789 666 834 999
885 666 934 999
834 666 885 999
610 666 666 999
934 333 1000 666
529 666 610 999
435 666 529 999
338 666 435 999
236 666 338 999
129 666 236 999
875 0 1000 333
0 666 129 999
778 333 934 666
609 333 778 666
432 333 609 666
232 333 432 666
0 333 232 666
641 0 875 333
392 0 641 333
0 0 392 333
989 333 1000 666
972 666 1000 999
579 666 612 999
934 666 972 999
950 333 989 666
885 666 934 999
834 666 885 999
525 666 579 999
771 666 834 999
698 666 771 999
450 666 525 999
371 666 450 999
612 666 698 999
253 666 371 999
131 666 253 999
0 666 131 999
816 333 950 666
674 333 816 666
526 333 674 666
364 333 526 666
194 333 364 666
824 0 1000 333
0 333 194 666
574 0 824 333
290 0 574 333
0 0 290 333
999 0 1000 333
972 666 1000 999
934 666 972 999
949 333 1000 666
885 666 934 999
834 666 885 999
771 666 834 999
698 666 771 999
612 666 698 999
189 666 280 999
510 666 612 999
405 666 510 999
0 666 189 999
826 333 949 666
576 333 701 666
701 333 826 666
280 666 405 999
446 333 576 666
309 333 446 666
160 333 309 666
845 0 999 333
0 333 160 666
677 0 845 333
476 0 677 333
241 0 476 333
0 0 241 333
998 333 1000 666
995 0 1000 333
989 0 995 333
972 666 1000 999
934 666 972 999
572 666 614 999
614 666 656 999
656 666 698 999
885 666 934 999
834 666 885 999
944 333 998 666
771 666 834 999
428 666 500 999
500 666 572 999
698 666 771 999
351 666 428 999
900 0 989 333
242 666 351 999
132 666 242 999
0 666 132 999
740 333 944 666
521 333 740 666
276 333 521 666
0 333 276 666
519 0 900 333
0 0 519 333
988 333 1000 666
983 0 1000 333
972 666 1000 999
934 666 972 999
885 666 934 999
407 666 458 999
834 666 885 999
458 666 510 999
771 666 834 999
917 333 988 666
698 666 771 999
321 666 407 999
612 666 698 999
231 666 321 999
137 666 231 999
510 666 612 999
0 666 137 999
758 333 917 666
595 333 758 666
419 333 595 666
805 0 983 333
211 333 419 666
0 333 211 666
555 0 805 333
302 0 555 333
0 0 302 333
972 666 1000 999
934 666 972 999
952 333 1000 666
885 666 934 999
834 666 885 999
771 666 834 999
234 666 307 999
698 666 771 999
82 666 158 999
158 666 234 999
0 666 82 999
868 333 952 666
612 666 698 999
779 333 868 666
686 333 779 666
590 333 686 666
492 333 590 666
307 666 405 999
510 666 612 999
405 666 510 999
381 333 492 666
886 0 1000 333
196 333 381 666
0 333 196 666
613 0 886 333
0 0 613 333
973 333 1000 666
970 0 1000 333
972 666 1000 999
934 666 972 999
885 666 934 999
834 666 885 999
771 666 834 999
698 666 771 999
0 666 82 999
890 333 973 666
612 666 698 999
803 333 890 666
189 666 280 999
510 666 612 999
405 666 510 999
82 666 189 999
694 333 803 666
280 666 405 999
540 333 694 666
384 333 540 666
209 333 384 666
0 333 209 666
756 0 970 333
518 0 756 333
269 0 518 333
0 0 269 333
996 0 1000 333
972 666 1000 999
934 666 972 999
521 666 561 999
954 333 1000 666
474 666 521 999
885 666 934 999
561 666 612 999
834 666 885 999
414 666 474 999
771 666 834 999
350 666 414 999
283 666 350 999
211 666 283 999
698 666 771 999
612 666 698 999
107 666 211 999
0 666 107 999
835 333 954 666
699 333 835 666
559 333 699 666
847 0 996 333
398 333 559 666
652 0 847 333
0 333 398 666
0 0 652 333
598 666 620 999
974 333 1000 666
972 666 1000 999
934 666 972 999
549 666 598 999
885 666 934 999
834 666 885 999
490 666 549 999
771 666 834 999
360 666 425 999
425 666 490 999
294 666 360 999
221 666 294 999
698 666 771 999
620 666 698 999
112 666 221 999
0 666 112 999
859 333 974 666
739 333 859 666
596 333 739 666
451 333 596 666
233 333 451 666
0 333 233 666
758 0 1000 333
391 0 758 333
0 0 391 333
998 333 1000 666
983 0 1000 333
972 666 1000 999
934 666 972 999
951 333 998 666
885 666 934 999
834 666 885 999
771 666 834 999
698 666 771 999
612 666 698 999
202 666 294 999
109 666 202 999
510 666 612 999
405 666 510 999
0 666 109 999
294 666 405 999
827 333 951 666
702 333 827 666
574 333 702 666
848 0 983 333
392 333 574 666
208 333 392 666
0 333 208 666
617 0 848 333
382 0 617 333
0 0 382 333
997 333 1000 666
994 0 1000 333
979 333 988 666
988 333 997 666
982 0 994 333
956 0 982 333
972 666 1000 999
934 666 972 999
885 666 934 999
834 666 885 999
771 666 834 999
698 666 771 999
612 666 698 999
510 666 612 999
405 666 510 999
0 666 405 999
851 333 979 666
722 333 851 666
585 333 722 666
438 333 585 666
790 0 956 333
226 333 438 666
0 333 226 666
531 0 790 333
270 0 531 333
0 0 270 333
995 0 1000 333
989 333 1000 666
972 666 1000 999
934 666 972 999
885 666 934 999
834 666 885 999
935 333 989 666
771 666 834 999
698 666 771 999
612 666 698 999
201 666 296 999
103 666 201 999
510 666 612 999
0 666 103 999
831 333 935 666
405 666 510 999
296 666 405 999
695 333 831 666
556 333 695 666
383 333 556 666
204 333 383 666
0 333 204 666
790 0 995 333
553 0 790 333
295 0 553 333
0 0 295 333
994 333 1000 666
972 666 1000 999
736 666 771 999
934 666 972 999
687 666 736 999
885 666 934 999
944 333 994 666
834 666 885 999
948 0 1000 333
771 666 834 999
612 666 687 999
526 666 612 999
439 666 526 999
336 666 439 999
228 666 336 999
119 666 228 999
0 666 119 999
819 333 944 666
692 333 819 666
400 333 546 666
546 333 692 666
218 333 400 666
0 333 218 666
693 0 948 333
419 0 693 333
0 0 419 333
970 0 1000 333
972 666 1000 999
934 666 972 999
885 666 934 999
834 666 885 999
771 666 834 999
332 666 405 999
698 666 771 999
257 666 332 999
181 666 257 999
920 333 1000 666
99 666 181 999
612 666 698 999
0 666 99 999
510 666 612 999
405 666 510 999
801 333 920 666
673 333 801 666
517 333 673 666
352 333 517 666
184 333 352 666
0 333 184 666
785 0 970 333
538 0 785 333
286 0 538 333
0 0 286 333
