971 0 1000 333
956 666 1000 999
899 666 956 999
653 666 734 999
818 666 899 999
734 666 818 999
553 666 653 999
449 666 553 999
330 666 449 999
870 333 1000 666
167 666 330 999
0 666 167 999
683 333 870 666
473 333 683 666
262 333 473 666
757 0 971 333
0 333 262 666
439 0 757 333
0 0 439 333
985 333 1000 666
813 666 841 999
770 666 813 999
956 666 1000 999
899 666 956 999
841 666 899 999
638 666 704 999
704 666 770 999
541 666 638 999
433 666 541 999
815 333 985 666
228 666 433 999
0 666 228 999
575 333 815 666
735 0 1000 333
297 333 575 666
0 333 297 666
402 0 735 333
0 0 402 333
966 333 1000 666
956 666 1000 999
955 0 1000 333
899 666 956 999
818 666 899 999
734 666 818 999
543 666 630 999
441 666 543 999
337 666 441 999
630 666 734 999
204 666 337 999
827 333 966 666
0 666 204 999
620 333 827 666
747 0 955 333
314 333 620 666
0 333 314 666
405 0 747 333
0 0 405 333
998 333 1000 666
981 333 998 666
748 666 783 999
783 666 818 999
707 666 748 999
956 666 1000 999
944 0 1000 333
650 666 707 999
899 666 956 999
916 333 981 666
818 666 899 999
545 666 650 999
276 666 545 999
0 666 276 999
627 333 916 666
320 333 627 666
0 333 320 666
565 0 944 333
0 0 565 333
978 333 1000 666
788 666 825 999
744 666 788 999
956 666 1000 999
942 0 1000 333
899 666 956 999
679 666 744 999
825 666 899 999
596 666 679 999
493 666 596 999
356 666 493 999
191 666 356 999
812 333 978 666
0 666 191 999
586 333 812 666
310 333 586 666
0 333 310 666
575 0 942 333
0 0 575 333
977 0 1000 333
956 666 1000 999
899 666 956 999
818 666 899 999
547 666 629 999
734 666 818 999
454 666 547 999
629 666 734 999
870 0 977 333
322 666 454 999
167 666 322 999
0 666 167 999
824 333 1000 666
650 333 824 666
475 333 650 666
275 333 475 666
0 333 275 666
501 0 870 333
0 0 501 333
987 0 1000 333
956 666 1000 999
899 666 956 999
696 666 757 999
757 666 818 999
627 666 696 999
554 666 627 999
818 666 899 999
453 666 554 999
339 666 453 999
209 666 339 999
851 0 987 333
0 666 209 999
788 333 1000 666
550 333 788 666
283 333 550 666
0 333 283 666
569 0 851 333
0 0 569 333
984 0 1000 333
956 666 1000 999
899 666 956 999
924 333 1000 666
818 666 899 999
734 666 818 999
633 666 734 999
879 0 984 333
507 666 633 999
370 666 507 999
210 666 370 999
0 666 210 999
696 333 924 666
238 333 467 666
467 333 696 666
0 333 238 666
603 0 879 333
323 0 603 333
0 0 323 333
956 666 1000 999
786 666 831 999
729 666 786 999
899 666 956 999
661 666 729 999
831 666 899 999
917 333 1000 666
558 666 661 999
443 666 558 999
879 0 1000 333
301 666 443 999
154 666 301 999
0 666 154 999
741 333 917 666
564 333 741 666
372 333 564 666
673 0 879 333
0 333 372 666
0 0 673 333
998 0 1000 333
991 0 998 333
956 666 1000 999
899 666 956 999
601 666 664 999
664 666 734 999
525 666 601 999
818 666 899 999
734 666 818 999
429 666 525 999
835 333 1000 666
237 666 429 999
0 666 237 999
576 333 835 666
722 0 991 333
294 333 576 666
0 333 294 666
363 0 722 333
0 0 363 333
989 0 1000 333
969 0 989 333
956 666 1000 999
899 666 956 999
752 666 818 999
818 666 899 999
670 666 752 999
580 666 670 999
465 666 580 999
337 666 465 999
170 666 337 999
0 666 170 999
818 333 1000 666
632 333 818 666
433 333 632 666
227 333 433 666
0 333 227 666
529 0 969 333
0 0 529 333
981 333 1000 666
743 666 775 999
775 666 818 999
956 666 1000 999
950 0 1000 333
694 666 743 999
639 666 694 999
899 666 956 999
818 666 899 999
535 666 639 999
412 666 535 999
815 0 950 333
207 666 412 999
0 666 207 999
695 333 981 666
348 333 695 666
0 333 348 666
435 0 815 333
0 0 435 333
960 0 1000 333
956 666 1000 999
899 666 956 999
758 666 818 999
939 333 1000 666
818 666 899 999
658 666 758 999
551 666 658 999
439 666 551 999
314 666 439 999
178 666 314 999
0 666 178 999
750 333 939 666
541 333 750 666
290 333 541 666
0 333 290 666
662 0 960 333
336 0 662 333
0 0 336 333
993 0 1000 333
979 0 993 333
956 666 1000 999
899 666 956 999
818 666 899 999
734 666 818 999
879 333 1000 666
602 666 734 999
469 666 602 999
330 666 469 999
190 666 330 999
0 666 190 999
717 333 879 666
528 333 717 666
782 0 979 333
287 333 528 666
0 333 287 666
409 0 782 333
0 0 409 333
714 666 758 999
956 666 1000 999
899 666 956 999
758 666 818 999
938 0 1000 333
636 666 714 999
818 666 899 999
454 666 545 999
545 666 636 999
358 666 454 999
250 666 358 999
135 666 250 999
0 666 135 999
852 333 1000 666
752 0 938 333
578 333 852 666
292 333 578 666
0 333 292 666
0 0 752 333
997 0 1000 333
995 0 997 333
956 666 1000 999
899 666 956 999
613 666 677 999
677 666 741 999
741 666 818 999
818 666 899 999
910 0 995 333
504 666 613 999
358 666 504 999
184 666 358 999
0 666 184 999
788 333 1000 666
555 333 788 666
317 333 555 666
0 333 317 666
561 0 910 333
0 0 561 333
985 0 1000 333
956 666 1000 999
931 0 985 333
899 666 956 999
818 666 899 999
734 666 818 999
602 666 734 999
469 666 602 999
330 666 469 999
190 666 330 999
822 333 1000 666
0 666 190 999
645 333 822 666
465 333 645 666
274 333 465 666
734 0 931 333
0 333 274 666
406 0 734 333
0 0 406 333
976 0 1000 333
956 666 1000 999
949 333 1000 666
899 666 956 999
668 666 738 999
590 666 668 999
510 666 590 999
738 666 818 999
818 666 899 999
410 666 510 999
303 666 410 999
829 333 949 666
183 666 303 999
855 0 976 333
0 666 183 999
589 333 829 666
297 333 589 666
0 333 297 666
0 0 855 333
787 666 798 999
986 0 1000 333
798 666 818 999
961 0 986 333
953 333 1000 666
956 666 1000 999
733 666 787 999
899 666 956 999
657 666 733 999
818 666 899 999
537 666 657 999
382 666 537 999
194 666 382 999
0 666 194 999
745 0 961 333
689 333 953 666
392 333 689 666
0 333 392 666
0 0 745 333
956 666 1000 999
899 666 956 999
818 666 899 999
734 666 818 999
531 666 619 999
442 666 531 999
345 666 442 999
243 666 345 999
140 666 243 999
619 666 734 999
0 666 140 999
848 333 1000 666
677 333 848 666
483 333 677 666
275 333 483 666
763 0 1000 333
0 333 275 666
422 0 763 333
0 0 422 333
950 0 1000 333
956 666 1000 999
899 666 956 999
818 666 899 999
734 666 818 999
412 666 503 999
317 666 412 999
220 666 317 999
503 666 602 999
118 666 220 999
0 666 118 999
602 666 734 999
831 333 1000 666
659 333 831 666
469 333 659 666
260 333 469 666
0 333 260 666
486 0 950 333
0 0 486 333
