997 0 1000 166
992 166 1000 332
989 332 1000 498
984 0 997 166
961 498 1000 664
957 664 1000 830
915 498 961 664
954 830 1000 996
767 830 827 996
827 830 890 996
890 830 954 996
889 664 957 830
843 498 915 664
698 664 784 830
678 830 767 996
741 498 843 664
784 664 889 830
570 830 678 996
877 166 992 332
570 664 698 830
593 498 741 664
434 498 593 664
390 664 570 830
389 830 570 996
252 498 434 664
204 830 389 996
204 664 390 830
0 664 204 830
0 830 204 996
760 332 989 498
0 498 252 664
429 332 760 498
601 0 984 166
0 332 429 498
445 166 877 332
0 166 445 332
0 0 601 166
996 0 1000 166
961 498 1000 664
957 664 1000 830
915 498 961 664
954 830 1000 996
890 830 954 996
889 664 957 830
843 498 915 664
916 332 1000 498
619 830 700 996
808 830 890 996
907 0 996 166
510 498 605 664
741 498 843 664
700 830 808 996
775 664 889 830
496 830 619 996
386 498 510 664
370 830 496 996
641 664 775 830
605 498 741 664
362 664 498 830
498 664 641 830
238 498 386 664
213 664 362 830
190 830 370 996
0 830 190 996
0 664 213 830
0 498 238 664
747 166 1000 332
634 332 916 498
350 332 634 498
0 332 350 498
386 166 747 332
0 166 386 332
498 0 907 166
0 0 498 166
994 166 1000 332
992 0 1000 166
990 332 1000 498
973 166 994 332
959 0 992 166
961 498 1000 664
957 664 1000 830
915 498 961 664
954 830 1000 996
796 498 852 664
852 498 915 664
890 830 954 996
889 664 957 830
724 498 796 664
808 830 890 996
708 664 793 830
633 498 724 664
793 664 889 830
603 664 708 830
700 830 808 996
551 830 700 996
481 498 633 664
448 664 603 830
315 498 481 664
280 664 448 830
382 830 551 996
200 830 382 996
0 830 200 996
755 332 990 498
0 664 280 830
0 498 315 664
428 332 755 498
622 0 959 166
575 166 973 332
0 332 428 498
0 166 575 332
0 0 622 166
991 166 1000 332
961 498 1000 664
958 0 1000 166
957 664 1000 830
915 498 961 664
954 830 1000 996
890 830 954 996
924 166 991 332
889 664 957 830
843 498 915 664
808 830 890 996
522 830 611 996
611 830 700 996
741 498 843 664
700 830 808 996
775 664 889 830
394 664 516 830
516 664 641 830
391 830 522 996
641 664 775 830
593 498 741 664
434 498 593 664
828 332 1000 498
252 498 434 664
207 664 394 830
199 830 391 996
0 830 199 996
0 664 207 830
0 498 252 664
282 332 555 498
555 332 828 498
0 332 282 498
630 166 924 332
327 166 630 332
0 166 327 332
539 0 958 166
0 0 539 166
998 0 1000 166
995 166 1000 332
971 332 1000 498
961 498 1000 664
957 664 1000 830
915 498 961 664
954 830 1000 996
890 830 954 996
889 664 957 830
843 498 915 664
808 830 890 996
717 830 808 996
741 498 843 664
515 498 620 664
612 830 717 996
775 664 889 830
883 0 998 166
620 498 741 664
489 830 612 996
641 664 775 830
378 498 515 664
498 664 641 830
342 830 489 996
347 664 498 830
214 498 378 664
176 830 342 996
828 166 995 332
178 664 347 830
0 830 176 996
0 664 178 830
0 498 214 664
581 166 828 332
625 0 883 166
518 332 971 498
0 332 518 498
0 166 581 332
0 0 625 166
998 0 1000 166
997 166 1000 332
990 0 998 166
961 498 1000 664
957 664 1000 830
915 498 961 664
954 830 1000 996
890 830 954 996
889 664 957 830
843 498 915 664
808 830 890 996
901 0 990 166
741 498 843 664
700 830 808 996
775 664 889 830
641 664 775 830
498 664 641 830
593 498 741 664
551 830 700 996
347 664 498 830
434 498 593 664
178 664 347 830
382 830 551 996
0 664 178 830
252 498 434 664
200 830 382 996
798 332 1000 498
0 830 200 996
547 332 798 498
0 498 252 664
276 332 547 498
0 332 276 498
706 166 997 332
403 166 706 332
0 166 403 332
453 0 901 166
0 0 453 166
987 166 1000 332
982 0 1000 166
961 498 1000 664
957 664 1000 830
915 498 961 664
954 830 1000 996
756 830 816 996
924 166 987 332
826 664 889 830
890 830 954 996
889 664 957 830
843 498 915 664
816 830 890 996
749 664 826 830
668 830 756 996
660 664 749 830
751 498 843 664
650 498 751 664
546 498 650 664
540 830 668 996
412 498 546 664
526 664 660 830
405 830 540 996
376 664 526 830
249 498 412 664
208 664 376 830
207 830 405 996
0 830 207 996
0 664 208 830
754 332 1000 498
0 498 249 664
442 332 754 498
564 166 924 332
594 0 982 166
0 332 442 498
0 166 564 332
0 0 594 166
985 166 990 332
990 166 1000 332
961 498 1000 664
957 664 1000 830
915 498 961 664
954 830 1000 996
890 830 954 996
889 664 957 830
843 498 915 664
808 830 890 996
613 830 701 996
563 498 652 664
652 498 741 664
586 664 675 830
491 664 586 830
885 166 985 332
675 664 775 830
741 498 843 664
701 830 808 996
775 664 889 830
489 830 613 996
437 498 563 664
358 830 489 996
358 664 491 830
298 498 437 664
215 664 358 830
183 830 358 996
0 830 183 996
802 0 1000 166
0 664 215 830
723 332 1000 498
0 498 298 664
378 332 723 498
0 332 378 498
445 166 885 332
0 166 445 332
0 0 802 166
991 332 1000 498
982 166 1000 332
858 830 890 996
879 498 915 664
961 498 1000 664
957 664 1000 830
833 498 879 664
915 498 961 664
954 830 1000 996
797 830 858 996
890 830 954 996
889 664 957 830
764 498 833 664
726 830 797 996
688 498 764 664
900 166 982 332
775 664 889 830
599 830 726 996
555 498 688 664
641 664 775 830
462 830 599 996
412 498 555 664
498 664 641 830
312 830 462 996
261 498 412 664
347 664 498 830
160 830 312 996
0 830 160 996
0 664 347 830
0 498 261 664
698 332 991 498
352 332 698 498
0 332 352 498
540 166 900 332
618 0 1000 166
0 166 540 332
0 0 618 166
996 166 1000 332
982 0 1000 166
961 498 1000 664
957 664 1000 830
915 498 961 664
954 830 1000 996
622 664 680 830
890 830 954 996
889 664 957 830
843 498 915 664
903 0 982 166
808 830 890 996
680 664 775 830
741 498 843 664
518 664 622 830
700 830 808 996
775 664 889 830
379 664 518 830
593 498 741 664
551 830 700 996
434 498 593 664
215 664 379 830
829 332 1000 498
382 830 551 996
252 498 434 664
200 830 382 996
0 830 200 996
0 664 215 830
770 166 996 332
0 498 252 664
574 332 829 498
315 332 574 498
0 332 315 498
405 166 770 332
0 166 405 332
483 0 903 166
0 0 483 166
992 0 1000 166
860 830 890 996
966 166 1000 332
856 664 892 830
961 498 1000 664
813 664 856 830
957 664 1000 830
915 498 961 664
954 830 1000 996
806 830 860 996
890 830 954 996
892 664 957 830
843 498 915 664
730 830 806 996
763 498 843 664
725 664 813 830
641 830 730 996
634 664 725 830
899 332 1000 498
865 166 966 332
621 498 763 664
463 498 621 664
453 830 641 996
444 664 634 830
261 498 463 664
233 664 444 830
780 0 992 166
228 830 453 996
0 830 228 996
0 664 233 830
0 498 261 664
634 332 899 498
353 332 634 498
0 332 353 498
460 166 865 332
0 166 460 332
0 0 780 166
998 0 1000 166
990 332 1000 498
965 332 990 498
961 498 1000 664
957 664 1000 830
954 166 1000 332
915 498 961 664
954 830 1000 996
890 830 954 996
889 664 957 830
926 0 998 166
843 498 915 664
808 830 890 996
500 830 589 996
741 498 843 664
700 830 808 996
417 664 527 830
589 830 700 996
527 664 641 830
775 664 889 830
386 830 500 996
641 664 775 830
593 498 741 664
434 498 593 664
252 498 434 664
234 664 417 830
203 830 386 996
0 830 203 996
0 664 234 830
0 498 252 664
689 332 965 498
405 332 689 498
613 0 926 166
0 332 405 498
545 166 954 332
0 166 545 332
0 0 613 166
994 332 1000 498
982 0 1000 166
974 332 994 498
961 498 1000 664
957 664 1000 830
915 498 961 664
954 830 1000 996
890 830 954 996
889 664 957 830
843 498 915 664
734 830 808 996
808 830 890 996
636 830 734 996
741 498 843 664
893 166 1000 332
528 830 636 996
775 664 889 830
626 498 741 664
523 664 641 830
502 498 626 664
376 498 502 664
641 664 775 830
374 830 528 996
368 664 523 830
213 498 376 664
205 664 368 830
200 830 374 996
0 830 200 996
0 664 205 830
0 498 213 664
751 332 974 498
746 0 982 166
387 332 751 498
0 332 387 498
482 166 893 332
0 166 482 332
0 0 746 166
994 166 1000 332
990 332 1000 498
981 0 1000 166
961 498 1000 664
957 664 1000 830
915 498 961 664
954 830 1000 996
890 830 954 996
889 664 957 830
912 0 981 166
843 498 915 664
808 830 890 996
741 498 843 664
700 830 808 996
775 664 889 830
395 664 516 830
516 664 641 830
641 664 775 830
593 498 741 664
551 830 700 996
434 498 593 664
388 830 551 996
227 664 395 830
213 830 388 996
252 498 434 664
0 830 213 996
774 332 990 498
0 664 227 830
529 332 774 498
0 498 252 664
265 332 529 498
0 332 265 498
727 166 994 332
367 166 727 332
0 166 367 332
483 0 912 166
0 0 483 166
998 0 1000 166
994 0 998 166
961 498 1000 664
957 664 1000 830
915 498 961 664
954 830 1000 996
738 664 790 830
677 664 738 830
890 830 954 996
889 664 957 830
672 498 741 664
843 498 915 664
808 830 890 996
594 664 677 830
580 498 672 664
790 664 889 830
741 498 843 664
700 830 808 996
879 0 994 166
551 830 700 996
428 498 580 664
838 332 1000 498
427 664 594 830
382 830 551 996
258 498 428 664
255 664 427 830
200 830 382 996
0 830 200 996
752 166 1000 332
0 664 255 830
0 498 258 664
578 332 838 498
0 332 289 498
289 332 578 498
449 166 752 332
0 166 449 332
0 0 879 166
996 332 1000 498
994 0 1000 166
961 498 1000 664
957 664 1000 830
915 498 961 664
954 830 1000 996
890 830 954 996
889 664 957 830
843 498 915 664
919 166 1000 332
808 830 890 996
622 830 712 996
712 830 808 996
741 498 843 664
775 664 889 830
507 830 622 996
504 498 620 664
620 498 741 664
641 664 775 830
359 664 498 830
498 664 641 830
348 498 504 664
351 830 507 996
188 498 348 664
832 332 996 498
184 664 359 830
176 830 351 996
0 830 176 996
0 664 184 830
0 498 188 664
600 332 832 498
348 332 600 498
733 0 994 166
0 332 348 498
494 166 919 332
0 166 494 332
0 0 733 166
999 0 1000 166
975 166 1000 332
961 498 1000 664
957 664 1000 830
951 332 1000 498
915 498 961 664
954 830 1000 996
841 664 889 830
842 830 890 996
890 830 954 996
889 664 957 830
770 664 841 830
771 830 842 996
843 498 915 664
692 664 770 830
690 830 771 996
741 498 843 664
582 664 692 830
576 830 690 996
455 664 582 830
455 498 593 664
437 830 576 996
593 498 741 664
289 498 455 664
263 664 455 830
241 830 437 996
765 166 975 332
0 830 241 996
0 664 263 830
0 498 289 664
659 332 951 498
337 332 659 498
0 332 337 498
388 166 765 332
0 166 388 332
502 0 999 166
0 0 502 166
998 0 1000 166
990 166 1000 332
995 0 998 166
975 332 1000 498
961 498 1000 664
957 664 1000 830
915 498 961 664
954 830 1000 996
890 830 954 996
889 664 957 830
843 498 915 664
916 166 990 332
808 830 890 996
498 498 593 664
741 498 843 664
700 830 808 996
775 664 889 830
641 664 775 830
499 664 641 830
353 664 499 830
593 498 741 664
551 830 700 996
348 498 498 664
192 498 348 664
188 664 353 830
382 830 551 996
200 830 382 996
0 664 188 830
0 498 192 664
0 830 200 996
741 332 975 498
736 0 995 166
476 332 741 498
606 166 916 332
0 332 476 498
0 166 606 332
0 0 736 166
961 498 1000 664
957 664 1000 830
955 0 1000 166
915 498 961 664
954 830 1000 996
890 830 954 996
889 664 957 830
843 498 915 664
926 166 1000 332
808 830 890 996
741 498 843 664
700 830 808 996
775 664 889 830
312 498 439 664
184 498 312 664
641 664 775 830
856 332 1000 498
498 664 641 830
593 498 741 664
551 830 700 996
347 664 498 830
439 498 593 664
181 664 347 830
382 830 551 996
0 664 181 830
200 830 382 996
0 498 184 664
657 332 856 498
0 830 200 996
456 332 657 498
241 332 456 498
0 332 241 498
675 166 926 332
417 166 675 332
658 0 955 166
0 166 417 332
0 0 658 166
991 0 1000 166
827 830 854 996
854 830 890 996
961 498 1000 664
957 664 1000 830
915 498 961 664
954 830 1000 996
770 664 823 830
769 830 827 996
709 830 769 996
780 498 843 664
706 664 770 830
890 830 954 996
823 664 889 830
889 664 957 830
928 166 1000 332
843 498 915 664
701 498 780 664
629 830 709 996
613 664 706 830
592 498 701 664
499 830 629 996
480 664 613 830
449 498 592 664
301 498 449 664
291 664 480 830
283 830 499 996
0 830 283 996
0 664 291 830
0 498 301 664
683 332 1000 498
345 332 683 498
0 332 345 498
534 166 928 332
580 0 991 166
0 166 534 332
0 0 580 166
991 332 1000 498
991 166 1000 332
982 0 1000 166
961 498 1000 664
957 664 1000 830
915 498 961 664
954 830 1000 996
890 830 954 996
889 664 957 830
843 498 915 664
594 664 673 830
519 498 600 664
512 664 594 830
808 830 890 996
741 498 843 664
673 664 775 830
458 830 565 996
700 830 808 996
775 664 889 830
388 664 512 830
386 498 519 664
565 830 700 996
600 498 741 664
316 830 458 996
239 498 386 664
238 664 388 830
159 830 316 996
0 830 159 996
770 0 982 166
0 664 238 830
0 498 239 664
711 332 991 498
429 332 711 498
0 332 429 498
502 166 991 332
0 166 502 332
0 0 770 166
956 166 1000 332
961 498 1000 664
957 664 1000 830
915 498 961 664
954 830 1000 996
890 830 954 996
889 664 957 830
843 498 915 664
808 830 890 996
581 664 666 830
741 498 843 664
700 830 808 996
666 664 775 830
775 664 889 830
462 664 581 830
473 498 593 664
341 664 462 830
337 498 473 664
196 498 337 664
593 498 741 664
192 664 341 830
551 830 700 996
382 830 551 996
817 332 1000 498
200 830 382 996
0 664 192 830
0 498 196 664
0 830 200 996
792 0 1000 166
573 332 817 498
305 332 573 498
0 332 305 498
647 166 956 332
334 166 647 332
0 166 334 332
0 0 396 166
396 0 792 166
999 0 1000 166
996 0 999 166
986 0 996 166
961 498 1000 664
957 664 1000 830
915 498 961 664
954 830 1000 996
740 664 791 830
680 498 744 664
890 830 954 996
889 664 957 830
843 498 915 664
808 830 890 996
654 664 740 830
617 830 703 996
591 498 680 664
563 664 654 830
496 498 591 664
791 664 889 830
744 498 843 664
463 664 563 830
703 830 808 996
863 166 1000 332
846 0 986 166
445 830 617 996
790 332 1000 498
280 498 496 664
243 664 463 830
224 830 445 996
0 830 224 996
0 664 243 830
0 498 280 664
479 332 790 498
525 166 863 332
0 332 479 498
0 166 525 332
0 0 846 166
995 0 1000 166
976 332 1000 498
961 498 1000 664
957 664 1000 830
915 498 961 664
954 830 1000 996
890 830 954 996
652 830 719 996
889 664 957 830
843 498 915 664
808 830 890 996
907 166 1000 332
719 830 808 996
557 830 652 996
514 498 615 664
741 498 843 664
449 830 557 996
402 664 513 830
402 498 514 664
775 664 889 830
333 830 449 996
615 498 741 664
513 664 641 830
641 664 775 830
251 498 402 664
247 664 402 830
167 830 333 996
0 830 167 996
781 332 976 498
0 664 247 830
0 498 251 664
529 332 781 498
586 166 907 332
670 0 995 166
0 332 529 498
0 166 586 332
0 0 670 166
997 0 1000 166
993 0 997 166
961 498 1000 664
957 664 1000 830
915 498 961 664
954 830 1000 996
890 830 954 996
889 664 957 830
843 498 915 664
808 830 890 996
654 498 741 664
902 0 993 166
741 498 843 664
700 830 808 996
775 664 889 830
649 664 775 830
519 664 649 830
865 332 1000 498
517 498 654 664
551 830 700 996
369 664 519 830
201 498 359 664
359 498 517 664
382 830 551 996
195 664 369 830
200 830 382 996
0 664 195 830
0 830 200 996
0 498 201 664
595 332 865 498
303 332 595 498
705 166 1000 332
0 332 303 498
361 166 705 332
0 166 361 332
453 0 902 166
0 0 453 166
992 166 1000 332
986 166 992 332
982 0 1000 166
961 498 1000 664
957 664 1000 830
915 498 961 664
954 830 1000 996
890 830 954 996
889 664 957 830
843 498 915 664
808 830 890 996
545 664 641 830
741 498 843 664
700 830 808 996
775 664 889 830
419 664 545 830
421 830 551 996
641 664 775 830
593 498 741 664
551 830 700 996
434 498 593 664
808 0 982 166
252 498 434 664
218 664 419 830
211 830 421 996
0 830 211 996
0 664 218 830
753 332 1000 498
512 332 753 498
269 332 512 498
734 166 986 332
0 498 252 664
0 332 269 498
389 166 734 332
0 166 389 332
412 0 808 166
0 0 412 166
