997 200 1000 400
805 800 829 1000
975 800 1000 1000
785 600 818 800
770 800 805 1000
747 600 785 800
961 600 1000 800
730 800 770 1000
706 600 747 800
818 600 862 800
931 800 975 1000
660 600 706 800
912 600 961 800
862 600 912 800
829 800 880 1000
880 800 931 1000
938 200 997 400
658 800 730 1000
583 600 660 800
573 800 658 1000
494 600 583 800
484 800 573 1000
908 400 1000 600
399 600 494 800
382 800 484 1000
288 600 399 800
270 800 382 1000
884 0 1000 200
162 600 288 800
137 800 270 1000
0 800 137 1000
0 600 162 800
744 400 908 600
575 400 744 600
402 400 575 600
212 400 402 600
0 400 212 600
716 200 938 400
399 200 716 400
0 200 399 400
461 0 884 200
0 0 461 200
997 200 1000 400
991 200 997 400
984 0 1000 200
975 800 1000 1000
961 600 1000 800
931 800 975 1000
912 600 961 800
862 600 912 800
712 800 762 1000
880 800 931 1000
828 800 880 1000
658 800 712 1000
806 600 862 800
604 600 662 800
599 800 658 1000
539 800 599 1000
762 800 828 1000
536 600 604 800
737 600 806 800
464 600 536 800
662 600 737 800
463 800 539 1000
918 400 1000 600
366 600 464 800
365 800 463 1000
266 600 366 800
264 800 365 1000
159 600 266 800
142 800 264 1000
861 200 991 400
0 800 142 1000
0 600 159 800
753 400 918 600
586 400 753 600
410 400 586 600
210 400 410 600
0 400 210 600
612 200 861 400
331 200 612 400
0 200 331 400
608 0 984 200
0 0 608 200
996 200 1000 400
997 0 1000 200
990 200 996 400
975 800 1000 1000
961 600 1000 800
931 800 975 1000
912 600 961 800
862 600 912 800
880 800 931 1000
946 400 1000 600
828 800 880 1000
806 600 862 800
762 800 828 1000
737 600 806 800
686 800 762 1000
657 600 737 800
575 600 657 800
408 800 494 1000
597 800 686 1000
318 800 408 1000
483 600 575 800
222 800 318 1000
382 600 483 800
494 800 597 1000
136 600 242 800
114 800 222 1000
0 800 114 1000
0 600 136 800
809 400 946 600
242 600 382 800
663 400 809 600
513 400 663 600
838 200 990 400
349 400 513 600
183 400 349 600
0 400 183 600
799 0 997 200
608 200 838 400
352 200 608 400
0 200 352 400
414 0 799 200
0 0 414 200
999 200 1000 400
997 200 999 400
975 800 1000 1000
965 400 1000 600
961 600 1000 800
931 800 975 1000
912 600 961 800
862 600 912 800
563 800 613 1000
880 800 931 1000
828 800 880 1000
806 600 862 800
501 800 563 1000
762 800 828 1000
737 600 806 800
426 600 497 800
430 800 501 1000
613 800 686 1000
352 600 426 800
686 800 762 1000
497 600 575 800
657 600 737 800
575 600 657 800
348 800 430 1000
253 800 348 1000
245 600 352 800
891 0 1000 200
128 600 245 800
127 800 253 1000
0 800 127 1000
0 600 128 800
795 400 965 600
612 400 795 600
427 400 612 600
219 400 427 600
778 200 997 400
0 400 219 600
528 200 778 400
272 200 528 400
0 200 272 400
512 0 891 200
0 0 512 200
975 0 1000 200
975 800 1000 1000
971 400 1000 600
961 600 1000 800
931 800 975 1000
953 200 1000 400
912 600 961 800
862 600 912 800
880 800 931 1000
828 800 880 1000
646 800 699 1000
806 600 862 800
589 800 646 1000
699 800 762 1000
762 800 828 1000
517 600 584 800
522 800 589 1000
737 600 806 800
584 600 657 800
657 600 737 800
442 800 522 1000
436 600 517 800
347 800 442 1000
339 600 436 800
239 600 339 800
237 800 347 1000
125 600 239 800
121 800 237 1000
0 800 121 1000
0 600 125 800
842 400 971 600
708 400 842 600
559 400 708 600
382 400 559 600
195 400 382 600
0 400 195 600
746 200 953 400
508 200 746 400
262 200 508 400
0 200 262 400
618 0 975 200
0 0 618 200
998 400 1000 600
997 0 1000 200
993 400 998 600
978 400 993 600
975 800 1000 1000
961 600 1000 800
931 800 975 1000
954 200 1000 400
912 600 961 800
862 600 912 800
880 800 931 1000
828 800 880 1000
806 600 862 800
762 800 828 1000
737 600 806 800
319 800 391 1000
315 600 389 800
686 800 762 1000
657 600 737 800
575 600 657 800
237 800 319 1000
229 600 315 800
597 800 686 1000
483 600 575 800
389 600 483 800
134 600 229 800
391 800 494 1000
494 800 597 1000
119 800 237 1000
0 800 119 1000
0 600 134 800
825 400 978 600
669 400 825 600
507 400 669 600
333 400 507 600
792 0 997 200
695 200 954 400
0 400 333 600
361 200 695 400
0 200 361 400
427 0 792 200
0 0 427 200
995 400 997 600
997 400 1000 600
991 0 1000 200
988 200 1000 400
975 800 1000 1000
961 600 1000 800
709 600 749 800
949 0 991 200
931 800 975 1000
912 600 961 800
862 600 912 800
880 800 931 1000
828 800 880 1000
601 600 655 800
655 600 709 800
806 600 862 800
749 600 806 800
762 800 828 1000
531 800 598 1000
528 600 601 800
686 800 762 1000
446 600 528 800
445 800 531 1000
598 800 686 1000
354 600 446 800
352 800 445 1000
257 800 352 1000
257 600 354 800
141 600 257 800
138 800 257 1000
0 800 138 1000
0 600 141 800
818 400 995 600
637 400 818 600
446 400 637 600
254 400 446 600
0 400 254 600
688 200 988 400
0 200 344 400
344 200 688 400
488 0 949 200
0 0 488 200
997 200 1000 400
993 400 1000 600
995 0 1000 200
981 0 995 200
975 800 1000 1000
961 600 1000 800
931 800 975 1000
912 600 961 800
862 600 912 800
880 800 931 1000
828 800 880 1000
806 600 862 800
762 800 828 1000
737 600 806 800
926 200 997 400
686 800 762 1000
657 600 737 800
575 600 657 800
597 800 686 1000
483 600 575 800
382 600 483 800
494 800 597 1000
386 800 494 1000
151 600 263 800
274 800 386 1000
263 600 382 800
857 400 993 600
0 800 274 1000
0 600 151 800
701 400 857 600
541 400 701 600
365 400 541 600
183 400 365 600
0 400 183 600
740 200 926 400
780 0 981 200
495 200 740 400
248 200 495 400
0 200 248 400
526 0 780 200
265 0 526 200
0 0 265 200
990 200 1000 400
975 800 1000 1000
961 600 1000 800
931 800 975 1000
912 600 961 800
862 600 912 800
880 800 931 1000
828 800 880 1000
806 600 862 800
762 800 828 1000
737 600 806 800
499 600 575 800
686 800 762 1000
422 600 499 800
657 600 737 800
575 600 657 800
414 800 496 1000
338 600 422 800
325 800 414 1000
597 800 686 1000
232 800 325 1000
496 800 597 1000
231 600 338 800
121 600 231 800
119 800 232 1000
0 800 119 1000
0 600 121 800
874 400 1000 600
747 400 874 600
619 400 747 600
474 400 619 600
328 400 474 600
181 400 328 600
829 200 990 400
0 400 181 600
647 200 829 400
463 200 647 400
234 200 463 400
0 200 234 400
730 0 1000 200
434 0 730 200
0 0 434 200
997 200 1000 400
991 200 997 400
975 800 1000 1000
961 600 1000 800
931 800 975 1000
954 400 1000 600
912 600 961 800
862 600 912 800
880 800 931 1000
828 800 880 1000
945 0 1000 200
806 600 862 800
762 800 828 1000
737 600 806 800
686 800 762 1000
657 600 737 800
575 600 657 800
597 800 686 1000
483 600 575 800
382 600 483 800
494 800 597 1000
886 200 991 400
386 800 494 1000
274 800 386 1000
123 600 237 800
0 600 123 800
830 400 954 600
0 800 129 1000
690 400 830 600
237 600 382 800
129 800 274 1000
541 400 690 600
383 400 541 600
197 400 383 600
0 400 197 600
686 200 886 400
485 200 686 400
257 200 485 400
0 200 257 400
670 0 945 200
336 0 670 200
0 0 336 200
996 200 1000 400
975 800 1000 1000
961 600 1000 800
650 800 691 1000
931 800 975 1000
912 600 961 800
862 600 912 800
600 800 650 1000
880 800 931 1000
542 600 594 800
828 800 880 1000
806 600 862 800
541 800 600 1000
482 600 542 800
594 600 657 800
762 800 828 1000
473 800 541 1000
737 600 806 800
403 800 473 1000
691 800 762 1000
657 600 737 800
401 600 482 800
311 600 401 800
309 800 403 1000
216 600 311 800
211 800 309 1000
112 600 216 800
106 800 211 1000
0 800 106 1000
0 600 112 800
882 200 996 400
857 400 1000 600
698 400 857 600
833 0 1000 200
498 400 698 600
270 400 498 600
0 400 270 600
608 200 882 400
312 200 608 400
0 200 312 400
426 0 833 200
0 0 426 200
997 400 1000 600
978 0 1000 200
977 200 1000 400
975 800 1000 1000
790 600 823 800
823 600 862 800
961 600 1000 800
931 800 975 1000
745 600 790 800
697 600 745 800
912 600 961 800
862 600 912 800
880 800 931 1000
828 800 880 1000
623 800 689 1000
762 800 828 1000
689 800 762 1000
621 600 697 800
540 800 623 1000
535 600 621 800
446 600 535 800
451 800 540 1000
357 800 451 1000
345 600 446 800
135 600 240 800
240 600 345 800
252 800 357 1000
0 800 126 1000
126 800 252 1000
0 600 135 800
850 400 997 600
826 200 977 400
818 0 978 200
652 400 850 600
232 400 442 600
442 400 652 600
0 400 232 600
566 200 826 400
293 200 566 400
0 200 293 400
501 0 818 200
0 0 501 200
993 200 1000 400
981 0 1000 200
975 800 1000 1000
739 800 773 1000
701 800 739 1000
961 600 1000 800
661 800 701 1000
931 800 975 1000
615 600 661 800
615 800 661 1000
912 600 961 800
862 600 912 800
880 800 931 1000
828 800 880 1000
773 800 828 1000
806 600 862 800
559 800 615 1000
549 600 615 800
737 600 806 800
478 600 549 800
921 200 993 400
661 600 737 800
468 800 559 1000
385 600 478 800
363 800 468 1000
885 400 1000 600
272 600 385 800
155 600 272 800
246 800 363 1000
128 800 246 1000
0 800 128 1000
0 600 155 800
729 400 885 600
397 400 563 600
563 400 729 600
229 400 397 600
0 400 229 600
687 200 921 400
695 0 981 200
356 200 687 400
0 200 356 400
0 0 695 200
991 200 1000 400
743 600 764 800
745 800 766 1000
975 800 1000 1000
718 800 745 1000
965 0 1000 200
961 600 1000 800
702 600 743 800
677 800 718 1000
660 600 702 800
764 600 806 800
931 800 975 1000
912 600 961 800
628 800 677 1000
862 600 912 800
609 600 660 800
880 800 931 1000
828 800 880 1000
555 600 609 800
806 600 862 800
766 800 828 1000
928 200 991 400
554 800 628 1000
473 600 555 800
915 400 1000 600
468 800 554 1000
377 600 473 800
371 800 468 1000
276 600 377 800
269 800 371 1000
163 600 276 800
154 800 269 1000
0 800 154 1000
0 600 163 800
727 400 915 600
494 400 727 600
254 400 494 600
0 400 254 600
661 0 965 200
495 200 928 400
0 200 495 400
0 0 661 200
999 0 1000 200
990 0 999 200
987 200 1000 400
983 400 1000 600
975 800 1000 1000
961 600 1000 800
931 800 975 1000
912 600 961 800
862 600 912 800
880 800 931 1000
828 800 880 1000
641 800 696 1000
806 600 862 800
599 600 657 800
696 800 762 1000
762 800 828 1000
573 800 641 1000
737 600 806 800
499 800 573 1000
903 400 983 600
657 600 737 800
498 600 599 800
390 800 499 1000
387 600 498 800
278 800 390 1000
268 600 387 800
146 600 268 800
140 800 278 1000
0 800 140 1000
0 600 146 800
739 400 903 600
574 400 739 600
817 200 987 400
390 400 574 600
197 400 390 600
0 400 197 600
783 0 990 200
572 200 817 400
299 200 572 400
0 200 299 400
471 0 783 200
0 0 471 200
993 400 995 600
995 400 1000 600
995 0 1000 200
993 200 1000 400
975 800 1000 1000
802 800 830 1000
799 600 828 800
828 600 862 800
961 600 1000 800
931 800 975 1000
753 600 799 800
912 600 961 800
862 600 912 800
752 800 802 1000
830 800 880 1000
880 800 931 1000
700 600 753 800
697 800 752 1000
644 600 700 800
637 800 697 1000
573 600 644 800
564 800 637 1000
913 400 993 600
462 800 564 1000
458 600 573 800
339 800 462 1000
330 600 458 800
198 600 330 800
196 800 339 1000
827 200 993 400
0 800 196 1000
0 600 198 800
708 400 913 600
496 400 708 600
251 400 496 600
576 200 827 400
0 400 251 600
739 0 995 200
308 200 576 400
0 200 308 400
411 0 739 200
0 0 411 200
998 0 999 200
999 0 1000 200
993 0 998 200
985 200 1000 400
976 400 1000 600
975 800 1000 1000
961 600 1000 800
931 800 975 1000
912 600 961 800
862 600 912 800
880 800 931 1000
828 800 880 1000
806 600 862 800
762 800 828 1000
737 600 806 800
686 800 762 1000
330 800 408 1000
251 800 330 1000
657 600 737 800
575 600 657 800
408 800 494 1000
597 800 686 1000
483 600 575 800
382 600 483 800
494 800 597 1000
138 800 251 1000
0 800 138 1000
0 600 237 800
831 400 976 600
237 600 382 800
681 400 831 600
530 400 681 600
355 400 530 600
179 400 355 600
0 400 179 600
783 200 985 400
546 200 783 400
280 200 546 400
0 200 280 400
711 0 993 200
362 0 711 200
0 0 362 200
995 0 1000 200
992 0 995 200
975 800 1000 1000
961 600 1000 800
931 800 975 1000
611 600 657 800
912 600 961 800
862 600 912 800
880 800 931 1000
828 800 880 1000
556 600 611 800
500 600 556 800
806 600 862 800
439 600 500 800
436 800 500 1000
762 800 828 1000
737 600 806 800
363 800 436 1000
686 800 762 1000
657 600 737 800
358 600 439 800
277 800 363 1000
597 800 686 1000
900 400 1000 600
500 800 597 1000
256 600 358 800
149 600 256 800
146 800 277 1000
864 200 1000 400
0 800 146 1000
0 600 149 800
745 400 900 600
580 400 745 600
408 400 580 600
810 0 992 200
207 400 408 600
0 400 207 600
586 200 864 400
295 200 586 400
0 200 295 400
448 0 810 200
0 0 448 200
995 400 1000 600
998 200 1000 400
993 400 995 600
993 200 998 400
975 800 1000 1000
961 600 1000 800
953 400 993 600
957 0 1000 200
931 800 975 1000
912 600 961 800
862 600 912 800
880 800 931 1000
828 800 880 1000
806 600 862 800
762 800 828 1000
737 600 806 800
922 200 993 400
686 800 762 1000
657 600 737 800
575 600 657 800
597 800 686 1000
483 600 575 800
859 400 953 600
861 0 957 200
382 600 483 800
494 800 597 1000
386 800 494 1000
274 800 386 1000
0 600 382 800
0 800 274 1000
712 400 859 600
560 400 712 600
400 400 560 600
209 400 400 600
0 400 209 600
702 200 922 400
481 200 702 400
249 200 481 400
0 200 249 400
611 0 861 200
327 0 611 200
0 0 327 200
975 800 1000 1000
961 600 1000 800
931 800 975 1000
912 600 961 800
862 600 912 800
880 800 931 1000
828 800 880 1000
943 200 1000 400
806 600 862 800
762 800 828 1000
737 600 806 800
930 400 1000 600
686 800 762 1000
657 600 737 800
575 600 657 800
194 800 282 1000
597 800 686 1000
483 600 575 800
101 600 194 800
194 600 287 800
100 800 194 1000
287 600 382 800
0 800 100 1000
0 600 101 800
382 600 483 800
828 400 930 600
494 800 597 1000
282 800 386 1000
723 400 828 600
507 400 615 600
615 400 723 600
386 800 494 1000
382 400 507 600
247 400 382 600
775 200 943 400
807 0 1000 200
0 400 247 600
525 200 775 400
269 200 525 400
0 200 269 400
504 0 807 200
0 0 504 200
994 200 1000 400
971 400 1000 600
975 800 1000 1000
961 600 1000 800
931 800 975 1000
912 600 961 800
862 600 912 800
880 800 931 1000
828 800 880 1000
806 600 862 800
337 800 403 1000
762 800 828 1000
737 600 806 800
267 800 337 1000
918 200 994 400
686 800 762 1000
657 600 737 800
575 600 657 800
183 800 267 1000
597 800 686 1000
92 800 183 1000
403 800 494 1000
483 600 575 800
0 800 92 1000
876 400 971 600
382 600 483 800
892 0 1000 200
494 800 597 1000
133 600 237 800
0 600 133 800
237 600 382 800
719 400 876 600
551 400 719 600
380 400 551 600
194 400 380 600
0 400 194 600
723 200 918 400
506 200 723 400
275 200 506 400
0 200 275 400
476 0 892 200
0 0 476 200
995 400 1000 600
993 0 1000 200
983 200 1000 400
971 400 995 600
968 0 993 200
975 800 1000 1000
961 600 1000 800
670 800 711 1000
931 800 975 1000
912 600 961 800
862 600 912 800
711 800 762 1000
880 800 931 1000
828 800 880 1000
806 600 862 800
610 800 670 1000
608 600 669 800
549 800 610 1000
762 800 828 1000
669 600 737 800
737 600 806 800
537 600 608 800
470 800 549 1000
456 600 537 800
384 800 470 1000
365 600 456 800
263 600 365 800
262 800 384 1000
139 600 263 800
137 800 262 1000
0 800 137 1000
0 600 139 800
820 400 971 600
646 400 820 600
459 400 646 600
262 400 459 600
756 200 983 400
0 400 262 600
489 200 756 400
621 0 968 200
0 200 489 400
0 0 621 200
997 400 1000 600
975 800 1000 1000
971 200 1000 400
969 0 1000 200
772 600 810 800
961 600 1000 800
931 800 975 1000
726 600 772 800
912 600 961 800
862 600 912 800
723 800 774 1000
880 800 931 1000
810 600 862 800
828 800 880 1000
670 800 723 1000
774 800 828 1000
668 600 726 800
607 600 668 800
606 800 670 1000
532 600 607 800
530 800 606 1000
454 600 532 800
448 800 530 1000
369 600 454 800
362 800 448 1000
909 400 997 600
272 600 369 800
260 800 362 1000
137 800 260 1000
137 600 272 800
0 600 137 800
0 800 137 1000
762 400 909 600
591 400 762 600
417 400 591 600
210 400 417 600
0 400 210 600
713 200 971 400
407 200 713 400
653 0 969 200
0 200 407 400
0 0 653 200
848 600 862 800
975 800 1000 1000
814 600 848 800
961 600 1000 800
774 600 814 800
931 800 975 1000
729 600 774 800
912 600 961 800
862 600 912 800
880 800 931 1000
828 800 880 1000
674 600 729 800
614 600 674 800
762 800 828 1000
542 800 610 1000
541 600 614 800
610 800 686 1000
686 800 762 1000
465 800 542 1000
919 200 1000 400
454 600 541 800
910 400 1000 600
363 600 454 800
374 800 465 1000
279 800 374 1000
264 600 363 800
163 600 264 800
872 0 1000 200
151 800 279 1000
0 800 151 1000
0 600 163 800
740 400 910 600
562 400 740 600
382 400 562 600
201 400 382 600
0 400 201 600
715 200 919 400
501 200 715 400
251 200 501 400
0 200 251 400
473 0 872 200
0 0 473 200
991 400 1000 600
982 0 1000 200
979 200 1000 400
975 800 1000 1000
961 600 1000 800
931 800 975 1000
548 600 593 800
502 600 548 800
912 600 961 800
862 600 912 800
880 800 931 1000
828 800 880 1000
806 600 862 800
925 0 982 200
593 600 657 800
762 800 828 1000
737 600 806 800
686 800 762 1000
657 600 737 800
416 600 502 800
408 800 495 1000
597 800 686 1000
325 600 416 800
317 800 408 1000
231 600 325 800
218 800 317 1000
129 600 231 800
495 800 597 1000
110 800 218 1000
0 800 110 1000
880 400 991 600
0 600 129 800
730 400 880 600
575 400 730 600
255 400 415 600
415 400 575 600
762 200 979 400
0 400 255 600
662 0 925 200
402 200 762 400
0 200 402 400
0 0 662 200
997 0 1000 200
993 400 1000 600
975 800 1000 1000
961 600 1000 800
931 800 975 1000
610 600 657 800
912 600 961 800
862 600 912 800
880 800 931 1000
558 600 610 800
828 800 880 1000
806 600 862 800
501 600 558 800
940 200 1000 400
436 600 501 800
446 800 511 1000
762 800 828 1000
737 600 806 800
374 800 446 1000
360 600 436 800
686 800 762 1000
657 600 737 800
511 800 597 1000
272 600 360 800
597 800 686 1000
897 400 993 600
892 0 997 200
258 800 374 1000
151 600 272 800
135 800 258 1000
0 800 135 1000
0 600 151 800
745 400 897 600
577 400 745 600
392 400 577 600
203 400 392 600
0 400 203 600
688 200 940 400
352 200 688 400
0 200 352 400
504 0 892 200
0 0 504 200
996 0 1000 200
991 200 1000 400
975 800 1000 1000
958 0 996 200
961 600 1000 800
931 800 975 1000
912 600 961 800
941 200 991 400
862 600 912 800
880 800 931 1000
828 800 880 1000
806 600 862 800
762 800 828 1000
737 600 806 800
686 800 762 1000
657 600 737 800
575 600 657 800
597 800 686 1000
483 600 575 800
382 600 483 800
494 800 597 1000
386 800 494 1000
274 800 386 1000
133 600 254 800
254 600 382 800
0 800 129 1000
867 400 1000 600
0 600 133 800
731 400 867 600
594 400 731 600
452 400 594 600
129 800 274 1000
306 400 452 600
157 400 306 600
0 400 157 600
779 200 941 400
794 0 958 200
555 200 779 400
294 200 555 400
0 200 294 400
415 0 794 200
0 0 415 200
975 800 1000 1000
967 0 1000 200
961 600 1000 800
959 400 1000 600
931 800 975 1000
912 600 961 800
862 600 912 800
880 800 931 1000
828 800 880 1000
806 600 862 800
762 800 828 1000
319 600 387 800
737 600 806 800
314 800 387 1000
686 800 762 1000
236 800 314 1000
657 600 737 800
575 600 657 800
236 600 319 800
147 600 236 800
147 800 236 1000
597 800 686 1000
483 600 575 800
387 600 483 800
494 800 597 1000
387 800 494 1000
874 200 1000 400
0 600 147 800
0 800 147 1000
809 400 959 600
657 400 809 600
501 400 657 600
340 400 501 600
174 400 340 600
0 400 174 600
510 200 692 400
692 200 874 400
262 200 510 400
0 200 262 400
685 0 967 200
376 0 685 200
0 0 376 200
991 0 1000 200
975 800 1000 1000
961 600 1000 800
931 800 975 1000
534 600 581 800
912 600 961 800
862 600 912 800
880 800 931 1000
828 800 880 1000
806 600 862 800
939 400 1000 600
460 800 526 1000
762 800 828 1000
737 600 806 800
930 200 1000 400
526 800 597 1000
581 600 657 800
686 800 762 1000
457 600 534 800
913 0 991 200
657 600 737 800
597 800 686 1000
363 800 460 1000
357 600 457 800
256 600 357 800
255 800 363 1000
141 600 256 800
138 800 255 1000
0 800 138 1000
0 600 141 800
791 400 939 600
642 400 791 600
326 400 484 600
484 400 642 600
165 400 326 600
0 400 165 600
764 200 930 400
578 200 764 400
391 200 578 400
702 0 913 200
0 200 391 400
0 0 702 200
991 400 1000 600
979 200 1000 400
975 800 1000 1000
974 0 1000 200
961 600 1000 800
931 800 975 1000
912 600 961 800
862 600 912 800
880 800 931 1000
828 800 880 1000
806 600 862 800
473 800 534 1000
534 800 597 1000
408 800 473 1000
417 600 483 800
762 800 828 1000
737 600 806 800
686 800 762 1000
329 800 408 1000
657 600 737 800
575 600 657 800
597 800 686 1000
483 600 575 800
324 600 417 800
236 800 329 1000
227 600 324 800
129 600 227 800
122 800 236 1000
0 800 122 1000
0 600 129 800
858 400 991 600
716 400 858 600
800 200 979 400
788 0 974 200
485 400 716 600
244 400 485 600
0 400 244 600
541 200 800 400
271 200 541 400
0 200 271 400
464 0 788 200
0 0 464 200
994 200 1000 400
989 0 1000 200
975 800 1000 1000
592 600 623 800
623 600 657 800
961 400 1000 600
961 600 1000 800
931 800 975 1000
912 600 961 800
862 600 912 800
880 800 931 1000
540 600 592 800
828 800 880 1000
806 600 862 800
762 800 828 1000
737 600 806 800
470 600 540 800
686 800 762 1000
390 600 470 800
657 600 737 800
597 800 686 1000
296 600 390 800
892 200 994 400
494 800 597 1000
386 800 494 1000
277 800 386 1000
153 800 277 1000
153 600 296 800
0 600 153 800
0 800 153 1000
803 400 961 600
612 400 803 600
416 400 612 600
0 400 208 600
208 400 416 600
674 200 892 400
454 200 674 400
230 200 454 400
0 200 230 400
713 0 989 200
393 0 713 200
0 0 393 200
994 400 1000 600
989 200 1000 400
985 0 1000 200
975 800 1000 1000
961 600 1000 800
931 800 975 1000
483 600 528 800
528 600 575 800
912 600 961 800
862 600 912 800
432 600 483 800
880 800 931 1000
828 800 880 1000
938 400 994 600
806 600 862 800
438 800 494 1000
372 800 438 1000
762 800 828 1000
365 600 432 800
737 600 806 800
919 200 989 400
686 800 762 1000
657 600 737 800
575 600 657 800
280 600 365 800
597 800 686 1000
494 800 597 1000
258 800 372 1000
159 600 280 800
136 800 258 1000
0 800 136 1000
0 600 159 800
777 400 938 600
613 400 777 600
417 400 613 600
212 400 417 600
0 400 212 600
772 0 985 200
676 200 919 400
388 200 676 400
0 200 388 400
0 0 772 200
999 0 1000 200
992 200 996 400
996 200 1000 400
981 0 999 200
970 200 992 400
975 800 1000 1000
961 600 1000 800
931 800 975 1000
912 600 961 800
862 600 912 800
880 800 931 1000
828 800 880 1000
806 600 862 800
938 400 1000 600
762 800 828 1000
737 600 806 800
686 800 762 1000
657 600 737 800
575 600 657 800
597 800 686 1000
483 600 575 800
382 600 483 800
494 800 597 1000
386 800 494 1000
274 800 386 1000
0 800 129 1000
801 400 938 600
0 600 237 800
237 600 382 800
129 800 274 1000
654 400 801 600
499 400 654 600
336 400 499 600
172 400 336 600
0 400 172 600
788 200 970 400
592 200 788 400
758 0 981 200
302 200 592 400
0 200 302 400
425 0 758 200
0 0 425 200
997 400 1000 600
978 400 997 600
977 200 1000 400
975 800 1000 1000
961 600 1000 800
616 600 657 800
931 800 975 1000
912 600 961 800
950 0 1000 200
862 600 912 800
880 800 931 1000
560 800 612 1000
828 800 880 1000
806 600 862 800
559 600 616 800
496 800 560 1000
494 600 559 800
428 600 494 800
762 800 828 1000
737 600 806 800
612 800 686 1000
421 800 496 1000
686 800 762 1000
657 600 737 800
342 600 428 800
334 800 421 1000
249 600 342 800
241 800 334 1000
135 600 249 800
123 800 241 1000
0 800 123 1000
0 600 135 800
840 400 978 600
676 400 840 600
505 400 676 600
327 400 505 600
759 200 977 400
712 0 950 200
0 400 327 600
402 200 759 400
0 200 402 400
0 0 712 200
996 200 1000 400
992 0 1000 200
975 800 1000 1000
966 0 992 200
961 600 1000 800
931 800 975 1000
952 400 1000 600
912 600 961 800
862 600 912 800
880 800 931 1000
828 800 880 1000
806 600 862 800
762 800 828 1000
737 600 806 800
686 800 762 1000
657 600 737 800
575 600 657 800
597 800 686 1000
483 600 575 800
382 600 483 800
894 200 996 400
494 800 597 1000
386 800 494 1000
274 800 386 1000
832 400 952 600
710 400 832 600
586 400 710 600
453 400 586 600
317 400 453 600
179 400 317 600
827 0 966 200
0 600 237 800
237 600 382 800
0 800 274 1000
0 400 179 600
697 200 894 400
478 200 697 400
240 200 478 400
0 200 240 400
578 0 827 200
291 0 578 200
0 0 291 200
993 0 1000 200
989 400 1000 600
975 800 1000 1000
961 600 1000 800
958 200 1000 400
543 600 586 800
580 800 623 1000
931 800 975 1000
534 800 580 1000
912 600 961 800
862 600 912 800
880 800 931 1000
828 800 880 1000
806 600 862 800
486 600 543 800
477 800 534 1000
426 600 486 800
623 800 686 1000
413 800 477 1000
762 800 828 1000
737 600 806 800
586 600 657 800
351 600 426 800
686 800 762 1000
657 600 737 800
331 800 413 1000
252 600 351 800
230 800 331 1000
147 600 252 800
121 800 230 1000
0 800 121 1000
864 400 989 600
0 600 147 800
700 400 864 600
517 400 700 600
752 200 958 400
260 400 517 600
0 400 260 600
386 200 752 400
0 200 386 400
598 0 993 200
0 0 598 200
998 0 1000 200
997 200 1000 400
975 400 1000 600
975 800 1000 1000
656 600 687 800
961 600 1000 800
655 800 695 1000
931 800 975 1000
610 800 655 1000
609 600 656 800
563 800 610 1000
912 600 961 800
559 600 609 800
687 600 737 800
862 600 912 800
880 800 931 1000
828 800 880 1000
806 600 862 800
507 800 563 1000
762 800 828 1000
695 800 762 1000
737 600 806 800
488 600 559 800
918 200 997 400
417 800 507 1000
394 600 488 800
292 600 394 800
315 800 417 1000
187 600 292 800
170 800 315 1000
0 800 170 1000
0 600 187 800
775 400 975 600
544 400 775 600
753 0 998 200
276 400 544 600
0 400 276 600
628 200 918 400
323 200 628 400
0 200 323 400
427 0 753 200
0 0 427 200
993 200 1000 400
975 800 1000 1000
958 400 1000 600
961 600 1000 800
931 800 975 1000
912 600 961 800
862 600 912 800
880 800 931 1000
828 800 880 1000
806 600 862 800
762 800 828 1000
737 600 806 800
686 800 762 1000
308 800 386 1000
657 600 737 800
575 600 657 800
209 600 292 800
597 800 686 1000
292 600 382 800
483 600 575 800
208 800 308 1000
108 600 209 800
382 600 483 800
105 800 208 1000
494 800 597 1000
0 800 105 1000
0 600 108 800
386 800 494 1000
848 400 958 600
734 400 848 600
612 400 734 600
488 400 612 600
342 400 488 600
182 400 342 600
0 400 182 600
783 0 1000 200
761 200 993 400
516 200 761 400
265 200 516 400
0 200 265 400
490 0 783 200
0 0 490 200
997 0 1000 200
798 600 822 800
972 0 997 200
768 800 793 1000
975 800 1000 1000
768 600 798 800
738 800 768 1000
736 600 768 800
793 800 828 1000
961 600 1000 800
699 800 738 1000
822 600 862 800
931 800 975 1000
691 600 736 800
912 600 961 800
650 800 699 1000
641 600 691 800
862 600 912 800
949 200 1000 400
599 800 650 1000
880 800 931 1000
828 800 880 1000
582 600 641 800
536 800 599 1000
516 600 582 800
437 600 516 800
418 800 536 1000
308 600 437 800
283 800 418 1000
171 600 308 800
144 800 283 1000
0 800 144 1000
838 400 1000 600
0 600 171 800
665 400 838 600
490 400 665 600
311 400 490 600
734 200 949 400
0 400 311 600
398 200 734 400
0 200 398 400
0 0 972 200
998 200 1000 400
988 0 1000 200
979 200 998 400
975 800 1000 1000
961 600 1000 800
931 800 975 1000
912 600 961 800
862 600 912 800
880 800 931 1000
828 800 880 1000
806 600 862 800
468 800 524 1000
762 800 828 1000
737 600 806 800
524 800 597 1000
392 800 468 1000
686 800 762 1000
313 800 392 1000
657 600 737 800
575 600 657 800
230 800 313 1000
597 800 686 1000
907 400 1000 600
483 600 575 800
382 600 483 800
116 800 230 1000
0 800 116 1000
0 600 118 800
788 400 907 600
118 600 237 800
665 400 788 600
534 400 665 600
852 0 988 200
237 600 382 800
379 400 534 600
202 400 379 600
0 400 202 600
747 200 979 400
474 200 747 400
568 0 852 200
0 200 474 400
0 0 568 200
995 0 1000 200
994 200 1000 400
985 0 995 200
976 200 994 400
961 0 985 200
975 800 1000 1000
961 600 1000 800
931 800 975 1000
912 600 961 800
862 600 912 800
880 800 931 1000
828 800 880 1000
806 600 862 800
762 800 828 1000
737 600 806 800
686 800 762 1000
657 600 737 800
575 600 657 800
397 600 483 800
221 600 309 800
309 600 397 800
597 800 686 1000
483 600 575 800
119 600 221 800
494 800 597 1000
386 800 494 1000
274 800 386 1000
886 400 1000 600
0 600 119 800
0 800 129 1000
753 400 886 600
609 400 753 600
129 800 274 1000
437 400 609 600
803 200 976 400
228 400 437 600
0 400 228 600
561 200 803 400
307 200 561 400
0 200 307 400
587 0 961 200
0 0 587 200
998 0 1000 200
992 400 1000 600
975 800 1000 1000
961 600 1000 800
623 600 665 800
931 800 975 1000
562 800 607 1000
912 600 961 800
862 600 912 800
880 800 931 1000
828 800 880 1000
806 600 862 800
938 0 998 200
560 600 623 800
762 800 828 1000
737 600 806 800
665 600 737 800
686 800 762 1000
607 800 686 1000
478 600 560 800
901 400 992 600
462 800 562 1000
377 600 478 800
354 800 462 1000
265 600 377 800
149 600 265 800
238 800 354 1000
0 800 119 1000
119 800 238 1000
0 600 149 800
749 400 901 600
595 400 749 600
401 400 595 600
202 400 401 600
0 400 202 600
788 200 1000 400
561 200 788 400
297 200 561 400
645 0 938 200
0 200 297 400
329 0 645 200
0 0 329 200
995 0 1000 200
975 400 1000 600
975 800 1000 1000
961 600 1000 800
931 800 975 1000
467 800 515 1000
461 600 510 800
912 600 961 800
862 600 912 800
880 800 931 1000
828 800 880 1000
806 600 862 800
410 800 467 1000
403 600 461 800
934 0 995 200
510 600 575 800
762 800 828 1000
335 600 403 800
737 600 806 800
686 800 762 1000
331 800 410 1000
657 600 737 800
575 600 657 800
515 800 597 1000
245 800 331 1000
597 800 686 1000
244 600 335 800
150 600 244 800
146 800 245 1000
887 200 1000 400
861 400 975 600
0 800 146 1000
0 600 150 800
663 400 861 600
446 400 663 600
227 400 446 600
660 200 887 400
0 400 227 600
419 200 660 400
599 0 934 200
0 200 419 400
0 0 599 200
991 400 995 600
995 400 1000 600
985 400 991 600
975 800 1000 1000
961 600 1000 800
941 400 985 600
931 800 975 1000
912 600 961 800
862 600 912 800
880 800 931 1000
828 800 880 1000
806 600 862 800
762 800 828 1000
737 600 806 800
686 800 762 1000
657 600 737 800
575 600 657 800
597 800 686 1000
483 600 575 800
900 200 1000 400
382 600 483 800
494 800 597 1000
146 600 251 800
893 0 1000 200
386 800 494 1000
274 800 386 1000
251 600 382 800
0 800 274 1000
0 600 146 800
792 400 941 600
490 400 641 600
641 400 792 600
336 400 490 600
181 400 336 600
0 400 181 600
702 200 900 400
484 200 702 400
245 200 484 400
0 200 245 400
628 0 893 200
330 0 628 200
0 0 330 200
