999 0 1000 166
997 166 1000 332
917 664 930 830
918 830 931 996
916 498 930 664
982 0 999 166
901 830 918 996
894 664 917 830
892 498 916 664
862 498 892 664
931 830 963 996
967 664 1000 830
966 498 1000 664
930 498 966 664
930 664 967 830
963 830 1000 996
861 830 901 996
851 664 894 830
817 830 861 996
814 498 862 664
791 664 851 830
753 830 817 996
745 498 814 664
720 664 791 830
634 498 745 664
642 830 753 996
608 664 720 830
472 664 608 830
853 332 1000 498
468 498 634 664
815 166 997 332
443 830 642 996
265 498 468 664
264 664 472 830
225 830 443 996
0 830 225 996
0 664 264 830
0 498 265 664
586 332 853 498
317 332 586 498
0 332 317 498
422 166 815 332
0 166 422 332
536 0 982 166
0 0 536 166
951 830 963 996
937 664 952 830
952 664 967 830
936 830 951 996
948 498 966 664
972 332 1000 498
908 664 937 830
906 830 936 996
967 664 1000 830
966 498 1000 664
963 830 1000 996
906 498 948 664
862 830 906 996
859 664 908 830
855 498 906 664
943 0 1000 166
801 664 859 830
800 830 862 996
792 498 855 664
691 830 800 996
691 664 801 830
678 498 792 664
556 498 678 664
547 664 691 830
542 830 691 996
404 498 556 664
380 664 547 830
830 166 1000 332
369 830 542 996
226 498 404 664
196 664 380 830
185 830 369 996
0 830 185 996
0 664 196 830
0 498 226 664
736 332 972 498
497 332 736 498
249 332 497 498
0 332 249 498
560 166 830 332
288 166 560 332
0 166 288 332
652 0 943 166
349 0 652 166
0 0 349 166
994 332 1000 498
904 498 932 664
900 830 929 996
937 664 967 830
967 664 1000 830
932 498 966 664
966 498 1000 664
929 830 963 996
963 830 1000 996
896 664 937 830
850 664 896 830
848 830 900 996
944 166 1000 332
847 498 904 664
785 498 847 664
783 664 850 830
777 830 848 996
705 830 777 996
701 664 783 830
700 498 785 664
605 664 701 830
602 498 700 664
600 830 705 996
496 498 602 664
493 830 600 996
491 664 605 830
372 830 493 996
369 498 496 664
364 664 491 830
239 498 369 664
221 664 364 830
219 830 372 996
809 332 994 498
0 830 219 996
0 664 221 830
0 498 239 664
745 0 1000 166
549 332 809 498
278 332 549 498
0 332 278 498
663 166 944 332
336 166 663 332
0 166 336 332
406 0 745 166
0 0 406 166
999 0 1000 166
993 0 999 166
991 166 1000 332
967 664 1000 830
966 498 1000 664
963 830 1000 996
873 498 916 664
918 830 963 996
916 498 966 664
914 664 967 830
819 498 873 664
763 498 819 664
853 830 918 996
757 664 828 830
688 498 763 664
681 664 757 830
680 830 759 996
598 664 681 830
596 830 680 996
828 664 914 830
759 830 853 996
591 498 688 664
497 664 598 830
494 830 596 996
485 498 591 664
888 332 1000 498
364 830 494 996
364 664 497 830
336 498 485 664
186 498 336 664
833 166 991 332
185 664 364 830
183 830 364 996
0 830 183 996
0 664 185 830
0 498 186 664
697 332 888 498
478 332 697 498
247 332 478 498
0 332 247 498
575 166 833 332
314 166 575 332
0 166 314 332
566 0 993 166
0 0 566 166
995 332 1000 498
973 0 1000 166
965 332 995 498
967 664 1000 830
966 498 1000 664
877 498 913 664
963 830 1000 996
962 166 1000 332
838 498 877 664
873 664 914 830
825 830 867 996
918 830 963 996
825 664 873 830
867 830 918 996
913 498 966 664
914 664 967 830
771 830 825 996
770 664 825 830
770 498 838 664
697 830 771 996
693 498 770 664
692 664 770 830
610 498 693 664
614 830 697 996
589 664 692 830
485 664 589 830
485 498 610 664
483 830 614 996
350 664 485 830
337 830 483 996
335 498 485 664
184 498 335 664
182 664 350 830
169 830 337 996
0 830 169 996
0 664 182 830
0 498 184 664
767 332 965 498
554 332 767 498
340 332 554 498
706 0 973 166
0 332 340 498
521 166 962 332
0 166 521 332
0 0 706 166
992 0 1000 166
954 664 967 830
934 664 954 830
907 830 932 996
904 664 934 830
932 830 963 996
967 664 1000 830
966 498 1000 664
929 498 966 664
963 830 1000 996
887 498 929 664
838 498 887 664
938 166 1000 332
834 664 904 830
832 830 907 996
757 664 834 830
753 830 832 996
752 498 838 664
664 498 752 664
669 664 757 830
662 830 753 996
565 830 662 996
565 664 669 830
557 498 664 664
456 830 565 996
446 664 565 830
437 498 557 664
315 498 437 664
334 830 456 996
867 332 1000 498
312 664 446 830
174 498 315 664
170 664 312 830
168 830 334 996
0 830 168 996
0 664 170 830
0 498 174 664
689 332 867 498
480 332 689 498
263 332 480 498
0 332 263 498
589 166 938 332
590 0 992 166
0 166 589 332
0 0 590 166
995 332 1000 498
968 166 1000 332
967 664 1000 830
966 498 1000 664
963 830 1000 996
870 664 914 830
823 830 867 996
918 830 963 996
949 0 1000 166
867 830 918 996
914 664 967 830
912 498 966 664
815 664 870 830
852 498 912 664
756 830 823 996
783 498 852 664
746 664 815 830
666 664 746 830
694 498 783 664
663 830 756 996
564 664 666 830
560 830 663 996
590 498 694 664
444 830 560 996
443 664 564 830
314 498 439 664
313 830 444 996
310 664 443 830
175 664 310 830
175 498 314 664
855 332 995 498
439 498 590 664
159 830 313 996
0 830 159 996
0 498 175 664
0 664 175 830
674 332 855 498
463 332 674 498
237 332 463 498
0 332 237 498
715 166 968 332
447 166 715 332
679 0 949 166
0 166 447 332
0 0 679 166
992 332 1000 498
984 332 992 498
856 664 879 830
967 664 1000 830
966 498 1000 664
879 664 914 830
963 830 1000 996
810 498 855 664
918 830 963 996
808 664 856 830
806 830 855 996
914 664 967 830
912 498 966 664
855 498 912 664
855 830 918 996
736 664 808 830
734 830 806 996
732 498 810 664
651 498 732 664
649 664 736 830
641 830 734 996
556 498 651 664
550 664 649 830
538 830 641 996
446 664 550 830
445 498 556 664
331 498 445 664
424 830 538 996
883 166 1000 332
326 664 446 830
293 830 424 996
191 498 331 664
181 664 326 830
147 830 293 996
0 830 147 996
835 332 984 498
0 664 181 830
0 498 191 664
591 332 835 498
322 332 591 498
0 332 322 498
558 166 883 332
622 0 1000 166
0 166 558 332
0 0 622 166
997 166 1000 332
992 332 1000 498
903 830 914 996
914 830 925 996
969 166 997 332
967 664 1000 830
966 498 1000 664
963 830 1000 996
925 830 963 996
856 830 903 996
862 498 912 664
862 664 914 830
914 664 967 830
808 498 862 664
912 498 966 664
806 664 862 830
800 830 856 996
733 498 808 664
720 830 800 996
719 664 806 830
644 498 733 664
625 830 720 996
548 498 644 664
623 664 719 830
523 830 625 996
897 0 1000 166
516 664 623 830
396 664 516 830
861 332 992 498
396 498 548 664
368 830 523 996
234 498 396 664
227 664 396 830
189 830 368 996
0 830 189 996
777 166 969 332
0 664 227 830
0 498 234 664
625 332 861 498
337 332 625 498
0 332 337 498
392 166 777 332
0 166 392 332
472 0 897 166
0 0 472 166
993 0 1000 166
993 166 1000 332
894 664 914 830
890 498 912 664
865 830 889 996
864 498 890 664
889 830 918 996
862 664 894 830
967 664 1000 830
966 498 1000 664
963 830 1000 996
822 830 865 996
918 830 963 996
814 664 862 830
914 664 967 830
912 498 966 664
806 498 864 664
934 0 993 166
747 830 822 996
737 664 814 830
728 498 806 664
644 664 737 830
641 830 747 996
620 498 728 664
529 664 644 830
523 830 641 996
498 498 620 664
401 830 523 996
398 664 529 830
365 498 498 664
228 498 365 664
220 664 398 830
205 830 401 996
0 830 205 996
786 332 1000 498
0 664 220 830
0 498 228 664
543 332 786 498
284 332 543 498
0 332 284 498
701 166 993 332
392 166 701 332
0 166 392 332
472 0 934 166
0 0 472 166
997 0 1000 166
989 0 997 166
986 332 1000 498
942 498 966 664
914 498 942 664
885 498 914 664
967 664 1000 830
966 498 1000 664
963 830 1000 996
879 830 918 996
926 664 967 830
918 830 963 996
876 664 926 830
831 498 885 664
821 664 876 830
820 830 879 996
770 498 831 664
754 664 821 830
752 830 820 996
698 498 770 664
674 830 752 996
672 664 754 830
592 498 698 664
558 664 672 830
557 830 674 996
472 498 592 664
434 664 558 830
432 830 557 996
346 498 472 664
306 664 434 830
867 166 1000 332
302 830 432 996
203 498 346 664
162 664 306 830
153 830 302 996
0 830 153 996
0 664 162 830
804 332 986 498
0 498 203 664
628 166 867 332
657 0 989 166
404 332 804 498
0 332 404 498
0 166 628 332
0 0 657 166
998 166 1000 332
998 0 1000 166
990 332 1000 498
988 0 998 166
988 166 998 332
967 664 1000 830
878 498 912 664
966 498 1000 664
878 664 914 830
963 830 1000 996
918 830 963 996
827 664 878 830
914 664 967 830
912 498 966 664
823 498 878 664
768 664 827 830
763 498 823 664
853 830 918 996
695 498 763 664
694 664 768 830
693 830 769 996
769 830 853 996
607 830 693 996
607 664 694 830
606 498 695 664
898 166 988 332
496 498 606 664
494 664 607 830
489 830 607 996
374 498 496 664
370 664 494 830
360 830 489 996
223 498 374 664
198 664 370 830
184 830 360 996
0 830 184 996
0 664 198 830
0 498 223 664
739 332 990 498
473 332 739 498
570 166 898 332
603 0 988 166
0 332 473 498
0 166 570 332
0 0 603 166
918 498 924 664
988 0 1000 166
897 498 918 664
864 498 897 664
967 664 1000 830
966 498 1000 664
963 830 1000 996
924 498 966 664
809 664 851 830
918 830 963 996
914 664 967 830
808 830 861 996
808 498 864 664
861 830 918 996
851 664 914 830
743 498 808 664
744 664 809 830
740 830 808 996
657 830 740 996
657 498 743 664
656 664 744 830
562 498 657 664
559 664 656 830
462 498 562 664
557 830 657 996
455 664 559 830
453 830 557 996
357 498 462 664
892 166 1000 332
342 664 455 830
332 830 453 996
217 498 357 664
185 664 342 830
170 830 332 996
0 830 170 996
0 664 185 830
784 332 1000 498
0 498 217 664
556 332 784 498
298 332 556 498
721 0 988 166
0 332 298 498
521 166 892 332
0 166 521 332
0 0 721 166
912 830 917 996
917 830 922 996
992 166 1000 332
906 664 915 830
880 664 906 830
970 332 1000 498
967 664 1000 830
879 830 912 996
966 498 1000 664
963 830 1000 996
962 0 1000 166
922 830 963 996
915 664 967 830
827 664 880 830
826 830 879 996
912 498 966 664
852 498 912 664
926 166 992 332
783 498 852 664
749 830 826 996
747 664 827 830
666 830 749 996
662 664 747 830
694 498 783 664
590 498 694 664
552 664 662 830
548 830 666 996
428 830 548 996
424 664 552 830
832 332 970 498
250 498 420 664
420 498 590 664
225 664 424 830
221 830 428 996
0 830 221 996
0 664 225 830
0 498 250 664
566 332 832 498
288 332 566 498
0 332 288 498
637 166 926 332
336 166 637 332
0 166 336 332
496 0 962 166
0 0 496 166
999 166 1000 332
977 332 1000 498
888 498 914 664
967 664 1000 830
885 830 918 996
966 498 1000 664
965 0 1000 166
885 664 921 830
848 664 885 830
963 830 1000 996
846 830 885 996
843 498 888 664
918 830 963 996
921 664 967 830
798 830 846 996
914 498 966 664
790 498 843 664
795 664 848 830
744 830 798 996
740 664 795 830
732 498 790 664
668 498 732 664
663 664 740 830
662 830 744 996
577 830 662 996
577 664 663 830
574 498 668 664
475 664 577 830
474 830 577 996
887 166 999 332
458 498 574 664
357 664 475 830
344 830 474 996
319 498 458 664
205 664 357 830
185 830 344 996
0 830 185 996
0 664 205 830
688 0 965 166
0 498 319 664
554 166 887 332
492 332 977 498
0 332 492 498
0 166 554 332
0 0 688 166
962 830 970 996
970 830 1000 996
981 332 1000 498
937 830 962 996
934 664 967 830
967 664 1000 830
904 830 937 996
966 498 1000 664
885 498 923 664
896 664 934 830
857 664 896 830
923 498 966 664
836 498 885 664
855 830 904 996
804 830 855 996
804 664 857 830
780 498 836 664
723 498 780 664
927 0 1000 166
720 830 804 996
714 664 804 830
626 498 723 664
623 830 720 996
615 664 714 830
517 498 626 664
496 664 615 830
495 830 623 996
387 498 517 664
342 830 495 996
230 498 387 664
339 664 496 830
177 664 339 830
174 830 342 996
0 830 174 996
0 664 177 830
782 332 981 498
0 498 230 664
541 332 782 498
278 332 541 498
728 166 1000 332
0 332 278 498
419 166 728 332
0 166 419 332
480 0 927 166
0 0 480 166
994 166 1000 332
998 0 1000 166
944 830 963 996
924 830 944 996
946 664 967 830
924 664 946 830
901 498 924 664
970 166 994 332
967 664 1000 830
966 498 1000 664
887 830 924 996
963 830 1000 996
848 664 886 830
886 664 924 830
924 498 966 664
844 830 887 996
843 498 901 664
786 830 844 996
782 664 848 830
773 498 843 664
702 498 773 664
911 0 998 166
687 664 782 830
680 830 786 996
594 498 702 664
577 664 687 830
566 830 680 996
437 830 566 996
435 664 577 830
429 498 594 664
830 332 1000 498
244 498 429 664
242 664 435 830
238 830 437 996
765 166 970 332
0 830 238 996
0 664 242 830
0 498 244 664
585 332 830 498
294 332 585 498
0 332 294 498
464 166 765 332
593 0 911 166
0 166 464 332
0 0 593 166
997 166 1000 332
994 0 1000 166
949 830 963 996
975 332 1000 498
924 830 949 996
900 498 926 664
898 830 924 996
898 664 925 830
871 498 900 664
868 830 898 996
840 498 871 664
867 664 898 830
967 664 1000 830
966 498 1000 664
963 830 1000 996
829 830 868 996
926 498 966 664
827 664 867 830
786 664 827 830
925 664 967 830
946 166 997 332
784 498 840 664
770 830 829 996
706 830 770 996
705 498 784 664
701 664 786 830
618 830 706 996
605 664 701 830
599 498 705 664
511 830 618 996
493 664 605 830
466 498 599 664
814 332 975 498
275 498 466 664
269 664 493 830
265 830 511 996
0 830 265 996
0 664 269 830
0 498 275 664
498 332 814 498
617 0 994 166
506 166 946 332
0 332 498 498
0 166 506 332
0 0 617 166
993 332 1000 498
987 166 1000 332
911 664 928 830
967 664 1000 830
966 498 1000 664
875 664 911 830
963 830 1000 996
874 498 912 664
928 664 967 830
833 498 874 664
918 830 963 996
871 830 918 996
912 498 966 664
811 830 871 996
811 664 875 830
761 498 833 664
738 664 811 830
735 830 811 996
658 830 735 996
655 664 738 830
909 332 993 498
898 166 987 332
907 0 1000 166
651 498 761 664
539 498 651 664
538 664 655 830
533 830 658 996
400 830 533 996
390 498 539 664
387 664 538 830
214 498 390 664
210 664 387 830
208 830 400 996
0 830 208 996
0 664 210 830
0 498 214 664
688 332 909 498
460 332 688 498
0 332 230 498
230 332 460 498
626 166 898 332
343 166 626 332
0 166 343 332
489 0 907 166
0 0 489 166
986 332 1000 498
974 166 1000 332
967 664 1000 830
966 498 1000 664
875 498 912 664
963 830 1000 996
873 664 914 830
822 830 865 996
918 830 963 996
914 664 967 830
865 830 918 996
912 498 966 664
819 664 873 830
817 498 875 664
753 664 819 830
747 498 817 664
676 664 753 830
745 830 822 996
666 498 747 664
663 830 745 996
579 498 666 664
574 830 663 996
573 664 676 830
468 664 573 830
467 498 579 664
460 830 574 996
340 498 467 664
330 830 460 996
869 0 1000 166
195 498 340 664
323 664 468 830
171 664 323 830
169 830 330 996
0 830 169 996
0 664 171 830
0 498 195 664
782 332 986 498
566 332 782 498
324 332 566 498
704 166 974 332
0 332 324 498
357 166 704 332
0 166 357 332
458 0 869 166
0 0 458 166
978 0 1000 166
889 498 912 664
860 498 889 664
849 830 880 996
842 664 875 830
967 664 1000 830
966 498 1000 664
823 498 860 664
963 830 1000 996
880 830 918 996
875 664 914 830
799 664 842 830
918 830 963 996
797 830 849 996
914 664 967 830
769 498 823 664
912 498 966 664
741 664 799 830
730 830 797 996
701 498 769 664
925 332 1000 498
652 830 730 996
650 664 741 830
605 498 701 664
508 498 605 664
507 664 650 830
497 830 652 996
351 498 508 664
347 664 507 830
336 830 497 996
189 498 351 664
181 664 347 830
169 830 336 996
0 830 169 996
0 664 181 830
0 498 189 664
731 332 925 498
532 332 731 498
332 332 532 498
790 166 1000 332
736 0 978 166
0 332 332 498
397 166 790 332
0 166 397 332
0 0 736 166
997 332 1000 498
998 166 1000 332
995 166 998 332
989 332 997 498
974 166 995 332
902 830 930 996
880 498 912 664
967 664 1000 830
869 830 902 996
930 830 963 996
966 498 1000 664
963 830 1000 996
841 498 880 664
801 498 841 664
830 664 870 830
829 830 869 996
787 664 830 830
786 830 829 996
870 664 914 830
914 664 967 830
912 498 966 664
745 498 801 664
927 0 1000 166
706 830 786 996
700 664 787 830
639 498 745 664
584 830 706 996
572 664 700 830
478 498 639 664
414 830 584 996
401 664 572 830
299 498 478 664
212 664 401 830
209 830 414 996
0 830 209 996
0 664 212 830
753 166 974 332
0 498 299 664
667 332 989 498
341 332 667 498
0 332 341 498
380 166 753 332
0 166 380 332
467 0 927 166
0 0 467 166
999 166 1000 332
856 830 884 996
883 498 912 664
851 498 883 664
967 664 1000 830
966 498 1000 664
884 830 918 996
963 830 1000 996
813 498 851 664
918 830 963 996
805 664 857 830
914 664 967 830
803 830 856 996
912 498 966 664
749 830 803 996
749 664 805 830
857 664 914 830
942 0 1000 166
742 498 813 664
676 664 749 830
666 498 742 664
673 830 749 996
589 830 673 996
914 332 1000 498
588 664 676 830
573 498 666 664
486 664 588 830
484 830 589 996
466 498 573 664
357 498 466 664
349 664 486 830
344 830 484 996
215 498 357 664
204 664 349 830
183 830 344 996
822 166 999 332
0 830 183 996
0 664 204 830
0 498 215 664
629 332 914 498
327 332 629 498
0 332 327 498
427 166 822 332
0 166 427 332
0 0 942 166
967 664 1000 830
966 498 1000 664
877 498 912 664
963 830 1000 996
828 830 870 996
918 830 963 996
870 830 918 996
828 498 877 664
778 830 828 996
777 498 828 664
776 664 829 830
914 664 967 830
725 830 778 996
912 498 966 664
722 664 776 830
722 498 777 664
666 498 722 664
665 664 722 830
659 830 725 996
589 830 659 996
586 498 666 664
585 664 665 830
502 664 585 830
829 664 914 830
496 498 586 664
490 830 589 996
384 498 496 664
369 830 490 996
866 0 1000 166
355 664 502 830
225 498 384 664
827 332 1000 498
186 664 355 830
185 830 369 996
0 830 185 996
0 664 186 830
0 498 225 664
562 332 827 498
291 332 562 498
715 166 1000 332
0 332 291 498
393 166 715 332
0 166 393 332
465 0 866 166
0 0 465 166
998 0 1000 166
972 830 1000 996
983 0 998 166
948 664 967 830
976 166 1000 332
947 830 972 996
967 664 1000 830
966 498 1000 664
912 664 948 830
865 664 912 830
900 830 947 996
851 830 900 996
912 498 966 664
852 498 912 664
803 664 865 830
785 830 851 996
783 498 852 664
732 664 803 830
702 830 785 996
614 498 698 664
698 498 783 664
609 830 702 996
889 332 1000 498
608 664 732 830
485 498 614 664
479 830 609 996
477 664 608 830
344 498 485 664
330 664 477 830
329 830 479 996
193 498 344 664
178 664 330 830
176 830 329 996
0 830 176 996
0 664 178 830
0 498 193 664
691 332 889 498
473 332 691 498
240 332 473 498
0 332 240 498
733 166 976 332
449 166 733 332
592 0 983 166
0 166 449 332
0 0 592 166
996 0 1000 166
992 166 1000 332
985 166 992 332
988 0 996 166
967 664 1000 830
966 498 1000 664
963 830 1000 996
918 830 963 996
917 498 966 664
861 664 914 830
914 664 967 830
859 830 918 996
857 498 917 664
796 830 859 996
793 664 861 830
787 498 857 664
715 498 787 664
712 664 793 830
711 830 796 996
624 498 715 664
621 664 712 830
612 830 711 996
515 664 621 830
503 830 612 996
881 332 1000 498
501 498 624 664
361 498 501 664
356 830 503 996
354 664 515 830
196 498 361 664
181 664 354 830
179 830 356 996
0 830 179 996
0 664 181 830
0 498 196 664
681 332 881 498
474 332 681 498
263 332 474 498
761 0 988 166
0 332 263 498
696 166 985 332
357 166 696 332
0 166 357 332
389 0 761 166
0 0 389 166
998 332 1000 498
884 498 917 664
967 664 1000 830
965 166 1000 332
966 498 1000 664
963 830 1000 996
878 830 918 996
836 830 878 996
956 0 1000 166
918 830 963 996
917 498 966 664
832 498 884 664
914 664 967 830
781 664 835 830
775 498 832 664
774 830 836 996
703 498 775 664
701 830 774 996
919 332 998 498
835 664 914 830
699 664 781 830
610 498 703 664
608 830 701 996
604 664 699 830
499 664 604 830
495 830 608 996
495 498 610 664
374 664 499 830
367 498 495 664
341 830 495 996
209 498 367 664
208 664 374 830
171 830 341 996
0 830 171 996
0 664 208 830
0 498 209 664
703 332 919 498
475 332 703 498
242 332 475 498
0 332 242 498
646 166 965 332
325 166 646 332
0 166 325 332
480 0 956 166
0 0 480 166
999 0 1000 166
996 0 999 166
954 664 967 830
927 664 954 830
967 664 1000 830
966 498 1000 664
928 830 963 996
963 830 1000 996
886 498 926 664
926 498 966 664
887 664 927 830
885 830 928 996
841 664 887 830
837 830 885 996
833 498 886 664
784 664 841 830
775 498 833 664
774 830 837 996
706 830 774 996
705 498 775 664
702 664 784 830
619 498 705 664
617 830 706 996
611 664 702 830
514 664 611 830
884 166 1000 332
501 498 619 664
495 830 617 996
374 498 501 664
373 664 514 830
347 830 495 996
221 498 374 664
218 664 373 830
182 830 347 996
0 830 182 996
813 332 1000 498
0 664 218 830
0 498 221 664
590 332 813 498
353 332 590 498
0 332 353 498
527 166 884 332
529 0 996 166
0 166 527 332
0 0 529 166
998 166 1000 332
997 0 1000 166
907 830 923 996
906 664 926 830
883 664 906 830
974 166 998 332
879 830 907 996
967 664 1000 830
966 498 1000 664
963 830 1000 996
923 830 963 996
926 664 967 830
878 498 921 664
921 498 966 664
832 830 879 996
827 498 878 664
826 664 883 830
764 830 832 996
747 498 827 664
745 664 826 830
683 830 764 996
663 664 745 830
662 498 747 664
554 498 662 664
555 664 663 830
542 830 683 996
408 664 555 830
401 498 554 664
385 830 542 996
227 498 401 664
818 0 997 166
223 664 408 830
198 830 385 996
0 830 198 996
794 332 1000 498
0 664 223 830
0 498 227 664
543 332 794 498
275 332 543 498
0 332 275 498
677 166 974 332
349 166 677 332
0 166 349 332
431 0 818 166
0 0 431 166
999 166 1000 332
996 0 1000 166
993 166 999 332
891 830 921 996
934 498 966 664
967 664 1000 830
966 498 1000 664
933 664 967 830
963 830 1000 996
921 830 963 996
890 664 933 830
888 498 934 664
838 830 891 996
834 498 888 664
833 664 890 830
781 830 838 996
771 664 833 830
702 498 768 664
768 498 834 664
701 664 771 830
922 166 993 332
700 830 781 996
618 830 700 996
618 498 702 664
617 664 701 830
515 498 618 664
510 830 618 996
498 664 617 830
387 498 515 664
867 332 1000 498
364 664 498 830
360 830 510 996
221 498 387 664
196 664 364 830
192 830 360 996
0 830 192 996
0 664 196 830
0 498 221 664
622 332 867 498
360 332 622 498
661 0 996 166
0 332 360 498
550 166 922 332
0 166 550 332
0 0 661 166
989 166 1000 332
988 0 1000 166
894 498 923 664
893 830 925 996
967 664 1000 830
966 498 1000 664
893 664 928 830
963 830 1000 996
925 830 963 996
928 664 967 830
852 664 893 830
851 498 894 664
923 498 966 664
849 830 893 996
953 332 1000 498
797 830 849 996
794 664 852 830
792 498 851 664
728 664 794 830
723 498 792 664
722 830 797 996
645 498 723 664
644 830 722 996
642 664 728 830
555 498 645 664
552 664 642 830
551 830 644 996
435 498 555 664
425 830 551 996
859 0 988 166
423 664 552 830
275 498 435 664
234 664 423 830
217 830 425 996
0 830 217 996
0 664 234 830
740 166 989 332
0 498 275 664
660 332 953 498
362 332 660 498
0 332 362 498
374 166 740 332
0 166 374 332
480 0 859 166
0 0 480 166
999 0 1000 166
989 332 1000 498
919 498 933 664
984 0 999 166
892 498 919 664
859 498 892 664
933 498 966 664
967 664 1000 830
966 498 1000 664
963 830 1000 996
962 166 1000 332
918 830 963 996
806 498 859 664
914 664 967 830
750 498 806 664
853 830 918 996
923 332 989 498
917 0 984 166
846 664 914 830
746 664 846 830
646 498 750 664
749 830 853 996
643 830 749 996
631 664 746 830
524 830 643 996
510 664 631 830
509 498 646 664
373 664 510 830
378 830 524 996
359 498 509 664
200 498 359 664
194 664 373 830
198 830 378 996
0 830 198 996
0 664 194 830
0 498 200 664
715 332 923 498
498 332 715 498
250 332 498 498
0 332 250 498
683 166 962 332
369 166 683 332
0 166 369 332
464 0 917 166
0 0 464 166
996 0 1000 166
994 332 1000 498
989 332 994 498
994 166 1000 332
967 664 1000 830
966 498 1000 664
963 830 1000 996
927 664 967 830
886 664 927 830
924 498 966 664
918 830 963 996
877 498 924 664
837 664 886 830
820 498 877 664
776 664 837 830
755 498 820 664
853 830 918 996
706 830 775 996
705 664 776 830
680 498 755 664
775 830 853 996
619 664 705 830
620 830 706 996
590 498 680 664
518 664 619 830
516 830 620 996
482 498 590 664
368 498 482 664
862 332 989 498
357 830 516 996
204 498 368 664
354 664 518 830
189 664 354 830
184 830 357 996
0 830 184 996
0 664 189 830
0 498 204 664
763 166 994 332
610 332 862 498
353 332 610 498
702 0 996 166
0 332 353 498
406 166 763 332
0 166 406 332
0 0 702 166
996 0 1000 166
907 498 931 664
937 664 967 830
897 830 928 996
967 664 1000 830
966 498 1000 664
931 498 966 664
928 830 963 996
962 166 1000 332
963 830 1000 996
897 664 937 830
853 830 897 996
852 664 897 830
852 498 907 664
797 664 852 830
794 498 852 664
795 830 853 996
725 498 794 664
724 830 795 996
721 664 797 830
632 830 724 996
631 498 725 664
624 664 721 830
516 830 632 996
514 498 631 664
503 664 624 830
390 498 514 664
374 664 503 830
387 830 516 996
242 498 390 664
845 0 996 166
218 664 374 830
206 830 387 996
0 830 206 996
784 332 1000 498
0 664 218 830
0 498 242 664
540 332 784 498
288 332 540 498
0 332 288 498
656 166 962 332
335 166 656 332
0 166 335 332
467 0 845 166
0 0 467 166
997 0 1000 166
992 166 1000 332
989 0 997 166
893 664 915 830
889 830 920 996
860 664 893 830
967 664 1000 830
966 498 1000 664
853 830 889 996
963 830 1000 996
950 0 989 166
920 830 963 996
915 664 967 830
912 498 966 664
852 498 912 664
799 664 860 830
788 830 853 996
783 498 852 664
727 664 799 830
716 830 788 996
709 498 783 664
629 830 716 996
629 664 727 830
901 332 1000 498
605 498 709 664
498 498 605 664
489 664 629 830
489 830 629 996
356 498 498 664
345 830 489 996
341 664 489 830
189 664 341 830
189 498 356 664
176 830 345 996
0 830 176 996
0 498 189 664
0 664 189 830
698 332 901 498
488 332 698 498
271 332 488 498
731 166 992 332
0 332 271 498
438 166 731 332
0 166 438 332
0 0 950 166
999 0 1000 166
997 0 999 166
989 332 1000 498
969 332 989 498
972 166 1000 332
969 0 997 166
967 664 1000 830
966 498 1000 664
963 830 1000 996
918 830 963 996
914 664 967 830
912 498 966 664
852 498 912 664
853 830 918 996
783 498 852 664
637 664 714 830
827 664 914 830
694 498 783 664
544 664 637 830
448 664 544 830
444 830 541 996
363 498 461 664
346 664 448 830
541 830 643 996
590 498 694 664
749 830 853 996
339 830 444 996
643 830 749 996
714 664 827 830
248 498 363 664
461 498 590 664
206 830 339 996
206 664 346 830
818 332 969 498
0 664 206 830
0 830 206 996
0 498 248 664
567 332 818 498
309 332 567 498
0 332 309 498
655 166 972 332
332 166 655 332
0 166 332 332
608 0 969 166
0 0 608 166
994 0 1000 166
967 664 1000 830
846 830 879 996
966 498 1000 664
836 498 872 664
963 830 1000 996
835 664 874 830
879 830 918 996
872 498 912 664
874 664 914 830
805 830 846 996
793 664 835 830
792 498 836 664
747 498 792 664
918 830 963 996
951 332 1000 498
746 664 793 830
914 664 967 830
912 498 966 664
742 830 805 996
676 664 746 830
676 498 747 664
671 830 742 996
588 498 676 664
587 664 676 830
580 830 671 996
480 830 580 996
479 664 587 830
471 498 588 664
361 830 480 996
357 664 479 830
347 498 471 664
221 498 347 664
220 664 357 830
181 830 361 996
0 830 181 996
0 664 220 830
0 498 221 664
766 0 994 166
658 332 951 498
348 332 658 498
0 332 348 498
561 166 1000 332
0 166 561 332
0 0 766 166
994 0 1000 166
986 332 1000 498
902 830 918 996
889 498 918 664
870 830 902 996
967 664 1000 830
966 498 1000 664
854 498 889 664
834 830 870 996
830 664 867 830
963 830 1000 996
813 498 854 664
787 664 830 830
918 830 963 996
867 664 914 830
918 498 966 664
785 830 834 996
763 498 813 664
914 664 967 830
732 830 785 996
728 664 787 830
701 498 763 664
668 830 732 996
658 664 728 830
584 664 658 830
578 830 668 996
884 332 986 498
888 0 994 166
576 498 701 664
415 498 576 664
423 664 584 830
407 830 578 996
225 498 415 664
216 830 407 996
216 664 423 830
0 664 216 830
0 830 216 996
0 498 225 664
628 332 884 498
708 166 1000 332
327 332 628 498
0 332 327 498
377 166 708 332
0 166 377 332
0 0 888 166
997 0 1000 166
994 0 997 166
993 166 1000 332
985 332 1000 498
935 498 966 664
903 498 935 664
967 664 1000 830
966 498 1000 664
963 830 1000 996
952 0 994 166
918 830 963 996
914 664 967 830
849 498 903 664
786 664 847 830
786 498 849 664
722 664 786 830
853 830 918 996
720 498 786 664
847 664 914 830
786 830 853 996
717 830 786 996
650 664 722 830
645 498 720 664
629 830 717 996
559 664 650 830
541 498 645 664
522 830 629 996
413 830 522 996
871 332 985 498
405 498 541 664
399 664 559 830
239 498 405 664
226 664 399 830
214 830 413 996
0 830 214 996
0 664 226 830
0 498 239 664
599 332 871 498
718 166 993 332
309 332 599 498
0 332 309 498
404 166 718 332
628 0 952 166
0 166 404 332
0 0 628 166
998 332 1000 498
996 166 998 332
998 166 1000 332
989 0 1000 166
897 498 919 664
974 332 998 498
868 498 897 664
967 664 1000 830
966 498 1000 664
963 830 1000 996
949 0 989 166
871 664 914 830
918 830 963 996
919 498 966 664
914 664 967 830
860 830 918 996
808 498 868 664
799 830 860 996
798 664 871 830
734 498 808 664
723 664 798 830
720 830 799 996
652 498 734 664
637 664 723 830
630 830 720 996
548 498 652 664
517 664 637 830
509 830 630 996
424 498 548 664
385 830 509 996
867 166 996 332
380 664 517 830
281 498 424 664
215 664 380 830
214 830 385 996
0 830 214 996
0 664 215 830
752 332 974 498
0 498 281 664
464 332 752 498
547 166 867 332
626 0 949 166
0 332 464 498
0 166 547 332
0 0 626 166
996 332 1000 498
995 0 1000 166
938 498 952 664
952 498 966 664
948 830 963 996
950 664 967 830
930 830 948 996
929 664 950 830
901 664 929 830
967 664 1000 830
966 498 1000 664
963 830 1000 996
900 498 938 664
862 664 901 830
891 830 930 996
856 498 900 664
843 830 891 996
812 664 862 830
792 498 856 664
779 830 843 996
714 830 779 996
713 498 792 664
915 0 995 166
712 664 812 830
607 498 713 664
597 830 714 996
592 664 712 830
441 664 592 830
435 830 597 996
435 498 607 664
815 332 996 498
242 498 435 664
241 664 441 830
221 830 435 996
0 830 221 996
767 166 1000 332
0 664 241 830
0 498 242 664
572 332 815 498
316 332 572 498
0 332 316 498
384 166 767 332
0 166 384 332
522 0 915 166
0 0 522 166
996 0 1000 166
986 166 1000 332
890 498 919 664
884 664 914 830
967 664 1000 830
966 498 1000 664
963 830 1000 996
880 830 919 996
840 664 884 830
919 830 963 996
919 498 966 664
840 498 890 664
829 830 880 996
914 664 967 830
784 498 840 664
783 664 840 830
772 830 829 996
723 664 783 830
722 498 784 664
708 830 772 996
630 830 708 996
627 664 723 830
618 498 722 664
517 830 630 996
500 498 618 664
509 664 627 830
383 664 509 830
391 830 517 996
370 498 500 664
221 498 370 664
838 332 1000 498
220 664 383 830
828 0 996 166
209 830 391 996
0 830 209 996
0 664 220 830
0 498 221 664
607 332 838 498
363 332 607 498
733 166 986 332
0 332 363 498
369 166 733 332
0 166 369 332
458 0 828 166
0 0 458 166
992 166 1000 332
983 166 992 332
942 498 966 664
967 0 1000 166
967 664 1000 830
966 498 1000 664
963 830 1000 996
901 498 942 664
856 498 901 664
918 830 963 996
914 664 967 830
791 664 848 830
790 830 853 996
853 830 918 996
848 664 914 830
789 498 856 664
723 830 790 996
722 664 791 830
649 498 719 664
719 498 789 664
643 830 723 996
641 664 722 830
566 498 649 664
555 664 641 830
554 830 643 996
450 664 555 830
450 498 566 664
437 830 554 996
330 664 450 830
326 498 450 664
200 498 326 664
311 830 437 996
182 664 330 830
157 830 311 996
0 830 157 996
0 664 182 830
0 498 200 664
785 332 1000 498
548 332 785 498
741 166 983 332
276 332 548 498
0 332 276 498
397 166 741 332
0 166 397 332
0 0 967 166
981 830 1000 996
981 332 1000 498
978 498 1000 664
967 498 978 664
966 830 981 996
964 332 981 498
964 166 1000 332
967 664 1000 830
959 0 1000 166
924 332 964 498
923 830 966 996
923 498 967 664
911 166 964 332
914 664 967 830
904 0 959 166
843 0 904 166
842 166 911 332
840 332 924 498
839 498 923 664
838 830 923 996
827 664 914 830
750 0 843 166
747 166 842 332
741 332 840 498
721 498 839 664
708 830 838 996
696 664 827 830
613 0 750 166
596 166 747 332
581 332 741 498
554 498 721 664
529 664 696 830
515 830 708 996
405 0 613 166
377 166 596 332
359 332 581 498
326 498 554 664
288 664 529 830
258 830 515 996
0 830 258 996
0 664 288 830
0 498 326 664
0 332 359 498
0 166 377 332
0 0 405 166
999 332 1000 498
937 498 944 664
991 332 999 498
921 830 935 996
916 664 935 830
944 498 966 664
898 830 921 996
963 332 991 498
935 830 963 996
935 664 967 830
967 664 1000 830
966 498 1000 664
963 830 1000 996
951 0 1000 166
884 498 937 664
861 664 916 830
840 830 898 996
824 498 884 664
790 664 861 830
769 830 840 996
750 498 824 664
716 664 790 830
924 166 1000 332
693 830 769 996
659 498 750 664
622 664 716 830
598 830 693 996
555 498 659 664
504 664 622 830
479 830 598 996
433 498 555 664
354 830 479 996
354 664 504 830
277 498 433 664
192 664 354 830
188 830 354 996
0 830 188 996
0 664 192 830
0 498 277 664
680 332 963 498
349 332 680 498
0 332 349 498
551 166 924 332
0 166 551 332
0 0 951 166
995 166 1000 332
993 332 1000 498
984 166 995 332
984 0 1000 166
967 664 1000 830
966 498 1000 664
963 830 1000 996
918 830 963 996
914 664 967 830
912 498 966 664
856 498 912 664
799 830 855 996
799 498 856 664
740 498 799 664
738 830 799 996
855 830 918 996
662 664 734 830
662 498 740 664
660 830 738 996
583 664 662 830
579 830 660 996
577 498 662 664
827 664 914 830
493 664 583 830
488 830 579 996
484 498 577 664
734 664 827 830
396 664 493 830
379 498 484 664
377 830 488 996
869 332 993 498
238 498 379 664
228 664 396 830
190 830 377 996
0 830 190 996
0 664 228 830
0 498 238 664
722 166 984 332
585 332 869 498
296 332 585 498
0 332 296 498
401 166 722 332
653 0 984 166
0 166 401 332
0 0 653 166
998 0 1000 166
994 166 1000 332
991 0 998 166
843 664 872 830
967 664 1000 830
966 498 1000 664
963 830 1000 996
872 664 914 830
818 830 863 996
918 830 963 996
795 664 843 830
769 830 818 996
743 664 795 830
914 664 967 830
912 498 966 664
863 830 918 996
796 498 852 664
736 498 796 664
852 498 912 664
670 498 736 664
703 830 769 996
666 664 743 830
624 830 703 996
580 664 666 830
580 498 670 664
523 830 624 996
474 498 580 664
468 664 580 830
406 830 523 996
352 498 474 664
342 664 468 830
224 498 352 664
208 664 342 830
817 166 994 332
0 830 203 996
203 830 406 996
0 664 208 830
0 498 224 664
772 332 1000 498
756 0 991 166
390 332 772 498
0 332 390 498
410 166 817 332
0 166 410 332
0 0 756 166
996 166 1000 332
992 166 996 332
825 664 857 830
967 664 1000 830
966 498 1000 664
963 830 1000 996
814 498 852 664
812 830 853 996
918 830 963 996
767 498 814 664
778 664 825 830
765 830 812 996
952 0 1000 166
914 664 967 830
912 498 966 664
857 664 914 830
852 498 912 664
717 664 778 830
705 498 767 664
853 830 918 996
699 830 765 996
620 830 699 996
611 664 717 830
591 498 705 664
502 830 620 996
491 664 611 830
469 498 591 664
369 664 491 830
368 830 502 996
333 498 469 664
196 498 333 664
195 664 369 830
191 830 368 996
811 166 992 332
0 830 191 996
0 664 195 830
0 498 196 664
792 332 1000 498
551 332 792 498
297 332 551 498
0 332 297 498
431 166 811 332
0 166 431 332
492 0 952 166
0 0 492 166
996 0 1000 166
988 332 1000 498
836 664 868 830
967 664 1000 830
966 498 1000 664
834 498 871 664
963 830 1000 996
833 830 872 996
793 498 834 664
871 498 912 664
790 830 833 996
918 830 963 996
790 664 836 830
868 664 914 830
872 830 918 996
935 332 988 498
914 664 967 830
912 498 966 664
935 0 996 166
724 830 790 996
722 498 793 664
714 664 790 830
643 498 722 664
642 830 724 996
629 664 714 830
534 664 629 830
526 498 643 664
522 830 642 996
389 830 522 996
388 498 526 664
384 664 534 830
235 498 388 664
211 664 384 830
210 830 389 996
801 166 1000 332
0 830 210 996
0 664 211 830
0 498 235 664
648 332 935 498
327 332 648 498
0 332 327 498
406 166 801 332
0 166 406 332
488 0 935 166
0 0 488 166
986 0 1000 166
905 498 930 664
903 664 935 830
935 664 967 830
967 664 1000 830
966 498 1000 664
930 498 966 664
963 830 1000 996
862 498 905 664
918 830 963 996
853 664 903 830
807 498 862 664
859 830 918 996
936 332 1000 498
792 830 859 996
784 664 853 830
732 498 807 664
716 830 792 996
707 664 784 830
650 498 732 664
633 830 716 996
617 664 707 830
516 664 617 830
891 166 1000 332
514 498 650 664
497 830 633 996
362 498 514 664
361 664 516 830
338 830 497 996
196 498 362 664
194 664 361 830
170 830 338 996
0 830 170 996
807 0 986 166
0 664 194 830
0 498 196 664
728 332 936 498
488 332 728 498
247 332 488 498
0 332 247 498
608 166 891 332
311 166 608 332
0 166 311 332
494 0 807 166
0 0 494 166
