997 0 1000 200
968 0 997 200
962 800 1000 1000
956 600 1000 800
891 600 956 800
399 600 466 800
895 800 962 1000
826 800 895 1000
324 600 399 800
244 600 324 800
811 600 891 800
902 200 1000 400
723 600 811 800
731 800 826 1000
632 800 731 1000
892 400 1000 600
131 600 244 800
610 600 723 800
115 800 229 1000
0 800 115 1000
382 800 507 1000
507 800 632 1000
0 600 131 800
756 400 892 600
466 600 610 800
229 800 382 1000
595 400 756 600
333 400 595 600
0 400 333 600
595 0 968 200
489 200 902 400
0 200 489 400
0 0 595 200
998 0 1000 200
962 800 1000 1000
956 600 1000 800
891 600 956 800
895 800 962 1000
826 800 895 1000
811 600 891 800
917 200 1000 400
723 600 811 800
238 600 328 800
731 800 826 1000
139 600 238 800
632 800 731 1000
133 800 244 1000
610 600 723 800
382 800 507 1000
507 800 632 1000
0 800 133 1000
328 600 462 800
244 800 382 1000
0 600 139 800
856 0 998 200
462 600 610 800
821 400 1000 600
635 400 821 600
432 400 635 600
223 400 432 600
0 400 223 600
657 200 917 400
343 200 657 400
0 200 343 400
489 0 856 200
0 0 489 200
996 0 1000 200
990 0 996 200
962 800 1000 1000
956 600 1000 800
947 200 1000 400
948 400 1000 600
436 600 494 800
891 600 956 800
895 800 962 1000
826 800 895 1000
433 800 507 1000
811 600 891 800
723 600 811 800
731 800 826 1000
339 600 436 800
335 800 433 1000
632 800 731 1000
610 600 723 800
494 600 610 800
507 800 632 1000
180 600 339 800
174 800 335 1000
0 800 174 1000
0 600 180 800
742 400 948 600
496 400 742 600
0 400 248 600
248 400 496 600
697 200 947 400
389 200 697 400
0 200 389 400
549 0 990 200
0 0 549 200
990 0 1000 200
985 200 1000 400
962 800 1000 1000
956 600 1000 800
949 400 1000 600
447 800 507 1000
891 600 956 800
429 600 495 800
895 800 962 1000
826 800 895 1000
376 800 447 1000
356 600 429 800
811 600 891 800
723 600 811 800
731 800 826 1000
280 800 376 1000
259 600 356 800
632 800 731 1000
173 800 280 1000
840 400 949 600
610 600 723 800
495 600 610 800
867 200 985 400
507 800 632 1000
0 800 173 1000
0 600 259 800
569 400 840 600
288 400 569 600
0 400 288 600
661 0 990 200
509 200 867 400
0 200 509 400
0 0 661 200
993 0 1000 200
986 0 993 200
971 200 1000 400
962 800 1000 1000
956 600 1000 800
891 600 956 800
933 400 1000 600
895 800 962 1000
826 800 895 1000
451 600 522 800
811 600 891 800
522 600 610 800
723 600 811 800
731 800 826 1000
632 800 731 1000
343 600 451 800
610 600 723 800
264 800 384 1000
384 800 507 1000
507 800 632 1000
214 600 343 800
133 800 264 1000
0 800 133 1000
790 400 933 600
832 0 986 200
0 600 214 800
566 400 790 600
327 400 566 600
690 200 971 400
0 400 327 600
359 200 690 400
0 200 359 400
0 0 832 200
995 0 1000 200
981 400 1000 600
962 800 1000 1000
956 600 1000 800
891 600 956 800
895 800 962 1000
826 800 895 1000
562 800 632 1000
483 800 562 1000
811 600 891 800
723 600 811 800
388 600 480 800
731 800 826 1000
386 800 483 1000
632 800 731 1000
279 600 388 800
276 800 386 1000
610 600 723 800
153 600 279 800
867 0 995 200
480 600 610 800
141 800 276 1000
0 800 141 1000
0 600 153 800
825 400 981 600
656 400 825 600
820 200 1000 400
448 400 656 600
234 400 448 600
0 400 234 600
531 200 820 400
0 200 531 400
0 0 867 200
995 0 1000 200
986 0 995 200
962 800 1000 1000
956 600 1000 800
891 600 956 800
895 800 962 1000
826 800 895 1000
811 600 891 800
723 600 811 800
911 400 1000 600
731 800 826 1000
632 800 731 1000
610 600 723 800
382 800 507 1000
507 800 632 1000
773 400 911 600
322 600 462 800
625 400 773 600
174 600 322 800
462 600 610 800
831 200 1000 400
210 800 382 1000
0 600 174 800
0 800 210 1000
439 400 625 600
224 400 439 600
0 400 224 600
583 200 831 400
714 0 986 200
293 200 583 400
0 200 293 400
368 0 714 200
0 0 368 200
996 0 1000 200
978 0 996 200
962 800 1000 1000
956 600 1000 800
944 400 1000 600
891 600 956 800
895 800 962 1000
826 800 895 1000
811 600 891 800
723 600 811 800
905 200 1000 400
731 800 826 1000
632 800 731 1000
840 400 944 600
734 400 840 600
621 400 734 600
610 600 723 800
506 400 621 600
386 400 506 600
265 400 386 600
0 800 507 1000
507 800 632 1000
135 400 265 600
0 400 135 600
839 0 978 200
0 600 462 800
462 600 610 800
736 200 905 400
524 200 736 400
288 200 524 400
0 200 288 400
527 0 839 200
0 0 527 200
999 200 1000 400
997 0 1000 200
986 400 1000 600
985 0 997 200
959 400 986 600
962 800 1000 1000
956 600 1000 800
891 600 956 800
895 800 962 1000
826 800 895 1000
811 600 891 800
723 600 811 800
910 200 999 400
731 800 826 1000
632 800 731 1000
610 600 723 800
0 800 507 1000
507 800 632 1000
827 400 959 600
692 400 827 600
0 600 462 800
544 400 692 600
462 600 610 800
393 400 544 600
208 400 393 600
0 400 208 600
490 200 700 400
700 200 910 400
261 200 490 400
0 200 261 400
723 0 985 200
385 0 723 200
0 0 385 200
989 200 1000 400
993 0 1000 200
981 400 1000 600
962 800 1000 1000
941 400 981 600
951 0 993 200
956 600 1000 800
891 600 956 800
895 800 962 1000
826 800 895 1000
811 600 891 800
723 600 811 800
731 800 826 1000
632 800 731 1000
610 600 723 800
865 200 989 400
382 800 507 1000
507 800 632 1000
0 600 462 800
647 400 794 600
794 400 941 600
462 600 610 800
493 400 647 600
333 400 493 600
170 400 333 600
0 400 170 600
0 800 382 1000
688 200 865 400
507 200 688 400
274 200 507 400
0 200 274 400
539 0 951 200
0 0 539 200
998 0 999 200
999 0 1000 200
996 0 998 200
976 200 1000 400
962 800 1000 1000
956 600 1000 800
891 600 956 800
895 800 962 1000
826 800 895 1000
811 600 891 800
723 600 811 800
731 800 826 1000
632 800 731 1000
610 600 723 800
382 800 507 1000
507 800 632 1000
864 400 1000 600
322 600 462 800
0 600 322 800
462 600 610 800
712 400 864 600
556 400 712 600
393 400 556 600
0 800 382 1000
198 400 393 600
0 400 198 600
763 200 976 400
545 200 763 400
298 200 545 400
737 0 996 200
0 200 298 400
432 0 737 200
0 0 432 200
996 0 1000 200
993 0 996 200
989 200 1000 400
981 400 1000 600
962 800 1000 1000
956 600 1000 800
891 600 956 800
895 800 962 1000
826 800 895 1000
250 600 322 800
811 600 891 800
723 600 811 800
157 600 250 800
731 800 826 1000
632 800 731 1000
610 600 723 800
382 800 507 1000
507 800 632 1000
852 400 981 600
322 600 462 800
462 600 610 800
0 600 157 800
691 400 852 600
210 800 382 1000
0 800 210 1000
501 400 691 600
307 400 501 600
712 200 989 400
0 400 307 600
387 200 712 400
0 200 387 400
595 0 993 200
0 0 595 200
970 400 1000 600
970 200 1000 400
962 800 1000 1000
956 600 1000 800
891 600 956 800
895 800 962 1000
442 800 511 1000
826 800 895 1000
439 600 516 800
811 600 891 800
352 600 439 800
723 600 811 800
516 600 610 800
731 800 826 1000
345 800 442 1000
632 800 731 1000
866 400 970 600
884 0 1000 200
610 600 723 800
511 800 632 1000
189 600 352 800
176 800 345 1000
0 800 176 1000
0 600 189 800
673 400 866 600
479 400 673 600
244 400 479 600
0 400 244 600
706 200 970 400
0 200 353 400
353 200 706 400
493 0 884 200
0 0 493 200
999 200 1000 400
997 0 1000 200
995 200 999 400
981 0 997 200
962 800 1000 1000
956 600 1000 800
941 400 1000 600
891 600 956 800
895 800 962 1000
826 800 895 1000
811 600 891 800
723 600 811 800
847 400 941 600
731 800 826 1000
632 800 731 1000
610 600 723 800
722 400 847 600
0 800 507 1000
507 800 632 1000
596 400 722 600
458 400 596 600
0 600 462 800
313 400 458 600
165 400 313 600
462 600 610 800
0 400 165 600
763 200 995 400
512 200 763 400
258 200 512 400
0 200 258 400
709 0 981 200
428 0 709 200
0 0 428 200
996 0 997 200
997 0 1000 200
962 800 1000 1000
956 600 1000 800
953 400 1000 600
934 0 996 200
891 600 956 800
895 800 962 1000
826 800 895 1000
811 600 891 800
723 600 811 800
731 800 826 1000
632 800 731 1000
610 600 723 800
382 800 507 1000
507 800 632 1000
860 200 1000 400
322 600 462 800
174 600 322 800
462 600 610 800
788 400 953 600
210 800 382 1000
0 600 174 800
0 800 210 1000
613 400 788 600
431 400 613 600
217 400 431 600
0 400 217 600
615 200 860 400
314 200 615 400
0 200 314 400
543 0 934 200
0 0 543 200
991 0 1000 200
987 0 991 200
956 0 987 200
962 800 1000 1000
956 600 1000 800
891 600 956 800
895 800 962 1000
826 800 895 1000
916 400 1000 600
811 600 891 800
723 600 811 800
731 800 826 1000
632 800 731 1000
610 600 723 800
382 800 507 1000
507 800 632 1000
851 200 1000 400
322 600 462 800
176 600 322 800
462 600 610 800
210 800 382 1000
0 800 210 1000
0 600 176 800
736 400 916 600
775 0 956 200
498 400 736 600
259 400 498 600
0 400 259 600
591 200 851 400
302 200 591 400
0 200 302 400
472 0 775 200
0 0 472 200
974 200 1000 400
963 400 1000 600
962 800 1000 1000
956 600 1000 800
891 600 956 800
895 800 962 1000
826 800 895 1000
919 0 1000 200
811 600 891 800
723 600 811 800
731 800 826 1000
632 800 731 1000
117 800 222 1000
610 600 723 800
0 800 117 1000
382 800 507 1000
507 800 632 1000
835 400 963 600
704 400 835 600
322 600 462 800
560 400 704 600
174 600 322 800
462 600 610 800
222 800 382 1000
387 400 560 600
0 600 174 800
210 400 387 600
0 400 210 600
751 200 974 400
525 200 751 400
590 0 919 200
0 200 525 400
0 0 590 200
998 200 1000 400
995 200 998 400
993 0 1000 200
966 0 993 200
962 800 1000 1000
956 600 1000 800
891 600 956 800
895 800 962 1000
826 800 895 1000
922 400 1000 600
811 600 891 800
837 400 922 600
723 600 811 800
731 800 826 1000
632 800 731 1000
726 400 837 600
610 600 723 800
602 400 726 600
382 800 507 1000
507 800 632 1000
322 600 462 800
854 200 995 400
0 600 322 800
462 600 610 800
0 800 382 1000
414 400 602 600
218 400 414 600
0 400 218 600
626 200 854 400
322 200 626 400
0 200 322 400
503 0 966 200
0 0 503 200
991 200 1000 400
975 0 1000 200
962 800 1000 1000
956 600 1000 800
954 400 1000 600
891 600 956 800
895 800 962 1000
826 800 895 1000
811 600 891 800
723 600 811 800
731 800 826 1000
632 800 731 1000
841 400 954 600
610 600 723 800
727 400 841 600
612 400 727 600
382 800 507 1000
507 800 632 1000
483 400 612 600
353 400 483 600
218 400 353 600
322 600 462 800
0 600 322 800
462 600 610 800
836 200 991 400
210 800 382 1000
0 800 210 1000
0 400 218 600
571 200 836 400
304 200 571 400
0 200 304 400
535 0 975 200
0 0 535 200
994 200 1000 400
991 0 1000 200
964 0 991 200
962 800 1000 1000
956 600 1000 800
891 600 956 800
895 800 962 1000
826 800 895 1000
458 600 529 800
379 600 458 800
811 600 891 800
529 600 610 800
293 600 379 800
723 600 811 800
902 200 994 400
731 800 826 1000
632 800 731 1000
406 800 507 1000
610 600 723 800
292 800 406 1000
175 600 293 800
507 800 632 1000
163 800 292 1000
838 400 1000 600
0 800 163 1000
0 600 175 800
614 400 838 600
311 400 614 600
0 400 311 600
550 200 902 400
582 0 964 200
0 200 550 400
0 0 582 200
994 400 1000 600
962 800 1000 1000
956 600 1000 800
891 600 956 800
895 800 962 1000
826 800 895 1000
811 600 891 800
723 600 811 800
731 800 826 1000
632 800 731 1000
610 600 723 800
875 400 994 600
752 400 875 600
627 400 752 600
382 800 507 1000
507 800 632 1000
871 200 1000 400
490 400 627 600
322 600 462 800
0 600 322 800
462 600 610 800
180 400 335 600
335 400 490 600
210 800 382 1000
0 800 210 1000
0 400 180 600
680 200 871 400
484 200 680 400
800 0 1000 200
261 200 484 400
0 200 261 400
409 0 800 200
0 0 409 200
995 0 1000 200
962 800 1000 1000
956 600 1000 800
419 600 467 800
364 600 419 800
940 200 1000 400
933 400 1000 600
891 600 956 800
895 800 962 1000
826 800 895 1000
811 600 891 800
723 600 811 800
272 600 364 800
731 800 826 1000
632 800 731 1000
162 600 272 800
610 600 723 800
382 800 507 1000
507 800 632 1000
859 0 995 200
467 600 610 800
0 600 162 800
766 400 933 600
210 800 382 1000
0 800 210 1000
542 400 766 600
317 400 542 600
692 200 940 400
0 400 317 600
361 200 692 400
0 200 361 400
449 0 859 200
0 0 449 200
990 200 1000 400
962 800 1000 1000
954 0 1000 200
956 600 1000 800
891 600 956 800
895 800 962 1000
826 800 895 1000
811 600 891 800
723 600 811 800
731 800 826 1000
632 800 731 1000
886 400 1000 600
610 600 723 800
382 800 507 1000
507 800 632 1000
755 400 886 600
615 400 755 600
322 600 462 800
174 600 322 800
462 600 610 800
834 200 990 400
445 400 615 600
210 800 382 1000
0 600 174 800
0 800 210 1000
243 400 445 600
0 400 243 600
586 200 834 400
698 0 954 200
330 200 586 400
0 200 330 400
361 0 698 200
0 0 361 200
956 400 1000 600
962 800 1000 1000
956 600 1000 800
942 0 1000 200
891 600 956 800
895 800 962 1000
826 800 895 1000
811 600 891 800
129 600 211 800
723 600 811 800
731 800 826 1000
632 800 731 1000
0 800 102 1000
102 800 210 1000
211 600 322 800
610 600 723 800
382 800 507 1000
507 800 632 1000
0 600 129 800
322 600 462 800
850 200 1000 400
462 600 610 800
805 400 956 600
643 400 805 600
210 800 382 1000
441 400 643 600
223 400 441 600
0 400 223 600
614 200 850 400
377 200 614 400
644 0 942 200
0 200 377 400
0 0 644 200
997 200 1000 400
994 400 1000 600
987 400 994 600
967 400 987 600
962 800 1000 1000
956 0 1000 200
956 600 1000 800
891 600 956 800
895 800 962 1000
826 800 895 1000
811 600 891 800
723 600 811 800
731 800 826 1000
632 800 731 1000
856 400 967 600
884 200 997 400
610 600 723 800
382 800 507 1000
507 800 632 1000
708 400 856 600
0 600 610 800
547 400 708 600
375 400 547 600
0 800 382 1000
193 400 375 600
0 400 193 600
669 200 884 400
451 200 669 400
227 200 451 400
0 200 227 400
725 0 956 200
473 0 725 200
0 0 473 200
991 400 994 600
994 400 1000 600
985 0 1000 200
983 200 1000 400
962 800 1000 1000
956 600 1000 800
920 200 983 400
891 600 956 800
895 800 962 1000
826 800 895 1000
811 600 891 800
723 600 811 800
731 800 826 1000
892 400 991 600
632 800 731 1000
787 400 892 600
610 600 723 800
382 800 507 1000
507 800 632 1000
649 400 787 600
322 600 462 800
501 400 649 600
0 600 322 800
462 600 610 800
340 400 501 600
174 400 340 600
0 800 382 1000
0 400 174 600
734 200 920 400
499 200 734 400
256 200 499 400
0 200 256 400
0 0 985 200
962 800 1000 1000
956 600 1000 800
891 600 956 800
895 800 962 1000
826 800 895 1000
389 600 462 800
428 800 507 1000
811 600 891 800
307 600 389 800
723 600 811 800
895 400 1000 600
731 800 826 1000
632 800 731 1000
610 600 723 800
306 800 428 1000
507 800 632 1000
462 600 610 800
155 800 306 1000
155 600 307 800
0 600 155 800
0 800 155 1000
739 400 895 600
831 200 1000 400
834 0 1000 200
569 400 739 600
390 400 569 600
197 400 390 600
0 400 197 600
624 200 831 400
319 200 624 400
0 200 319 400
514 0 834 200
0 0 514 200
998 0 1000 200
992 400 1000 600
976 200 1000 400
962 400 992 600
962 800 1000 1000
956 600 1000 800
891 600 956 800
895 800 962 1000
826 800 895 1000
811 600 891 800
723 600 811 800
731 800 826 1000
632 800 731 1000
610 600 723 800
382 800 507 1000
507 800 632 1000
322 600 462 800
815 400 962 600
174 600 322 800
462 600 610 800
825 200 976 400
0 800 382 1000
0 600 174 800
631 400 815 600
445 400 631 600
235 400 445 600
0 400 235 600
576 200 825 400
740 0 998 200
309 200 576 400
0 200 309 400
371 0 740 200
0 0 371 200
999 0 1000 200
998 400 1000 600
996 200 1000 400
986 0 999 200
958 0 986 200
962 800 1000 1000
956 600 1000 800
891 600 956 800
895 800 962 1000
826 800 895 1000
920 200 996 400
811 600 891 800
723 600 811 800
130 800 221 1000
731 800 826 1000
632 800 731 1000
885 400 998 600
610 600 723 800
382 800 507 1000
507 800 632 1000
0 800 130 1000
322 600 462 800
739 400 885 600
0 600 322 800
462 600 610 800
221 800 382 1000
564 400 739 600
770 0 958 200
283 400 564 600
0 400 283 600
0 200 460 400
460 200 920 400
0 0 770 200
969 400 1000 600
980 200 1000 400
974 0 1000 200
962 800 1000 1000
956 600 1000 800
891 600 956 800
895 800 962 1000
826 800 895 1000
811 600 891 800
723 600 811 800
731 800 826 1000
632 800 731 1000
861 400 969 600
750 400 861 600
638 400 750 600
610 600 723 800
522 400 638 600
405 400 522 600
286 400 405 600
0 800 507 1000
507 800 632 1000
148 400 286 600
832 200 980 400
0 400 148 600
0 600 610 800
679 200 832 400
800 0 974 200
474 200 679 400
243 200 474 400
0 200 243 400
549 0 800 200
296 0 549 200
0 0 296 200
990 400 1000 600
990 200 1000 400
962 800 1000 1000
956 600 1000 800
436 600 486 800
322 800 381 1000
381 800 440 1000
891 600 956 800
440 800 507 1000
895 800 962 1000
826 800 895 1000
811 600 891 800
723 600 811 800
897 200 990 400
731 800 826 1000
632 800 731 1000
888 0 1000 200
610 600 723 800
486 600 610 800
507 800 632 1000
306 600 436 800
171 600 306 800
164 800 322 1000
0 800 164 1000
0 600 171 800
812 400 990 600
621 400 812 600
409 400 621 600
592 0 888 200
0 400 409 600
465 200 897 400
0 200 465 400
0 0 592 200
995 0 1000 200
979 200 1000 400
969 0 995 200
962 800 1000 1000
956 600 1000 800
932 400 1000 600
891 600 956 800
895 800 962 1000
826 800 895 1000
811 600 891 800
723 600 811 800
731 800 826 1000
632 800 731 1000
610 600 723 800
810 400 932 600
0 800 507 1000
507 800 632 1000
683 400 810 600
322 600 462 800
174 600 322 800
462 600 610 800
531 400 683 600
358 400 531 600
0 600 174 800
183 400 358 600
0 400 183 600
795 200 979 400
556 200 795 400
310 200 556 400
722 0 969 200
0 200 310 400
388 0 722 200
0 0 388 200
962 800 1000 1000
956 600 1000 800
940 200 1000 400
891 600 956 800
895 800 962 1000
826 800 895 1000
921 400 1000 600
811 600 891 800
723 600 811 800
731 800 826 1000
632 800 731 1000
610 600 723 800
122 800 240 1000
0 800 122 1000
382 800 507 1000
507 800 632 1000
795 400 921 600
857 0 1000 200
322 600 462 800
240 800 382 1000
174 600 322 800
462 600 610 800
636 400 795 600
472 400 636 600
768 200 940 400
0 600 174 800
0 400 236 600
236 400 472 600
528 200 768 400
285 200 528 400
0 200 285 400
442 0 857 200
0 0 442 200
997 400 1000 600
981 0 1000 200
976 400 997 600
977 200 1000 400
962 800 1000 1000
956 600 1000 800
891 600 956 800
895 800 962 1000
826 800 895 1000
326 800 396 1000
904 400 976 600
811 600 891 800
723 600 811 800
731 800 826 1000
632 800 731 1000
396 800 507 1000
610 600 723 800
507 800 632 1000
322 600 462 800
174 600 322 800
462 600 610 800
172 800 326 1000
0 800 172 1000
0 600 174 800
724 400 904 600
541 400 724 600
293 400 541 600
723 200 977 400
0 400 293 600
381 200 723 400
0 200 381 400
559 0 981 200
0 0 559 200
995 200 1000 400
995 400 1000 600
984 400 995 600
962 800 1000 1000
956 600 1000 800
891 600 956 800
895 800 962 1000
826 800 895 1000
811 600 891 800
723 600 811 800
731 800 826 1000
632 800 731 1000
610 600 723 800
878 200 995 400
861 400 984 600
382 800 507 1000
507 800 632 1000
322 600 462 800
713 400 861 600
0 600 322 800
462 600 610 800
560 400 713 600
0 800 382 1000
378 400 560 600
194 400 378 600
0 400 194 600
672 200 878 400
465 200 672 400
238 200 465 400
0 200 238 400
738 0 1000 200
404 0 738 200
0 0 404 200
962 800 1000 1000
959 200 1000 400
956 600 1000 800
891 600 956 800
895 800 962 1000
826 800 895 1000
920 0 1000 200
811 600 891 800
723 600 811 800
731 800 826 1000
632 800 731 1000
610 600 723 800
382 800 507 1000
507 800 632 1000
870 400 1000 600
322 600 462 800
174 600 322 800
462 600 610 800
536 400 703 600
703 400 870 600
368 400 536 600
210 800 382 1000
0 600 174 800
0 800 210 1000
191 400 368 600
0 400 191 600
764 200 959 400
513 200 764 400
257 200 513 400
0 200 257 400
400 0 660 200
660 0 920 200
0 0 400 200
