997 166 1000 332
994 0 1000 166
989 166 997 332
937 830 956 996
969 664 1000 830
903 830 937 996
965 498 1000 664
929 498 965 664
927 664 969 830
884 664 927 830
956 830 1000 996
884 498 929 664
855 830 903 996
835 498 884 664
834 664 884 830
778 498 835 664
798 830 855 996
775 664 834 830
713 498 778 664
709 664 775 830
917 332 1000 498
708 830 798 996
607 830 708 996
607 498 713 664
603 664 709 830
491 830 607 996
485 664 603 830
485 498 607 664
870 0 994 166
354 498 485 664
348 664 485 830
343 830 491 996
201 498 354 664
834 166 989 332
178 664 348 830
172 830 343 996
0 830 172 996
0 664 178 830
0 498 201 664
713 332 917 498
478 332 713 498
240 332 478 498
0 332 240 498
567 166 834 332
297 166 567 332
0 166 297 332
514 0 870 166
0 0 514 166
991 332 1000 498
922 498 935 664
905 498 922 664
981 166 1000 332
903 664 925 830
901 830 926 996
935 498 965 664
926 830 956 996
969 664 1000 830
870 664 903 830
868 830 901 996
965 498 1000 664
868 498 905 664
829 830 868 996
829 664 870 830
925 664 969 830
956 830 1000 996
819 498 868 664
774 830 829 996
772 664 829 830
759 498 819 664
708 664 772 830
710 830 774 996
689 498 759 664
636 664 708 830
635 830 710 996
613 498 689 664
550 664 636 830
547 830 635 996
898 332 991 498
510 498 613 664
424 664 550 830
417 830 547 996
378 498 510 664
245 498 378 664
831 166 981 332
244 664 424 830
231 830 417 996
0 830 231 996
0 664 244 830
0 498 245 664
642 332 898 498
331 332 642 498
0 332 331 498
467 166 831 332
0 166 467 332
527 0 1000 166
0 0 527 166
997 166 1000 332
986 332 1000 498
925 498 942 664
936 830 956 996
942 498 965 664
911 830 936 996
899 498 925 664
892 664 918 830
969 664 1000 830
880 830 911 996
864 498 899 664
965 498 1000 664
854 664 892 830
825 498 864 664
841 830 880 996
814 664 854 830
781 498 825 664
797 830 841 996
956 830 1000 996
768 664 814 830
734 498 781 664
750 830 797 996
717 664 768 830
918 664 969 830
692 830 750 996
675 498 734 664
651 664 717 830
624 830 692 996
548 830 624 996
914 0 1000 166
535 664 651 830
534 498 675 664
391 498 534 664
388 664 535 830
836 332 986 498
846 166 997 332
382 830 548 996
216 664 388 830
208 830 382 996
0 830 208 996
0 664 216 830
623 0 914 166
0 498 391 664
421 332 836 498
0 332 421 498
424 166 846 332
0 166 424 332
0 0 623 166
998 0 1000 166
974 498 1000 664
968 830 1000 996
959 830 968 996
986 0 998 166
959 498 974 664
936 498 959 664
936 830 959 996
973 332 1000 498
912 830 936 996
908 498 936 664
911 664 939 830
939 664 969 830
882 830 912 996
880 664 911 830
969 664 1000 830
870 498 908 664
843 830 882 996
840 664 880 830
816 498 870 664
781 830 843 996
767 664 840 830
739 498 816 664
702 830 781 996
686 664 767 830
657 498 739 664
914 166 1000 332
599 664 686 830
590 830 702 996
544 498 657 664
476 830 590 996
476 664 599 830
417 498 544 664
786 166 914 332
289 498 417 664
823 0 986 166
256 664 476 830
240 830 476 996
0 830 240 996
0 664 256 830
0 498 289 664
658 332 973 498
330 332 658 498
0 332 330 498
395 166 786 332
0 166 395 332
414 0 823 166
0 0 414 166
968 498 1000 664
964 830 1000 996
983 0 1000 166
946 498 968 664
942 830 964 996
920 498 946 664
916 830 942 996
942 664 969 830
969 664 1000 830
909 664 942 830
875 664 909 830
874 830 916 996
872 498 920 664
817 498 872 664
816 664 875 830
812 830 874 996
748 830 812 996
746 498 817 664
672 498 746 664
742 664 816 830
671 830 748 996
921 166 1000 332
660 664 742 830
571 664 660 830
570 830 671 996
570 498 672 664
467 498 570 664
462 664 571 830
457 830 570 996
352 498 467 664
342 664 462 830
334 830 457 996
226 498 352 664
211 664 342 830
175 830 334 996
0 830 175 996
802 0 983 166
792 332 1000 498
0 664 211 830
0 498 226 664
547 332 792 498
275 332 547 498
0 332 275 498
630 166 921 332
326 166 630 332
0 166 326 332
426 0 802 166
0 0 426 166
960 830 1000 996
947 830 960 996
951 498 965 664
926 498 951 664
921 830 947 996
969 664 1000 830
893 498 926 664
895 664 928 830
965 498 1000 664
885 830 921 996
858 664 895 830
855 498 893 664
846 830 885 996
815 498 855 664
928 664 969 830
814 664 858 830
801 830 846 996
769 498 815 664
951 166 1000 332
764 664 814 830
749 830 801 996
946 332 1000 498
712 498 769 664
706 664 764 830
689 830 749 996
624 830 689 996
927 0 1000 166
623 664 706 830
623 498 712 664
507 830 624 996
504 498 623 664
504 664 623 830
387 830 507 996
383 498 504 664
376 664 504 830
230 498 383 664
219 664 376 830
209 830 387 996
0 830 209 996
0 664 219 830
0 498 230 664
659 332 946 498
351 332 659 498
0 332 351 498
571 0 927 166
519 166 951 332
0 166 519 332
0 0 571 166
988 332 1000 498
986 664 1000 830
986 498 1000 664
979 498 986 664
979 664 986 830
979 332 988 498
977 0 1000 166
976 830 1000 996
963 166 1000 332
939 830 976 996
939 332 979 498
935 664 979 830
934 498 979 664
917 166 963 332
917 0 977 166
879 332 939 498
874 664 935 830
870 498 934 664
868 830 939 996
838 0 917 166
836 166 917 332
783 498 870 664
781 830 868 996
780 664 874 830
779 332 879 498
731 166 836 332
726 0 838 166
665 332 779 498
661 498 783 664
654 664 780 830
655 830 781 996
599 166 731 332
589 0 726 166
513 830 655 996
505 332 665 498
498 498 661 664
489 664 654 830
421 166 599 332
322 332 505 498
284 498 498 664
272 664 489 830
266 830 513 996
0 830 266 996
0 664 272 830
0 498 284 664
0 332 322 498
0 166 421 332
0 0 589 166
988 664 1000 830
986 166 1000 332
982 498 1000 664
982 332 1000 498
974 0 1000 166
971 664 988 830
953 664 971 830
950 0 974 166
948 332 982 498
948 498 982 664
948 166 986 332
956 830 1000 996
898 498 948 664
905 830 956 996
892 332 948 498
892 0 950 166
887 166 948 332
885 664 953 830
821 0 892 166
818 332 892 498
810 166 887 332
807 664 885 830
812 830 905 996
801 498 898 664
703 498 801 664
704 830 812 996
694 166 810 332
690 664 807 830
687 332 818 498
687 0 821 166
551 0 687 166
549 332 687 498
542 166 694 332
529 664 690 830
536 830 704 996
526 498 703 664
328 0 551 166
313 166 542 332
304 332 549 498
277 498 526 664
269 664 529 830
273 830 536 996
0 830 273 996
0 664 269 830
0 498 277 664
0 332 304 498
0 166 313 332
0 0 328 166
988 332 1000 498
981 830 985 996
985 830 1000 996
980 332 988 498
971 332 980 498
972 830 981 996
970 498 1000 664
970 0 1000 166
969 664 1000 830
960 166 1000 332
936 332 971 498
919 166 960 332
918 498 970 664
916 0 970 166
914 664 969 830
911 830 972 996
871 332 936 498
853 166 919 332
849 0 916 166
845 664 914 830
843 498 918 664
834 830 911 996
782 332 871 498
759 166 853 332
751 0 849 166
736 498 843 664
735 664 845 830
723 830 834 996
668 332 782 498
628 0 751 166
627 166 759 332
601 664 735 830
600 498 736 664
581 830 723 996
521 332 668 498
447 498 600 664
444 664 601 830
400 830 581 996
337 332 521 498
258 664 444 830
258 498 447 664
206 830 400 996
0 830 206 996
0 498 258 664
0 664 258 830
0 332 337 498
0 166 627 332
0 0 628 166
943 498 946 664
991 0 1000 166
983 166 1000 332
946 498 965 664
969 664 1000 830
910 498 943 664
965 498 1000 664
956 830 1000 996
953 332 1000 498
857 830 905 996
905 830 956 996
856 498 910 664
912 664 969 830
854 664 912 830
797 830 857 996
794 498 856 664
788 664 854 830
715 664 788 830
715 498 794 664
714 830 797 996
626 498 715 664
624 664 715 830
622 830 714 996
531 664 624 830
524 498 626 664
519 830 622 996
413 830 519 996
413 498 524 664
412 664 531 830
293 498 413 664
290 664 412 830
166 498 293 664
163 664 290 830
286 830 413 996
148 830 286 996
0 830 148 996
0 664 163 830
0 498 166 664
810 0 991 166
748 332 953 498
533 332 748 498
764 166 983 332
274 332 533 498
0 332 274 498
487 166 764 332
519 0 810 166
0 166 487 332
0 0 519 166
995 166 1000 332
993 166 995 332
994 0 1000 166
961 830 1000 996
958 664 969 830
979 332 1000 498
939 830 961 996
934 664 958 830
969 664 1000 830
965 498 1000 664
904 830 939 996
927 498 965 664
888 498 927 664
895 664 934 830
865 830 904 996
844 498 888 664
851 664 895 830
819 830 865 996
792 498 844 664
799 664 851 830
737 498 792 664
729 664 799 830
911 0 994 166
728 830 819 996
634 664 729 830
627 830 728 996
624 498 737 664
516 664 634 830
506 830 627 996
502 498 624 664
379 498 502 664
383 830 506 996
374 664 516 830
214 498 379 664
206 664 374 830
196 830 383 996
0 830 196 996
0 664 206 830
0 498 214 664
764 332 979 498
523 332 764 498
263 332 523 498
0 332 263 498
678 166 993 332
347 166 678 332
0 166 347 332
479 0 911 166
0 0 479 166
979 830 982 996
982 830 1000 996
994 0 1000 166
978 498 1000 664
977 664 1000 830
969 830 979 996
966 664 977 830
966 498 978 664
953 498 966 664
953 664 966 830
952 830 969 996
935 498 953 664
935 664 953 830
932 830 952 996
912 498 935 664
908 830 932 996
895 664 935 830
956 166 1000 332
867 498 912 664
860 830 908 996
846 664 895 830
941 332 1000 498
786 664 846 830
933 0 994 166
777 830 860 996
770 498 867 664
688 664 786 830
678 830 777 996
669 498 770 664
572 830 678 996
562 498 669 664
554 664 688 830
413 830 572 996
394 664 554 830
394 498 562 664
219 498 394 664
217 664 394 830
211 830 413 996
0 830 211 996
0 664 217 830
0 498 219 664
630 332 941 498
318 332 630 498
0 332 318 498
575 0 933 166
514 166 956 332
0 166 514 332
0 0 575 166
996 0 1000 166
994 0 996 166
990 332 1000 498
982 0 994 166
969 664 1000 830
933 498 965 664
899 498 933 664
965 498 1000 664
897 664 932 830
932 664 969 830
856 664 897 830
856 498 899 664
956 830 1000 996
907 830 956 996
854 830 907 996
789 664 856 830
788 498 856 664
786 830 854 996
719 498 788 664
718 664 789 830
714 830 786 996
644 664 718 830
643 498 719 664
635 830 714 996
564 664 644 830
561 498 643 664
550 830 635 996
464 830 550 996
464 498 561 664
462 664 564 830
351 664 462 830
353 830 464 996
342 498 464 664
208 498 342 664
197 664 351 830
180 830 353 996
0 830 180 996
793 332 990 498
0 664 197 830
585 332 793 498
0 498 208 664
752 166 1000 332
328 332 585 498
0 332 328 498
400 166 752 332
0 166 400 332
534 0 982 166
0 0 534 166
996 332 1000 498
933 664 940 830
930 498 941 664
985 0 1000 166
910 498 930 664
977 166 1000 332
941 498 965 664
971 332 996 498
940 664 969 830
903 664 933 830
969 664 1000 830
952 0 985 166
965 498 1000 664
956 830 1000 996
905 830 956 996
850 664 903 830
850 830 905 996
847 498 910 664
783 498 847 664
776 830 850 996
773 664 850 830
704 498 783 664
690 830 776 996
686 664 773 830
608 498 704 664
592 830 690 996
582 664 686 830
501 498 608 664
479 830 592 996
463 664 582 830
381 498 501 664
335 664 463 830
332 830 479 996
223 498 381 664
175 664 335 830
169 830 332 996
0 830 169 996
0 664 175 830
790 332 971 498
0 498 223 664
561 332 790 498
313 332 561 498
696 166 977 332
0 332 313 498
349 166 696 332
0 166 349 332
520 0 952 166
0 0 520 166
997 166 1000 332
984 332 1000 498
940 498 965 664
896 830 921 996
969 664 1000 830
893 664 925 830
965 498 1000 664
921 830 956 996
925 664 969 830
956 830 1000 996
893 498 940 664
849 830 896 996
845 498 893 664
844 664 893 830
792 664 844 830
792 498 845 664
791 830 849 996
732 830 791 996
730 664 792 830
728 498 792 664
664 830 732 996
661 664 730 830
658 498 728 664
591 664 661 830
584 830 664 996
576 498 658 664
481 498 576 664
888 332 984 498
894 0 1000 166
476 664 591 830
469 830 584 996
360 664 476 830
350 498 481 664
331 830 469 996
209 498 350 664
197 664 360 830
166 830 331 996
0 830 166 996
0 664 197 830
0 498 209 664
762 166 997 332
647 332 888 498
338 332 647 498
0 332 338 498
385 166 762 332
0 166 385 332
501 0 894 166
0 0 501 166
990 0 1000 166
987 0 990 166
989 830 1000 996
982 0 987 166
978 166 1000 332
971 830 989 996
971 664 1000 830
963 332 1000 498
965 498 1000 664
946 0 982 166
941 166 978 332
925 332 963 498
924 498 965 664
921 664 971 830
921 830 971 996
895 0 946 166
888 166 941 332
868 830 921 996
869 498 924 664
865 332 925 498
861 664 921 830
822 0 895 166
813 166 888 332
776 664 861 830
775 830 868 996
771 332 865 498
772 498 869 664
723 0 822 166
707 166 813 332
664 332 771 498
655 498 772 664
647 830 775 996
646 664 776 830
585 0 723 166
563 166 707 332
510 332 664 498
499 498 655 664
490 664 646 830
483 830 647 996
319 498 499 664
291 664 490 830
246 830 483 996
0 830 246 996
0 664 291 830
0 498 319 664
0 332 510 498
0 166 563 332
0 0 585 166
999 166 1000 332
965 830 966 996
966 830 1000 996
997 332 1000 498
995 0 1000 166
950 498 965 664
950 664 969 830
945 830 965 996
928 498 950 664
923 830 945 996
921 664 950 830
969 664 1000 830
965 498 1000 664
892 498 928 664
887 830 923 996
879 664 921 830
832 664 879 830
950 166 999 332
827 830 887 996
827 498 892 664
760 830 827 996
759 498 827 664
916 0 995 166
747 664 832 830
670 830 760 996
668 498 759 664
655 664 747 830
544 664 655 830
537 830 670 996
534 498 668 664
407 664 544 830
393 830 537 996
382 498 534 664
217 498 382 664
215 664 407 830
199 830 393 996
0 830 199 996
786 332 997 498
0 664 215 830
0 498 217 664
561 332 786 498
313 332 561 498
694 166 950 332
0 332 313 498
351 166 694 332
0 166 351 332
463 0 916 166
0 0 463 166
997 332 1000 498
997 166 1000 332
994 332 997 498
985 332 994 498
975 0 1000 166
882 664 912 830
969 664 1000 830
879 830 910 996
847 830 879 996
965 498 1000 664
846 664 882 830
957 166 997 332
806 664 846 830
807 830 847 996
924 498 965 664
956 830 1000 996
910 830 956 996
753 830 807 996
869 498 924 664
750 664 806 830
912 664 969 830
733 498 797 664
684 664 750 830
683 830 753 996
797 498 869 664
660 498 733 664
610 830 683 996
607 664 684 830
574 498 660 664
516 830 610 996
511 664 607 830
477 498 574 664
411 830 516 996
368 498 477 664
858 0 975 166
367 664 511 830
217 498 368 664
213 664 367 830
209 830 411 996
0 830 209 996
0 664 213 830
0 498 217 664
754 332 985 498
495 332 754 498
551 166 957 332
0 332 495 498
0 166 551 332
0 0 858 166
996 166 1000 332
994 0 1000 166
975 498 1000 664
970 830 1000 996
970 664 1000 830
956 664 970 830
956 830 970 996
956 498 975 664
931 830 956 996
929 498 956 664
929 664 956 830
901 498 929 664
898 664 929 830
900 830 931 996
868 498 901 664
861 664 898 830
859 830 900 996
816 830 859 996
815 664 861 830
814 498 868 664
751 498 814 664
746 664 815 830
743 830 816 996
657 830 743 996
650 664 746 830
650 498 751 664
547 830 657 996
536 664 650 830
535 498 650 664
431 830 547 996
875 0 994 166
403 664 536 830
397 498 535 664
248 498 397 664
836 332 1000 498
230 664 403 830
795 166 996 332
224 830 431 996
0 830 224 996
0 664 230 830
0 498 248 664
572 332 836 498
292 332 572 498
0 332 292 498
407 166 795 332
0 166 407 332
444 0 875 166
0 0 444 166
998 0 1000 166
993 332 1000 498
898 498 926 664
969 0 998 166
969 664 1000 830
965 498 1000 664
891 664 929 830
926 498 965 664
852 664 891 830
929 664 969 830
956 830 1000 996
851 498 898 664
943 332 993 498
905 830 956 996
851 830 905 996
783 664 852 830
781 830 851 996
773 498 851 664
691 498 773 664
915 166 1000 332
689 830 781 996
688 664 783 830
584 830 689 996
580 664 688 830
577 498 691 664
463 664 580 830
458 498 577 664
457 830 584 996
324 830 457 996
323 498 458 664
315 664 463 830
163 664 315 830
163 498 323 664
0 830 162 996
162 830 324 996
0 498 163 664
0 664 163 830
766 332 943 498
585 332 766 498
397 332 585 498
204 332 397 498
0 332 204 498
761 0 969 166
661 166 915 332
335 166 661 332
0 166 335 332
423 0 761 166
0 0 423 166
999 332 1000 498
996 166 1000 332
922 498 943 664
943 498 965 664
921 664 944 830
933 830 956 996
909 830 933 996
896 664 921 830
944 664 969 830
896 498 922 664
882 830 909 996
865 498 896 664
969 664 1000 830
864 664 896 830
849 830 882 996
965 498 1000 664
826 664 864 830
824 498 865 664
807 830 849 996
956 830 1000 996
753 830 807 996
752 498 824 664
746 664 826 830
668 830 753 996
665 498 752 664
655 664 746 830
558 498 665 664
550 830 668 996
878 0 1000 166
533 664 655 830
872 332 999 498
429 498 558 664
412 830 550 996
393 664 533 830
280 498 429 664
238 664 393 830
220 830 412 996
788 166 996 332
0 830 220 996
0 664 238 830
0 498 280 664
587 332 872 498
294 332 587 498
0 332 294 498
424 166 788 332
0 166 424 332
443 0 878 166
0 0 443 166
993 332 1000 498
993 166 1000 332
983 0 1000 166
885 664 913 830
969 664 1000 830
884 830 915 996
851 830 884 996
965 498 1000 664
886 498 924 664
847 498 886 664
846 664 885 830
924 498 965 664
915 830 956 996
807 830 851 996
956 830 1000 996
801 498 847 664
795 664 846 830
756 830 807 996
746 498 801 664
740 664 795 830
913 664 969 830
700 830 756 996
681 664 740 830
680 498 746 664
633 830 700 996
611 498 680 664
612 664 681 830
534 664 612 830
530 830 633 996
499 498 611 664
384 498 499 664
867 332 993 498
852 0 983 166
380 664 534 830
362 830 530 996
212 498 384 664
208 664 380 830
188 830 362 996
0 830 188 996
0 664 208 830
0 498 212 664
631 332 867 498
756 166 993 332
316 332 631 498
0 332 316 498
387 166 756 332
0 166 387 332
0 0 852 166
992 166 1000 332
922 664 942 830
910 830 930 996
906 498 927 664
884 498 906 664
930 830 956 996
942 664 969 830
883 830 910 996
969 664 1000 830
965 332 1000 498
965 498 1000 664
927 498 965 664
880 664 922 830
839 830 883 996
956 830 1000 996
839 498 884 664
830 664 880 830
776 830 839 996
774 498 839 664
764 664 830 830
710 830 776 996
696 664 764 830
695 498 774 664
624 830 710 996
605 664 696 830
599 498 695 664
527 830 624 996
506 664 605 830
494 498 599 664
422 830 527 996
387 498 494 664
385 664 506 830
295 830 422 996
255 498 387 664
249 664 385 830
153 830 295 996
0 830 153 996
834 166 992 332
792 332 965 498
0 664 249 830
537 332 792 498
0 498 255 664
736 0 1000 166
272 332 537 498
0 332 272 498
424 166 834 332
0 166 424 332
0 0 736 166
999 0 1000 166
998 166 1000 332
996 166 998 332
983 332 1000 498
970 166 996 332
969 664 1000 830
965 498 1000 664
924 498 965 664
881 498 924 664
956 830 1000 996
868 664 915 830
905 830 956 996
828 498 881 664
815 664 868 830
915 664 969 830
752 830 812 996
751 664 815 830
751 498 828 664
671 830 752 996
663 498 751 664
662 664 751 830
812 830 905 996
564 498 663 664
563 664 662 830
558 830 671 996
442 498 564 664
439 664 563 830
433 830 558 996
314 498 442 664
309 664 439 830
303 830 433 996
171 498 314 664
855 0 999 166
163 664 309 830
152 830 303 996
0 830 152 996
0 664 163 830
0 498 171 664
809 332 983 498
628 332 809 498
441 332 628 498
228 332 441 498
0 332 228 498
679 166 970 332
386 166 679 332
0 166 386 332
440 0 855 166
0 0 440 166
950 830 956 996
930 498 943 664
937 830 950 996
918 664 938 830
917 830 937 996
943 498 965 664
976 0 1000 166
903 498 930 664
887 664 918 830
938 664 969 830
969 664 1000 830
884 830 917 996
965 498 1000 664
845 830 884 996
955 166 1000 332
956 830 1000 996
840 664 887 830
839 498 903 664
769 664 840 830
764 498 839 664
762 830 845 996
685 664 769 830
677 830 762 996
677 498 764 664
595 664 685 830
581 498 677 664
580 830 677 996
493 664 595 830
476 830 580 996
474 498 581 664
366 498 474 664
354 830 476 996
350 664 493 830
213 498 366 664
188 664 350 830
181 830 354 996
0 830 181 996
0 664 188 830
797 332 1000 498
0 498 213 664
553 332 797 498
282 332 553 498
0 332 282 498
662 166 955 332
342 166 662 332
0 166 342 332
526 0 976 166
0 0 526 166
998 0 999 166
999 0 1000 166
996 0 998 166
972 498 1000 664
964 498 972 664
962 830 1000 996
949 498 964 664
951 664 969 830
942 830 962 996
928 498 949 664
917 830 942 996
969 332 1000 498
969 664 1000 830
893 498 928 664
916 664 951 830
876 830 917 996
873 664 916 830
834 498 893 664
814 664 873 830
808 830 876 996
927 166 1000 332
756 498 834 664
732 664 814 830
725 830 808 996
669 498 756 664
635 830 725 996
634 664 732 830
896 0 996 166
543 498 669 664
509 830 635 996
503 664 634 830
407 498 543 664
356 664 503 830
246 498 407 664
348 830 509 996
185 830 348 996
185 664 356 830
0 664 185 830
0 830 185 996
781 332 969 498
0 498 246 664
529 332 781 498
267 332 529 498
0 332 267 498
562 0 896 166
472 166 927 332
0 166 472 332
0 0 562 166
998 166 1000 332
975 830 1000 996
972 498 1000 664
965 498 972 664
964 830 975 996
949 498 965 664
947 830 964 996
928 830 947 996
921 664 943 830
974 0 1000 166
943 664 969 830
921 498 949 664
900 830 928 996
892 498 921 664
890 664 921 830
969 664 1000 830
860 498 892 664
858 664 890 830
857 830 900 996
810 664 858 830
948 332 1000 498
801 498 860 664
788 830 857 996
730 498 801 664
923 166 998 332
728 664 810 830
644 498 730 664
702 830 788 996
638 664 728 830
608 830 702 996
524 664 638 830
520 498 644 664
484 830 608 996
394 498 520 664
388 664 524 830
342 830 484 996
243 498 394 664
234 664 388 830
183 830 342 996
0 830 183 996
0 664 234 830
0 498 243 664
679 332 948 498
371 332 679 498
0 332 371 498
488 166 923 332
0 166 488 332
0 0 974 166
999 332 1000 498
997 332 999 498
989 166 1000 332
969 664 1000 830
965 498 1000 664
876 664 912 830
875 830 914 996
924 498 965 664
914 830 956 996
956 830 1000 996
954 0 1000 166
877 498 924 664
823 664 876 830
821 830 875 996
765 498 821 664
821 498 877 664
767 664 823 830
912 664 969 830
764 830 821 996
706 664 767 830
700 498 765 664
698 830 764 996
634 664 706 830
627 498 700 664
625 830 698 996
550 664 634 830
541 830 625 996
541 498 627 664
450 498 541 664
448 830 541 996
448 664 550 830
338 498 450 664
333 664 448 830
874 332 997 498
320 830 448 996
189 498 338 664
177 664 333 830
162 830 320 996
0 830 162 996
0 664 177 830
0 498 189 664
620 332 874 498
363 332 620 498
0 332 363 498
584 0 954 166
498 166 989 332
0 166 498 332
0 0 584 166
990 332 1000 498
990 498 1000 664
988 664 1000 830
984 166 1000 332
982 830 1000 996
973 332 990 498
972 0 1000 166
968 498 990 664
965 664 988 830
959 166 984 332
957 830 982 996
945 0 972 166
940 498 968 664
911 498 940 664
910 0 945 166
908 830 957 996
908 166 959 332
907 664 965 830
905 332 973 498
840 498 911 664
835 830 908 996
830 332 905 498
830 166 908 332
830 0 910 166
825 664 907 830
752 498 840 664
735 664 825 830
720 0 830 166
725 830 835 996
718 166 830 332
715 332 830 498
596 166 718 332
584 332 715 498
584 0 720 166
583 664 735 830
573 498 752 664
545 830 725 996
411 166 596 332
375 332 584 498
353 498 573 664
332 664 583 830
278 830 545 996
0 830 278 996
0 664 332 830
0 498 353 664
0 332 375 498
0 166 411 332
0 0 584 166
998 166 1000 332
933 830 956 996
906 830 933 996
901 498 929 664
900 664 928 830
877 830 906 996
969 664 1000 830
965 498 1000 664
929 498 965 664
864 664 900 830
864 498 901 664
838 830 877 996
824 498 864 664
928 664 969 830
822 664 864 830
956 830 1000 996
774 664 822 830
773 498 824 664
772 830 838 996
706 664 774 830
695 498 773 664
920 0 1000 166
692 830 772 996
610 830 692 996
908 332 1000 498
608 664 706 830
596 498 695 664
486 498 596 664
483 830 610 996
357 498 486 664
479 664 608 830
346 664 479 830
336 830 483 996
200 498 357 664
179 664 346 830
169 830 336 996
0 830 169 996
0 664 179 830
806 166 998 332
0 498 200 664
700 332 908 498
488 332 700 498
256 332 488 498
0 332 256 498
661 0 920 166
414 166 806 332
0 166 414 332
0 0 661 166
995 332 1000 498
992 166 1000 332
908 830 929 996
903 664 925 830
929 830 956 996
969 664 1000 830
877 830 908 996
965 498 1000 664
865 664 903 830
885 498 924 664
924 498 965 664
823 664 865 830
925 664 969 830
956 830 1000 996
949 0 1000 166
822 830 877 996
821 498 885 664
757 664 823 830
756 830 822 996
752 498 821 664
687 664 757 830
681 830 756 996
588 498 670 664
670 498 752 664
909 332 995 498
587 664 687 830
580 830 681 996
478 830 580 996
473 498 588 664
468 664 587 830
353 830 478 996
339 498 473 664
330 664 468 830
193 498 339 664
181 664 330 830
178 830 353 996
0 830 178 996
0 664 181 830
0 498 193 664
698 332 909 498
486 332 698 498
250 332 486 498
0 332 250 498
679 166 992 332
357 166 679 332
0 166 357 332
580 0 949 166
0 0 580 166
938 830 956 996
916 830 938 996
969 664 1000 830
965 498 1000 664
878 664 916 830
876 830 916 996
834 498 875 664
924 498 965 664
956 830 1000 996
833 664 878 830
830 830 876 996
875 498 924 664
778 830 830 996
916 664 969 830
778 498 834 664
776 664 833 830
718 830 778 996
714 498 778 664
712 664 776 830
641 498 714 664
639 664 712 830
926 332 1000 498
638 830 718 996
557 664 639 830
557 498 641 664
553 830 638 996
462 830 553 996
449 498 557 664
448 664 557 830
350 830 462 996
328 498 449 664
322 664 448 830
192 498 328 664
184 664 322 830
182 830 350 996
0 830 182 996
0 664 184 830
0 498 192 664
707 332 926 498
487 332 707 498
260 332 487 498
762 0 1000 166
0 332 260 498
688 166 1000 332
359 166 688 332
0 166 359 332
393 0 762 166
0 0 393 166
980 498 1000 664
977 830 1000 996
977 664 1000 830
988 332 1000 498
963 498 980 664
981 166 1000 332
956 830 977 996
955 664 977 830
929 664 955 830
930 830 956 996
929 498 963 664
960 0 1000 166
885 498 929 664
883 830 930 996
880 664 929 830
831 830 883 996
831 498 885 664
826 664 880 830
771 830 831 996
769 498 831 664
762 664 826 830
704 830 771 996
694 664 762 830
694 498 769 664
624 830 704 996
610 498 694 664
610 664 694 830
532 830 624 996
516 498 610 664
513 664 610 830
402 498 516 664
397 664 513 830
395 830 532 996
260 498 402 664
840 332 988 498
209 664 397 830
204 830 395 996
0 830 204 996
0 664 209 830
0 498 260 664
579 332 840 498
300 332 579 498
681 166 981 332
0 332 300 498
364 166 681 332
0 166 364 332
515 0 960 166
0 0 515 166
996 332 1000 498
993 0 1000 166
988 166 1000 332
957 830 1000 996
938 830 957 996
912 830 938 996
969 664 1000 830
965 498 1000 664
924 498 965 664
861 664 912 830
859 830 912 996
869 498 924 664
912 664 969 830
800 830 859 996
797 664 861 830
802 498 869 664
731 498 802 664
729 830 800 996
725 664 797 830
656 498 731 664
653 830 729 996
645 664 725 830
565 830 653 996
552 664 645 830
552 498 656 664
460 830 565 996
443 498 552 664
441 664 552 830
341 830 460 996
319 498 443 664
316 664 441 830
192 498 319 664
189 664 316 830
868 332 996 498
185 830 341 996
824 0 993 166
0 830 185 996
0 664 189 830
676 332 868 498
0 498 192 664
463 332 676 498
232 332 463 498
0 332 232 498
734 166 988 332
475 166 734 332
526 0 824 166
0 166 475 332
0 0 526 166
995 166 1000 332
981 166 988 332
988 166 995 332
986 0 1000 166
957 830 1000 996
969 664 1000 830
965 498 1000 664
922 830 957 996
928 498 965 664
889 498 928 664
883 830 922 996
946 0 986 166
912 664 969 830
852 664 912 830
821 830 883 996
821 498 889 664
776 664 852 830
745 830 821 996
741 498 821 664
694 664 776 830
662 830 745 996
657 498 741 664
610 664 694 830
577 830 662 996
571 498 657 664
510 664 610 830
469 498 571 664
460 830 577 996
383 664 510 830
340 498 469 664
328 830 460 996
866 332 1000 498
199 498 340 664
224 664 383 830
166 830 328 996
0 830 166 996
814 166 981 332
0 664 224 830
0 498 199 664
665 332 866 498
453 332 665 498
228 332 453 498
0 332 228 498
569 166 814 332
308 166 569 332
0 166 308 332
635 0 946 166
0 0 635 166
977 498 1000 664
974 498 977 664
994 332 1000 498
994 0 1000 166
971 664 1000 830
966 830 1000 996
958 664 971 830
977 332 994 498
949 830 966 996
973 166 1000 332
916 498 945 664
945 498 974 664
914 830 949 996
913 664 958 830
867 664 913 830
866 830 914 996
866 498 916 664
814 498 866 664
809 830 866 996
809 664 867 830
750 664 809 830
747 830 809 996
747 498 814 664
669 664 750 830
661 830 747 996
653 498 747 664
553 498 653 664
552 664 669 830
540 830 661 996
404 830 540 996
396 664 552 830
388 498 553 664
214 498 388 664
818 0 994 166
208 664 396 830
203 830 404 996
0 830 203 996
0 664 208 830
0 498 214 664
753 332 977 498
528 332 753 498
289 332 528 498
0 332 289 498
665 166 973 332
343 166 665 332
0 166 343 332
462 0 818 166
0 0 462 166
993 332 1000 498
989 0 1000 166
936 830 956 996
911 664 935 830
910 830 936 996
883 664 911 830
882 830 910 996
969 664 1000 830
935 664 969 830
965 498 1000 664
844 664 883 830
924 498 965 664
958 166 1000 332
882 498 924 664
956 830 1000 996
837 830 882 996
835 498 882 664
776 498 835 664
774 830 837 996
771 664 844 830
702 498 776 664
694 664 771 830
697 830 774 996
610 664 694 830
605 830 697 996
604 498 702 664
500 830 605 996
500 664 610 830
486 498 604 664
382 664 500 830
378 830 500 996
360 498 486 664
859 332 993 498
217 498 360 664
209 664 382 830
197 830 378 996
0 830 197 996
0 664 209 830
0 498 217 664
752 0 989 166
598 332 859 498
331 332 598 498
681 166 958 332
0 332 331 498
344 166 681 332
0 166 344 332
395 0 752 166
0 0 395 166
997 332 1000 498
997 0 1000 166
992 332 997 498
982 332 992 498
927 664 947 830
947 664 969 830
901 498 929 664
969 664 1000 830
965 498 1000 664
929 498 965 664
890 664 927 830
956 166 1000 332
956 830 1000 996
852 498 901 664
841 664 890 830
905 830 956 996
792 498 852 664
778 664 841 830
765 830 832 996
721 498 792 664
693 830 765 996
832 830 905 996
635 498 721 664
692 664 778 830
589 830 693 996
586 664 692 830
528 498 635 664
474 830 589 996
470 664 586 830
402 498 528 664
344 664 470 830
348 830 474 996
846 0 997 166
236 498 402 664
178 664 344 830
177 830 348 996
0 830 177 996
0 664 178 830
778 332 982 498
0 498 236 664
531 332 778 498
273 332 531 498
0 332 273 498
645 166 956 332
328 166 645 332
0 166 328 332
439 0 846 166
0 0 439 166
994 332 1000 498
992 0 1000 166
988 166 1000 332
939 830 956 996
909 830 939 996
969 664 1000 830
866 664 898 830
898 664 930 830
965 498 1000 664
930 664 969 830
924 498 965 664
865 830 909 996
956 830 1000 996
869 498 924 664
810 664 866 830
812 498 869 664
808 830 865 996
749 830 808 996
747 498 812 664
744 664 810 830
923 332 994 498
661 664 744 830
661 498 747 664
657 830 749 996
564 498 661 664
553 830 657 996
553 664 661 830
442 664 553 830
441 830 553 996
441 498 564 664
313 498 441 664
312 664 442 830
307 830 441 996
173 498 313 664
171 664 312 830
165 830 307 996
0 830 165 996
0 664 171 830
0 498 173 664
737 332 923 498
549 332 737 498
734 166 988 332
276 332 549 498
0 332 276 498
696 0 992 166
418 166 734 332
0 166 418 332
0 0 696 166
994 166 996 332
996 166 1000 332
996 0 1000 166
991 332 1000 498
981 166 994 332
904 498 924 664
965 332 991 498
969 664 1000 830
965 498 1000 664
864 498 904 664
924 498 965 664
956 830 1000 996
804 664 854 830
905 830 956 996
912 664 969 830
854 664 912 830
804 498 864 664
743 498 804 664
739 664 804 830
677 498 743 664
663 830 730 996
661 664 739 830
730 830 812 996
593 498 677 664
579 830 663 996
568 664 661 830
812 830 905 996
499 498 593 664
474 664 568 830
473 830 579 996
390 498 499 664
353 830 473 996
344 664 474 830
856 0 996 166
250 498 390 664
204 664 344 830
193 830 353 996
816 166 981 332
0 830 193 996
0 664 204 830
715 332 965 498
0 498 250 664
358 332 715 498
0 332 358 498
420 166 816 332
0 166 420 332
431 0 856 166
0 0 431 166
995 166 1000 332
993 0 1000 166
952 498 965 664
937 498 952 664
921 498 937 664
904 498 921 664
937 830 956 996
973 0 993 166
949 664 969 830
969 664 1000 830
965 498 1000 664
902 830 937 996
957 166 995 332
956 830 1000 996
901 664 949 830
850 664 901 830
848 498 904 664
845 830 902 996
789 498 848 664
785 830 845 996
935 332 1000 498
784 664 850 830
705 830 785 996
704 498 789 664
699 664 784 830
614 830 705 996
609 498 704 664
596 664 699 830
481 664 596 830
481 498 609 664
479 830 614 996
344 498 481 664
341 830 479 996
335 664 481 830
195 498 344 664
181 664 335 830
180 830 341 996
0 830 180 996
0 664 181 830
0 498 195 664
733 166 957 332
649 332 935 498
347 332 649 498
0 332 347 498
373 166 733 332
0 166 373 332
586 0 973 166
0 0 586 166
998 0 999 166
999 0 1000 166
981 498 1000 664
973 664 1000 830
980 830 1000 996
985 166 1000 332
964 830 980 996
964 498 981 664
945 830 964 996
944 498 964 664
977 0 998 166
938 664 973 830
907 830 945 996
898 664 938 830
897 498 944 664
849 498 897 664
859 830 907 996
846 664 898 830
793 498 849 664
928 166 985 332
789 664 846 830
786 830 859 996
718 498 793 664
714 664 789 830
709 830 786 996
632 498 718 664
625 664 714 830
617 830 709 996
527 664 625 830
525 498 632 664
509 830 617 996
415 498 525 664
410 664 527 830
382 830 509 996
256 498 415 664
235 664 410 830
203 830 382 996
0 830 203 996
782 332 1000 498
0 664 235 830
526 332 782 498
0 498 256 664
268 332 526 498
0 332 268 498
689 0 977 166
610 166 928 332
0 166 610 332
0 0 689 166
