990 400 1000 600
976 0 1000 200
955 400 990 600
955 600 1000 800
943 800 1000 1000
892 600 955 800
865 800 943 1000
805 600 892 800
849 400 955 600
680 600 805 800
855 200 1000 400
719 800 865 1000
497 600 680 800
0 800 220 1000
650 400 849 600
291 600 497 800
471 800 719 1000
220 800 471 1000
0 600 291 800
363 400 650 600
0 400 363 600
483 200 855 400
599 0 976 200
0 200 483 400
0 0 599 200
993 400 1000 600
964 200 1000 400
959 0 1000 200
955 600 1000 800
943 800 1000 1000
935 400 993 600
892 600 955 800
865 800 943 1000
805 600 892 800
824 400 935 600
680 600 805 800
719 800 865 1000
0 600 680 800
637 400 824 600
0 800 220 1000
442 400 637 600
222 400 442 600
0 400 222 600
739 200 964 400
471 800 719 1000
220 800 471 1000
430 200 739 400
624 0 959 200
0 200 430 400
0 0 624 200
967 0 1000 200
965 400 1000 600
955 600 1000 800
943 800 1000 1000
930 200 1000 400
892 600 955 800
865 800 943 1000
805 600 892 800
680 600 805 800
148 800 287 1000
719 800 865 1000
0 800 148 1000
497 600 680 800
287 800 471 1000
0 600 497 800
746 400 965 600
521 400 746 600
471 800 719 1000
270 400 521 600
0 400 270 600
646 200 930 400
355 200 646 400
0 200 355 400
543 0 967 200
0 0 543 200
984 0 1000 200
967 400 1000 600
953 0 984 200
955 600 1000 800
943 800 1000 1000
892 600 955 800
865 800 943 1000
805 600 892 800
680 600 805 800
719 800 865 1000
497 600 680 800
0 800 220 1000
793 200 1000 400
291 600 497 800
756 400 967 600
541 400 756 600
471 800 719 1000
220 800 471 1000
0 600 291 800
273 400 541 600
0 400 273 600
613 0 953 200
399 200 793 400
0 200 399 400
0 0 613 200
992 200 1000 400
988 200 992 400
955 600 1000 800
945 400 1000 600
943 800 1000 1000
892 600 955 800
875 400 945 600
804 400 875 600
865 800 943 1000
719 400 804 600
0 600 892 800
625 400 719 600
529 400 625 600
882 200 988 400
880 0 1000 200
0 800 865 1000
354 400 529 600
0 400 177 600
177 400 354 600
704 200 882 400
519 200 704 400
332 200 519 400
0 200 332 400
450 0 880 200
0 0 450 200
966 400 1000 600
955 600 1000 800
945 0 1000 200
943 800 1000 1000
892 600 955 800
915 200 1000 400
865 800 943 1000
880 400 966 600
805 600 892 800
175 600 291 800
680 600 805 800
719 800 865 1000
0 600 175 800
497 600 680 800
689 400 880 600
0 800 220 1000
494 400 689 600
291 600 497 800
734 0 945 200
471 800 719 1000
220 800 471 1000
630 200 915 400
0 400 494 600
0 200 630 400
0 0 734 200
995 0 1000 200
958 400 1000 600
957 0 995 200
955 600 1000 800
943 800 1000 1000
892 600 955 800
0 800 943 1000
878 400 958 600
793 400 878 600
0 600 892 800
695 400 793 600
595 400 695 600
491 400 595 600
379 400 491 600
263 400 379 600
134 400 263 600
0 400 134 600
846 200 1000 400
690 200 846 400
515 200 690 400
781 0 957 200
263 200 515 400
0 200 263 400
407 0 781 200
0 0 407 200
994 0 1000 200
976 400 1000 600
970 0 994 200
955 600 1000 800
943 800 1000 1000
892 600 955 800
865 800 943 1000
805 600 892 800
889 200 1000 400
0 600 805 800
834 400 976 600
719 800 865 1000
685 400 834 600
524 400 685 600
354 400 524 600
180 400 354 600
0 400 180 600
776 0 970 200
663 200 889 400
471 800 719 1000
0 800 471 1000
347 200 663 400
0 200 347 400
421 0 776 200
0 0 421 200
988 200 1000 400
986 400 1000 600
965 400 986 600
966 200 988 400
955 600 1000 800
943 800 1000 1000
892 600 955 800
865 800 943 1000
883 400 965 600
805 600 892 800
875 0 1000 200
680 600 805 800
719 800 865 1000
707 400 883 600
497 600 680 800
512 400 707 600
770 200 966 400
0 600 497 800
264 400 512 600
0 800 719 1000
0 400 264 600
496 200 770 400
598 0 875 200
0 200 496 400
0 0 598 200
976 0 1000 200
955 600 1000 800
943 800 1000 1000
892 600 955 800
921 400 1000 600
865 800 943 1000
805 600 892 800
124 800 247 1000
0 800 124 1000
680 600 805 800
719 800 865 1000
749 400 921 600
385 400 567 600
567 400 749 600
497 600 680 800
199 400 385 600
0 400 199 600
291 600 497 800
247 800 471 1000
471 800 719 1000
0 600 291 800
698 200 1000 400
394 200 698 400
0 200 394 400
0 0 976 200
989 0 1000 200
976 0 989 200
955 600 1000 800
939 200 1000 400
943 800 1000 1000
892 600 955 800
865 800 943 1000
805 600 892 800
680 600 805 800
719 800 865 1000
817 0 976 200
497 600 680 800
801 400 1000 600
291 600 497 800
471 800 719 1000
0 800 471 1000
0 600 291 800
540 400 801 600
276 400 540 600
0 400 276 600
655 200 939 400
340 200 655 400
0 200 340 400
475 0 817 200
0 0 475 200
995 0 1000 200
955 600 1000 800
943 800 1000 1000
892 600 955 800
865 800 943 1000
915 400 1000 600
805 600 892 800
114 800 220 1000
0 800 114 1000
680 600 805 800
865 0 995 200
779 400 915 600
719 800 865 1000
604 400 779 600
497 600 680 800
0 600 497 800
471 800 719 1000
220 800 471 1000
324 400 604 600
679 200 1000 400
0 400 324 600
350 200 679 400
0 200 350 400
438 0 865 200
0 0 438 200
988 0 1000 200
955 600 1000 800
943 800 1000 1000
892 600 955 800
865 800 943 1000
805 600 892 800
202 600 306 800
145 800 266 1000
680 600 805 800
0 800 145 1000
719 800 865 1000
824 400 1000 600
821 200 1000 400
497 600 680 800
306 600 497 800
786 0 988 200
0 600 202 800
266 800 471 1000
608 400 824 600
471 800 719 1000
338 400 608 600
0 400 338 600
456 200 821 400
0 200 456 400
0 0 786 200
990 0 1000 200
990 200 1000 400
979 0 990 200
957 400 1000 600
955 600 1000 800
943 800 1000 1000
892 600 955 800
902 0 979 200
865 800 943 1000
805 600 892 800
680 600 805 800
813 400 957 600
719 800 865 1000
497 600 680 800
0 600 497 800
774 200 990 400
571 400 813 600
471 800 719 1000
0 800 471 1000
297 400 571 600
0 400 297 600
392 200 774 400
0 200 392 400
477 0 902 200
0 0 477 200
