994 750 1000 875
993 0 1000 125
992 125 1000 250
984 750 994 875
982 0 993 125
979 125 992 250
977 875 1000 1000
977 500 1000 625
976 375 1000 500
974 250 1000 375
963 625 1000 750
941 750 984 875
912 875 977 1000
911 125 979 250
899 500 977 625
895 250 974 375
894 375 976 500
876 625 963 750
822 750 941 875
787 875 912 1000
770 125 911 250
747 250 895 375
737 375 894 500
717 500 899 625
694 625 876 750
626 750 822 875
569 875 787 1000
550 125 770 250
526 250 747 375
496 375 737 500
469 500 717 625
433 625 694 750
360 750 626 875
287 875 569 1000
0 875 287 1000
0 750 360 875
0 625 433 750
0 500 469 625
0 375 496 500
0 250 526 375
0 125 550 250
0 0 982 125
990 750 1000 875
988 875 1000 1000
975 750 990 875
972 875 988 1000
972 500 1000 625
971 125 1000 250
970 625 1000 750
969 0 1000 125
960 375 1000 500
956 250 1000 375
919 0 969 125
906 250 956 375
904 625 970 750
903 125 971 250
901 750 975 875
898 875 972 1000
882 375 960 500
878 500 972 625
800 0 919 125
783 125 903 250
773 250 906 375
748 375 882 500
737 500 878 625
719 875 898 1000
717 625 904 750
710 750 901 875
601 0 800 125
560 125 783 250
531 250 773 375
497 375 748 500
480 500 737 625
445 625 717 750
370 750 710 875
365 875 719 1000
0 875 365 1000
0 750 370 875
0 625 445 750
0 500 480 625
0 375 497 500
0 250 531 375
0 125 560 250
0 0 601 125
988 875 1000 1000
986 625 1000 750
984 0 1000 125
976 500 1000 625
975 250 1000 375
971 750 1000 875
970 375 1000 500
932 750 971 875
931 500 976 625
924 250 975 375
905 375 970 500
921 625 986 750
890 0 984 125
885 875 988 1000
893 125 1000 250
820 500 931 625
775 0 890 125
774 125 893 250
762 875 885 1000
758 625 921 750
749 750 932 875
738 250 924 375
716 375 905 500
630 500 820 625
582 125 774 250
563 625 758 750
552 750 749 875
522 250 738 375
546 875 762 1000
493 375 716 500
382 500 630 625
308 625 563 750
285 750 552 875
276 875 546 1000
0 875 276 1000
0 750 285 875
0 625 308 750
0 500 382 625
0 375 493 500
0 250 522 375
0 125 582 250
0 0 775 125
987 875 1000 1000
986 0 1000 125
982 500 1000 625
970 125 1000 250
968 625 1000 750
953 0 986 125
952 750 1000 875
952 375 1000 500
946 875 987 1000
937 500 982 625
904 0 953 125
881 500 937 625
877 875 946 1000
873 750 952 875
872 375 952 500
864 125 970 250
860 625 968 750
860 250 1000 375
758 0 904 125
708 250 860 375
704 125 864 250
698 625 860 750
695 750 873 875
689 375 872 500
688 500 881 625
680 875 877 1000
520 0 758 125
465 125 704 250
453 250 708 375
429 375 689 500
425 500 688 625
408 625 698 750
380 750 695 875
345 875 680 1000
0 875 345 1000
0 750 380 875
0 625 408 750
0 500 425 625
0 375 429 500
0 250 453 375
0 125 465 250
0 0 520 125
976 375 1000 500
975 625 1000 750
973 750 1000 875
973 875 1000 1000
972 125 1000 250
964 0 1000 125
927 750 973 875
914 125 972 250
912 250 1000 375
899 625 975 750
898 500 1000 625
884 375 976 500
880 875 973 1000
869 0 964 125
819 125 914 250
812 250 912 375
810 750 927 875
779 625 899 750
774 500 898 625
755 375 884 500
748 875 880 1000
679 250 812 375
628 500 774 625
607 375 755 500
600 875 748 1000
599 625 779 750
598 750 810 875
585 125 819 250
440 250 679 375
362 375 607 500
358 500 628 625
326 625 599 750
311 750 598 875
309 875 600 1000
0 875 309 1000
0 750 311 875
0 625 326 750
0 500 358 625
0 375 362 500
0 250 440 375
0 125 585 250
0 0 869 125
988 0 1000 125
984 750 1000 875
982 125 1000 250
978 250 1000 375
961 625 1000 750
961 875 1000 1000
946 250 978 375
960 500 1000 625
943 750 984 875
933 375 1000 500
893 125 982 250
887 0 988 125
824 375 933 500
820 250 946 375
816 750 943 875
813 500 960 625
812 625 961 750
811 875 961 1000
740 125 893 250
724 0 887 125
643 625 812 750
643 500 813 625
639 875 811 1000
634 750 816 875
621 250 820 375
618 375 824 500
517 0 724 125
508 125 740 250
368 250 621 375
360 375 618 500
348 500 643 625
344 625 643 750
330 750 634 875
322 875 639 1000
0 875 322 1000
0 750 330 875
0 625 344 750
0 500 348 625
0 375 360 500
0 250 368 375
0 125 508 250
0 0 517 125
989 375 1000 500
989 500 1000 625
986 0 1000 125
985 750 1000 875
982 125 1000 250
973 500 989 625
970 250 1000 375
962 375 989 500
950 125 982 250
949 750 985 875
948 875 1000 1000
888 875 948 1000
887 750 949 875
883 125 950 250
878 375 962 500
877 250 970 375
876 500 973 625
865 0 986 125
864 625 1000 750
736 750 887 875
709 625 864 750
733 875 888 1000
705 0 865 125
689 125 883 250
682 375 878 500
679 250 877 375
464 125 689 250
651 500 876 625
450 250 679 375
449 375 682 500
411 500 651 625
387 625 709 750
384 750 736 875
371 875 733 1000
0 875 371 1000
0 750 384 875
0 625 387 750
0 500 411 625
0 375 449 500
0 250 450 375
0 125 464 250
0 0 705 125
996 375 1000 500
995 625 1000 750
988 250 1000 375
980 750 1000 875
979 500 1000 625
976 625 995 750
976 375 996 500
974 0 1000 125
973 875 1000 1000
970 125 1000 250
940 250 988 375
928 375 976 500
922 625 976 750
903 125 970 250
902 0 974 125
892 750 980 875
890 500 979 625
882 875 973 1000
803 125 903 250
799 0 902 125
777 500 890 625
777 375 928 500
775 250 940 375
741 625 922 750
710 750 892 875
697 875 882 1000
605 0 799 125
557 125 803 250
519 250 775 375
514 375 777 500
505 500 777 625
464 625 741 750
391 750 710 875
362 875 697 1000
0 875 362 1000
0 750 391 875
0 625 464 750
0 500 505 625
0 375 514 500
0 250 519 375
0 125 557 250
0 0 605 125
989 250 1000 375
986 250 989 375
984 875 1000 1000
981 500 1000 625
980 625 1000 750
963 250 986 375
957 500 981 625
956 125 1000 250
955 750 1000 875
951 0 1000 125
951 375 1000 500
902 250 963 375
888 375 951 500
864 0 951 125
860 625 980 750
859 875 984 1000
826 125 956 250
825 750 955 875
825 500 957 625
725 875 859 1000
724 0 864 125
675 750 825 875
670 500 825 625
667 125 826 250
666 625 860 750
666 250 902 375
652 375 888 500
430 125 667 250
411 250 666 375
393 375 652 500
388 500 670 625
379 625 666 750
373 750 675 875
372 875 725 1000
0 875 372 1000
0 750 373 875
0 625 379 750
0 500 388 625
0 375 393 500
0 250 411 375
0 125 430 250
0 0 724 125
991 375 1000 500
983 750 1000 875
983 125 1000 250
977 500 1000 625
978 875 1000 1000
975 625 1000 750
975 250 1000 375
963 0 1000 125
947 375 991 500
937 125 983 250
927 250 975 375
924 625 975 750
923 500 977 625
914 750 983 875
909 875 978 1000
874 375 947 500
853 125 937 250
830 625 924 750
828 500 923 625
813 875 909 1000
811 750 914 875
808 250 927 375
749 375 874 500
715 125 853 250
687 625 830 750
682 500 828 625
663 750 811 875
657 250 808 375
628 875 813 1000
559 375 749 500
419 500 682 625
418 625 687 750
393 750 663 875
325 875 628 1000
0 875 325 1000
0 750 393 875
0 625 418 750
0 500 419 625
0 375 559 500
0 250 657 375
0 125 715 250
0 0 963 125
988 625 1000 750
988 375 1000 500
987 0 1000 125
986 500 1000 625
977 875 1000 1000
973 375 988 500
968 250 1000 375
968 125 1000 250
934 125 968 250
922 250 968 375
921 375 973 500
915 875 977 1000
915 625 988 750
914 750 1000 875
885 0 987 125
878 500 986 625
824 125 934 250
799 875 915 1000
794 750 914 875
789 375 921 500
779 625 915 750
778 250 922 375
733 500 878 625
715 0 885 125
650 125 824 250
604 625 779 750
603 750 794 875
585 875 799 1000
557 250 778 375
546 375 789 500
486 500 733 625
345 625 604 750
339 750 603 875
320 875 585 1000
0 875 320 1000
0 750 339 875
0 625 345 750
0 500 486 625
0 375 546 500
0 250 557 375
0 125 650 250
0 0 715 125
982 875 1000 1000
979 250 1000 375
976 125 1000 250
975 500 1000 625
936 250 979 375
931 500 975 625
930 125 976 250
929 875 982 1000
929 0 1000 125
929 625 1000 750
933 375 1000 500
921 750 1000 875
856 250 936 375
842 500 931 625
835 0 929 125
834 125 930 250
824 625 929 750
826 375 933 500
820 875 929 1000
807 750 921 875
730 250 856 375
667 375 826 500
648 625 824 750
648 500 842 625
612 750 807 875
607 0 835 125
603 125 834 250
583 875 820 1000
492 250 730 375
427 375 667 500
406 500 648 625
398 625 648 750
346 750 612 875
298 875 583 1000
0 875 298 1000
0 750 346 875
0 625 398 750
0 500 406 625
0 375 427 500
0 250 492 375
0 125 603 250
0 0 607 125
983 125 1000 250
984 500 1000 625
982 625 1000 750
982 250 1000 375
980 875 1000 1000
957 0 1000 125
943 375 1000 500
920 125 983 250
918 750 1000 875
911 875 980 1000
909 250 982 375
907 625 982 750
907 500 984 625
872 0 957 125
848 375 943 500
814 875 911 1000
805 625 907 750
803 500 907 625
798 250 909 375
791 750 918 875
782 125 920 250
731 0 872 125
696 375 848 500
638 875 814 1000
616 500 803 625
614 625 805 750
599 750 791 875
561 125 782 250
554 250 798 375
447 375 696 500
366 500 616 625
347 625 614 750
321 750 599 875
320 875 638 1000
0 875 320 1000
0 750 321 875
0 625 347 750
0 500 366 625
0 375 447 500
0 250 554 375
0 125 561 250
0 0 731 125
984 875 1000 1000
984 625 1000 750
982 125 1000 250
967 875 984 1000
959 125 982 250
955 625 984 750
951 375 1000 500
950 500 1000 625
949 250 1000 375
947 0 1000 125
942 750 1000 875
895 875 967 1000
883 125 959 250
867 625 955 750
859 250 949 375
856 0 947 125
855 500 950 625
854 375 951 500
842 750 942 875
792 875 895 1000
762 625 867 750
750 250 859 375
741 375 854 500
733 500 855 625
733 0 856 125
718 125 883 250
675 750 842 875
614 875 792 1000
571 250 750 375
560 375 741 500
539 500 733 625
487 625 762 750
394 750 675 875
323 875 614 1000
0 875 323 1000
0 750 394 875
0 625 487 750
0 500 539 625
0 375 560 500
0 250 571 375
0 125 718 250
0 0 733 125
994 125 1000 250
993 750 1000 875
992 250 1000 375
991 500 1000 625
986 625 1000 750
984 875 1000 1000
973 500 991 625
963 0 1000 125
947 625 986 750
944 250 992 375
944 125 994 250
932 875 984 1000
932 750 993 875
896 0 963 125
933 375 1000 500
875 125 944 250
843 375 933 500
839 750 932 875
836 875 932 1000
834 250 944 375
831 625 947 750
821 500 973 625
716 125 875 250
678 375 843 500
661 625 831 750
657 875 836 1000
655 750 839 875
606 500 821 625
591 250 834 375
434 375 678 500
359 500 606 625
355 625 661 750
346 750 655 875
344 875 657 1000
0 875 344 1000
0 750 346 875
0 625 355 750
0 500 359 625
0 375 434 500
0 250 591 375
0 125 716 250
0 0 896 125
986 875 1000 1000
985 250 1000 375
985 375 1000 500
982 500 1000 625
976 125 1000 250
943 250 985 375
940 875 986 1000
929 125 976 250
925 500 982 625
922 375 985 500
919 625 1000 750
919 0 1000 125
916 750 1000 875
833 375 922 500
826 625 919 750
824 500 925 625
811 750 916 875
809 0 919 125
802 875 940 1000
801 250 943 375
780 125 929 250
679 375 833 500
653 0 809 125
650 625 826 750
644 500 824 625
614 875 802 1000
593 750 811 875
558 125 780 250
556 250 801 375
420 375 679 500
382 500 644 625
376 625 650 750
318 750 593 875
317 875 614 1000
0 875 317 1000
0 750 318 875
0 625 376 750
0 500 382 625
0 375 420 500
0 250 556 375
0 125 558 250
0 0 653 125
986 375 1000 500
986 125 1000 250
982 625 1000 750
975 125 986 250
973 375 986 500
973 250 1000 375
972 750 1000 875
969 0 1000 125
966 500 1000 625
959 875 1000 1000
927 625 982 750
860 625 927 750
858 875 959 1000
858 500 966 625
858 0 969 125
857 375 973 500
853 250 973 375
847 750 972 875
844 125 975 250
712 875 858 1000
708 500 858 625
705 0 858 125
692 375 857 500
678 750 847 875
676 250 853 375
675 625 860 750
444 125 644 250
644 125 844 250
437 250 676 375
432 375 692 500
414 625 675 750
414 500 708 625
363 750 678 875
360 875 712 1000
0 875 360 1000
0 750 363 875
0 500 414 625
0 625 414 750
0 375 432 500
0 250 437 375
0 125 444 250
0 0 705 125
990 375 1000 500
988 125 1000 250
975 500 1000 625
947 500 975 625
946 125 988 250
944 250 1000 375
929 375 990 500
928 0 1000 125
926 625 1000 750
926 750 1000 875
923 875 1000 1000
874 125 946 250
860 250 944 375
840 375 929 500
836 625 926 750
833 750 926 875
822 875 923 1000
821 0 928 125
811 500 947 625
728 125 874 250
703 250 860 375
674 625 836 750
671 375 840 500
662 750 833 875
646 875 822 1000
634 500 811 625
621 0 821 125
526 125 728 250
489 250 703 375
402 500 634 625
402 375 671 500
399 625 674 750
377 750 662 875
351 875 646 1000
0 875 351 1000
0 750 377 875
0 625 399 750
0 375 402 500
0 500 402 625
0 250 489 375
0 125 526 250
0 0 621 125
995 500 1000 625
990 750 1000 875
988 250 1000 375
986 625 1000 750
985 375 1000 500
979 875 1000 1000
976 0 1000 125
966 500 995 625
949 875 979 1000
948 750 990 875
943 625 986 750
940 375 985 500
940 125 1000 250
887 500 966 625
869 750 948 875
857 125 940 250
866 875 949 1000
848 375 940 500
851 625 943 750
847 250 988 375
834 0 976 125
721 875 866 1000
721 750 869 875
689 375 848 500
671 0 834 125
667 625 851 750
640 125 857 250
636 500 887 625
591 250 847 375
433 375 689 500
378 500 636 625
375 625 667 750
371 750 721 875
364 875 721 1000
0 875 364 1000
0 750 371 875
0 625 375 750
0 500 378 625
0 375 433 500
0 250 591 375
0 125 640 250
0 0 671 125
991 752 1000 876
987 381 1000 505
982 752 991 876
988 505 1000 628
978 133 1000 257
977 257 1000 381
971 628 1000 752
968 876 1000 1000
937 381 987 505
906 876 968 1000
906 628 971 752
893 133 978 257
890 257 977 381
896 505 988 628
887 752 982 876
835 381 937 505
792 505 896 628
769 752 887 876
768 133 893 257
758 628 906 752
756 876 906 1000
734 257 890 381
675 381 835 505
602 505 792 628
565 628 758 752
552 876 756 1000
551 752 769 876
529 133 768 257
487 257 734 381
428 381 675 505
349 505 602 628
314 628 565 752
295 752 551 876
278 876 552 1000
0 876 278 1000
0 752 295 876
0 628 314 752
0 505 349 628
0 381 428 505
0 257 487 381
0 133 529 257
0 0 1000 133
990 375 1000 500
990 500 1000 625
984 875 1000 1000
954 875 984 1000
954 250 1000 375
944 750 1000 875
942 125 1000 250
940 625 1000 750
940 0 1000 125
916 375 990 500
916 500 990 625
865 0 940 125
862 125 942 250
859 625 940 750
851 750 944 875
851 250 954 375
846 875 954 1000
801 500 916 625
794 375 916 500
721 625 859 750
709 750 851 875
700 875 846 1000
698 250 851 375
624 375 794 500
623 500 801 625
533 625 721 750
505 250 698 375
516 750 709 875
426 375 624 500
502 875 700 1000
393 500 623 625
300 625 533 750
280 750 516 875
254 875 502 1000
0 875 254 1000
0 750 280 875
0 625 300 750
0 500 393 625
0 375 426 500
0 250 505 375
0 125 862 250
0 0 865 125
991 875 1000 1000
979 375 1000 500
954 250 1000 375
953 500 1000 625
947 625 1000 750
945 0 1000 125
944 125 1000 250
940 750 1000 875
929 875 991 1000
915 375 979 500
888 500 953 625
887 250 954 375
873 0 945 125
865 125 944 250
868 625 947 750
859 750 940 875
831 375 915 500
827 875 929 1000
720 375 831 500
716 750 859 875
715 625 868 750
714 0 873 125
712 500 888 625
682 125 865 250
704 250 887 375
641 875 827 1000
524 0 714 125
485 125 682 250
444 250 704 375
441 375 720 500
429 500 712 625
418 625 715 750
414 750 716 875
324 875 641 1000
0 875 324 1000
0 750 414 875
0 625 418 750
0 500 429 625
0 375 441 500
0 250 444 375
0 125 485 250
0 0 524 125
986 250 1000 375
984 375 1000 500
982 750 1000 875
971 125 1000 250
944 375 984 500
943 250 986 375
939 875 1000 1000
928 750 982 875
928 0 1000 125
926 625 1000 750
914 500 1000 625
892 125 971 250
860 250 943 375
851 375 944 500
798 500 914 625
794 625 926 750
790 0 928 125
789 750 928 875
782 875 939 1000
731 125 892 250
677 375 851 500
675 250 860 375
601 750 789 875
599 625 794 750
597 500 798 625
584 0 790 125
563 875 782 1000
509 125 731 250
445 250 675 375
439 375 677 500
341 500 597 625
336 625 599 750
332 750 601 875
292 875 563 1000
0 875 292 1000
0 750 332 875
0 625 336 750
0 500 341 625
0 375 439 500
0 250 445 375
0 125 509 250
0 0 584 125
989 750 991 875
991 750 1000 875
989 625 1000 750
985 125 1000 250
982 375 1000 500
981 250 1000 375
960 375 982 500
957 250 981 375
956 125 985 250
955 625 989 750
954 750 989 875
953 0 1000 125
950 875 1000 1000
948 500 1000 625
899 375 960 500
887 500 948 625
881 0 953 125
868 125 956 250
864 750 954 875
860 875 950 1000
860 250 957 375
854 625 955 750
787 375 899 500
771 500 887 625
742 125 868 250
716 750 864 875
678 625 854 750
671 250 860 375
664 875 860 1000
577 375 787 500
540 500 771 625
446 625 678 750
401 750 716 875
348 875 664 1000
0 875 348 1000
0 750 401 875
0 625 446 750
0 500 540 625
0 375 577 500
0 250 671 375
0 125 742 250
0 0 881 125
993 625 1000 750
990 0 1000 125
989 750 1000 875
989 375 1000 500
988 875 1000 1000
978 625 993 750
968 0 990 125
955 625 978 750
952 750 989 875
947 875 988 1000
945 250 1000 375
944 125 1000 250
937 375 989 500
900 0 968 125
930 500 1000 625
879 750 952 875
856 500 930 625
854 125 944 250
851 875 947 1000
850 625 955 750
839 250 945 375
824 375 937 500
784 0 900 125
730 500 856 625
700 125 854 250
695 625 850 750
696 875 851 1000
675 250 839 375
665 750 879 875
606 375 824 500
460 500 730 625
357 750 665 875
357 625 695 750
349 875 696 1000
0 875 349 1000
0 625 357 750
0 750 357 875
0 500 460 625
0 375 606 500
0 250 675 375
0 125 700 250
0 0 784 125
985 625 1000 750
979 375 1000 500
979 250 1000 375
978 875 1000 1000
972 125 1000 250
949 875 978 1000
947 375 979 500
946 250 979 375
935 500 1000 625
932 750 1000 875
930 625 985 750
914 125 972 250
913 0 1000 125
867 875 949 1000
861 250 946 375
855 375 947 500
836 750 932 875
832 625 930 750
832 500 935 625
799 125 914 250
795 0 913 125
717 375 855 500
710 250 861 375
706 875 867 1000
670 625 832 750
669 500 832 625
664 750 836 875
626 125 799 250
517 250 710 375
478 375 717 500
416 500 669 625
401 625 670 750
382 750 664 875
359 875 706 1000
0 875 359 1000
0 750 382 875
0 625 401 750
0 500 416 625
0 375 478 500
0 250 517 375
0 125 626 250
0 0 795 125
974 501 1000 626
967 751 977 875
977 751 1000 875
958 501 974 626
958 376 1000 501
958 126 1000 251
954 251 1000 376
949 875 1000 1000
947 626 1000 751
885 251 954 376
897 751 967 875
874 626 947 751
872 376 958 501
871 501 958 626
870 126 958 251
858 875 949 1000
780 376 872 501
778 501 871 626
775 626 874 751
770 751 897 875
748 251 885 376
719 126 870 251
702 875 858 1000
609 501 778 626
607 376 780 501
599 626 775 751
582 751 770 875
549 251 748 376
491 875 702 1000
380 376 607 501
379 501 609 626
368 626 599 751
341 751 582 875
251 875 491 1000
0 875 251 1000
0 751 341 875
0 626 368 751
0 501 379 626
0 376 380 501
0 251 549 376
0 126 719 251
0 0 1000 126
984 750 1000 875
984 500 1000 625
964 0 1000 125
956 125 1000 250
943 250 1000 375
932 750 984 875
927 875 1000 1000
933 375 1000 500
927 625 1000 750
907 500 984 625
882 0 964 125
868 125 956 250
847 250 943 375
826 625 927 750
831 750 932 875
805 500 907 625
804 875 927 1000
807 375 933 500
755 0 882 125
726 125 868 250
704 250 847 375
663 375 807 500
658 500 805 625
654 875 804 1000
652 750 831 875
636 625 826 750
550 0 755 125
517 125 726 250
483 250 704 375
434 375 663 500
415 500 658 625
392 625 636 750
381 750 652 875
365 875 654 1000
0 875 365 1000
0 750 381 875
0 625 392 750
0 500 415 625
0 375 434 500
0 250 483 375
0 125 517 250
0 0 550 125
995 380 1000 502
987 380 995 502
987 258 1000 380
962 134 1000 258
959 502 1000 626
958 751 1000 875
949 626 1000 751
948 875 1000 1000
923 258 987 380
916 380 987 502
887 134 962 258
872 626 949 751
880 502 959 626
877 751 958 875
867 875 948 1000
831 380 916 502
831 258 923 380
783 502 880 626
764 626 872 751
759 875 867 1000
762 751 877 875
738 134 887 258
679 258 831 380
678 380 831 502
599 751 762 875
591 875 759 1000
586 626 764 751
577 502 783 626
466 258 679 380
464 380 678 502
349 502 577 626
320 626 586 751
312 751 599 875
303 875 591 1000
0 875 303 1000
0 751 312 875
0 626 320 751
0 502 349 626
0 380 464 502
0 258 466 380
0 134 738 258
0 0 1000 134
997 409 1000 534
992 409 997 534
982 650 1000 767
981 409 992 534
978 883 1000 1000
976 159 1000 284
966 534 1000 650
965 767 1000 883
944 883 978 1000
941 650 982 767
924 534 966 650
922 767 965 883
898 883 944 1000
894 650 941 767
876 534 924 650
872 767 922 883
844 883 898 1000
815 650 894 767
733 650 815 767
728 883 844 1000
723 534 876 650
708 767 872 883
541 767 708 883
531 534 723 650
521 883 728 1000
518 650 733 767
308 534 531 650
295 650 518 767
270 883 521 1000
273 767 541 883
0 883 270 1000
0 767 273 883
725 409 981 534
0 650 295 767
0 534 308 650
431 409 725 534
680 159 976 284
0 409 431 534
0 284 501 409
501 284 1000 409
0 159 680 284
0 0 1000 159
993 0 1000 125
992 875 1000 1000
985 125 1000 250
974 125 985 250
973 875 992 1000
971 750 1000 875
969 500 1000 625
968 625 1000 750
966 375 1000 500
956 0 993 125
953 250 1000 375
920 500 969 625
914 875 973 1000
908 750 971 875
898 375 966 500
891 625 968 750
887 125 974 250
866 250 953 375
859 0 956 125
810 750 908 875
806 875 914 1000
797 500 920 625
771 375 898 500
754 125 887 250
744 625 891 750
718 250 866 375
707 0 859 125
598 125 754 250
551 250 718 375
543 375 771 500
518 500 797 625
459 625 744 750
410 875 806 1000
410 750 810 875
0 750 410 875
0 875 410 1000
0 625 459 750
0 500 518 625
0 375 543 500
0 250 551 375
0 125 598 250
0 0 707 125
990 375 1000 500
988 375 990 500
986 625 1000 750
980 0 1000 125
965 625 986 750
941 625 965 750
941 0 980 125
939 375 988 500
938 250 1000 375
937 750 1000 875
927 125 1000 250
846 125 927 250
845 250 938 375
840 0 941 125
836 750 937 875
834 375 939 500
833 625 941 750
833 500 1000 625
828 875 1000 1000
671 125 846 250
670 250 845 375
658 0 840 125
650 375 834 500
638 500 833 625
627 875 828 1000
454 125 671 250
616 625 833 750
619 750 836 875
441 250 670 375
414 375 650 500
399 500 638 625
370 625 616 750
336 750 619 875
323 875 627 1000
0 875 323 1000
0 750 336 875
0 625 370 750
0 500 399 625
0 375 414 500
0 250 441 375
0 125 454 250
0 0 658 125
989 625 1000 750
988 500 1000 625
986 750 1000 875
984 250 1000 375
983 875 1000 1000
971 375 1000 500
968 500 988 625
968 0 1000 125
964 625 989 750
964 125 1000 250
957 250 984 375
959 750 986 875
954 875 983 1000
899 750 959 875
899 500 968 625
885 875 954 1000
882 0 968 125
881 375 971 500
873 625 964 750
844 250 957 375
835 125 964 250
752 375 881 500
703 875 885 1000
682 625 873 750
681 500 899 625
681 750 899 875
653 0 882 125
600 125 835 250
586 250 844 375
494 375 752 500
395 500 681 625
389 625 682 750
376 750 681 875
357 875 703 1000
0 875 357 1000
0 750 376 875
0 625 389 750
0 500 395 625
0 375 494 500
0 250 586 375
0 125 600 250
0 0 653 125
988 375 1000 500
983 625 1000 750
983 250 1000 375
981 0 1000 125
980 875 1000 1000
979 500 1000 625
954 500 979 625
952 250 983 375
950 750 1000 875
943 125 1000 250
929 625 983 750
924 375 988 500
913 0 981 125
883 250 952 375
911 875 980 1000
879 750 950 875
874 500 954 625
862 125 943 250
846 625 929 750
835 375 924 500
801 0 913 125
759 250 883 375
719 625 846 750
706 375 835 500
703 750 879 875
690 500 874 625
686 875 911 1000
627 125 862 250
509 250 759 375
456 375 706 500
423 500 690 625
417 625 719 750
396 750 703 875
360 875 686 1000
0 875 360 1000
0 750 396 875
0 625 417 750
0 500 423 625
0 375 456 500
0 250 509 375
0 125 627 250
0 0 801 125
995 0 1000 125
993 125 1000 250
992 375 1000 500
983 125 993 250
966 125 983 250
961 0 995 125
957 375 992 500
955 250 1000 375
953 625 1000 750
953 500 1000 625
946 875 1000 1000
943 750 1000 875
906 125 966 250
894 375 957 500
884 0 961 125
876 250 955 375
867 875 946 1000
853 750 943 875
853 625 953 750
775 250 876 375
852 500 953 625
770 375 894 500
737 875 867 1000
721 625 853 750
717 750 853 875
689 500 852 625
684 0 884 125
651 125 906 250
512 250 775 375
494 375 770 500
407 500 689 625
405 625 721 750
380 750 717 875
377 875 737 1000
0 875 377 1000
0 750 380 875
0 625 405 750
0 500 407 625
0 375 494 500
0 250 512 375
0 125 651 250
0 0 684 125
994 125 1000 250
991 875 1000 1000
974 875 991 1000
973 0 1000 125
966 500 1000 625
965 625 1000 750
960 125 994 250
962 375 1000 500
958 750 1000 875
953 250 1000 375
909 250 953 375
908 750 958 875
905 500 966 625
896 125 960 250
894 375 962 500
892 625 965 750
890 875 974 1000
880 0 973 125
794 875 890 1000
792 625 892 750
778 0 880 125
772 500 905 625
767 750 908 875
766 250 909 375
747 125 896 250
737 375 894 500
608 0 778 125
569 125 747 250
565 250 766 375
525 375 737 500
506 500 772 625
494 625 792 750
418 750 767 875
416 875 794 1000
0 875 416 1000
0 750 418 875
0 625 494 750
0 500 506 625
0 375 525 500
0 250 565 375
0 125 569 250
0 0 608 125
