991 166 1000 332
965 830 1000 996
955 498 1000 664
900 498 955 664
906 830 965 996
920 664 1000 830
817 498 900 664
823 830 906 996
836 664 920 830
735 830 823 996
743 664 836 830
717 498 817 664
149 498 260 664
143 830 257 996
614 830 735 996
591 498 717 664
617 664 743 830
483 664 617 830
861 0 1000 166
0 664 143 830
0 830 143 996
855 332 1000 498
0 498 149 664
700 332 855 498
143 664 298 830
457 830 614 996
431 498 591 664
260 498 431 664
298 664 483 830
511 332 700 498
257 830 457 996
775 166 991 332
258 332 511 498
0 332 258 498
515 166 775 332
0 166 515 332
0 0 861 166
999 0 1000 166
999 166 1000 332
990 166 999 332
965 830 1000 996
955 498 1000 664
900 498 955 664
906 830 965 996
673 664 749 830
920 0 999 166
920 664 1000 830
817 498 900 664
823 830 906 996
836 664 920 830
749 664 836 830
735 830 823 996
897 332 1000 498
717 498 817 664
568 664 673 830
611 498 717 664
459 664 568 830
614 830 735 996
485 830 614 996
451 498 611 664
252 498 451 664
249 664 459 830
244 830 485 996
0 830 244 996
0 664 249 830
0 498 252 664
624 332 897 498
338 332 624 498
690 166 990 332
0 332 338 498
351 166 690 332
0 166 351 332
511 0 920 166
0 0 511 166
990 332 1000 498
965 830 1000 996
955 498 1000 664
900 498 955 664
940 166 1000 332
906 830 965 996
920 664 1000 830
817 498 900 664
823 830 906 996
836 664 920 830
735 830 823 996
907 0 1000 166
743 664 836 830
717 498 817 664
614 830 735 996
0 664 123 830
591 498 717 664
617 664 743 830
862 332 990 498
483 664 617 830
709 332 862 498
457 830 614 996
431 498 591 664
543 332 709 498
370 332 543 498
123 664 298 830
187 332 370 498
298 664 483 830
0 332 187 498
0 498 431 664
230 830 457 996
0 830 230 996
681 166 940 332
343 166 681 332
0 166 343 332
534 0 907 166
0 0 534 166
996 166 1000 332
992 166 996 332
991 0 1000 166
965 830 1000 996
955 498 1000 664
900 498 955 664
906 830 965 996
682 664 743 830
617 664 682 830
919 166 992 332
920 664 1000 830
817 498 900 664
823 830 906 996
836 664 920 830
529 664 617 830
735 830 823 996
743 664 836 830
401 830 498 996
717 498 817 664
498 830 614 996
614 830 735 996
591 498 717 664
400 664 529 830
431 498 591 664
216 664 400 830
235 498 431 664
202 830 401 996
0 830 202 996
0 664 216 830
0 498 235 664
705 332 1000 498
683 0 991 166
361 332 705 498
0 332 361 498
503 166 919 332
0 166 503 332
0 0 683 166
999 0 1000 166
994 166 1000 332
992 0 999 166
965 830 1000 996
955 498 1000 664
900 498 955 664
938 166 994 332
906 830 965 996
920 664 1000 830
817 498 900 664
823 830 906 996
836 664 920 830
735 830 823 996
743 664 836 830
894 0 992 166
717 498 817 664
614 830 735 996
591 498 717 664
172 664 298 830
617 664 743 830
483 664 617 830
838 332 1000 498
457 830 614 996
431 498 591 664
0 664 172 830
298 664 483 830
645 332 838 498
441 332 645 498
0 498 431 664
223 332 441 498
0 332 223 498
0 830 457 996
658 166 938 332
369 166 658 332
0 166 369 332
502 0 894 166
0 0 502 166
998 0 1000 166
997 166 1000 332
965 830 1000 996
958 332 1000 498
955 498 1000 664
900 498 955 664
906 830 965 996
920 664 1000 830
915 0 998 166
817 498 900 664
823 830 906 996
836 664 920 830
735 830 823 996
743 664 836 830
717 498 817 664
614 830 735 996
591 498 717 664
617 664 743 830
483 664 617 830
177 664 320 830
457 830 614 996
431 498 591 664
320 664 483 830
0 664 177 830
755 332 958 498
225 498 431 664
541 332 755 498
0 498 225 664
230 830 457 996
0 830 230 996
294 332 541 498
740 166 997 332
0 332 294 498
0 166 370 332
370 166 740 332
474 0 915 166
0 0 474 166
993 166 1000 332
980 332 1000 498
979 0 1000 166
965 830 1000 996
955 498 1000 664
900 498 955 664
906 830 965 996
920 664 1000 830
817 498 900 664
823 830 906 996
836 664 920 830
735 830 823 996
903 166 993 332
743 664 836 830
717 498 817 664
614 830 735 996
591 498 717 664
617 664 743 830
849 332 980 498
483 664 617 830
561 332 705 498
705 332 849 498
457 830 614 996
431 498 591 664
399 332 561 498
223 332 399 498
298 664 483 830
225 498 431 664
0 664 298 830
0 332 223 498
0 498 225 664
230 830 457 996
0 830 230 996
717 0 979 166
600 166 903 332
0 166 600 332
0 0 717 166
996 0 1000 166
992 166 1000 332
984 332 1000 498
965 830 1000 996
955 498 1000 664
931 332 984 498
900 498 955 664
906 830 965 996
920 664 1000 830
817 498 900 664
823 830 906 996
836 664 920 830
735 830 823 996
743 664 836 830
717 498 817 664
337 830 458 996
614 830 735 996
591 498 717 664
617 664 743 830
483 664 617 830
192 664 334 830
334 664 483 830
458 830 614 996
431 498 591 664
176 830 337 996
0 830 176 996
0 664 192 830
225 498 431 664
774 166 992 332
0 498 225 664
632 332 931 498
329 332 632 498
684 0 996 166
0 332 329 498
437 166 774 332
0 166 437 332
0 0 684 166
994 332 1000 498
988 0 1000 166
988 166 1000 332
972 332 994 498
965 830 1000 996
955 498 1000 664
725 664 776 830
900 498 955 664
666 664 725 830
906 830 965 996
776 664 836 830
589 664 666 830
920 664 1000 830
817 498 900 664
823 830 906 996
505 664 589 830
836 664 920 830
735 830 823 996
717 498 817 664
614 830 735 996
383 664 505 830
591 498 717 664
250 664 383 830
457 830 614 996
431 498 591 664
265 498 431 664
791 332 972 498
230 830 457 996
0 830 230 996
0 664 250 830
0 498 265 664
689 0 988 166
403 332 791 498
0 332 403 498
564 166 988 332
0 166 564 332
0 0 689 166
996 166 1000 332
988 166 996 332
968 0 1000 166
965 830 1000 996
955 498 1000 664
900 498 955 664
906 830 965 996
920 664 1000 830
817 498 900 664
823 830 906 996
836 664 920 830
735 830 823 996
743 664 836 830
496 498 591 664
400 498 496 664
717 498 817 664
878 166 988 332
340 830 457 996
614 830 735 996
591 498 717 664
617 664 743 830
483 664 617 830
263 498 400 664
340 664 483 830
192 664 340 830
457 830 614 996
174 830 340 996
0 830 174 996
0 664 192 830
762 332 1000 498
0 498 263 664
685 0 968 166
387 332 762 498
0 332 387 498
469 166 878 332
0 166 469 332
0 0 685 166
995 0 1000 166
973 332 1000 498
965 830 1000 996
955 498 1000 664
949 166 1000 332
900 498 955 664
906 830 965 996
920 664 1000 830
817 498 900 664
823 830 906 996
836 664 920 830
735 830 823 996
743 664 836 830
717 498 817 664
614 830 735 996
591 498 717 664
617 664 743 830
483 664 617 830
457 830 614 996
431 498 591 664
803 332 973 498
298 664 483 830
616 332 803 498
428 332 616 498
225 498 431 664
221 332 428 498
0 664 298 830
0 332 221 498
727 166 949 332
504 166 727 332
0 498 225 664
0 830 457 996
759 0 995 166
258 166 504 332
0 166 258 332
464 0 759 166
0 0 464 166
990 0 1000 166
965 830 1000 996
955 498 1000 664
900 498 955 664
906 830 965 996
563 664 642 830
920 664 1000 830
817 498 900 664
823 830 906 996
836 664 920 830
475 664 563 830
735 830 823 996
743 664 836 830
717 498 817 664
642 664 743 830
369 830 472 996
479 498 591 664
354 664 475 830
614 830 735 996
591 498 717 664
347 498 479 664
212 498 347 664
472 830 614 996
205 664 354 830
195 830 369 996
0 830 195 996
0 664 205 830
0 498 212 664
767 166 1000 332
755 332 1000 498
265 332 510 498
510 332 755 498
0 332 265 498
456 166 767 332
613 0 990 166
0 166 456 332
0 0 613 166
999 332 1000 498
991 332 999 498
982 332 991 498
986 166 1000 332
985 0 1000 166
965 830 1000 996
955 498 1000 664
900 498 955 664
906 830 965 996
910 0 985 166
920 664 1000 830
634 498 717 664
817 498 900 664
823 830 906 996
836 664 920 830
737 830 823 996
655 664 743 830
743 664 836 830
717 498 817 664
632 830 737 996
863 166 986 332
481 498 634 664
468 830 632 996
468 664 655 830
253 664 468 830
253 498 481 664
236 830 468 996
0 830 236 996
0 498 253 664
0 664 253 830
676 332 982 498
361 332 676 498
0 332 361 498
497 166 863 332
508 0 910 166
0 166 497 332
0 0 508 166
998 332 1000 498
975 332 998 498
965 830 1000 996
962 0 1000 166
955 498 1000 664
900 498 955 664
918 332 975 498
906 830 965 996
920 664 1000 830
817 498 900 664
823 830 906 996
836 664 920 830
532 664 617 830
735 830 823 996
743 664 836 830
902 166 1000 332
717 498 817 664
424 664 532 830
303 664 424 830
614 830 735 996
178 664 303 830
591 498 717 664
617 664 743 830
457 830 614 996
431 498 591 664
0 664 178 830
726 332 918 498
521 332 726 498
225 498 431 664
0 498 225 664
676 166 902 332
230 830 457 996
0 830 230 996
681 0 962 166
0 332 521 498
0 166 676 332
0 0 681 166
999 166 1000 332
984 332 1000 498
982 166 999 332
965 830 1000 996
955 498 1000 664
900 498 955 664
906 830 965 996
917 166 982 332
920 664 1000 830
817 498 900 664
823 830 906 996
836 664 920 830
735 830 823 996
743 664 836 830
717 498 817 664
881 0 1000 166
614 830 735 996
591 498 717 664
617 664 743 830
483 664 617 830
457 830 614 996
431 498 591 664
298 664 483 830
225 498 431 664
0 664 298 830
0 498 225 664
757 332 984 498
230 830 457 996
529 332 757 498
0 830 230 996
287 332 529 498
0 332 287 498
626 166 917 332
326 166 626 332
0 166 326 332
466 0 881 166
0 0 466 166
997 0 1000 166
962 332 1000 498
968 0 997 166
965 830 1000 996
955 498 1000 664
900 498 955 664
906 830 965 996
920 664 1000 830
817 498 900 664
823 830 906 996
836 664 920 830
735 830 823 996
743 664 836 830
717 498 817 664
898 166 1000 332
614 830 735 996
591 498 717 664
617 664 743 830
483 664 617 830
0 664 148 830
148 664 298 830
457 830 614 996
803 332 962 498
643 332 803 498
431 498 591 664
298 664 483 830
449 332 643 498
243 332 449 498
0 498 431 664
760 0 968 166
0 830 457 996
0 332 243 498
649 166 898 332
336 166 649 332
0 166 336 332
402 0 760 166
0 0 402 166
988 0 1000 166
980 332 1000 498
965 830 1000 996
955 498 1000 664
900 498 955 664
906 830 965 996
920 664 1000 830
817 498 900 664
823 830 906 996
836 664 920 830
735 830 823 996
743 664 836 830
717 498 817 664
614 830 735 996
0 664 124 830
591 498 717 664
617 664 743 830
483 664 617 830
457 830 614 996
431 498 591 664
812 332 980 498
124 664 298 830
634 332 812 498
298 664 483 830
446 332 634 498
795 166 1000 332
225 498 431 664
230 332 446 498
0 498 225 664
230 830 457 996
0 830 230 996
0 332 230 498
545 166 795 332
293 166 545 332
0 166 293 332
631 0 988 166
0 0 631 166
965 830 1000 996
955 498 1000 664
941 0 1000 166
900 498 955 664
906 830 965 996
922 332 1000 498
920 664 1000 830
817 498 900 664
823 830 906 996
836 664 920 830
735 830 823 996
743 664 836 830
717 498 817 664
315 498 431 664
614 830 735 996
591 498 717 664
617 664 743 830
483 664 617 830
180 498 315 664
165 664 305 830
161 830 305 996
305 830 457 996
457 830 614 996
431 498 591 664
0 830 161 996
0 664 165 830
305 664 483 830
0 498 180 664
721 332 922 498
496 332 721 498
270 332 496 498
0 332 270 498
727 166 1000 332
446 166 727 332
0 166 446 332
491 0 941 166
0 0 491 166
995 332 1000 498
965 830 1000 996
955 498 1000 664
730 664 779 830
900 498 955 664
779 664 836 830
906 830 965 996
930 0 1000 166
920 664 1000 830
817 498 900 664
647 664 730 830
823 830 906 996
836 664 920 830
735 830 823 996
717 498 817 664
628 830 735 996
510 830 628 996
591 498 717 664
864 332 995 498
510 664 647 830
357 664 510 830
354 830 510 996
431 498 591 664
186 664 357 830
183 830 354 996
0 830 183 996
0 664 186 830
225 498 431 664
0 498 225 664
757 166 1000 332
582 332 864 498
295 332 582 498
0 332 295 498
460 166 757 332
609 0 930 166
0 166 460 332
0 0 609 166
989 166 1000 332
994 0 1000 166
970 332 1000 498
968 0 994 166
965 830 1000 996
955 498 1000 664
900 498 955 664
906 830 965 996
920 664 1000 830
817 498 900 664
823 830 906 996
836 664 920 830
735 830 823 996
743 664 836 830
717 498 817 664
515 664 617 830
870 166 989 332
614 830 735 996
591 498 717 664
617 664 743 830
380 664 515 830
226 664 380 830
457 830 614 996
431 498 591 664
252 498 431 664
789 332 970 498
0 664 226 830
230 830 457 996
0 830 230 996
0 498 252 664
532 332 789 498
274 332 532 498
0 332 274 498
637 0 968 166
488 166 870 332
0 166 488 332
0 0 637 166
993 0 1000 166
965 830 1000 996
955 498 1000 664
900 498 955 664
906 830 965 996
924 166 1000 332
920 664 1000 830
817 498 900 664
823 830 906 996
836 664 920 830
735 830 823 996
743 664 836 830
717 498 817 664
876 332 1000 498
614 830 735 996
591 498 717 664
617 664 743 830
483 664 617 830
150 664 298 830
0 664 150 830
457 830 614 996
431 498 591 664
708 332 876 498
531 332 708 498
298 664 483 830
795 0 993 166
225 498 431 664
0 498 225 664
230 830 457 996
0 830 230 996
285 332 531 498
0 332 285 498
635 166 924 332
318 166 635 332
0 166 318 332
436 0 795 166
0 0 436 166
998 0 1000 166
997 166 1000 332
963 332 1000 498
965 830 1000 996
955 498 1000 664
900 498 955 664
906 830 965 996
920 664 1000 830
917 0 998 166
817 498 900 664
823 830 906 996
836 664 920 830
735 830 823 996
743 664 836 830
717 498 817 664
614 830 735 996
591 498 717 664
617 664 743 830
483 664 617 830
809 332 963 498
457 830 614 996
431 498 591 664
643 332 809 498
476 332 643 498
820 166 997 332
298 664 483 830
225 498 431 664
0 664 298 830
0 498 225 664
230 830 457 996
0 830 230 996
246 332 476 498
0 332 246 498
497 166 820 332
550 0 917 166
0 166 497 332
0 0 550 166
987 332 1000 498
965 830 1000 996
955 498 1000 664
900 498 955 664
906 830 965 996
698 664 760 830
933 166 1000 332
623 664 698 830
760 664 836 830
920 664 1000 830
542 664 623 830
817 498 900 664
823 830 906 996
836 664 920 830
735 830 823 996
900 0 1000 166
717 498 817 664
614 830 735 996
591 498 717 664
405 664 542 830
457 830 614 996
431 498 591 664
221 664 405 830
787 332 987 498
225 498 431 664
0 664 221 830
0 498 225 664
560 332 787 498
230 830 457 996
0 830 230 996
286 332 560 498
0 332 286 498
644 166 933 332
345 166 644 332
0 166 345 332
478 0 900 166
0 0 478 166
996 332 1000 498
965 830 1000 996
955 498 1000 664
951 166 1000 332
900 498 955 664
906 830 965 996
920 664 1000 830
817 498 900 664
823 830 906 996
836 664 920 830
735 830 823 996
512 498 603 664
743 664 836 830
717 498 817 664
517 664 617 830
895 0 1000 166
603 498 717 664
614 830 735 996
617 664 743 830
386 664 517 830
380 498 512 664
243 498 380 664
238 664 386 830
457 830 614 996
796 332 996 498
230 830 457 996
0 830 230 996
0 664 238 830
0 498 243 664
534 332 796 498
270 332 534 498
0 332 270 498
672 166 951 332
390 166 672 332
0 166 390 332
453 0 895 166
0 0 453 166
996 0 1000 166
995 166 1000 332
965 830 1000 996
959 166 995 332
955 498 1000 664
900 498 955 664
906 830 965 996
920 664 1000 830
817 498 900 664
823 830 906 996
836 664 920 830
914 332 1000 498
735 830 823 996
743 664 836 830
717 498 817 664
614 830 735 996
591 498 717 664
617 664 743 830
483 664 617 830
842 0 996 166
457 830 614 996
431 498 591 664
743 332 914 498
560 332 743 498
298 664 483 830
225 498 431 664
0 664 298 830
0 498 225 664
230 830 457 996
0 830 230 996
0 332 280 498
280 332 560 498
673 166 959 332
359 166 673 332
0 166 359 332
469 0 842 166
0 0 469 166
984 166 1000 332
965 830 1000 996
955 498 1000 664
900 498 955 664
906 830 965 996
920 664 1000 830
817 498 900 664
823 830 906 996
836 664 920 830
735 830 823 996
743 664 836 830
258 830 354 996
898 332 1000 498
717 498 817 664
354 830 457 996
614 830 735 996
591 498 717 664
617 664 743 830
169 664 298 830
0 830 129 996
129 830 258 996
483 664 617 830
457 830 614 996
431 498 591 664
0 664 169 830
713 332 898 498
298 664 483 830
513 332 713 498
225 498 431 664
300 332 513 498
0 498 225 664
734 166 984 332
0 332 300 498
391 166 734 332
0 166 391 332
542 0 1000 166
0 0 542 166
993 0 1000 166
972 166 1000 332
965 830 1000 996
955 498 1000 664
920 166 972 332
900 498 955 664
906 830 965 996
920 664 1000 830
817 498 900 664
823 830 906 996
836 664 920 830
735 830 823 996
743 664 836 830
717 498 817 664
882 332 1000 498
614 830 735 996
591 498 717 664
617 664 743 830
351 664 483 830
483 664 617 830
197 664 351 830
457 830 614 996
431 498 591 664
826 0 993 166
0 664 197 830
0 498 431 664
673 332 882 498
462 332 673 498
239 332 462 498
230 830 457 996
0 830 230 996
0 332 239 498
660 166 920 332
381 166 660 332
0 166 381 332
434 0 826 166
0 0 434 166
997 166 1000 332
980 332 1000 498
973 0 1000 166
965 830 1000 996
955 498 1000 664
943 166 997 332
900 498 955 664
906 830 965 996
920 664 1000 830
817 498 900 664
823 830 906 996
836 664 920 830
735 830 823 996
743 664 836 830
717 498 817 664
865 0 973 166
614 830 735 996
591 498 717 664
617 664 743 830
483 664 617 830
457 830 614 996
431 498 591 664
806 332 980 498
298 664 483 830
240 498 431 664
0 664 298 830
230 830 457 996
0 830 230 996
0 498 240 664
542 332 806 498
275 332 542 498
0 332 275 498
657 166 943 332
362 166 657 332
0 166 362 332
455 0 865 166
0 0 455 166
988 0 1000 166
973 166 1000 332
947 166 973 332
965 830 1000 996
955 498 1000 664
900 498 955 664
906 830 965 996
932 332 1000 498
920 664 1000 830
817 498 900 664
823 830 906 996
836 664 920 830
735 830 823 996
743 664 836 830
717 498 817 664
614 830 735 996
591 498 717 664
617 664 743 830
802 332 932 498
483 664 617 830
661 332 802 498
514 332 661 498
457 830 614 996
356 332 514 498
431 498 591 664
182 332 356 498
0 332 182 498
0 664 483 830
759 166 947 332
0 498 431 664
0 830 457 996
516 166 759 332
740 0 988 166
268 166 516 332
0 166 268 332
444 0 740 166
0 0 444 166
992 0 1000 166
982 0 987 166
987 0 992 166
966 166 1000 332
965 830 1000 996
948 332 1000 498
955 498 1000 664
900 498 955 664
906 830 965 996
920 664 1000 830
817 498 900 664
823 830 906 996
836 664 920 830
735 830 823 996
743 664 836 830
717 498 817 664
614 830 735 996
591 498 717 664
617 664 743 830
483 664 617 830
457 830 614 996
431 498 591 664
785 332 948 498
427 332 606 498
606 332 785 498
0 664 483 830
241 332 427 498
777 166 966 332
0 498 431 664
771 0 982 166
0 830 457 996
536 166 777 332
0 332 241 498
284 166 536 332
0 166 284 332
459 0 771 166
0 0 459 166
