995 0 1000 1000
993 0 995 1000
952 0 993 1000
890 0 952 1000
667 0 890 1000
0 0 667 1000
983 0 1000 1000
975 0 983 1000
932 0 975 1000
702 0 932 1000
357 0 702 1000
0 0 357 1000
926 0 1000 1000
794 0 926 1000
648 0 794 1000
481 0 648 1000
283 0 481 1000
0 0 283 1000
972 0 1000 1000
950 0 972 1000
920 0 950 1000
866 0 920 1000
440 0 866 1000
0 0 440 1000
964 0 1000 1000
925 0 964 1000
799 0 925 1000
619 0 799 1000
435 0 619 1000
0 0 435 1000
937 0 1000 1000
871 0 937 1000
801 0 871 1000
625 0 801 1000
337 0 625 1000
0 0 337 1000
983 0 1000 1000
952 0 983 1000
864 0 952 1000
739 0 864 1000
563 0 739 1000
0 0 563 1000
960 0 1000 1000
915 0 960 1000
789 0 915 1000
644 0 789 1000
415 0 644 1000
0 0 415 1000
964 0 1000 1000
926 0 964 1000
725 0 926 1000
498 0 725 1000
255 0 498 1000
0 0 255 1000
968 0 1000 1000
844 0 968 1000
578 0 711 1000
711 0 844 1000
406 0 578 1000
0 0 406 1000
988 0 1000 1000
974 0 988 1000
823 0 974 1000
596 0 823 1000
337 0 596 1000
0 0 337 1000
976 0 1000 1000
893 0 976 1000
795 0 893 1000
686 0 795 1000
400 0 686 1000
0 0 400 1000
969 0 1000 1000
873 0 969 1000
737 0 873 1000
565 0 737 1000
302 0 565 1000
0 0 302 1000
977 0 1000 1000
913 0 977 1000
824 0 913 1000
687 0 824 1000
456 0 687 1000
0 0 456 1000
982 0 1000 1000
915 0 982 1000
786 0 915 1000
590 0 786 1000
330 0 590 1000
0 0 330 1000
955 0 1000 1000
883 0 955 1000
784 0 883 1000
594 0 784 1000
0 0 297 1000
297 0 594 1000
942 0 1000 1000
887 0 942 1000
824 0 887 1000
742 0 824 1000
552 0 742 1000
0 0 552 1000
955 0 1000 1000
907 0 955 1000
812 0 907 1000
591 0 812 1000
346 0 591 1000
0 0 346 1000
978 0 1000 1000
867 0 978 1000
725 0 867 1000
548 0 725 1000
293 0 548 1000
0 0 293 1000
985 0 1000 1000
959 0 985 1000
836 0 959 1000
650 0 836 1000
346 0 650 1000
0 0 346 1000
992 0 1000 1000
919 0 992 1000
750 0 919 1000
539 0 750 1000
282 0 539 1000
0 0 282 1000
944 0 1000 1000
876 0 944 1000
770 0 876 1000
635 0 770 1000
432 0 635 1000
0 0 432 1000
984 0 1000 1000
967 0 984 1000
844 0 967 1000
695 0 844 1000
497 0 695 1000
0 0 497 1000
