999 142 1000 284
985 142 999 284
950 0 1000 142
945 568 1000 710
941 710 1000 852
881 568 945 710
935 852 1000 994
874 710 941 852
527 710 606 852
552 852 631 994
606 710 688 852
470 852 552 994
442 710 527 852
787 710 874 852
465 568 553 710
352 710 442 852
844 852 935 994
786 568 881 710
748 852 844 994
688 710 787 852
885 426 1000 568
677 568 786 710
349 568 465 710
631 852 748 994
553 568 677 710
217 568 349 710
338 852 470 994
216 710 352 852
171 852 338 994
0 852 171 994
0 710 216 852
0 568 217 710
651 426 885 568
739 284 1000 426
367 426 651 568
640 0 950 142
0 426 367 568
370 284 739 426
0 284 370 426
520 142 985 284
0 142 520 284
0 0 640 142
974 284 1000 426
992 0 1000 142
945 568 1000 710
941 710 1000 852
881 568 945 710
935 852 1000 994
874 710 941 852
912 426 1000 568
787 710 874 852
844 852 935 994
786 568 881 710
748 852 844 994
688 710 787 852
677 568 786 710
631 852 748 994
871 0 992 142
553 568 677 710
505 852 631 994
561 710 688 852
363 852 505 994
598 426 755 568
755 426 912 568
815 284 974 426
393 710 561 852
378 568 553 710
0 568 178 710
0 852 363 994
0 710 393 852
804 142 1000 284
400 426 598 568
201 426 400 568
178 568 378 710
0 426 201 568
411 284 613 426
613 284 815 426
207 284 411 426
0 284 207 426
594 142 804 284
367 142 594 284
0 142 367 284
445 0 871 142
0 0 445 142
945 568 1000 710
942 284 1000 426
941 710 1000 852
935 142 1000 284
881 568 945 710
935 852 1000 994
874 710 941 852
497 568 570 710
495 710 576 852
787 710 874 852
844 852 935 994
402 568 497 710
786 568 881 710
748 852 844 994
688 710 787 852
391 710 495 852
297 568 402 710
570 568 677 710
398 852 505 994
677 568 786 710
289 852 398 994
281 710 391 852
576 710 688 852
183 568 297 710
631 852 748 994
160 710 281 852
505 852 631 994
159 852 289 994
0 852 159 994
0 710 160 852
0 568 183 710
795 426 1000 568
571 426 795 568
693 284 942 426
322 426 571 568
0 426 322 568
365 284 693 426
0 284 365 426
569 142 935 284
581 0 1000 142
0 142 569 284
0 0 581 142
995 142 1000 284
983 0 1000 142
955 426 1000 568
945 568 1000 710
941 710 1000 852
881 568 945 710
935 852 1000 994
916 0 983 142
874 710 941 852
787 710 874 852
844 852 935 994
786 568 881 710
748 852 844 994
688 710 787 852
677 568 786 710
631 852 748 994
873 284 1000 426
553 568 677 710
505 852 631 994
561 710 688 852
363 852 505 994
0 852 170 994
393 710 561 852
780 426 955 568
378 568 553 710
603 426 780 568
0 568 178 710
413 426 603 568
170 852 363 994
199 710 393 852
0 710 199 852
178 568 378 710
208 426 413 568
0 426 208 568
623 284 873 426
694 142 995 284
312 284 623 426
0 284 312 426
352 142 694 284
0 142 352 284
546 0 916 142
0 0 546 142
963 142 1000 284
954 426 1000 568
945 568 1000 710
941 710 1000 852
881 568 945 710
935 852 1000 994
874 710 941 852
787 710 874 852
844 852 935 994
786 568 881 710
748 852 844 994
265 852 363 994
688 710 787 852
677 568 786 710
152 568 263 710
263 568 378 710
151 710 267 852
631 852 748 994
553 568 677 710
267 710 393 852
139 852 265 994
505 852 631 994
561 710 688 852
865 284 1000 426
0 852 139 994
363 852 505 994
0 710 151 852
0 568 152 710
799 426 954 568
393 710 561 852
624 426 799 568
378 568 553 710
816 0 1000 142
433 426 624 568
223 426 433 568
0 426 223 568
617 284 865 426
368 284 617 426
0 284 368 426
575 142 963 284
0 142 575 284
0 0 816 142
996 142 1000 284
994 426 1000 568
982 426 994 568
979 142 996 284
945 568 1000 710
941 710 1000 852
881 568 945 710
935 852 1000 994
874 710 941 852
476 852 554 994
554 852 632 994
787 710 874 852
844 852 935 994
786 568 881 710
748 852 844 994
688 710 787 852
458 710 565 852
457 568 565 710
677 568 786 710
348 710 458 852
565 568 677 710
343 568 457 710
883 284 1000 426
632 852 748 994
565 710 688 852
339 852 476 994
854 0 1000 142
188 568 343 710
178 852 339 994
178 710 348 852
0 710 178 852
0 852 178 994
0 568 188 710
791 426 982 568
553 426 791 568
300 426 553 568
0 426 300 568
522 284 883 426
539 142 979 284
0 284 522 426
0 142 539 284
0 0 854 142
989 142 1000 284
945 568 1000 710
941 710 1000 852
935 426 1000 568
881 568 945 710
935 852 1000 994
874 710 941 852
677 852 748 994
598 568 677 710
596 852 677 994
787 710 874 852
844 852 935 994
786 568 881 710
748 852 844 994
688 710 787 852
496 852 596 994
495 568 598 710
677 568 786 710
885 284 1000 426
561 710 688 852
369 852 496 994
351 568 495 710
206 568 351 710
840 0 1000 142
393 710 561 852
186 852 369 994
0 852 186 994
199 710 393 852
0 710 199 852
0 568 206 710
728 426 935 568
513 426 728 568
761 142 989 284
266 426 513 568
0 426 266 568
616 284 885 426
321 284 616 426
0 284 321 426
398 142 761 284
0 142 398 284
432 0 840 142
0 0 432 142
999 142 1000 284
995 142 999 284
994 284 1000 426
989 0 1000 142
944 142 995 284
945 568 1000 710
732 710 787 852
941 710 1000 852
933 284 994 426
881 568 945 710
935 852 1000 994
874 710 941 852
730 568 800 710
915 426 1000 568
800 568 881 710
787 710 874 852
641 710 732 852
844 852 935 994
748 852 844 994
625 568 730 710
631 852 748 994
520 710 641 852
502 568 625 710
395 710 520 852
376 568 502 710
505 852 631 994
363 852 505 994
225 568 376 710
220 710 395 852
0 852 181 994
181 852 363 994
0 710 220 852
0 568 225 710
661 426 915 568
400 426 661 568
627 142 944 284
643 0 989 142
0 426 400 568
494 284 933 426
0 284 494 426
0 142 627 284
0 0 643 142
999 284 1000 426
997 284 999 426
994 426 1000 568
982 142 1000 284
949 426 994 568
945 568 1000 710
692 852 748 994
941 710 1000 852
881 568 945 710
935 852 1000 994
874 710 941 852
623 852 692 994
787 710 874 852
599 710 688 852
844 852 935 994
786 568 881 710
748 852 844 994
688 710 787 852
515 852 623 994
677 568 786 710
490 710 599 852
553 568 677 710
388 852 515 994
357 710 490 852
199 710 357 852
208 568 378 710
378 568 553 710
197 852 388 994
0 852 197 994
0 710 199 852
0 568 208 710
734 426 949 568
780 284 997 426
506 426 734 568
764 0 1000 142
265 426 506 568
0 426 265 568
395 284 780 426
0 284 395 426
586 142 982 284
0 142 586 284
0 0 764 142
998 0 1000 142
996 142 1000 284
990 284 1000 426
945 568 1000 710
941 710 1000 852
932 426 1000 568
517 710 578 852
881 568 945 710
935 852 1000 994
874 710 941 852
927 0 998 142
492 568 571 710
787 710 874 852
844 852 935 994
786 568 881 710
748 852 844 994
688 710 787 852
416 710 517 852
571 568 677 710
677 568 786 710
578 710 688 852
376 568 492 710
300 710 416 852
388 852 505 994
631 852 748 994
268 852 388 994
178 710 300 852
505 852 631 994
140 852 268 994
0 852 140 994
855 142 996 284
0 710 178 852
810 284 990 426
625 284 810 426
642 142 855 284
665 0 927 142
0 568 376 710
517 426 932 568
0 426 517 568
0 284 625 426
0 142 642 284
0 0 665 142
967 284 1000 426
958 426 1000 568
949 0 1000 142
945 568 1000 710
941 710 1000 852
881 568 945 710
935 852 1000 994
874 710 941 852
787 710 874 852
844 852 935 994
786 568 881 710
748 852 844 994
302 568 401 710
688 710 787 852
677 568 786 710
631 852 748 994
553 568 677 710
176 568 302 710
505 852 631 994
561 710 688 852
363 852 505 994
401 568 553 710
0 852 170 994
393 710 561 852
0 568 176 710
598 426 778 568
778 426 958 568
416 426 598 568
170 852 363 994
199 710 393 852
801 142 1000 284
0 710 199 852
211 426 416 568
0 426 211 568
752 284 967 426
515 284 752 426
269 284 515 426
0 284 269 426
469 142 801 284
537 0 949 142
0 142 469 284
0 0 537 142
996 284 1000 426
982 142 1000 284
980 426 1000 568
715 852 767 994
945 568 1000 710
732 710 787 852
941 710 1000 852
881 568 945 710
935 852 1000 994
874 710 941 852
927 0 1000 142
656 710 732 852
767 852 844 994
636 852 715 994
787 710 874 852
844 852 935 994
786 568 881 710
559 710 656 852
677 568 786 710
516 852 636 994
553 568 677 710
420 568 553 710
845 426 980 568
395 710 559 852
352 852 516 994
250 568 420 710
221 710 395 852
178 852 352 994
0 852 178 994
0 710 221 852
0 568 250 710
584 426 845 568
720 142 982 284
303 426 584 568
0 426 303 568
668 284 996 426
337 284 668 426
0 284 337 426
378 142 720 284
0 142 378 284
481 0 927 142
0 0 481 142
999 426 1000 568
996 142 1000 284
982 142 996 284
984 0 1000 142
969 284 1000 426
945 568 1000 710
941 710 1000 852
881 568 945 710
935 852 1000 994
874 710 941 852
926 426 999 568
507 710 588 852
787 710 874 852
844 852 935 994
786 568 881 710
748 852 844 994
688 710 787 852
588 710 688 852
677 568 786 710
631 852 748 994
553 568 677 710
505 852 631 994
363 852 505 994
360 710 507 852
195 710 360 852
210 568 378 710
190 852 363 994
378 568 553 710
0 852 190 994
0 710 195 852
0 568 210 710
766 142 982 284
754 0 984 142
666 426 926 568
687 284 969 426
341 426 666 568
0 426 341 568
345 284 687 426
0 284 345 426
0 142 383 284
383 142 766 284
0 0 754 142
999 0 1000 142
992 0 999 142
980 284 1000 426
945 568 1000 710
939 426 1000 568
941 710 1000 852
881 568 945 710
935 852 1000 994
874 710 941 852
787 710 874 852
844 852 935 994
786 568 881 710
748 852 844 994
688 710 787 852
402 852 505 994
295 852 402 994
677 568 786 710
631 852 748 994
553 568 677 710
505 852 631 994
561 710 688 852
149 852 295 994
0 852 149 994
393 710 561 852
818 0 992 142
378 568 553 710
0 568 178 710
199 710 393 852
0 710 199 852
178 568 378 710
736 426 939 568
528 426 736 568
309 426 528 568
713 142 1000 284
0 426 309 568
669 284 980 426
340 284 669 426
0 284 340 426
358 142 713 284
0 142 358 284
419 0 818 142
0 0 419 142
998 0 1000 142
994 0 998 142
991 426 1000 568
989 142 1000 284
945 568 1000 710
941 710 1000 852
881 568 945 710
935 852 1000 994
874 710 941 852
787 710 874 852
844 852 935 994
786 568 881 710
748 852 844 994
688 710 787 852
884 426 991 568
677 568 786 710
882 0 994 142
631 852 748 994
553 568 677 710
505 852 631 994
561 710 688 852
363 852 505 994
734 426 884 568
575 426 734 568
0 852 170 994
393 710 561 852
403 426 575 568
378 568 553 710
0 568 178 710
816 284 1000 426
216 426 403 568
170 852 363 994
0 710 393 852
178 568 378 710
0 426 216 568
556 284 816 426
291 284 556 426
0 284 291 426
695 142 989 284
381 142 695 284
0 142 381 284
0 0 882 142
994 142 1000 284
980 0 1000 142
941 284 1000 426
945 568 1000 710
941 710 1000 852
881 568 945 710
935 852 1000 994
874 710 941 852
787 710 874 852
567 852 656 994
844 852 935 994
656 852 748 994
786 568 881 710
748 852 844 994
688 710 787 852
466 852 567 994
454 568 561 710
677 568 786 710
561 568 677 710
561 710 688 852
320 568 454 710
855 142 994 284
319 852 466 994
171 568 320 710
160 852 319 994
0 852 160 994
393 710 561 852
0 568 171 710
633 426 814 568
814 426 1000 568
447 426 633 568
199 710 393 852
250 426 447 568
0 710 199 852
0 426 250 568
681 284 941 426
371 284 681 426
0 284 371 426
464 142 855 284
583 0 980 142
0 142 464 284
0 0 583 142
994 0 1000 142
975 426 1000 568
945 568 1000 710
941 710 1000 852
713 852 775 994
881 568 945 710
935 852 1000 994
874 710 941 852
775 852 844 994
641 852 713 994
917 0 994 142
564 852 641 994
787 710 874 852
844 852 935 994
786 568 881 710
688 710 787 852
463 852 564 994
458 568 564 710
677 568 786 710
450 710 562 852
564 568 677 710
334 710 450 852
562 710 688 852
331 568 458 710
330 852 463 994
194 568 331 710
179 710 334 852
174 852 330 994
0 852 174 994
0 710 179 852
0 568 194 710
763 426 975 568
542 426 763 568
750 284 1000 426
275 426 542 568
0 426 275 568
389 284 750 426
0 284 389 426
527 0 917 142
518 142 1000 284
0 142 518 284
0 0 527 142
996 0 1000 142
991 284 1000 426
954 284 991 426
945 568 1000 710
941 710 1000 852
881 568 945 710
935 852 1000 994
934 426 1000 568
874 710 941 852
787 710 874 852
844 852 935 994
786 568 881 710
748 852 844 994
688 710 787 852
677 568 786 710
631 852 748 994
553 568 677 710
505 852 631 994
561 710 688 852
363 852 505 994
789 426 934 568
849 0 996 142
636 426 789 568
393 710 561 852
378 568 553 710
0 568 178 710
812 142 1000 284
0 852 363 994
199 710 393 852
0 710 199 852
178 568 378 710
425 426 636 568
213 426 425 568
0 426 213 568
729 284 954 426
490 284 729 426
247 284 490 426
0 284 247 426
408 142 812 284
0 142 408 284
430 0 849 142
0 0 430 142
994 0 1000 142
981 142 1000 284
945 568 1000 710
937 426 1000 568
941 710 1000 852
881 568 945 710
935 852 1000 994
929 284 1000 426
874 710 941 852
787 710 874 852
844 852 935 994
786 568 881 710
748 852 844 994
125 568 223 710
120 710 219 852
688 710 787 852
677 568 786 710
631 852 748 994
0 710 120 852
553 568 677 710
0 568 125 710
505 852 631 994
561 710 688 852
805 426 937 568
670 426 805 568
528 426 670 568
363 852 505 994
374 426 528 568
223 568 378 710
0 852 170 994
393 710 561 852
200 426 374 568
219 710 393 852
378 568 553 710
170 852 363 994
0 426 200 568
689 284 929 426
380 284 689 426
0 284 380 426
511 142 981 284
0 142 511 284
0 0 994 142
996 0 1000 142
992 284 1000 426
956 142 1000 284
608 852 655 994
945 568 1000 710
630 710 688 852
941 710 1000 852
569 710 630 852
506 710 569 852
881 568 945 710
931 0 996 142
935 852 1000 994
874 710 941 852
591 568 677 710
787 710 874 852
844 852 935 994
499 568 591 710
655 852 748 994
786 568 881 710
748 852 844 994
688 710 787 852
677 568 786 710
492 852 608 994
375 710 506 852
366 568 499 710
358 852 492 994
230 568 366 710
227 710 375 852
183 852 358 994
0 852 183 994
799 284 992 426
795 426 1000 568
0 710 227 852
0 568 230 710
550 426 795 568
282 426 550 568
0 426 282 568
647 142 956 284
434 284 799 426
0 284 434 426
0 142 647 284
0 0 931 142
999 142 1000 284
995 0 1000 142
960 284 1000 426
945 568 1000 710
938 0 995 142
941 710 1000 852
685 852 748 994
881 568 945 710
935 852 1000 994
874 710 941 852
611 852 685 994
916 426 1000 568
787 710 874 852
844 852 935 994
786 568 881 710
748 852 844 994
688 710 787 852
512 852 611 994
677 568 786 710
399 852 512 994
291 710 409 852
288 568 407 710
278 852 399 994
166 568 288 710
553 568 677 710
561 710 688 852
162 710 291 852
148 852 278 994
407 568 553 710
0 852 148 994
409 710 561 852
0 710 162 852
0 568 166 710
714 426 916 568
721 0 938 142
400 426 714 568
683 142 999 284
0 426 400 568
541 284 960 426
0 284 541 426
0 142 683 284
0 0 721 142
982 284 1000 426
982 0 1000 142
974 142 1000 284
957 426 1000 568
945 568 1000 710
941 710 1000 852
881 568 945 710
935 852 1000 994
874 710 941 852
787 710 874 852
844 852 935 994
786 568 881 710
748 852 844 994
688 710 787 852
677 568 786 710
631 852 748 994
553 568 677 710
505 852 631 994
561 710 688 852
0 852 505 994
810 426 957 568
662 426 810 568
510 426 662 568
357 426 510 568
823 284 982 426
393 710 561 852
378 568 553 710
179 426 357 568
0 426 179 568
631 284 823 426
0 710 393 852
436 284 631 426
0 568 378 710
224 284 436 426
0 284 224 426
743 142 974 284
510 142 743 284
259 142 510 284
0 142 259 284
706 0 982 142
427 0 706 142
0 0 427 142
997 142 1000 284
983 284 1000 426
945 568 1000 710
940 426 1000 568
941 710 1000 852
881 568 945 710
935 852 1000 994
874 710 941 852
608 710 688 852
787 710 874 852
844 852 935 994
786 568 881 710
748 852 844 994
688 710 787 852
677 568 786 710
491 710 608 852
631 852 748 994
882 0 1000 142
553 568 677 710
505 852 631 994
349 710 491 852
363 852 505 994
195 710 349 852
211 568 378 710
191 852 363 994
810 284 983 426
378 568 553 710
0 852 191 994
0 710 195 852
0 568 211 710
778 142 997 284
717 426 940 568
488 426 717 568
248 426 488 568
0 426 248 568
559 284 810 426
304 284 559 426
0 284 304 426
453 142 778 284
553 0 882 142
0 142 453 284
0 0 553 142
995 0 1000 142
992 0 995 142
988 0 992 142
983 0 988 142
945 568 1000 710
941 710 1000 852
881 568 945 710
935 852 1000 994
874 710 941 852
787 710 874 852
844 852 935 994
786 568 881 710
748 852 844 994
688 710 787 852
677 568 786 710
631 852 748 994
866 426 1000 568
868 284 1000 426
553 568 677 710
505 852 631 994
561 710 688 852
363 852 505 994
0 852 170 994
700 426 866 568
533 426 700 568
365 426 533 568
393 710 561 852
192 426 365 568
378 568 553 710
0 426 192 568
170 852 363 994
0 710 393 852
788 0 983 142
0 568 378 710
583 284 868 426
292 284 583 426
0 284 292 426
664 142 1000 284
335 142 664 284
0 142 335 284
450 0 788 142
0 0 450 142
992 142 1000 284
667 568 711 710
945 568 1000 710
941 710 1000 852
937 0 1000 142
933 426 1000 568
881 568 945 710
935 852 1000 994
874 710 941 852
595 852 664 994
711 568 786 710
591 568 667 710
509 568 591 710
513 852 595 994
507 710 591 852
664 852 748 994
907 142 992 284
787 710 874 852
844 852 935 994
786 568 881 710
748 852 844 994
412 568 509 710
591 710 688 852
688 710 787 852
402 710 507 852
879 284 1000 426
385 852 513 994
280 568 412 710
261 710 402 852
214 852 385 994
0 852 214 994
0 710 261 852
0 568 280 710
626 426 933 568
315 426 626 568
0 426 315 568
550 284 879 426
565 142 907 284
592 0 937 142
0 284 550 426
0 142 565 284
0 0 592 142
994 142 1000 284
996 0 1000 142
981 284 1000 426
967 284 981 426
952 284 967 426
980 0 996 142
967 142 994 284
948 0 980 142
945 568 1000 710
941 710 1000 852
881 568 945 710
934 426 1000 568
935 852 1000 994
874 710 941 852
787 710 874 852
844 852 935 994
786 568 881 710
748 852 844 994
688 710 787 852
677 568 786 710
631 852 748 994
553 568 677 710
505 852 631 994
561 710 688 852
363 852 505 994
393 710 561 852
378 568 553 710
0 852 363 994
0 710 393 852
0 568 378 710
721 426 934 568
504 426 721 568
273 426 504 568
732 142 967 284
0 426 273 568
652 284 952 426
331 284 652 426
0 284 331 426
378 142 732 284
0 142 378 284
555 0 948 142
0 0 555 142
994 142 1000 284
946 0 1000 142
945 568 1000 710
941 710 1000 852
881 568 945 710
935 852 1000 994
874 710 941 852
627 710 703 852
543 710 627 852
703 710 787 852
787 710 874 852
540 852 631 994
844 852 935 994
484 568 576 710
447 852 540 994
786 568 881 710
748 852 844 994
446 710 543 852
576 568 677 710
381 568 484 710
342 852 447 994
888 142 994 284
677 568 786 710
631 852 748 994
328 710 446 852
260 568 381 710
195 710 328 852
194 852 342 994
835 426 1000 568
0 852 194 994
0 710 195 852
0 568 260 710
570 426 835 568
733 284 1000 426
288 426 570 568
0 426 288 568
372 284 733 426
0 284 372 426
572 0 946 142
446 142 888 284
0 142 446 284
0 0 572 142
997 284 1000 426
994 142 1000 284
985 284 997 426
977 0 1000 142
945 568 1000 710
941 710 1000 852
881 568 945 710
935 852 1000 994
874 710 941 852
283 852 363 994
787 710 874 852
844 852 935 994
786 568 881 710
748 852 844 994
888 284 985 426
688 710 787 852
677 568 786 710
631 852 748 994
553 568 677 710
505 852 631 994
561 710 688 852
145 852 283 994
363 852 505 994
0 852 145 994
847 426 1000 568
393 710 561 852
378 568 553 710
663 426 847 568
199 710 393 852
0 710 199 852
0 568 378 710
444 426 663 568
0 426 222 568
222 426 444 568
766 142 994 284
622 284 888 426
339 284 622 426
0 284 339 426
390 142 766 284
0 142 390 284
499 0 977 142
0 0 499 142
996 0 1000 142
963 142 1000 284
945 568 1000 710
941 710 1000 852
881 568 945 710
935 852 1000 994
874 710 941 852
574 852 643 994
917 0 996 142
787 710 874 852
844 852 935 994
469 568 562 710
786 568 881 710
748 852 844 994
688 710 787 852
643 852 748 994
677 568 786 710
579 710 688 852
562 568 677 710
449 710 579 852
441 852 574 994
330 568 469 710
310 710 449 852
301 852 441 994
184 568 330 710
162 710 310 852
151 852 301 994
0 852 151 994
0 710 162 852
809 426 1000 568
0 568 184 710
619 426 809 568
418 426 619 568
216 426 418 568
0 426 216 568
756 284 1000 426
437 284 756 426
580 0 917 142
0 284 437 426
502 142 963 284
0 142 502 284
0 0 580 142
994 0 1000 142
961 426 1000 568
945 568 1000 710
941 710 1000 852
738 568 798 710
676 568 738 710
881 568 945 710
935 852 1000 994
874 710 941 852
924 0 994 142
675 852 755 994
798 568 881 710
787 710 874 852
588 852 675 994
755 852 844 994
844 852 935 994
583 568 676 710
484 568 583 710
688 710 787 852
469 710 576 852
576 710 688 852
468 852 588 994
359 568 484 710
343 852 468 994
343 710 469 852
212 568 359 710
844 142 1000 284
185 710 343 852
180 852 343 994
0 852 180 994
0 710 185 852
0 568 212 710
765 284 1000 426
703 426 961 568
355 426 703 568
0 426 355 568
397 284 765 426
0 284 397 426
433 142 844 284
0 142 433 284
479 0 924 142
0 0 479 142
997 284 1000 426
980 142 1000 284
961 0 1000 142
955 426 1000 568
945 568 1000 710
941 710 1000 852
881 568 945 710
935 852 1000 994
874 710 941 852
787 710 874 852
844 852 935 994
786 568 881 710
748 852 844 994
688 710 787 852
677 568 786 710
887 284 997 426
631 852 748 994
553 568 677 710
505 852 631 994
561 710 688 852
363 852 505 994
0 852 170 994
393 710 561 852
378 568 553 710
778 426 955 568
0 568 178 710
595 426 778 568
170 852 363 994
401 426 595 568
199 710 393 852
205 426 401 568
0 710 199 852
178 568 378 710
0 426 205 568
749 142 980 284
717 0 961 142
600 284 887 426
308 284 600 426
0 284 308 426
431 142 749 284
0 142 431 284
0 0 717 142
988 284 1000 426
979 0 1000 142
971 426 1000 568
580 852 631 994
945 568 1000 710
941 710 1000 852
517 852 580 994
881 568 945 710
935 852 1000 994
874 710 941 852
787 710 874 852
844 852 935 994
786 568 881 710
748 852 844 994
688 710 787 852
412 852 517 994
333 568 442 710
677 568 786 710
312 710 421 852
442 568 553 710
298 852 412 994
631 852 748 994
209 568 333 710
553 568 677 710
188 710 312 852
172 852 298 994
561 710 688 852
833 426 971 568
421 710 561 852
0 852 172 994
0 710 188 852
0 568 209 710
595 426 833 568
301 426 595 568
0 426 301 568
686 284 988 426
377 284 686 426
628 0 979 142
0 284 377 426
512 142 1000 284
0 142 512 284
0 0 628 142
995 0 1000 142
992 284 1000 426
951 0 995 142
702 852 753 994
945 568 1000 710
941 710 1000 852
641 710 702 852
639 852 702 994
881 568 945 710
935 852 1000 994
874 710 941 852
925 426 1000 568
717 568 786 710
638 568 717 710
555 852 639 994
702 710 787 852
787 710 874 852
753 852 844 994
844 852 935 994
786 568 881 710
541 568 638 710
537 710 641 852
440 852 555 994
407 710 537 852
405 568 541 710
262 568 405 710
261 710 407 852
228 852 440 994
0 852 228 994
0 710 261 852
0 568 262 710
725 142 1000 284
643 426 925 568
335 426 643 568
682 284 992 426
0 426 335 568
342 284 682 426
0 284 342 426
365 142 725 284
0 142 365 284
555 0 951 142
0 0 555 142
998 142 1000 284
995 142 998 284
996 426 1000 568
983 284 1000 426
972 0 1000 142
945 568 1000 710
941 710 1000 852
934 426 996 568
881 568 945 710
935 852 1000 994
874 710 941 852
787 710 874 852
844 852 935 994
786 568 881 710
748 852 844 994
688 710 787 852
677 568 786 710
307 568 423 710
631 852 748 994
553 568 677 710
505 852 631 994
561 710 688 852
423 568 553 710
175 568 307 710
848 284 983 426
363 852 505 994
0 852 170 994
393 710 561 852
0 568 175 710
742 426 934 568
170 852 363 994
199 710 393 852
0 710 199 852
515 426 742 568
275 426 515 568
0 426 275 568
561 284 848 426
600 0 972 142
573 142 995 284
0 284 561 426
0 142 573 284
0 0 600 142
997 284 1000 426
996 0 1000 142
945 568 1000 710
941 710 1000 852
881 568 945 710
935 852 1000 994
874 710 941 852
928 284 997 426
926 0 996 142
787 710 874 852
844 852 935 994
786 568 881 710
748 852 844 994
688 710 787 852
677 568 786 710
285 710 394 852
631 852 748 994
553 568 677 710
505 852 631 994
561 710 688 852
153 710 285 852
864 426 1000 568
363 852 505 994
0 710 153 852
0 852 170 994
394 710 561 852
378 568 553 710
0 568 178 710
677 426 864 568
170 852 363 994
483 426 677 568
178 568 378 710
260 426 483 568
774 142 1000 284
0 426 260 568
653 284 928 426
361 284 653 426
0 284 361 426
410 142 774 284
0 142 410 284
492 0 926 142
0 0 492 142
998 0 1000 142
988 426 1000 568
966 0 998 142
934 426 988 568
945 568 1000 710
938 284 1000 426
941 710 1000 852
881 568 945 710
935 852 1000 994
874 710 941 852
693 852 763 994
763 852 844 994
787 710 874 852
844 852 935 994
694 710 787 852
786 568 881 710
594 852 693 994
593 710 694 852
486 710 593 852
677 568 786 710
481 852 594 994
553 568 677 710
347 710 486 852
338 852 481 994
193 710 347 852
222 568 378 710
178 852 338 994
378 568 553 710
0 852 178 994
0 710 193 852
0 568 222 710
710 426 934 568
476 426 710 568
240 426 476 568
0 426 240 568
697 284 938 426
435 284 697 426
649 0 966 142
0 284 435 426
527 142 1000 284
0 142 527 284
0 0 649 142
971 142 1000 284
954 284 1000 426
945 568 1000 710
941 0 1000 142
941 710 1000 852
881 568 945 710
934 426 1000 568
935 852 1000 994
874 710 941 852
787 710 874 852
844 852 935 994
786 568 881 710
748 852 844 994
534 852 631 994
688 710 787 852
454 710 561 852
450 568 558 710
426 852 534 994
677 568 786 710
341 710 454 852
631 852 748 994
331 568 450 710
558 568 677 710
306 852 426 994
561 710 688 852
200 568 331 710
198 710 341 852
161 852 306 994
0 852 161 994
0 710 198 852
0 568 200 710
731 426 934 568
500 426 731 568
256 426 500 568
0 426 256 568
651 284 954 426
334 284 651 426
0 284 334 426
548 0 941 142
496 142 971 284
0 142 496 284
0 0 548 142
995 0 1000 142
991 426 1000 568
990 142 1000 284
979 426 991 568
982 0 995 142
963 142 990 284
944 284 1000 426
945 568 1000 710
941 710 1000 852
881 568 945 710
935 852 1000 994
874 710 941 852
787 710 874 852
844 852 935 994
786 568 881 710
748 852 844 994
688 710 787 852
677 568 786 710
631 852 748 994
553 568 677 710
505 852 631 994
561 710 688 852
363 852 505 994
832 426 979 568
393 710 561 852
0 568 553 710
806 0 982 142
0 852 363 994
0 710 393 852
637 426 832 568
429 426 637 568
217 426 429 568
0 426 217 568
504 284 724 426
724 284 944 426
264 284 504 426
0 284 264 426
695 142 963 284
378 142 695 284
0 142 378 284
410 0 806 142
0 0 410 142
995 142 1000 284
990 0 1000 142
945 568 1000 710
941 710 1000 852
881 568 945 710
935 852 1000 994
874 710 941 852
583 852 657 994
787 710 874 852
495 852 583 994
657 852 748 994
844 852 935 994
401 852 495 994
786 568 881 710
748 852 844 994
688 710 787 852
677 568 786 710
875 0 990 142
553 568 677 710
561 710 688 852
861 426 1000 568
396 568 553 710
393 710 561 852
817 284 1000 426
205 710 393 852
205 568 396 710
202 852 401 994
0 852 202 994
0 568 205 710
0 710 205 852
654 426 861 568
443 426 654 568
226 426 443 568
0 426 226 568
560 284 817 426
283 284 560 426
0 284 283 426
699 142 995 284
357 142 699 284
0 142 357 284
479 0 875 142
0 0 479 142
991 0 1000 142
991 426 1000 568
978 142 1000 284
961 284 1000 426
939 0 991 142
945 568 1000 710
941 710 1000 852
881 568 945 710
935 852 1000 994
874 710 941 852
787 710 874 852
844 852 935 994
786 568 881 710
748 852 844 994
688 710 787 852
677 568 786 710
260 852 370 994
631 852 748 994
553 568 677 710
505 852 631 994
561 710 688 852
131 852 260 994
0 852 131 994
370 852 505 994
855 426 991 568
820 284 961 426
393 710 561 852
378 568 553 710
663 426 855 568
0 710 393 852
465 426 663 568
0 568 378 710
261 426 465 568
757 142 978 284
559 284 820 426
0 426 261 568
288 284 559 426
0 284 288 426
442 142 757 284
622 0 939 142
0 142 442 284
0 0 622 142
999 0 1000 142
994 0 999 142
982 284 1000 426
974 0 994 142
945 568 1000 710
941 710 1000 852
881 568 945 710
935 852 1000 994
874 710 941 852
897 284 982 426
912 142 1000 284
787 710 874 852
844 852 935 994
786 568 881 710
748 852 844 994
688 710 787 852
677 568 786 710
631 852 748 994
553 568 677 710
505 852 631 994
561 710 688 852
363 852 505 994
854 426 1000 568
0 852 170 994
393 710 561 852
378 568 553 710
0 568 181 710
662 426 854 568
170 852 363 994
199 710 393 852
181 568 378 710
0 710 199 852
444 426 662 568
224 426 444 568
0 426 224 568
663 284 897 426
698 0 974 142
338 284 663 426
0 284 338 426
461 142 912 284
0 142 461 284
0 0 698 142
992 426 1000 568
990 284 1000 426
992 142 1000 284
945 568 1000 710
941 710 1000 852
881 568 945 710
935 852 1000 994
874 710 941 852
920 142 992 284
787 710 874 852
844 852 935 994
786 568 881 710
748 852 844 994
688 710 787 852
677 568 786 710
882 0 1000 142
631 852 748 994
553 568 677 710
505 852 631 994
561 710 688 852
246 568 379 710
370 852 505 994
210 852 370 994
823 284 990 426
225 710 393 852
393 710 561 852
379 568 553 710
0 852 210 994
0 710 225 852
763 426 992 568
0 568 246 710
512 426 763 568
260 426 512 568
0 426 260 568
555 284 823 426
279 284 555 426
0 284 279 426
633 142 920 284
326 142 633 284
0 142 326 284
547 0 882 142
0 0 547 142
987 142 1000 284
979 142 987 284
936 142 979 284
954 0 1000 142
945 568 1000 710
941 710 1000 852
881 568 945 710
935 852 1000 994
874 710 941 852
787 710 874 852
844 852 935 994
786 568 881 710
748 852 844 994
688 710 787 852
677 568 786 710
310 568 425 710
631 852 748 994
276 710 395 852
876 426 1000 568
553 568 677 710
185 568 310 710
505 852 631 994
149 710 276 852
561 710 688 852
425 568 553 710
363 852 505 994
0 710 149 852
841 284 1000 426
0 852 170 994
395 710 561 852
0 568 185 710
170 852 363 994
673 426 876 568
459 426 673 568
243 426 459 568
0 426 243 568
635 142 936 284
641 0 954 142
443 284 841 426
0 284 443 426
0 142 635 284
0 0 641 142
990 0 1000 142
979 284 1000 426
945 568 1000 710
941 710 1000 852
881 568 945 710
935 852 1000 994
874 710 941 852
787 710 874 852
844 852 935 994
284 568 378 710
786 568 881 710
748 852 844 994
688 710 787 852
891 426 1000 568
257 852 363 994
677 568 786 710
631 852 748 994
166 568 284 710
151 710 270 852
270 710 393 852
134 852 257 994
553 568 677 710
505 852 631 994
561 710 688 852
0 852 134 994
363 852 505 994
0 710 151 852
0 568 166 710
393 710 561 852
378 568 553 710
712 426 891 568
516 426 712 568
293 426 516 568
743 142 1000 284
0 426 293 568
674 284 979 426
360 284 674 426
383 142 743 284
0 284 360 426
0 142 383 284
511 0 990 142
0 0 511 142
998 142 1000 284
989 284 1000 426
966 142 998 284
945 0 1000 142
944 426 1000 568
945 568 1000 710
941 710 1000 852
881 568 945 710
935 852 1000 994
874 710 941 852
921 284 989 426
787 710 874 852
844 852 935 994
786 568 881 710
748 852 844 994
688 710 787 852
677 568 786 710
631 852 748 994
553 568 677 710
505 852 631 994
561 710 688 852
832 142 966 284
363 852 505 994
0 852 170 994
393 710 561 852
378 568 553 710
0 568 178 710
170 852 363 994
199 710 393 852
0 710 199 852
178 568 378 710
730 426 944 568
493 426 730 568
253 426 493 568
0 426 253 568
624 284 921 426
313 284 624 426
0 284 313 426
420 142 832 284
0 142 420 284
478 0 945 142
0 0 478 142
994 0 1000 142
985 142 1000 284
962 0 994 142
950 426 1000 568
945 568 1000 710
941 710 1000 852
881 568 945 710
935 852 1000 994
874 710 941 852
919 284 1000 426
787 710 874 852
844 852 935 994
786 568 881 710
748 852 844 994
688 710 787 852
583 710 688 852
475 710 583 852
677 568 786 710
631 852 748 994
355 710 475 852
553 568 677 710
505 852 631 994
363 852 505 994
207 710 355 852
220 568 378 710
823 142 985 284
190 852 363 994
378 568 553 710
0 852 190 994
0 710 207 852
0 568 220 710
728 426 950 568
505 426 728 568
274 426 505 568
0 426 274 568
632 284 919 426
318 284 632 426
0 284 318 426
446 142 823 284
0 142 446 284
488 0 962 142
0 0 488 142
991 142 1000 284
961 284 1000 426
945 0 1000 142
945 568 1000 710
941 710 1000 852
881 568 945 710
935 852 1000 994
874 710 941 852
421 852 505 994
335 852 421 994
787 710 874 852
844 852 935 994
786 568 881 710
748 852 844 994
688 710 787 852
856 284 961 426
677 568 786 710
631 852 748 994
553 568 677 710
505 852 631 994
561 710 688 852
171 852 335 994
393 710 561 852
830 426 1000 568
0 852 171 994
378 568 553 710
192 568 378 710
0 568 192 710
199 710 393 852
438 426 634 568
634 426 830 568
0 710 199 852
221 426 438 568
0 426 221 568
592 284 856 426
725 142 991 284
304 284 592 426
0 284 304 426
368 142 725 284
0 142 368 284
478 0 945 142
0 0 478 142
