980 0 1000 250
559 500 607 750
940 250 1000 500
939 500 1000 750
545 750 616 1000
483 500 559 750
921 750 1000 1000
838 750 921 1000
461 750 545 1000
888 0 980 250
847 500 939 750
745 750 838 1000
607 500 715 750
616 750 745 1000
715 500 847 750
260 500 483 750
233 750 461 1000
0 750 233 1000
0 500 260 750
550 0 888 250
480 250 940 500
0 250 480 500
0 0 550 250
981 0 1000 250
536 500 587 750
939 500 1000 750
526 750 596 1000
461 500 536 750
921 750 1000 1000
443 750 526 1000
838 750 921 1000
375 500 461 750
903 250 1000 500
847 500 939 750
745 750 838 1000
587 500 715 750
313 750 443 1000
715 500 847 750
242 500 375 750
168 750 313 1000
596 750 745 1000
0 750 168 1000
0 500 242 750
624 250 903 500
0 250 624 500
0 0 981 250
999 0 1000 250
995 0 997 250
997 0 999 250
983 250 1000 500
939 500 1000 750
921 750 1000 1000
838 750 921 1000
847 500 939 750
745 750 838 1000
872 0 995 250
715 500 847 750
587 750 745 1000
289 500 449 750
406 750 587 1000
0 750 201 1000
201 750 406 1000
449 500 715 750
0 500 289 750
659 250 983 500
332 250 659 500
0 250 332 500
460 0 872 250
0 0 460 250
991 0 1000 250
971 0 991 250
939 500 1000 750
921 750 1000 1000
838 750 921 1000
847 500 939 750
745 750 838 1000
871 0 971 250
635 750 745 1000
715 500 847 750
859 250 1000 500
489 750 635 1000
349 500 503 750
332 750 489 1000
190 500 349 750
168 750 332 1000
0 750 168 1000
0 500 190 750
503 500 715 750
650 0 871 250
459 250 859 500
0 250 459 500
0 0 650 250
996 0 1000 250
952 0 996 250
939 500 1000 750
921 750 1000 1000
561 750 644 1000
838 750 921 1000
847 500 939 750
745 750 838 1000
489 500 586 750
390 500 489 750
644 750 745 1000
286 500 390 750
586 500 715 750
715 500 847 750
818 0 952 250
743 250 1000 500
285 750 561 1000
0 750 285 1000
0 500 286 750
398 250 743 500
0 250 398 500
410 0 818 250
0 0 410 250
999 0 1000 250
997 250 1000 500
972 0 999 250
967 250 997 500
939 500 1000 750
585 750 662 1000
888 250 967 500
921 750 1000 1000
662 750 745 1000
838 750 921 1000
628 500 715 750
847 500 939 750
745 750 838 1000
504 500 628 750
715 500 847 750
420 750 585 1000
254 750 420 1000
787 0 972 250
0 750 254 1000
621 250 888 500
0 500 504 750
0 250 621 500
0 0 787 250
947 250 1000 500
794 750 849 1000
939 500 1000 750
722 750 794 1000
849 750 921 1000
921 750 1000 1000
662 500 746 750
847 500 939 750
626 750 722 1000
746 500 847 750
559 500 662 750
514 750 626 1000
414 500 559 750
359 750 514 1000
254 500 414 750
181 750 359 1000
0 750 181 1000
0 500 254 750
668 250 947 500
337 250 668 500
0 250 337 500
649 0 1000 250
0 0 649 250
997 0 1000 250
992 0 997 250
954 250 1000 500
939 500 1000 750
925 0 992 250
763 750 838 1000
921 750 1000 1000
838 750 921 1000
847 500 939 750
657 750 763 1000
715 500 847 750
524 750 657 1000
359 750 524 1000
295 500 465 750
188 750 359 1000
0 750 188 1000
733 250 954 500
465 500 715 750
0 500 295 750
374 250 733 500
0 250 374 500
515 0 925 250
0 0 515 250
985 250 1000 500
977 0 1000 250
935 250 985 500
939 500 1000 750
921 750 1000 1000
838 750 921 1000
847 500 939 750
745 750 838 1000
429 500 537 750
311 500 429 750
190 500 311 750
715 500 847 750
587 750 745 1000
537 500 715 750
406 750 587 1000
0 500 190 750
0 750 201 1000
201 750 406 1000
718 250 935 500
488 250 718 500
726 0 977 250
0 250 488 500
0 0 726 250
996 250 1000 500
993 250 996 500
995 0 1000 250
983 0 995 250
735 500 789 750
789 500 847 750
939 500 1000 750
661 500 735 750
921 750 1000 1000
838 750 921 1000
847 500 939 750
745 750 838 1000
561 500 661 750
541 750 641 1000
641 750 745 1000
431 500 561 750
297 750 541 1000
704 0 983 250
0 750 297 1000
655 250 993 500
0 500 431 750
0 250 655 500
0 0 704 250
986 0 1000 250
966 250 1000 500
939 500 1000 750
889 250 966 500
509 750 587 1000
921 750 1000 1000
838 750 921 1000
900 0 986 250
847 500 939 750
745 750 838 1000
715 500 847 750
371 750 509 1000
201 500 350 750
587 750 745 1000
199 750 371 1000
0 750 199 1000
0 500 201 750
683 250 889 500
472 250 683 500
678 0 900 250
350 500 715 750
0 250 472 500
0 0 678 250
997 0 998 250
998 0 1000 250
991 0 997 250
967 250 1000 500
961 0 991 250
939 500 1000 750
921 750 1000 1000
838 750 921 1000
847 500 939 750
745 750 838 1000
715 500 847 750
689 250 828 500
828 250 967 500
548 250 689 500
813 0 961 250
587 750 745 1000
406 750 587 1000
620 0 813 250
0 750 201 1000
201 750 406 1000
0 500 715 750
0 250 548 500
0 0 620 250
983 250 1000 500
980 0 1000 250
939 500 1000 750
688 500 757 750
921 750 1000 1000
838 750 921 1000
757 500 847 750
847 500 939 750
745 750 838 1000
589 500 688 750
479 750 589 1000
461 500 589 750
840 0 980 250
589 750 745 1000
280 500 461 750
248 750 479 1000
0 750 248 1000
725 250 983 500
0 500 280 750
385 250 725 500
0 250 385 500
422 0 840 250
0 0 422 250
990 0 1000 250
979 0 990 250
950 250 1000 500
944 0 979 250
939 500 1000 750
921 750 1000 1000
838 750 921 1000
847 500 939 750
745 750 838 1000
715 500 847 750
587 750 745 1000
219 500 387 750
406 750 587 1000
0 750 406 1000
0 500 219 750
729 250 950 500
498 250 729 500
266 250 498 500
0 250 266 500
675 0 944 250
387 500 715 750
344 0 675 250
0 0 344 250
976 0 1000 250
660 500 715 750
620 750 679 1000
939 500 1000 750
559 750 620 1000
679 750 745 1000
921 750 1000 1000
838 750 921 1000
847 500 939 750
745 750 838 1000
558 500 660 750
444 500 558 750
861 0 976 250
715 500 847 750
418 750 559 1000
268 500 444 750
212 750 418 1000
0 750 212 1000
0 500 268 750
533 0 861 250
513 250 1000 500
0 250 513 500
0 0 533 250
971 250 1000 500
939 500 1000 750
917 0 1000 250
921 750 1000 1000
838 750 921 1000
847 500 939 750
745 750 838 1000
336 750 446 1000
715 500 847 750
324 500 465 750
446 750 587 1000
182 500 324 750
178 750 336 1000
587 750 745 1000
0 750 178 1000
0 500 182 750
777 250 971 500
530 250 777 500
280 250 530 500
465 500 715 750
0 250 280 500
634 0 917 250
0 0 634 250
939 0 1000 250
939 500 1000 750
526 500 594 750
457 500 526 750
921 750 1000 1000
838 750 921 1000
367 500 457 750
847 500 939 750
745 750 838 1000
900 250 1000 500
594 500 715 750
328 750 455 1000
715 500 847 750
455 750 587 1000
225 500 367 750
587 750 745 1000
0 750 164 1000
164 750 328 1000
0 500 225 750
711 0 939 250
559 250 900 500
0 250 559 500
0 0 711 250
975 250 1000 500
939 500 1000 750
910 250 975 500
501 500 566 750
921 750 1000 1000
838 750 921 1000
847 500 939 750
745 750 838 1000
407 500 501 750
715 500 847 750
861 0 1000 250
566 500 715 750
587 750 745 1000
234 500 407 750
406 750 587 1000
0 750 201 1000
201 750 406 1000
0 500 234 750
673 250 910 500
401 250 673 500
0 250 401 500
443 0 861 250
0 0 443 250
984 0 1000 250
939 500 1000 750
921 750 1000 1000
662 750 745 1000
838 750 921 1000
575 750 662 1000
847 500 939 750
745 750 838 1000
416 500 539 750
715 500 847 750
853 250 1000 500
412 750 575 1000
539 500 715 750
222 500 416 750
216 750 412 1000
0 750 216 1000
0 500 222 750
740 0 984 250
587 250 853 500
302 250 587 500
0 250 302 500
435 0 740 250
0 0 435 250
997 250 1000 500
964 0 1000 250
939 500 1000 750
673 750 748 1000
770 500 847 750
921 750 1000 1000
838 750 921 1000
748 750 838 1000
847 500 939 750
670 500 770 750
573 750 673 1000
557 500 670 750
453 750 573 1000
428 500 557 750
281 500 428 750
280 750 453 1000
792 250 997 500
0 750 280 1000
0 500 281 750
509 250 792 500
631 0 964 250
0 250 509 500
0 0 631 250
