997 333 998 666
998 333 1000 666
979 333 997 666
974 666 1000 999
946 666 974 999
913 666 946 999
870 666 913 999
823 666 870 999
513 666 562 999
769 666 823 999
562 666 624 999
698 666 769 999
624 666 698 999
924 0 1000 333
434 666 513 999
351 666 434 999
262 666 351 999
155 666 262 999
852 333 979 666
0 666 155 999
692 333 852 666
519 333 692 666
261 333 519 666
0 333 261 666
662 0 924 333
359 0 662 333
0 0 359 333
989 0 1000 333
974 666 1000 999
946 666 974 999
913 666 946 999
683 666 717 999
647 666 683 999
870 666 913 999
955 333 1000 666
823 666 870 999
717 666 769 999
769 666 823 999
585 666 647 999
509 666 585 999
431 666 509 999
908 0 989 333
335 666 431 999
238 666 335 999
122 666 238 999
0 666 122 999
821 333 955 666
686 333 821 666
517 333 686 666
308 333 517 666
697 0 908 333
0 333 308 666
358 0 697 333
0 0 358 333
995 0 1000 333
983 0 995 333
974 666 1000 999
946 666 974 999
913 666 946 999
870 666 913 999
823 666 870 999
769 666 823 999
924 333 1000 666
698 666 769 999
624 666 698 999
547 666 624 999
456 666 547 999
112 666 221 999
0 666 112 999
221 666 335 999
335 666 456 999
792 333 924 666
650 333 792 666
507 333 650 666
349 333 507 666
187 333 349 666
0 333 187 666
791 0 983 333
596 0 791 333
316 0 596 333
0 0 316 333
997 0 1000 333
974 666 1000 999
946 666 974 999
913 666 946 999
870 666 913 999
823 666 870 999
769 666 823 999
938 333 1000 666
698 666 769 999
261 666 335 999
624 666 698 999
547 666 624 999
180 666 261 999
94 666 180 999
456 666 547 999
0 666 94 999
841 333 938 666
730 333 841 666
613 333 730 666
335 666 456 999
353 333 483 666
483 333 613 666
861 0 997 333
190 333 353 666
0 333 190 666
621 0 861 333
0 0 621 333
999 0 1000 333
999 333 1000 666
974 666 1000 999
946 666 974 999
913 666 946 999
870 666 913 999
823 666 870 999
769 666 823 999
934 0 999 333
698 666 769 999
926 333 999 666
624 666 698 999
547 666 624 999
840 333 926 666
0 666 90 999
456 666 547 999
738 333 840 666
625 333 738 666
214 666 335 999
335 666 456 999
90 666 214 999
351 333 488 666
488 333 625 666
192 333 351 666
0 333 192 666
539 0 934 333
0 0 539 333
994 0 1000 333
980 333 1000 666
974 666 1000 999
946 666 974 999
913 666 946 999
870 666 913 999
823 666 870 999
769 666 823 999
698 666 769 999
907 333 980 666
624 666 698 999
547 666 624 999
819 333 907 666
0 666 90 999
456 666 547 999
723 333 819 666
620 333 723 666
512 333 620 666
399 333 512 666
214 666 335 999
335 666 456 999
90 666 214 999
237 333 399 666
789 0 994 333
0 333 237 666
446 0 789 333
0 0 446 333
995 0 1000 333
993 333 1000 666
974 666 1000 999
946 666 974 999
913 666 946 999
870 666 913 999
823 666 870 999
769 666 823 999
182 666 249 999
698 666 769 999
624 666 698 999
547 666 624 999
96 666 182 999
249 666 335 999
905 0 995 333
456 666 547 999
0 666 96 999
892 333 993 666
335 666 456 999
762 333 892 666
623 333 762 666
291 333 457 666
457 333 623 666
718 0 905 333
0 333 291 666
361 0 718 333
0 0 361 333
997 0 1000 333
991 333 1000 666
978 0 997 333
974 666 1000 999
946 666 974 999
913 666 946 999
939 0 978 333
870 666 913 999
823 666 870 999
769 666 823 999
698 666 769 999
624 666 698 999
547 666 624 999
456 666 547 999
895 333 991 666
792 333 895 666
675 333 792 666
214 666 335 999
335 666 456 999
0 666 214 999
542 333 675 666
366 333 542 666
188 333 366 666
0 333 188 666
708 0 939 333
357 0 708 333
0 0 357 333
989 0 1000 333
975 0 982 333
982 0 989 333
974 666 1000 999
946 666 974 999
913 666 946 999
870 666 913 999
823 666 870 999
769 666 823 999
698 666 769 999
624 666 698 999
547 666 624 999
456 666 547 999
900 333 1000 666
796 333 900 666
680 333 796 666
562 333 680 666
0 666 335 999
335 666 456 999
440 333 562 666
315 333 440 666
182 333 315 666
0 333 182 666
797 0 975 333
604 0 797 333
376 0 604 333
0 0 376 333
994 333 1000 666
974 666 1000 999
946 666 974 999
913 666 946 999
870 666 913 999
823 666 870 999
500 666 550 999
447 666 500 999
769 666 823 999
392 666 447 999
335 666 392 999
270 666 335 999
200 666 270 999
698 666 769 999
550 666 624 999
624 666 698 999
120 666 200 999
916 0 1000 333
903 333 994 666
0 666 120 999
782 333 903 666
656 333 782 666
529 333 656 666
387 333 529 666
243 333 387 666
0 333 243 666
0 0 916 333
994 333 1000 666
986 0 1000 333
974 666 1000 999
966 333 994 666
946 666 974 999
913 666 946 999
870 666 913 999
823 666 870 999
769 666 823 999
931 0 986 333
698 666 769 999
624 666 698 999
547 666 624 999
456 666 547 999
865 333 966 666
759 333 865 666
648 333 759 666
0 666 335 999
335 666 456 999
504 333 648 666
355 333 504 666
194 333 355 666
737 0 931 333
0 333 194 666
542 0 737 333
281 0 542 333
0 0 281 333
997 0 1000 333
974 666 1000 999
946 666 974 999
913 666 946 999
870 666 913 999
823 666 870 999
950 333 1000 666
769 666 823 999
698 666 769 999
624 666 698 999
547 666 624 999
910 0 997 333
456 666 547 999
848 333 950 666
745 333 848 666
214 666 335 999
335 666 456 999
0 666 214 999
614 333 745 666
479 333 614 666
336 333 479 666
176 333 336 666
0 333 176 666
690 0 910 333
468 0 690 333
238 0 468 333
0 0 238 333
974 666 1000 999
946 666 974 999
964 333 1000 666
913 666 946 999
870 666 913 999
823 666 870 999
769 666 823 999
698 666 769 999
624 666 698 999
547 666 624 999
873 333 964 666
456 666 547 999
778 333 873 666
676 333 778 666
571 333 676 666
886 0 1000 333
214 666 335 999
335 666 456 999
0 666 214 999
444 333 571 666
306 333 444 666
155 333 306 666
731 0 886 333
0 333 155 666
566 0 731 333
315 0 566 333
0 0 315 333
987 333 1000 666
984 0 1000 333
974 666 1000 999
946 666 974 999
913 666 946 999
870 666 913 999
823 666 870 999
769 666 823 999
698 666 769 999
624 666 698 999
547 666 624 999
0 666 90 999
456 666 547 999
893 333 987 666
791 333 893 666
687 333 791 666
870 0 984 333
214 666 335 999
335 666 456 999
90 666 214 999
554 333 687 666
393 333 554 666
228 333 393 666
0 333 228 666
592 0 870 333
311 0 592 333
0 0 311 333
999 0 1000 333
997 0 999 333
994 0 997 333
974 666 1000 999
946 666 974 999
913 666 946 999
870 666 913 999
823 666 870 999
951 333 1000 666
769 666 823 999
698 666 769 999
624 666 698 999
547 666 624 999
456 666 547 999
0 666 97 999
834 333 951 666
97 666 214 999
713 333 834 666
214 666 335 999
335 666 456 999
563 333 713 666
411 333 563 666
211 333 411 666
0 333 211 666
754 0 994 333
447 0 754 333
0 0 447 333
999 0 1000 333
996 0 999 333
974 666 1000 999
946 666 974 999
913 666 946 999
870 666 913 999
823 666 870 999
769 666 823 999
941 0 996 333
927 333 1000 666
698 666 769 999
624 666 698 999
547 666 624 999
456 666 547 999
819 333 927 666
705 333 819 666
0 666 335 999
335 666 456 999
583 333 705 666
459 333 583 666
334 333 459 666
189 333 334 666
0 333 189 666
729 0 941 333
513 0 729 333
296 0 513 333
0 0 296 333
974 666 1000 999
946 666 974 999
913 666 946 999
586 666 628 999
870 666 913 999
542 666 586 999
823 666 870 999
948 333 1000 666
769 666 823 999
482 666 542 999
419 666 482 999
349 666 419 999
628 666 698 999
698 666 769 999
277 666 349 999
189 666 277 999
97 666 189 999
0 666 97 999
748 333 848 666
848 333 948 666
630 333 748 666
511 333 630 666
858 0 1000 333
287 333 511 666
0 333 287 666
545 0 858 333
0 0 545 333
991 0 995 333
995 0 1000 333
985 0 991 333
974 666 1000 999
946 666 974 999
913 666 946 999
870 666 913 999
823 666 870 999
769 666 823 999
921 333 1000 666
698 666 769 999
624 666 698 999
547 666 624 999
456 666 547 999
822 333 921 666
713 333 822 666
599 333 713 666
0 666 335 999
335 666 456 999
477 333 599 666
325 333 477 666
170 333 325 666
0 333 170 666
788 0 985 333
573 0 788 333
351 0 573 333
0 0 351 333
974 666 1000 999
946 666 974 999
913 666 946 999
870 666 913 999
823 666 870 999
769 666 823 999
698 666 769 999
926 333 1000 666
624 666 698 999
547 666 624 999
456 666 547 999
826 333 926 666
0 666 100 999
892 0 1000 333
100 666 214 999
710 333 826 666
592 333 710 666
214 666 335 999
335 666 456 999
449 333 592 666
157 333 303 666
303 333 449 666
0 333 157 666
711 0 892 333
508 0 711 333
295 0 508 333
0 0 295 333
998 0 1000 333
974 666 1000 999
946 666 974 999
913 666 946 999
963 333 1000 666
870 666 913 999
823 666 870 999
769 666 823 999
698 666 769 999
624 666 698 999
547 666 624 999
456 666 547 999
871 333 963 666
890 0 998 333
214 666 335 999
335 666 456 999
0 666 214 999
744 333 871 666
614 333 744 666
470 333 614 666
323 333 470 666
162 333 323 666
0 333 162 666
713 0 890 333
513 0 713 333
294 0 513 333
0 0 294 333
988 333 1000 666
974 666 1000 999
946 666 974 999
913 666 946 999
870 666 913 999
823 666 870 999
769 666 823 999
421 666 483 999
483 666 547 999
698 666 769 999
624 666 698 999
547 666 624 999
908 333 988 666
326 666 421 999
224 666 326 999
113 666 224 999
0 666 113 999
792 333 908 666
538 333 665 666
665 333 792 666
395 333 538 666
209 333 395 666
799 0 1000 333
0 333 209 666
568 0 799 333
315 0 568 333
0 0 315 333
996 0 1000 333
982 0 996 333
974 666 1000 999
946 666 974 999
913 666 946 999
870 666 913 999
955 333 1000 666
823 666 870 999
769 666 823 999
698 666 769 999
624 666 698 999
547 666 624 999
873 333 955 666
0 666 90 999
456 666 547 999
768 333 873 666
546 333 657 666
657 333 768 666
429 333 546 666
214 666 335 999
335 666 456 999
90 666 214 999
279 333 429 666
789 0 982 333
0 333 279 666
396 0 789 333
0 0 396 333
998 0 1000 333
995 0 998 333
983 333 1000 666
973 0 995 333
974 666 1000 999
946 666 974 999
913 666 946 999
870 666 913 999
823 666 870 999
769 666 823 999
921 333 983 666
698 666 769 999
624 666 698 999
897 0 973 333
547 666 624 999
456 666 547 999
214 666 335 999
335 666 456 999
0 666 214 999
774 333 921 666
600 333 774 666
425 333 600 666
215 333 425 666
0 333 215 666
640 0 897 333
380 0 640 333
0 0 380 333
997 0 1000 333
990 333 1000 666
974 0 997 333
974 666 1000 999
946 666 974 999
913 666 946 999
956 333 990 666
937 0 974 333
870 666 913 999
823 666 870 999
769 666 823 999
698 666 769 999
624 666 698 999
547 666 624 999
865 333 956 666
456 666 547 999
771 333 865 666
672 333 771 666
0 666 335 999
335 666 456 999
542 333 672 666
396 333 542 666
225 333 396 666
0 333 225 666
695 0 937 333
445 0 695 333
0 0 445 333
974 666 1000 999
946 666 974 999
963 333 1000 666
913 666 946 999
870 666 913 999
53 666 100 999
823 666 870 999
0 666 53 999
769 666 823 999
907 333 963 666
845 333 907 666
774 333 845 666
698 666 769 999
624 666 698 999
547 666 624 999
456 666 547 999
675 333 774 666
568 333 675 666
100 666 214 999
214 666 335 999
335 666 456 999
421 333 568 666
222 333 421 666
792 0 1000 333
0 333 222 666
401 0 792 333
0 0 401 333
998 333 1000 666
974 666 1000 999
946 666 974 999
913 666 946 999
870 666 913 999
823 666 870 999
769 666 823 999
698 666 769 999
624 666 698 999
547 666 624 999
918 333 998 666
834 333 918 666
0 666 90 999
744 333 834 666
456 666 547 999
214 666 335 999
335 666 456 999
621 333 744 666
90 666 214 999
496 333 621 666
359 333 496 666
852 0 1000 333
182 333 359 666
0 333 182 666
640 0 852 333
403 0 640 333
0 0 403 333
988 0 1000 333
974 666 1000 999
946 666 974 999
913 666 946 999
870 666 913 999
823 666 870 999
769 666 823 999
698 666 769 999
624 666 698 999
547 666 624 999
906 333 1000 666
456 666 547 999
793 333 906 666
675 333 793 666
555 333 675 666
214 666 335 999
335 666 456 999
432 333 555 666
0 666 214 999
306 333 432 666
164 333 306 666
0 333 164 666
821 0 988 333
639 0 821 333
451 0 639 333
233 0 451 333
0 0 233 333
