488 500 571 1000
906 500 1000 1000
898 0 1000 500
571 500 692 1000
318 500 488 1000
720 0 898 500
692 500 906 1000
0 500 318 1000
380 0 720 500
0 0 380 500
974 0 1000 500
955 0 974 500
919 0 955 500
906 500 1000 1000
796 0 919 500
692 500 906 1000
0 500 692 1000
536 0 796 500
275 0 536 500
0 0 275 500
906 500 1000 1000
137 500 266 1000
0 500 137 1000
808 0 1000 500
266 500 470 1000
692 500 906 1000
470 500 692 1000
579 0 808 500
342 0 579 500
0 0 342 500
997 0 1000 500
956 0 997 500
879 0 956 500
906 500 1000 1000
700 0 879 500
692 500 906 1000
470 500 692 1000
0 500 470 1000
351 0 700 500
0 0 351 500
947 0 1000 500
906 500 1000 1000
357 500 489 1000
221 500 357 1000
489 500 692 1000
692 500 906 1000
0 500 221 1000
657 0 947 500
366 0 657 500
0 0 366 500
993 0 1000 500
977 0 993 500
906 500 1000 1000
765 0 977 500
692 500 906 1000
470 500 692 1000
542 0 765 500
306 0 542 500
0 500 470 1000
0 0 306 500
973 0 1000 500
951 0 973 500
906 500 1000 1000
822 0 951 500
0 500 209 1000
608 0 822 500
692 500 906 1000
470 500 692 1000
209 500 470 1000
0 0 608 500
974 0 1000 500
906 500 1000 1000
807 0 974 500
0 500 209 1000
615 0 807 500
401 0 615 500
692 500 906 1000
470 500 692 1000
209 500 470 1000
0 0 401 500
993 0 1000 500
920 0 993 500
906 500 1000 1000
317 500 472 1000
692 500 906 1000
702 0 920 500
472 500 692 1000
0 500 317 1000
380 0 702 500
0 0 380 500
972 0 1000 500
936 0 972 500
897 0 936 500
828 0 897 500
906 500 1000 1000
692 500 906 1000
470 500 692 1000
0 500 470 1000
462 0 828 500
0 0 462 500
961 0 1000 500
500 500 576 1000
906 500 1000 1000
865 0 961 500
576 500 692 1000
692 500 906 1000
253 500 500 1000
0 500 253 1000
444 0 865 500
0 0 444 500
410 500 500 1000
316 500 410 1000
906 500 1000 1000
212 500 316 1000
813 0 1000 500
500 500 692 1000
0 500 212 1000
692 500 906 1000
552 0 813 500
0 0 552 500
979 0 1000 500
946 0 979 500
906 500 1000 1000
574 500 692 1000
443 500 574 1000
814 0 946 500
246 500 443 1000
692 500 906 1000
0 500 246 1000
0 0 814 500
906 500 1000 1000
370 500 483 1000
866 0 1000 500
231 500 370 1000
483 500 692 1000
692 500 906 1000
0 500 231 1000
625 0 866 500
336 0 625 500
0 0 336 500
