994 0 1000 125
984 250 1000 375
969 500 1000 625
964 625 1000 750
963 875 1000 1000
959 750 1000 875
906 750 959 875
910 875 963 1000
906 625 964 750
933 0 994 125
908 500 969 625
843 875 910 1000
827 750 906 875
816 500 908 625
711 750 827 875
726 875 843 1000
788 625 906 750
387 500 509 625
864 375 1000 500
649 625 788 750
237 500 387 625
509 500 662 625
662 500 816 625
563 875 726 1000
817 125 1000 250
522 750 711 875
362 875 563 1000
444 625 649 750
0 625 216 750
304 750 522 875
0 875 362 1000
216 625 444 750
0 500 237 625
626 375 864 500
0 750 304 875
726 250 984 375
333 375 626 500
0 375 333 500
386 250 726 375
0 250 386 375
414 125 817 250
0 125 414 250
467 0 933 125
0 0 467 125
992 0 996 125
996 0 1000 125
988 375 1000 500
974 125 1000 250
969 500 1000 625
964 625 1000 750
963 875 1000 1000
959 750 1000 875
952 250 1000 375
906 750 959 875
910 875 963 1000
906 625 964 750
908 500 969 625
925 375 988 500
843 875 910 1000
827 750 906 875
816 500 908 625
888 0 992 125
711 750 827 875
726 875 843 1000
788 625 906 750
649 625 788 750
662 500 816 625
501 500 662 625
563 875 726 1000
800 125 974 250
522 750 711 875
362 875 563 1000
0 625 649 750
711 375 925 500
304 750 522 875
491 375 711 500
0 875 362 1000
263 375 491 500
0 750 304 875
0 375 263 500
378 250 665 375
665 250 952 375
0 500 501 625
0 250 378 375
407 125 800 250
0 125 407 250
470 0 888 125
0 0 470 125
976 125 1000 250
969 500 1000 625
964 625 1000 750
963 875 1000 1000
959 750 1000 875
906 750 959 875
910 875 963 1000
906 625 964 750
908 500 969 625
931 0 1000 125
843 875 910 1000
827 750 906 875
816 500 908 625
711 750 827 875
726 875 843 1000
788 625 906 750
649 625 788 750
852 375 1000 500
831 125 976 250
662 500 816 625
501 500 662 625
563 875 726 1000
0 875 170 1000
522 750 711 875
170 875 362 1000
0 500 194 625
656 375 852 500
362 875 563 1000
451 375 656 500
444 625 649 750
0 625 216 750
304 750 522 875
228 375 451 500
0 375 228 500
216 625 444 750
768 250 1000 375
0 750 304 875
490 250 768 375
544 125 831 250
194 500 501 625
596 0 931 125
0 250 490 375
0 125 544 250
0 0 596 125
995 375 1000 500
994 0 1000 125
992 125 1000 250
969 500 1000 625
964 625 1000 750
963 875 1000 1000
959 750 1000 875
906 750 959 875
910 875 963 1000
906 625 964 750
908 500 969 625
843 875 910 1000
925 0 994 125
827 750 906 875
816 500 908 625
711 750 827 875
726 875 843 1000
788 625 906 750
877 250 1000 375
856 125 992 250
649 625 788 750
662 500 816 625
403 875 563 1000
501 500 662 625
563 875 726 1000
816 375 995 500
522 750 711 875
209 875 403 1000
444 625 649 750
235 625 444 750
0 875 209 1000
0 750 522 875
0 625 235 750
550 375 816 500
283 375 550 500
0 375 283 500
588 250 877 375
297 250 588 375
0 250 297 375
0 500 501 625
431 125 856 250
0 125 431 250
473 0 925 125
0 0 473 125
996 0 1000 125
977 125 1000 250
969 500 1000 625
964 625 1000 750
963 875 1000 1000
958 375 1000 500
959 750 1000 875
906 750 959 875
910 875 963 1000
906 625 964 750
908 500 969 625
843 875 910 1000
827 750 906 875
906 250 1000 375
816 500 908 625
711 750 827 875
726 875 843 1000
177 625 295 750
788 625 906 750
858 125 977 250
177 750 304 875
857 0 996 125
649 625 788 750
295 625 444 750
662 500 816 625
501 500 662 625
0 875 161 1000
563 875 726 1000
0 625 177 750
0 750 177 875
522 750 711 875
161 875 362 1000
362 875 563 1000
755 375 958 500
444 625 649 750
651 125 858 250
304 750 522 875
0 500 501 625
383 375 755 500
0 375 383 500
518 250 906 375
0 250 518 375
0 125 651 250
0 0 857 125
988 125 1000 250
972 375 1000 500
969 500 1000 625
964 625 1000 750
963 875 1000 1000
959 0 1000 125
959 750 1000 875
906 750 959 875
910 875 963 1000
906 625 964 750
908 500 969 625
843 875 910 1000
827 750 906 875
816 500 908 625
437 500 535 625
866 375 972 500
711 750 827 875
726 875 843 1000
788 625 906 750
535 500 662 625
649 625 788 750
662 500 816 625
563 875 726 1000
522 750 711 875
245 500 437 625
245 625 444 750
362 875 563 1000
444 625 649 750
304 750 522 875
0 875 362 1000
0 500 245 625
0 625 245 750
0 750 304 875
600 375 866 500
715 125 988 250
307 375 600 500
0 375 307 500
669 250 1000 375
335 250 669 375
0 250 335 375
373 125 715 250
0 125 373 250
560 0 959 125
0 0 560 125
998 0 1000 125
996 375 1000 500
986 375 996 500
985 250 1000 375
969 500 1000 625
964 625 1000 750
963 875 1000 1000
959 750 1000 875
906 750 959 875
910 875 963 1000
906 625 964 750
908 500 969 625
934 0 998 125
843 875 910 1000
827 750 906 875
816 500 908 625
711 750 827 875
726 875 843 1000
788 625 906 750
857 250 985 375
649 625 788 750
854 125 1000 250
662 500 816 625
828 375 986 500
501 500 662 625
563 875 726 1000
643 375 828 500
522 750 711 875
362 875 563 1000
444 625 649 750
436 375 643 500
222 375 436 500
0 750 522 875
0 375 222 500
0 875 362 1000
0 625 444 750
598 250 857 375
305 250 598 375
0 250 305 375
514 125 854 250
589 0 934 125
0 500 501 625
0 125 514 250
0 0 589 125
985 0 1000 125
969 500 1000 625
964 625 1000 750
963 875 1000 1000
959 750 1000 875
950 375 1000 500
906 750 959 875
910 875 963 1000
939 250 1000 375
906 625 964 750
908 500 969 625
843 875 910 1000
827 750 906 875
816 500 908 625
409 625 508 750
849 375 950 500
711 750 827 875
726 875 843 1000
788 625 906 750
649 625 788 750
859 125 1000 250
508 625 649 750
662 500 816 625
501 500 662 625
248 625 409 750
563 875 726 1000
522 750 711 875
792 0 985 125
362 875 563 1000
304 750 522 875
0 875 362 1000
0 750 304 875
0 625 248 750
251 500 501 625
0 500 251 625
580 375 849 500
293 375 580 500
0 375 293 500
636 250 939 375
331 250 636 375
0 250 331 375
503 125 859 250
0 125 503 250
0 0 792 125
998 0 1000 125
995 125 1000 250
987 375 1000 500
969 500 1000 625
964 625 1000 750
963 875 1000 1000
959 750 1000 875
906 750 959 875
910 875 963 1000
906 625 964 750
926 375 987 500
908 500 969 625
843 875 910 1000
827 750 906 875
816 500 908 625
903 250 1000 375
711 750 827 875
726 875 843 1000
788 625 906 750
649 625 788 750
662 500 816 625
501 500 662 625
563 875 726 1000
185 875 362 1000
0 875 185 1000
522 750 711 875
362 875 563 1000
444 625 649 750
712 375 926 500
304 750 522 875
0 625 444 750
480 375 712 500
243 375 480 500
0 375 243 500
0 750 304 875
740 125 995 250
621 250 903 375
336 250 621 375
0 250 336 375
392 125 740 250
0 500 501 625
0 125 392 250
597 0 998 125
0 0 597 125
999 0 1000 125
997 0 999 125
993 125 1000 250
981 125 993 250
974 0 997 125
970 250 1000 375
969 500 1000 625
964 625 1000 750
963 875 1000 1000
959 750 1000 875
906 750 959 875
910 875 963 1000
906 625 964 750
908 500 969 625
843 875 910 1000
827 750 906 875
816 500 908 625
878 125 981 250
711 750 827 875
726 875 843 1000
788 625 906 750
649 625 788 750
662 500 816 625
501 500 662 625
837 375 1000 500
563 875 726 1000
522 750 711 875
0 875 563 1000
427 375 630 500
444 625 649 750
630 375 837 500
214 375 427 500
0 625 216 750
0 375 214 500
0 750 522 875
216 625 444 750
693 250 970 375
411 250 693 375
669 0 974 125
0 500 501 625
0 250 411 375
449 125 878 250
0 125 449 250
0 0 669 125
997 0 1000 125
983 250 1000 375
982 0 997 125
969 500 1000 625
964 625 1000 750
963 875 1000 1000
959 750 1000 875
906 750 959 875
910 875 963 1000
906 625 964 750
908 500 969 625
843 875 910 1000
827 750 906 875
907 375 1000 500
816 500 908 625
883 125 1000 250
711 750 827 875
726 875 843 1000
788 625 906 750
649 625 788 750
662 500 816 625
501 500 662 625
0 500 162 625
563 875 726 1000
522 750 711 875
362 875 563 1000
444 625 649 750
696 375 907 500
0 625 216 750
481 375 696 500
766 250 983 375
0 750 522 875
0 875 362 1000
216 625 444 750
242 375 481 500
0 375 242 500
516 250 766 375
263 250 516 375
0 250 263 375
660 0 982 125
162 500 501 625
526 125 883 250
0 125 526 250
0 0 660 125
999 0 1000 125
997 125 1000 250
995 125 997 250
985 250 1000 375
969 500 1000 625
964 625 1000 750
963 875 1000 1000
959 750 1000 875
906 750 959 875
910 875 963 1000
943 0 999 125
906 625 964 750
908 500 969 625
843 875 910 1000
827 750 906 875
816 500 908 625
888 375 1000 500
711 750 827 875
726 875 843 1000
788 625 906 750
191 500 312 625
868 125 995 250
649 625 788 750
662 500 816 625
501 500 662 625
563 875 726 1000
312 500 501 625
522 750 711 875
0 500 191 625
695 375 888 500
0 875 563 1000
492 375 695 500
444 625 649 750
775 250 985 375
282 375 492 500
0 750 522 875
0 625 444 750
0 375 282 500
469 250 775 375
545 125 868 250
580 0 943 125
0 250 469 375
0 125 545 250
0 0 580 125
997 0 1000 125
983 375 985 500
985 375 1000 500
969 500 1000 625
964 625 1000 750
963 875 1000 1000
959 750 1000 875
906 750 959 875
910 875 963 1000
906 625 964 750
908 500 969 625
937 250 1000 375
843 875 910 1000
827 750 906 875
816 500 908 625
711 750 827 875
726 875 843 1000
788 625 906 750
649 625 788 750
856 0 997 125
662 500 816 625
501 500 662 625
563 875 726 1000
522 750 711 875
806 125 1000 250
362 875 563 1000
444 625 649 750
775 375 983 500
304 750 522 875
0 875 362 1000
0 625 444 750
0 500 240 625
0 750 304 875
521 375 775 500
265 375 521 500
240 500 501 625
0 375 265 500
671 250 937 375
361 250 671 375
0 250 361 375
415 125 806 250
0 125 415 250
430 0 856 125
0 0 430 125
982 375 1000 500
969 125 1000 250
969 500 1000 625
964 625 1000 750
963 875 1000 1000
959 750 1000 875
906 750 959 875
910 875 963 1000
906 625 964 750
908 500 969 625
843 875 910 1000
927 0 1000 125
827 750 906 875
915 250 1000 375
816 500 908 625
143 625 247 750
711 750 827 875
726 875 843 1000
788 625 906 750
649 625 788 750
0 625 143 750
662 500 816 625
821 375 982 500
501 500 662 625
563 875 726 1000
461 375 641 500
641 375 821 500
522 750 711 875
777 125 969 250
269 375 461 500
247 625 444 750
362 875 563 1000
444 625 649 750
0 750 522 875
0 875 362 1000
0 375 269 500
627 250 915 375
332 250 627 375
0 250 332 375
439 125 777 250
0 500 501 625
0 125 439 250
486 0 927 125
0 0 486 125
978 125 981 250
981 125 984 250
984 125 1000 250
995 0 1000 125
969 500 1000 625
964 625 1000 750
963 875 1000 1000
956 0 995 125
959 750 1000 875
906 750 959 875
910 875 963 1000
906 625 964 750
908 500 969 625
843 875 910 1000
827 750 906 875
816 500 908 625
711 750 827 875
726 875 843 1000
788 625 906 750
861 250 1000 375
649 625 788 750
838 375 1000 500
662 500 816 625
501 500 662 625
563 875 726 1000
522 750 711 875
647 375 838 500
451 375 647 500
0 875 563 1000
444 625 649 750
242 375 451 500
0 625 216 750
0 750 522 875
216 625 444 750
0 375 242 500
586 250 861 375
300 250 586 375
0 250 300 375
668 125 978 250
342 125 668 250
0 125 342 250
0 500 501 625
492 0 956 125
0 0 492 125
994 375 1000 500
969 500 1000 625
964 625 1000 750
963 875 1000 1000
959 750 1000 875
957 250 1000 375
946 375 994 500
945 125 1000 250
906 750 959 875
910 875 963 1000
906 625 964 750
908 500 969 625
843 875 910 1000
827 750 906 875
816 500 908 625
711 750 827 875
726 875 843 1000
788 625 906 750
0 500 148 625
649 625 788 750
662 500 816 625
501 500 662 625
563 875 726 1000
835 0 1000 125
610 375 778 500
778 375 946 500
431 375 610 500
522 750 711 875
0 875 563 1000
444 625 649 750
216 375 431 500
0 375 216 500
0 750 522 875
0 625 444 750
727 250 957 375
496 250 727 375
254 250 496 375
0 250 254 375
682 125 945 250
357 125 682 250
148 500 501 625
0 125 357 250
419 0 835 125
0 0 419 125
995 0 1000 125
980 0 995 125
969 500 1000 625
964 625 1000 750
963 875 1000 1000
958 125 1000 250
959 750 1000 875
906 750 959 875
910 875 963 1000
906 625 964 750
908 500 969 625
843 875 910 1000
924 250 1000 375
827 750 906 875
816 500 908 625
892 375 1000 500
711 750 827 875
726 875 843 1000
788 625 906 750
649 625 788 750
662 500 816 625
501 500 662 625
563 875 726 1000
0 500 176 625
705 375 892 500
522 750 711 875
362 875 563 1000
444 625 649 750
496 375 705 500
304 750 522 875
270 375 496 500
731 125 958 250
0 875 362 1000
0 625 444 750
747 0 980 125
0 750 304 875
0 375 270 500
330 250 627 375
627 250 924 375
176 500 501 625
0 250 330 375
380 125 731 250
0 125 380 250
0 0 747 125
995 375 1000 500
993 250 1000 375
984 250 993 375
986 125 1000 250
969 500 1000 625
964 625 1000 750
963 875 1000 1000
954 375 995 500
959 750 1000 875
906 750 959 875
910 875 963 1000
906 625 964 750
908 500 969 625
843 875 910 1000
827 750 906 875
816 500 908 625
711 750 827 875
726 875 843 1000
788 625 906 750
832 375 954 500
861 250 984 375
649 625 788 750
679 375 832 500
662 500 816 625
518 375 679 500
501 500 662 625
563 875 726 1000
349 375 518 500
178 375 349 500
0 375 178 500
678 250 861 375
522 750 711 875
480 250 678 375
0 875 563 1000
0 625 649 750
0 750 522 875
259 250 480 375
756 125 986 250
0 250 259 375
486 125 756 250
0 500 501 625
585 0 1000 125
0 125 486 250
0 0 585 125
990 125 1000 250
976 375 1000 500
969 500 1000 625
964 625 1000 750
963 875 1000 1000
959 750 1000 875
906 750 959 875
910 875 963 1000
945 250 1000 375
906 625 964 750
908 500 969 625
843 875 910 1000
827 750 906 875
816 500 908 625
711 750 827 875
726 875 843 1000
788 625 906 750
855 125 990 250
425 875 563 1000
649 625 788 750
662 500 816 625
501 500 662 625
563 875 726 1000
825 0 1000 125
800 375 976 500
522 750 711 875
244 625 444 750
444 625 649 750
216 875 425 1000
0 875 216 1000
304 750 522 875
0 625 244 750
0 750 304 875
0 500 248 625
248 500 501 625
545 375 800 500
277 375 545 500
0 375 277 500
665 250 945 375
354 250 665 375
0 250 354 375
489 125 855 250
0 125 489 250
0 0 825 125
969 500 1000 625
967 125 1000 250
964 625 1000 750
963 875 1000 1000
959 750 1000 875
906 750 959 875
910 875 963 1000
906 625 964 750
938 0 1000 125
908 500 969 625
843 875 910 1000
930 250 1000 375
827 750 906 875
913 375 1000 500
816 500 908 625
711 750 827 875
726 875 843 1000
788 625 906 750
188 500 307 625
649 625 788 750
662 500 816 625
501 500 662 625
563 875 726 1000
0 500 188 625
522 750 711 875
307 500 501 625
712 375 913 500
362 875 563 1000
444 625 649 750
0 625 216 750
497 375 712 500
279 375 497 500
304 750 522 875
0 875 362 1000
216 625 444 750
0 750 304 875
0 375 279 500
643 250 930 375
324 250 643 375
0 250 324 375
601 0 938 125
548 125 967 250
0 125 548 250
0 0 601 125
997 0 1000 125
990 0 997 125
993 250 1000 375
988 375 1000 500
969 500 1000 625
964 625 1000 750
956 250 993 375
963 875 1000 1000
959 750 1000 875
947 0 990 125
906 750 959 875
910 875 963 1000
906 625 964 750
908 500 969 625
843 875 910 1000
827 750 906 875
918 125 1000 250
816 500 908 625
711 750 827 875
726 875 843 1000
788 625 906 750
194 500 317 625
649 625 788 750
662 500 816 625
501 500 662 625
563 875 726 1000
317 500 501 625
522 750 711 875
0 500 194 625
362 875 563 1000
444 625 649 750
775 375 988 500
0 625 216 750
304 750 522 875
0 875 362 1000
216 625 444 750
686 125 918 250
0 750 304 875
388 375 775 500
0 375 388 500
537 250 956 375
0 250 537 375
0 125 686 250
0 0 947 125
986 0 1000 125
969 500 1000 625
964 625 1000 750
963 875 1000 1000
959 750 1000 875
933 0 986 125
906 750 959 875
910 875 963 1000
906 625 964 750
908 500 969 625
843 875 910 1000
827 750 906 875
911 375 1000 500
816 500 908 625
711 750 827 875
726 875 843 1000
788 625 906 750
649 625 788 750
853 250 1000 375
662 500 816 625
501 500 662 625
563 875 726 1000
0 500 172 625
826 125 1000 250
733 375 911 500
522 750 711 875
362 875 563 1000
444 625 649 750
0 625 216 750
304 750 522 875
0 875 362 1000
505 375 733 500
216 625 444 750
268 375 505 500
0 750 304 875
0 375 268 500
582 250 853 375
293 250 582 375
0 250 293 375
172 500 501 625
419 125 826 250
0 125 419 250
491 0 933 125
0 0 491 125
969 500 1000 625
964 625 1000 750
963 875 1000 1000
959 750 1000 875
906 750 959 875
910 875 963 1000
906 625 964 750
908 500 969 625
843 875 910 1000
827 750 906 875
914 375 1000 500
816 500 908 625
895 0 1000 125
147 500 256 625
711 750 827 875
726 875 843 1000
788 625 906 750
881 125 1000 250
0 750 124 875
649 625 788 750
0 500 147 625
662 500 816 625
501 500 662 625
563 875 726 1000
829 250 1000 375
124 750 304 875
522 750 711 875
362 875 563 1000
444 625 649 750
703 375 914 500
0 625 216 750
304 750 522 875
0 875 362 1000
216 625 444 750
472 375 703 500
240 375 472 500
0 375 240 500
256 500 501 625
575 250 829 375
316 250 575 375
0 250 316 375
543 125 881 250
0 125 543 250
0 0 895 125
997 0 1000 125
993 0 995 125
995 0 997 125
969 500 1000 625
964 625 1000 750
963 875 1000 1000
959 125 1000 250
959 750 1000 875
906 750 959 875
910 875 963 1000
906 625 964 750
908 500 969 625
933 250 1000 375
843 875 910 1000
827 750 906 875
816 500 908 625
711 750 827 875
726 875 843 1000
788 625 906 750
857 0 993 125
649 625 788 750
662 500 816 625
501 500 662 625
837 375 1000 500
563 875 726 1000
522 750 711 875
362 875 563 1000
444 625 649 750
749 125 959 250
304 750 522 875
0 875 362 1000
0 625 444 750
0 750 304 875
573 375 837 500
302 375 573 500
0 375 302 500
317 250 625 375
625 250 933 375
0 250 317 375
403 125 749 250
0 500 501 625
0 125 403 250
432 0 857 125
0 0 432 125
981 375 1000 500
969 500 1000 625
964 625 1000 750
963 875 1000 1000
959 750 1000 875
906 750 959 875
910 875 963 1000
906 625 964 750
941 125 1000 250
908 500 969 625
843 875 910 1000
827 750 906 875
175 500 262 625
816 500 908 625
873 375 981 500
711 750 827 875
726 875 843 1000
788 625 906 750
861 250 1000 375
649 625 788 750
662 500 816 625
501 500 662 625
563 875 726 1000
0 500 175 625
684 375 873 500
522 750 711 875
362 875 563 1000
479 375 684 500
444 625 649 750
0 625 216 750
304 750 522 875
0 875 362 1000
251 375 479 500
216 625 444 750
262 500 501 625
0 750 304 875
0 375 251 500
319 250 590 375
590 250 861 375
0 250 319 375
644 0 1000 125
474 125 941 250
0 125 474 250
0 0 644 125
996 375 1000 500
987 125 1000 250
969 500 1000 625
964 625 1000 750
963 875 1000 1000
959 750 1000 875
951 250 1000 375
906 750 959 875
910 875 963 1000
906 625 964 750
908 500 969 625
843 875 910 1000
920 375 996 500
827 750 906 875
816 500 908 625
711 750 827 875
726 875 843 1000
788 625 906 750
224 500 344 625
649 625 788 750
840 125 987 250
662 500 816 625
344 500 501 625
501 500 662 625
563 875 726 1000
522 750 711 875
362 875 563 1000
444 625 649 750
0 625 216 750
304 750 522 875
0 500 224 625
0 875 362 1000
723 250 951 375
216 625 444 750
0 750 304 875
622 375 920 500
314 375 622 500
0 375 314 500
658 0 1000 125
367 250 723 375
0 250 367 375
458 125 840 250
0 125 458 250
0 0 658 125
991 0 1000 125
987 0 991 125
969 500 1000 625
964 625 1000 750
963 875 1000 1000
959 750 1000 875
906 750 959 875
910 875 963 1000
906 625 964 750
938 375 1000 500
908 500 969 625
843 875 910 1000
827 750 906 875
816 500 908 625
711 750 827 875
726 875 843 1000
788 625 906 750
876 125 1000 250
649 625 788 750
797 375 938 500
652 375 797 500
662 500 816 625
496 375 652 500
338 375 496 500
501 500 662 625
175 375 338 500
563 875 726 1000
0 375 175 500
815 250 1000 375
638 250 815 375
458 250 638 375
522 750 711 875
0 875 563 1000
444 625 649 750
0 750 522 875
232 250 458 375
0 625 444 750
0 250 232 375
637 125 876 250
395 125 637 250
0 500 501 625
0 125 395 250
499 0 987 125
0 0 499 125
