996 222 1000 333
995 0 1000 111
991 111 1000 222
963 0 995 111
965 888 1000 999
957 555 1000 666
954 777 1000 888
940 666 1000 777
872 666 940 777
924 444 1000 555
885 777 954 888
794 555 868 666
913 111 991 222
868 555 957 666
876 888 965 999
779 888 876 999
893 222 996 333
680 555 794 666
756 666 872 777
764 777 885 888
558 555 680 666
624 666 756 777
415 555 558 666
614 777 764 888
625 888 779 999
260 555 415 666
467 666 624 777
461 888 625 999
439 777 614 888
244 777 439 888
257 666 467 777
0 777 244 888
236 888 461 999
0 888 236 999
0 666 257 777
0 555 260 666
663 444 924 555
732 333 1000 444
699 0 963 111
341 444 663 555
0 444 341 555
370 333 732 444
0 333 370 444
520 222 893 333
537 111 913 222
0 222 520 333
0 111 537 222
0 0 699 111
965 888 1000 999
957 555 1000 666
954 777 1000 888
940 666 1000 777
937 0 1000 111
872 666 940 777
885 777 954 888
913 111 1000 222
868 555 957 666
542 666 631 777
876 888 965 999
776 555 868 666
538 777 632 888
779 888 876 999
533 888 631 999
894 222 1000 333
399 555 508 666
756 666 872 777
764 777 885 888
653 555 776 666
631 666 756 777
632 777 764 888
508 555 653 666
395 666 542 777
631 888 779 999
383 777 538 888
375 888 533 999
235 555 399 666
224 666 395 777
197 777 383 888
189 888 375 999
0 888 189 999
0 777 197 888
802 444 1000 555
0 666 224 777
0 555 235 666
554 444 802 555
305 444 554 555
0 444 305 555
690 333 1000 444
0 333 354 444
354 333 690 444
555 222 894 333
567 111 913 222
583 0 937 111
0 222 555 333
0 111 567 222
0 0 583 111
990 222 1000 333
989 111 994 222
994 111 1000 222
963 333 1000 444
966 0 1000 111
965 888 1000 999
957 555 1000 666
954 777 1000 888
940 444 1000 555
940 666 1000 777
872 666 940 777
885 777 954 888
916 111 989 222
868 555 957 666
876 888 965 999
776 555 868 666
779 888 876 999
878 222 990 333
756 666 872 777
764 777 885 888
653 555 776 666
624 666 756 777
614 777 764 888
625 888 779 999
498 555 653 666
467 666 624 777
461 888 625 999
439 777 614 888
310 555 498 666
0 777 439 888
257 666 467 777
236 888 461 999
711 444 940 555
477 444 711 555
0 888 236 999
240 444 477 555
0 444 240 555
710 333 963 444
0 666 257 777
0 555 310 666
425 333 710 444
669 0 966 111
0 333 425 444
443 222 878 333
0 222 443 333
471 111 916 222
0 111 471 222
0 0 669 111
979 444 1000 555
985 0 1000 111
980 333 1000 444
965 888 1000 999
944 333 980 444
957 555 1000 666
954 222 1000 333
954 777 1000 888
940 666 1000 777
872 666 940 777
885 777 954 888
904 0 985 111
868 555 957 666
876 888 965 999
776 555 868 666
779 888 876 999
501 777 614 888
756 666 872 777
764 777 885 888
653 555 776 666
395 555 519 666
499 888 625 999
624 666 756 777
519 555 653 666
366 777 501 888
363 888 499 999
842 444 979 555
258 555 395 666
614 777 764 888
625 888 779 999
467 666 624 777
203 777 366 888
192 888 363 999
0 888 192 999
0 777 203 888
257 666 467 777
0 666 257 777
0 555 258 666
583 444 842 555
317 444 583 555
695 111 1000 222
0 444 317 555
629 222 954 333
536 333 944 444
0 333 536 444
0 222 629 333
0 111 695 222
0 0 904 111
994 111 995 222
995 111 996 222
996 111 1000 222
991 111 994 222
989 0 1000 111
972 0 989 111
965 888 1000 999
957 555 1000 666
954 777 1000 888
940 666 1000 777
872 666 940 777
885 777 954 888
902 333 1000 444
868 555 957 666
876 888 965 999
900 111 991 222
776 555 868 666
779 888 876 999
889 444 1000 555
756 666 872 777
764 777 885 888
653 555 776 666
624 666 756 777
863 222 1000 333
614 777 764 888
625 888 779 999
498 555 653 666
467 666 624 777
461 888 625 999
439 777 614 888
310 555 498 666
779 0 972 111
244 777 439 888
257 666 467 777
0 777 244 888
236 888 461 999
0 888 236 999
0 666 257 777
0 555 310 666
586 222 863 333
595 111 900 222
445 444 889 555
0 444 445 555
455 333 902 444
0 333 455 444
0 222 586 333
0 111 595 222
0 0 779 111
998 0 1000 111
986 111 1000 222
965 888 1000 999
957 555 1000 666
954 777 1000 888
738 888 796 999
940 666 1000 777
872 666 940 777
885 777 954 888
796 888 876 999
915 222 1000 333
654 888 738 999
868 555 957 666
876 888 965 999
776 555 868 666
556 888 654 999
527 777 636 888
524 666 634 777
756 666 872 777
408 777 527 888
764 777 885 888
531 555 653 666
634 666 756 777
653 555 776 666
636 777 764 888
395 666 524 777
394 555 531 666
847 333 1000 444
853 0 998 111
393 888 556 999
226 555 394 666
224 666 395 777
223 777 408 888
205 888 393 999
0 888 205 999
0 777 223 888
0 666 224 777
0 555 226 666
740 444 1000 555
461 444 740 555
548 333 847 444
663 111 986 222
558 222 915 333
0 444 461 555
0 333 548 444
0 222 558 333
0 111 663 222
0 0 853 111
987 444 1000 555
981 222 1000 333
965 888 1000 999
955 333 1000 444
957 555 1000 666
954 777 1000 888
940 666 1000 777
872 666 940 777
885 777 954 888
868 555 957 666
876 888 965 999
776 555 868 666
779 888 876 999
756 666 872 777
764 777 885 888
653 555 776 666
344 666 471 777
624 666 756 777
217 555 354 666
201 666 344 777
354 555 498 666
614 777 764 888
471 666 624 777
625 888 779 999
498 555 653 666
461 888 625 999
439 777 614 888
244 777 439 888
803 111 1000 222
0 666 201 777
784 444 987 555
0 555 217 666
0 777 244 888
236 888 461 999
0 888 236 999
536 444 784 555
287 444 536 555
0 444 287 555
666 333 955 444
685 222 981 333
337 333 666 444
0 333 337 444
344 222 685 333
0 222 344 333
423 111 803 222
579 0 1000 111
0 111 423 222
0 0 579 111
964 444 1000 555
965 888 1000 999
957 555 1000 666
954 777 1000 888
940 666 1000 777
872 666 940 777
885 777 954 888
868 555 957 666
876 888 965 999
776 555 868 666
775 666 872 777
779 888 876 999
892 333 1000 444
654 777 768 888
768 777 885 888
661 888 779 999
656 555 776 666
653 666 775 777
525 777 654 888
525 555 656 666
522 666 653 777
521 888 661 999
372 888 521 999
370 666 522 777
370 555 525 666
368 777 525 888
206 555 370 666
205 666 370 777
833 0 1000 111
200 777 368 888
194 888 372 999
0 888 194 999
0 777 200 888
0 666 205 777
0 555 206 666
754 444 964 555
773 111 1000 222
515 444 754 555
750 222 1000 333
260 444 515 555
0 444 260 555
625 333 892 444
340 333 625 444
0 333 340 444
392 222 750 333
0 222 392 333
0 111 773 222
0 0 833 111
989 111 1000 222
991 0 1000 111
972 222 1000 333
983 444 1000 555
965 888 1000 999
957 555 1000 666
954 777 1000 888
940 666 1000 777
715 555 776 666
712 666 775 777
872 666 940 777
885 777 954 888
688 777 764 888
868 555 957 666
876 888 965 999
776 555 868 666
619 666 712 777
775 666 872 777
779 888 876 999
615 555 715 666
679 888 779 999
569 888 679 999
764 777 885 888
558 777 688 888
481 555 615 666
466 666 619 777
414 888 569 999
402 777 558 888
826 333 1000 444
304 555 481 666
286 666 466 777
214 777 402 888
798 0 991 111
210 888 414 999
0 888 210 999
0 777 214 888
0 666 286 777
701 111 989 222
0 555 304 666
678 444 983 555
359 444 678 555
0 444 359 555
450 333 826 444
0 333 450 444
506 222 972 333
0 222 506 333
0 111 701 222
0 0 798 111
994 444 1000 555
988 222 1000 333
984 0 1000 111
965 888 1000 999
954 444 994 555
957 555 1000 666
954 777 1000 888
949 333 1000 444
740 555 792 666
940 666 1000 777
936 111 1000 222
872 666 940 777
885 777 954 888
730 777 803 888
792 555 868 666
803 777 885 888
868 555 957 666
876 888 965 999
779 888 876 999
640 555 740 666
671 888 779 999
620 777 730 888
556 888 671 999
756 666 872 777
624 666 756 777
502 555 640 666
468 777 620 888
470 666 624 777
342 555 502 666
396 888 556 999
309 666 470 777
297 777 468 888
215 888 396 999
790 0 984 111
0 888 215 999
731 444 954 555
704 111 936 222
0 777 297 888
0 666 309 777
0 555 342 666
369 444 731 555
0 444 369 555
566 222 988 333
494 333 949 444
0 333 494 444
0 222 566 333
0 111 704 222
0 0 790 111
988 333 1000 444
983 222 1000 333
775 666 805 777
965 888 1000 999
957 555 1000 666
954 777 1000 888
825 888 876 999
773 888 825 999
940 666 1000 777
805 666 872 777
872 666 940 777
885 777 954 888
868 555 957 666
876 888 965 999
776 555 868 666
682 777 774 888
678 888 773 999
569 666 672 777
672 666 775 777
890 444 1000 555
774 777 885 888
563 888 678 999
562 777 682 888
653 555 776 666
436 666 569 777
425 888 563 999
413 777 562 888
498 555 653 666
266 666 436 777
234 777 413 888
810 0 1000 111
310 555 498 666
221 888 425 999
0 888 221 999
0 777 234 888
0 555 310 666
0 666 266 777
616 444 890 555
711 333 988 444
321 444 616 555
0 444 321 555
365 333 711 444
0 333 365 444
602 222 983 333
615 111 1000 222
0 222 602 333
0 111 615 222
0 0 810 111
999 222 1000 333
997 0 1000 111
996 111 1000 222
990 111 996 222
986 222 999 333
978 444 1000 555
977 333 1000 444
965 888 1000 999
957 555 1000 666
954 777 1000 888
740 777 789 888
940 666 1000 777
872 666 940 777
885 777 954 888
868 555 957 666
876 888 965 999
776 555 868 666
789 777 885 888
779 888 876 999
641 777 740 888
527 777 641 888
756 666 872 777
511 888 633 999
653 555 776 666
502 666 626 777
850 333 977 444
626 666 756 777
633 888 779 999
498 555 653 666
330 555 498 666
314 666 502 777
300 777 527 888
282 888 511 999
719 444 978 555
0 888 282 999
0 777 300 888
0 666 314 777
0 555 330 666
375 444 719 555
636 111 990 222
640 0 997 111
0 444 375 555
448 333 850 444
569 222 986 333
0 333 448 444
0 222 569 333
0 111 636 222
0 0 640 111
998 0 1000 111
992 222 1000 333
965 888 1000 999
961 0 998 111
786 888 826 999
957 555 1000 666
954 777 1000 888
763 777 813 888
826 888 876 999
731 888 786 999
707 777 763 888
718 555 776 666
705 666 763 777
940 666 1000 777
642 666 705 777
641 777 707 888
932 333 1000 444
872 666 940 777
885 777 954 888
813 777 885 888
920 444 1000 555
637 555 718 666
868 555 957 666
876 888 965 999
776 555 868 666
627 888 731 999
763 666 872 777
526 555 637 666
524 666 642 777
515 777 641 888
499 888 627 999
822 111 1000 222
321 666 524 777
321 555 526 666
289 777 515 888
253 888 499 999
0 888 253 999
712 222 992 333
0 777 289 888
0 555 321 666
0 666 321 777
540 444 920 555
544 333 932 444
0 444 540 555
0 333 544 444
0 222 712 333
0 111 822 222
0 0 961 111
997 333 1000 444
996 111 1000 222
991 222 1000 333
975 444 1000 555
968 0 1000 111
965 888 1000 999
957 555 1000 666
954 777 1000 888
940 666 1000 777
872 666 940 777
885 777 954 888
926 333 997 444
868 555 957 666
876 888 965 999
776 555 868 666
779 888 876 999
756 666 872 777
764 777 885 888
653 555 776 666
624 666 756 777
834 444 975 555
614 777 764 888
840 222 991 333
625 888 779 999
813 0 968 111
498 555 653 666
458 777 614 888
467 666 624 777
461 888 625 999
310 555 498 666
257 666 467 777
236 777 458 888
236 888 461 999
0 888 236 999
0 777 236 888
0 666 257 777
568 444 834 555
0 555 310 666
285 444 568 555
0 444 285 555
633 333 926 444
320 333 633 444
0 333 320 444
470 222 840 333
0 222 470 333
509 111 996 222
0 111 509 222
0 0 813 111
990 223 1000 334
980 223 990 334
979 334 1000 445
977 112 1000 223
973 445 1000 556
965 889 1000 999
957 556 1000 667
934 223 980 334
954 778 1000 889
940 667 1000 778
872 667 940 778
885 778 954 889
868 556 957 667
876 889 965 999
776 556 868 667
779 889 876 999
382 556 498 667
756 667 872 778
764 778 885 889
653 556 776 667
339 889 470 999
252 556 382 667
624 667 756 778
189 889 339 999
614 778 764 889
470 889 625 999
625 889 779 999
498 556 653 667
467 667 624 778
815 445 973 556
439 778 614 889
0 889 189 999
244 778 439 889
257 667 467 778
0 778 244 889
754 334 979 445
0 556 252 667
0 667 257 778
557 445 815 556
287 445 557 556
0 445 287 556
445 334 754 445
617 223 934 334
643 112 977 223
0 334 445 445
0 223 617 334
0 112 643 223
0 0 1000 112
993 333 1000 444
974 0 1000 111
965 888 1000 999
957 555 1000 666
954 777 1000 888
940 666 1000 777
872 666 940 777
885 777 954 888
917 111 1000 222
868 555 957 666
876 888 965 999
776 555 868 666
527 666 624 777
779 888 876 999
429 666 527 777
406 777 509 888
405 555 509 666
509 777 614 888
756 666 872 777
764 777 885 888
653 555 776 666
866 444 1000 555
624 666 756 777
268 555 405 666
509 555 653 666
614 777 764 888
625 888 779 999
265 666 429 777
461 888 625 999
222 777 406 888
0 777 222 888
750 0 974 111
236 888 461 999
0 888 236 999
0 666 265 777
0 555 268 666
595 444 866 555
317 444 595 555
715 222 1000 333
685 333 993 444
0 444 317 555
343 333 685 444
0 333 343 444
370 222 715 333
0 222 370 333
521 111 917 222
0 111 521 222
0 0 750 111
