946 0 1000 1000
869 0 946 1000
688 0 775 1000
775 0 869 1000
564 0 688 1000
385 0 564 1000
0 0 385 1000
955 0 1000 1000
941 0 955 1000
924 0 941 1000
843 0 924 1000
709 0 843 1000
373 0 709 1000
0 0 373 1000
835 0 883 1000
946 0 1000 1000
883 0 946 1000
757 0 835 1000
571 0 757 1000
367 0 571 1000
0 0 367 1000
946 0 1000 1000
799 0 869 1000
722 0 799 1000
869 0 946 1000
593 0 722 1000
335 0 593 1000
0 0 335 1000
946 0 1000 1000
869 0 946 1000
755 0 869 1000
623 0 755 1000
480 0 623 1000
315 0 480 1000
0 0 315 1000
946 0 1000 1000
687 0 762 1000
869 0 946 1000
762 0 869 1000
549 0 687 1000
387 0 549 1000
0 0 387 1000
946 0 1000 1000
708 0 782 1000
869 0 946 1000
782 0 869 1000
526 0 708 1000
296 0 526 1000
0 0 296 1000
929 0 946 1000
946 0 1000 1000
862 0 929 1000
755 0 862 1000
543 0 755 1000
294 0 543 1000
0 0 294 1000
917 0 946 1000
863 0 917 1000
946 0 1000 1000
804 0 863 1000
651 0 804 1000
404 0 651 1000
0 0 404 1000
960 0 1000 1000
947 0 960 1000
831 0 947 1000
703 0 831 1000
549 0 703 1000
340 0 549 1000
0 0 340 1000
954 0 1000 1000
887 0 954 1000
811 0 887 1000
666 0 811 1000
518 0 666 1000
282 0 518 1000
0 0 282 1000
964 0 1000 1000
957 0 964 1000
903 0 957 1000
812 0 903 1000
644 0 812 1000
323 0 644 1000
0 0 323 1000
957 0 1000 1000
936 0 957 1000
817 0 936 1000
665 0 817 1000
489 0 665 1000
294 0 489 1000
0 0 294 1000
946 0 1000 1000
889 0 946 1000
783 0 889 1000
654 0 783 1000
457 0 654 1000
258 0 457 1000
0 0 258 1000
919 0 946 1000
878 0 919 1000
946 0 1000 1000
801 0 878 1000
710 0 801 1000
512 0 710 1000
0 0 512 1000
946 0 1000 1000
880 0 946 1000
797 0 880 1000
710 0 797 1000
605 0 710 1000
334 0 605 1000
0 0 334 1000
946 0 1000 1000
831 0 886 1000
774 0 831 1000
886 0 946 1000
624 0 774 1000
393 0 624 1000
0 0 393 1000
905 0 946 1000
946 0 1000 1000
843 0 905 1000
777 0 843 1000
616 0 777 1000
398 0 616 1000
0 0 398 1000
946 0 1000 1000
802 0 869 1000
869 0 946 1000
719 0 802 1000
561 0 719 1000
293 0 561 1000
0 0 293 1000
946 0 1000 1000
869 0 946 1000
752 0 869 1000
625 0 752 1000
474 0 625 1000
280 0 474 1000
0 0 280 1000
908 0 946 1000
946 0 1000 1000
805 0 908 1000
690 0 805 1000
532 0 690 1000
368 0 532 1000
0 0 368 1000
