986 426 1000 568
973 568 1000 710
971 710 1000 852
971 852 1000 994
926 710 971 852
954 142 1000 284
922 852 971 994
915 568 973 710
514 568 597 710
832 852 922 994
833 710 926 852
820 568 915 710
711 568 820 710
597 568 711 710
394 568 514 710
395 710 517 852
687 852 832 994
247 568 394 710
685 710 833 852
847 284 1000 426
239 710 395 852
185 852 346 994
346 852 509 994
517 710 685 852
823 0 1000 142
509 852 687 994
0 852 185 994
796 426 986 568
0 710 239 852
0 568 247 710
537 426 796 568
269 426 537 568
0 426 269 568
498 284 847 426
535 142 954 284
0 284 498 426
0 142 535 284
0 0 823 142
991 284 1000 426
973 568 1000 710
971 710 1000 852
971 852 1000 994
926 710 971 852
922 852 971 994
915 568 973 710
644 568 711 710
832 852 922 994
552 568 644 710
833 710 926 852
820 568 915 710
895 142 1000 284
711 568 820 710
424 568 552 710
421 710 553 852
553 710 685 852
414 852 548 994
548 852 687 994
687 852 832 994
685 710 833 852
827 426 1000 568
241 568 424 710
226 710 421 852
212 852 414 994
0 852 212 994
0 710 226 852
0 568 241 710
571 426 827 568
733 284 991 426
288 426 571 568
0 426 288 568
691 0 1000 142
375 284 733 426
0 284 375 426
489 142 895 284
0 142 489 284
0 0 691 142
993 142 1000 284
991 426 1000 568
988 0 1000 142
973 568 1000 710
971 710 1000 852
971 852 1000 994
926 710 971 852
922 852 971 994
915 568 973 710
832 852 922 994
833 710 926 852
896 426 991 568
820 568 915 710
711 568 820 710
424 710 549 852
549 710 685 852
851 0 988 142
687 852 832 994
685 710 833 852
537 568 711 710
509 852 687 994
243 710 424 852
353 568 537 710
297 852 509 994
766 142 993 284
0 852 297 994
0 710 243 852
0 568 353 710
630 426 896 568
319 426 630 568
688 284 1000 426
0 426 319 568
366 284 688 426
0 284 366 426
392 142 766 284
0 142 392 284
446 0 851 142
0 0 446 142
992 142 1000 284
985 0 1000 142
973 568 1000 710
971 710 1000 852
971 852 1000 994
926 710 971 852
922 852 971 994
915 568 973 710
907 142 992 284
832 852 922 994
833 710 926 852
820 568 915 710
900 284 1000 426
711 568 820 710
542 852 687 994
687 852 832 994
685 710 833 852
833 426 1000 568
517 710 685 852
537 568 711 710
366 852 542 994
185 852 366 994
353 568 537 710
0 852 185 994
632 426 833 568
316 710 517 852
426 426 632 568
215 426 426 568
0 426 215 568
0 710 316 852
664 284 900 426
0 568 353 710
366 284 664 426
0 284 366 426
509 142 907 284
542 0 985 142
0 142 509 284
0 0 542 142
991 284 1000 426
993 142 1000 284
975 284 991 426
973 142 993 284
973 568 1000 710
971 710 1000 852
971 852 1000 994
926 710 971 852
922 852 971 994
915 568 973 710
908 284 975 426
832 852 922 994
833 710 926 852
820 568 915 710
711 568 820 710
859 142 973 284
857 0 1000 142
687 852 832 994
685 710 833 852
517 710 685 852
537 568 711 710
509 852 687 994
353 568 537 710
316 710 517 852
297 852 509 994
775 426 1000 568
0 852 297 994
0 710 316 852
0 568 353 710
522 426 775 568
265 426 522 568
0 426 265 568
633 284 908 426
324 284 633 426
0 284 324 426
458 142 859 284
0 142 458 284
0 0 857 142
991 0 1000 142
984 142 1000 284
975 284 1000 426
973 568 1000 710
963 0 991 142
971 710 1000 852
971 852 1000 994
926 710 971 852
922 852 971 994
915 568 973 710
925 142 984 284
757 710 833 852
736 568 820 710
832 852 922 994
833 710 926 852
820 568 915 710
660 710 757 852
628 568 736 710
871 426 1000 568
517 710 660 852
687 852 832 994
481 568 628 710
522 852 687 994
274 568 481 710
758 284 975 426
264 710 517 852
262 852 522 994
0 852 262 994
0 710 264 852
0 568 274 710
591 426 871 568
309 426 591 568
0 426 309 568
417 284 758 426
0 284 417 426
464 142 925 284
0 142 464 284
0 0 963 142
