922 0 1000 1000
685 0 801 1000
801 0 922 1000
562 0 685 1000
288 0 562 1000
0 0 288 1000
922 0 1000 1000
801 0 922 1000
668 0 801 1000
493 0 668 1000
307 0 493 1000
0 0 307 1000
922 0 1000 1000
801 0 922 1000
668 0 801 1000
493 0 668 1000
307 0 493 1000
0 0 307 1000
922 0 1000 1000
801 0 922 1000
540 0 668 1000
668 0 801 1000
351 0 540 1000
0 0 351 1000
761 0 812 1000
922 0 1000 1000
678 0 761 1000
812 0 922 1000
413 0 678 1000
0 0 413 1000
938 0 1000 1000
876 0 938 1000
695 0 876 1000
470 0 695 1000
240 0 470 1000
0 0 240 1000
922 0 1000 1000
744 0 823 1000
647 0 744 1000
823 0 922 1000
531 0 647 1000
0 0 531 1000
851 0 922 1000
922 0 1000 1000
772 0 851 1000
604 0 772 1000
341 0 604 1000
0 0 341 1000
925 0 1000 1000
871 0 925 1000
796 0 871 1000
649 0 796 1000
362 0 649 1000
0 0 362 1000
840 0 866 1000
792 0 840 1000
866 0 922 1000
718 0 792 1000
922 0 1000 1000
0 0 718 1000
782 0 821 1000
922 0 1000 1000
694 0 782 1000
821 0 922 1000
431 0 694 1000
0 0 431 1000
922 0 1000 1000
563 0 668 1000
448 0 563 1000
801 0 922 1000
668 0 801 1000
0 0 448 1000
922 0 1000 1000
732 0 827 1000
827 0 922 1000
574 0 732 1000
401 0 574 1000
0 0 401 1000
922 0 1000 1000
801 0 922 1000
668 0 801 1000
326 0 493 1000
493 0 668 1000
0 0 326 1000
