932 0 1000 500
612 500 1000 1000
311 500 612 1000
0 500 311 1000
585 0 932 500
0 0 585 500
935 0 1000 500
661 0 935 500
345 0 661 500
0 0 345 500
0 500 488 1000
488 500 1000 1000
960 0 1000 500
926 0 960 500
0 500 488 1000
514 0 926 500
488 500 1000 1000
0 0 514 500
513 500 1000 1000
398 500 513 1000
249 500 398 1000
0 500 249 1000
659 0 1000 500
0 0 659 500
495 500 1000 1000
443 500 495 1000
854 0 1000 500
661 0 854 500
0 500 443 1000
0 0 661 500
954 0 1000 500
557 500 1000 1000
462 500 557 1000
555 0 954 500
0 500 462 1000
0 0 555 500
976 0 1000 500
927 0 976 500
573 0 927 500
0 500 488 1000
488 500 1000 1000
0 0 573 500
954 0 1000 500
862 0 954 500
738 0 862 500
585 0 738 500
0 500 1000 1000
0 0 585 500
835 0 1000 500
585 500 1000 1000
331 500 585 1000
0 500 331 1000
480 0 835 500
0 0 480 500
947 0 1000 500
297 500 488 1000
0 500 297 1000
625 0 947 500
488 500 1000 1000
0 0 625 500
0 500 226 1000
648 0 1000 500
226 500 488 1000
364 0 648 500
0 0 364 500
488 500 1000 1000
919 0 1000 500
342 500 488 1000
0 500 342 1000
537 0 919 500
488 500 1000 1000
0 0 537 500
987 0 1000 500
594 500 1000 1000
869 0 987 500
696 0 869 500
0 500 594 1000
0 0 696 500
517 500 1000 1000
396 500 517 1000
237 500 396 1000
0 500 237 1000
611 0 1000 500
0 0 611 500
882 0 1000 500
765 0 882 500
519 500 1000 1000
278 500 519 1000
0 500 278 1000
0 0 765 500
980 0 1000 500
964 0 980 500
0 500 488 1000
525 0 964 500
488 500 1000 1000
0 0 525 500
664 500 1000 1000
975 0 1000 500
920 0 975 500
537 500 664 1000
0 500 537 1000
0 0 920 500
863 0 1000 500
0 500 214 1000
214 500 488 1000
523 0 863 500
488 500 1000 1000
0 0 523 500
650 500 1000 1000
499 500 650 1000
272 500 499 1000
0 500 272 1000
611 0 1000 500
0 0 611 500
509 500 1000 1000
414 500 509 1000
824 0 1000 500
637 0 824 500
0 500 414 1000
0 0 637 500
926 0 1000 500
0 500 155 1000
678 0 926 500
155 500 488 1000
488 500 1000 1000
0 0 678 500
799 0 1000 500
750 0 799 500
383 0 750 500
0 0 383 500
0 500 488 1000
488 500 1000 1000
975 0 1000 500
899 0 975 500
550 500 1000 1000
331 500 550 1000
0 500 331 1000
0 0 899 500
918 0 1000 500
750 0 918 500
467 0 750 500
0 500 488 1000
0 0 467 500
488 500 1000 1000
909 0 1000 500
872 0 909 500
520 500 1000 1000
655 0 872 500
0 500 520 1000
0 0 655 500
856 0 1000 500
705 0 856 500
355 0 705 500
0 0 355 500
0 500 488 1000
488 500 1000 1000
946 0 1000 500
913 0 946 500
554 500 1000 1000
638 0 913 500
0 500 554 1000
0 0 638 500
586 500 1000 1000
967 0 1000 500
519 500 586 1000
762 0 967 500
0 500 519 1000
0 0 762 500
549 500 1000 1000
875 0 1000 500
386 500 549 1000
643 0 875 500
0 500 386 1000
0 0 643 500
907 0 1000 500
595 500 1000 1000
311 500 595 1000
0 500 311 1000
463 0 907 500
0 0 463 500
932 0 1000 500
636 500 1000 1000
550 500 636 1000
686 0 932 500
0 500 550 1000
0 0 686 500
693 500 1000 1000
546 500 693 1000
819 0 1000 500
337 500 546 1000
0 500 337 1000
0 0 819 500
968 0 1000 500
322 500 488 1000
0 500 322 1000
559 0 968 500
488 500 1000 1000
0 0 559 500
601 500 1000 1000
439 500 601 1000
232 500 439 1000
0 500 232 1000
611 0 1000 500
0 0 611 500
935 0 1000 500
0 500 242 1000
242 500 488 1000
580 0 935 500
488 500 1000 1000
0 0 580 500
880 0 1000 500
842 0 880 500
790 0 842 500
0 500 488 1000
488 500 1000 1000
0 0 790 500
898 0 1000 500
490 500 1000 1000
252 500 490 1000
0 500 252 1000
546 0 898 500
0 0 546 500
942 0 1000 500
0 500 216 1000
216 500 488 1000
577 0 942 500
488 500 1000 1000
0 0 577 500
826 0 1000 500
780 0 826 500
728 0 780 500
0 500 488 1000
488 500 1000 1000
0 0 728 500
