993 0 1000 500
953 500 1000 1000
855 500 953 1000
890 0 993 500
740 500 855 1000
611 500 740 1000
0 500 131 1000
473 500 611 1000
737 0 890 500
315 500 473 1000
131 500 315 1000
473 0 737 500
0 0 473 500
998 0 1000 500
962 0 998 500
953 500 1000 1000
895 0 962 500
855 500 953 1000
740 500 855 1000
611 500 740 1000
473 500 611 1000
315 500 473 1000
0 500 315 1000
682 0 895 500
367 0 682 500
0 0 367 500
999 0 1000 500
997 0 999 500
953 500 1000 1000
855 500 953 1000
740 500 855 1000
611 500 740 1000
473 500 611 1000
839 0 997 500
0 500 473 1000
676 0 839 500
496 0 676 500
249 0 496 500
0 0 249 500
994 0 1000 500
973 0 994 500
953 500 1000 1000
890 0 973 500
649 500 740 1000
855 500 953 1000
740 500 855 1000
456 500 649 1000
236 500 456 1000
0 500 236 1000
624 0 890 500
342 0 624 500
0 0 342 500
988 0 1000 500
959 0 988 500
953 500 1000 1000
855 500 953 1000
740 500 855 1000
199 500 324 1000
611 500 740 1000
821 0 959 500
473 500 611 1000
324 500 473 1000
0 500 199 1000
496 0 821 500
0 0 496 500
957 0 1000 500
953 500 1000 1000
425 500 494 1000
855 500 953 1000
313 500 425 1000
740 500 855 1000
494 500 611 1000
188 500 313 1000
611 500 740 1000
0 500 188 1000
762 0 957 500
560 0 762 500
0 0 560 500
953 500 1000 1000
921 0 1000 500
415 500 500 1000
855 500 953 1000
306 500 415 1000
500 500 611 1000
740 500 855 1000
611 500 740 1000
176 500 306 1000
745 0 921 500
0 500 176 1000
558 0 745 500
0 0 558 500
985 0 1000 500
968 0 985 500
953 500 1000 1000
402 500 473 1000
881 0 968 500
855 500 953 1000
740 500 855 1000
611 500 740 1000
473 500 611 1000
255 500 402 1000
0 500 255 1000
543 0 881 500
0 0 543 500
993 0 1000 500
953 500 1000 1000
323 500 389 1000
389 500 473 1000
855 500 953 1000
218 500 323 1000
879 0 993 500
740 500 855 1000
611 500 740 1000
473 500 611 1000
0 500 218 1000
530 0 879 500
0 0 530 500
969 0 1000 500
709 500 741 1000
953 500 1000 1000
660 500 709 1000
576 500 660 1000
855 500 953 1000
477 500 576 1000
741 500 855 1000
353 500 477 1000
178 500 353 1000
0 500 178 1000
757 0 969 500
0 0 757 500
974 0 1000 500
953 500 1000 1000
855 500 953 1000
740 500 855 1000
611 500 740 1000
473 500 611 1000
0 500 142 1000
315 500 473 1000
142 500 315 1000
781 0 974 500
559 0 781 500
282 0 559 500
0 0 282 500
948 0 1000 500
953 500 1000 1000
855 500 953 1000
740 500 855 1000
611 500 740 1000
473 500 611 1000
809 0 948 500
655 0 809 500
315 500 473 1000
475 0 655 500
0 500 315 1000
270 0 475 500
0 0 270 500
964 0 1000 500
953 500 1000 1000
855 500 953 1000
740 500 855 1000
845 0 964 500
611 500 740 1000
473 500 611 1000
315 500 473 1000
682 0 845 500
0 500 315 1000
483 0 682 500
245 0 483 500
0 0 245 500
990 0 1000 500
953 500 1000 1000
937 0 990 500
855 500 953 1000
740 500 855 1000
611 500 740 1000
473 500 611 1000
164 500 315 1000
315 500 473 1000
0 500 164 1000
725 0 937 500
389 0 725 500
0 0 389 500
