974 0 1000 1000
958 0 974 1000
938 0 958 1000
914 0 938 1000
865 0 914 1000
797 0 865 1000
725 0 797 1000
622 0 725 1000
501 0 622 1000
371 0 501 1000
198 0 371 1000
0 0 198 1000
983 0 1000 1000
972 0 983 1000
958 0 972 1000
941 0 958 1000
922 0 941 1000
881 0 922 1000
839 0 881 1000
791 0 839 1000
722 0 791 1000
515 0 722 1000
287 0 515 1000
0 0 287 1000
977 0 1000 1000
964 0 977 1000
950 0 964 1000
927 0 950 1000
887 0 927 1000
842 0 887 1000
790 0 842 1000
687 0 790 1000
551 0 687 1000
393 0 551 1000
223 0 393 1000
0 0 223 1000
977 0 1000 1000
960 0 977 1000
938 0 960 1000
915 0 938 1000
889 0 915 1000
847 0 889 1000
789 0 847 1000
730 0 789 1000
629 0 730 1000
509 0 629 1000
258 0 509 1000
0 0 258 1000
979 0 1000 1000
970 0 979 1000
911 0 970 1000
849 0 911 1000
772 0 849 1000
694 0 772 1000
528 0 611 1000
611 0 694 1000
442 0 528 1000
315 0 442 1000
175 0 315 1000
0 0 175 1000
969 0 1000 1000
955 0 969 1000
940 0 955 1000
923 0 940 1000
881 0 902 1000
902 0 923 1000
836 0 881 1000
771 0 836 1000
674 0 771 1000
491 0 674 1000
299 0 491 1000
0 0 299 1000
970 0 1000 1000
944 0 970 1000
909 0 944 1000
864 0 909 1000
815 0 864 1000
760 0 815 1000
704 0 760 1000
629 0 704 1000
505 0 629 1000
360 0 505 1000
181 0 360 1000
0 0 181 1000
982 0 1000 1000
973 0 982 1000
955 0 973 1000
928 0 955 1000
884 0 928 1000
792 0 838 1000
838 0 884 1000
732 0 792 1000
580 0 732 1000
411 0 580 1000
238 0 411 1000
0 0 238 1000
971 0 1000 1000
962 0 971 1000
951 0 962 1000
914 0 951 1000
871 0 914 1000
827 0 871 1000
761 0 827 1000
672 0 761 1000
582 0 672 1000
466 0 582 1000
341 0 466 1000
0 0 341 1000
990 0 1000 1000
956 0 973 1000
973 0 990 1000
938 0 956 1000
915 0 938 1000
889 0 915 1000
856 0 889 1000
820 0 856 1000
743 0 820 1000
629 0 743 1000
358 0 629 1000
0 0 358 1000
981 0 1000 1000
959 0 970 1000
970 0 981 1000
946 0 959 1000
931 0 946 1000
910 0 931 1000
883 0 910 1000
845 0 883 1000
800 0 845 1000
707 0 800 1000
356 0 707 1000
0 0 356 1000
969 0 1000 1000
960 0 969 1000
916 0 960 1000
864 0 916 1000
805 0 864 1000
743 0 805 1000
676 0 743 1000
601 0 676 1000
495 0 601 1000
378 0 495 1000
0 0 189 1000
189 0 378 1000
974 0 1000 1000
958 0 974 1000
934 0 958 1000
897 0 934 1000
851 0 897 1000
772 0 851 1000
672 0 772 1000
567 0 672 1000
457 0 567 1000
342 0 457 1000
195 0 342 1000
0 0 195 1000
975 0 1000 1000
963 0 975 1000
931 0 963 1000
888 0 931 1000
839 0 888 1000
781 0 839 1000
722 0 781 1000
593 0 722 1000
456 0 593 1000
315 0 456 1000
167 0 315 1000
0 0 167 1000
970 0 1000 1000
967 0 970 1000
959 0 967 1000
944 0 959 1000
924 0 944 1000
897 0 924 1000
866 0 897 1000
826 0 866 1000
783 0 826 1000
721 0 783 1000
632 0 721 1000
0 0 632 1000
962 0 974 1000
974 0 1000 1000
915 0 962 1000
848 0 915 1000
775 0 848 1000
697 0 775 1000
614 0 697 1000
515 0 614 1000
396 0 515 1000
267 0 396 1000
134 0 267 1000
0 0 134 1000
985 0 1000 1000
977 0 985 1000
949 0 963 1000
963 0 977 1000
929 0 949 1000
856 0 929 1000
777 0 856 1000
695 0 777 1000
576 0 695 1000
430 0 576 1000
274 0 430 1000
0 0 274 1000
974 0 1000 1000
958 0 974 1000
929 0 958 1000
884 0 929 1000
790 0 837 1000
837 0 884 1000
730 0 790 1000
652 0 730 1000
560 0 652 1000
436 0 560 1000
273 0 436 1000
0 0 273 1000
966 0 1000 1000
928 0 966 1000
878 0 928 1000
826 0 878 1000
768 0 826 1000
708 0 768 1000
634 0 708 1000
526 0 634 1000
415 0 526 1000
300 0 415 1000
165 0 300 1000
0 0 165 1000
986 0 1000 1000
962 0 986 1000
937 0 962 1000
902 0 937 1000
866 0 902 1000
818 0 866 1000
769 0 818 1000
694 0 769 1000
586 0 694 1000
474 0 586 1000
247 0 474 1000
0 0 247 1000
983 0 1000 1000
968 0 983 1000
942 0 968 1000
909 0 942 1000
874 0 909 1000
826 0 874 1000
747 0 826 1000
650 0 747 1000
517 0 650 1000
373 0 517 1000
207 0 373 1000
0 0 207 1000
987 0 1000 1000
981 0 987 1000
972 0 981 1000
953 0 972 1000
926 0 953 1000
897 0 926 1000
860 0 897 1000
817 0 860 1000
738 0 817 1000
591 0 738 1000
412 0 591 1000
0 0 412 1000
987 0 1000 1000
973 0 980 1000
980 0 987 1000
959 0 973 1000
924 0 959 1000
864 0 924 1000
799 0 864 1000
695 0 799 1000
582 0 695 1000
460 0 582 1000
317 0 460 1000
0 0 317 1000
976 0 1000 1000
967 0 976 1000
954 0 967 1000
920 0 954 1000
863 0 920 1000
803 0 863 1000
740 0 803 1000
659 0 740 1000
560 0 659 1000
438 0 560 1000
278 0 438 1000
0 0 278 1000
974 0 1000 1000
951 0 974 1000
925 0 951 1000
889 0 925 1000
851 0 889 1000
788 0 851 1000
723 0 788 1000
654 0 723 1000
574 0 654 1000
477 0 574 1000
294 0 477 1000
0 0 294 1000
971 0 1000 1000
968 0 971 1000
956 0 968 1000
902 0 956 1000
837 0 902 1000
699 0 768 1000
768 0 837 1000
622 0 699 1000
528 0 622 1000
397 0 528 1000
218 0 397 1000
0 0 218 1000
987 0 1000 1000
979 0 987 1000
941 0 960 1000
960 0 979 1000
918 0 941 1000
880 0 918 1000
830 0 880 1000
747 0 830 1000
639 0 747 1000
463 0 639 1000
270 0 463 1000
0 0 270 1000
975 0 1000 1000
965 0 975 1000
949 0 965 1000
924 0 949 1000
896 0 924 1000
863 0 896 1000
824 0 863 1000
731 0 824 1000
635 0 731 1000
506 0 635 1000
366 0 506 1000
0 0 366 1000
966 0 1000 1000
928 0 966 1000
878 0 928 1000
826 0 878 1000
717 0 770 1000
770 0 826 1000
635 0 717 1000
542 0 635 1000
435 0 542 1000
321 0 435 1000
183 0 321 1000
0 0 183 1000
970 0 973 1000
973 0 1000 1000
964 0 970 1000
946 0 964 1000
922 0 946 1000
871 0 922 1000
811 0 871 1000
599 0 705 1000
705 0 811 1000
467 0 599 1000
326 0 467 1000
0 0 326 1000
972 0 973 1000
973 0 1000 1000
953 0 972 1000
932 0 953 1000
880 0 932 1000
816 0 880 1000
751 0 816 1000
679 0 751 1000
593 0 679 1000
502 0 593 1000
372 0 502 1000
0 0 372 1000
967 0 1000 1000
951 0 967 1000
896 0 951 1000
839 0 896 1000
777 0 839 1000
712 0 777 1000
631 0 712 1000
544 0 631 1000
455 0 544 1000
338 0 455 1000
197 0 338 1000
0 0 197 1000
977 0 1000 1000
965 0 977 1000
945 0 965 1000
924 0 945 1000
900 0 924 1000
870 0 900 1000
810 0 870 1000
673 0 810 1000
528 0 673 1000
380 0 528 1000
226 0 380 1000
0 0 226 1000
984 0 1000 1000
963 0 984 1000
938 0 963 1000
910 0 938 1000
875 0 910 1000
832 0 875 1000
732 0 782 1000
782 0 832 1000
609 0 732 1000
442 0 609 1000
272 0 442 1000
0 0 272 1000
978 0 1000 1000
961 0 978 1000
939 0 961 1000
914 0 939 1000
880 0 914 1000
830 0 880 1000
769 0 830 1000
699 0 769 1000
627 0 699 1000
503 0 627 1000
277 0 503 1000
0 0 277 1000
936 0 966 1000
902 0 936 1000
966 0 1000 1000
832 0 867 1000
867 0 902 1000
791 0 832 1000
721 0 791 1000
527 0 624 1000
624 0 721 1000
418 0 527 1000
267 0 418 1000
0 0 267 1000
984 0 1000 1000
970 0 984 1000
941 0 970 1000
894 0 941 1000
832 0 894 1000
759 0 832 1000
677 0 759 1000
592 0 677 1000
482 0 592 1000
333 0 482 1000
181 0 333 1000
0 0 181 1000
966 0 1000 1000
892 0 928 1000
855 0 892 1000
817 0 855 1000
928 0 966 1000
760 0 817 1000
701 0 760 1000
617 0 701 1000
441 0 529 1000
529 0 617 1000
261 0 441 1000
0 0 261 1000
974 0 1000 1000
966 0 974 1000
943 0 966 1000
905 0 943 1000
860 0 905 1000
811 0 860 1000
758 0 811 1000
683 0 758 1000
602 0 683 1000
490 0 602 1000
288 0 490 1000
0 0 288 1000
967 0 1000 1000
954 0 967 1000
939 0 954 1000
923 0 939 1000
864 0 923 1000
800 0 864 1000
731 0 800 1000
650 0 731 1000
532 0 650 1000
393 0 532 1000
239 0 393 1000
0 0 239 1000
992 0 1000 1000
979 0 992 1000
961 0 979 1000
930 0 961 1000
881 0 930 1000
828 0 881 1000
765 0 828 1000
663 0 765 1000
552 0 663 1000
416 0 552 1000
213 0 416 1000
0 0 213 1000
