994 200 1000 400
966 0 1000 200
965 600 1000 800
943 800 1000 1000
904 600 965 800
837 600 904 800
620 800 691 1000
871 800 943 1000
792 800 871 1000
538 800 620 1000
737 600 837 800
691 800 792 1000
436 800 538 1000
882 200 994 400
616 600 737 800
873 400 1000 600
427 600 616 800
226 600 427 800
223 800 436 1000
0 800 223 1000
0 600 226 800
634 400 873 600
359 400 634 600
0 400 359 600
496 200 882 400
543 0 966 200
0 200 496 400
0 0 543 200
990 200 1000 400
965 600 1000 800
943 800 1000 1000
931 200 990 400
904 600 965 800
837 600 904 800
871 800 943 1000
792 800 871 1000
903 400 1000 600
737 600 837 800
691 800 792 1000
888 0 1000 200
615 600 737 800
284 800 412 1000
412 800 541 1000
482 600 615 800
147 800 284 1000
0 800 147 1000
541 800 691 1000
295 600 482 800
681 400 903 600
0 600 295 800
431 400 681 600
637 0 888 200
0 400 431 600
476 200 931 400
0 200 476 400
0 0 637 200
992 200 1000 400
989 400 1000 600
965 600 1000 800
943 800 1000 1000
904 600 965 800
837 600 904 800
871 800 943 1000
915 400 989 600
914 200 992 400
792 800 871 1000
737 600 837 800
691 800 792 1000
615 600 737 800
482 600 615 800
541 800 691 1000
363 800 541 1000
0 600 482 800
727 400 915 600
0 800 363 1000
500 400 727 600
767 0 1000 200
261 400 500 600
0 400 261 600
642 200 914 400
322 200 642 400
0 200 322 400
405 0 767 200
0 0 405 200
994 200 1000 400
965 400 1000 600
965 0 1000 200
965 600 1000 800
943 800 1000 1000
904 600 965 800
930 200 994 400
837 600 904 800
871 800 943 1000
792 800 871 1000
452 800 541 1000
385 600 482 800
737 600 837 800
691 800 792 1000
275 600 385 800
615 600 737 800
836 400 965 600
482 600 615 800
541 800 691 1000
235 800 452 1000
0 800 235 1000
0 600 275 800
517 400 836 600
575 200 930 400
588 0 965 200
0 400 517 600
0 200 575 400
0 0 588 200
998 200 1000 400
995 0 1000 200
971 400 1000 600
971 0 995 200
965 600 1000 800
943 800 1000 1000
940 200 998 400
904 600 965 800
837 600 904 800
871 800 943 1000
792 800 871 1000
737 600 837 800
691 800 792 1000
615 600 737 800
482 600 615 800
541 800 691 1000
377 800 541 1000
208 800 377 1000
295 600 482 800
0 800 208 1000
0 600 295 800
680 400 971 600
356 400 680 600
645 0 971 200
0 400 356 600
581 200 940 400
0 200 581 400
0 0 645 200
986 0 1000 200
964 200 1000 400
965 600 1000 800
943 800 1000 1000
904 600 965 800
837 600 904 800
871 800 943 1000
792 800 871 1000
737 600 837 800
691 800 792 1000
0 800 145 1000
615 600 737 800
482 600 615 800
541 800 691 1000
831 0 986 200
803 400 1000 600
363 800 541 1000
295 600 482 800
613 400 803 600
768 200 964 400
145 800 363 1000
0 600 295 800
316 400 613 600
0 400 316 600
401 200 768 400
0 200 401 400
417 0 831 200
0 0 417 200
989 400 1000 600
981 400 989 600
987 200 1000 400
981 0 1000 200
965 600 1000 800
943 800 1000 1000
904 600 965 800
837 600 904 800
871 800 943 1000
792 800 871 1000
737 600 837 800
691 800 792 1000
615 600 737 800
482 600 615 800
839 400 981 600
541 800 691 1000
682 400 839 600
509 400 682 600
363 800 541 1000
0 600 482 800
0 800 363 1000
290 400 509 600
737 200 987 400
0 400 290 600
369 200 737 400
0 200 369 400
597 0 981 200
0 0 597 200
992 200 1000 400
987 0 1000 200
967 0 987 200
965 600 1000 800
943 800 1000 1000
904 600 965 800
837 600 904 800
871 800 943 1000
920 400 1000 600
792 800 871 1000
904 200 992 400
737 600 837 800
691 800 792 1000
615 600 737 800
482 600 615 800
541 800 691 1000
363 800 541 1000
0 600 482 800
730 400 920 600
0 800 363 1000
493 400 730 600
253 400 493 600
0 400 253 600
645 200 904 400
356 200 645 400
0 200 356 400
534 0 967 200
0 0 534 200
990 200 1000 400
983 200 990 400
975 200 983 400
985 0 1000 200
965 600 1000 800
943 800 1000 1000
904 600 965 800
837 600 904 800
871 800 943 1000
792 800 871 1000
891 400 1000 600
737 600 837 800
691 800 792 1000
875 0 985 200
615 600 737 800
482 600 615 800
541 800 691 1000
363 800 541 1000
705 400 891 600
0 600 482 800
509 400 705 600
0 800 363 1000
284 400 509 600
727 200 975 400
0 400 284 600
365 200 727 400
0 200 365 400
0 0 875 200
972 200 1000 400
970 0 1000 200
965 600 1000 800
943 800 1000 1000
904 600 965 800
837 600 904 800
871 800 943 1000
792 800 871 1000
540 600 624 800
737 600 837 800
691 800 792 1000
624 600 737 800
865 400 1000 600
394 600 540 800
541 800 691 1000
363 800 541 1000
206 600 394 800
0 600 206 800
658 400 865 600
443 400 658 600
0 800 363 1000
222 400 443 600
0 400 222 600
670 200 972 400
359 200 670 400
0 200 359 400
501 0 970 200
0 0 501 200
997 0 1000 200
965 600 1000 800
943 800 1000 1000
904 600 965 800
837 600 904 800
871 800 943 1000
792 800 871 1000
737 600 837 800
691 800 792 1000
0 800 145 1000
615 600 737 800
482 600 615 800
861 400 1000 600
854 0 997 200
852 200 1000 400
541 800 691 1000
363 800 541 1000
679 400 861 600
0 600 482 800
477 400 679 600
145 800 363 1000
250 400 477 600
0 400 250 600
571 200 852 400
289 200 571 400
0 200 289 400
456 0 854 200
0 0 456 200
994 200 1000 400
985 0 1000 200
965 600 1000 800
943 800 1000 1000
904 600 965 800
837 600 904 800
871 800 943 1000
792 800 871 1000
737 600 837 800
691 800 792 1000
615 600 737 800
482 600 615 800
338 600 482 800
192 600 338 800
541 800 691 1000
0 800 175 1000
363 800 541 1000
175 800 363 1000
0 600 192 800
773 400 1000 600
766 200 994 400
521 400 773 600
267 400 521 600
0 400 267 600
689 0 985 200
447 200 766 400
0 200 447 400
0 0 689 200
981 200 1000 400
980 0 1000 200
965 400 1000 600
947 200 981 400
965 600 1000 800
943 800 1000 1000
904 600 965 800
837 600 904 800
871 800 943 1000
792 800 871 1000
737 600 837 800
691 800 792 1000
615 600 737 800
482 600 615 800
541 800 691 1000
798 400 965 600
363 800 541 1000
295 600 482 800
0 800 363 1000
0 600 295 800
544 400 798 600
288 400 544 600
0 400 288 600
331 200 639 400
639 200 947 400
0 200 331 400
572 0 980 200
0 0 572 200
965 600 1000 800
678 800 718 1000
623 800 678 1000
943 800 1000 1000
904 600 965 800
837 600 904 800
871 800 943 1000
718 800 792 1000
792 800 871 1000
904 200 1000 400
527 800 623 1000
517 600 617 800
737 600 837 800
617 600 737 800
393 600 517 800
358 800 527 1000
222 600 393 800
180 800 358 1000
0 800 180 1000
809 400 1000 600
0 600 222 800
583 400 809 600
739 0 1000 200
301 400 583 600
0 400 301 600
506 200 904 400
0 200 506 400
0 0 739 200
965 600 1000 800
943 800 1000 1000
904 600 965 800
837 600 904 800
871 800 943 1000
792 800 871 1000
294 800 389 1000
737 600 837 800
691 800 792 1000
880 0 1000 200
182 600 295 800
615 600 737 800
482 600 615 800
161 800 294 1000
541 800 691 1000
389 800 541 1000
0 800 161 1000
0 600 182 800
794 400 1000 600
295 600 482 800
591 400 794 600
323 400 591 600
717 200 1000 400
0 400 323 600
371 200 717 400
0 200 371 400
447 0 880 200
0 0 447 200
993 400 1000 600
986 0 1000 200
965 600 1000 800
962 200 1000 400
934 0 986 200
943 800 1000 1000
904 600 965 800
837 600 904 800
871 800 943 1000
792 800 871 1000
737 600 837 800
691 800 792 1000
615 600 737 800
868 400 993 600
482 600 615 800
541 800 691 1000
0 800 151 1000
363 800 541 1000
688 400 868 600
295 600 482 800
497 400 688 600
297 400 497 600
151 800 363 1000
0 600 295 800
0 400 297 600
663 200 962 400
0 200 663 400
0 0 934 200
