9 20 81
611482086 30094096 51489493 683468333 966726927 752294334 397031105 467436095 755216971
560581826 758214735 561407806 791945976 433325170 542752957 986716962 458846104 77414940
478821742 17960055 733666781 482368628 584832368 494191764 938792655 243883210 542989250
164844812 694592117 875557290 736620540 238219430 722301187 164209810 932560253 582385102
717410140 600729580 484561415 905505576 756723430 894309635 118370168 329322004 438808
655800892 633719738 32992805 708032098 199867591 183767063 407203201 468683659 858223393
435486064 432311344 588654400 913976356 1280067 386636367 95007163 399558251 940391142
896325502 841576504 263743130 643021079 64657944 349063191 359041859 204375099 931422879
32587172 367480514 143221180 826768225 703744296 700866251 821912555 75511268 542717592
119022772 704281363 249638548
469208790 142926517 142634961
920380699 634392870 307319663
84185263 79441957 281676753
96490071 786157062 558599100
738462378 514990160 761027072
978539638 519791085 97653631
362538311 103315848 822823692
307257823 870071027 821408114
350779679 621085943 383441964
493320401 934851933 929823397
472139342 408371191 691571358
661612313 227631476 42890206
731843930 151791784 935873762
954210332 960156771 517530737
785849675 582520700 302230211
805614135 264353915 483891500
744860892 644414453 627401940
349061582 91296539 851699562
560465760 800746600 779748608
823269605 729364777 719058827
626042077 156768758 221847860
992939911 203564216 421510682
838750622 416186459 314952181
426555276 206543104 628509927
276574445 689567610 30639796
48005065 130608197 880303941
146867822 826307826 486726274
410017822 909786005 590601441
606297033 945451252 376803515
787900020 62443497 105921556
570047139 746240449 604089311
459252175 461625700 480896385
920299895 93210961 262560983
643299544 353956072 466285333
197878584 636111480 453290753
40078834 566849707 728315587
684663319 907072435 724322782
986411765 885668510 380265261
703903277 511933493 435773752
286598925 429419747 787850272
44273072 593160078 397703257
725240908 520933335 50204110
437048232 157970643 193704476
681013783 179717605 340380255
873477442 719742337 710606183
747180976 28011720 694259412
26059613 377147546 885584197
276067167 255430069 220235892
262213675 357741082 301959864
606555753 340176750 397015054
388554296 339391631 535600986
467391981 917649884 543638366
233044704 593517175 626197759
140690288 959144422 644547006
230953538 880736846 235043800
744933537 875471507 79816911
79618482 966151658 282736274
111327548 965894202 411739398
392325265 241922469 763086613
