9 20 81
490560904 709172643 898763980 536206781 653573080 82682043 464391448 509259478 825663272
239961321 481634453 606818761 986793850 573301458 475982392 302446586 145943110 108315157
521657130 433543653 619901781 137132924 176042319 452541866 399632179 518679703 818869495
962261472 427392448 898323633 889464649 340620613 484806975 570068322 568286769 456175342
778969557 930528310 35969665 888700010 134393526 43003453 287402248 886372242 923387082
345227611 996112248 979830131 726202435 862717324 424271517 924142475 778734195 462439133
914379448 822466830 843434115 531058097 252840694 985386279 788282214 31505812 43120263
288475324 551736137 413439660 777610088 89383124 745096351 771947412 97209226 642174535
763625084 214754581 659216581 395837345 48232780 948618956 855978653 329284996 394723178
613318137 407883569 370507861
16314657 21978350 106962318
522804530 10881229 456428501
871967937 414091809 844276539
997334205 580443695 800562072
463280255 775568249 737593119
960440048 512727782 324566345
268146123 434294908 454901303
958046744 574211650 879734780
724637567 399017073 103466415
749047596 516711951 481661863
242683997 624862761 99605328
636226125 589953935 436583451
1725375 275414333 277185782
121991053 435133851 87154633
731054087 105721380 192844589
763748121 538273730 793482767
463509378 34501580 743644214
325591631 252971539 540676935
834580024 314731878 298274771
428737729 833851215 655593267
476527063 740380468 770659992
25043416 658846165 474535073
746529614 306344210 765180620
85298403 80260140 579084751
411906429 364727227 623808995
227509946 880486804 891349600
519380635 517582171 757482166
820988045 676232033 504369675
902100786 373397876 127206382
222570677 798207309 135392568
31949126 138902979 737987325
45164682 857804366 103373912
761466763 792147667 764492691
665584194 191941825 329530853
271537657 64579213 122772926
739277352 497727442 803761155
70447440 751886626 112398161
599217875 82516009 203766330
341352784 944838511 499800394
284963715 479782568 508684202
203965947 565334431 470114832
987659730 314577684 661166457
729424725 67473187 25421864
920249058 428975155 611523634
546346435 956007724 363174504
660842520 995948006 675360071
776776513 203994978 732485622
655504573 644478889 684254910
504445398 409256244 74051686
299618645 440711402 794354171
311076922 612050344 241505808
154690422 913736754 338887896
952345292 557750973 740456371
637958751 520746787 387148004
932601970 921503569 152737808
937202252 498934210 101866344
304274923 807538 749840682
795825953 886376812 727469995
20747956 768052851 429881271
