9 20 81
190178467 260170773 815573073 580513601 364812634 887838292 30498067 389240388 166304247
555632276 56233735 635150933 758419920 45578289 976041182 504756129 912357198 114052967
792011792 634986201 723847394 53151698 391720222 373143514 790338006 616085038 296106632
789906423 903156630 244784205 156080644 603956483 544501646 622667456 43996179 552968129
628131371 300569498 274948386 603048877 997728755 318639645 375770342 394711851 666266197
290230515 143375050 211705839 746895730 106552679 542642622 12503202 8714519 713689853
746721273 878051899 212459788 177762293 708933072 238997885 5917121 425944467 353422866
184940329 406385744 883133087 943436815 428565537 105046932 20307337 764094760 741783760
509664075 63392268 514251 501734898 386506337 532514170 348652378 752280975 816594321
848923754 185075020 301848910
148619013 400110514 441812910
413499616 301854969 438644735
275782393 359396782 386113252
542320163 767317344 985144161
597590795 901497132 86090489
197418022 990652939 559152834
349862993 130531850 928232001
811909734 463237513 776961112
864528106 887144445 906439999
364424384 354512583 361489305
196024247 756637733 871101701
856032919 522487130 245178023
286032811 231986346 345114182
788012435 423846920 165884769
555572345 642793034 958453733
276222620 3206961 193200260
293504143 957960087 49307613
161920975 976267557 778011938
191962933 978973342 266944016
124154994 618542225 718868548
893573249 766023304 886804946
591726536 31511402 563369356
769298074 620220409 161651473
242740365 201626239 248817374
935596462 58089999 804927100
483187591 982721582 806383267
260699033 247267935 777724802
235681260 599132459 341410311
73883742 378428575 528839191
747335272 877922275 388673074
410567908 655070293 475030153
816968967 882233296 905871532
426645424 907032894 804482894
412658398 917024344 471096925
613855129 881037414 222736209
724070416 225665677 86743960
735487929 241530801 898575450
386688233 730944332 196198267
156280918 941269928 192317945
191990608 109662151 564846101
442036596 250534940 223110824
67933838 345266675 95353317
640995534 809059812 616508493
118803349 883986343 190971622
176619803 535017225 902771822
974705432 515756181 756761725
383537023 906320265 621119927
582408914 675084518 288725245
267448414 161149775 494945440
934382941 200094986 885598716
38831211 24813443 666408977
760098594 792939662 769989686
352905130 945651656 459842890
161195316 839196695 658176280
643582400 672934100 713189574
988846395 921860807 653030879
147203226 930579011 453130184
688537017 371479299 405101821
370881678 989569085 227294293
