9 20 81
882218956 480044923 280356503 867100526 310086250 667449996 115257476 745263117 958423746
355753920 966490200 335710363 719643232 275165415 398686546 815524172 64197392 995275009
337870815 454508757 279340329 584215365 827502104 138160660 905998856 14091040 694110558
980815548 741475462 202501949 501538439 491742311 256940680 85017157 376712755 318778979
984536783 631984443 548544784 471289778 857832209 477215258 355227654 200576004 226475021
683820480 653108618 876702214 72596059 346033354 35540928 8921892 905969838 479940662
942067822 503890535 393472145 842538011 813072866 703574246 923709615 755277129 948142241
242484442 29218531 597670065 141079021 941460006 484481647 196582342 703319400 214517149
864419551 548119290 954509730 98826413 746362379 479417058 755249485 832073340 842542700
913063499 218813524 618698000
925380870 628535546 689471840
428717556 3300284 575399284
191118612 319254432 469435432
762526744 488709110 799184296
695301973 365757025 801823255
591887635 578347913 162684363
367800236 446197866 107310058
300567665 885920476 744820625
533661781 258096246 666472700
836681776 445574707 887329014
548243921 880071436 393059208
882132418 655463354 36702026
252476091 680547062 922823821
587369820 67040465 350695131
701362514 520187243 566874090
48665388 481579751 936587406
174541776 898643078 815535443
594302947 523769033 731277342
38256040 475658811 203557203
304597338 297941251 699785080
358691588 893019096 638481803
773241747 978924721 508537984
174318919 295458910 727916399
14984764 382624574 906114826
994300639 369379802 3837634
727140215 185803370 461942354
949804030 589909092 426644982
135430697 809936155 614074710
710112885 115666842 25317533
855927042 333775181 573858005
687594305 103486451 242195058
813658108 383595190 195743740
342365045 262471077 695659324
648167521 311560406 259714647
588365463 569269103 508834937
475377063 903019337 287909560
606072785 937964936 679705717
652665390 52132440 343208272
827666754 347732916 364450321
62617368 51976033 196684396
12716803 210790937 663262723
343109311 762387999 805563516
436786580 598463449 380555739
37411460 729616676 94061075
123770240 271744671 304335545
426293274 170389675 418039012
503967852 479760755 115828277
674198628 364241581 150689546
122845760 218514148 800096439
11866377 282274596 136840682
268583061 855470365 55518343
20579521 751998743 149671804
853665553 194952041 55795194
542582145 160469188 256397715
8133258 335095330 968272765
994484693 890897731 934592227
636251274 255719375 61635773
551891021 163214020 204013401
164974125 398182205 538269053
