9 20 81
24637399 700479881 406900290 573119323 864185168 668619591 947586472 563334537 105935652
159330410 220573370 982416607 855377266 249491569 448495982 698786199 306920213 934039692
771628747 604490581 581715743 571195530 697744140 217262195 611082834 468507735 958547372
304389992 221880088 861980295 960832484 913017430 383283263 422520485 794458315 423989618
119339101 768946156 702914169 288470824 700949952 604345690 756780596 670428294 102996680
469673910 424046956 139100524 21670719 207119005 925802859 386136349 161025880 223646715
928111677 108550404 788145507 209671246 562644548 264431106 807888684 854167663 704348784
749982613 67787232 395136783 403054598 96736368 823561056 8583075 453334396 113595081
5960026 81608555 430515907 953066046 150047185 635112266 551820788 966192898 44872666
69808219 470994508 868643793
232441425 236331930 800173338
718914231 842772119 757161496
590574732 662160489 333108486
766422110 183453637 609858241
721144922 689525780 294328476
230642872 533222797 718187137
193323961 11341122 192751920
186635704 46196564 109805300
672142677 605467198 573118592
751958955 70448079 30890196
712610452 517474363 578553638
152033177 646689862 565520314
926741187 86017504 703717199
872442460 715816922 898175749
591600400 98327895 705508649
168907024 182137211 79952984
158749761 141555887 561093943
443004642 125495084 415312941
847647406 64061964 893789712
741900731 349917805 461072621
326341964 370918232 316812229
620138375 537509959 325246122
815970256 770927695 975013466
469088774 135297516 447515830
75884227 389143569 470229529
876711246 519379169 21508097
982875249 333850570 378279671
490716953 961267023 748094080
283828729 532228659 516843491
195177291 19844677 696883552
168129341 131167139 510837103
189590434 702697161 907830883
816934298 421858708 227968773
347808555 295151149 520362099
435530346 241052187 870361618
34332566 689875610 318209903
724027891 682151551 646768435
852963450 482458476 455017181
584947345 838952038 875281094
596825668 867237215 16774886
30273349 681943109 18110732
517072171 63964778 960521286
54032571 814785695 755060956
183421283 246072038 489432393
566514187 25669519 602678810
619737424 819042875 189909681
606047947 16676188 57385179
159428311 904617328 35750887
887706486 60346304 957790272
73839791 50548843 571856982
843848060 162882975 923810141
327161496 297647690 636746662
97373382 811007027 81512031
301719796 466320270 985075948
358629683 295662825 641712230
142620788 996115034 572519728
266766495 844016082 312289494
675282352 325051305 288900232
82550985 155249773 730276559
