9 20 81
197621358 858223044 322398696 54614978 463453569 362562670 100737893 776081936 398317596
901605455 381968858 695821549 368085189 364017353 355591837 558294008 562158997 98105587
652311157 131062699 3310292 327198003 630570072 766981984 272500974 688454483 279586661
167571721 682981655 849493816 757041022 115684050 397982115 316822662 327724383 85809668
439867024 856583485 672207321 837055315 276064484 210958206 888302332 914275657 817505232
460573571 156610039 427801506 952546995 321653249 581247567 565790555 164416209 212413664
997354726 102136651 822066702 278964653 847247565 341698305 887400196 574207745 681855350
8921099 86869080 317742692 150288551 830407222 340273165 129188670 835083506 72783849
52166198 390515049 699427896 617324195 590415171 786258714 335863773 344105523 333783520
282353450 544928166 245455962
793744516 482204668 887505345
480045155 163338196 260008756
870946292 269900132 221371039
598149922 395635171 597535316
162817768 840523358 700990058
743321586 62271840 403776309
587101121 320074348 113896830
933650662 47353997 931817425
516057115 625168604 307961528
448620661 646019596 602507505
56614144 951912241 557501989
884354213 675699078 629105619
197593757 700139648 610233249
839313705 624606603 666882199
58003673 979082801 465778221
766320264 870361280 193894369
546547690 736534970 787995055
257553073 96117448 87401851
827598966 498129957 484560369
401377751 992420247 761058675
293188859 686301291 412188549
117783854 784920222 757663142
755916905 210711653 665004870
697968067 684104092 966578349
362081968 965475718 388844664
63098710 842504418 575405390
678096541 177171693 537722222
72643434 462935302 726430297
417389379 397096606 394480185
94460417 621322180 749072822
802933351 809108724 173602573
459134908 366692754 418462050
257227943 8160786 692165818
657181853 222375809 555165389
592046548 80555291 265426997
967542281 333101541 687097858
856663486 924340568 614572182
421490333 186394325 64900929
302100622 296297925 476702701
179137612 407197176 659813081
850718905 519889407 235745447
779477859 511335777 709174091
671940565 739205356 783667702
23650357 324827457 20214434
582584182 235789971 529872541
875381062 869117130 676980382
919564192 945691675 309855449
950796458 395382503 223398702
92141230 831794815 556161861
468756077 277688021 469160062
324897188 184793317 511976723
380944628 769433310 657385792
319569928 12853688 993678896
159628234 831736718 409147121
191426545 83076399 693368236
816883248 696166898 429701531
989043477 360353757 452009389
238771696 279850852 859917305
519468226 828563932 826450558
