9 20 81
80987371 186891759 179173846 958028513 292437293 973456883 85693504 793061391 86304749
576342904 469918767 101902775 22377837 300869919 844004003 751194951 327660743 519371766
924946507 523625327 853360303 356124301 683711880 323111421 588944172 690772447 729310759
642821539 577700899 326192850 795097306 124475883 119334428 550671703 15333733 812424298
375259908 200315566 671115382 18816819 713726944 198150100 561852345 612488686 397113512
993514520 195393545 364853649 472980064 915309932 401095880 738650099 224681375 158344605
384392206 74190220 600188085 10352584 853148372 701108554 174822934 857819807 711711112
88782648 398056190 293915030 700669606 542671829 667415127 428401067 200835817 998202319
583686250 475284278 971938331 463254587 995932690 547530731 431455462 605591510 273874351
582441087 897674047 408751066
482111133 643398345 601727192
985401421 124040415 824738207
605564197 338492256 663898848
563268398 71975248 870877339
145603933 991260151 589587533
524502087 964775754 607258980
152244578 553670397 548298120
413427556 991990427 374107905
839163455 874186253 478396374
282192814 905486435 290835054
226173824 661122302 992240890
495679373 18475022 101563913
622305980 68671470 425351805
752926873 462016188 106034677
350088788 639183279 317752662
512954095 410769834 813353307
616112812 539437443 829642869
27661597 110799324 55270637
43552890 440954691 785094856
980133532 688624527 752320416
6156568 668935951 820419684
90099053 745919526 922318813
502441740 723645876 530590124
956711899 544017795 887536781
612317209 674410787 791153539
922128429 73347978 309226103
445078914 309611752 294012329
395519656 121664564 458068042
934643685 572060947 240697116
860262888 324298761 972472845
902150940 598027979 82289854
971524965 170509836 696200994
134153397 833517642 665967390
586300750 868387025 831691719
939657486 720583077 342351489
151377230 684769854 50449504
646959030 741726206 934211233
443334972 351983558 539862045
476255922 948726237 848630327
26282662 168924546 795225405
779549705 732343689 302367151
323595242 739048725 348517837
329197821 890819833 653858717
6394218 368695113 612964719
798697813 970901708 427815458
483080604 227240910 827595588
439407601 299146223 649807378
332738098 376265670 774774571
136251135 350534089 722050274
730023747 591136913 213748627
760152426 943211687 152971815
686817440 710634353 136636299
171804469 902476437 608673003
37011546 441723662 840301500
532257584 177048443 337585359
164239212 55170452 644098714
767078362 853523098 567995153
448206866 84989396 808988944
45205292 266569364 159309622
