50 100 900
0 33
0 42
0 44
1 6
1 24
1 44
2 22
2 32
2 44
3 30
3 47
4 1
4 22
5 19
6 14
6 21
6 28
6 33
7 34
7 42
7 47
8 25
8 37
9 21
9 34
10 10
10 30
10 35
11 4
11 13
12 6
13 27
13 34
14 45
16 22
17 13
18 21
18 44
19 0
19 2
19 36
19 44
20 7
21 28
21 48
22 13
22 14
22 33
22 45
23 12
23 33
24 0
24 1
24 4
24 7
24 27
25 2
25 31
28 29
28 34
28 49
29 23
29 49
30 1
31 48
32 34
32 37
32 38
33 14
34 35
35 17
36 18
37 3
37 12
38 7
38 15
38 18
38 32
39 18
39 49
40 25
41 20
41 35
41 39
42 21
42 49
43 19
43 42
44 16
44 39
45 19
45 41
46 44
47 29
47 49
48 9
48 30
48 35
49 0
49 14
4
35
88
43
3
82
61
47
83
49
59
81
36
44
63
42
30
12
70
94
54
57
90
2
52
0
98
67
33
97
34
62
58
28
45
99
10
1
69
6
53
76
9
66
20
22
80
84
51
14
50
48
31
38
68
41
86
29
85
92
60
93
87
11
24
79
65
26
37
40
21
56
15
8
73
75
71
96
18
16
27
72
91
46
74
19
17
7
23
77
5
78
13
55
89
32
64
95
25
39
876
-365
-633
-239
-307
-1755
-1738
535
873
1106
765
-1086
-875
-1353
335
-854
719
1216
447
-480
-474
1222
-177
-1119
-821
2379
-655
-772
-8
1286
50
6
371
-1025
1843
-666
611
-212
-135
-569
-649
819
-13
939
732
-67
-138
-240
-1248
-983
315
-932
2467
-1323
-191
139
-133
-292
-433
2890
-760
-2669
-278
685
398
1030
-495
995
-1321
835
-507
261
273
997
-120
-1479
-923
-381
-284
-1171
-1151
-634
-159
354
-459
1219
229
876
1791
-1549
-2256
-162
1175
523
-1183
196
-581
738
585
-1645
-70
-256
302
-807
-603
-163
1025
-975
126
564
-1377
299
295
-419
-135
2372
1441
1272
267
938
411
1163
-430
565
669
-2144
-547
1434
-147
425
184
1147
1465
59
-1592
-719
-560
-1119
-904
-776
1876
671
1009
358
-486
-48
-1928
-197
-1735
14
895
-549
-1246
547
2151
-1164
744
-138
872
487
1026
65
434
-1077
214
-1995
794
-776
1285
1126
231
157
846
615
711
213
139
903
678
137
-629
-870
-619
-639
-701
333
437
2078
-55
349
5
1919
-412
1580
-555
359
-1730
-694
-488
-373
1016
286
-748
1394
-576
-639
-528
1501
1109
-446
594
516
846
-895
-155
-610
888
-425
651
-2058
2427
-131
-240
-830
-296
-1217
-140
168
-1241
764
-400
-84
1393
241
-450
-34
-122
-2996
2343
322
588
507
270
-1305
506
524
-693
89
1682
-107
-18
528
-1546
-1384
1228
-170
-576
-1414
-338
520
-1610
-283
-940
-1507
-509
-1108
-578
-182
32
-987
-1761
27
1090
228
-1374
1077
-82
741
-18
449
-191
-26
1194
-272
-972
-254
1733
1199
483
368
-668
-131
-745
-246
-264
-644
-1083
494
134
1321
-585
1118
-488
-463
1188
-1011
487
558
-1823
1001
-4269
194
-225
-200
-1121
929
-119
327
-9
613
-267
-163
-1351
104
-1303
-142
1263
1405
331
1215
-6
617
-763
-271
1536
-255
-184
-1867
1623
1142
-691
-197
1499
271
1513
1369
1294
-514
152
-1012
-410
-739
674
-1363
-73
-1410
54
428
-1443
1410
3
-263
54
-392
22
2231
-106
341
-247
-1667
762
-29
715
-266
248
1123
21
-885
705
-2040
-815
-175
196
134
-557
-519
-443
110
-210
-630
-511
886
162
696
68
521
63
-873
190
-219
882
430
169
350
-449
-16
181
52
674
-1248
733
274
1004
740
-1105
-907
833
-1309
32
-926
-714
455
996
523
-191
569
276
972
961
965
-246
-232
1019
892
1109
-609
-1290
-51
-734
-527
-344
539
370
-162
-154
267
813
458
557
460
-479
-465
626
-900
165
339
1645
725
901
-198
151
1071
310
-760
-508
338
2039
799
98
-422
1247
-1203
816
357
-571
1006
-349
-1006
-145
446
-918
498
-512
-55
237
139
-539
156
-96
-889
224
1950
-1833
363
-862
-15
445
-924
752
635
-257
199
919
-629
-116
699
805
-450
572
530
-274
133
-665
1570
90
402
61
-1270
359
244
69
-167
-1302
645
304
1689
349
19
244
142
31
294
-261
-1110
-493
508
967
741
1292
-454
-837
473
264
336
347
278
2196
-776
896
-1100
-1281
-1194
-335
1613
27
-197
101
737
1191
738
272
370
-396
-1028
-1399
-982
189
-1444
1408
662
-1533
-734
624
-195
-765
1637
-282
-510
-413
333
280
-279
34
-212
130
818
493
228
-1044
237
943
-443
1539
-415
-37
441
1071
94
-215
16
-56
-1913
770
-250
349
-668
531
-283
-56
-460
159
-702
140
251
1153
-427
32
-251
-721
864
-753
-1729
-172
1669
1102
-670
-588
621
125
-313
-813
1564
489
-725
-1298
597
800
895
-307
-279
-67
127
-404
28
690
935
315
1183
-592
-244
-552
-568
-436
-399
-540
-501
936
-862
261
1177
820
887
-266
1248
1431
-570
-1527
-115
819
-62
718
-211
1077
793
-1502
-277
2372
-747
-239
725
603
-736
-630
231
997
2051
-1263
992
-573
-421
1146
866
-973
222
1799
-593
436
-13
106
1053
64
-325
170
21
-425
699
-32
-371
874
277
1932
-191
2209
-486
351
-912
-113
195
-55
-1125
-620
647
-680
1516
-119
-264
-737
326
-1649
608
398
385
475
9
1679
-1495
-1125
71
201
492
445
161
-552
988
-185
510
875
-987
1264
-1716
-145
-408
475
544
-533
584
703
-651
1123
-1359
-145
-690
1166
985
350
119
-181
462
-1391
1010
1498
-936
-2451
327
279
1931
545
-317
-1767
-623
747
37
317
-388
-388
-1511
-627
1202
652
830
-704
-1406
0
887
274
-110
773
213
113
1007
790
-1248
92
-698
277
-476
-348
2119
291
587
-886
-477
-453
153
-1005
390
249
297
-508
-1044
343
192
-1038
-272
1788
430
97
-1034
-737
504
-824
-1583
831
-500
-1518
601
547
-561
-500
-998
-398
454
-1873
-725
262
766
577
466
656
898
737
-1017
-230
782
262
1153
-134
233
293
351
-1311
684
251
-689
-103
705
1050
993
-646
-640
-204
1436
115
-1524
211
84
267
-1581
326
19
-1251
892
-1768
-923
-1399
939
435
533
-820
-1253
-1063
1038
-1335
-1497
1338
186
-523
-959
726
1329
221
519
587
227
-119
-1091
-104
-1285
960
-962
-252
-1202
-282
-143
355
-1129
-813
625
-683
947
1185
-509
273
755
865
-579
1961
763
-273
1418
587
614
130
-932
261
362
-135
1004
-2029
-82
1505
-667
-995
-803
1563
289
-118
-710
1279
83
1050
-927
-851
-1476
1380
402
-194
570
-842
-1625
208
-931
-1783
754
30
-1686
1411
1016
-336
-43
1613
-1550
-12
-331
1185
30
-641
-780
1391
738
-468
2421
-1330
925
-86
606
-1642
-1073
-247
824
-1329
-761
132
-1064
1641
-756
-1737
886
-890
12
-669
-1113
-1103
748
496
-527
-1493
-425
600
483
-557
-855
-251
-1210
584
-255
-773
459
799
-51
-1063
-83
1090
-1429
611
-1457
-867
1076
-3843
-210
232
1019
-1709
-609
-351
-1567
-1419
1887
-1221
444
473
253
-344
-90
-370
649
1841
845
172
-1297
-1388
328
579
950
679
1309
-701
1295
679
-880
873
1482
-150
-684
-1244
508
-531
-201
1083
-164
-291
617
-609
528
886
-21
541
305
-361
638
-739
-1740
777
-614
-423
526
-2149
-671
-1238
1027
860
-92
29
-1152
-778
-403
1357
1150
314
744
643
268
-652
-1116
1173
597
521
-195
-2089
-263
-97
1845
193
-1153
-416
1528
701
153
-132
-704
810
-1151
-331
-367
230
-232
377
1689
322
-82
203
1747
-1055
-581
-47
-967
-1867
789
1351
-172
492
952
-610
280
1348
-130
-774
826
-316
-1899
502
1609
747
-14
1104
-120
743
-575
-854
-534
-674
661
88
305
-570
88
-1003
172
-141
-1511
-1139
-1903
477
-278
-248
108
611
-420
112
-330
-2079
349
-52
-287
157
454
-697
-885
-341
691
-1789
-1068
650
1002
-1107
916
672
1193
-1494
1309
87
-418
367
-922
-343
-870
951
616
-817
-551
122
308
-583
-695
593
-450
1376
133
-1661
-1800
554
-1742
405
248
1270
-203
-242
498
-508
-1186
898
-457
-1312
-498
535
-783
596
-516
1314
1013
307
-114
-25
1569
728
-132
-621
-324
1692
38
-590
112
590
-355
-168
335
-433
-557
676
283
359
737
1591
-194
-609
239
596
-313
481
439
-255
162
-882
-268
-52
-1298
879
-66
1411
422
240
12
1172
42
-463
116
-1203
18
789
444
-196
-1086
-914
-412
403
-899
630
874
1985
-1068
676
-39
69
715
231
-1269
311
323
877
-652
-2443
1024
-296
-1093
-1027
295
-551
658
378
668
47
1320
1287
-916
-760
442
1018
201
1162
997
1478
816
1200
154
849
-931
860
-997
-1441
412
-463
-554
278
-55
-604
-1919
982
-1002
1163
-152
-383
413
-1824
-1702
514
851
456
-617
728
-625
-1058
-145
1154
-177
865
1631
782
-157
113
1451
-382
-850
-990
913
-1082
1414
-49
566
-1379
1635
132
413
785
-64
-820
-114
200
-1150
1417
179
-278
367
-1212
333
-296
-2123
-686
-329
1696
-1241
-747
-2056
935
382
1575
165
-448
1127
-1363
-175
-23
-728
-2033
-1736
-1290
-329
804
-98
483
448
-1177
737
-617
967
600
-458
-19
948
1204
-158
1053
276
1332
-142
995
-977
-578
-733
-47
534
751
582
674
-1341
-2167
14
-2061
1738
-312
795
1282
-259
21
-169
-876
1241
-574
-1514
100
-259
-585
1094
1084
340
180
-121
1108
-677
-768
-420
916
1258
-755
-1720
-272
758
-296
1554
406
707
-1312
1234
-719
-630
-197
-1064
-227
442
180
414
573
-16
-2079
-249
-40
356
678
314
2339
801
-538
334
324
221
-799
-964
265
59
522
1359
-4
1906
-4
-980
-752
149
-496
-246
1318
-368
1400
1029
-590
-97
433
-96
-268
-327
703
524
-35
396
556
-186
-880
-727
42
-158
693
-339
-757
4
-515
-1322
623
1444
-133
717
-1007
-331
-1011
381
406
-496
-1051
-993
1574
-210
-2342
-140
-1393
-457
-671
483
-306
1377
-67
856
994
1230
-47
-992
-658
463
-651
12
-167
127
285
-1810
281
89
-598
430
-947
724
-84
2017
-110
336
1318
582
1114
-254
213
-158
145
-116
-32
-388
-621
616
434
42
-110
-493
-755
559
243
-1529
-382
296
-2
-225
-573
-931
249
710
-193
599
113
299
1081
2014
1104
444
972
384
36
-26
558
205
269
1268
-512
-991
1099
723
-202
868
117
1031
851
-2730
-481
-491
456
547
843
-294
128
-633
-1411
-15
-284
376
-460
295
-513
-363
850
1212
-667
117
196
-942
294
-95
-566
66
79
-212
-877
-1571
1582
-1301
1973
-570
-659
-838
-777
637
909
-1662
1091
-1124
-937
106
-209
676
619
-732
-1754
544
-37
-828
-109
-446
-1859
510
187
304
1031
-859
-611
853
334
226
-342
704
-444
-11
244
-809
-529
-1132
-503
271
23
-313
28
1990
-267
1146
744
-1556
-784
-394
-1485
302
-584
-686
1199
354
-577
-1041
-980
-673
677
765
614
-1052
123
650
-1897
353
1904
-164
-546
-332
-87
1446
-2348
772
-254
-604
-1887
-731
165
406
-342
-598
-650
690
608
704
1147
499
-1695
263
-493
715
-628
1971
-245
1608
-104
2171
-139
1160
-253
-414
1294
678
90
2032
1281
72
-889
716
-529
1821
-748
357
193
468
-1180
-1349
841
-236
963
937
-120
1156
-409
1352
-1505
397
638
506
-999
-710
-412
390
-417
-1234
-704
-194
64
-807
-332
1688
938
1403
-754
-1743
199
-151
218
867
-508
1112
248
1101
970
-247
-285
-689
-732
-1105
765
-513
1451
-2372
743
1118
-58
1283
8
-215
218
-659
-193
806
-16
-645
-167
-1048
65
240
1307
-347
-579
-31
-779
-48
-1196
-831
92
1324
-1357
662
1110
1293
919
-567
350
-1228
1488
94
-74
-495
-1075
-314
-1194
-891
-392
-154
-1136
-245
2137
84
456
489
203
-124
1003
-742
-1496
163
1619
-1314
117
-205
-749
-262
180
639
948
904
1657
695
991
2593
-1107
300
-87
471
-217
-343
1460
-1164
-963
77
433
-2330
-1349
-1208
486
1036
428
-27
317
-842
-307
1964
-235
-55
-140
1370
-402
-2202
-427
1090
-2375
396
-51
-1270
-186
599
-888
855
-427
1017
-1521
-539
-1123
-54
-478
95
1272
-557
-388
-323
-699
-969
276
-1408
-1844
2705
-998
1136
376
886
43
-204
-926
192
1019
73
356
927
536
1447
739
249
-2795
1532
-565
-110
-1096
1388
-2410
221
-159
-1535
312
349
-1097
-97
-1039
440
21
-300
474
367
746
246
-253
344
488
-610
-1724
-92
-242
1325
154
-1208
-998
961
780
-1329
590
1041
-112
-700
983
-287
-520
196
268
1395
-1417
-155
-488
141
-216
-450
-851
1657
-490
-262
653
-200
-451
550
818
1023
-5
-566
857
-1360
-132
879
119
1419
-292
-220
-481
937
798
1242
-434
235
-49
-1466
-1110
-1461
2626
-1095
409
692
137
312
-639
324
215
-992
722
-16
-71
-236
-370
-271
799
-1025
-1245
229
-227
-666
1278
1205
-824
875
-1050
-47
927
2108
519
-978
-1624
1669
1098
-750
902
-174
-40
522
-1696
-437
-560
503
215
-661
2160
593
-264
-676
302
-103
-1057
-246
723
583
-1860
-358
387
51
110
-833
-188
271
-242
99
1320
153
-829
-517
1130
-212
-825
-539
304
-799
260
1012
310
1824
-1740
1232
-294
-2364
618
989
343
1167
-31
1045
69
-1026
1519
1140
519
-1804
1149
-40
1455
1364
-384
789
244
-806
823
-1494
-366
-80
299
524
-766
382
-607
-100
-91
960
1321
-2359
130
361
2027
597
575
-1073
-939
-266
-507
16
-1935
165
-225
108
259
536
2002
1620
-112
133
-685
457
-633
-970
656
745
1416
-1406
-1232
-965
850
974
304
-626
1429
88
335
96
983
2065
1209
-1
1025
-30
-274
-449
213
348
1072
41
-702
515
-89
218
957
-1219
-819
-615
124
-63
777
1796
661
756
-726
-888
-104
-825
-912
469
61
2056
485
307
-158
1128
-447
464
-410
-448
422
310
285
928
420
906
-496
10
1531
1637
1295
-813
-509
477
-207
438
1480
-816
1705
-1042
167
1413
386
-322
1671
510
-545
-394
279
306
-534
1271
-600
-174
-1049
-686
799
-166
1198
96
-230
-34
1078
-796
75
970
723
-902
160
767
175
514
605
-424
719
-254
-139
-677
1107
-602
-993
-1036
97
1505
-1835
-707
267
575
-614
-1198
640
-223
737
130
1373
-1367
1024
1604
-715
-1968
857
-5
-796
-1078
-402
1034
536
-159
-1127
446
-496
844
915
148
792
879
995
-802
-1072
1514
-238
-102
-12
617
601
1594
-879
-1047
-672
796
-46
-862
712
372
1161
-1556
-193
278
-515
1528
-460
-135
270
270
-15
-1023
-17
88
1790
113
-1335
1192
-393
-978
-443
52
-1084
3197
-1225
-1388
395
-1994
573
189
1362
168
93
-876
905
-16
542
293
1035
-651
290
-326
59
962
-738
-29
-1020
405
-540
-979
-1365
-93
-388
-202
474
2689
2159
-1386
-1000
-1804
-1244
1938
-445
951
-379
516
-411
1274
889
-280
-1186
807
9
608
-1016
-515
159
-1744
1003
1114
-364
486
-665
-1125
-501
144
306
-699
-1243
1240
729
-93
128
-1220
-992
-302
-2798
-596
-127
-339
608
-1437
1103
-786
45
-689
-650
-428
1050
-19
-1828
388
-898
-1189
-818
-275
-350
-358
-675
-134
-1745
-1590
353
-533
1884
-972
368
-563
1278
-719
931
-142
-1256
-501
-702
832
97
-95
821
-1893
584
-318
-1091
-525
-49
-170
-1836
-682
578
-237
-1018
1040
-147
-247
-1748
875
1646
981
939
9
935
2046
1048
-1366
216
-1668
-36
-178
346
726
-87
-623
-1449
303
-1761
91
1306
-1366
228
661
2496
-832
368
512
783
675
-1
-913
1238
-1358
141
2187
126
340
-921
32
-386
-211
-841
1955
1054
84
-399
1443
-2406
-689
277
839
-668
-360
114
-1317
1996
1356
-1733
1902
-1844
-65
163
368
-1098
-578
-464
96
372
-152
-1302
-129
891
226
1275
-1222
-914
-1038
-114
-775
-667
-76
11
-579
-571
55
508
-338
15
-277
-42
-1158
-1133
-680
1429
-192
-34
-562
-644
335
422
1216
-551
-355
-589
951
-1476
1375
2724
-326
-2063
-108
-32
-470
-162
-104
1757
-365
-863
-1208
-792
334
449
316
-1586
33
-648
379
569
-2020
374
-244
678
-1127
-934
550
-806
-733
167
1312
-971
-299
819
-326
1132
-469
484
-773
-1357
-2269
463
190
1932
-646
214
-165
86
803
230
-267
418
-292
-952
784
1597
-119
-507
-69
1500
-1017
407
-177
-674
-233
1070
453
925
-690
948
1969
-445
1035
-172
750
758
305
212
-247
-77
267
1575
1090
-1496
-677
-249
-238
229
-1171
633
-203
-864
743
577
-627
-387
744
-362
48
651
198
548
-71
-160
-1300
-1040
-1136
347
-1689
1044
-1255
513
-409
448
-806
-306
1625
-769
-284
-742
773
22
886
-437
260
-160
-990
16
285
-224
260
65
-522
-72
-128
-29
-444
-239
876
322
703
-648
-821
-809
-970
296
-1611
1310
-1095
964
531
-596
715
845
834
357
1419
-60
-480
-517
441
-316
1091
-1899
-681
-646
-228
961
-870
1509
-435
-133
-243
450
1689
989
-169
-509
773
-535
1318
584
156
-409
-28
-1297
-495
909
-71
1285
1394
363
589
-1111
-510
-249
-991
670
-91
556
205
922
674
-540
-3
291
-105
1191
768
-2527
439
559
281
125
47
553
-1268
1805
-1455
1471
-1047
414
197
-156
-603
-172
1098
-203
-998
-821
-413
-657
-2037
-1776
-986
847
961
-659
-246
-872
292
134
1750
-748
-198
897
931
-1096
-2012
-997
-5
332
-1247
404
-346
877
-402
-163
-432
-1220
401
-408
-305
8
19
-863
-155
276
-565
-1035
-947
-1373
-1249
-151
391
-961
654
-175
-424
691
-513
1527
2027
-578
-20
329
872
-571
436
1005
416
744
-1494
283
-1622
221
919
433
-2594
-516
1217
1504
1065
-700
-179
132
2608
172
-455
-1684
207
193
-2433
195
24
167
378
-485
-252
-632
130
781
-935
-544
1858
-775
728
395
1547
1719
198
-99
-1307
1118
809
1420
308
-429
-1376
1374
563
-679
-2122
520
1715
-392
179
132
113
-1759
574
-709
1448
-889
-446
-628
-735
2105
-1889
1316
2549
-742
-270
1460
377
1349
96
-1392
-80
-185
-229
341
1340
-868
408
-415
-1222
206
545
-238
-2103
971
-33
-1333
617
-800
-1047
-87
-1349
-86
-141
-1617
-444
-423
958
-472
1009
-502
1015
-917
-1354
-16
-177
201
924
-168
-949
-2176
-207
888
-1057
-911
275
496
-112
932
652
-1
980
-1111
781
-2072
-788
502
-219
1250
134
-493
-289
1315
915
-941
-721
-83
478
1896
17
454
286
-667
1975
898
-433
-413
-126
926
-797
341
984
1151
-544
1720
-1118
-544
345
745
90
-1019
481
-310
-1805
1102
-1723
-795
-914
-55
239
-195
-1320
297
1178
571
380
-167
552
-113
-284
-112
656
-994
1320
-863
109
-961
-628
-1015
429
399
519
2137
-1038
150
-1343
886
-224
731
1051
-1404
-16
1336
354
-395
265
846
-376
1607
-781
-840
-608
-192
-93
-590
-237
95
-1759
-88
250
-110
-373
117
-1193
765
274
1342
-666
-69
-641
1182
-1346
246
-616
-2334
-69
2033
-190
28
2108
1374
1083
-1771
-604
832
-194
626
-226
-744
-1744
-810
-262
-1132
-1599
687
-744
85
-1016
-660
778
1140
570
1579
-1482
1159
-308
476
-910
-819
600
249
-349
228
-1838
-2874
611
667
-583
167
409
9
8
-813
-727
1232
-828
-1293
-883
-1335
-661
-343
-708
-243
-1014
1413
-113
-1316
-304
-687
133
49
-87
-33
-90
130
-581
300
-54
-113
436
1126
-736
1049
87
-995
83
19
768
801
-116
-446
1558
-1502
866
157
-685
-279
438
952
-687
-393
-1616
1639
-684
-1490
462
97
-639
-933
249
-989
126
-1436
-48
-303
1694
143
-476
1688
1028
724
-282
656
493
-868
1038
1252
-484
323
168
-740
1332
-375
590
514
1572
436
482
743
298
-1193
132
-1046
-710
-351
-1266
887
-709
-112
-18
554
1383
674
717
89
738
-86
-2198
-335
361
-1551
15
201
-356
121
738
162
-970
-993
-879
77
-1422
120
606
-1404
-1497
1702
-356
-473
820
449
499
158
356
-404
714
-1012
1965
-900
-909
1074
236
619
-198
-347
1289
1015
-243
-507
1882
-1198
-11
878
346
644
1441
796
-707
-1095
-92
809
-373
884
-1444
135
-393
743
1152
293
1578
-970
971
-611
-891
-477
1188
-171
852
1491
-1215
1130
788
-797
688
78
746
958
1659
-905
721
938
-1235
1850
1543
-925
-387
-550
314
143
-42
-417
753
-686
-954
110
-430
456
1199
-210
-621
-48
-857
-232
570
-343
710
591
328
417
902
1090
451
-1931
1136
-2008
-832
-887
-138
-911
383
-986
1545
150
-531
429
282
385
665
748
-977
-1629
167
230
678
509
227
-784
1491
-899
-114
246
963
-655
-114
1830
667
-1007
-853
425
-790
264
-744
-355
1938
-155
-668
61
-399
-875
1248
156
1098
522
-477
-351
-1056
-121
-308
330
-944
-1124
523
160
-69
1247
596
908
1104
-933
-154
-531
-1041
392
-163
792
420
372
1792
43
239
-88
1110
1773
1505
241
1093
-162
-580
-772
956
960
1197
796
-808
987
187
593
-485
-1080
153
184
-50
648
1277
-401
1203
-218
1064
1775
530
652
730
-502
-951
-151
-307
-234
344
142
-651
-1251
-316
29
-1131
250
-550
-526
328
817
106
727
1110
-642
113
-508
403
-1183
140
984
-247
98
-1092
-624
1701
-782
-665
198
679
-443
215
-409
-1557
23
261
879
160
-46
-679
897
502
-1312
1099
412
393
-497
-681
-3357
-1019
752
1819
468
70
-1370
1013
-1205
-968
1244
-738
-1196
-1432
461
-411
-1189
-1124
-279
-442
570
1459
-259
527
-291
-543
-1
903
-744
1483
-1053
58
2468
706
-995
175
-587
962
-771
1793
-739
97
-1326
357
996
-1050
-336
2603
-350
635
210
764
532
-372
76
-1466
-412
917
287
-133
364
19
-794
-572
781
-105
-1141
-209
-863
-1250
1561
106
399
529
-692
2199
-540
425
-122
-778
-617
1461
-292
-32
799
-1186
-1274
-765
318
-714
774
-194
122
-1610
-128
-527
-561
822
653
-75
-953
1323
-746
841
-142
1424
-859
32
308
218
663
-348
-618
122
150
889
-139
-1820
82
-1059
1750
836
-326
-1804
-352
528
750
-568
-274
1405
-470
327
-556
377
-661
1353
-919
-1170
644
-157
-513
-235
712
716
372
1513
-457
-160
-1215
513
-662
-330
268
-1877
1307
1005
-179
559
-177
-212
48
1591
503
503
-392
-856
-916
-1730
-2
-970
-747
-236
-520
376
-278
-1004
314
-77
-320
57
16
355
121
283
1158
1423
658
-197
-1223
526
2556
-140
-1950
-1070
619
-432
-514
287
-586
887
-473
703
298
-388
-1341
136
1803
-1257
-1109
-775
-1392
-431
210
493
-59
861
-1844
-410
-1190
-916
-547
456
1443
291
1713
123
-126
1132
-160
-1283
659
-218
-662
-924
198
88
-742
135
369
-791
277
-1238
197
674
288
1616
-67
-956
-1215
150
-649
-351
-463
368
-771
-1989
-670
-131
966
-146
902
-1161
501
961
-748
42
585
526
-1455
294
68
1439
1521
174
-1428
-1096
-1141
-516
1916
839
490
-923
1142
-926
-2011
797
-490
814
-362
950
446
-179
1459
-878
-377
-235
1689
-413
1494
-915
290
-150
943
1935
165
507
62
-1203
-33
1355
94
255
1227
-538
452
493
325
67
-989
784
12
994
845
182
904
1150
-307
-284
1610
828
383
138
693
1490
1509
-98
-396
41
-1256
47
416
723
-744
179
2486
-101
-847
-439
-527
140
515
-533
843
820
-55
-753
5
-708
885
2078
303
-686
-1376
384
-1233
-1582
914
-1370
292
785
151
25
1326
1736
-1210
348
230
431
-1192
-742
53
720
-552
-45
1016
1039
213
499
395
376
140
2071
1778
948
753
554
-667
331
143
-631
-469
323
-741
-1008
670
-1575
357
444
1643
199
107
-1611
863
-31
486
-112
543
183
-133
-2148
-741
1111
461
-1394
1309
-227
-722
-849
-726
422
102
1196
-329
-1313
-577
733
-227
85
-123
101
-439
178
-122
140
1581
-771
-1051
-551
-150
-271
-2443
458
256
-1244
241
417
425
-981
318
-495
-67
446
-471
603
-448
1840
-1665
-437
-66
-195
1327
1144
540
-1830
1543
-183
-67
-677
-1158
-137
-380
1705
209
531
584
-348
-278
1233
-145
-1355
1323
1743
-1030
1531
298
897
821
856
-4
186
-2119
-681
1920
-571
477
708
1100
-206
1177
-442
-1012
-895
-145
1327
-494
1172
72
758
218
-453
858
-229
-654
-895
141
-1344
383
-376
-63
-320
-340
324
-715
-160
835
601
-1867
-193
1042
-40
-147
105
-1837
-564
604
-831
-740
-1964
20
-292
-302
1064
885
117
663
690
693
1129
563
-211
1087
8
415
-597
-815
804
424
-1843
142
1390
-1164
-104
1000
796
-555
515
-342
-378
-424
-478
521
-444
-466
1134
663
444
-50
282
-666
-1033
-1297
724
809
-1140
1957
230
-655
2044
-85
476
-853
-159
-480
-990
2944
-131
599
1734
-265
-663
1195
-300
84
-211
-1746
852
-954
1305
144
426
546
284
-50
1206
61
-217
622
904
638
759
453
-534
-298
1734
595
1863
119
1871
-1608
414
-629
777
500
-21
-190
654
1709
625
-49
-49
-942
1716
-183
-11
31
-440
-450
586
-1657
-113
979
-451
70
1123
802
665
530
-402
-697
-700
-1275
18
851
-180
521
-475
-923
377
-557
-1188
62
571
64
-1186
62
-343
194
-637
1655
1499
-24
-689
-652
1080
2128
-1271
-1900
-1117
-609
445
-180
583
1086
585
1745
-836
378
820
206
651
502
-114
-357
-725
987
-489
-1135
888
209
-687
457
1283
-264
1660
-1255
-425
354
-51
445
-814
562
-404
-946
-750
-1524
689
-42
489
-729
-124
173
839
738
518
428
-227
-943
985
-903
-1022
-711
-1201
1050
936
1
144
-802
1922
1003
-1394
1259
1243
440
1553
-1083
-592
1435
-1474
-47
-244
539
1982
-367
639
798
32
56
-278
12
-1120
427
-864
613
-964
-386
636
-443
-1115
-1246
-1248
-730
-106
-103
265
1491
1235
-873
-598
-34
-904
982
53
53
766
-1055
1032
-657
1569
-256
-2009
1242
901
3182
-1333
811
1447
-172
-583
1059
638
-111
759
117
-511
-810
-777
150
421
245
-277
-977
613
-810
1607
1724
-99
1043
806
256
-511
-297
-809
111
1014
390
-75
1143
916
-814
-797
-272
725
-479
-1068
-34
506
1062
-1245
107
-1213
-2212
629
707
499
-694
-215
-635
-881
-506
-314
-855
-424
865
-807
27
-283
-615
-1391
1349
-202
-107
2002
-113
123
-1396
-1707
-62
-2602
540
-2169
-96
-979
-597
-548
-526
557
-129
-963
622
-1164
-1640
-743
728
-406
589
1473
1300
333
-57
-47
1680
86
-644
-17
-435
994
-576
-1315
-275
-319
1022
-968
332
1223
-524
1560
222
932
-1104
-646
-1425
1780
-806
-1086
-1993
451
236
-1243
-1487
-705
1196
126
444
1341
166
-2146
-326
-1342
-665
420
1591
-970
414
772
605
500
343
726
294
21
510
288
-615
-1558
1159
-181
-598
-134
-938
390
1346
-173
-474
16
-578
-702
-1704
-164
-1082
1134
-434
1467
513
-1025
-1445
-821
1346
-2797
283
-710
1663
-820
-1209
-597
926
1080
248
699
-141
-479
633
381
1016
409
-376
-144
1145
1090
-840
420
-31
-578
-703
1347
25
-69
-607
-747
-254
632
1580
-236
295
-1380
-949
234
666
1921
1286
-910
2280
1179
-1063
-1352
548
-1801
-1614
-28
529
2916
639
781
881
825
-1565
-870
28
1047
-837
-1282
-830
-679
229
-83
915
334
-151
-289
-695
26
-336
-498
-1081
-654
-1016
-153
335
932
380
-1461
2457
-334
-1279
-144
893
239
-730
-258
-221
2744
-176
1129
1006
1373
-449
457
107
-130
-1264
678
-635
257
-1779
2767
98
-99
-897
926
-575
756
-831
714
50
-1613
233
180
159
-64
1689
-509
-125
213
666
1161
-995
-859
432
-1810
-633
781
515
-437
-1233
1398
-155
1541
-756
765
1035
2287
498
-936
1784
-1731
-561
-1017
-2052
77
-761
-1540
224
2169
-640
-1016
399
-32
-950
-790
1763
-159
323
61
1433
1434
-1162
397
667
-402
-538
827
445
-185
534
969
1024
-133
-215
-374
-1949
1208
285
-1281
1739
-709
299
1170
46
1528
501
-224
-544
-392
-1088
196
1049
-629
684
-1509
-333
-1720
880
296
-227
441
-535
2192
-512
360
-913
45
-1497
83
-31
1738
-1103
-1091
-455
387
-1443
2249
199
-248
-1605
-635
802
-846
711
-398
850
735
4
-1552
-1088
-1383
1231
1059
563
-1526
-464
-414
-1082
85
1417
712
903
-127
732
271
1549
-1268
-1298
-512
48
-1581
-269
402
-1009
-140
25
884
1363
-202
-946
-1222
90
-420
1031
735
52
-517
394
501
-333
152
-196
913
-1308
1309
147
174
-302
-2268
-241
32
-1225
-338
220
994
1279
-200
-193
-1005
-308
-410
-1882
121
268
433
1569
-1002
651
-974
-39
1340
-36
-986
-695
605
-1630
812
-1410
1803
-84
-36
379
-1144
-251
898
140
1347
257
-600
531
137
18
-337
433
-1062
-939
422
-65
349
1880
-1273
636
171
-523
-169
-317
-605
1444
36
2232
-311
-1056
2110
-78
535
1017
843
462
564
-90
-1231
-144
863
239
-583
-1006
-1349
444
-1122
-1399
1476
-545
1044
1559
-61
-1769
1801
-1403
-800
999
1250
-476
1442
-678
2539
-357
-429
663
-491
814
-1344
-112
-470
47
338
943
1032
-87
-506
244
-281
539
378
452
367
130
221
1204
392
875
-423
-1038
1557
1591
-807
418
2068
516
-1651
409
-1178
687
-515
-944
210
-132
-184
-78
585
744
-354
-548
-820
343
-584
463
-883
95
-654
867
-77
-344
-789
-155
-403
-705
163
-305
-1439
-550
-1083
304
-768
92
-429
-1061
-1919
294
-165
532
34
-1641
610
136
778
-1910
170
-2761
754
-624
-660
292
1030
726
1210
783
130
713
2143
869
595
-1030
67
945
-1089
603
833
-400
26
586
-751
261
617
-1277
-124
398
1354
494
-375
-430
624
300
-478
-468
623
1445
-1206
757
-60
-428
-249
-1171
-614
-472
-132
-5
542
211
854
683
-1042
-734
-26
-2000
1334
195
264
-71
-1574
362
-163
-220
182
119
-4
-728
-398
-651
-1430
1201
197
59
-797
46
236
-90
-616
1
827
623
183
-299
-1810
-96
511
589
-504
991
459
-1393
-941
-841
-873
-491
-1857
654
114
960
-138
300
-3
1216
227
-793
15
570
-1946
1402
505
-646
118
-717
197
858
1506
125
85
596
-881
941
570
-2235
318
1022
-1439
826
819
1075
-84
-1599
-367
858
335
96
117
-675
-287
-1141
309
-9
-875
-1092
-1731
1342
1167
275
-1682
-1687
-229
-730
-110
39
-238
-102
1015
109
-1213
419
684
350
1175
-2256
-285
178
89
1168
-1112
999
-973
-1675
964
-88
-1234
-144
1057
-713
1665
-1448
1085
483
-862
-97
-694
229
312
-5
-225
-2020
-1121
2804
-1013
821
-1683
-204
-393
103
550
-12
-425
-669
-655
-534
-2195
73
-716
439
457
-507
391
526
-624
355
-318
444
29
503
529
1236
228
77
-1871
1471
-117
861
-631
-239
1322
-218
87
-691
-729
352
-628
1510
-634
-59
-1280
474
984
338
-1250
-795
-183
1891
-480
94
-949
17
-586
-1131
35
-966
-578
-121
653
-387
423
-143
1304
39
-1528
-1055
-975
189
-923
-568
1829
534
620
-457
62
1282
270
-755
-272
-710
-910
-1486
-807
1313
1101
338
587
1140
-823
-365
1858
-62
923
380
1542
-1219
-979
-478
-61
-1997
670
-818
-816
-628
-636
730
-1119
583
2723
293
891
-555
172
-749
-344
1050
-1751
-64
1047
1038
1405
-1224
-389
-1225
-739
-423
-352
1027
-40
-386
695
344
931
1281
-1832
578
-342
-637
-1001
-958
994
-102
1289
-508
20
-950
-350
1339
-138
527
1781
215
-251
308
497
-724
-909
271
-252
1245
-143
-2132
826
-714
980
509
-288
-132
1147
-115
-913
1348
108
-240
-534
1855
-833
236
-1188
-267
1652
628
-120
323
-582
-999
-1658
-1181
-864
-874
183
598
-1511
-161
4
-14
-403
-647
-1545
754
-721
1035
1341
-644
416
-767
-509
-281
664
495
1328
-449
-1042
-718
-345
-988
-865
1707
-623
-578
738
-534
-1784
274
-1001
-1048
1152
-709
-459
964
-611
823
-266
561
-1215
-213
303
-32
-378
-439
242
818
1883
-581
654
-335
-84
-926
446
-1027
926
594
1385
-1024
-22
451
2276
1518
862
-514
-534
-475
1652
65
-469
-1545
431
779
736
12
-326
910
-359
1000
-276
418
231
-629
912
429
35
726
-220
-586
204
-551
421
258
21
-1801
392
0
-791
1229
-1682
563
564
-987
-663
750
-425
969
962
1816
-150
2357
1128
-1752
-330
1391
98
-157
-559
-865
668
-945
-585
-393
90
2233
1059
-1176
-1365
278
-567
92
-827
498
-256
485
-520
-263
-912
-483
643
-603
597
574
260
-1143
-1081
1739
-745
184
656
-329
1082
-393
270
-726
-1461
1466
-205
-246
386
-945
-1468
-512
-635
86
1581
-359
-467
1282
1275
-715
997
-678
65
275
962
-1165
-548
1762
-1308
171
32
356
-108
135
789
-1169
187
778
-1703
-481
-111
865
-317
-169
-478
-61
476
800
1448
472
-564
-991
-1005
-133
786
-540
575
-687
-1578
-242
-311
524
-857
1608
-1644
467
-1254
852
428
1307
345
419
1359
-284
215
1575
594
-578
-423
602
496
2138
8
1057
-447
857
687
-477
-247
602
-238
-497
213
522
-4
319
-1808
598
2361
1684
2027
-1103
454
864
799
263
220
-224
155
1633
-617
199
549
-882
-1083
-337
-788
-484
-647
-346
220
-1173
-449
-460
-54
-333
-1011
-1798
-925
551
436
639
-270
596
68
31
-445
25
-1836
-966
265
790
-130
-1056
744
-753
-1052
-40
-736
1081
221
512
1005
-299
888
228
-112
-1064
-826
-157
2042
-1277
2445
-80
-1401
310
188
-1260
1284
408
-287
-524
-865
1259
664
-792
-680
-1165
996
339
-439
-394
-80
-273
-1291
-1230
-183
225
-366
-1029
-1466
-1299
-477
1001
-26
-1145
-1671
694
-1690
-1738
28
-1254
1190
-1161
68
-259
-417
1126
-1500
-209
-1210
-955
348
-498
1502
270
-146
396
-564
121
585
758
-310
371
172
-126
45
-1212
-922
1533
1040
1330
126
-1578
1128
1766
-255
693
-753
418
537
409
339
-12
690
-2634
713
354
-598
1124
-570
-1431
-47
-797
-913
493
-196
-259
553
617
858
1433
1051
-32
1133
-826
295
951
1285
536
-347
-233
802
167
1379
804
-574
1081
256
374
89
-995
1207
725
541
-1191
133
241
-230
-432
198
-888
-305
578
-1742
660
1264
-1614
1080
976
-1215
-1058
-279
-171
1011
-412
192
213
-187
1110
23
-1231
175
83
-939
-283
1893
-42
225
1340
-247
-244
-1218
-504
-681
-477
1111
464
-188
1433
712
-129
-567
-481
877
2542
-117
338
441
-94
479
-270
748
835
-110
979
391
-1872
710
133
1994
-454
1196
949
-816
-495
829
854
-193
151
64
552
473
1542
-7
12
-1392
70
-822
-219
24
137
160
-293
1553
887
37
-2273
-513
781
756
-250
1090
-13
-897
1160
755
-1031
99
1516
1483
-944
565
915
-465
-524
-909
1456
456
833
-369
1837
-1125
949
-1136
352
1430
-2013
-972
459
333
-268
942
375
-135
-1700
-215
-68
66
-707
1665
-2488
359
550
16
-299
-1307
543
-1227
52
1489
1844
1556
-2039
531
-941
724
-784
-228
869
1039
40
807
-628
-915
658
450
-738
881
-2139
332
-352
-784
883
-1125
-646
637
-21
-1010
-2009
853
586
340
-216
-702
-938
811
87
275
1069
-211
-195
169
1643
655
757
-1728
1304
1069
365
-1592
133
-437
-984
477
349
-215
-442
-431
-840
-888
-438
1284
1910
-237
-159
-41
-469
1805
-906
1448
295
698
478
-367
-11
-346
-495
-1238
146
-1490
-100
132
1163
345
1068
933
-316
-520
713
-446
-1289
389
-812
396
367
-1174
35
-1096
-2124
-501
-516
99
-636
-253
1688
817
-56
537
271
-444
417
1292
130
89
-783
540
1609
20
-802
-1504
-97
1281
-793
-219
-458
-88
114
833
420
135
981
-1870
-122
-508
134
-1217
-181
-280
578
611
523
-906
489
-115
-1484
-1440
1979
1402
433
1734
-1724
-297
-1028
-939
-566
-1862
-253
-566
-94
-1925
-125
750
-661
351
211
836
-950
-377
-1002
-456
-309
-593
-107
233
-1309
-677
1623
-447
95
-1292
1185
1760
1304
1711
-1037
556
-52
144
138
-864
821
-43
-876
1233
-451
-1181
1395
754
1202
306
-375
2306
508
551
1141
1003
-310
838
672
-1980
-851
117
-436
605
-1580
-1025
704
-556
-1332
74
-2228
-283
-2584
-234
-1665
-420
-245
424
-71
-1918
-615
788
-590
1224
-665
-721
353
-983
-278
-1281
498
781
478
80
-46
-713
-1022
500
971
1361
-183
802
-100
-756
-1124
485
1086
702
-865
-1604
-1015
-2207
-374
833
-34
-694
1651
-272
-1000
-1005
-366
342
1420
776
106
-147
-336
189
1225
1235
563
1888
43
-1355
329
-406
-718
517
348
475
-1814
885
-45
699
1755
126
-481
1369
53
-359
494
-1147
632
1247
1543
-795
-432
268
1552
317
-1656
-129
-1079
-1818
1102
-179
1399
-1671
76
1367
-575
-293
-861
-466
-882
-383
2453
1272
1118
-1247
383
1431
975
-342
-754
87
1521
173
-559
-70
1074
1393
1267
2208
-415
752
1900
-209
-313
-1157
482
-369
314
-396
-518
939
489
-543
445
-1010
623
406
1164
-530
-646
-41
-570
324
-167
1252
1848
-1044
-355
-611
-718
-708
1748
-153
448
-608
-950
585
-393
782
-124
-646
-779
-964
-2046
-1498
1223
-682
-219
-627
-588
1275
-919
255
-128
752
-617
69
1488
515
-1236
73
436
-52
-534
516
-1336
-754
434
-730
-361
307
1836
295
918
-983
1531
220
-1060
697
757
-231
-498
202
-918
-876
-342
-66
-1010
-138
-163
754
-978
-1038
-687
-850
-62
162
-989
-255
-1509
-1433
780
-644
-1115
1796
1139
558
-388
-428
-1011
-555
1090
239
-789
44
342
675
-1450
-914
-404
307
-829
176
-1751
527
484
-1356
12
250
-421
837
337
-400
-288
349
-804
72
1625
1638
479
936
-365
-162
1528
-276
66
575
-1171
1302
3
-1503
364
-1321
-1719
668
-944
2349
-412
-758
383
-822
847
-1009
1455
606
-135
-446
-319
-2808
382
-687
-2027
550
298
695
59
-1036
-185
-262
-1019
1092
962
-332
-585
1493
9
1426
1512
856
-260
-1136
2122
1005
450
-315
256
-758
-1615
436
-1327
-1603
45
-559
904
380
400
1685
-339
-351
341
-334
-675
1580
1748
419
388
2223
-215
2327
-403
645
1390
-76
-2163
786
-1525
1621
-596
-215
1383
-13
493
-114
-1843
-554
-959
-707
-176
388
138
306
-197
-1057
350
-1105
276
1029
1353
1798
-855
-405
1730
-180
-935
-65
723
-66
189
67
-185
438
67
-306
1116
901
-164
860
-844
994
709
0
-203
-767
488
-337
344
513
399
-787
-705
-923
537
-56
-132
-533
-261
902
353
782
-935
-922
65
626
166
-1570
-220
-416
20
-1876
1216
562
1696
-685
-75
1630
-490
369
400
1180
-851
-454
55
538
138
236
63
-538
-719
-233
-427
-83
-115
-422
-1071
891
-442
-874
503
589
804
927
797
663
2002
828
1824
1628
-7
-151
1124
209
1117
-865
676
1414
259
1483
-73
706
-1933
-819
172
483
498
202
285
103
-1313
-686
839
-331
475
265
1663
-776
704
1020
-81
-183
536
54
-426
-446
-3170
123
-823
198
-243
-781
-76
471
-478
726
-124
17
776
268
560
1306
-745
-101
385
-295
-574
-654
783
-503
215
140
-1009
-67
275
1269
-89
-1045
-988
343
-251
-768
-697
-367
-1337
-2066
343
1238
362
-119
-897
-1287
-1097
-1177
-2274
-1319
210
-142
-401
838
1406
-263
-1186
-439
1464
-2030
90
297
90
1023
723
138
235
54
394
-1304
-240
-715
-15
340
-1094
2151
671
169
984
787
1426
-913
1853
211
465
-2190
1556
-54
-247
550
544
902
522
-1159
373
-1860
-73
1286
-448
-357
-671
111
987
815
784
-463
-59
-1035
-1646
-1248
758
-1259
-589
-1218
1257
-185
-288
-1269
1340
-1323
1136
-451
460
686
38
-638
1063
-864
445
-2410
796
-690
167
-289
473
-571
107
-862
107
-141
2054
1499
2772
-811
-334
-281
-147
65
-781
-112
-648
1202
615
-2325
-1638
392
-358
307
154
-321
160
304
1035
-539
-171
644
-385
-1653
1789
1118
1443
-837
-78
-1697
-841
-1116
203
731
497
-1209
1792
1007
-623
-1161
-842
205
-341
-1152
-508
1082
-483
1571
-493
-880
70
-1628
778
102
1291
256
-14
204
706
-322
1675
-616
370
767
-62
-1274
754
-767
-1069
140
270
-100
-43
-1613
120
-461
1202
643
3070
849
1414
415
-449
761
993
174
1238
120
-1923
-1930
-2381
145
-766
501
-40
57
783
349
-1201
-534
275
-304
14
-538
-345
748
-930
964
1014
-1319
1752
-118
1114
1139
120
-1284
-765
-56
1033
2207
-1099
1568
259
525
-952
24
1708
921
900
-433
1343
1999
-1626
341
692
151
-495
-171
-211
-79
-1077
283
556
521
-221
-1305
-552
-456
-424
2813
960
33
527
-458
39
-1384
768
728
-155
810
65
838
231
1290
1850
-1888
-193
319
583
-414
3193
436
317
109
-1079
1159
-994
-443
-44
1225
-29
674
170
-120
792
749
-632
-169
-1241
-1201
1388
-452
1240
258
-1227
-1401
358
-458
532
1966
490
93
151
917
359
-261
413
189
639
652
805
1254
-883
671
1625
734
1140
-90
928
176
1356
442
1057
222
-1366
-1326
732
-788
285
856
10
-1477
-1044
-568
-573
-397
-546
-549
-1160
1863
-393
-612
1701
-2083
-492
205
-48
-857
1059
189
793
418
-632
-1894
-705
-761
-326
554
305
-1149
469
123
-1015
-20
-503
-327
735
497
-957
406
-95
1906
-325
-125
1598
-194
-1060
-433
-307
-962
-2177
599
-541
945
-1281
-1301
216
-803
-598
-373
-796
-529
3
-634
748
549
-861
334
-457
1199
510
-1597
-1574
1296
1032
-29
-202
-228
-1515
915
189
690
1310
-1363
-1262
515
1744
-1001
251
-419
-184
-762
219
-1093
-176
1056
44
784
-253
361
818
673
-1197
369
-1602
829
-838
1633
552
562
1161
1381
1544
91
-976
-510
366
-436
967
-85
1324
-47
-582
-305
-4
1673
-344
486
-1134
-187
-1034
1122
-672
-139
1114
-1013
168
405
1118
-322
-1320
261
506
449
-1407
1207
-465
-1290
565
-628
-1250
-1711
-1207
-202
-458
1494
1262
497
446
1339
-661
458
-161
-83
-838
147
350
-875
-759
-164
510
1072
1722
-1403
-1503
-107
-35
-1463
1222
-3126
1120
-269
-49
-40
-277
-1110
-933
-422
-3
919
-398
575
296
487
968
327
1156
170
38
918
-656
241
896
-644
-593
-269
1059
-1255
729
-390
43
726
250
1614
284
-1994
1275
-464
108
-1252
667
651
-612
-1123
-840
-746
1041
187
-1751
159
-1386
-567
-1496
-848
-447
325
267
-757
-1141
-170
-172
164
1032
-1058
859
-1278
644
-1282
1442
879
374
656
174
776
-1519
433
-409
-876
-759
540
849
1030
695
371
642
-1585
-523
1613
1464
424
639
118
614
-139
-780
-1275
1083
-803
-107
-372
1312
-95
460
305
-786
-360
720
261
-1260
-172
-567
1226
-91
190
-109
-919
-1086
-1008
381
1836
1463
-951
-757
-255
-512
147
602
-418
-1065
-294
-1080
-1838
-63
755
640
460
-129
-1932
-649
343
624
-565
-152
721
279
-133
124
-1586
-768
-983
-194
2
-38
372
-1166
480
-1003
-757
-1050
716
-942
-1012
1159
-74
-637
-49
70
-425
1860
167
-816
-515
-494
-16
1631
-1099
218
1177
733
190
-420
-35
663
-1081
-55
210
324
-242
434
-2179
-978
-645
-411
-172
-1151
708
-65
-750
-185
756
-328
-1506
-115
-858
118
-416
-72
-1102
-1846
-974
1340
330
-339
403
-1215
-1913
-553
122
69
447
-311
-683
-703
-624
-93
569
-1865
-1676
891
486
-576
-594
-526
999
700
338
-549
-1168
-2022
503
78
391
265
-346
-291
1406
-922
-466
-961
667
474
-425
-827
-821
-1559
-745
561
-7
1364
-1802
-1195
1381
-562
-18
394
-389
-1405
-594
-2
-2
462
1442
-1973
15
-370
1018
443
364
53
-190
-364
241
1408
-380
197
-135
1909
33
334
-879
1046
-237
579
450
-594
-38
186
701
1085
-1006
-211
-202
1128
-414
-402
-463
1206
-535
-1025
-597
284
-162
-1907
1059
-931
68
-748
28
-1179
1047
-1007
-202
-1288
-2018
-772
-1079
-383
656
-602
-298
1678
-472
461
725
-149
169
-245
-1274
799
309
-632
-2017
224
1185
-514
-1373
-348
-772
-380
450
-236
-102
784
-349
618
69
1883
2302
809
-1041
245
2087
-62
912
81
457
-1018
463
600
-2033
455
-1198
279
411
1281
-303
245
560
242
550
71
-1119
870
140
231
1027
-1035
1354
-454
551
-1762
-1127
35
1021
388
1666
162
-408
-1141
-1070
66
-191
216
1080
752
-32
1608
145
293
561
556
-234
-954
65
1124
1201
522
-28
-40
670
-668
-156
241
-744
-616
-753
-1891
-348
1228
-193
1336
-375
-46
329
-586
-521
-721
518
-827
209
2492
-1289
-808
-157
511
272
-933
231
855
-1211
-631
2507
-314
-718
-1006
1091
-645
-868
68
-2708
179
755
-453
-618
-329
1057
1952
696
-321
-206
-202
-719
-686
-561
460
872
85
-560
-839
2226
-359
-160
-1138
579
-255
21
696
-244
120
423
1597
-768
2293
906
-614
-1007
-1681
169
881
-5
-2851
172
-1512
431
221
0
-1010
1825
-669
303
-1882
-344
739
1406
92
-730
-581
13
1295
-19
-1024
136
-88
-394
2071
227
85
-613
1324
-1277
-1369
-1289
34
937
522
1280
-943
-1752
144
1044
-494
882
-755
324
-478
3
819
285
281
721
-970
-1011
1192
814
-1687
834
1685
-1011
350
229
311
-518
474
-944
-177
-1506
-553
965
840
564
-1001
367
1677
522
-94
184
438
-363
163
-1454
-1452
-1155
457
628
61
439
508
462
681
1184
1416
-558
1315
408
1063
-231
-226
-172
-399
964
-1422
1151
-167
146
539
192
2079
880
223
-611
-382
1731
-48
-551
-246
556
-1018
-72
-625
-302
742
1023
-393
1078
-1047
-750
72
2127
-807
568
477
187
388
835
-21
64
1602
-2011
-630
577
1009
2202
-642
-420
240
-1266
661
-2366
228
-405
378
-1100
34
426
-400
640
-354
-663
-917
1228
-649
-201
-1277
156
-262
-66
-967
-146
1001
-488
-738
1119
895
-1987
831
823
1734
1312
1180
-886
1831
483
236
-455
312
-1167
-67
140
397
82
1428
428
-285
-1755
93
1534
-117
-623
736
609
125
-390
1292
-366
697
-392
-1051
1472
-1777
-9
-860
-2534
71
-357
1897
220
-1448
409
731
-320
-726
431
88
1085
786
1634
-430
1497
830
826
-585
1107
-3581
-572
-1311
-294
1183
-1428
-416
867
1146
1400
1110
892
1230
813
-797
812
-872
1364
-361
-465
877
755
250
972
-1368
26
-68
-1109
151
-216
270
162
-138
-1131
908
-779
-1028
1224
1148
2184
2389
720
-85
638
-419
-1911
2458
-1086
71
1378
1114
-219
721
-235
-42
268
-393
-823
-130
45
406
1482
1276
-54
-1278
394
535
1278
1474
191
863
567
-743
-182
1581
-421
528
-798
599
-13
-598
222
370
6
400
-1377
951
1767
-624
-260
851
-1123
-22
-241
296
-817
1631
417
-128
-1015
-436
-1512
-1629
-1210
-347
973
326
-220
-1527
718
629
-799
519
-322
-1153
257
1195
-1408
64
851
-1546
316
-606
-1906
-1903
213
-535
1540
419
-556
-1024
528
1486
-404
-1310
813
-247
-771
-1301
-1014
-444
1807
1089
-553
-675
-921
-1432
-112
-1468
303
65
1136
389
1023
1420
267
819
-476
663
352
61
-172
-1600
401
-285
-367
1297
-1347
-1826
124
-353
-604
793
-528
-274
1214
1583
-1353
-755
-840
1491
-1785
1466
-820
524
-2366
1381
370
465
-1000
-258
-93
129
1137
967
518
1998
617
-651
746
-322
54
386
-201
713
75
-1388
-2457
-720
-221
-2190
-639
-2063
-261
-271
433
817
1026
1976
-866
91
245
-30
-742
673
726
-402
1219
914
1373
698
251
-743
-961
-820
-551
-837
92
-147
202
355
-134
204
-1740
-992
-665
-49
-2603
-734
-358
27
294
-1197
690
1068
-513
-1179
1724
-1103
-584
-80
-129
1490
960
1338
-9
246
1039
1647
889
-810
809
-770
-519
758
493
365
1098
1087
-187
-928
217
-1072
477
111
-59
-941
-511
-1162
258
417
-133
34
-328
392
512
1099
468
1882
987
-631
-157
-470
309
1480
-910
1274
-1509
-108
-590
697
605
-227
-1336
493
-995
385
2278
1319
-1314
207
-845
255
-599
239
1837
-515
940
67
-1588
-837
-1151
-1247
-347
154
-873
-1218
-582
366
-48
-1241
727
505
-854
-178
503
2514
-862
203
-475
498
-544
-1215
-144
-576
703
17
-795
-1188
-680
-1518
-533
-284
-730
221
-257
1244
197
-319
565
440
439
-500
-525
-688
-375
45
246
-223
196
-1097
-145
1011
150
-1194
-326
-378
-209
-1497
1104
-370
-1080
-792
-867
586
-1236
-479
716
-1521
2040
810
-400
-934
735
1389
-1667
447
-68
450
-211
-678
510
131
-87
-193
362
-2072
928
883
2038
1071
1114
361
1031
525
-349
-516
-1320
1969
1490
535
898
923
-401
1082
-703
-1610
822
1047
710
6
499
1358
-618
878
794
-216
-438
-1159
-347
229
-76
1171
-33
282
1763
-103
388
691
-318
1470
1367
-733
-322
-938
1849
1065
1290
-1483
-310
108
309
866
916
-828
-1244
-273
-2018
-274
-354
774
24
-503
1699
220
-1394
814
-666
513
-824
2
-1434
886
-400
-212
-947
431
-656
-750
-1513
-1323
-826
599
-466
356
295
-18
52
-656
-39
452
-346
2395
-1130
1528
28
-567
68
-682
1142
-657
707
609
-4
-319
-324
-885
-259
1132
1758
-226
-155
-53
807
562
-1570
427
-1042
475
53
253
-922
378
-270
-854
566
1435
-168
-1012
-750
-111
-256
1684
-881
1498
-200
1157
959
-182
1592
-522
231
-563
-237
-573
56
-669
-177
-418
-1330
853
-486
979
-143
-41
-162
190
-242
-926
1135
36
-633
-915
-278
-360
1455
-846
665
424
-482
254
519
487
792
1309
-493
-13
-794
-577
538
545
-2188
-132
849
-250
-767
922
-1871
1353
-2709
-934
64
-188
-183
-782
290
-67
376
330
-118
-205
-317
-411
342
-738
977
-529
49
575
185
305
896
867
1665
-157
532
4
-675
273
-91
904
153
172
-213
-1329
0
-200
2467
-1732
-1514
-573
665
-846
-58
-1892
-445
1040
411
-771
490
-1972
-1491
-549
982
-676
128
-812
-113
-2601
-2350
1251
839
570
-1119
1009
92
866
1759
49
169
-58
885
-1174
516
34
348
811
718
-825
-615
-367
-919
-638
-519
717
1017
-629
-880
-1773
-519
319
-392
-366
-167
-1808
-765
143
-518
-416
-388
-901
-636
-283
1367
-1072
52
2010
832
-502
-1588
308
1218
784
-855
179
-284
286
-566
-1480
260
896
-1015
-832
55
-424
1619
151
-342
-98
-1618
657
1779
1156
635
-51
1010
-787
642
572
1202
-146
-4
190
89
427
-1026
222
-666
-1524
962
-199
210
-1255
-118
150
1951
-917
-267
-542
-2
-2325
1020
188
802
-243
19
2102
133
120
-389
1372
-1228
171
1177
1279
546
-536
817
-193
322
57
28
-423
452
90
320
-355
749
-615
416
500
988
-663
1010
729
-312
-56
1087
-532
895
138
-17
-437
-1052
435
288
-468
-58
1003
-1221
-527
-861
1583
940
-92
703
356
1033
-886
-831
-1682
-1465
-589
453
-53
-848
1921
-1428
-1739
-168
134
1604
-1661
100
530
-985
398
-129
-1504
1295
545
53
-1689
-1598
-574
-754
1480
977
94
490
1245
332
-45
453
-1299
33
245
780
-428
1186
533
-2027
68
163
-1034
-1013
-116
-358
1617
-769
-525
655
471
206
1367
1299
-475
-380
-219
104
-665
515
-1543
-1608
-307
-343
-538
1023
1307
-965
-33
1003
-790
-833
1133
1455
-1210
-1148
-361
800
603
488
-513
-391
561
269
1531
-1045
-620
-1269
1177
1273
547
-313
-336
-564
-1619
-515
192
861
798
313
-538
-1376
-1370
-80
704
-57
1403
-642
1583
-750
-830
-92
842
870
1020
-446
64
-62
209
-204
915
410
508
401
114
898
1298
-222
-1165
1246
839
-588
-1343
398
719
-1961
-1074
1092
235
441
-686
-746
1467
672
-353
-384
547
-1080
6
1149
863
753
309
-1649
-1013
550
10
-554
444
862
-443
743
1703
324
1373
1133
163
-2643
-1195
620
-885
-1586
790
496
-51
390
-811
-80
2136
196
-1673
1407
-1297
-2094
-1318
-220
1625
-777
-477
-539
20
710
522
-761
830
-598
612
-33
-498
-52
-246
-820
1833
-552
246
-461
375
457
622
81
275
499
1391
-588
-415
-373
-1544
519
-186
-561
634
-788
149
-305
859
-499
2083
470
696
718
-1697
-211
1360
492
51
-586
-131
-627
-24
447
313
-238
-76
-52
999
734
-1521
-1571
-403
-206
-1899
-613
671
1517
7
-625
55
-639
661
-165
-580
-97
432
-454
638
703
1034
-1483
-61
405
249
-80
1336
-1237
-1434
592
504
1063
-329
-53
229
193
-2060
920
574
-465
1176
-912
-1287
602
628
-209
851
1227
973
546
-680
113
-668
-928
388
1285
408
178
-1193
-1506
-600
928
-699
446
-783
-249
-359
-29
-863
-641
292
341
-521
-1285
179
-776
1224
-297
780
955
1673
-986
-258
248
-1669
571
-910
-632
-429
-1214
-530
330
-1340
806
1375
-268
-1092
59
112
1453
-710
115
-559
13
-75
-951
1082
1384
-1159
-329
82
-629
-402
-149
1110
-500
-401
1265
-489
904
-726
-504
1337
992
-724
-407
-207
805
-449
-1196
-615
204
3104
-282
1634
1017
-113
3
577
-774
604
572
-479
1425
1043
-340
918
525
-581
1424
-1456
1284
97
-612
1292
-644
1014
1564
1564
-1052
-907
-673
-744
-239
-242
-1569
949
1550
149
-85
-319
1194
-195
684
-704
271
-57
288
-764
-836
-762
441
741
-904
-395
460
150
-1946
-923
-342
-204
-215
224
-1687
-213
567
1847
12
548
561
-176
-250
-1007
-873
1304
-1445
-471
739
1256
-612
-1717
1037
-604
-927
491
440
-971
-1404
-322
-509
-259
-1126
553
-846
205
389
591
840
301
-704
2002
-826
159
263
1566
970
-1142
-1526
-690
190
-533
674
1128
-360
2183
-558
-726
-1264
231
1900
30
808
-2324
-949
-798
-93
-946
-1109
-1481
1547
-166
-596
-193
1594
-1999
-459
740
183
662
-1540
-453
2039
1568
-238
70
944
856
-576
184
-194
459
808
-272
-138
-1124
1365
1272
518
-45
-1174
-1350
1815
-336
-129
-987
1285
-948
-578
-1351
-529
-300
917
522
57
-1253
-1506
989
-216
911
374
-285
627
1815
-818
-1363
-892
-917
153
-308
-56
1387
134
513
-289
-411
-344
83
-234
-422
-572
-1014
-297
1008
-1430
-1352
1128
-587
195
701
-1665
224
-30
-728
-1456
-162
-965
945
-1379
-194
677
-759
-662
6
825
1541
-319
-840
-1077
94
-143
351
1455
-377
1492
295
538
389
687
-311
498
-1115
462
-123
-762
-922
-120
682
135
-5
-709
1350
870
-656
450
-821
-108
596
248
304
577
-325
-225
157
646
-126
-913
494
540
298
-383
-706
7
-290
-726
1579
-1147
-1497
-280
528
439
66
244
-642
-1073
802
-145
-1332
78
1342
1056
-567
-249
-109
-195
664
799
-498
475
-428
2448
2422
1690
482
680
-429
480
-1032
1236
17
-721
281
241
1498
398
-1827
-301
906
-121
1055
1623
-511
997
343
-973
874
316
-1497
985
197
487
222
-454
-276
-555
579
-924
-40
-15
21
-483
-128
875
-974
66
13
-892
912
40
-539
-934
342
330
1443
-170
-953
-924
-275
-1341
-1596
-118
-309
-63
1192
1930
-13
-845
253
-330
1488
51
-735
-757
-1848
-1347
482
1138
1906
870
170
-629
12
1635
1594
-1178
1469
1423
-325
-271
261
76
848
-700
627
-696
-178
1422
92
-452
-655
624
1930
501
-195
-602
1050
-310
1139
-519
629
-1248
-2090
-423
-945
176
-225
-1096
448
-548
220
435
-159
-435
-170
-41
2237
243
1401
-534
-315
-88
-270
1063
859
730
-2255
-1119
1465
-135
230
-999
-1254
2169
308
-358
935
134
-334
-180
404
-1279
-1044
-1128
-399
1261
231
447
-268
-465
-445
323
172
-344
465
-54
357
18
745
-569
-1767
1960
1446
1
-160
444
565
-687
1726
-39
542
-242
616
-830
1419
1451
1129
915
1339
-721
-631
-277
267
-824
-500
-946
-667
1516
404
-817
-303
1619
121
-517
-225
-341
-1179
425
-1143
-635
-1542
-996
289
-539
890
545
1174
-111
2112
858
-854
-88
36
833
100
-427
-1295
-344
-425
-317
292
-36
-752
1939
-15
-1065
749
631
-2
-264
-160
-609
-1622
1343
1429
1150
-509
-952
514
-514
223
-1024
-410
-1912
1368
950
-169
401
179
-317
-384
1284
-1026
-1041
-596
-854
-1564
1419
313
91
568
136
-953
-445
867
-1662
-997
-119
460
-1220
-122
2081
1357
281
-1169
-316
-1071
2
71
54
-207
-182
1418
-1199
-56
-860
-106
-73
-618
-340
-255
-361
-368
-287
1573
-239
976
278
1504
472
421
525
562
-93
380
-453
-237
-161
853
30
-1312
-330
855
1785
1469
227
1262
-606
590
-1052
-32
-565
250
744
999
-324
1089
-207
-506
357
1231
-338
399
295
-1219
631
674
-393
2249
1401
695
896
-763
641
-1885
-633
-1167
-104
293
-512
-872
-188
788
-689
302
393
553
1211
957
1152
-354
-1808
838
-243
-97
-269
1500
-1567
-368
158
-1712
-2117
-421
-581
846
1524
684
-344
-276
-1297
990
-186
-1395
562
-81
736
-447
725
1278
-583
140
966
330
-115
1704
-1403
90
-417
253
759
1197
-973
-221
648
1184
99
-632
-948
236
-789
-1668
722
-75
-409
584
438
-1905
631
-441
-1107
110
-188
-821
1540
1329
-534
-851
664
1107
1488
-555
-493
-326
589
839
535
778
686
-1831
-363
-511
932
-128
565
-968
-190
