10 100 900
0 0
0 1
0 2
0 3
0 4
0 5
0 6
0 7
0 8
0 9
1 0
1 1
1 2
1 3
1 4
1 5
1 6
1 7
1 8
1 9
2 0
2 1
2 2
2 3
2 4
2 5
2 6
2 7
2 8
2 9
3 0
3 1
3 2
3 3
3 4
3 5
3 6
3 7
3 8
3 9
4 0
4 1
4 2
4 3
4 4
4 5
4 6
4 7
4 8
4 9
5 0
5 1
5 2
5 3
5 4
5 5
5 6
5 7
5 8
5 9
6 0
6 1
6 2
6 3
6 4
6 5
6 6
6 7
6 8
6 9
7 0
7 1
7 2
7 3
7 4
7 5
7 6
7 7
7 8
7 9
8 0
8 1
8 2
8 3
8 4
8 5
8 6
8 7
8 8
8 9
9 0
9 1
9 2
9 3
9 4
9 5
9 6
9 7
9 8
9 9
81
35
69
41
12
55
40
58
29
49
18
61
66
44
52
54
2
59
80
36
88
72
14
47
15
62
17
42
9
37
63
43
51
50
16
25
20
57
3
31
60
75
28
83
34
97
82
4
46
0
92
70
77
87
53
98
89
48
11
96
23
56
79
22
26
74
6
73
85
24
27
64
38
78
1
91
94
8
45
5
68
19
71
67
39
99
21
30
65
76
13
7
32
86
93
10
33
95
84
90
245
157
-450
-979
-1081
862
-548
55
1574
-853
865
656
-1720
569
-643
206
1222
-684
-885
462
923
-1322
951
1390
727
-309
1074
-998
166
264
-276
-1416
-943
235
1968
-1532
-958
411
1705
-317
-1135
58
-1387
523
312
784
529
152
-961
2415
-1175
556
522
654
658
-461
-1442
-299
-764
-14
-521
884
468
1730
1278
271
-202
385
-954
1122
-124
-1110
-641
344
1592
65
-489
735
131
-40
1024
-502
-1976
-184
-1088
745
687
613
262
-245
-1090
1060
1051
-202
-1897
-1927
-847
1562
-910
-764
649
-1235
-916
1016
-459
-516
-1246
666
27
1601
280
-870
186
-271
-613
274
-428
641
-1109
-314
392
-229
684
-2301
-1369
917
-854
-228
390
-532
1150
1007
-1317
-377
-79
2513
-835
-487
319
-848
1621
687
1266
-450
-437
54
689
-346
1273
779
-507
522
1353
353
1261
950
1167
1909
-157
521
-233
475
-1178
357
-1394
630
260
94
-459
873
33
-958
347
530
684
-1010
-576
866
292
-1392
-384
861
-318
-950
2094
-970
-414
-968
-1787
-556
-340
-270
-990
-1260
5
1720
-597
80
1035
-843
1445
898
-692
-197
1231
318
1552
986
900
-2232
-707
256
564
979
-78
-274
296
-1542
-657
198
1077
-1582
1096
-2026
-1887
-659
-700
70
909
944
-1142
-5
845
216
89
-463
-457
-350
323
-976
-250
-477
1319
1593
256
1114
-594
-1111
-887
626
-1604
-579
-663
124
356
-182
1666
515
-1087
97
591
-246
-567
-983
-1503
-80
847
552
-393
-371
-157
558
2123
-181
2384
882
162
199
112
-1377
-1297
-1281
59
325
-1251
2129
-876
1304
-1063
813
309
383
-78
840
-1152
-301
-476
-302
291
-5
606
485
961
1848
-664
-577
-166
367
91
-1803
147
-1486
-247
-774
8
-714
581
-126
-274
-1230
-405
202
308
1522
407
-1614
-564
-67
-1338
1089
-561
702
-636
-232
840
-294
2730
965
-327
-532
680
-487
-369
68
351
-42
1243
-13
-1823
-743
517
875
1478
-617
-220
-405
148
-50
1153
-1453
-76
2884
545
-670
955
628
-190
-339
491
-972
-435
1139
-379
546
219
1
-293
-523
-215
-897
-803
-1285
-512
1967
-1750
-816
597
-112
-41
-1029
465
-1366
-505
-107
-104
-515
233
-1182
986
1528
690
1553
409
4
412
-286
-559
855
1934
-1290
-791
1677
422
591
-1111
1464
-240
-506
408
1939
-1213
-1711
-94
139
1467
-1287
-599
615
1149
-814
738
378
-1054
-207
-282
498
-709
352
-1474
61
1333
182
-7
-560
-632
1635
-265
-296
-705
674
345
405
2103
-135
489
1315
1214
-251
507
-853
423
149
-1346
-112
-50
-460
-233
1233
-879
486
-872
-857
43
565
455
951
584
-744
-1053
581
1355
184
783
-676
1078
-913
-133
-196
-1282
357
-119
28
818
449
822
224
58
1141
-192
-709
1005
959
768
-1335
-59
169
1016
281
885
-408
-99
-2152
-419
-360
-941
1632
1135
-621
394
-841
467
-85
-516
636
-215
157
-1252
-589
-65
-170
372
-295
866
1437
-556
8
-314
1171
225
-2022
-1236
1465
-729
-264
-55
896
411
-112
-959
-137
-853
1088
1642
-144
1422
-810
519
-873
-338
1382
-170
23
851
-383
-1031
571
-945
1054
626
1236
365
-198
875
273
-460
-1058
-182
2145
-936
-896
-1454
334
-392
-191
1032
162
978
1835
-73
-58
-234
142
-431
194
453
-731
-349
-299
-8
-1082
991
-26
-463
469
1520
1389
780
947
1365
722
-923
355
1082
-1337
-362
-1660
1731
-1577
1052
-81
-40
-244
-299
-457
-1073
908
-597
306
-1200
567
151
301
59
-1986
1378
218
-210
-1106
1146
348
-596
-1148
1396
105
1467
847
784
-1161
313
144
39
-983
1132
-1160
745
1630
-422
549
1586
-1286
909
545
-884
1361
290
1248
288
436
-167
147
-971
2005
-576
186
155
-348
1731
1634
10
-1214
-1290
166
-456
1423
-854
-424
-598
-1406
1624
1344
646
-501
-446
45
-656
1698
568
-765
-457
-435
-369
-436
1202
806
714
229
-2134
1725
1012
-871
-1147
404
-1423
-859
1271
1918
-846
1580
1228
809
775
-47
-73
-613
-638
1558
-115
-1141
59
451
1837
-190
-771
-441
-420
-880
410
178
565
-698
870
683
246
1692
-1269
229
706
335
585
53
1121
855
10
415
-130
-832
266
-982
-269
898
983
695
1618
-407
371
931
1381
-292
-487
384
-1011
1100
-437
57
493
944
-594
-178
337
392
1754
1150
-556
978
438
862
1652
-362
157
-201
-565
-563
1523
-383
-1374
-2062
1847
-955
-20
-262
17
183
-667
2826
813
-431
-1728
-955
-1240
1104
417
551
-267
1658
994
-421
53
195
691
-914
704
430
-3
-684
185
-74
413
956
-59
-1506
-960
-401
-707
54
125
-226
6
875
423
-116
-1152
1239
-368
1039
-337
-1588
-1305
323
-234
-404
-1346
353
1351
234
1531
-415
-647
229
-363
58
-71
2171
-762
-633
120
-2389
-1236
-164
-180
345
1800
206
-1069
-774
616
470
465
273
306
-1242
592
-95
-41
805
2069
-691
254
1072
-190
168
491
1847
-483
411
766
-662
-893
-370
124
-693
884
939
-1297
28
-822
-163
-151
1081
-1173
892
-319
273
512
1538
356
-1101
-767
-200
-1122
-657
284
675
1418
569
1825
-186
-594
-151
-175
-1465
-1592
321
-87
938
249
-1590
800
542
220
-100
599
309
280
270
-1293
402
-606
155
-889
1209
866
162
-1016
-150
-31
1342
1125
495
2783
1880
1162
166
82
1283
-974
6
-818
-1858
-321
-1023
1680
478
-955
-141
653
-511
-1207
-200
808
-125
636
732
-1135
-82
472
-1574
1197
-37
308
130
-251
577
-1178
715
861
1112
-19
-148
282
1927
419
-926
-320
-1610
-589
-187
1654
492
-65
743
202
931
130
-331
-797
684
753
1530
-866
-556
-669
873
-195
85
774
-1304
-1794
428
-102
2316
1474
106
646
397
40
-2536
177
829
443
393
360
-571
939
-419
-1080
973
-394
-508
-1129
-202
-1146
-801
780
-1011
-573
-525
1722
33
-1665
-83
344
-1813
747
-1632
1197
556
-359
-195
-1322
-1187
918
-498
-321
1413
75
705
-227
666
-568
1502
197
-1124
-174
379
1092
-34
1130
-961
-213
-793
-610
-410
-595
-528
259
828
-303
689
460
1408
-1001
-745
-2304
-241
-673
-102
-304
-1049
-544
548
367
-1953
259
-603
-890
934
-296
621
-1304
467
-615
2160
438
-687
-13
149
-327
-1113
2044
-2
980
-52
168
301
-752
-1345
651
829
-1483
-1480
-90
-161
-493
-36
511
244
1075
-68
-1362
1155
-1497
-1820
321
714
-978
-181
-365
-236
925
84
33
-478
402
-1821
-369
414
776
-983
603
-623
-423
-784
-542
-613
306
6
1096
-711
1611
-39
20
50
-1231
-11
2176
-1170
692
12
-591
739
-923
-599
-773
-17
219
-321
570
-1021
1527
195
-616
477
906
305
-212
-402
229
515
-281
625
451
458
-86
-1663
403
90
533
-460
1030
385
-262
-204
-230
359
-1450
484
250
300
262
2114
579
-1418
-324
-83
1762
693
-1688
-229
-1113
-311
619
934
1832
-525
-747
-1218
646
806
-666
-1370
716
-1266
331
880
-179
949
-1095
399
210
80
-491
537
-193
-19
704
-61
1301
56
619
-1180
-1505
12
1040
-612
220
2126
-964
-410
-1074
-696
1111
-706
-971
729
-646
-633
-811
349
1529
512
493
-331
-34
674
1089
-928
654
1282
-913
280
-1455
-982
908
-345
-701
228
-159
-747
2007
718
-2116
-728
197
320
-363
-9
101
-247
355
637
-712
2103
-352
-452
-493
1446
1473
-685
-438
285
672
-107
-489
1110
-134
394
198
-1145
-546
-719
131
-245
596
551
44
798
-680
-1310
370
443
1013
557
1224
97
12
-522
678
949
-967
68
120
675
-792
-476
1820
-138
-539
-1737
-657
126
-955
573
264
-1091
396
1030
652
-1053
-881
1132
-1338
2067
-274
-916
2037
870
-499
-354
-227
-512
1539
1096
1237
-18
-695
442
1253
-7
-438
-689
-700
843
-1451
-464
180
-1172
-122
-1214
363
423
284
40
-128
1052
-999
-227
373
-244
439
-510
-590
783
0
-537
-1979
303
-1027
-431
1720
863
2185
-1774
238
879
-1340
250
-57
1402
-604
564
245
-491
2204
126
63
473
-311
-1636
877
-570
-902
990
23
894
-892
-721
247
500
576
-196
200
-673
-58
-1547
-1080
-582
1829
-2059
-890
-202
1582
-197
-318
-1350
-741
-73
-950
1268
-393
220
-330
877
904
2141
800
182
700
574
-192
1447
1527
-382
-217
790
165
-160
641
-229
-262
-2429
842
-572
302
460
753
264
135
-2107
400
205
27
-1
1467
-1002
-194
1212
746
114
-958
-79
238
-974
37
-84
-798
-598
545
1088
-1165
-1307
-73
-819
485
433
720
459
-2577
1384
396
-1418
352
-356
293
68
18
-313
-1204
1210
-236
323
-175
-413
193
-1070
389
325
532
-53
-969
1634
-111
813
641
148
47
-766
-958
-421
-429
2065
-649
2325
852
1131
456
117
617
-1198
364
-18
-393
-779
-103
-62
-765
489
-33
55
349
-614
437
477
-21
19
624
-857
423
1201
967
286
1069
1216
-450
-87
842
-143
57
1260
846
-1515
-274
411
2142
-732
-1685
-990
-114
-923
-1844
0
1172
-71
653
719
1226
506
-762
-780
-1416
1043
1838
122
29
409
-810
1855
-1228
824
584
-1095
-135
434
128
1066
-380
-191
-872
-1484
673
-874
-1329
734
-533
1328
392
-591
-363
453
581
430
-832
-25
1442
569
839
-266
461
39
1053
1111
-107
193
76
-52
-572
-2300
384
-867
355
-121
-113
-157
557
-2274
488
259
1323
-273
1375
-338
1410
-320
1393
-1010
-395
1048
-618
382
389
613
-1753
262
530
996
519
113
-1162
285
-1132
-860
81
-1512
-555
2229
-1200
-1512
2450
-814
369
1476
-239
-18
752
-264
-482
-1168
1767
-1010
592
-186
-464
1048
-725
119
353
280
-1019
1483
2101
537
-821
2060
913
529
-1467
-712
713
-346
1697
-488
1552
-819
20
1360
-1525
-502
-226
-8
-344
3483
306
-1260
897
39
-215
1451
699
513
-58
-319
-107
-386
-804
501
430
1537
213
93
763
-1736
539
-1790
942
1604
1169
180
-1544
538
2096
-409
-564
-89
1158
398
-1006
872
-107
-1176
-150
-958
333
-2343
790
376
-1140
-957
316
-1934
-1934
1002
1860
466
-1134
765
-429
232
-2159
-369
1570
-272
-859
-483
224
-2028
662
154
-2069
425
642
159
277
87
-16
237
831
189
524
776
1421
1356
-2026
1023
1255
-9
1122
-1014
-1084
-770
-1156
1772
2035
-2202
466
537
405
-393
902
1691
541
453
-1197
154
-519
833
2063
-790
-360
287
-35
922
-396
-229
936
263
691
-929
749
-122
322
-1395
-252
-63
-813
664
178
-139
504
517
-64
-1435
-888
-428
22
610
1691
247
413
159
-773
-326
-194
-1263
-771
415
-263
625
-759
-582
209
431
-1591
-176
1006
-451
560
-119
743
626
403
343
-298
1164
1274
-85
-57
-67
-530
-807
506
393
-375
115
266
-608
-937
-1704
1068
843
218
-864
790
-515
71
-219
-577
1273
1342
-191
-1594
910
227
-376
55
363
-1187
103
-195
1641
169
-223
-2074
-93
-909
2122
-117
-306
1108
1172
-1256
-124
1443
216
-1542
24
-1731
1076
445
-221
-161
320
-318
38
284
-391
-36
1816
-150
183
-360
630
-564
462
1130
2585
93
-390
-1249
361
-237
-1420
803
787
-527
-450
334
-388
-886
62
409
44
-2488
1699
1113
-132
531
573
-50
1216
124
2423
-339
-1606
-1285
-752
667
853
-954
-555
-722
415
811
-1042
-1522
-50
-298
1666
222
384
799
521
1722
511
36
-463
-695
-352
1558
-334
404
-1201
-241
-1042
-65
1037
-586
62
-651
1161
96
127
73
-114
-300
-55
-117
-285
-398
-745
646
-285
346
93
929
537
-181
-1524
-914
941
549
-1865
-796
-497
198
464
983
-1408
449
519
-171
163
1587
675
-186
1526
1225
1286
293
-702
1461
-639
713
329
-822
1
-981
-1996
1515
331
-711
1027
1778
-1242
825
2337
-549
2093
1893
339
873
843
107
539
-987
-825
-1362
-410
-2108
402
-1648
-345
-2441
-2335
875
-286
1269
507
755
-920
1815
580
7
-1303
37
274
-7
-493
-576
1193
662
-1305
-44
772
-1064
-917
-347
-708
-332
185
1444
295
1393
1108
753
-75
62
-164
1493
740
-2202
97
436
-593
508
-884
1489
515
-1344
-1440
862
785
771
-193
-903
800
624
984
-624
-909
1563
-979
-1441
390
109
936
-451
210
-1952
-328
14
-1109
349
2045
-1075
-446
585
402
99
-1374
1264
317
-822
-764
32
2189
-706
48
-541
-607
158
46
-610
-349
998
46
2527
-81
1138
-85
2064
-1695
639
-689
191
-1642
117
-580
-1588
-704
-343
-154
-1122
414
-843
1395
-80
-762
-183
318
-860
-266
553
164
711
271
678
1327
-137
-856
165
-1204
-2258
-1762
659
-1161
1462
296
1036
184
204
-390
-2092
261
302
114
-596
435
168
597
157
540
2265
1391
-747
1146
1120
1810
650
27
580
-506
-341
305
24
-441
291
499
1086
-1822
561
851
458
716
999
-564
-45
838
-166
-6
-138
-839
-292
1070
492
-272
-1105
55
260
768
-869
-370
1034
2414
514
-1380
-1522
-843
96
384
-336
-284
607
238
416
-167
-1054
-981
-467
-1553
99
255
1027
-1214
-556
357
-116
-669
563
-919
1171
-60
335
342
-77
202
-166
1204
-1824
781
-2
-272
835
1369
799
-390
-941
623
1044
842
-346
-555
-252
-647
-336
-2026
1200
2085
-1090
-400
31
461
-2515
386
-1330
-502
356
710
-748
-511
414
-601
-250
236
234
109
1459
1316
-719
161
-367
-660
23
-840
-28
-858
831
-116
699
-1409
-1316
-105
29
997
-595
366
539
-334
14
-1113
761
1938
1152
1176
-2526
778
1479
906
1492
195
5
486
-1192
-1027
-524
-358
-431
438
354
27
1686
340
1005
582
-2279
-1208
250
68
19
1775
-1218
-1420
993
-341
2451
519
-320
284
-350
1547
-609
894
-680
313
1771
-324
449
346
-462
-638
-1031
1335
-229
1622
264
743
421
832
561
358
-546
546
9
-554
-726
-749
1581
601
-484
-892
192
726
-841
1324
1202
-216
458
-141
-1172
676
-204
-617
-539
-619
-815
-1297
1453
267
1647
869
1920
-916
-1353
-87
-417
1439
71
-52
-1002
674
-1135
981
391
113
-1098
79
-796
-320
-1465
-716
-29
1351
-161
-166
-1897
-543
932
591
-1148
192
-66
-22
1627
-66
-113
-548
323
-5
-672
584
-722
1636
399
1316
-1657
-621
579
-237
-384
1519
-1397
1457
126
-49
33
242
-1277
-260
-307
-134
76
208
285
-1150
-123
-505
-528
-700
-1154
-1700
-850
363
-904
-538
-2029
-863
436
-607
630
-572
-1387
-776
2034
-1254
371
225
725
60
1130
953
485
-1173
274
-118
-486
987
-2237
-1277
740
779
-507
-1476
102
-885
1402
-1871
31
-844
-613
637
-205
1481
1168
-416
283
-1538
-830
-142
56
-437
72
-284
-123
-743
-3
87
291
727
1014
-1390
798
-1684
1775
-120
-1649
-273
914
1349
-488
2291
-2017
1650
501
-236
683
-52
1031
518
402
-110
1153
-355
638
-192
-894
786
998
517
615
1050
-786
492
-946
541
-264
-175
273
-368
1270
157
493
-96
-1
-776
1079
-646
1613
-1383
-762
-225
427
240
-363
61
429
353
266
-667
-2037
-743
596
-612
169
-773
125
-496
-1460
814
1821
853
-1827
3029
-295
1227
1917
438
-1491
-858
-1401
-1249
-130
285
489
640
-733
556
-261
-986
123
826
-1005
18
714
626
95
-393
1605
132
-946
1663
126
-1033
1136
-528
-996
-843
594
-719
-681
337
207
57
796
-75
-1961
354
-536
98
1322
-442
-427
382
-569
-1425
-934
1000
-574
-209
-532
-887
906
33
1422
451
338
1304
-576
-578
143
-991
-1017
-1162
197
432
-229
-675
-197
-1283
457
1053
1136
-456
-301
412
-1035
-687
83
-680
-442
534
-1120
-293
170
1188
239
523
1151
329
234
-1169
289
-1129
-51
-82
-1395
405
-70
2963
-1645
-1743
-116
-197
1250
-507
-472
-175
70
-673
-894
264
142
-1498
1082
469
1484
697
-1139
-946
437
-820
-1576
1270
-153
223
-136
1169
-796
-1836
-287
-535
925
1580
-1719
647
261
-348
-590
56
-447
1304
94
-829
364
196
625
932
-189
-267
-218
-30
-1093
1198
-807
1350
-1058
-1034
1065
-1176
422
-934
806
104
-599
172
-2064
799
22
1088
1060
-323
-1682
1001
203
-983
117
-400
-195
-395
1659
536
158
683
889
399
-759
640
514
-361
-978
-60
753
547
924
839
-537
-33
-457
-650
-1348
779
723
-554
-311
-419
-852
643
-542
-790
-3649
-407
568
575
168
432
1018
1359
-1058
-1371
327
1
-703
333
-1366
1230
797
-43
-706
-1342
864
-216
61
109
976
872
1204
-127
2197
106
-2305
1214
325
789
1114
-10
-23
1546
-1831
1060
-1438
-408
-920
411
1639
-542
28
-637
-128
-874
-1234
718
-1037
1095
-860
319
1273
-630
655
-387
-992
-2452
967
-237
387
1181
519
-743
-57
568
-907
-277
1186
-704
1029
-923
1551
-2026
312
-1350
2982
-557
-286
-1216
-362
1740
545
-1192
1401
472
46
395
422
-338
263
31
243
-454
1744
-355
-179
969
740
-2121
292
-1654
1136
312
-573
-248
745
185
-686
991
-165
-84
-103
-1964
1387
870
-517
742
826
605
-681
1824
816
70
862
1864
704
-636
1069
834
432
660
849
-776
-632
-583
-932
808
-852
30
-189
-574
1089
37
145
423
-1393
475
-523
-110
-161
-1971
33
-164
-88
-1502
1766
856
1717
1267
-919
976
502
1214
755
-803
578
898
-536
1706
-713
-683
-456
-697
1569
-275
-889
-773
-1255
173
-31
472
1407
248
339
1376
-489
1296
690
336
-606
889
-1248
-117
-1541
464
-864
1056
-1162
-564
-585
-947
1064
132
-360
1399
-2297
1534
-431
-603
-897
330
982
-853
-793
570
145
-1
427
125
-2182
-1061
893
523
-1042
741
1152
698
497
706
-1021
1330
802
-697
437
518
-595
-465
1300
-72
2526
-725
-748
-425
-1726
-1146
-364
-1314
-178
-675
1262
1263
-525
818
806
-2108
1602
446
535
-1078
134
-326
744
-156
-238
-1365
435
606
-907
1052
-262
328
213
-699
535
-1693
346
1882
-192
980
-1211
559
2397
-1731
-170
-360
442
137
-95
904
87
-666
-544
-840
1960
-973
-347
329
-274
562
-394
-258
3
410
1139
490
-612
-1226
-1871
-799
-993
-1229
-1295
-204
-78
-621
1213
-1583
446
84
-411
-1454
-1168
912
-474
-593
701
-289
295
195
-572
-402
-4
597
-1170
-335
1554
768
-830
1733
749
748
-284
1549
1529
-799
-1771
-429
-479
-197
1046
-826
472
1820
-952
539
-221
-143
-950
-1926
-1016
-256
752
-568
-363
874
-1157
59
-286
-630
-136
-1149
-333
926
382
-26
452
180
88
546
-2096
2001
-764
1108
-1439
752
-842
-374
-762
-334
-400
-509
-394
261
-484
-179
-234
-905
89
289
865
-446
167
-670
-675
-391
334
-725
-298
377
1919
-1724
66
-690
577
-431
571
-192
826
-282
1098
-427
-962
765
789
-23
132
524
165
-1019
1192
-1362
494
-204
-1372
-188
-857
1230
76
262
-245
-680
-198
281
-436
-235
-796
909
-663
-1123
-675
611
-1113
-1277
921
-39
841
788
-348
-797
-239
1735
316
-1745
1188
-837
174
-748
223
1009
-632
335
1977
193
-378
-2717
809
873
310
11
394
1371
480
-1052
-172
-115
893
-146
365
1608
-114
1016
1530
-421
1804
452
-71
-71
1523
1722
-612
575
-2329
-397
-1632
-592
-417
1304
-564
-304
460
-613
95
-545
1027
38
-1006
-1124
2331
-1571
-393
-18
-186
722
526
1647
802
-724
1868
-301
-413
-343
-1943
-1252
-58
-832
171
201
-190
-1043
-204
363
-1467
-940
-86
1309
2073
1181
280
-429
300
-371
-1609
321
-1472
350
-681
223
2328
-318
1122
-1596
1170
272
586
-46
55
350
103
-926
-99
-216
-338
-211
410
-285
-471
551
1337
-346
-163
-146
-587
-2066
977
-986
-361
1133
-228
295
-117
206
-137
-42
-853
575
677
1202
-529
-1801
-573
-930
149
313
1113
-813
735
-731
710
-499
175
-1113
263
1090
-2784
1922
-700
1465
817
-2038
-231
-292
-195
701
296
2382
514
-1452
-994
-525
1748
-1295
300
749
-1309
-372
-663
747
-250
-632
-12
-1389
-1210
-470
-855
-1119
1120
1026
-895
102
-206
-934
-548
-360
-969
-868
327
-2056
-792
-705
440
594
-1593
-34
105
-1205
166
-1120
-750
-425
-633
-294
39
1056
-486
-582
-1409
-517
715
-207
-366
-880
738
1312
-655
31
830
671
-435
257
1845
-157
323
-941
661
196
612
1755
-379
183
768
-719
-734
58
1215
1353
490
1320
-435
-590
123
-26
282
-498
111
150
-116
112
-1984
417
1414
64
-210
919
-1931
-46
1043
995
175
-1320
-224
-1248
-720
-941
-740
762
138
323
1450
-1770
247
564
403
-1143
-824
256
-61
635
1147
1118
-1709
-1399
843
893
-1700
-493
1111
-200
-367
870
176
-1820
-30
-329
-328
722
-413
-1140
-1
1218
244
1799
555
-589
-1287
-1667
1505
-163
-1186
-438
84
-554
-90
63
693
-1072
733
1900
1273
1378
674
-1246
-1093
1930
536
632
506
441
-348
-1474
177
-2234
288
-908
1484
682
-275
-723
-831
227
782
-807
-1259
88
500
425
-294
-1026
-1537
-1725
-350
177
294
-375
-1056
1814
-183
-1010
988
-1018
-1131
739
-460
-1412
528
-1836
-435
-728
542
865
-816
12
1149
-817
-217
902
-1561
493
1328
58
224
253
325
339
-209
-685
-84
298
742
-526
-1233
315
-901
-284
149
-1683
1456
103
1180
452
427
-1414
330
-296
-1993
-276
1058
727
209
516
801
847
-1083
-1386
72
1902
235
-562
-760
-55
-351
1635
-719
762
-92
-256
796
759
-732
718
1053
85
-88
322
316
192
-463
1210
1018
577
-636
1753
-789
228
-1937
-1978
1170
-342
604
527
615
-1327
-981
2120
165
-120
423
846
-687
1400
-397
-961
386
-1112
299
-109
-840
-730
371
-1208
-188
149
-489
1309
-324
321
-1498
-1287
644
578
-6
338
689
-1127
452
-565
1839
1111
767
639
348
-1006
292
-96
341
-187
104
-2114
-942
-539
-823
-568
-768
259
-478
1376
-1390
331
741
1787
284
-982
18
-50
700
1429
-236
-665
358
-403
-275
691
94
1325
-757
1549
415
-206
503
224
-74
2050
-309
-280
-255
2319
135
-144
396
-31
2471
-1192
-270
1253
-1896
-548
1901
-231
115
951
577
-716
-663
-144
668
-244
423
631
144
-139
807
1048
-462
1196
-385
673
506
1519
1584
712
1736
118
1761
-932
-612
933
91
382
-1674
-1302
-931
-716
-614
1771
-208
1537
-794
-336
167
-944
1848
1344
14
909
-117
-231
450
-1102
2239
-6
-391
-1275
-487
832
584
-950
388
-121
-575
-361
796
-426
-1688
-183
838
734
656
-1023
-978
-118
-196
-1390
188
-12
-1796
-470
1570
-1051
887
93
520
-1732
236
417
-950
1525
-726
-94
156
-895
-430
369
-2491
262
-455
955
529
-227
1453
-2091
580
-905
-406
-213
1029
1012
820
-813
438
1054
-1278
-1187
-382
85
191
-1585
244
-131
-279
-252
657
-176
-246
1325
233
995
-683
951
-921
937
-1573
507
135
376
176
982
1600
-1110
397
-447
-1904
-368
1061
-1556
61
452
-1200
-297
-780
-918
709
1718
298
-939
-1346
622
-707
385
-255
-435
-1098
245
1431
541
119
324
1806
557
1445
-604
605
595
25
509
-84
-442
-446
681
-614
-636
308
-208
-898
-81
-985
20
-797
53
650
-698
-2782
304
417
1358
830
-990
-501
-842
2298
-753
1814
1340
1239
-1173
2
546
1799
-934
-1333
503
-1523
1824
-402
-1547
680
163
733
8
2245
-376
-308
872
976
-194
443
-1300
-21
-1316
1436
711
-82
551
971
1264
-60
-3241
1268
4
-347
990
951
-319
608
-268
1514
-400
961
-488
430
891
881
245
25
864
-417
956
-26
-809
-860
1147
-1089
1505
149
1490
-1535
-226
923
791
-1334
-528
-823
779
406
997
-312
417
626
-495
490
-394
457
-706
1380
-1203
-532
576
-348
-439
-377
-1163
533
1404
1275
-792
-657
229
438
112
-206
-224
352
-1671
2138
1124
561
-23
378
551
-122
1250
-157
-947
2505
159
472
1186
-601
-762
715
-238
-236
688
9
-175
-621
-1456
400
1849
1015
1708
-266
-948
-345
1219
741
-480
-331
-231
-1206
-362
782
1173
718
824
-200
1073
272
491
307
813
-908
-398
-300
-466
-519
716
-1927
385
-254
-232
-849
-462
-52
798
836
-658
294
-238
22
-244
-408
-328
-146
-30
-74
-1153
159
1644
-308
564
-146
533
-372
293
-1591
1714
-702
1027
2173
615
-1681
-891
260
-804
-99
-376
-1741
-155
-1485
-1223
-660
-1824
-428
1716
-1458
550
-280
-1119
-227
-737
2169
1613
953
-1368
346
542
447
-185
-494
-1417
-479
-1344
535
653
785
477
-830
209
698
-646
-1564
-1052
-592
1277
1378
685
696
844
1213
957
-335
-1543
-677
1108
-968
1455
20
415
-363
-87
787
-776
670
755
710
-592
705
-1206
208
1261
647
-360
-455
-1562
-477
-2099
189
-432
-1846
476
1171
-1381
1158
195
-292
-8
-2012
333
-136
184
865
624
270
-1092
-921
-120
357
-1287
1007
-82
462
552
-1168
-116
1723
729
47
-1162
-515
501
-328
-1558
354
516
129
-389
-2
1240
-736
2176
-1127
-1037
374
34
334
-125
-484
-141
-69
112
1241
366
1395
729
315
-1126
-47
472
-1425
-895
63
-1402
140
-222
233
-1289
-117
-703
-20
-1402
1009
1
270
-835
-658
624
820
148
-690
1283
338
-2511
-513
-353
-1136
83
-542
-837
-420
1405
-642
1357
997
-254
316
-494
-288
-772
-756
125
835
33
919
-214
-1547
-1992
14
519
-345
-375
239
741
888
-446
-1717
803
218
-1680
925
1389
-88
-615
1308
817
518
-1349
-828
137
-38
132
956
828
176
517
627
615
-1206
532
521
-104
734
185
-618
874
-14
-1430
288
955
576
-1131
684
-188
547
-80
873
857
342
-593
179
-1599
-1444
195
1046
-670
-677
-234
-1018
501
10
181
756
260
1311
-792
-182
1572
-420
1401
-744
575
-863
56
576
-1509
-1347
-995
1395
-623
-376
582
430
-110
-764
1299
1179
-1449
-732
-2
-62
396
-13
-1077
-362
299
-147
-253
19
984
-847
1143
-1161
923
-389
-1594
-1640
-1016
1698
1046
143
807
-65
8
1146
374
-1515
-765
156
-179
330
-995
-784
-456
42
2684
-1463
-956
794
767
413
120
259
847
279
-322
490
-1
-923
-931
-779
-708
-1066
250
-291
1524
116
-1722
1873
-609
177
934
643
-1253
917
545
-1316
204
148
708
-1059
632
-35
647
1424
-207
-1180
341
157
-3
-1468
-145
644
1536
45
-1785
544
515
-369
1589
135
528
365
389
-91
-476
362
-361
199
43
-878
1008
440
-195
178
193
224
117
-1073
-1016
401
293
254
967
1843
-107
100
-1007
990
-1469
-1543
349
-56
-132
-529
-216
-259
-218
533
609
242
807
431
-42
-623
902
1462
-811
-627
213
-720
-95
-1244
1479
-743
912
-430
384
78
1211
-1156
380
-784
1273
690
-396
-207
149
227
41
-144
-2048
-262
1201
-772
-602
251
-525
-192
826
-772
1058
-295
1494
1120
-1806
-898
1190
1492
757
373
1753
-455
-1081
-754
-751
460
644
1220
-1323
-159
-328
1202
-530
390
-1126
-880
1682
-812
330
-685
-237
-1127
-1113
-164
-2411
347
1320
-72
-443
-1433
934
274
740
-1292
598
-2335
994
-19
-1126
-70
-794
2079
-83
724
-1101
-1718
236
146
368
336
54
-349
1563
420
-94
-1108
415
-2065
906
70
-576
-1342
838
106
480
-215
-522
733
-611
-1196
-1167
-384
201
-115
798
-652
1181
-836
228
663
141
-75
396
2161
-374
332
50
1708
-97
-517
-209
-199
-153
-477
669
-261
2032
802
280
1421
-704
684
-342
651
540
-11
-94
-398
-26
42
-227
1588
-677
346
-764
-1986
97
845
852
151
-860
-624
-833
-766
227
-1251
412
-97
-1262
802
276
10
368
-333
-28
-727
904
-278
-616
244
-1460
290
-414
-1310
-126
514
59
-1057
-104
-192
-1495
368
-419
-119
770
-708
987
985
729
1109
310
1973
1104
-844
-106
-417
752
874
236
1052
989
-708
171
-1736
-343
-1805
-508
1101
-463
437
756
725
-2121
1008
795
871
500
-234
-325
-187
2139
509
-491
481
-509
1175
617
1354
483
-165
-496
2201
-1717
-163
418
1315
962
2896
168
1
-543
-36
805
-28
602
-458
-1689
113
779
-79
-2178
-205
-92
380
432
1791
-131
-739
1866
-25
1098
463
78
-712
-602
-72
453
-51
-483
-556
-264
1644
732
-338
1024
-266
2039
243
-138
-1008
-194
972
-1019
165
-980
-1954
-335
-77
947
652
-1710
-282
-1609
335
165
-74
947
-142
-521
633
-952
365
-518
-1244
-222
-957
-1110
743
1863
-703
848
1987
-857
-215
842
-79
13
1063
-1559
1555
-138
694
307
1072
-395
47
786
1578
120
1426
-457
535
481
-839
659
205
-77
261
511
-1496
-198
-953
-819
745
647
-1229
510
966
-506
368
318
-1372
-1603
-647
-898
-161
-452
-313
-116
-444
40
-400
389
-985
-748
269
939
697
-674
-328
-1437
376
-1455
112
-1022
414
-828
-1007
581
-1293
-15
-86
523
97
377
1015
-1655
-171
1082
-802
112
-755
51
-1391
-955
-170
105
309
822
-295
78
-1691
265
-783
-901
1431
-133
587
832
-1397
1138
-1556
-1202
-758
-483
-925
-1654
878
1445
-476
-1404
-1439
567
-1393
-596
1487
284
-812
-324
-433
-216
485
-9
437
-440
-706
1328
288
992
1570
-34
-368
112
1817
865
-70
153
213
438
-1082
-767
1148
742
784
-1261
-460
-1036
1333
-161
814
-994
-974
-790
-485
-497
-550
-680
142
385
-473
1799
-41
-630
299
-1470
-407
83
-388
859
1038
-1048
-485
-405
-1372
247
-1167
-392
211
-568
-1805
224
-1418
604
436
-49
-121
-1303
1049
328
702
-445
1354
-121
-1732
-823
990
-1130
-1228
-1281
1651
496
772
146
-240
377
234
280
1770
-738
-1625
533
-75
-1114
186
902
-109
-95
229
322
629
370
-389
-347
-708
1259
-1422
-878
483
729
-547
-32
100
47
-848
708
-960
194
848
-1117
-954
392
-1635
-846
-648
-1079
-354
-1224
-883
939
262
441
791
1141
-698
-421
-1026
-749
-826
-1434
12
859
-708
-1098
-1112
-375
-715
-467
276
-233
-691
-1341
43
182
-305
-1154
-32
1198
1434
-933
-267
-971
-296
556
1025
802
1198
397
1154
-147
-563
-598
-640
-332
992
-57
639
-1013
1704
870
-797
159
-587
1263
1285
-112
-761
75
-170
375
836
1169
-621
752
407
594
-76
213
489
1149
-565
201
1598
-1874
-1851
-1775
-811
262
137
-288
799
-1183
1577
-1448
820
-962
1386
655
566
-96
-201
-296
99
-209
1222
374
186
-1216
1121
1132
-1570
832
-101
-532
11
646
621
-250
1202
-558
-725
-382
-612
-807
632
344
7
1486
79
791
558
290
-835
-1724
1062
-168
7
998
1010
-305
-1177
-1177
1214
-295
-545
350
-564
724
851
260
-1289
-226
317
-1375
687
1264
-783
40
366
961
-1724
646
1149
215
904
373
-1051
1435
-660
811
830
179
-164
-2032
-460
86
84
-1123
259
-361
-984
-590
255
716
-50
1923
-198
-838
-6
740
488
1186
-570
-355
-1675
765
-113
-682
450
463
-1093
-138
1539
-39
253
505
-155
-286
390
-314
176
-14
1434
1012
-1208
421
309
-190
514
-385
-2198
261
899
1150
70
677
451
252
1293
342
101
-18
-229
660
-1395
73
1218
215
-1338
957
136
-724
-1451
309
540
-484
746
875
-829
-909
995
-69
17
379
-300
37
-45
-180
2543
1046
-178
1165
-284
2180
-931
1246
-291
-60
1143
246
114
-303
-175
455
-207
666
-124
778
-203
68
-667
-31
-255
-670
-625
-472
-157
865
295
460
1073
2179
-356
1341
-854
1399
-53
1000
173
76
-586
-552
642
-814
608
-870
581
284
877
-159
-1098
-2594
838
-1515
1009
-556
69
-1633
163
-690
-521
-1298
-530
-516
-135
726
354
1017
-1582
-698
-1386
389
1080
1210
-164
-1360
156
315
-724
-188
588
-710
956
-2469
-549
1188
1268
156
507
1052
336
323
670
-562
-497
481
355
490
-499
-93
-1047
450
800
1102
2757
187
154
1377
-1111
-471
-81
61
213
-420
418
407
-116
-545
-50
1972
-1669
1465
-378
-850
-1170
605
1293
-1810
535
211
502
-471
-342
561
1034
-992
-31
-532
139
109
532
956
1579
23
-541
-723
-208
846
-376
-371
-644
-802
-691
-132
-82
1243
1047
524
106
217
-32
14
347
240
441
387
-379
975
-1656
919
-1091
644
1004
-678
-752
-53
16
-1191
-110
200
-1159
-581
1853
-13
273
737
1309
2082
957
1353
-1372
-478
-878
-1786
25
417
1485
-245
232
77
1209
-228
482
-206
-1486
325
-136
77
1319
-472
-800
1022
1140
-142
-2011
408
1203
35
854
-1113
142
-500
2154
-250
354
-378
-627
-1043
676
-182
-1758
1090
-756
1208
-395
809
1206
256
-663
301
1065
380
-1212
-1553
205
1203
-318
-592
-53
-447
-1847
250
-1594
-846
-1608
-398
792
643
-574
-737
318
-37
-23
809
-37
-116
-320
166
361
345
-1466
-203
-753
708
-833
-13
-65
463
-486
-205
974
932
761
-369
77
729
-444
893
202
1024
-653
-260
258
101
-499
-430
1018
-1317
58
-909
333
-1655
-249
723
-222
87
-940
-430
-795
511
846
-123
287
-465
570
-1455
-1294
-605
-897
-687
636
994
786
763
-56
1342
-158
-417
-2040
-601
-22
645
-41
-311
1253
-901
-339
137
409
-467
372
-534
-422
245
-739
-2656
1480
-2149
-256
440
650
740
613
-623
-279
-62
-38
-218
798
-54
600
604
-1225
-666
1998
-12
278
210
598
-466
1431
-197
1086
-722
1407
-426
1929
-977
766
523
12
576
84
450
-285
546
-1111
-1775
-401
-158
2234
-185
230
132
-524
-472
-751
-528
1256
-1288
1488
1483
262
-1708
53
-274
-659
53
891
499
-58
-1130
772
679
941
14
-1951
151
1232
-109
324
929
-163
-57
-44
-184
-254
-609
-609
-1395
-1251
2167
-1388
448
-527
-200
1119
-349
-1560
-804
468
1449
311
734
1090
-1331
-1353
428
-163
591
392
237
652
-363
-700
154
-759
-813
2037
1009
615
99
18
-1886
-1137
-1314
464
1890
-195
-274
-142
307
607
-685
2067
3
642
1280
-1474
-308
-893
770
-1403
417
540
-131
2060
509
2062
790
866
103
900
-735
301
990
-374
-704
484
-131
1360
761
-958
-24
264
-1305
178
-92
-336
746
565
58
-106
1579
586
1023
307
437
1599
316
974
1229
928
-793
674
-184
7
-1390
-373
-368
-765
786
148
-1663
-1190
434
-852
764
853
283
2045
-1716
493
-903
-322
381
-133
-198
968
-28
1027
-872
-69
769
1250
-538
539
-150
-511
-236
1760
-1941
-758
-358
913
-770
649
-1191
302
-880
-588
66
-954
-1160
-1980
-510
-1361
687
153
44
727
579
174
-1146
939
-1684
-980
441
-709
-816
-388
137
-459
371
183
-11
-468
1093
1441
691
-253
2163
-55
161
352
613
-145
703
-562
-1101
74
-1525
-196
524
139
-335
2217
-897
186
2
943
510
258
-678
1580
1575
674
349
144
-111
567
1938
199
238
2241
1981
-464
784
-288
211
-1632
-965
756
-899
1991
272
-888
904
388
1005
-509
-1083
904
823
1158
940
1327
-1969
591
-566
1100
-731
-258
1163
-993
-488
455
-1418
-325
-1492
-606
-141
-1228
-369
-1301
571
873
-1848
-264
-339
-1177
268
-598
333
597
-1216
-1138
414
1060
-798
181
-1995
84
-1190
-477
-209
-288
-1655
-1787
174
-365
-214
308
1170
232
-1918
1612
-492
-896
794
324
-529
358
1754
1509
-103
-903
-1167
-350
929
-377
-976
-403
302
-1125
-939
343
-565
-891
-364
-1868
377
200
121
148
8
-176
-1070
837
-445
-735
-57
1326
443
-312
1012
556
-960
-354
-171
-248
-636
-1511
601
373
-1115
-194
50
580
130
747
80
188
-1572
635
471
508
1504
-643
169
-1513
186
375
-1175
-361
-656
301
-2532
1420
-714
-381
2404
636
-1040
229
-900
324
-1617
-519
-589
112
-817
-2506
371
470
-545
754
-1460
-545
622
-649
-1504
914
-1248
33
-497
739
1642
-1768
19
213
-380
-531
123
-849
-930
-320
472
-486
-2815
421
605
515
-519
1230
994
-1119
419
-461
-581
-831
917
-397
1484
267
994
857
404
-717
925
-59
-1336
-1397
6
154
-720
993
351
-1359
-1636
-71
21
1461
1102
-991
-313
923
576
-225
-203
-712
316
514
1081
1656
-125
312
638
1531
-622
1144
-480
-1196
478
-424
61
821
149
313
1256
377
571
1451
246
1552
-895
-211
-262
2906
-832
-917
1015
-104
-669
224
1431
-364
489
90
-334
203
269
1304
-1546
-523
62
-1692
489
-365
-484
-881
-595
739
1109
-173
1460
722
-307
-1451
662
1210
-165
1488
-115
726
-174
124
-2399
-1448
-363
-545
-383
-914
584
-1898
-691
732
-131
464
462
-384
-196
279
-524
-787
867
-2113
1039
-1644
33
175
-181
-140
1940
-320
-695
992
370
179
-849
2132
-682
-547
277
1218
899
-1525
269
-1028
-869
-211
489
948
1020
-384
-8
919
1136
-529
-599
359
-170
946
-102
266
1861
-259
1615
265
-1004
-187
733
-604
56
63
-358
922
-484
876
1414
-310
908
-443
-618
834
647
-754
-927
1124
-499
774
-590
-34
-1883
41
-404
566
346
-476
999
-408
-235
-657
1234
1833
-1287
-779
1046
587
554
-317
642
1726
-553
478
-1375
19
1115
-2164
801
1019
1134
369
-683
-621
-118
920
-302
394
-819
-1685
552
-1681
1655
154
-400
1275
-1694
-215
1568
-275
1435
1058
-1449
420
-209
754
-417
-405
577
810
1583
-908
685
54
-933
-206
-288
476
360
2103
-348
321
-1546
191
47
152
501
1258
-491
237
1173
855
828
-1451
-212
1257
-1162
1420
1566
462
1099
-145
-539
490
-416
389
-529
347
-751
-1290
-57
299
744
190
-1796
-1387
546
-406
397
-709
150
1901
-506
-309
1047
828
431
-1324
-97
1658
1235
-794
-809
-1390
492
2487
-318
1768
880
-719
-1147
-856
-529
-1460
138
-1284
-99
-406
889
1649
654
-843
-159
-251
-2033
1345
-739
135
292
-786
440
256
-56
24
34
1439
-44
-1184
870
-187
-88
-166
1036
1417
-492
262
-2040
523
-381
-217
1026
-458
608
473
-73
-619
1561
-138
-498
920
940
160
507
-783
-329
-614
260
937
1601
936
664
85
712
1218
409
100
-979
-953
-279
1622
1366
-1467
1323
-234
-355
1074
1098
-1021
-1288
1762
-195
1894
743
-1427
-298
1643
856
-1912
-201
-1055
-105
397
-1145
1381
-917
740
-524
-71
423
1006
149
-600
-404
1353
-1480
-1353
1780
-1475
1203
1908
27
-365
243
-199
-1687
731
-743
1500
1816
-942
1587
-1163
1270
-116
-1214
360
-392
-239
-604
171
643
368
1643
-536
-555
-22
-31
818
-476
-170
-413
-1297
411
318
481
-870
-1024
949
2696
826
-470
204
-163
-307
3031
-605
1254
-227
1271
-239
-2
2454
-1066
-618
277
-434
-1716
-333
135
-109
765
-355
1144
-445
1512
452
503
271
179
567
-1467
844
676
524
383
-780
487
-819
1605
1048
-413
-111
-1176
564
1012
-197
-201
1190
-128
-1484
408
-782
402
1322
1390
-976
-184
43
-1172
-161
-179
-390
-456
-232
-50
-434
-878
-135
438
-53
-1276
-1557
611
-701
34
-295
-48
130
499
710
617
416
396
1120
-4
-834
221
451
120
-412
-212
-1198
1426
18
709
-852
-1688
391
134
-341
-1889
-847
7
-2151
-53
117
-1447
25
-301
-716
-520
1831
-239
-1214
-148
-451
351
276
-1186
358
111
-843
-121
-919
-2722
-1543
-175
-257
1618
-889
-173
-240
-1247
-1380
178
453
1248
-502
-198
-1378
-1753
-479
955
-19
2187
454
-814
1489
416
-194
344
1445
-594
-1129
178
-1556
-1697
564
-746
-425
-517
-263
-1714
-886
-775
1346
-1323
-316
1016
-1122
-184
1330
765
2135
317
1176
31
352
215
889
988
243
-695
413
-1047
196
-9
-605
488
-1347
781
-426
-416
221
185
-424
-918
-578
-933
1571
-26
338
-1269
-184
-203
412
1117
644
1719
-1475
1191
-234
1025
-496
-509
224
-340
-280
918
-39
-403
377
904
182
-999
160
-246
-535
-133
-1445
189
229
494
91
-1006
-196
503
-812
-558
-390
586
-1251
796
1153
516
384
-92
156
-332
-330
-318
588
1489
-93
379
-250
-1267
-400
-1365
-49
1232
-541
1378
-1089
-827
-441
-269
-551
-476
-850
692
-392
-93
-178
807
-1424
629
-971
349
1096
963
-286
-2025
-701
793
-699
-378
-295
-26
-122
-51
1447
109
371
-1107
-335
-914
1081
1488
1091
2
-1037
680
-29
-1064
-1094
-693
90
-711
889
437
-139
125
-441
-1530
358
-536
653
410
-1112
707
453
-1277
-1711
-469
57
-395
-881
-539
889
105
-784
-973
103
-789
269
-9
-306
-1118
-243
1258
-1229
55
-1545
-533
-1222
618
1378
-1445
-1652
-98
-1517
1583
-1164
292
-77
-81
-981
1688
511
1496
-31
-73
82
-232
546
-97
675
636
790
121
150
615
908
-1579
547
1023
476
-210
1220
-1007
882
-1126
838
1607
-782
-227
307
-318
1227
-1684
2391
-2390
901
20
2300
1421
1110
-804
489
563
-243
-27
-901
-766
-739
528
633
-1319
-24
252
-613
-1793
287
2198
-578
822
897
-945
-627
-449
-1415
-1042
382
65
-784
-1817
1747
-597
-721
-541
-153
-1761
556
-1352
663
-708
995
337
1281
876
665
580
-2442
190
-1065
-188
-1243
49
1031
1575
-969
-1256
-514
310
1479
317
1526
7
1486
-503
-424
-194
445
2501
260
-182
-1088
-1096
-555
420
193
797
-271
465
930
552
-832
-397
1088
1389
-982
471
1376
445
-1235
-876
1040
-1606
586
1109
125
54
-1668
-926
-336
-392
944
575
739
453
635
1230
247
-196
-149
-894
-787
680
-828
-223
525
101
74
1960
439
1058
-244
610
-1361
-905
-1211
-1314
-289
-803
86
1275
-344
-1442
-120
255
-330
-1875
1370
-1212
543
-203
-105
-853
-140
354
694
-1283
377
-592
1165
263
-215
2320
2491
59
-130
440
-660
-476
1163
-810
1632
-1407
-122
280
528
38
587
-468
-255
-980
8
-874
-429
281
516
501
-1762
102
855
-131
-12
419
642
577
337
388
713
-16
188
506
-372
1151
963
814
-627
406
654
-487
-500
-46
-740
494
-75
-371
-1350
608
-711
-553
-318
139
-684
-1288
215
673
236
457
1869
-125
-578
-71
528
-1213
-100
341
-973
18
-258
-380
467
511
348
-248
163
-101
238
-1227
937
353
301
-195
1509
1992
674
538
-165
-534
-1082
-225
-1227
707
945
-949
1002
-330
-238
48
-317
2380
1255
-1373
-447
1167
148
613
-103
1354
-80
45
1754
-385
477
-722
-103
699
-226
216
-102
-736
-592
-258
-1353
101
-128
1123
-346
1230
-403
-1368
237
-860
485
35
595
-1315
354
-645
-790
-32
1592
396
-450
-237
702
1361
1834
-132
486
-1120
-967
647
1010
151
123
-841
74
-319
844
1224
-271
-3
-145
-315
-1273
-359
1583
520
1452
-1703
280
1568
-1031
-892
136
-816
591
-298
24
-2010
-756
159
-635
-1163
302
-75
271
-17
941
1015
953
-452
1468
-46
-163
46
954
264
523
490
1604
-365
22
228
-1368
-589
468
1046
106
-1111
-443
831
310
1939
433
-501
1152
582
416
-699
711
950
875
647
-1736
876
1885
-219
-584
405
-433
111
1008
468
-240
892
-1125
-1287
-1180
-890
73
1695
989
-302
215
-597
-1251
385
-435
82
-804
-73
133
-862
1956
-235
1260
784
937
727
759
-320
-390
554
-1188
441
-1757
969
-116
204
73
854
-306
304
225
1244
-187
178
-298
454
-903
-1017
-953
880
-745
-1111
-1193
-186
-736
404
1465
868
-733
499
109
-967
1099
11
-110
-273
158
-633
-62
1893
-546
65
-870
-747
1245
103
-810
-425
1037
-445
68
184
-213
98
1139
-1133
213
-1348
-206
240
-490
655
1739
1541
-731
-355
-638
691
-1084
628
-110
-304
391
-175
398
763
-142
-827
-1016
1433
817
-602
3262
498
-1801
130
776
2200
-53
431
894
-340
983
-135
403
-69
499
-920
-1192
662
-762
-278
-437
584
609
-445
197
-427
135
-1417
1007
57
156
-192
-656
-1515
-130
-945
-618
684
409
-1501
1400
349
-983
101
-384
-758
215
-614
-646
140
27
-151
-1398
507
-1461
394
64
390
-253
1362
-251
-813
-239
526
648
-1287
1309
-380
-417
577
238
-575
942
-412
-89
580
2295
-1672
51
-237
35
-133
-425
-348
-1707
602
479
2384
66
271
483
850
-568
-516
1901
-2062
-3262
431
182
254
879
-1389
103
-462
115
921
609
566
-173
356
-462
-999
1142
-989
-133
1187
424
621
-373
1378
-579
748
373
-454
1172
1028
890
-412
9
794
-378
1006
-652
-653
-223
1168
829
-220
444
1725
-2188
1208
987
336
-97
-140
-929
987
-646
1351
1272
118
41
955
484
548
-787
-984
-1090
-579
-44
1865
456
-243
770
1226
1606
2739
-1429
111
448
1757
477
-780
1240
-817
-488
-1304
-1416
114
-1263
374
538
394
-39
664
941
571
1312
720
1725
-7
766
-175
-106
-493
-546
-1124
1195
-495
-837
1066
-749
106
-77
292
-384
-1729
-1423
117
1540
389
-689
1245
921
-557
-1905
1123
61
391
341
-1199
177
1307
-1526
169
-66
-587
-1935
-134
249
-579
338
917
-1098
-635
248
-508
25
649
-259
-309
-952
-100
613
490
143
-771
-544
-87
368
-303
-1581
-495
12
923
-1401
918
-659
1556
527
844
-1561
-1755
-141
760
106
-1579
-29
1403
-60
1711
-29
-1172
1003
-295
833
351
-798
-1945
566
-922
-697
887
-1005
-117
152
-1486
2022
-1241
1220
835
-2199
-527
-721
-328
865
-781
437
-951
-1323
166
-1444
1466
292
152
1332
491
278
390
-1723
999
43
1007
-832
-532
175
-106
-143
-32
373
-430
-123
-303
-234
528
-820
1508
-398
-409
1261
-68
556
-934
-805
-394
1036
-861
-1224
-960
-972
405
-665
-647
546
-104
959
284
329
484
-1361
-1749
167
566
1077
1858
-439
911
-935
724
-764
185
-782
599
-274
135
-881
691
490
-172
2105
-2073
-1054
104
339
-862
-87
-43
1766
-1449
839
676
-89
276
-554
-641
880
53
-148
160
1201
1218
141
1233
388
-751
852
-143
1308
336
-933
-747
137
945
-114
-1638
-175
-1188
-597
22
793
272
183
545
-1071
809
-203
747
-535
-1042
-1099
-848
734
832
733
-17
-375
-1822
231
229
1151
203
-549
-316
829
50
-830
-1509
-1726
814
572
-836
-189
-560
275
866
-573
-538
-184
827
-1161
205
-747
393
-412
-938
-80
-1486
1781
712
-1256
-263
-681
1401
-173
-686
34
1356
-132
329
145
2572
-264
613
-1130
-958
-729
-81
737
481
-510
424
-1305
-121
-248
-1071
418
1309
188
-1420
-880
-1193
55
680
366
655
-241
-760
-424
-167
64
60
-1674
-293
565
-1984
-901
331
68
-789
521
218
-1258
-850
335
-367
-720
404
-950
-88
443
-1438
171
-73
-171
1013
-168
908
-139
121
757
557
-774
138
-1015
-101
-1051
-199
648
-105
1213
-933
224
35
-277
982
-335
-887
-158
1081
38
737
166
857
492
40
-2302
-1199
399
27
-1410
-94
279
-167
-261
675
-1507
271
-94
1576
-941
393
19
401
-991
580
-31
788
1069
-6
-1505
1177
-1075
559
450
-1062
-759
1000
742
-831
644
-834
224
1152
1173
-737
1413
274
353
725
-192
-229
-1137
-86
-926
457
399
-593
695
38
-1632
-125
-134
-1709
-171
962
412
-495
-773
245
-64
-537
832
-155
-671
201
689
422
-769
757
-741
-1349
-963
-452
660
-885
-2365
-1303
-545
899
737
-2293
-175
381
-553
-375
543
-1206
24
-534
170
-994
917
879
-376
-1094
-791
-300
-554
472
1802
391
-708
152
396
1179
942
873
98
345
-1511
1875
57
297
-553
900
635
-62
-177
-344
189
2322
1237
1450
1080
-89
-873
-345
-296
-980
-563
152
-342
667
1085
-445
-556
147
-435
130
-998
1644
630
597
638
606
1107
-771
1253
73
1480
994
-2256
-1042
716
-173
-1356
637
-336
1677
-1357
355
61
1928
-12
15
-268
-871
-1390
-1431
80
-378
85
188
-457
-2455
-818
-1749
893
503
-133
254
-471
136
125
1626
322
-1231
1322
889
407
738
-373
1483
127
812
653
597
-125
401
-1839
209
-1742
43
-66
502
-117
-83
-278
-317
-1057
250
1302
100
-421
10
-237
-144
1838
-484
136
-357
-45
-331
1876
728
-562
542
435
604
267
-147
1604
-1911
366
298
-589
1217
1445
-619
-405
8
1902
224
-1098
132
-756
129
-1979
852
-718
960
1168
997
-652
-191
54
-119
-690
-505
957
2011
996
-871
1013
-940
998
69
-225
262
-1268
-89
-396
923
-93
-524
404
333
568
1963
160
186
76
432
2029
-2107
-771
-182
-1134
-704
414
677
351
773
-218
335
591
443
1240
1176
1259
-812
-678
221
-1060
-313
-1304
1341
1089
1109
583
-211
-946
1699
-603
1490
-42
726
-599
-883
-1172
1104
-431
1098
43
272
338
-1521
-414
-68
632
-2978
800
1175
256
672
-413
517
271
1430
566
-995
528
-1002
645
-78
-900
14
685
-1006
-465
2036
1172
-2219
357
-221
-664
-1140
140
938
839
137
1494
-674
67
-1617
-768
-803
234
1707
843
-587
-421
-320
-434
-99
-20
-336
-376
-1069
-2100
-919
-1158
-1013
-112
-203
778
2185
-114
560
-141
226
-1176
135
-2454
-102
556
-228
553
136
872
-1229
180
-770
493
-221
-513
1201
-1356
1613
647
-93
1003
-1244
13
-1648
70
364
873
1006
272
16
86
874
-218
1379
493
31
229
2147
278
413
150
837
-413
1359
-298
94
1029
526
526
437
-1195
921
87
-304
379
138
573
-612
666
839
424
491
-17
-586
-685
81
-614
-74
375
823
222
488
1288
-1250
839
591
-1022
593
-540
287
-270
-779
-1544
-527
-541
1462
-614
582
-1094
745
-52
488
-925
887
88
329
-405
543
252
274
-15
-407
-178
-929
842
1046
767
1389
-732
719
1125
1446
1403
-699
1392
1624
-277
651
731
216
-1094
2377
1232
-1375
346
500
-412
315
378
-568
95
206
-966
499
635
165
-35
1527
-100
1827
-1376
418
590
-21
817
-175
404
-284
-1901
-204
578
203
487
-681
62
-327
581
-215
294
-2852
-1248
1203
485
110
-1735
-499
-3052
343
570
-1998
66
-584
-1676
2412
1036
-563
526
619
247
284
-605
825
-342
111
-234
408
-1029
980
629
1523
1052
260
-582
65
-1570
433
562
492
368
-925
324
193
-1537
1120
65
1339
136
71
-1065
1331
1460
609
-455
478
-45
197
-268
106
-937
631
1420
-202
-1066
56
-548
64
285
-1299
-1477
482
157
2458
258
677
-11
-2
826
141
120
599
1317
65
-1468
181
1440
701
534
1723
-375
-339
794
-903
671
-1120
-133
-493
-620
-749
1271
-361
-721
-458
-163
-1157
598
443
-1283
-1725
-1253
616
457
-1064
-1738
52
487
792
261
310
-2404
-1092
872
1969
-1309
157
15
195
-660
92
-241
117
-1107
1287
498
-1429
1433
165
-662
1163
-3
271
-284
2933
-624
-1009
-566
69
764
-1567
-1662
-20
754
797
-2530
307
611
-392
1869
-394
-545
144
-400
82
315
17
156
41
186
669
1049
-2460
-77
865
-446
-1083
238
1385
-2025
232
395
-833
-1217
-464
572
-651
-386
-382
-784
351
1243
1045
-1089
-14
210
374
-1021
-1044
133
966
-642
-288
-898
-1800
286
-686
394
-845
704
-70
-719
-886
632
444
623
836
292
684
-1224
-47
650
729
715
-1629
296
-957
557
-311
-362
-826
-111
-75
1780
5
400
-586
138
-201
-1510
949
247
515
-522
-751
-549
594
984
-441
-1638
436
-1159
930
-1294
-104
-888
-793
254
866
291
-1363
1320
2289
1622
329
-917
-446
827
-1129
1869
624
-195
794
-210
-433
-119
-918
-1634
438
-753
361
-602
-888
-613
-297
-463
1351
257
1314
-1017
684
-1084
-249
-327
103
-783
-423
1089
872
547
-365
1927
-491
1926
540
-2256
-852
-402
993
1052
-658
820
-1447
-393
-776
-238
1250
1874
759
1374
-489
232
62
-680
-1005
423
-1172
244
-467
612
1264
-816
352
940
308
-277
-303
527
663
-659
2714
-198
340
-594
1269
254
382
-1060
221
-1188
-277
-834
-997
-782
1356
-1684
-993
36
-317
1082
-428
-1047
-345
98
1541
895
1130
-948
235
96
-552
-941
104
992
2084
-708
325
-1080
84
287
-86
400
-392
-711
-239
-1888
813
2009
1305
208
195
-635
922
-781
-506
-1561
-1372
-1938
1606
786
-77
-281
62
275
-657
-401
-1386
-857
-479
94
848
436
-884
77
-299
2431
379
-1387
-419
-497
-1698
876
-1171
-1556
594
-1249
147
-44
579
349
860
1169
277
211
-1418
757
-720
546
261
-2114
-380
1345
1101
-166
-411
1854
-1656
-1044
-307
1032
-408
-380
449
680
-168
-777
1901
-184
-333
1697
-1206
105
-691
290
1321
762
246
1192
1245
-720
-336
-673
437
-1766
271
-822
826
-2181
648
1293
332
-296
450
859
-700
938
-1377
-350
324
681
-191
410
158
-460
-11
-1638
2336
759
-54
123
959
2716
758
166
-162
1738
641
-564
2475
-277
231
407
-190
-794
-27
-255
1867
-1342
-142
-303
408
608
106
1150
-1087
-1651
-551
-1861
546
-923
236
-628
1776
105
723
1554
-649
1690
-780
-129
-1312
545
-930
1535
-538
654
9
204
1001
-806
1012
-980
1733
-509
-1345
583
-269
496
-911
-89
-2919
-1032
372
797
1096
1187
-1619
-71
-552
834
-348
-365
44
-1365
-596
-131
-1188
-2371
580
547
414
92
-814
1072
256
18
-74
-1759
-433
176
1128
-1555
-338
-128
351
1988
974
-701
-343
1649
1148
87
75
-507
-1050
-1115
158
1046
187
-46
-375
826
878
-2116
-132
-79
44
850
531
209
1522
611
12
-243
268
-1498
1449
-586
-410
1020
363
273
636
1173
824
-123
1634
404
296
-502
-495
-2378
606
-625
-425
754
-576
1537
472
-397
-331
-34
354
419
-218
-713
416
398
-494
65
1747
1108
-541
922
758
-1883
-663
-174
-1702
106
-406
-1366
1918
-1683
-978
1086
-671
1597
560
-588
-1243
761
81
332
-154
-683
1176
-22
619
-1025
-784
332
1171
-1749
-857
775
-924
531
-539
-1422
-1080
-1243
-1038
-1080
315
2907
-1921
371
-1301
-508
443
-2280
1228
16
170
-1056
114
429
1027
1378
1183
-725
-88
-800
1512
1257
-2184
-255
-1056
1772
-84
870
-431
-17
-37
-1374
-539
308
-368
151
-1305
-531
1071
-1111
1488
-571
292
-802
1
-96
275
-48
541
-903
30
230
-150
-102
879
-749
-284
1480
377
-2389
-595
-193
238
491
534
-737
409
588
-365
-503
363
-158
1292
869
-207
-163
587
-2800
104
776
-789
-947
288
250
278
-291
202
1564
-612
-524
189
-787
-227
98
-770
-648
1347
586
-499
-2156
658
-610
-215
294
-587
-152
-1641
-407
744
1272
1750
-1833
-441
880
338
-115
-102
-40
-265
-158
877
121
-150
350
-322
-44
809
975
-2108
552
352
-2
-934
-595
798
-1325
-657
320
-757
1262
1571
-91
-942
-157
538
1265
-1310
95
-70
695
681
-1327
1203
19
1060
254
683
15
802
1137
-745
-814
-497
695
334
-77
984
732
629
621
105
-167
922
-980
-842
-119
1638
-833
1128
777
1962
-945
121
-1916
-329
232
1003
146
208
-106
1123
539
8
783
-20
-482
-859
482
1386
187
-578
-634
1015
719
350
-325
-475
-1665
-2218
361
287
-356
2129
-622
-391
1071
-112
-649
-1545
177
-336
-308
-1524
-528
-799
653
-737
-639
203
-738
514
-385
712
858
1824
-479
827
-809
-44
-430
-1434
703
-768
518
-550
457
-1309
846
-36
-1460
-523
260
167
69
2503
-192
78
1102
-1456
806
446
-124
-802
-472
1274
950
651
413
216
-1628
-769
377
75
1014
-1056
-251
-1646
1479
325
-722
292
752
565
-612
-29
-347
1509
610
1435
915
-1515
-1676
430
-351
439
-634
2695
-469
-430
-611
-565
580
-211
-1449
-1438
-302
-31
697
1489
-614
-506
2056
1046
1505
834
430
-45
-485
1561
-668
-281
870
-207
-1030
-1566
-444
-1131
847
245
-1118
-791
120
-1660
-420
-30
-201
1979
-879
-650
-310
-568
-25
-915
459
-127
-972
-1194
313
-53
1173
-388
668
876
266
429
-162
1620
661
-682
-41
1112
-894
732
-106
-24
-1042
-469
1148
1514
-1751
-134
-424
-1150
-1134
-657
388
226
-1161
60
884
1509
153
-1475
-2013
706
1030
433
-266
195
14
-1592
1333
-723
-516
158
342
2439
-793
-936
743
-2092
-366
99
-38
-724
-250
1274
293
-256
496
1114
271
-177
1418
-1097
-542
-124
