13 2 0.07
44 0 4 0 6 0 7 1 3 1 4 1 6 2 3 2 4 2 5 2 6 2 7 3 2 3 3 3 4 3 5 3 6 4 2 4 3 4 4 4 5 5 0 5 1 5 2 5 3 5 4 5 5 5 8 6 0 6 1 6 2 6 3 6 4 6 5 6 6 6 7 6 8 6 9 7 3 7 4 7 5 8 3 8 4 9 4 9 5
24 0 2 1 2 1 3 1 4 2 1 2 3 3 0 3 1 3 2 3 3 4 0 4 1 4 2 4 3 4 4 4 5 5 1 5 2 5 3 6 1 6 2 6 3 7 3 8 3
0 2
2 7
0 0 0 0 0 0 1 0 1 1 0 0 0
0 0 0 0 0 1 1 0 1 0 0 0 0
0 0 0 0 0 1 1 1 1 2 0 0 0
0 0 0 0 1 1 1 1 1 1 1 1 0
0 0 0 0 1 1 1 1 1 0 1 0 0
0 0 1 1 1 1 1 2 1 1 2 0 0
0 0 1 1 1 1 1 2 2 2 2 2 1
0 0 0 0 0 1 1 1 1 1 1 0 0
0 0 0 0 0 1 1 0 1 1 1 0 0
0 0 0 0 0 0 1 1 0 0 1 0 0
0 0 0 0 0 0 0 0 0 0 1 0 0
0 0 0 0 0 0 0 0 0 0 0 0 0
0 0 0 0 0 0 0 0 0 0 0 0 0
0.2411280022
-0.5535588126
1.2409273090
-1.3186058481
-0.4225924376
-0.1657656667
-0.6099392301
0.5823577957
0.3643427673
-1.3104660426
1.2720887405
-0.3937881625
1.7869951558
0.0885632571
0.9225649392
0.8397981768
-0.5030725682
0.9908536922
-2.6777682636
0.2683954989
-0.2451492441
-1.3123230240
1.8563825356
0.3949808997
0.3768014078
1.5583528621
-1.0947549146
1.6085802797
0.5882722667
-1.2009953336
0.3947560275
1.3392823256
0.2323639349
0.4266793874
-0.3225010901
-1.6557628713
-1.4774838085
1.3590796866
-0.0335745792
-0.0568261811
-0.2549199235
1.1909152712
-1.6949503676
-2.6740063905
1.1632121313
-0.4125829779
-1.1939467913
-0.5848102182
-0.0331982094
0.8132437029
-0.7882392579
1.5191437732
0.1787494017
-0.4883353124
0.1349322122
1.7394672195
0.5264736864
-0.0796986953
0.2745467867
-0.9057779184
-0.2960641316
0.3007340886
-0.3231500683
0.7248447856
0.4760036659
-0.1047329931
1.4700306554
0.6268137413
-0.6768269827
0.7456180591
-1.6047782974
-0.6205125924
1.4839090076
-0.0498948359
1.1832478712
1.0579567549
-0.5248952116
-0.0460355973
-0.1417590587
-1.1397657419
-0.3173084831
2.1501826679
-1.4584688625
-0.2025402211
-1.2156969183
0.2481834864
1.3656296158
-0.4779249948
-0.9080274381
-2.8533509445
0.7499998876
1.8242074175
0.2933999616
-0.7190890254
0.9236838280
-1.7086080044
-0.6330581055
0.2257881086
1.6388984215
-0.1608638150
-2.3585582309
-1.9164976842
0.2836707628
1.4517894607
0.5474791484
-1.4801568714
0.9344160885
-0.1291312509
0.3239501090
-2.0526196691
-1.0550497705
0.3672713019
0.1012436050
-1.9484148387
1.2091827520
-0.8163403056
-0.6210865230
-0.1382062470
-1.8858714281
1.0771614860
1.1786001832
0.8878495582
-0.7953564254
0.2504772093
0.4063109530
0.3767056563
-0.2732456106
-0.4814767279
-1.1044396026
-0.5169268849
-2.2984668997
0.0188935477
0.1611639017
0.7544696527
-1.1665696489
0.2500133295
1.4881850084
1.2342003526
-0.1707928471
-0.4196432820
-0.5706968188
1.5935073181
1.3623851593
0.7004795283
0.1467419531
-1.2728862759
0.0137823319
0.7464741981
0.9482470879
-0.7042324664
-0.0577613538
-0.3445603298
0.8337630974
-0.0075206765
0.3843685682
-0.3272970867
0.8684767327
0.6460911951
1.1001059276
1.1002772448
0.2523380263
0.1537147416
-0.2574583438
1.3337331196
-2.3058276504
-0.8804592015
0.0815072394
-0.1517189078
-1.0971430905
-0.7017229168
-0.5887313516
-1.2830757270
-0.0034779248
1.4129759696
-0.5972880357
0.7953886528
0.1093567846
-0.6358459339
-2.0785142476
0.4361880783
-0.5147515525
3.1975177908
0.4813046310
1.0057301409
0.1805408606
1.4321237084
-0.1873083315
-1.6756603062
0.0209993489
0.4258118808
0.1376964402
0.8982014454
-1.0956925478
0.0268408508
-0.7988998052
1.1826773516
-1.4363109332
1.1737125094
1.0875121463
-0.5473586791
-0.0156631987
1.1375561979
0.4261703486
-1.5718483373
-0.4126003557
1.1500265006
-2.1526284284
0.1520321597
-0.3356235183
-0.5389177609
0.0402159788
0.4829003326
0.5010472270
-1.2918682810
1.3413934587
0.4353681448
-0.0801328375
-0.9173394993
1.0197395728
-0.5672904241
0.0312997481
-0.3143379745
0.0649206024
0.8636558536
1.1020777706
-0.3916057166
1.9896839890
1.3681588346
-0.5915218494
-0.9023280055
0.9658443498
-0.1260582385
-0.4954377408
-1.0747613711
-0.2233971282
1.1465154192
-0.2053840179
-0.2386838628
-0.4224220756
0.9161139279
0.3513633800
0.6047866042
0.0522618393
-1.1013837210
0.6014748995
0.3772788841
0.3969780591
-0.2524655119
-0.4084740687
0.4131458924
-1.3411072827
-1.0488975509
-0.3101327519
0.1438260353
0.4947715027
-0.8191048567
0.3993432120
0.7965560320
-1.7459191284
0.3810165887
1.7148288524
0.4897650195
1.0368636657
-0.5319779173
1.9231549984
0.4317655213
-0.2123570581
-0.4293377242
-0.8429473661
0.9753733984
1.3482697810
1.5392273974
0.1231126625
-0.0944214405
0.5915690013
0.4862644289
-1.0773219217
-0.6362590421
-1.3454178775
-0.4202803921
-0.7024082195
0.3569310766
0.4166134803
-0.2635441658
0.4306031387
1.4906241897
0.8140767180
-2.0789456059
-0.3931614034
-1.6353933064
-0.4678296569
1.6942050010
0.3320871836
-0.0346120180
1.1399831961
0.3842643785
1.2238325046
-2.7839235503
-1.7244552066
0.7564192574
-1.8506603063
0.0975374902
-0.0077177093
0.2561419733
1.1866540430
-0.3549899728
-0.5316691237
0.7492592587
-0.6400436514
0.1793521006
-0.4377296592
1.4143765496
-0.2496158953
-0.4861301503
-0.6347481594
-2.6083631958
0.5479981404
0.0670170048
1.9881695716
0.9853718423
-0.6935586561
0.9645432183
-1.3048153503
-0.7746955708
-1.2491014396
-0.1873350956
-0.9835854135
0.5714894368
-0.9361830686
-2.0235342117
1.0752670820
0.7174650507
-1.3165363153
-0.9458373129
-0.8005318649
0.7102592078
1.6376616943
-0.5557175695
