16 8 0.14
12 0 1 0 3 0 4 1 0 1 1 1 2 1 3 1 4 1 5 2 3 2 4 3 4
11 0 1 0 2 1 0 1 1 1 2 1 3 2 2 2 3 2 4 2 5 3 2
13 0 0 0 1 0 2 0 3 0 4 1 2 1 3 1 4 2 3 3 3 4 2 4 3 5 3
10 0 0 0 1 0 2 1 2 1 3 2 2 2 3 3 2 4 1 4 2
13 0 1 1 0 1 1 2 0 2 1 2 2 2 3 3 0 3 1 4 0 4 1 5 1 6 1
14 0 0 0 1 0 2 1 0 1 1 1 2 1 3 2 1 2 2 2 3 2 4 2 5 3 1 3 2
8 0 2 0 3 1 2 2 0 2 1 2 2 3 2 4 2
13 0 1 0 2 0 3 1 1 1 2 2 0 2 1 2 2 2 3 3 0 3 3 4 0 5 0
7 1
9 10
2 8
2 4
8 12
12 0
5 7
5 12
0 0 0 0 0 0 0 0 0 0 0 0 0 0 0 0
0 0 0 0 0 0 0 0 0 0 0 0 0 0 0 0
0 0 0 0 1 1 1 0 1 1 1 1 1 0 0 0
0 0 0 0 0 0 1 1 0 0 1 1 1 0 0 0
0 0 0 0 0 0 1 1 0 0 0 1 0 0 0 0
0 0 0 0 0 0 1 0 0 1 1 1 0 1 1 1
0 0 0 0 0 1 1 0 0 1 1 1 0 1 1 0
0 0 1 0 1 1 0 1 1 1 0 1 1 1 1 1
0 1 1 1 1 1 1 0 0 1 0 0 1 1 0 1
0 0 0 0 1 1 0 0 0 1 0 1 3 1 0 0
0 0 0 0 0 1 0 0 0 0 1 1 3 2 1 1
0 0 0 0 0 0 0 0 0 0 0 0 2 2 1 1
1 1 1 0 0 0 0 0 0 0 0 0 2 1 0 0
1 1 1 1 0 0 0 0 0 0 0 0 0 1 0 0
0 1 1 1 1 1 0 0 0 0 0 0 0 1 0 0
0 1 1 0 0 0 0 0 0 0 0 0 0 0 0 0
-0.0827968202
-0.8424705783
-0.6422605937
-1.1641295372
-0.1305487842
-0.7187680055
0.4098815696
-0.7463672129
-1.1796834422
-1.5552997873
1.0279736554
0.3514610423
-1.1487137026
-1.0932473703
-1.0372396932
-1.3164833185
0.5635305172
-0.2063434384
-0.7764380697
0.8366699135
-0.7740248791
-0.0407830313
2.0194702389
-1.0280065116
0.2935670376
-1.4616317645
0.1224020314
1.8324607733
1.4194671793
-0.4277144400
-0.4728404139
-0.1415861094
-0.5887174138
0.3086512121
0.0848881336
0.0348032079
-0.4683636959
-0.4812100733
0.4027672889
0.4773153985
-1.6840276909
-1.8075387264
0.3610867738
0.8787769342
-1.0882270547
0.3619107282
-0.0636647078
-1.8961872080
-0.8183401867
0.2706756342
0.5777951812
0.6519887313
-0.4616198825
0.3093997716
0.1005400796
-0.6143955016
0.4152071300
1.7452720668
-0.9501140776
1.8478243723
1.3467548843
-0.8263520697
-1.3773235729
-1.0310083474
1.6326199625
-1.6550971475
-0.1928577821
-0.7902121726
0.2588988297
1.4433770311
-0.8869922184
0.5227455908
-2.5385702236
0.4770352027
2.2501714548
0.6090032776
-0.1803235166
-0.8434391043
0.9717108670
1.4754120972
0.9487432499
0.2319643357
-1.2695312557
-2.6763544834
-0.1217924418
-1.9727600768
1.6723566912
-0.7009085112
0.0052646911
-2.0188200927
-2.8097623155
0.5976340281
0.7845211078
1.7950195683
0.8638758707
-1.0348587328
0.6160898025
-0.2391041561
2.4355663994
-0.1408834646
-0.3694707335
-0.7744847560
1.3426641904
-0.0015529740
-0.3961377887
1.0123795523
-0.8707056801
-0.3758889054
-1.2242112436
-1.0951147582
0.0234937463
-0.4741156328
0.7548923620
0.3667798715
-1.0107444034
-0.7266745486
-1.9873336343
2.0277641173
-0.3302715327
0.2751548968
0.5609358759
0.7143720786
1.5715689000
-0.1285336475
-1.3589418492
-0.5628457500
2.1059016494
0.4646299858
0.5478243601
-0.3867447484
-0.0409119205
-0.2962804005
1.4739591594
1.1760157899
1.3470089130
0.8644936836
-0.5537621364
1.7627473410
0.4860394407
-0.4814389211
0.7731012968
-0.0209371206
1.0826736111
1.5449448101
0.4670132228
1.6949952451
0.2946178826
-1.1705016596
0.8329991959
0.0992245166
2.3259563497
1.2874906255
0.0308334749
1.5776018504
2.2237617143
-0.7997262151
0.8212256840
1.0587862186
-1.1091728048
-0.3619305259
0.0649664368
0.3325442018
0.5304484537
1.6310234840
-0.5238504973
-1.6887321947
1.7093552973
-0.4558858011
-1.7219180390
0.9746489598
-0.0055843952
-0.0585270573
0.1993633385
-0.7667738130
-0.3308264563
-1.2790765171
0.4444167662
1.4762648770
-0.3235374254
1.3276481535
-0.5716545988
-0.7876622469
-0.7310197087
-0.3671284971
0.3516559565
-0.4215609893
0.4916468580
0.1178622081
-1.0596745434
-1.1836196480
-0.3459538211
-0.7104244654
0.5448194828
-0.2095935734
1.2938969139
-1.3738484871
0.6608775806
1.4779310333
1.1343590656
-0.5186208503
0.5385371797
0.6683846814
-0.0099723942
-1.2069988957
1.3650527578
-2.3700340002
-0.9946574273
0.0924031368
-1.4022577422
0.7799354455
0.4710010645
1.5346547336
0.1086952967
0.2619060835
1.4744252397
-1.1908246527
-0.9625212446
2.1234351976
-0.5956322304
0.8379779472
1.3516104149
0.4707844449
0.3425776201
0.3694299700
1.3049986623
-1.4866651906
-0.3123358284
-0.7661135654
-0.3893364251
0.8338638080
0.9753847454
0.8955135092
-0.5138617983
-1.3129875187
0.0136988803
-0.6069374107
0.0671900273
-0.2689479040
1.0745916488
-0.3197833530
-0.9649864328
-2.3284363323
0.3600493674
-1.5431100441
-0.3873869405
0.3558772094
1.1713504624
0.1671192100
-0.3260846763
0.2129270076
0.5051150611
0.4247726243
0.2518930676
2.1641294959
0.4964574579
0.8892727583
0.5127665084
-0.4012265687
0.1598315164
-0.4084589579
-0.0513008880
0.0146231018
0.0898332962
2.1615262796
0.4365764966
1.1764712706
2.3909382992
-1.7522874705
-0.4567185514
0.7607637726
-0.0236482921
1.3897383683
0.3669321678
1.2930451078
-0.2713878765
1.1619111772
1.3784713997
1.1847276426
0.3884879110
0.5115682632
0.3849844960
0.0142760840
0.7159053756
-1.0412280371
1.0942677653
0.7262237536
1.4387740335
-1.8511356086
2.1302627486
-0.4842830549
0.0492210138
0.1153022223
2.3555259581
2.2218302780
-1.8163001806
0.5633365739
-0.5895644293
0.4357850758
0.5429538677
0.3991417370
0.3818639809
-1.2758257239
0.9715704584
-0.2831711129
-0.4263790142
1.8588193493
-0.1055230780
-0.4465271035
0.6752932902
1.3050096694
-1.3391351329
0.0179288754
-0.3075374645
-0.3647294434
0.5170940451
0.2077505133
-1.5146534230
-1.3283896433
-0.7387601964
0.4982327336
-1.7059268937
0.9932980172
0.6705865822
-0.5785412064
0.7317739073
0.1607111154
-1.1923806382
1.1663143797
-0.6333739317
0.7801969911
0.6670770225
-1.8355375087
-0.4044364195
0.2747889433
-1.8434752145
-0.9729701934
-1.1993191251
-0.6323236204
0.6732819397
-0.3892338321
1.4101341275
0.5250706715
-0.7018998988
-1.9550503399
1.9379555699
-1.3520755003
0.0588460406
1.7507389783
-0.1299379231
0.1296359123
-0.2488172045
-0.7527032942
-1.1421541849
-0.6194441761
1.6705018012
0.1545657300
-0.4136127207
1.7606101904
0.2684399631
0.1524121856
1.1707838643
-1.0959383894
0.6564607405
1.0216564307
-1.1722949135
0.8030919618
-0.5128574317
-0.1676918518
1.0452333230
-0.9598439191
-0.3011443165
-0.5431270957
-1.0041549929
-0.8925063626
0.1835093540
0.8542034307
1.8555331521
0.1834932025
-0.1456223652
1.1613104729
-0.4363392973
0.5407496022
-0.0140654985
-0.5528099660
1.4481693453
-0.3416414557
2.1648986620
1.2430161811
-0.2230310111
-0.3564486467
-0.2843519580
0.2667536846
1.0813655598
-1.1406545268
1.1833553024
-0.2469173188
-0.1447673008
0.0118976309
-0.6249336480
1.3383359846
0.5446916982
1.4613497769
0.8751677044
1.2130723703
0.9447550928
-0.4697415661
-0.0562987324
-0.4811281493
0.0911790459
0.4875786397
-2.2026026265
1.1081018387
-0.3837039182
-0.8049943573
-0.4813476429
-1.4366045935
-0.6208304156
0.8227047223
0.9330587521
1.6526862391
-0.3281190654
-1.7661544675
-0.2544019337
-0.7532846097
0.1621691621
0.1483147322
0.7458175095
0.3202669688
0.2606840449
0.3191967129
-0.9892442161
-1.5085316351
1.1094757156
1.5135450486
1.6236286878
1.5627225737
0.7067573868
-0.6591550437
-0.7853539663
1.3386548237
-0.4458976628
0.8734546560
2.1591316109
2.7327882676
-0.3636982775
-0.1608128436
-0.0886205339
1.3639086457
-0.0299800675
-0.4540970584
0.0190743474
-0.1929993518
-0.9883718818
1.2098317270
-1.9563916033
-0.4071625545
1.6944800034
-2.0991065988
-0.4905279978
0.9773921243
-0.6327150577
0.1873356355
1.1197668383
-0.9981426211
-0.0589256978
-0.1545581046
0.1938420544
1.1629001672
-0.2364109047
0.3860980838
-2.7006922932
-0.7648973461
-0.8521294665
-2.4467620765
0.5357869625
-1.4203794930
1.2212107457
-1.5069306566
0.0060845073
1.5446780586
-0.2738827614
-1.4044843623
0.7346602576
-2.5125947097
-0.9210750563
2.1902064276
-1.3613679690
1.4313225597
1.8955680996
0.4393947344
0.3279183252
-0.7639737922
-0.3827853436
-0.2358502615
0.2725124998
0.5411190579
-0.4962676826
0.3468313544
-1.1970148038
1.0794935100
1.1359177750
-0.7498292286
-0.5159207538
-0.3194767077
0.3740067360
0.2270806911
1.1180632248
-2.1198997743
1.2982939691
-0.3627100155
0.3801481284
-0.0423426867
