10 4 0.15
9 0 1 0 2 1 1 1 2 2 0 2 1 2 2 3 0 3 1
9 0 2 1 1 1 2 2 1 2 2 3 1 3 2 4 0 4 1
7 0 0 0 1 0 2 1 0 1 1 1 2 2 2
8 0 2 1 0 1 1 1 2 1 3 1 4 2 0 3 0
6 2
0 7
1 0
4 1
0 0 0 0 0 0 0 0 0 1
1 1 1 0 0 0 0 0 1 1
1 1 1 0 0 0 0 0 1 1
0 0 1 0 0 0 0 0 1 1
0 0 0 1 0 0 0 1 1 0
0 1 1 1 1 1 0 0 0 0
0 1 0 1 1 0 0 0 0 0
0 1 0 1 1 0 0 0 0 0
0 0 1 1 1 0 0 0 0 0
0 0 1 1 0 0 0 0 0 0
0.6155451207
0.6921787068
-0.5524174714
1.9986664831
0.8771670748
0.3265273045
0.8199798704
-0.2457329286
0.9831672015
0.8298881474
-0.1123422647
1.3358043121
1.3867614677
0.9119963036
0.8161224846
0.0686904727
-0.7811486978
1.4301613164
0.5622162151
-0.6319237443
-2.2781569140
-0.4498672736
0.2331478789
-0.2313266559
0.9996557572
-0.3591673221
0.6274429301
1.2419577828
-1.4801516752
0.2391901583
0.3419051031
-0.3177129894
-1.1129368968
2.3713178796
1.3370426427
-0.2873407682
-0.2474569125
0.6536950613
-0.3980834423
-0.2175974425
-1.6610325890
-1.0335086071
-0.7357517149
0.1017799514
-0.8542331191
-0.1932837621
0.8019481037
-0.3091525166
0.7211506151
1.0458988204
-0.0962841975
-0.3721978024
0.7723143331
0.7206373915
2.1236901395
0.0144448456
-0.3592318878
-0.4211101722
-0.3932633354
-0.2035720663
0.9801007806
0.2047454015
1.4965265639
0.4384714110
-0.3517813654
0.2530443457
-1.0200494568
0.8134961752
0.0994822102
-0.0608391664
-0.6680985027
0.3715073817
-2.4681745270
0.4838492299
0.3373988867
-0.2515021140
-1.9383926423
-0.6021698427
-1.9116964921
-0.1632245437
-1.3294558746
-0.3207797478
0.4431196193
-0.2255586259
0.8687606648
0.1057018218
0.9872191036
-0.1363632416
-1.4545445717
0.9403991543
-0.5745876640
-0.3326411225
0.1082626331
0.4441359837
-0.5547214455
-1.0258100286
-0.1513888032
1.7228863189
-0.5481247013
0.6070882041
0.8919659040
-0.0286137226
1.3208850144
-0.4071962241
1.0488980105
-0.8529709657
-1.0966504151
0.7715495250
-0.0596622686
0.8694194736
-0.5152740959
1.2613291496
-1.9863181854
-0.9987502458
0.3215728589
-0.2962567981
-0.1426848843
0.5014332893
-0.8765168057
0.0553431914
0.9360360321
0.6317552324
0.0739709174
0.0562837678
0.3026144477
1.2712129009
0.3782440985
0.0197461689
0.6405460935
-0.9850840740
-1.4178759940
-0.8809693055
0.3399617286
-1.6377489880
1.3923281717
-0.9004818089
-0.6567432686
-0.3464182083
1.5064869491
1.3751353101
-1.0036841454
2.3860143030
-0.4345263767
-1.2606768518
0.2886407037
1.2850647369
0.4692676997
0.6458517447
-0.9324228620
-0.8089540120
-0.2948735608
-1.0361404321
-1.0917410664
0.7918030184
-0.0040085676
0.9537049725
-1.0461907459
0.6343696728
-2.3891416998
0.3328502024
-1.9070723566
-1.1613064446
-0.1540779828
1.1551735167
0.0020129512
-0.3112673341
-0.0501229182
0.0379352637
-1.1605215722
0.2164442867
-0.1105863669
1.5361089286
-0.5328666532
0.6177707422
1.2256493143
-3.3820871873
-1.6646398334
1.7331228906
-0.2475536449
0.4929371479
0.0956830557
0.5351454301
-0.8574017336
0.5406312432
0.5377718517
1.1268749197
-0.8600834726
0.4690703930
0.5178073758
0.4255603137
0.5296052747
2.0973576970
0.0070477838
-0.2887580729
-1.6276168361
-0.9236823927
-0.2317320668
1.0114039378
-1.6790009144
-0.4950086151
