10 5 0.15
9 0 1 0 2 1 0 1 1 1 2 2 0 2 1 3 0 3 1
10 0 0 0 1 0 3 0 4 1 1 1 2 1 3 1 4 2 1 2 2
8 0 1 1 0 1 1 2 0 2 1 3 0 3 1 4 0
9 0 1 0 2 0 3 1 0 1 1 1 2 2 1 3 1 4 1
9 0 0 0 1 1 0 1 1 2 1 2 2 3 1 4 0 4 1
3 6
3 1
0 8
1 2
3 0
0 0 0 0 0 0 0 0 0 1
0 0 0 1 1 1 0 0 1 1
0 0 1 1 1 0 0 0 1 1
1 2 1 1 1 1 0 1 2 1
1 1 1 2 1 1 1 1 2 0
0 1 2 2 0 0 1 1 0 0
0 1 0 0 0 0 1 1 0 0
1 1 0 0 0 0 0 0 0 0
0 0 0 0 0 0 0 0 0 0
0 0 0 0 0 0 0 0 0 0
0.7077472449
-1.1343296338
-0.4749642762
-0.9116445877
-0.0198864081
-0.6168889166
0.0263603438
-0.4723788093
-0.0738666822
-0.0940990591
-1.4746531561
0.0075050649
-0.0812676625
-0.2814125295
0.0698883831
-0.0586095752
1.0065391826
1.1816740675
-0.3156145916
0.7859249603
1.9438829439
-1.9984289124
-0.9164251995
-1.1035750552
-2.0269602599
0.4532922611
-0.4705253946
-1.0351280579
-0.0785416577
-1.0824687752
0.1685539862
-0.8121750302
-0.1975072636
1.0998269003
-0.7595167336
-0.2596021159
-0.0993660372
0.0601539451
-1.6155314327
1.6705020875
1.5369421770
0.3909683332
1.5089339046
0.0594591398
-0.5307870984
-0.2677185320
-0.5520468355
-0.2339930569
1.6268059962
0.4647996767
-0.0113945586
0.5662548955
1.5848146735
0.8615342481
0.4323141598
1.7395391675
0.0812631238
0.5334384375
-0.6274032255
0.9142931442
0.7770444054
-1.9143485409
-1.4963481436
-0.2509348912
1.0580474795
0.0440324829
1.2485685861
0.9944227953
0.4925830413
-1.2603942243
0.1109640225
-0.3069113395
1.7766847588
0.0097498675
0.9197838531
0.1094758454
0.7786883650
-0.2867289787
1.5882168278
-0.3406313642
1.2585768624
-1.1578600265
0.8858464924
-0.4523357305
0.3284960746
0.0600498425
0.3724692173
-2.3097499134
1.1508091494
-0.0259772584
0.5558467151
0.6898143028
0.0311789525
-0.1123297137
-0.1464158672
2.0620558161
0.0433680495
0.9055737986
1.1290983100
-1.6938614857
0.8323954925
-0.4830306252
-0.7500090480
0.2546534364
-1.0588380414
0.0047565124
0.3221068895
0.7450242595
0.7788083264
-0.3672706564
1.4850354744
-0.6314038102
0.2846033336
-0.1531026129
2.1671425504
0.6743198115
0.5769226160
-1.2600696050
1.3744266055
-0.5150070180
-2.6308137293
1.4236107834
-0.0314775219
-0.9183212775
-0.7931728272
-1.4656196195
0.2791857618
1.3129380459
0.0215961186
2.1997302066
0.0938943029
2.0612790983
-0.8372707358
-0.0089893249
-0.5789666950
-0.2299960706
1.3986990248
-1.1959625059
1.7170431855
-3.6794520159
-0.1518514782
-0.4886054758
1.3616347001
0.4308976687
0.4957038630
0.5206402913
-1.3172079974
-0.3872033970
-0.0451591789
0.7487052848
0.7234682534
0.3280636612
-1.6539703084
-1.4514309939
1.2564208273
-0.3927072294
-0.2500253534
1.6760823727
0.2925842416
-0.2045470999
-0.0565579199
1.1928925003
-0.2414079741
0.7776106900
-0.4690921658
-0.9520223377
-0.3739194614
-1.2279147437
1.0149156191
0.9517308746
0.0316693412
-0.6527228862
0.8837961258
-0.7607846858
-0.7641380629
1.8350406478
-1.3430396089
1.7795812720
2.1098518959
-0.6483044936
-0.7070001046
0.8224524867
-1.2013363452
-0.8051331507
-1.3381806856
0.2538418297
-1.7205077384
-0.5468798830
-1.4272243672
2.4281959540
0.1119578208
0.2070253406
0.9498442393
0.6766208075
0.5513271507
0.0158922243
-0.1167549313
0.0787584211
-0.1482481993
2.2292659639
