13 8 0.20
6 0 2 1 0 1 1 1 2 2 2 3 2
6 0 1 1 0 1 1 1 2 2 2 3 2
8 0 2 1 1 1 2 2 1 2 2 3 0 3 1 3 2
6 0 1 0 2 0 3 1 0 1 1 2 0
8 0 2 1 1 1 2 2 0 2 1 2 2 3 0 3 1
8 0 2 1 2 1 3 2 0 2 1 2 2 2 3 3 3
6 0 0 0 1 1 0 1 1 1 2 2 0
7 0 2 1 0 1 1 1 2 1 3 2 3 2 4
0 1
3 9
4 10
10 5
8 10
7 3
3 6
0 5
0 0 0 1 0 0 0 1 0 0 0 0 0
0 1 1 1 0 1 1 1 1 0 0 0 0
0 0 0 1 0 0 0 0 1 1 0 0 0
0 0 0 1 0 0 1 1 0 0 1 0 0
0 0 0 0 0 0 1 1 1 1 1 1 1
0 0 0 0 0 0 1 0 0 0 0 2 1
0 0 0 0 0 0 0 0 0 0 0 2 1
0 0 0 0 0 1 0 0 0 0 1 1 1
0 0 0 0 0 1 1 0 0 0 0 0 1
0 0 0 1 1 1 1 0 0 0 0 1 1
0 0 0 0 0 0 2 1 1 0 1 1 1
0 0 0 0 0 1 1 0 0 0 1 1 0
0 0 0 0 0 1 0 0 0 0 0 0 0
0.3305606131
1.6673741646
2.0094131138
1.0852310057
-1.2215284366
1.3165761785
1.5787483430
0.2340592535
0.4426282884
-0.3018774348
-1.2030610327
0.1383250692
0.4867088995
-0.3479371838
-0.3808921606
0.2673820298
-0.5935054468
0.2873065767
1.7084132106
0.8983621606
-0.7880743574
0.9505520091
-1.5988920122
-0.5521449936
-0.9411702433
0.2389130054
0.3050453770
-1.2510390717
1.1534511244
1.8316142897
0.1995618754
1.1750097412
1.5925561970
1.6757485354
-0.3491793953
-0.3524150570
0.1389866869
-0.9241842781
2.0070279884
-0.2458096763
-2.0069297191
-0.6970446797
0.5571413393
-0.9640822018
-0.7185182869
-0.8875181081
-0.1122058327
-0.0077238421
0.9871288735
1.4841900763
-2.4048705945
0.7818705789
0.0582410789
-0.9103796397
-0.7212878362
2.0247252418
-0.6743560807
-0.6947671207
-0.2848746629
0.8532024810
-0.4080856552
1.4729706065
0.0992366009
0.6699820966
1.2316901689
-0.7234501655
0.4588846718
1.0689385270
-0.3820675525
0.5720659233
0.3502148794
-0.2683193816
0.4197078385
-1.1290124303
-0.6905056180
1.5313575978
-0.4058382527
0.1395143908
0.4220935806
-0.6942040129
0.0592978175
1.4352266547
0.6069924668
-0.3454127793
0.8763590458
-2.2809237709
0.8779083920
-0.4311443341
0.1639580694
0.3880596595
-0.8496919269
-0.8791689896
-0.5886417588
-1.1804519800
0.5776131177
0.0590577586
0.1726902827
0.1294635416
-2.1100265969
-0.6882772015
-0.2370864940
1.0281494809
-0.6714429301
-0.6772144738
0.9922149083
-1.2405195972
0.1164745179
-0.2672124713
-0.4915780294
-0.5297518337
-1.4253050501
-0.2545176524
0.0056889159
-1.0122228883
-1.2938338812
0.5776681745
1.0732318979
1.5750975403
-0.6518614302
1.0776693751
-0.7753127614
-0.7354212130
0.2852740527
1.1505086011
-0.4213567349
-0.0174091378
-0.6915379133
-0.7429351208
1.0345411495
0.7041753535
0.2423825328
-1.1731227702
-0.1547155910
1.9189894581
-0.8839978704
-0.7411654344
-0.0933341932
0.8409415951
1.1966376758
-0.9440938515
0.0351024187
-0.0106856021
-0.9580631418
0.0872222618
-2.2643070498
1.6549196368
-0.4698827526
0.1638103191
-0.2430173532
-0.3042066706
-0.7697407395
-0.0018744433
-1.5898064596
-1.5642664961
-0.5693001134
-2.8334180724
-0.4639141061
-0.9392900446
0.4824696694
0.6258347472
-1.2059765999
-1.0574353113
-0.8063838359
-0.5798122903
0.9201664795
1.2919878385
1.8199165703
-0.2184325171
1.6586086044
1.3807166416
0.6829540266
-1.2592584878
0.7049676085
0.8843430976
-1.6547932963
-0.1121797360
0.7288143355
-0.4391061006
-0.0226932368
-1.9368620327
0.7399542656
1.9361002957
0.2700576439
-0.5082693074
0.0908965133
1.1475684054
-0.0992270768
-0.3002422141
2.0061566886
-1.0015943076
0.9048896936
0.1882046682
0.7434065168
-0.3232981310
0.5497119912
-1.2996907307
-0.5307539991
-0.2717871470
-0.0938685694
-0.4966474736
-1.1764063398
1.3556323679
0.3682864723
-2.3086296684
-1.1350273782
1.3655880478
-0.2405295349
-0.0395210783
-0.1579497342
-0.4338441348
-1.2778494906
-0.6567449788
0.4616156235
-0.5092775905
-1.8714307728
-0.2259635773
-2.1707304862
-0.6656559652
1.1803314796
0.4940651222
1.1112062295
-0.9138955379
0.8875021343
0.2227599821
-0.8372033118
0.4846164423
0.4639077929
1.0052269785
1.9027489311
-0.7997671936
0.0265273245
-0.7687449218
-0.9991266059
-0.2521847132
0.4742380374
2.7827553277
0.3006377445
-0.0747494673
-0.3503019319
-0.6435493147
-1.7948578836
-0.6442726402
0.3945411967
-0.4609378178
-1.0224429128
-0.7520696134
-1.0227427810
-0.9002009246
1.6926533914
0.1014923399
-1.5812277645
-0.3838161241
1.4371204960
1.2753039834
0.2072338860
0.2142654094
-0.1566150073
0.2933865731
0.3846496758
-0.2180683063
-0.0526724697
-1.0756543187
-0.3867872281
0.6002790101
-2.1306628591
-2.2517370883
0.5976788649
1.6789994019
-0.2843312494
1.1766308172
1.5042918248
0.7845882401
-0.7722757065
-0.0283554019
-0.4909582868
0.7363384844
0.0621584915
-0.0488754340
-0.8613330671
0.4922694749
-0.7244959281
-0.3152657573
0.9504298543
-1.3477156695
-1.2986727644
-1.2702031702
0.0514758827
1.4046487821
-1.9962894928
1.0990247009
-0.3220617078
-2.0285867280
-1.0866441398
0.9396984533
-0.5271667386
-0.7018172453
-0.6208257696
-0.3446381019
0.2204336826
-0.9938378030
-1.2385937602
-0.2122595974
1.3888972246
0.0158624549
0.4573489772
-1.5066179965
0.7776626572
0.3083576111
-0.3663583152
-0.1345385313
-0.9447226875
-0.9776424906
-0.8662206199
-1.6745585065
0.7499766635
0.1447032389
-1.3844790117
-0.5651428690
-1.0692691012
0.3237570316
-1.3668109787
1.3264496908
-0.3899752139
-0.2771328638
0.3370096762
0.1293541104
-0.6242280495
-2.7103838225
-0.3134428532
1.3185523306
-0.1159177759
0.9782861471
0.8893464358
0.1532778021
-1.2159664783
-0.4833520885
0.3651180583
0.9822973357
