13 2 0.15
27 0 3 1 3 1 4 1 5 2 2 2 3 2 4 2 5 3 0 3 1 3 2 3 3 3 5 3 6 4 3 4 6 5 3 5 4 5 5 6 1 6 2 6 3 6 5 7 2 7 3 7 4 7 5
23 0 3 0 5 1 0 1 1 1 2 1 3 1 4 1 5 2 0 2 1 2 2 2 4 2 5 3 1 3 2 3 3 3 4 3 5 4 1 4 2 4 4 4 5 5 5
5 3
1 2
0 0 0 0 0 0 0 0 0 0 0 0 0
0 0 0 0 0 1 0 1 0 0 0 0 0
0 0 1 1 1 1 1 1 0 0 0 0 0
0 0 1 1 1 0 1 1 0 0 0 0 0
0 0 0 1 1 1 1 1 0 0 0 0 0
0 0 0 1 1 0 2 1 0 0 0 0 0
0 0 0 0 0 0 1 2 1 0 0 0 0
0 0 0 0 0 1 1 1 1 0 0 0 0
0 0 0 1 1 1 1 0 1 1 0 0 0
0 0 0 0 0 0 1 0 0 1 0 0 0
0 0 0 0 0 0 1 1 1 0 0 0 0
0 0 0 0 1 1 1 0 1 0 0 0 0
0 0 0 0 0 1 1 1 1 0 0 0 0
-0.0296238786
-0.4154779953
0.1786766707
0.4986954830
1.0862711028
-1.1898728162
2.0300862644
-0.2359530438
0.6504945869
-0.0518116728
1.8880637575
1.4962572580
0.4424238811
-0.3970772550
1.3022158318
0.6282147861
-0.3997756216
-0.6284389532
-0.6033452595
-3.0516589077
-0.2518815469
-0.2310743424
0.3578762773
-0.1840106384
-1.6295304681
-0.8440619855
-1.0211362533
0.7456108055
2.3132449915
-0.8338374235
0.7016313881
-0.1562745378
0.5066430683
-0.3541371608
-0.9943393449
-1.2350060315
-0.1411872690
-0.0915225607
-1.0990364568
0.1508677190
0.9911223271
-0.4722159139
-2.0683449830
-1.1535100667
-0.8895539588
-2.1441697167
-1.3401409322
0.7296167657
0.1645326432
0.6998232946
0.9621824459
-0.8182875932
-0.8906573689
-0.3933492769
1.9405420149
0.0418755818
0.4285595419
0.3417908567
-0.2424734198
0.2152782912
1.1741663026
0.2076013273
0.1748364583
-1.1326186887
1.3311845611
0.7995375543
0.4757261373
-0.2035635654
0.0180351328
0.3172780514
-0.7693282312
-0.0350364718
0.4403068867
0.7957865424
0.5028950346
-0.5947697998
-0.6131391698
0.8988002831
0.6197986266
0.2747317067
-1.3281444670
-0.4226996055
1.6337322052
-0.2043162791
-1.2328296863
1.2190519094
-0.0408576633
-0.4747028743
1.4055810628
0.7513986271
-0.7439377210
0.6529531079
-1.1448772035
-1.5195969530
-0.6260313356
0.9435271947
-0.5818712964
0.9212886819
-2.1715898743
-2.3010187623
-1.6905447867
-1.4020759883
0.0942605185
0.8287685249
-1.5601208904
-0.7770278251
-0.0394977767
1.0690072575
1.9450486806
1.3535366222
0.1720635165
-0.5179649306
-1.2322631928
0.2042655648
-1.8419280514
0.6060558407
-2.2642819103
-0.3226166254
0.5343645956
0.8859347880
-1.6296859885
-0.5070363786
-0.2135778226
0.8877997963
0.6671433227
-0.4964725674
0.7671544605
0.0525455032
2.0563198533
0.6556724334
-0.3935448523
-0.3743672782
0.7661890260
-0.5865584516
-1.0015829199
-0.4028147348
0.6502792267
-0.2873385165
1.1731187678
-0.0410911853
0.0595406987
1.1222742756
-0.6812535564
0.4598652012
-1.0763712024
-0.8333580076
0.2902041254
0.7731975749
-0.1962462372
0.0658939068
-0.4143571230
0.5218056462
-1.3686891618
-0.8157290967
-0.7609385016
-1.7533049562
0.5074613817
0.3567748000
-1.0996569660
0.5069810066
-0.0752002796
-0.1078971380
0.9589295657
-1.3441412235
-0.9634746087
0.2207752245
0.7273124077
-0.5161515764
-1.5194995718
1.1427084618
-1.5838373857
-1.6719018297
-1.3089309378
-1.3474378274
1.3801421088
1.1309271918
2.0004569155
-1.1359099993
-1.5474652753
1.1018265820
-2.3951844345
0.8154893592
-0.1183120973
1.4431759783
-0.5596343838
-0.7184262111
-0.5797292440
-0.7484046111
0.6210491117
0.6685377842
-1.8960370938
-1.6542272505
-0.7586845385
0.6366950918
-0.1914166430
1.1056275318
1.7513016087
-2.9104882536
0.3393580933
0.3667053667
-0.8932659159
0.9437430775
0.5658047883
0.3484213120
0.7642173229
-0.0205401116
0.1762912008
-0.6180440450
2.4142325725
-0.8194708181
-1.4214573154
-0.8424692141
0.0351635868
-1.2184098773
1.8701487326
1.6295926178
0.3213669661
0.3874313311
0.5267455023
-0.6272046587
0.5226248802
-1.0758299124
1.5957049073
-0.7696693044
-2.7826243995
-0.0141474669
-1.1588733278
1.4085737400
-0.3374376484
1.7494294324
1.5289870883
0.0708916891
0.5739002554
2.0367937948
-1.7668093881
1.0347420007
1.7876294263
1.5331916739
1.0837623351
1.0941844487
-0.8260144238
-1.1614463380
1.2130989800
0.6435551412
-0.3735116869
-0.5119139244
-1.6157726342
-1.5583525238
0.1494835387
-0.6563782988
0.9072685363
-0.9117381708
0.5142653297
1.4451506092
-0.1848987205
-1.1026832734
-0.7022047627
-3.3744600807
0.0337040887
0.9917650919
0.3514088510
-0.8221964302
-0.0268392860
-1.0539639038
-1.3311019220
-0.5833871177
-1.4732460300
-2.1767349235
-0.3298015845
-0.0192482408
1.4365656801
1.4078850964
-1.5877546651
0.5996885696
-0.8314945886
-0.8566639853
1.8954699069
0.9376125291
-1.5444895142
-0.5929953411
-0.3171433657
-0.3994836261
-1.7337152833
1.8654732487
-0.3060408852
-0.1287692642
0.5495658766
-0.8108201617
-1.7116085865
-0.0373310127
1.1364251780
1.1108783405
0.8357324950
-1.3330389687
-0.1683665262
-0.5205929663
-0.7647417400
-0.2820533470
-0.1515404675
0.0710640765
0.3336559244
-0.4290817513
-0.8585203447
-0.3526781565
-0.9882244910
-0.2366513386
0.5812427210
0.5906890107
1.2264238805
0.5397863434
0.9427520173
0.9072556772
0.8732197690
-0.9994998451
0.3348756342
0.4735682248
-0.8477794698
1.3166860037
1.4898443565
-1.1872610066
-0.4287899165
0.8724166873
-0.7160520102
-0.5166114733
-0.0432821426
0.1419018808
-0.1023525780
-0.0664828428
0.3414200519
1.1239621589
-0.1070642714
-0.3341113135
-0.4153725222
0.3984623562
-0.3881488385
1.6812858009
-0.4009085216
-0.5878380128
