16 8 0.14
4 0 1 1 0 1 1 2 0
9 0 0 0 1 0 2 0 3 1 1 1 2 1 3 2 1 2 2
12 0 1 1 0 1 1 2 0 2 1 3 1 4 1 5 0 5 1 5 2 6 1 6 2
5 0 0 0 1 0 2 1 0 1 1
12 0 0 0 1 0 2 0 3 1 2 1 3 1 4 2 1 2 2 2 3 2 4 3 3
17 0 0 0 3 1 0 1 1 1 2 1 3 1 4 2 1 2 3 3 1 3 2 3 3 3 4 3 5 3 6 4 2 5 2
11 0 1 1 0 1 1 1 2 2 1 2 2 2 3 3 0 3 1 4 1 5 1
13 0 2 1 2 2 2 3 0 3 1 3 2 3 3 4 1 4 2 5 0 5 1 5 2 6 1
10 14
2 11
2 6
9 4
11 1
7 8
8 6
7 2
0 0 0 0 0 0 0 0 0 0 0 0 0 0 0 0
0 0 0 0 0 0 0 0 0 0 0 0 0 0 0 0
0 0 0 0 0 0 0 1 0 0 0 1 1 1 1 0
0 0 0 0 0 0 1 1 0 0 0 0 1 1 1 0
0 0 0 0 0 0 1 1 0 0 0 0 1 1 0 0
0 0 0 0 0 0 0 1 0 0 0 0 0 0 0 0
0 0 0 0 0 0 0 1 0 0 0 0 0 0 0 0
0 0 0 0 1 0 1 1 2 0 0 1 0 0 0 0
0 0 0 0 1 0 0 2 2 1 1 1 1 0 0 0
0 0 0 0 2 1 2 1 1 1 0 1 0 0 0 0
0 0 1 1 2 2 0 1 1 2 1 1 1 1 1 1
0 1 1 2 2 0 1 1 0 0 1 0 0 0 1 1
0 0 1 2 2 1 0 1 0 0 1 0 0 0 1 0
0 0 1 2 1 1 0 1 0 0 0 0 0 0 0 0
0 0 0 0 1 0 0 0 0 0 0 0 0 0 0 0
0 0 0 0 0 0 0 0 0 0 0 0 0 0 0 0
-0.4518639176
-1.3541894523
0.2849470356
0.3679452932
0.4379475376
-0.0257511142
1.4716634171
-1.6821346093
-0.9194726639
-0.4385701144
0.2184503076
-0.4250565454
-0.0771152045
0.1286936582
-0.1877612076
0.9168493677
-1.0017655820
0.8667710622
-1.3027267371
0.3329983287
-0.1868351450
1.3822677071
0.4854975578
-0.6005350316
0.5669229936
0.5060314529
-0.8849162906
0.6924705552
1.2611096524
0.8924016142
0.6053428685
-2.7721774642
1.0242722144
-1.3292390077
-0.7790888610
-0.5329920603
-1.5915362181
-0.0030822419
0.3984458972
-0.3602047733
-0.9595359102
-2.4543161204
-0.2880204962
0.0826237956
0.5448860290
1.8892798030
-0.4415860414
-1.7549437830
-1.2594825388
-0.0141567407
-1.5673577475
-0.5822678919
-0.7163739879
-0.5637914748
-1.3218245741
-1.1667694464
-1.5918358465
-0.2219457682
-1.5368205329
0.2896909134
-0.2899498143
-0.9856350874
-0.2700304953
0.7755277578
1.6613959876
0.4857399046
-0.2339698640
-1.8070957670
1.1861332360
0.0657408434
-0.2653194681
1.6401918849
-0.0623291220
0.5894262127
0.5467191291
0.6911309829
-1.2709415114
-0.2369110412
-1.6916261764
0.5719469395
-1.1854936543
-0.5815262424
-0.0459893218
0.7037378930
0.3449689400
1.5928501806
0.9238346931
0.3747036210
-1.0571339366
1.3210763630
-0.7260260110
0.2565203786
-0.6724871841
0.5233576829
-0.4374735678
0.0425070571
-0.3951109030
0.2174267000
1.5328247452
1.0201888693
1.4956697941
1.0661241392
-0.4935114936
0.4068929889
1.6796173604
1.1334910713
0.0138185521
-0.2080901829
-1.1547356222
-1.3903176323
-1.0225326159
-0.5649391622
0.0571562209
-0.1460658497
-1.2185239333
-0.2968801893
-1.7438786786
-0.0557005019
0.3990326421
0.1130148603
0.0091594371
1.0231688869
-0.9731369533
0.1803816591
-2.2277669723
1.4864196917
0.7328930081
-1.2772157723
1.4010880391
0.0364625499
-0.0387936379
1.1621500048
-0.0607319558
-1.3234990926
0.1007635807
2.6020663292
0.1031121617
-0.7450086587
0.0909270861
0.0436536716
1.1979518188
1.6876362319
-0.0733598479
1.5811345797
0.9285737331
0.2484556521
0.3678455310
-0.6961360449
-0.3886682342
-0.9488339669
-0.2389760706
1.2961082652
-0.9080116437
-0.6296747399
1.2813976648
-3.0111785320
1.1462650913
-0.7527563832
1.1362472149
0.9689747203
0.0366632154
0.0421701654
-0.1711406364
-0.2369895281
0.5958516560
-0.5015213959
-0.1464948227
-1.1390611677
0.9526692659
-0.6486844546
0.2457274324
-0.2256738106
-0.3468696557
1.7774614726
-0.3369067434
1.9319863819
-0.4566400084
0.9379644595
0.8011338349
0.7091592680
-0.3274116153
-0.6410207993
0.0858194637
-0.3451133208
1.7664491103
-0.7431750047
-0.9337450654
1.1630081325
0.0466667921
0.8625083844
-1.0947650233
-0.3387613900
0.9294162549
-0.8690812139
-0.3193328763
-0.6578807379
-1.0949352400
1.8376891022
-0.9373396945
0.3830533303
-1.8591417043
1.5744229928
1.1740841647
0.1956446114
-0.9839819382
0.1169451653
-0.6710207579
2.3024493426
-0.0322405420
-0.1067145557
1.2703208455
0.1692050303
-0.8134516237
3.4998434678
-0.0498686208
-1.4978679138
-0.3746671435
-0.6612365038
-1.4711713595
0.3147371227
1.5029634858
1.0273389220
1.1317191511
-0.6433041795
-0.1053943359
1.3466827994
0.0775193151
-0.6994551126
-0.7957528103
-0.1295515550
0.4794234311
-0.6215736591
-1.2984101528
0.5657694615
1.4431464006
-0.3270480571
2.1421782295
1.0786020379
-1.0138097837
-1.5326650442
-0.3973555332
-0.5349752630
1.0037217702
1.0411055621
-0.5083565291
1.3002687881
-2.1062315206
-0.4794464320
-2.0356567206
0.0629144504
1.2642816228
1.7276180731
-0.6747725974
0.7002981663
0.2816489516
-1.0328107904
0.1874061076
-0.5111314318
-0.9730420749
-1.1365591020
-1.3827459767
-0.2401313441
-0.5799436880
0.7491049395
-0.3598685182
1.7637528373
-1.6253721478
0.8575452397
-0.4163206558
-1.0737195760
1.0779400809
-0.2338863082
0.5726269683
-0.1824175228
-1.5516121112
0.3122581522
0.6405227284
0.3522444899
0.6639035995
-0.7172189400
1.4927554373
-1.1983194710
0.1581155518
-1.4514343797
-1.7856291107
0.3310662954
1.6553143070
0.2105896243
0.6618959015
-0.9897223048
-0.1900579668
-1.1056890954
0.2188492437
0.6814697669
0.9194821361
-0.7597639687
-0.0343201926
-0.3001508969
-0.7526104530
0.4288093432
-1.0728037316
0.9370998981
-1.7111105170
1.7663969687
2.4218017826
-0.0962646312
-1.3219032270
-0.9237474848
-0.8664635367
-0.3655942558
-0.7763912244
-0.2406689566
-0.1879611911
-1.7988993668
0.0727391880
0.4701498773
1.6255759501
0.5271971355
1.0471689185
2.6319663984
0.3148943460
-1.1919514883
-0.7644371271
-0.0989692798
1.9671611249
0.0979164477
-0.6991462442
-0.0208384584
0.5829321450
0.4249518556
-1.9826797081
-0.6072144990
1.5936452491
1.3325090670
0.6543883853
0.2111362186
0.5038595515
-0.4394721103
-0.8425516387
0.2391285292
0.8242569771
0.0492583378
-0.7738213406
-0.3331707240
-0.7778998674
-0.2761934310
-1.7932787052
0.4399753565
0.0198648240
-1.0428002415
-0.5811362303
-2.0328316823
-1.2535600301
-0.6224700287
-1.2977843858
0.6907189921
-1.1323241748
-0.9360789931
-0.3532458935
-0.1754299699
-0.6522407460
-0.7415763077
-1.4317743112
0.0329475017
-1.4786769124
-0.6068652849
1.4015521037
-2.1513280741
-0.1718333043
0.8704592232
-0.9222016177
0.3257709641
0.3301456345
-0.1775823648
-1.6067609714
2.1498141299
0.2218579891
-1.7954046837
-1.2766767981
-0.0489314452
0.4712891781
-0.5695932959
-1.5480495212
-0.8309189882
0.2007680968
-1.0346415697
0.3253595241
0.2284177139
-0.1239554518
-0.7573481901
1.2752839127
0.1955051464
0.3879695551
0.8129043858
-0.4702625358
-1.2167505061
0.8568217490
-0.2433238645
0.6922164794
-0.6229218540
-0.9879426070
0.3822936674
0.2985587200
0.0251851143
-0.6419343561
0.5124837112
0.1126169066
0.6972708735
0.9900345392
-0.8771628852
-2.3036190978
0.2841318142
0.5758989282
0.4519356029
0.9670652037
0.2514666423
-0.8097925074
-0.2533658638
-0.4776599257
-0.7044116032
1.0106289822
-0.5895062322
1.6497471346
0.4895448655
-0.2653788396
1.7416099853
-0.2479605218
1.0537906450
-0.6945611852
1.8464800633
-0.5326088503
1.1714118955
-0.2545657443
-0.1033183272
-0.6667872965
1.7530555294
0.4254469078
0.4179902077
0.2236127326
-1.5173303075
1.6214447085
-0.9323425504
-0.7123366479
-0.1226706856
-0.0440887516
1.5219778807
-1.0939435779
0.5560201859
-0.8072146229
1.9632445937
0.0156108893
0.2041253860
-0.0363695006
1.2369563016
-0.4380965109
0.0352991138
-0.8274721625
0.3882305607
-1.0544994670
0.5375755304
1.8500226288
0.8793005997
0.3827491681
-0.3257030221
0.2734647306
0.6553983535
-1.3019725701
1.1892435301
-0.3099714332
0.1663586956
-0.2105079293
1.0230759095
1.2740063296
-0.5143769001
1.2109280393
-0.6016316054
0.0777189262
0.0969217554
0.8093518948
-0.3784098852
-0.3055421950
0.2594683984
-0.6272879127
-0.5256632293
0.6580299357
2.2138964775
0.4536488170
0.6584953534
1.0084550034
-0.7530525626
0.7577620292
0.7783103133
0.1286635286
-0.2673353248
0.1050464681
0.3294709715
1.8322530377
-1.0773448549
1.7144126510
-0.9532005965
-0.5414005904
0.2370170433
0.0605923190
-0.8712790289
-0.8652325329
0.8515179454
-0.3308324473
-1.1269070563
0.3175407399
-0.3228693371
-0.5522547038
-1.1339060834
