15 2 0.07
45 0 1 1 1 1 2 1 3 2 1 2 2 2 3 2 4 2 6 3 2 3 3 3 4 3 5 3 6 4 2 4 3 4 4 4 5 4 6 5 0 5 1 5 2 5 4 5 5 5 6 6 2 6 3 6 4 6 5 7 0 7 1 7 2 7 3 7 4 7 5 8 0 8 1 8 2 8 3 9 0 9 1 9 2 9 3 9 4 10 1
38 0 2 0 3 1 3 2 2 2 3 2 4 2 6 3 3 3 5 3 6 3 7 4 3 4 4 4 5 4 6 5 2 5 5 5 6 5 7 5 8 6 0 6 1 6 2 6 3 6 4 6 5 6 6 6 7 7 2 7 4 7 5 7 6 8 3 8 4 8 5 9 4 9 5 9 6
0 0
4 3
0 1 0 0 0 0 0 0 0 0 0 0 0 0 0
0 1 1 1 0 0 0 0 0 0 0 0 0 0 0
0 1 1 1 1 0 1 0 0 0 0 0 0 0 0
0 0 1 1 1 1 1 0 0 0 0 0 0 0 0
0 0 1 1 1 2 2 0 0 0 0 0 0 0 0
1 1 1 0 1 1 2 0 0 0 0 0 0 0 0
0 0 1 1 1 2 1 1 0 1 0 0 0 0 0
1 1 1 1 1 1 1 0 1 1 1 0 0 0 0
1 1 1 1 0 0 1 1 1 1 0 0 0 0 0
1 1 1 1 1 1 0 0 1 1 1 1 0 0 0
0 1 0 1 1 1 1 1 1 1 1 0 0 0 0
0 0 0 0 0 1 0 1 1 1 0 0 0 0 0
0 0 0 0 0 0 1 1 1 0 0 0 0 0 0
0 0 0 0 0 0 0 1 1 1 0 0 0 0 0
0 0 0 0 0 0 0 0 0 0 0 0 0 0 0
-0.7194877795
-0.1181826483
0.1605618435
-1.6450501736
-0.2550346956
0.3020717747
0.1201473888
1.3199141599
1.1384602673
0.0031244728
-0.8158585140
-0.9025620170
-0.6231612807
0.3118201506
1.4169310680
-0.6297001297
-0.5539674642
-0.6945935621
-0.8757153924
-0.0980287214
-1.8861014751
-0.6762018038
1.9674128246
0.5993648759
-0.2297157479
2.0044795148
1.1289232739
-0.7029441791
1.5850665310
0.1613066916
0.0732736530
0.1500295661
0.2115485856
0.3853314399
-0.4974273213
1.1565584328
0.5079288339
-1.4198837049
-0.3395439340
0.0940840298
-1.3561072479
1.1045787955
0.9547404474
-0.2868042035
-0.9119716673
-2.2632698082
-0.5105776190
-0.4023709767
0.1778238376
0.6617373544
0.0722879689
0.8421558617
-0.7786121432
1.2181298375
0.8634488101
1.7002600563
0.9376050637
1.4857546090
-0.9083657432
0.9717841516
0.5202282028
0.3149252566
-0.7245691402
1.2924986864
1.4401483532
-0.9473133409
0.3864053954
0.6190487028
1.0214155204
-0.0774416622
0.1624212657
-0.5767091527
0.0731083605
-0.4531118985
-0.1201997821
0.7700774150
0.9977562224
0.9570555633
0.2118612139
-0.4527126351
-2.0510210935
-1.5401597837
0.4864789646
-0.3841790166
0.9716292060
-0.7350577195
-0.9030660300
0.0866096834
-0.4643637642
0.8909281169
-0.9078236412
1.1491102250
0.8112342345
-0.0029940629
1.1408465851
0.7301523746
1.8126131984
0.8873663250
0.6697519268
1.8817224565
0.9045078312
0.6211019418
-2.4434597400
0.4446201125
-0.1601389759
0.4167776329
-1.0746302273
1.5056684040
-0.2145800628
0.5797083556
1.4245937419
1.7680293966
0.0074364890
0.2003586825
-1.4099982952
-0.2137010473
-0.9881483532
-1.4918461301
-0.2736407814
0.4707255986
1.7727718255
0.0869229312
-0.1516416130
0.3794487295
-1.0144798275
1.3635501954
0.2515161776
-0.2100687491
-0.8911996221
-0.6136977972
1.1022836873
0.0775270179
0.2122277439
-0.2665971345
0.1702924450
0.9183902636
0.5444522351
-0.4966450346
1.2818884415
0.2302495223
1.6777948018
0.0834188154
-0.8422839490
-0.3984830439
0.3918253443
0.3366699765
-1.0183465448
0.1791210508
0.4144584330
0.5170075511
0.9577700259
-0.4957679486
0.7638662715
-0.4748670985
-0.7397996045
0.0847173722
0.9307678965
-0.4662904525
-1.2222345962
-1.6079844181
0.4152632217
-1.2482294521
0.7604049286
0.2809912631
-0.9976253028
-0.0901681174
-0.8739355693
-0.8761255620
-1.5940223805
-0.7647563614
-1.2515210580
0.1473485887
-0.3687052719
0.5891407128
0.4760820538
-1.5065460304
0.3531372578
-0.3741787668
-1.8965166145
0.7016736264
0.7580851967
-0.3643665417
-1.0464844529
0.6491895637
2.0381751498
1.5591353945
0.2354012166
-1.7158798085
0.2025255036
-1.8759812800
-1.8245518400
-0.1821511179
-1.1124773860
-1.4068868221
-1.1866236200
-0.2229460858
0.0719153515
0.6685898867
-0.5577553906
-0.7605885255
0.6183397905
-1.0038360856
1.1637809125
2.9979250689
-0.6874981265
1.4352125243
1.2743268569
-0.3345689229
-0.7246364057
-0.1144207841
-1.9637787965
-1.0916905270
-1.0877388255
-0.3211476752
1.4271199059
0.8762040506
-0.6574704576
0.4702654282
0.4381474569
0.4800218232
0.1826646603
-1.3006402296
0.5287223182
-0.1358653272
0.8786593324
-0.1311716082
-2.3608654630
0.6913465226
1.9456058559
1.3218648081
-0.6323599729
-0.0620204430
-0.9014359920
-0.5051867791
0.7136698238
0.6532508412
0.1272590842
0.1818978390
-1.7169806286
0.7866794163
-0.4323438363
-1.4828675085
-0.3052449978
-1.4784912639
-1.4891829276
-0.7622615519
0.5228544752
0.0286319319
1.6570669737
-1.2992710977
1.3406912286
-0.6450942933
-2.0356535818
2.1717453017
0.5336589223
2.1956796735
-0.0188366583
2.4565684780
1.5587984708
-0.5352969046
0.7608723091
-1.2133493090
-0.1887027220
0.0675902147
-0.0683863078
-1.8503246176
-0.2061480430
0.6924934708
0.2452438809
-1.3455392029
0.5035203846
0.0087258545
1.5505864842
0.2500604629
-0.4313990734
0.8826759438
0.5449574949
1.4114862841
2.1419944303
-1.5321298925
-0.3306605907
-2.4858173434
0.6373051052
0.9819135363
1.0767759663
0.3288326850
1.1585439125
0.1027203536
-0.5834141034
-0.6510080358
-0.2003530307
0.9676415465
0.8489877725
1.1444705381
0.4808825937
-1.5731967010
-1.4023465466
-0.0686412060
-0.6760845513
-0.0949759899
-0.6534356753
0.5452725964
-0.5751123061
-0.9899291996
-0.5843759807
-0.1348272726
-1.4283976428
0.4571929623
0.4681884829
0.2855857706
0.1322542239
-1.9297663001
-0.0143156261
0.3687745683
-1.5446515701
0.0836195902
0.2582927608
-0.3020739216
-1.0233528635
-1.7921675718
-0.2097729067
-0.0655113031
0.4325299970
-0.9384026666
-0.2069385645
-0.2588940462
-0.0469227233
-1.1611116391
1.9458872481
0.3804924523
-0.1617039163
0.1485849458
-0.9714047666
0.5290682497
-1.7999533400
0.8119075527
0.4831736002
-0.1042152041
-1.7548510046
1.4510423388
-0.6327268910
-0.2468144503
0.9194384666
0.4386686473
1.9077617367
-0.7129054584
-1.6628440208
0.2671550005
2.3042258076
0.8484156311
-0.3496157163
-1.8189201994
0.4909727756
-1.2745246861
-0.4321160369
-0.5307767775
3.0837062440
-0.1206073938
-0.3708296573
0.0140987407
0.5164146372
0.6750907693
-0.5291048090
-0.4787789930
0.6857172060
1.1148996708
0.4122518607
0.7981139703
0.3555065480
-0.9649396123
0.5894858974
-0.4069431671
-0.9246910296
1.3577285232
0.5420184859
-0.1483236701
-0.5799794478
-0.3559718869
0.6042140435
0.0765110086
-1.0967700145
0.0962040941
-1.2296075603
-0.3357312168
0.3430950118
1.8206051091
-1.9106922427
1.8929030700
-0.3631478100
-0.2452815158
-0.7657458547
-2.2227758439
-0.6389729740
0.4127558369
0.4140682122
-0.0053730880
-0.2525625733
0.6149215585
0.1539567771
0.6419338490
-1.2524836322
-0.4467039367
0.5451330798
-0.4209038157
-1.2395718163
-0.5487115189
-0.8198371796
0.0260194163
-0.0939237499
-0.2515734918
-1.5965262235
1.9359562217
-1.3836076479
-0.2894136092
0.3997532611
-1.1220087103
-0.9537602215
-0.8766207763
0.9169674567
-0.2945843559
0.1231354208
1.2907665339
-0.3587636426
-1.0683624589
0.9472657976
-0.4406875713
-0.3478174430
-0.8173257237
-1.2497436286
0.9695515182
0.8397483064
1.5944505740
-0.7064414116
-0.7080941892
0.4630520384
-0.0679594833
1.9982942583
0.1878295562
0.7534873948
0.4472752020
0.9787786040
1.2170639221
-0.3181006804
-0.7033493873
-1.0544393653
1.0237607255
-0.1758927304
-0.6879924400
2.0143945005
0.4177041691
