12 6 0.11
9 0 3 0 4 0 5 1 0 1 1 1 2 1 3 1 4 2 0
7 0 1 1 0 1 1 2 0 2 1 2 2 3 0
6 0 0 0 1 1 0 1 1 1 2 2 2
11 0 1 1 1 2 1 3 0 3 1 4 0 4 1 4 2 4 3 5 1 5 2
6 0 0 0 1 0 2 1 1 1 2 2 2
8 0 1 1 0 1 1 1 2 2 1 2 2 2 3 3 2
5 5
4 2
9 5
0 7
1 0
2 4
0 0 0 0 0 0 0 0 1 0 0 0
1 1 1 0 0 0 0 0 1 0 0 0
0 1 1 0 0 1 0 0 1 0 0 0
0 0 1 0 1 1 1 1 1 0 0 0
0 0 0 1 0 1 1 2 1 1 1 0
0 0 1 1 0 0 1 0 2 2 1 0
0 0 1 1 1 1 1 1 1 1 0 0
0 0 1 0 0 1 0 0 0 0 0 0
0 0 0 0 0 0 0 0 0 0 0 0
0 0 0 0 0 1 1 0 0 0 0 0
0 0 0 0 0 1 1 1 0 0 0 0
0 0 0 0 0 0 0 1 0 0 0 0
-1.5584630604
-0.6365989186
1.2725044453
1.9236312138
-0.9181836094
1.0952780909
-2.6149070595
-1.0774649458
0.3192523599
1.3625683471
-0.4065584760
-0.3219602236
0.4765285079
-0.2358218545
1.7769908816
-1.0980471240
0.0280639858
0.2620205090
0.1633302252
0.5176252735
0.2125538042
-0.3667104481
1.4123017444
-1.2044017755
-0.4775610633
-1.0823462506
-0.2828553295
-0.2800877265
-0.2070700467
-0.8217449662
0.3550739378
-0.8942879917
0.9315162624
0.8305260596
0.2953896826
-2.0531177952
-0.0753172738
-0.4270285678
-0.2936486059
2.0406419000
0.1529994897
1.2176315907
0.2857341061
0.6289726519
-0.9754347843
0.8591739397
-1.5158460035
1.0250508472
-0.8881784612
0.1846655700
-2.2044985978
0.5157961896
0.1092043500
0.6379378140
-0.0471160577
-0.2639158933
-1.4334078311
-2.5337244126
0.9471725050
0.4982083944
0.1443768824
-0.2298527723
1.0468227305
0.2912030845
2.0742526062
1.0944520606
-0.8325464542
-1.1525330038
-0.5242480853
1.2233292768
0.0621229926
-0.8396613573
-0.3188730950
-0.4592992871
-1.0420508243
0.1414186426
0.7952131721
-0.4105688927
0.8089356874
-0.0766681908
-0.9584656000
0.1882037001
-1.6901355045
-0.2205347922
1.3727391507
-1.4300426272
1.1151284337
0.4572267561
1.3887334370
-0.8609284095
0.0675030774
1.3319993218
0.1167560623
-0.7724457457
0.2878319495
-0.5838463709
0.8900251589
0.8910699688
0.0692997967
0.5836324685
0.5452295028
-0.8409623012
2.0910770861
-0.2574141001
0.8873275999
-1.1051330362
0.7644098761
-0.2038582377
-2.1157475217
0.5266082221
0.9697462783
-1.4315421930
0.9648902221
-1.9463572121
-0.0638303852
-1.9638294648
0.1013072121
-1.5510051809
-0.8732696221
-0.3576599980
-0.8771362088
1.2060962849
-0.9838756721
-0.5429418249
-2.5769325803
0.3788316069
0.1087259148
-0.0613845495
-0.7035019122
0.3281858369
-0.1359747948
1.1481823678
0.9757301093
-1.7729394581
0.0447185365
1.1998401825
-1.4883310842
1.9705370742
-0.1038133799
0.0469112732
0.3063097355
0.6809474858
-1.8816751447
-0.5420117435
1.4303733649
0.1720682140
-0.9848682865
-0.1941043703
0.1509527906
-0.9029338904
-0.4075281939
-1.0002404388
-0.3698997432
1.8889748445
-0.4132666625
-0.6510998197
0.0979220760
-0.0155382695
-0.8007017574
-1.5629039989
0.6767431988
-0.0010667438
0.0443005870
0.2866739852
2.1190519405
0.3012488448
-0.4824981850
0.8259053365
-0.5387238823
0.2530686832
1.1279100333
0.4598345500
-1.0741754381
2.0028299304
2.5524450100
0.0164922756
0.0447886917
-0.0948372533
-0.2398702368
0.7097834258
-1.5721776340
0.7599036104
0.4782475833
0.2479183330
-0.1639943586
-0.2651022933
-0.4383065907
0.5683785599
-1.2148462314
1.5007312945
1.6369726868
0.8690434824
0.1241413505
-1.0028837301
1.5699417211
0.3371851884
0.8305913574
0.9191368931
-0.4234613464
0.7597164340
0.9325852962
2.2678800011
0.3799336351
0.4572060738
0.6570557834
-0.2826668902
0.1696139287
1.8934175241
-0.3202022745
-0.4023835827
-0.9840478913
-0.9614001394
0.4282473019
0.6254106346
-0.1675468881
-1.2708045232
0.5215626410
0.2348664872
0.6565530365
-1.6252760548
-0.5471186879
1.1080720023
-0.2752447345
2.2201508429
-0.0891330085
-1.5880899277
1.2805103167
0.5935599956
0.7005120886
0.4202787625
2.2046203629
-0.6281186987
-1.1372873100
0.2111724509
0.5829639918
0.4816693852
1.0132705220
0.5818354982
0.1440477686
2.3350656115
0.9627832996
-0.5502518147
2.5487844982
-2.0325156788
-0.8540248238
-1.0991266345
-0.7796651012
0.4489271563
0.0392208809
0.6918799374
0.7114001964
-0.1081486488
-0.6959625025
0.8719247983
0.4977448521
-0.7555474245
0.5737811359
0.9443192843
1.3869087894
0.8301542538
-0.0984666843
-0.2819384136
-1.4806281333
-1.0677185434
0.4444787611
1.6908261401
0.1745291864
1.0147281680
-0.3224169702
-0.2133778221
-0.9318318983
0.7602380988
2.2078321033
0.0224472604
-1.1964740624
0.4907921040
1.4908552390
-0.3068729790
0.3321007761
-1.6921719132
1.3031972992
0.7908141915
0.2513020314
-0.7964443035
0.0048711749
-0.2755920631
0.5251636791
-1.4080578837
