11 4 0.02
10 0 1 0 2 0 3 0 4 0 5 0 6 1 0 1 1 1 2 2 2
12 0 0 0 2 1 0 1 1 1 2 2 1 2 2 2 3 3 0 3 1 3 3 4 0
10 0 1 0 2 1 0 1 1 1 2 2 1 2 2 2 3 2 4 3 1
13 0 2 0 3 0 4 1 1 1 3 1 4 2 0 2 1 2 2 2 3 3 2 3 3 4 2
7 3
3 1
2 3
0 3
0 0 0 0 0 1 1 1 0 0 0
0 0 0 0 1 0 1 1 0 0 0
0 0 0 1 2 2 1 0 0 0 0
0 1 0 2 1 2 1 0 0 0 0
0 1 1 1 1 2 1 1 0 0 0
0 0 1 1 2 0 0 0 0 0 0
0 1 1 0 1 0 0 0 0 0 0
0 1 0 0 1 1 1 1 1 1 0
0 0 0 1 1 1 0 0 0 0 0
0 0 0 0 0 1 0 0 0 0 0
0 0 0 0 0 0 0 0 0 0 0
-1.1414122871
-1.2121035218
-0.0334421880
-0.9451678806
-1.2145724661
1.4276975093
-1.7371731237
0.0897705246
0.4775710264
-0.7241867331
-0.6320503351
1.0081720482
-0.3228559263
0.4087837356
1.8946349959
-1.5316534363
0.4711015605
-0.4190058162
0.9813800894
0.8373808914
-1.0235958570
-0.1469113814
0.7113461178
0.7099846214
0.1997771709
-0.3487946041
0.7855678633
-1.0898618588
0.2273426586
-0.6824798574
0.1525732242
-1.1076874714
0.3750772632
0.6569919478
0.5121487801
0.8409314888
-0.4129843668
-1.6657871906
0.7988273953
1.1692976633
0.9496747734
0.4112477132
0.0654878908
0.0790645959
1.3879250433
-0.5680123486
-0.5026626035
1.2978450931
0.5264219494
-0.5818858222
0.5359992116
0.2656156753
-1.2207678005
0.1542785124
0.1023892854
-0.8495427269
0.9006164716
1.3784068886
0.7195837234
0.3712863805
0.2685886492
-0.0341585073
0.1663501436
-1.2789162607
0.7929510381
0.4997017301
-0.6300714503
-0.5293861243
-1.2412851548
1.1417898236
-0.1512060566
0.4025245826
1.0811624829
0.1706207753
0.1490241880
1.3917010893
1.5851982793
-0.3697318347
-0.1291887054
2.1547750179
-1.4333643212
0.7665870688
-0.3067597110
-0.3298005524
1.6670540450
-0.3404166115
0.8671903035
-2.9683157454
-1.2884067226
-0.0034269076
-0.8212937415
-1.5146719245
-0.4557113635
-0.5145501333
0.5190979818
1.0586348584
1.2332258005
0.2885397138
0.6037967317
-0.1765576914
-0.1389877605
-1.2664461560
-2.8735334295
0.0685592796
-0.2049375178
0.4502708831
-0.2780023778
-1.0454957442
-0.7801273676
0.9704344617
-0.3919550849
-1.5293314360
0.2421213437
2.4789841151
-1.2600757458
-0.0188964771
1.1459618863
-0.3693310252
1.3327857927
0.1176610730
-1.8548328958
-0.0047711573
-1.4569144167
0.2881054052
0.2486103095
0.8942621509
-0.5202217994
1.2325826336
-0.5642992052
0.6572221245
0.3944468161
0.5209773725
-1.1114252960
-0.0015052321
0.4652795071
1.2710640576
0.0698849097
-0.4833951942
-1.4751317830
-0.5818136993
-0.5831861114
-1.4795583641
-0.3348411313
0.0687346214
-0.1040768693
-0.7575548956
1.3674221963
1.5991656868
0.8528370074
-0.5467771809
0.3047967687
-1.7616534874
1.6691820204
2.2455871452
0.0932773441
0.9360679061
-1.6004534080
-0.3510567612
0.2498134694
0.1673910836
-0.1813237815
0.1257702745
-0.4113728591
0.9398190632
0.1376902879
1.0266852285
0.7471866480
0.8678148373
-0.2976802452
-0.2890824407
-0.3585311181
-0.1712057686
0.4735327730
-0.9055368893
-0.9810915304
-1.2067864652
0.5420210110
0.8661200410
-0.1947278755
1.3319980514
-0.0884177124
1.0990974542
1.0084230149
-0.0804292680
0.9352654834
1.2933788223
-2.0365411699
-0.9192833613
-0.3340930018
0.8058569269
1.4548662160
0.0628577769
-0.4667186609
1.2928570518
0.1426999453
1.9717356823
-0.2371236637
1.0655797951
1.2057837506
1.3005108779
-0.8587745736
-1.0254463470
0.0952168905
-1.2135948707
0.4098341250
-0.9511684834
-0.4400018570
-0.9401307578
-0.0714287502
-0.8135944759
1.2213482171
0.5822793359
0.7227994724
1.7931962294
1.2118454606
0.2084609859
-0.7745933192
0.5928401608
0.4953469139
0.3776613107
-1.3988383002
0.9837820462
0.0504330811
0.8956140838
0.1395537681
-0.0553057930
-0.1483468000
-1.0148084686
-0.3504349175
-0.8232830267
-1.0655808556
0.1698301952
-1.3637663959
-0.3458646793
0.2608246025
1.5269199293
-1.4198060555
-0.0295306832
-1.2549812983
-2.2139422945
0.9233332784
1.1024640772
