14 9 0.10
10 0 1 0 2 0 3 1 0 1 1 1 2 2 0 2 1 2 2 3 2
10 0 3 1 0 1 1 1 3 1 4 2 1 2 2 2 3 2 4 3 4
8 0 0 0 1 1 1 1 2 1 3 2 0 2 1 3 0
10 0 2 1 0 1 1 1 2 2 1 2 2 3 2 3 3 4 2 4 3
9 0 3 1 2 1 3 2 0 2 1 2 2 2 3 2 4 3 4
10 0 3 1 2 1 3 1 4 2 0 2 1 2 2 2 3 2 4 3 1
10 0 1 0 2 0 3 1 1 1 2 1 3 2 0 2 1 2 2 2 3
9 0 1 1 1 2 1 2 2 3 0 3 1 3 2 4 1 4 2
10 0 1 1 1 1 2 1 3 2 0 2 1 2 2 3 0 3 1 3 2
5 2
6 2
1 9
5 0
10 8
1 0
9 9
8 6
10 3
0 0 0 0 0 0 0 0 0 0 0 0 0 0
0 0 0 1 0 0 0 0 0 1 1 0 0 0
0 0 1 1 1 0 0 0 0 0 1 1 1 0
1 1 1 1 1 0 0 0 0 1 1 0 0 0
0 1 0 0 0 0 0 0 0 1 0 0 0 0
0 0 1 1 1 1 0 0 0 0 0 0 0 0
1 1 2 1 1 1 0 0 0 0 0 0 0 0
0 1 3 2 1 1 1 0 0 0 0 0 0 0
0 0 1 2 2 1 1 1 0 0 0 0 0 0
0 0 1 1 0 0 1 1 0 0 1 1 1 0
0 0 0 0 1 0 0 1 1 0 1 2 1 0
0 0 0 0 1 1 2 1 1 1 2 2 1 0
0 0 0 1 1 1 0 1 2 1 1 1 1 0
0 0 0 1 1 1 0 0 0 0 0 0 1 0
0.6611641207
0.8893444028
-0.7902207305
1.0601180778
-2.0534857403
-1.8638528508
-0.4533874111
2.0371645326
-1.0227943917
0.8135546385
-1.3663595575
0.2902104979
-0.4222063100
0.1233597323
-0.9026104324
-0.0714222828
0.0947605958
-1.1760854219
-0.2841570122
-0.0892396525
0.2424809462
0.0440385636
-1.3862536740
-0.3266769972
0.6863480508
0.1913800229
0.4794666938
0.6563607424
0.7962283345
1.4310712813
-0.8688093070
1.1101445887
1.3550532608
0.4219984797
-0.9086366444
0.5107085074
-2.3054363100
-0.3169825581
-0.5926009460
0.7359695489
-0.7383513945
1.1029013750
-1.4982877189
-1.2250164134
-0.3526805085
0.5342409016
-1.5864257621
-1.0512909783
0.3763465624
-1.1476472833
-0.3655104396
-0.2301179606
-0.5814575547
-0.0783926313
-2.9257031119
-0.7383910263
0.9916093403
-0.7485008321
-0.0750255484
-1.1343760285
-0.3046196693
-0.4744395677
0.6699327711
0.5002662620
0.0160875290
-0.2652641684
0.7459097895
-2.1002706085
-0.7527321121
-0.7471959287
0.0265102595
-0.5838461126
0.4520088571
-0.9711147189
-0.6392707867
-0.2108530553
1.6324353224
0.1769066267
-0.1296388301
-1.3515015386
0.4953747004
0.3029277394
1.7558974256
-1.8250701064
-0.5187099019
-0.7643803210
-0.4201301390
-2.2132137272
0.1678965332
0.6659807751
0.8288467006
-0.4722686675
-0.8917487131
-0.0254376639
-1.0764403181
0.1429933049
-0.7466640113
0.9684307510
-1.6177078720
0.2893350854
-1.4904935640
-0.3822256843
-0.0498627707
0.6147183145
-0.0129037822
-0.4859600597
-0.4334849501
-0.7797431425
0.1641139897
1.3548850543
-0.0447614903
-0.5817574102
0.2748810064
0.0982351024
-1.5819565685
1.3112992570
-1.9545066365
1.0324052006
-0.1938540230
-0.5814433021
0.4785101375
-0.4364036526
-1.8280194335
0.7231112711
-1.0460242998
0.1110410404
-0.9624564807
0.3575944060
-0.4722756660
-0.1336072025
-0.8443643766
-0.7884527633
2.2606629338
0.8195202296
-0.6217643763
0.0343670988
-0.2177546496
1.9036240337
-0.4415482710
2.2033273130
-0.4755033576
-1.5826878774
-1.3234646895
-0.7074268226
1.3955935256
0.4875099005
-2.3731797340
-0.0921337554
0.2298217868
0.4769998406
-0.3243517394
0.1534100812
0.2025660354
0.0325938854
-0.2315804075
-0.7271237952
-0.3835705665
1.1036640207
0.6787284310
1.3889313606
-0.7350821469
-1.6999588607
-0.3963301639
0.4028747154
0.0161431459
-0.9481046694
-0.4933413952
1.3239800892
0.2701231612
-0.2663756932
1.0174021166
-1.0549108874
1.6573937630
0.8691332926
-0.3929278312
0.7057424769
-0.8825017947
0.5542403121
-2.4307887475
-0.1962322036
-0.3328841581
0.2451769805
1.2087504965
0.1281606729
0.0323295889
0.2468936404
-1.0399742255
0.6774189089
-0.1917885540
1.1196247437
0.8933739277
0.0732974737
1.5159288398
0.8666564425
0.1337636140
-0.6194475791
-1.0930885852
-0.0279085105
0.3945151133
0.6072861887
0.5639203586
0.4147685086
-1.0901992593
-0.0746595882
-1.8516739924
0.4727716855
1.6121351741
0.2091103269
0.4693239055
-0.6397771807
1.6565071202
-1.7537259974
-1.5475532594
-0.6117498214
0.2603710443
1.0079746782
0.0373132299
0.8769677397
0.8829653334
-0.0711940853
0.1843891306
-0.1625296968
0.0678940426
1.0886873940
-3.0549528821
-0.1134262042
-0.0355130340
-0.5640766503
-0.7460968517
0.7972099660
0.0420035728
1.7775087142
-2.7337123749
0.5458233298
-0.8507894197
-0.2254936574
-0.3919877279
-0.7321322757
0.5103661238
0.6056348289
-0.5113945195
-0.3896080037
-1.2416567846
-0.2050281929
0.5948769817
-0.7189888058
-0.3375341280
0.7189741177
-0.0414297570
-0.7216881373
-1.2744274447
0.8969574279
-0.3196835452
0.3325360803
0.7995961209
-1.6856080306
0.1749388204
0.8983122255
0.6169889143
0.9411464275
-0.7810476745
-0.2328581509
-1.1910219901
1.9783340188
-1.3205357537
0.7319470474
0.9681063509
-1.0340849376
-0.7801029069
-0.2449182529
-0.2917489397
-1.4981453437
-0.6559311168
-0.7854501114
-0.4656459060
-0.5658768705
0.6270155348
0.2752848879
-0.8066975657
-0.5780771483
-0.2512058381
0.0216803958
0.2754039345
-0.9829078672
-1.1853975383
-0.0568072329
-0.1858451922
0.9678943324
0.1429942497
0.6710763953
0.0016250230
0.6079719850
-0.1709406238
0.1726921406
1.1130837813
0.8078340958
1.0061390362
-0.0694640078
0.0848886063
-0.0755051201
1.2067738769
0.0775268151
0.3599546144
1.6159633957
-1.2646315592
0.8015220809
-1.0070233634
0.0920270319
-1.1017643489
-1.3699373375
1.0615530656
-1.0106358116
-1.0641862705
-0.5959917141
0.5565735639
-0.6942313725
-1.3049245739
-1.4457147165
0.9571412894
0.5317121039
-0.2085787459
0.9322810333
-0.1800545817
-1.6363336707
0.2104175954
-0.8759399681
0.5743784062
-1.0184804520
0.1810928534
0.1433237264
-1.3217218226
-0.3251247888
2.3762202245
-0.1618816105
0.1250794080
0.6189082073
-1.0867504524
-0.1127423859
-0.0731956788
-1.2307289123
0.5906199622
-0.7383315446
0.3316213913
-0.3540042343
0.6401446689
1.0444201304
-1.0493189015
-1.1453215905
-0.2664672766
1.8693298583
1.2743142666
0.5017656795
0.5434080268
0.9742139329
0.0671611065
-1.0686216417
-0.6521359131
-0.6288532235
-0.0624280594
-1.6807053826
0.9005884087
-0.5789893066
-0.7732364702
0.4572749501
1.9478431013
0.5644816177
-1.0362289190
-0.3494786441
-2.4226143498
0.5787208386
0.9706546951
-1.6321042438
0.0339554900
1.4248211732
-1.1757239671
0.2229507434
0.1216332147
-0.2974052000
-0.5539193298
0.2678370986
-0.5489888678
-0.3070483157
0.5490489440
-0.5082301547
-1.5171880764
0.6767514542
-1.7353286913
1.7550262527
-0.9195042691
-0.2947618679
0.2319409010
-0.4143985003
