11 5 0.18
6 0 0 1 0 1 1 2 0 2 1 3 0
4 0 0 0 1 1 1 1 2
4 0 1 1 1 2 0 2 1
4 0 0 1 0 2 0 2 1
5 0 1 1 0 1 1 2 1 3 1
4 5
0 4
7 7
5 4
1 1
0 0 0 0 1 1 0 0 0 0 0
0 0 1 0 0 1 1 0 0 0 0
0 1 1 0 0 0 0 0 0 0 0
0 0 1 0 0 0 0 0 0 0 0
0 0 1 0 0 1 0 0 0 0 0
0 0 0 0 1 1 1 0 0 0 0
0 0 0 0 1 1 1 0 0 0 0
0 0 0 0 1 2 0 0 1 0 0
0 0 0 0 0 0 0 0 1 0 0
0 0 0 0 0 0 0 1 1 0 0
0 0 0 0 0 0 0 0 0 0 0
1.3605019898
-0.0503008906
-0.3503475602
0.6849884866
-0.0103075679
0.1621130320
0.4028782555
0.2611356429
-0.8502644349
0.8300053166
0.2609453408
-0.2615457367
0.1858524732
-0.6696832532
1.2472516370
0.7547393014
-0.2183020770
0.6529887312
1.4001098904
-2.2030504642
-1.6225071484
1.6873929038
-0.5839757461
-0.4609865880
-0.1603174936
0.6019931686
-0.5853440600
-0.1487979241
0.9557098055
-0.3836915720
-0.4536471789
-0.8632919667
1.4312634661
1.2031728060
-0.5393177060
-0.7638223117
0.9018685742
-0.2902247308
-0.0419988692
-0.0849461012
0.0608685256
-1.3344218196
-1.4640283199
-0.7049704812
-0.1238744139
-1.2315200497
-1.0661706797
0.3031893507
0.7149440541
1.4669009210
1.7922976850
-0.1012298467
-1.7845564533
-0.7032016618
-0.5064082406
1.5575018099
0.1764037250
-1.5637799635
-0.2928837070
-1.1710210438
0.8214616076
-0.1392829807
-0.0442305876
-0.1519396144
-0.0153869155
-0.4763005349
-0.5836618681
-0.3905980719
0.8964365290
1.0482046203
-1.1188433341
-1.2598713783
-1.5283852776
-1.2636508292
0.1875827603
0.0922558602
-0.5497314636
0.8603347203
0.5690296672
-1.1153882769
1.0202854533
-0.4064167692
-0.7982752769
0.4438866022
-0.5632779780
-0.6172921397
0.8811899636
0.1852657514
-0.3539581137
0.1339066087
-0.9534926238
1.1619282467
0.6533233658
0.8843374767
-1.4380983157
1.5373329668
2.1883381381
0.3765081977
0.5205019560
-0.3124944948
-1.0378237522
0.3111766923
-2.0806016900
0.6351244062
0.4863132561
-1.2113209611
-0.9475629984
-1.3835918431
-0.0466525608
-1.6726582099
-0.4718060663
1.4278709374
0.1980358560
0.7659090289
0.1484720794
0.6601172460
-0.1126750322
0.5764216487
0.6091136257
-0.7500439247
0.0792352874
1.5757182975
0.0680993182
0.6373298757
-0.7204543200
-1.2646751019
1.0976739485
-0.2621703132
0.0903946841
-0.4522865665
-1.6323053186
-0.8219198400
2.3269310702
-0.8955342751
1.2159746694
1.7071405322
-1.0599074786
-1.2139401361
-0.7729957088
0.2779636097
0.8596817636
1.5154535524
-0.0630286982
-0.8387697935
-0.2048652875
0.5008489966
-0.5754742129
-1.5494805066
-0.3209372591
-0.1783741986
1.3420322361
-0.3664223182
-0.2415135951
-0.6876723109
-1.6922201379
0.4118873850
-1.0107115027
0.0694085983
-1.2523683766
-2.1347233817
0.4579732338
-0.3139365301
-0.3472684895
-0.2826950556
0.3989373730
-1.3717183562
1.0365190343
0.9952073108
0.5478332712
1.2722382352
2.0011212475
-0.1625284115
-0.8522994998
0.0103353222
0.0467456657
0.2831125654
0.8315825152
0.1855279667
0.4476057888
-0.3218220733
0.8270793685
-1.4081674289
-0.1667455298
0.0489560273
0.5798690540
-0.4130162143
-0.2203214163
0.3403004873
-0.0975748644
-1.1604695322
-1.0182550303
-0.0772605238
-2.0030610410
0.8098382735
-0.9307624058
0.9272645222
0.2787306312
0.3459805149
-0.4191952794
-0.4522424359
0.0252732957
0.5257027757
0.6811875031
-0.3981184962
0.0850301826
0.3997340507
0.6021919409
1.7817787697
0.1728767158
-1.4446319398
-0.7031708655
1.9371812688
-0.7985330961
0.1711010617
-0.2673225143
-0.2281184799
-0.7275085783
0.1725089251
-0.3729913206
1.4338313037
0.2647990170
0.7414966124
-0.1075947230
0.4084650654
-0.8213280958
0.4974476971
1.8563302524
-0.4609611234
-0.1886047849
-0.7165847458
1.6026451582
-0.9076177884
-0.0062079177
0.9602239604
0.5600756219
-1.9243886508
0.3988613621
0.0303680921
-0.1021850165
-0.0875731897
-0.6720470922
0.9743100980
