0 0 0 0 0 0 0 0 0 0 0 0 0 0 0 0 0 0 0 0 0 0
0 0 0 0 0 0 0 0 0 0 0 0 0 0 0 0 0 0 0 0 0 0
0 0 0 0 0 0 0 0 0 0 0 0 0 0 0 0 0 0 0 0 0 0
0 0 0 0 0 0 0 0 0 0 0 0 0 0 0 0 0 0 0 0 0 0
0 0 0 0 0 0 0 0 0 0 0 0 0 0 0 0 0 0 0 0 0 0
0 0 0 0 0 0 0 0 0 0 0 0 0 0 0 0 0 0 0 0 0 0
0 0 0 0 0 0 0 0 0 0 0 0 0 0 0 0 0 0 0 0 0 0
0 0 0 0 0 0 0 0 0 0 0 0 0 0 0 0 0 0 0 0 0 0
0 0 0 0 0 0 0 0 0 0 0 0 0 0 0 0 0 0 0 0 0 0
0 0 0 0 0 0 0 0 0 0 0 0 0 0 0 0 0 0 0 0 0 0
0 0 0 0 0 0 0 0 0 0 0 0 0 0 0 0 0 0 0 0 0 0
0 0 0 0 0 0 0 0 0 0 0 1000 0 0 0 0 0 0 0 0 0 0
0 0 0 0 0 0 0 0 0 0 0 0 0 0 0 0 0 0 0 0 0 0
0 0 0 0 0 0 0 0 0 0 0 0 0 0 0 0 0 0 0 0 0 0
0 0 0 0 0 0 0 0 0 0 0 0 0 0 0 0 0 0 0 0 0 0
0 0 0 0 0 0 0 0 0 0 0 0 0 0 0 0 0 0 0 0 0 0
0 0 0 0 0 0 0 0 0 0 0 0 0 0 0 0 0 0 0 0 0 0
0 0 0 0 0 0 0 0 0 0 0 0 0 0 0 0 0 0 0 0 0 0
0 0 0 0 0 0 0 0 0 0 0 0 0 0 0 0 0 0 0 0 0 0
0 0 0 0 0 0 0 0 0 0 0 0 0 0 0 0 0 0 0 0 0 0
0 0 0 0 0 0 0 0 0 0 0 0 0 0 0 0 0 0 0 0 0 0
0 0 0 0 0 0 0 0 0 0 0 0 0 0 0 0 0 0 0 0 0 0
0 1 0
0 0 -2
0 3 0
0 2 1
0 -3 0
0 3 -1
0 0 -4
0 -3 -1
0 4 1
0 3 2
0 -3 2
0 6 0
0 5 -1
0 0 -6
0 -2 4
0 -2 -4
0 6 1
0 5 -2
0 4 -3
0 1 6
0 0 -7
0 -4 3
0 5 3
0 4 4
0 3 5
0 2 -6
0 1 -7
0 0 8
0 -1 -7
0 -3 5
0 -7 1
0 8 1
0 7 2
0 5 -4
0 1 8
0 0 9
0 -1 -8
0 -3 -6
0 -4 5
0 10 0
0 6 -4
0 5 -5
0 4 -6
0 2 -8
0 10 1
0 3 8
0 3 -8
0 1 -10
0 -4 -7
0 -7 -4
0 9 3
0 5 7
0 3 -9
0 -2 10
0 -5 7
0 11 2
0 8 5
0 6 -7
0 -5 -8
0 -6 -7
0 -9 4
0 -10 3
0 11 -3
0 8 6
0 -4 -10
0 -5 9
0 -5 -9
0 -6 -8
0 -8 -6
0 -9 -5
0 -10 4
0 9 6
0 8 7
0 6 9
0 5 10
0 -5 -10
0 10 6
0 8 -8
0 6 10
0 -6 10
0 -6 -10
0 -10 6
0 9 8
0 7 10
0 7 -10
0 -9 -8
0 -10 -7
0 11 -7
0 -8 10
0 -10 8
0 9 10
0 8 11
0 -10 9
0 11 9
0 11 -10
1 1 0
1 0 -2
1 3 0
1 2 1
1 -3 0
1 3 -1
1 0 -4
1 -3 -1
1 4 1
1 3 2
1 -3 2
1 6 0
1 5 -1
1 0 -6
1 -2 4
1 -2 -4
1 6 1
1 5 -2
1 4 -3
1 1 6
1 0 -7
1 -4 3
1 5 3
1 4 4
1 3 5
1 2 -6
1 1 -7
1 0 8
1 -1 -7
1 -3 5
1 -7 1
1 8 1
1 7 2
1 5 -4
1 1 8
1 0 9
1 -1 -8
1 -3 -6
1 -4 5
1 10 0
1 6 -4
1 5 -5
1 4 -6
1 2 -8
1 10 1
1 3 8
1 3 -8
1 1 -10
1 -4 -7
1 -7 -4
1 9 3
1 5 7
1 3 -9
1 -2 10
1 -5 7
1 11 2
1 8 5
1 6 -7
1 -5 -8
1 -6 -7
1 -9 4
1 -10 3
1 11 -3
1 8 6
1 -4 -10
1 -5 9
1 -5 -9
1 -6 -8
1 -8 -6
1 -9 -5
1 -10 4
1 9 6
1 8 7
1 6 9
1 -5 -10
1 10 6
1 8 -8
1 6 10
1 -6 10
1 -6 -10
1 -10 6
1 9 8
1 7 10
1 7 -10
1 -9 -8
1 -10 -7
1 11 -7
1 -8 10
1 -10 8
1 9 10
1 8 11
1 -10 9
1 11 9
1 11 -10
2 1 0
2 0 -2
2 3 0
2 2 1
2 -3 0
2 3 -1
2 0 -4
2 -3 -1
2 4 1
2 3 2
2 -3 2
2 6 0
2 5 -1
2 0 -6
2 -2 4
2 -2 -4
2 6 1
2 5 -2
2 4 -3
2 0 -7
2 -4 3
2 5 3
2 4 4
2 3 5
2 2 -6
2 1 -7
2 0 8
2 -1 -7
2 -3 5
2 -7 1
2 8 1
2 7 2
2 5 -4
2 1 8
2 0 9
2 -1 -8
2 -3 -6
2 -4 5
2 10 0
2 6 -4
2 5 -5
2 4 -6
2 2 -8
2 10 1
2 3 8
2 3 -8
2 1 -10
2 -4 -7
2 -7 -4
2 9 3
2 5 7
2 3 -9
2 -2 10
2 -5 7
2 11 2
2 8 5
2 6 -7
2 -5 -8
2 -6 -7
2 -9 4
2 -10 3
2 11 -3
2 8 6
2 -4 -10
2 -5 9
2 -5 -9
2 -6 -8
2 -8 -6
2 -9 -5
2 -10 4
2 9 6
2 8 7
2 6 9
2 -5 -10
2 10 6
2 8 -8
2 6 10
2 -6 10
2 -6 -10
2 -10 6
2 9 8
2 7 10
2 7 -10
2 -9 -8
2 -10 -7
2 11 -7
2 -8 10
2 -10 8
2 9 10
2 8 11
2 -10 9
2 11 9
2 11 -10
3 1 0
3 0 -2
3 3 0
3 2 1
3 -3 0
3 3 -1
3 0 -4
3 -3 -1
3 4 1
3 3 2
3 -3 2
3 6 0
3 5 -1
3 0 -6
3 -2 4
3 -2 -4
3 6 1
3 5 -2
3 4 -3
3 0 -7
3 -4 3
3 5 3
3 4 4
3 3 5
3 2 -6
3 1 -7
3 0 8
3 -1 -7
3 -3 5
3 -7 1
3 8 1
3 7 2
3 5 -4
3 1 8
3 0 9
3 -1 -8
3 -3 -6
3 -4 5
3 10 0
3 6 -4
3 5 -5
3 4 -6
3 2 -8
3 10 1
3 3 8
3 3 -8
3 1 -10
3 -4 -7
3 -7 -4
3 9 3
3 5 7
3 3 -9
3 -2 10
3 -5 7
3 11 2
3 8 5
3 6 -7
3 -5 -8
3 -6 -7
3 -9 4
3 -10 3
3 11 -3
3 8 6
3 -4 -10
3 -5 9
3 -5 -9
3 -6 -8
3 -8 -6
3 -9 -5
3 -10 4
3 9 6
3 8 7
3 -5 -10
3 10 6
3 8 -8
3 6 10
3 -6 10
3 -6 -10
3 -10 6
3 9 8
3 7 10
3 7 -10
3 -9 -8
3 -10 -7
3 11 -7
3 -8 10
3 -10 8
3 9 10
3 8 11
3 -10 9
3 11 9
3 11 -10
4 1 0
4 0 -2
4 3 0
4 2 1
4 -3 0
4 3 -1
4 0 -4
4 -3 -1
4 4 1
4 3 2
4 -3 2
4 6 0
4 5 -1
4 0 -6
4 -2 4
4 -2 -4
4 6 1
4 5 -2
4 0 -7
4 -4 3
4 5 3
4 4 4
4 3 5
4 2 -6
4 1 -7
4 0 8
4 -1 -7
4 -3 5
4 -7 1
4 8 1
4 7 2
4 5 -4
4 1 8
4 0 9
4 -1 -8
4 -3 -6
4 -4 5
4 10 0
4 6 -4
4 5 -5
4 4 -6
4 2 -8
4 10 1
4 3 8
4 3 -8
4 1 -10
4 -4 -7
4 -7 -4
4 9 3
4 5 7
4 3 -9
4 -2 10
4 -5 7
4 11 2
4 8 5
4 6 -7
4 -5 -8
4 -6 -7
4 -9 4
4 -10 3
4 11 -3
4 8 6
4 -4 -10
4 -5 9
4 -5 -9
4 -6 -8
4 -8 -6
4 -9 -5
4 -10 4
4 9 6
4 8 7
4 -5 -10
4 10 6
4 8 -8
4 6 10
4 -6 10
4 -6 -10
4 -10 6
4 9 8
4 7 10
4 7 -10
4 -9 -8
4 -10 -7
4 11 -7
4 -8 10
4 -10 8
4 9 10
4 8 11
4 -10 9
4 11 9
4 11 -10
5 1 0
5 0 -2
5 3 0
5 2 1
5 -3 0
5 3 -1
5 0 -4
5 -3 -1
5 4 1
5 3 2
5 -3 2
5 6 0
5 5 -1
5 0 -6
5 -2 4
5 -2 -4
5 6 1
5 5 -2
5 0 -7
5 -4 3
5 5 3
5 4 4
5 3 5
5 2 -6
5 1 -7
5 0 8
5 -1 -7
5 -3 5
5 -7 1
5 8 1
5 7 2
5 5 -4
5 1 8
5 0 9
5 -1 -8
5 -3 -6
5 -4 5
5 10 0
5 6 -4
5 5 -5
5 4 -6
5 2 -8
5 10 1
5 3 8
5 3 -8
5 1 -10
5 -4 -7
5 -7 -4
5 9 3
5 5 7
5 3 -9
5 -2 10
5 -5 7
5 11 2
5 8 5
5 6 -7
5 -5 -8
5 -6 -7
5 -9 4
5 -10 3
5 11 -3
5 8 6
5 -4 -10
5 -5 9
5 -5 -9
5 -6 -8
5 -8 -6
5 -10 4
5 9 6
5 8 7
5 -5 -10
5 10 6
5 8 -8
5 6 10
5 -6 10
5 -6 -10
5 -10 6
5 9 8
5 7 10
5 7 -10
5 -9 -8
5 -10 -7
5 11 -7
5 -8 10
5 -10 8
5 9 10
5 8 11
5 -10 9
5 11 9
5 11 -10
6 1 0
6 0 -2
6 3 0
6 2 1
6 -3 0
6 3 -1
6 0 -4
6 -3 -1
6 4 1
6 3 2
6 -3 2
6 6 0
6 5 -1
6 0 -6
6 -2 -4
6 6 1
6 5 -2
6 0 -7
6 -4 3
6 5 3
6 4 4
6 3 5
6 2 -6
6 1 -7
6 0 8
6 -1 -7
6 -3 5
6 -7 1
6 8 1
6 7 2
6 5 -4
6 1 8
6 0 9
6 -1 -8
6 -3 -6
6 -4 5
6 10 0
6 6 -4
6 5 -5
6 4 -6
6 2 -8
6 10 1
6 3 8
6 3 -8
6 1 -10
6 -4 -7
6 -7 -4
6 9 3
6 5 7
6 3 -9
6 -2 10
6 -5 7
6 11 2
6 8 5
6 6 -7
6 -5 -8
6 -6 -7
6 -9 4
6 -10 3
6 11 -3
6 8 6
6 -4 -10
6 -5 9
6 -5 -9
6 -6 -8
6 -8 -6
6 -10 4
6 9 6
6 8 7
6 -5 -10
6 10 6
6 8 -8
6 6 10
6 -6 10
6 -6 -10
6 -10 6
6 9 8
6 7 10
6 7 -10
6 -9 -8
6 -10 -7
6 11 -7
6 -8 10
6 -10 8
6 9 10
6 8 11
6 -10 9
6 11 9
6 11 -10
7 1 0
7 0 -2
7 3 0
7 2 1
7 -3 0
7 3 -1
7 0 -4
7 -3 -1
7 4 1
7 3 2
7 -3 2
7 6 0
7 5 -1
7 0 -6
7 -2 -4
7 6 1
7 5 -2
7 0 -7
7 -4 3
7 5 3
7 4 4
7 3 5
7 2 -6
7 1 -7
7 0 8
7 -3 5
7 -7 1
7 8 1
7 7 2
7 5 -4
7 1 8
7 0 9
7 -1 -8
7 -3 -6
7 -4 5
7 10 0
7 6 -4
7 5 -5
7 4 -6
7 2 -8
7 10 1
7 3 8
7 3 -8
7 1 -10
7 -4 -7
7 -7 -4
7 9 3
7 5 7
7 3 -9
7 -2 10
7 -5 7
7 11 2
7 8 5
7 6 -7
7 -5 -8
7 -6 -7
7 -9 4
7 -10 3
7 11 -3
7 8 6
7 -4 -10
7 -5 9
7 -5 -9
7 -6 -8
7 -8 -6
7 -10 4
7 9 6
7 8 7
7 -5 -10
7 10 6
7 8 -8
7 6 10
7 -6 10
7 -6 -10
7 -10 6
7 9 8
7 7 10
7 7 -10
7 -9 -8
7 -10 -7
7 11 -7
7 -8 10
7 -10 8
7 9 10
7 8 11
7 -10 9
7 11 9
7 11 -10
8 1 0
8 0 -2
8 3 0
8 2 1
8 -3 0
8 3 -1
8 0 -4
8 -3 -1
8 4 1
8 3 2
8 -3 2
8 6 0
8 5 -1
8 0 -6
8 -2 -4
8 6 1
8 5 -2
8 0 -7
8 -4 3
8 5 3
8 4 4
8 3 5
8 2 -6
8 1 -7
8 0 8
8 -3 5
8 -7 1
8 8 1
8 7 2
8 5 -4
8 1 8
8 0 9
8 -1 -8
8 -3 -6
8 -4 5
8 10 0
8 6 -4
8 5 -5
8 4 -6
8 2 -8
8 10 1
8 3 8
8 3 -8
8 1 -10
8 -4 -7
8 -7 -4
8 9 3
8 5 7
8 3 -9
8 -2 10
8 -5 7
8 11 2
8 8 5
8 6 -7
8 -5 -8
8 -6 -7
8 -9 4
8 11 -3
8 8 6
8 -4 -10
8 -5 9
8 -5 -9
8 -6 -8
8 -8 -6
8 -10 4
8 9 6
8 8 7
8 -5 -10
8 10 6
8 8 -8
8 6 10
8 -6 10
8 -6 -10
8 -10 6
8 9 8
8 7 10
8 7 -10
8 -9 -8
8 -10 -7
8 11 -7
8 -8 10
8 -10 8
8 9 10
8 8 11
8 -10 9
8 11 9
8 11 -10
9 1 0
9 0 -2
9 3 0
9 2 1
9 -3 0
9 3 -1
9 0 -4
9 -3 -1
9 4 1
9 3 2
9 -3 2
9 6 0
9 5 -1
9 0 -6
9 -2 -4
9 6 1
9 5 -2
9 0 -7
9 -4 3
9 5 3
9 4 4
9 3 5
9 2 -6
9 1 -7
9 0 8
9 -7 1
9 8 1
9 7 2
9 5 -4
9 1 8
9 0 9
9 -1 -8
9 -3 -6
9 -4 5
9 10 0
9 6 -4
9 5 -5
9 4 -6
9 2 -8
9 10 1
9 3 8
9 3 -8
9 1 -10
9 -4 -7
9 -7 -4
9 9 3
9 5 7
9 3 -9
9 -2 10
9 -5 7
9 11 2
9 8 5
9 6 -7
9 -5 -8
9 -6 -7
9 -9 4
9 11 -3
9 8 6
9 -4 -10
9 -5 9
9 -5 -9
9 -6 -8
9 -8 -6
9 -10 4
9 9 6
9 8 7
9 -5 -10
9 10 6
9 8 -8
9 6 10
9 -6 10
9 -6 -10
9 -10 6
9 9 8
9 7 10
9 7 -10
9 -9 -8
9 -10 -7
9 11 -7
9 -8 10
9 -10 8
9 9 10
9 8 11
9 -10 9
9 11 9
9 11 -10
10 1 0
10 0 -2
10 3 0
10 2 1
10 -3 0
10 3 -1
10 0 -4
10 -3 -1
10 4 1
10 3 2
10 -3 2
10 6 0
10 5 -1
10 0 -6
10 -2 -4
10 6 1
10 5 -2
10 0 -7
10 -4 3
10 5 3
10 4 4
10 3 5
10 2 -6
10 1 -7
10 0 8
10 -7 1
10 8 1
10 7 2
10 5 -4
10 1 8
10 0 9
10 -1 -8
10 -4 5
10 10 0
10 6 -4
10 5 -5
10 4 -6
10 2 -8
10 10 1
10 3 8
10 3 -8
10 1 -10
10 -4 -7
10 -7 -4
10 9 3
10 5 7
10 3 -9
10 -2 10
10 -5 7
10 11 2
10 8 5
10 6 -7
10 -5 -8
10 -6 -7
10 -9 4
10 11 -3
10 8 6
10 -4 -10
10 -5 9
10 -5 -9
10 -6 -8
10 -8 -6
10 -10 4
10 9 6
10 8 7
10 -5 -10
10 10 6
10 8 -8
10 6 10
10 -6 10
10 -6 -10
10 -10 6
10 9 8
10 7 10
10 7 -10
10 -9 -8
10 -10 -7
10 11 -7
10 -8 10
10 -10 8
10 9 10
10 8 11
10 -10 9
10 11 9
10 11 -10
11 1 0
11 0 -2
11 3 0
11 2 1
11 -3 0
11 3 -1
11 0 -4
11 -3 -1
11 4 1
11 3 2
11 -3 2
11 6 0
11 5 -1
11 0 -6
11 -2 -4
11 6 1
11 5 -2
11 0 -7
11 -4 3
11 5 3
11 4 4
11 3 5
11 2 -6
11 1 -7
11 0 8
11 -7 1
11 8 1
11 7 2
11 5 -4
11 1 8
11 0 9
11 -1 -8
11 -4 5
11 10 0
11 6 -4
11 4 -6
11 2 -8
11 10 1
11 3 8
11 3 -8
11 1 -10
11 -4 -7
11 -7 -4
11 9 3
11 5 7
11 3 -9
11 -2 10
11 -5 7
11 11 2
11 8 5
11 6 -7
11 -5 -8
11 -6 -7
11 -9 4
11 11 -3
11 8 6
11 -4 -10
11 -5 9
11 -5 -9
11 -6 -8
11 -8 -6
11 -10 4
11 9 6
11 8 7
11 -5 -10
11 10 6
11 8 -8
11 6 10
11 -6 10
11 -6 -10
11 -10 6
11 9 8
11 7 10
11 7 -10
11 -9 -8
11 -10 -7
11 11 -7
11 -8 10
11 -10 8
11 9 10
11 8 11
11 -10 9
11 11 9
11 11 -10
12 1 0
12 0 -2
12 3 0
12 2 1
12 -3 0
12 3 -1
12 0 -4
12 4 1
12 3 2
12 -3 2
12 6 0
12 5 -1
12 0 -6
12 -2 -4
12 6 1
12 5 -2
12 0 -7
12 -4 3
12 5 3
12 4 4
12 3 5
12 2 -6
12 1 -7
12 0 8
12 -7 1
12 8 1
12 7 2
12 5 -4
12 1 8
12 0 9
12 -1 -8
12 -4 5
12 10 0
12 6 -4
12 4 -6
12 2 -8
12 10 1
12 3 8
12 3 -8
12 1 -10
12 -4 -7
12 -7 -4
12 9 3
12 5 7
12 3 -9
12 -2 10
12 -5 7
12 11 2
12 8 5
12 6 -7
12 -5 -8
12 -6 -7
12 -9 4
12 11 -3
12 8 6
12 -4 -10
12 -5 9
12 -5 -9
12 -6 -8
12 -8 -6
12 -10 4
12 9 6
12 8 7
12 -5 -10
12 10 6
12 8 -8
12 6 10
12 -6 10
12 -6 -10
12 -10 6
12 9 8
12 7 10
12 7 -10
12 -9 -8
12 -10 -7
12 11 -7
12 -8 10
12 -10 8
12 9 10
12 8 11
12 -10 9
12 11 9
12 11 -10
13 1 0
13 0 -2
13 3 0
13 2 1
13 -3 0
13 3 -1
13 0 -4
13 4 1
13 3 2
13 -3 2
13 6 0
13 5 -1
13 0 -6
13 -2 -4
13 6 1
13 5 -2
13 0 -7
13 -4 3
13 5 3
13 4 4
13 3 5
13 2 -6
13 0 8
13 -7 1
13 8 1
13 7 2
13 5 -4
13 1 8
13 0 9
13 -1 -8
13 -4 5
13 10 0
13 6 -4
13 4 -6
13 2 -8
13 10 1
13 3 8
13 3 -8
13 1 -10
13 -4 -7
13 -7 -4
13 9 3
13 5 7
13 3 -9
13 -2 10
13 -5 7
13 11 2
13 8 5
13 6 -7
13 -5 -8
13 -6 -7
13 -9 4
13 11 -3
13 8 6
13 -4 -10
13 -5 9
13 -5 -9
13 -6 -8
13 -8 -6
13 -10 4
13 9 6
13 8 7
13 -5 -10
13 10 6
13 8 -8
13 6 10
13 -6 10
13 -6 -10
13 -10 6
13 9 8
13 7 10
13 7 -10
13 -9 -8
13 -10 -7
13 11 -7
13 -8 10
13 -10 8
13 9 10
13 8 11
13 -10 9
13 11 9
13 11 -10
14 1 0
14 0 -2
14 3 0
14 2 1
14 -3 0
14 3 -1
14 0 -4
14 4 1
14 3 2
14 -3 2
14 6 0
14 5 -1
14 0 -6
14 -2 -4
14 6 1
14 5 -2
14 0 -7
14 -4 3
14 4 4
14 3 5
14 2 -6
14 0 8
14 -7 1
14 8 1
14 7 2
14 5 -4
14 1 8
14 0 9
14 -1 -8
14 -4 5
14 10 0
14 6 -4
14 4 -6
14 2 -8
14 10 1
14 3 8
14 3 -8
14 1 -10
14 -4 -7
14 -7 -4
14 9 3
14 5 7
14 3 -9
14 -2 10
14 -5 7
14 11 2
14 8 5
14 6 -7
14 -5 -8
14 -6 -7
14 -9 4
14 11 -3
14 8 6
14 -4 -10
14 -5 9
14 -5 -9
14 -6 -8
14 -8 -6
14 -10 4
14 9 6
14 8 7
14 -5 -10
14 10 6
14 8 -8
14 6 10
14 -6 10
14 -6 -10
14 -10 6
14 9 8
14 7 10
14 7 -10
14 -9 -8
14 -10 -7
14 11 -7
14 -8 10
14 -10 8
14 9 10
14 8 11
14 -10 9
14 11 9
14 11 -10
15 1 0
15 0 -2
15 3 0
15 2 1
15 -3 0
15 3 -1
15 0 -4
15 4 1
15 3 2
15 -3 2
15 6 0
15 5 -1
15 -2 -4
15 6 1
15 5 -2
15 0 -7
15 -4 3
15 4 4
15 3 5
15 2 -6
15 0 8
15 -7 1
15 8 1
15 7 2
15 5 -4
15 1 8
15 0 9
15 -1 -8
15 -4 5
15 10 0
15 6 -4
15 4 -6
15 2 -8
15 10 1
15 3 8
15 3 -8
15 1 -10
15 -4 -7
15 -7 -4
15 9 3
15 5 7
15 3 -9
15 -2 10
15 -5 7
15 11 2
15 8 5
15 6 -7
15 -5 -8
15 -6 -7
15 -9 4
15 11 -3
15 8 6
15 -4 -10
15 -5 9
15 -5 -9
15 -6 -8
15 -8 -6
15 -10 4
15 9 6
15 8 7
15 -5 -10
15 10 6
15 8 -8
15 6 10
15 -6 10
15 -6 -10
15 -10 6
15 9 8
15 7 10
15 7 -10
15 -9 -8
15 -10 -7
15 11 -7
15 -8 10
15 -10 8
15 9 10
15 8 11
15 -10 9
15 11 9
15 11 -10
16 1 0
16 0 -2
16 3 0
16 2 1
16 3 -1
16 0 -4
16 4 1
16 3 2
16 -3 2
16 6 0
16 5 -1
16 -2 -4
16 6 1
16 5 -2
16 0 -7
16 -4 3
16 4 4
16 3 5
16 2 -6
16 0 8
16 -7 1
16 8 1
16 7 2
16 5 -4
16 1 8
16 0 9
16 -1 -8
16 -4 5
16 10 0
16 6 -4
16 4 -6
16 2 -8
16 10 1
16 3 8
16 3 -8
16 1 -10
16 -4 -7
16 -7 -4
16 9 3
16 5 7
16 3 -9
16 -2 10
16 -5 7
16 11 2
16 8 5
16 6 -7
16 -5 -8
16 -6 -7
16 -9 4
16 11 -3
16 8 6
16 -4 -10
16 -5 9
16 -5 -9
16 -6 -8
16 -8 -6
16 -10 4
16 9 6
16 8 7
16 -5 -10
16 10 6
16 8 -8
16 6 10
16 -6 10
16 -6 -10
16 -10 6
16 9 8
16 7 10
16 7 -10
16 -9 -8
16 -10 -7
16 11 -7
16 -8 10
16 -10 8
16 9 10
16 8 11
16 -10 9
16 11 9
16 11 -10
17 1 0
17 0 -2
17 3 0
17 2 1
17 3 -1
17 0 -4
17 4 1
17 3 2
17 -3 2
17 6 0
17 5 -1
17 -2 -4
17 6 1
17 5 -2
17 0 -7
17 4 4
17 3 5
17 2 -6
17 0 8
17 -7 1
17 8 1
17 7 2
17 5 -4
17 1 8
17 0 9
17 -1 -8
17 -4 5
17 10 0
17 6 -4
17 4 -6
17 2 -8
17 10 1
17 3 8
17 3 -8
17 1 -10
17 -4 -7
17 -7 -4
17 9 3
17 5 7
17 3 -9
17 -2 10
17 -5 7
17 11 2
17 8 5
17 6 -7
17 -5 -8
17 -6 -7
17 -9 4
17 11 -3
17 8 6
17 -4 -10
17 -5 9
17 -5 -9
17 -6 -8
17 -8 -6
17 -10 4
17 9 6
17 8 7
17 -5 -10
17 10 6
17 8 -8
17 6 10
17 -6 10
17 -6 -10
17 -10 6
17 9 8
17 7 10
17 7 -10
17 -9 -8
17 -10 -7
17 11 -7
17 -8 10
17 -10 8
17 9 10
17 8 11
17 -10 9
17 11 9
17 11 -10
18 1 0
18 0 -2
18 3 0
18 2 1
18 3 -1
18 0 -4
18 4 1
18 3 2
18 -3 2
18 6 0
18 5 -1
18 -2 -4
18 6 1
18 5 -2
18 0 -7
18 4 4
18 3 5
18 2 -6
18 0 8
18 -7 1
18 8 1
18 7 2
18 5 -4
18 1 8
18 0 9
18 -1 -8
18 -4 5
18 10 0
18 6 -4
18 4 -6
18 2 -8
18 10 1
18 3 8
18 3 -8
18 1 -10
18 -4 -7
18 -7 -4
18 5 7
18 3 -9
18 -2 10
18 -5 7
18 11 2
18 8 5
18 6 -7
18 -5 -8
18 -6 -7
18 -9 4
18 11 -3
18 8 6
18 -4 -10
18 -5 9
18 -5 -9
18 -6 -8
18 -8 -6
18 -10 4
18 9 6
18 8 7
18 -5 -10
18 10 6
18 8 -8
18 6 10
18 -6 10
18 -6 -10
18 -10 6
18 9 8
18 7 10
18 7 -10
18 -9 -8
18 -10 -7
18 11 -7
18 -8 10
18 -10 8
18 9 10
18 8 11
18 -10 9
18 11 9
18 11 -10
19 1 0
19 0 -2
19 3 0
19 2 1
19 3 -1
19 0 -4
19 4 1
19 3 2
19 -3 2
19 6 0
19 5 -1
19 -2 -4
19 6 1
19 5 -2
19 0 -7
19 4 4
19 3 5
19 2 -6
19 0 8
19 -7 1
19 8 1
19 7 2
19 5 -4
19 1 8
19 0 9
19 -1 -8
19 -4 5
19 10 0
19 6 -4
19 4 -6
19 10 1
19 3 8
19 3 -8
19 1 -10
19 -4 -7
19 -7 -4
19 5 7
19 3 -9
19 -2 10
19 -5 7
19 11 2
19 8 5
19 6 -7
19 -5 -8
19 -6 -7
19 -9 4
19 11 -3
19 8 6
19 -4 -10
19 -5 9
19 -5 -9
19 -6 -8
19 -8 -6
19 -10 4
19 9 6
19 8 7
19 -5 -10
19 10 6
19 8 -8
19 6 10
19 -6 10
19 -6 -10
19 -10 6
19 9 8
19 7 10
19 7 -10
19 -9 -8
19 -10 -7
19 11 -7
19 -8 10
19 -10 8
19 9 10
19 8 11
19 -10 9
19 11 9
19 11 -10
20 1 0
20 0 -2
20 3 0
20 2 1
20 3 -1
20 0 -4
20 4 1
20 3 2
20 -3 2
20 6 0
20 5 -1
20 -2 -4
20 6 1
20 5 -2
20 0 -7
20 4 4
20 3 5
20 2 -6
20 0 8
20 -7 1
20 8 1
20 7 2
20 5 -4
20 1 8
20 0 9
20 -1 -8
20 -4 5
20 10 0
20 6 -4
20 4 -6
20 10 1
20 3 8
20 3 -8
20 1 -10
20 -4 -7
20 -7 -4
20 5 7
20 3 -9
20 -2 10
20 -5 7
20 11 2
20 8 5
20 6 -7
20 -5 -8
20 -6 -7
20 -9 4
20 8 6
20 -4 -10
20 -5 9
20 -5 -9
20 -6 -8
20 -8 -6
20 -10 4
20 9 6
20 8 7
20 -5 -10
20 10 6
20 8 -8
20 6 10
20 -6 10
20 -6 -10
20 -10 6
20 9 8
20 7 10
20 7 -10
20 -9 -8
20 -10 -7
20 11 -7
20 -8 10
20 -10 8
20 9 10
20 8 11
20 -10 9
20 11 9
20 11 -10
21 1 0
21 0 -2
21 3 0
21 2 1
21 3 -1
21 0 -4
21 4 1
21 3 2
21 -3 2
21 6 0
21 5 -1
21 -2 -4
21 6 1
21 5 -2
21 0 -7
21 4 4
21 3 5
21 2 -6
21 0 8
21 -7 1
21 8 1
21 7 2
21 5 -4
21 1 8
21 0 9
21 -1 -8
21 -4 5
21 10 0
21 6 -4
21 4 -6
21 10 1
21 3 8
21 3 -8
21 1 -10
21 -4 -7
21 -7 -4
21 5 7
21 3 -9
21 -2 10
21 -5 7
21 11 2
21 8 5
21 6 -7
21 -5 -8
21 -6 -7
21 8 6
21 -4 -10
21 -5 9
21 -5 -9
21 -6 -8
21 -8 -6
21 -10 4
21 9 6
21 8 7
21 -5 -10
21 10 6
21 8 -8
21 6 10
21 -6 10
21 -6 -10
21 -10 6
21 9 8
21 7 10
21 7 -10
21 -9 -8
21 -10 -7
21 11 -7
21 -8 10
21 -10 8
21 9 10
21 8 11
21 -10 9
21 11 9
21 11 -10
22 1 0
22 0 -2
22 3 0
22 2 1
22 3 -1
22 0 -4
22 4 1
22 3 2
22 -3 2
22 6 0
22 5 -1
22 -2 -4
22 6 1
22 5 -2
22 0 -7
22 4 4
22 3 5
22 2 -6
22 0 8
22 -7 1
22 8 1
22 7 2
22 5 -4
22 1 8
22 0 9
22 -1 -8
22 -4 5
22 10 0
22 6 -4
22 4 -6
22 10 1
22 3 -8
22 1 -10
22 -4 -7
22 -7 -4
22 5 7
22 3 -9
22 -2 10
22 -5 7
22 11 2
22 8 5
22 6 -7
22 -5 -8
22 -6 -7
22 8 6
22 -4 -10
22 -5 9
22 -5 -9
22 -6 -8
22 -8 -6
22 -10 4
22 9 6
22 8 7
22 -5 -10
22 10 6
22 8 -8
22 6 10
22 -6 10
22 -6 -10
22 -10 6
22 9 8
22 7 10
22 7 -10
22 -9 -8
22 -10 -7
22 11 -7
22 -8 10
22 -10 8
22 9 10
22 8 11
22 -10 9
22 11 9
22 11 -10
23 0 -2
23 3 0
23 2 1
23 3 -1
23 0 -4
23 4 1
23 3 2
23 -3 2
23 6 0
23 5 -1
23 -2 -4
23 6 1
23 5 -2
23 0 -7
23 4 4
23 3 5
23 2 -6
23 0 8
23 -7 1
23 8 1
23 7 2
23 5 -4
23 1 8
23 0 9
23 -1 -8
23 -4 5
23 10 0
23 6 -4
23 4 -6
23 10 1
23 3 -8
23 1 -10
23 -4 -7
23 -7 -4
23 5 7
23 3 -9
23 -2 10
23 -5 7
23 11 2
23 8 5
23 6 -7
23 -5 -8
23 -6 -7
23 8 6
23 -4 -10
23 -5 9
23 -5 -9
23 -6 -8
23 -8 -6
23 -10 4
23 9 6
23 8 7
23 -5 -10
23 10 6
23 8 -8
23 6 10
23 -6 10
23 -6 -10
23 -10 6
23 9 8
23 7 10
23 7 -10
23 -9 -8
23 -10 -7
23 11 -7
23 -8 10
23 -10 8
23 9 10
23 8 11
23 -10 9
23 11 9
23 11 -10
24 0 -2
24 3 0
24 2 1
24 3 -1
24 0 -4
24 4 1
24 3 2
24 -3 2
24 6 0
24 5 -1
24 -2 -4
24 6 1
24 5 -2
24 0 -7
24 4 4
24 3 5
24 2 -6
24 0 8
24 -7 1
24 8 1
24 7 2
24 1 8
24 0 9
24 -1 -8
24 -4 5
24 10 0
24 6 -4
24 4 -6
24 10 1
24 3 -8
24 1 -10
24 -4 -7
24 -7 -4
24 5 7
24 3 -9
24 -2 10
24 -5 7
24 11 2
24 8 5
24 6 -7
24 -5 -8
24 -6 -7
24 8 6
24 -4 -10
24 -5 9
24 -5 -9
24 -6 -8
24 -8 -6
24 -10 4
24 9 6
24 8 7
24 -5 -10
24 10 6
24 8 -8
24 6 10
24 -6 10
24 -6 -10
24 -10 6
24 9 8
24 7 10
24 7 -10
24 -9 -8
24 -10 -7
24 11 -7
24 -8 10
24 -10 8
24 9 10
24 8 11
24 -10 9
24 11 9
24 11 -10
25 0 -2
25 3 0
25 2 1
25 3 -1
25 0 -4
25 4 1
25 3 2
25 -3 2
25 6 0
25 5 -1
25 -2 -4
25 6 1
25 5 -2
25 0 -7
25 4 4
25 3 5
25 2 -6
25 0 8
25 -7 1
25 8 1
25 7 2
25 1 8
25 0 9
25 -1 -8
25 -4 5
25 10 0
25 6 -4
25 4 -6
25 10 1
25 3 -8
25 1 -10
25 -4 -7
25 -7 -4
25 5 7
25 3 -9
25 -2 10
25 -5 7
25 8 5
25 6 -7
25 -5 -8
25 -6 -7
25 8 6
25 -4 -10
25 -5 9
25 -5 -9
25 -6 -8
25 -8 -6
25 -10 4
25 9 6
25 8 7
25 -5 -10
25 10 6
25 8 -8
25 6 10
25 -6 10
25 -6 -10
25 -10 6
25 9 8
25 7 10
25 7 -10
25 -9 -8
25 -10 -7
25 11 -7
25 -8 10
25 -10 8
25 9 10
25 8 11
25 -10 9
25 11 9
25 11 -10
26 0 -2
26 3 0
26 2 1
26 3 -1
26 0 -4
26 4 1
26 3 2
26 -3 2
26 6 0
26 5 -1
26 -2 -4
26 6 1
26 5 -2
26 0 -7
26 4 4
26 3 5
26 2 -6
26 0 8
26 -7 1
26 8 1
26 7 2
26 1 8
26 0 9
26 -1 -8
26 -4 5
26 10 0
26 6 -4
26 4 -6
26 10 1
26 3 -8
26 1 -10
26 -4 -7
26 -7 -4
26 3 -9
26 -2 10
26 -5 7
26 8 5
26 6 -7
26 -5 -8
26 -6 -7
26 8 6
26 -4 -10
26 -5 9
26 -5 -9
26 -6 -8
26 -8 -6
26 -10 4
26 9 6
26 8 7
26 -5 -10
26 10 6
26 8 -8
26 6 10
26 -6 10
26 -6 -10
26 -10 6
26 9 8
26 7 10
26 7 -10
26 -9 -8
26 -10 -7
26 11 -7
26 -8 10
26 -10 8
26 9 10
26 8 11
26 -10 9
26 11 9
26 11 -10
27 0 -2
27 2 1
27 3 -1
27 0 -4
27 4 1
27 3 2
27 -3 2
27 6 0
27 5 -1
27 -2 -4
27 6 1
27 5 -2
27 0 -7
27 4 4
27 3 5
27 2 -6
27 0 8
27 -7 1
27 8 1
27 7 2
27 1 8
27 0 9
27 -1 -8
27 -4 5
27 10 0
27 6 -4
27 4 -6
27 10 1
27 3 -8
27 1 -10
27 -4 -7
27 -7 -4
27 3 -9
27 -2 10
27 -5 7
27 8 5
27 6 -7
27 -5 -8
27 -6 -7
27 8 6
27 -4 -10
27 -5 9
27 -5 -9
27 -6 -8
27 -8 -6
27 -10 4
27 9 6
27 8 7
27 -5 -10
27 10 6
27 8 -8
27 6 10
27 -6 10
27 -6 -10
27 -10 6
27 9 8
27 7 10
27 7 -10
27 -9 -8
27 -10 -7
27 11 -7
27 -8 10
27 -10 8
27 9 10
27 8 11
27 -10 9
27 11 9
27 11 -10
28 0 -2
28 2 1
28 3 -1
28 4 1
28 3 2
28 -3 2
28 6 0
28 5 -1
28 -2 -4
28 6 1
28 5 -2
28 0 -7
28 4 4
28 3 5
28 2 -6
28 0 8
28 -7 1
28 8 1
28 7 2
28 1 8
28 0 9
28 -1 -8
28 -4 5
28 10 0
28 6 -4
28 4 -6
28 10 1
28 3 -8
28 1 -10
28 -4 -7
28 -7 -4
28 3 -9
28 -2 10
28 -5 7
28 8 5
28 6 -7
28 -5 -8
28 -6 -7
28 8 6
28 -4 -10
28 -5 9
28 -5 -9
28 -6 -8
28 -8 -6
28 -10 4
28 9 6
28 8 7
28 -5 -10
28 10 6
28 8 -8
28 6 10
28 -6 10
28 -6 -10
28 -10 6
28 9 8
28 7 10
28 7 -10
28 -9 -8
28 -10 -7
28 11 -7
28 -8 10
28 -10 8
28 9 10
28 8 11
28 -10 9
28 11 9
28 11 -10
29 0 -2
29 2 1
29 3 -1
29 4 1
29 3 2
29 -3 2
29 6 0
29 5 -1
29 -2 -4
29 6 1
29 5 -2
29 0 -7
29 4 4
29 3 5
29 2 -6
29 0 8
29 -7 1
29 8 1
29 7 2
29 1 8
29 0 9
29 -4 5
29 10 0
29 6 -4
29 4 -6
29 10 1
29 3 -8
29 1 -10
29 -4 -7
29 -7 -4
29 3 -9
29 -2 10
29 -5 7
29 8 5
29 6 -7
29 -5 -8
29 -6 -7
29 8 6
29 -4 -10
29 -5 9
29 -5 -9
29 -6 -8
29 -8 -6
29 -10 4
29 9 6
29 8 7
29 -5 -10
29 10 6
29 8 -8
29 6 10
29 -6 10
29 -6 -10
29 -10 6
29 9 8
29 7 10
29 7 -10
29 -9 -8
29 -10 -7
29 11 -7
29 -8 10
29 -10 8
29 9 10
29 8 11
29 -10 9
29 11 9
29 11 -10
30 0 -2
30 2 1
30 3 -1
30 4 1
30 3 2
30 -3 2
30 6 0
30 5 -1
30 -2 -4
30 6 1
30 5 -2
30 0 -7
30 4 4
30 3 5
30 2 -6
30 0 8
30 -7 1
30 8 1
30 7 2
30 1 8
30 0 9
30 -4 5
30 10 0
30 6 -4
30 4 -6
30 10 1
30 3 -8
30 1 -10
30 -4 -7
30 -7 -4
30 3 -9
30 -2 10
30 -5 7
30 8 5
30 6 -7
30 -5 -8
30 -6 -7
30 8 6
30 -4 -10
30 -5 9
30 -5 -9
30 -6 -8
30 -8 -6
30 -10 4
30 9 6
30 8 7
30 -5 -10
30 10 6
30 8 -8
30 6 10
30 -6 10
30 -6 -10
30 -10 6
30 9 8
30 7 10
30 7 -10
30 -9 -8
30 -10 -7
30 11 -7
30 -8 10
30 9 10
30 8 11
30 -10 9
30 11 9
30 11 -10
31 0 -2
31 2 1
31 3 -1
31 4 1
31 3 2
31 -3 2
31 6 0
31 5 -1
31 -2 -4
31 6 1
31 5 -2
31 0 -7
31 4 4
31 3 5
31 2 -6
31 0 8
31 -7 1
31 8 1
31 7 2
31 1 8
31 0 9
31 -4 5
31 10 0
31 6 -4
31 4 -6
31 10 1
31 3 -8
31 1 -10
31 -4 -7
31 -7 -4
31 3 -9
31 -2 10
31 8 5
31 6 -7
31 -5 -8
31 -6 -7
31 8 6
31 -4 -10
31 -5 9
31 -5 -9
31 -6 -8
31 -8 -6
31 -10 4
31 9 6
31 8 7
31 -5 -10
31 10 6
31 8 -8
31 6 10
31 -6 10
31 -6 -10
31 -10 6
31 9 8
31 7 10
31 7 -10
31 -9 -8
31 -10 -7
31 11 -7
31 -8 10
31 9 10
31 8 11
31 -10 9
31 11 9
31 11 -10
32 0 -2
32 2 1
32 3 -1
32 4 1
32 3 2
32 -3 2
32 6 0
32 5 -1
32 -2 -4
32 6 1
32 5 -2
32 0 -7
32 4 4
32 3 5
32 2 -6
32 0 8
32 -7 1
32 8 1
32 7 2
32 1 8
32 0 9
32 -4 5
32 10 0
32 6 -4
32 4 -6
32 10 1
32 3 -8
32 1 -10
32 -4 -7
32 -7 -4
32 3 -9
32 -2 10
32 8 5
32 6 -7
32 -5 -8
32 -6 -7
32 8 6
32 -4 -10
32 -5 9
32 -5 -9
32 -6 -8
32 -8 -6
32 9 6
32 8 7
32 -5 -10
32 10 6
32 8 -8
32 6 10
32 -6 10
32 -6 -10
32 -10 6
32 9 8
32 7 10
32 7 -10
32 -9 -8
32 -10 -7
32 11 -7
32 -8 10
32 9 10
32 8 11
32 -10 9
32 11 9
32 11 -10
33 0 -2
33 2 1
33 3 -1
33 4 1
33 -3 2
33 6 0
33 5 -1
33 -2 -4
33 6 1
33 5 -2
33 0 -7
33 4 4
33 3 5
33 2 -6
33 0 8
33 -7 1
33 8 1
33 7 2
33 1 8
33 0 9
33 -4 5
33 10 0
33 6 -4
33 4 -6
33 10 1
33 3 -8
33 1 -10
33 -4 -7
33 -7 -4
33 3 -9
33 -2 10
33 8 5
33 6 -7
33 -5 -8
33 -6 -7
33 8 6
33 -4 -10
33 -5 9
33 -5 -9
33 -6 -8
33 -8 -6
33 9 6
33 8 7
33 -5 -10
33 10 6
33 8 -8
33 6 10
33 -6 10
33 -6 -10
33 -10 6
33 9 8
33 7 10
33 7 -10
33 -9 -8
33 -10 -7
33 11 -7
33 -8 10
33 9 10
33 8 11
33 -10 9
33 11 9
33 11 -10
34 0 -2
34 2 1
34 3 -1
34 4 1
34 -3 2
34 6 0
34 5 -1
34 -2 -4
34 6 1
34 5 -2
34 0 -7
34 4 4
34 3 5
34 2 -6
34 0 8
34 -7 1
34 8 1
34 7 2
34 1 8
34 0 9
34 -4 5
34 10 0
34 6 -4
34 4 -6
34 10 1
34 3 -8
34 1 -10
34 -4 -7
34 -7 -4
34 3 -9
34 -2 10
34 8 5
34 6 -7
34 -5 -8
34 -6 -7
34 8 6
34 -4 -10
34 -5 9
34 -5 -9
34 -6 -8
34 -8 -6
34 9 6
34 8 7
34 -5 -10
34 10 6
34 8 -8
34 -6 10
34 -6 -10
34 -10 6
34 9 8
34 7 10
34 7 -10
34 -9 -8
34 -10 -7
34 11 -7
34 -8 10
34 9 10
34 8 11
34 -10 9
34 11 9
34 11 -10
35 0 -2
35 2 1
35 3 -1
35 4 1
35 -3 2
35 6 0
35 5 -1
35 -2 -4
35 6 1
35 5 -2
35 0 -7
35 4 4
35 3 5
35 2 -6
35 0 8
35 -7 1
35 8 1
35 1 8
35 0 9
35 -4 5
35 10 0
35 6 -4
35 4 -6
35 10 1
35 3 -8
35 1 -10
35 -4 -7
35 -7 -4
35 3 -9
35 -2 10
35 8 5
35 6 -7
35 -5 -8
35 -6 -7
35 8 6
35 -4 -10
35 -5 9
35 -5 -9
35 -6 -8
35 -8 -6
35 9 6
35 8 7
35 -5 -10
35 10 6
35 8 -8
35 -6 10
35 -6 -10
35 -10 6
35 9 8
35 7 10
35 7 -10
35 -9 -8
35 -10 -7
35 11 -7
35 -8 10
35 9 10
35 8 11
35 -10 9
35 11 9
35 11 -10
36 0 -2
36 2 1
36 3 -1
36 4 1
36 -3 2
36 6 0
36 5 -1
36 -2 -4
36 6 1
36 5 -2
36 0 -7
36 4 4
36 3 5
36 2 -6
36 0 8
36 -7 1
36 8 1
36 1 8
36 0 9
36 -4 5
36 10 0
36 6 -4
36 4 -6
36 10 1
36 3 -8
36 1 -10
36 -4 -7
36 -7 -4
36 3 -9
36 -2 10
36 8 5
36 6 -7
36 -5 -8
36 -6 -7
36 8 6
36 -5 9
36 -5 -9
36 -6 -8
36 -8 -6
36 9 6
36 8 7
36 -5 -10
36 10 6
36 8 -8
36 -6 10
36 -6 -10
36 -10 6
36 9 8
36 7 10
36 7 -10
36 -9 -8
36 -10 -7
36 11 -7
36 -8 10
36 9 10
36 8 11
36 -10 9
36 11 9
36 11 -10
37 0 -2
37 2 1
37 3 -1
37 4 1
37 -3 2
37 6 0
37 5 -1
37 -2 -4
37 6 1
37 5 -2
37 0 -7
37 4 4
37 3 5
37 2 -6
37 0 8
37 -7 1
37 8 1
37 1 8
37 0 9
37 -4 5
37 10 0
37 6 -4
37 4 -6
37 10 1
37 3 -8
37 1 -10
37 -4 -7
37 -7 -4
37 -2 10
37 8 5
37 6 -7
37 -5 -8
37 -6 -7
37 8 6
37 -5 9
37 -5 -9
37 -6 -8
37 -8 -6
37 9 6
37 8 7
37 -5 -10
37 10 6
37 8 -8
37 -6 10
37 -6 -10
37 -10 6
37 9 8
37 7 10
37 7 -10
37 -9 -8
37 -10 -7
37 11 -7
37 -8 10
37 9 10
37 8 11
37 -10 9
37 11 9
37 11 -10
38 0 -2
38 2 1
38 3 -1
38 4 1
38 -3 2
38 6 0
38 5 -1
38 -2 -4
38 6 1
38 5 -2
38 0 -7
38 4 4
38 3 5
38 2 -6
38 0 8
38 -7 1
38 8 1
38 1 8
38 0 9
38 -4 5
38 10 0
38 6 -4
38 4 -6
38 10 1
38 3 -8
38 1 -10
38 -4 -7
38 -7 -4
38 -2 10
38 8 5
38 6 -7
38 -5 -8
38 -6 -7
38 -5 9
38 -5 -9
38 -6 -8
38 -8 -6
38 9 6
38 8 7
38 -5 -10
38 10 6
38 8 -8
38 -6 10
38 -6 -10
38 -10 6
38 9 8
38 7 10
38 7 -10
38 -9 -8
38 -10 -7
38 11 -7
38 -8 10
38 9 10
38 8 11
38 -10 9
38 11 9
38 11 -10
39 0 -2
39 2 1
39 3 -1
39 4 1
39 -3 2
39 6 0
39 5 -1
39 -2 -4
39 6 1
39 5 -2
39 0 -7
39 4 4
39 3 5
39 2 -6
39 0 8
39 -7 1
39 8 1
39 1 8
39 0 9
39 -4 5
39 10 0
39 6 -4
39 4 -6
39 10 1
39 3 -8
39 1 -10
39 -4 -7
39 -7 -4
39 -2 10
39 8 5
39 6 -7
39 -6 -7
39 -5 9
39 -5 -9
39 -6 -8
39 -8 -6
39 9 6
39 8 7
39 -5 -10
39 10 6
39 8 -8
39 -6 10
39 -6 -10
39 -10 6
39 9 8
39 7 10
39 7 -10
39 -9 -8
39 -10 -7
39 11 -7
39 -8 10
39 9 10
39 8 11
39 -10 9
39 11 9
39 11 -10
40 0 -2
40 2 1
40 3 -1
40 4 1
40 -3 2
40 6 0
40 5 -1
40 -2 -4
40 6 1
40 5 -2
40 0 -7
40 4 4
40 3 5
40 2 -6
40 0 8
40 -7 1
40 8 1
40 1 8
40 0 9
40 -4 5
40 10 0
40 6 -4
40 4 -6
40 10 1
40 3 -8
40 1 -10
40 -4 -7
40 -7 -4
40 -2 10
40 8 5
40 6 -7
40 -6 -7
40 -5 9
40 -5 -9
40 -6 -8
40 -8 -6
40 9 6
40 8 7
40 -5 -10
40 8 -8
40 -6 10
40 -6 -10
40 -10 6
40 9 8
40 7 10
40 7 -10
40 -9 -8
40 -10 -7
40 11 -7
40 -8 10
40 9 10
40 8 11
40 -10 9
40 11 9
40 11 -10
41 0 -2
41 2 1
41 3 -1
41 4 1
41 -3 2
41 6 0
41 5 -1
41 -2 -4
41 6 1
41 5 -2
41 0 -7
41 4 4
41 3 5
41 2 -6
41 0 8
41 8 1
41 1 8
41 0 9
41 -4 5
41 10 0
41 6 -4
41 4 -6
41 10 1
41 3 -8
41 1 -10
41 -4 -7
41 -7 -4
41 -2 10
41 8 5
41 6 -7
41 -6 -7
41 -5 9
41 -5 -9
41 -6 -8
41 -8 -6
41 9 6
41 8 7
41 -5 -10
41 8 -8
41 -6 10
41 -6 -10
41 -10 6
41 9 8
41 7 10
41 7 -10
41 -9 -8
41 -10 -7
41 11 -7
41 -8 10
41 9 10
41 8 11
41 -10 9
41 11 9
41 11 -10
42 0 -2
42 2 1
42 3 -1
42 4 1
42 -3 2
42 6 0
42 5 -1
42 -2 -4
42 6 1
42 5 -2
42 0 -7
42 4 4
42 3 5
42 2 -6
42 0 8
42 8 1
42 1 8
42 0 9
42 -4 5
42 10 0
42 6 -4
42 4 -6
42 10 1
42 3 -8
42 1 -10
42 -4 -7
42 -7 -4
42 -2 10
42 8 5
42 6 -7
42 -6 -7
42 -5 9
42 -5 -9
42 -6 -8
42 -8 -6
42 9 6
42 8 7
42 -5 -10
42 8 -8
42 -6 10
42 -6 -10
42 -10 6
42 9 8
42 7 10
42 7 -10
42 -9 -8
42 -10 -7
42 11 -7
42 -8 10
42 9 10
42 -10 9
42 11 9
42 11 -10
43 0 -2
43 2 1
43 3 -1
43 4 1
43 -3 2
43 6 0
43 5 -1
43 -2 -4
43 6 1
43 5 -2
43 0 -7
43 4 4
43 3 5
43 2 -6
43 0 8
43 8 1
43 1 8
43 0 9
43 -4 5
43 10 0
43 6 -4
43 4 -6
43 3 -8
43 1 -10
43 -4 -7
43 -7 -4
43 -2 10
43 8 5
43 6 -7
43 -6 -7
43 -5 9
43 -5 -9
43 -6 -8
43 -8 -6
43 9 6
43 8 7
43 -5 -10
43 8 -8
43 -6 10
43 -6 -10
43 -10 6
43 9 8
43 7 10
43 7 -10
43 -9 -8
43 -10 -7
43 11 -7
43 -8 10
43 9 10
43 -10 9
43 11 9
43 11 -10
44 0 -2
44 3 -1
44 4 1
44 -3 2
44 6 0
44 5 -1
44 -2 -4
44 6 1
44 5 -2
44 0 -7
44 4 4
44 3 5
44 2 -6
44 0 8
44 8 1
44 1 8
44 0 9
44 -4 5
44 10 0
44 6 -4
44 4 -6
44 3 -8
44 1 -10
44 -4 -7
44 -7 -4
44 -2 10
44 8 5
44 6 -7
44 -6 -7
44 -5 9
44 -5 -9
44 -6 -8
44 -8 -6
44 9 6
44 8 7
44 -5 -10
44 8 -8
44 -6 10
44 -6 -10
44 -10 6
44 9 8
44 7 10
44 7 -10
44 -9 -8
44 -10 -7
44 11 -7
44 -8 10
44 9 10
44 -10 9
44 11 9
44 11 -10
45 0 -2
45 3 -1
45 4 1
45 -3 2
45 6 0
45 5 -1
45 -2 -4
45 6 1
45 5 -2
45 0 -7
45 4 4
45 3 5
45 2 -6
45 0 8
45 8 1
45 1 8
45 0 9
45 -4 5
45 10 0
45 6 -4
45 4 -6
45 3 -8
45 1 -10
45 -4 -7
45 -7 -4
45 -2 10
45 8 5
45 6 -7
45 -6 -7
45 -5 9
45 -5 -9
45 -6 -8
45 -8 -6
45 9 6
45 8 7
45 -5 -10
45 8 -8
45 -6 10
45 -6 -10
45 -10 6
45 9 8
45 7 10
45 7 -10
45 -9 -8
45 -10 -7
45 11 -7
45 -8 10
45 9 10
45 11 9
45 11 -10
46 0 -2
46 3 -1
46 -3 2
46 6 0
46 5 -1
46 -2 -4
46 6 1
46 5 -2
46 0 -7
46 4 4
46 3 5
46 2 -6
46 0 8
46 8 1
46 1 8
46 0 9
46 -4 5
46 10 0
46 6 -4
46 4 -6
46 3 -8
46 1 -10
46 -4 -7
46 -7 -4
46 -2 10
46 8 5
46 6 -7
46 -6 -7
46 -5 9
46 -5 -9
46 -6 -8
46 -8 -6
46 9 6
46 8 7
46 -5 -10
46 8 -8
46 -6 10
46 -6 -10
46 -10 6
46 9 8
46 7 10
46 7 -10
46 -9 -8
46 -10 -7
46 11 -7
46 -8 10
46 9 10
46 11 9
46 11 -10
47 0 -2
47 3 -1
47 -3 2
47 6 0
47 5 -1
47 -2 -4
47 6 1
47 5 -2
47 0 -7
47 4 4
47 3 5
47 2 -6
47 0 8
47 8 1
47 1 8
47 0 9
47 -4 5
47 10 0
47 6 -4
47 4 -6
47 3 -8
47 1 -10
47 -4 -7
47 -7 -4
47 8 5
47 6 -7
47 -6 -7
47 -5 9
47 -5 -9
47 -6 -8
47 -8 -6
47 9 6
47 8 7
47 -5 -10
47 8 -8
47 -6 10
47 -6 -10
47 -10 6
47 9 8
47 7 10
47 7 -10
47 -9 -8
47 -10 -7
47 11 -7
47 -8 10
47 9 10
47 11 9
47 11 -10
48 0 -2
48 3 -1
48 -3 2
48 6 0
48 5 -1
48 -2 -4
48 6 1
48 5 -2
48 0 -7
48 4 4
48 3 5
48 2 -6
48 0 8
48 8 1
48 1 8
48 0 9
48 -4 5
48 10 0
48 6 -4
48 4 -6
48 3 -8
48 -4 -7
48 -7 -4
48 8 5
48 6 -7
48 -6 -7
48 -5 9
48 -5 -9
48 -6 -8
48 -8 -6
48 9 6
48 8 7
48 -5 -10
48 8 -8
48 -6 10
48 -6 -10
48 -10 6
48 9 8
48 7 10
48 7 -10
48 -9 -8
48 -10 -7
48 11 -7
48 -8 10
48 9 10
48 11 9
48 11 -10
49 0 -2
49 3 -1
49 -3 2
49 6 0
49 5 -1
49 -2 -4
49 5 -2
49 0 -7
49 4 4
49 3 5
49 2 -6
49 0 8
49 8 1
49 1 8
49 0 9
49 -4 5
49 10 0
49 6 -4
49 4 -6
49 3 -8
49 -4 -7
49 -7 -4
49 8 5
49 6 -7
49 -6 -7
49 -5 9
49 -5 -9
49 -6 -8
49 -8 -6
49 9 6
49 8 7
49 -5 -10
49 8 -8
49 -6 10
49 -6 -10
49 -10 6
49 9 8
49 7 10
49 7 -10
49 -9 -8
49 -10 -7
49 11 -7
49 -8 10
49 9 10
49 11 9
49 11 -10
50 0 -2
50 3 -1
50 6 0
50 5 -1
50 -2 -4
50 5 -2
50 0 -7
50 4 4
50 3 5
50 2 -6
50 0 8
50 8 1
50 1 8
50 0 9
50 -4 5
50 10 0
50 6 -4
50 4 -6
50 3 -8
50 -4 -7
50 -7 -4
50 8 5
50 6 -7
50 -6 -7
50 -5 9
50 -5 -9
50 -6 -8
50 -8 -6
50 9 6
50 8 7
50 -5 -10
50 8 -8
50 -6 10
50 -6 -10
50 -10 6
50 9 8
50 7 10
50 7 -10
50 -9 -8
50 -10 -7
50 11 -7
50 -8 10
50 9 10
50 11 9
50 11 -10
51 0 -2
51 3 -1
51 6 0
51 5 -1
51 -2 -4
51 5 -2
51 0 -7
51 4 4
51 3 5
51 2 -6
51 0 8
51 8 1
51 1 8
51 0 9
51 -4 5
51 10 0
51 6 -4
51 4 -6
51 -4 -7
51 -7 -4
51 8 5
51 6 -7
51 -6 -7
51 -5 9
51 -5 -9
51 -6 -8
51 -8 -6
51 9 6
51 8 7
51 -5 -10
51 8 -8
51 -6 10
51 -6 -10
51 -10 6
51 9 8
51 7 10
51 7 -10
51 -9 -8
51 -10 -7
51 11 -7
51 -8 10
51 9 10
51 11 9
51 11 -10
52 0 -2
52 3 -1
52 6 0
52 5 -1
52 -2 -4
52 5 -2
52 0 -7
52 4 4
52 3 5
52 2 -6
52 0 8
52 8 1
52 1 8
52 0 9
52 10 0
52 6 -4
52 4 -6
52 -4 -7
52 -7 -4
52 8 5
52 6 -7
52 -6 -7
52 -5 9
52 -5 -9
52 -6 -8
52 -8 -6
52 9 6
52 8 7
52 -5 -10
52 8 -8
52 -6 10
52 -6 -10
52 -10 6
52 9 8
52 7 10
52 7 -10
52 -9 -8
52 -10 -7
52 11 -7
52 -8 10
52 9 10
52 11 9
52 11 -10
53 0 -2
53 3 -1
53 6 0
53 5 -1
53 -2 -4
53 5 -2
53 0 -7
53 4 4
53 3 5
53 2 -6
53 0 8
53 8 1
53 1 8
53 0 9
53 10 0
53 6 -4
53 4 -6
53 -4 -7
53 -7 -4
53 8 5
53 6 -7
53 -6 -7
53 -5 9
53 -5 -9
53 -6 -8
53 -8 -6
53 9 6
53 8 7
53 -5 -10
53 8 -8
53 -6 10
53 -6 -10
53 -10 6
53 7 10
53 7 -10
53 -9 -8
53 -10 -7
53 11 -7
53 -8 10
53 9 10
53 11 9
53 11 -10
54 0 -2
54 3 -1
54 6 0
54 5 -1
54 -2 -4
54 5 -2
54 0 -7
54 4 4
54 2 -6
54 0 8
54 8 1
54 1 8
54 0 9
54 10 0
54 6 -4
54 4 -6
54 -4 -7
54 -7 -4
54 8 5
54 6 -7
54 -6 -7
54 -5 9
54 -5 -9
54 -6 -8
54 -8 -6
54 9 6
54 8 7
54 -5 -10
54 8 -8
54 -6 10
54 -6 -10
54 -10 6
54 7 10
54 7 -10
54 -9 -8
54 -10 -7
54 11 -7
54 -8 10
54 9 10
54 11 9
54 11 -10
55 0 -2
55 3 -1
55 6 0
55 5 -1
55 -2 -4
55 5 -2
55 0 -7
55 4 4
55 2 -6
55 0 8
55 8 1
55 1 8
55 0 9
55 10 0
55 6 -4
55 4 -6
55 -7 -4
55 8 5
55 6 -7
55 -6 -7
55 -5 9
55 -5 -9
55 -6 -8
55 -8 -6
55 9 6
55 8 7
55 -5 -10
55 8 -8
55 -6 10
55 -6 -10
55 -10 6
55 7 10
55 7 -10
55 -9 -8
55 -10 -7
55 11 -7
55 -8 10
55 9 10
55 11 9
55 11 -10
56 0 -2
56 3 -1
56 6 0
56 5 -1
56 -2 -4
56 5 -2
56 0 -7
56 4 4
56 2 -6
56 0 8
56 8 1
56 1 8
56 0 9
56 10 0
56 6 -4
56 4 -6
56 -7 -4
56 8 5
56 6 -7
56 -6 -7
56 -5 9
56 -5 -9
56 -6 -8
56 -8 -6
56 9 6
56 8 7
56 8 -8
56 -6 10
56 -6 -10
56 -10 6
56 7 10
56 7 -10
56 -9 -8
56 -10 -7
56 11 -7
56 -8 10
56 9 10
56 11 9
56 11 -10
57 0 -2
57 3 -1
57 6 0
57 5 -1
57 -2 -4
57 5 -2
57 0 -7
57 4 4
57 2 -6
57 0 8
57 8 1
57 0 9
57 10 0
57 6 -4
57 4 -6
57 -7 -4
57 8 5
57 6 -7
57 -6 -7
57 -5 9
57 -5 -9
57 -6 -8
57 -8 -6
57 9 6
57 8 7
57 8 -8
57 -6 10
57 -6 -10
57 -10 6
57 7 10
57 7 -10
57 -9 -8
57 -10 -7
57 11 -7
57 -8 10
57 9 10
57 11 9
57 11 -10
58 0 -2
58 3 -1
58 6 0
58 5 -1
58 -2 -4
58 5 -2
58 0 -7
58 4 4
58 2 -6
58 0 8
58 8 1
58 0 9
58 10 0
58 6 -4
58 4 -6
58 -7 -4
58 8 5
58 6 -7
58 -6 -7
58 -5 9
58 -5 -9
58 -6 -8
58 -8 -6
58 9 6
58 8 7
58 8 -8
58 -6 10
58 -6 -10
58 -10 6
58 7 10
58 7 -10
58 -9 -8
58 -10 -7
58 -8 10
58 9 10
58 11 9
58 11 -10
59 0 -2
59 3 -1
59 6 0
59 5 -1
59 -2 -4
59 5 -2
59 0 -7
59 4 4
59 2 -6
59 0 8
59 8 1
59 0 9
59 10 0
59 6 -4
59 4 -6
59 -7 -4
59 8 5
59 6 -7
59 -6 -7
59 -5 9
59 -5 -9
59 -6 -8
59 -8 -6
59 9 6
59 8 7
59 8 -8
59 -6 10
59 -10 6
59 7 10
59 7 -10
59 -9 -8
59 -10 -7
59 -8 10
59 9 10
59 11 9
59 11 -10
60 0 -2
60 3 -1
60 6 0
60 5 -1
60 -2 -4
60 5 -2
60 0 -7
60 4 4
60 2 -6
60 0 8
60 8 1
60 0 9
60 10 0
60 6 -4
60 4 -6
60 -7 -4
60 8 5
60 6 -7
60 -5 9
60 -5 -9
60 -6 -8
60 -8 -6
60 9 6
60 8 7
60 8 -8
60 -6 10
60 -10 6
60 7 10
60 7 -10
60 -9 -8
60 -10 -7
60 -8 10
60 9 10
60 11 9
60 11 -10
61 0 -2
61 3 -1
61 6 0
61 5 -1
61 -2 -4
61 5 -2
61 0 -7
61 4 4
61 2 -6
61 0 8
61 8 1
61 0 9
61 10 0
61 6 -4
61 4 -6
61 -7 -4
61 8 5
61 6 -7
61 -5 9
61 -5 -9
61 -6 -8
61 -8 -6
61 9 6
61 8 7
61 -6 10
61 -10 6
61 7 10
61 7 -10
61 -9 -8
61 -10 -7
61 -8 10
61 9 10
61 11 9
61 11 -10
62 0 -2
62 3 -1
62 6 0
62 5 -1
62 -2 -4
62 5 -2
62 0 -7
62 4 4
62 2 -6
62 0 8
62 0 9
62 10 0
62 6 -4
62 4 -6
62 -7 -4
62 8 5
62 6 -7
62 -5 9
62 -5 -9
62 -6 -8
62 -8 -6
62 9 6
62 8 7
62 -6 10
62 -10 6
62 7 10
62 7 -10
62 -9 -8
62 -10 -7
62 -8 10
62 9 10
62 11 9
62 11 -10
63 0 -2
63 3 -1
63 6 0
63 5 -1
63 -2 -4
63 5 -2
63 0 -7
63 4 4
63 2 -6
63 0 8
63 0 9
63 10 0
63 6 -4
63 4 -6
63 -7 -4
63 6 -7
63 -5 9
63 -5 -9
63 -6 -8
63 -8 -6
63 9 6
63 8 7
63 -6 10
63 -10 6
63 7 10
63 7 -10
63 -9 -8
63 -10 -7
63 -8 10
63 9 10
63 11 9
63 11 -10
64 0 -2
64 3 -1
64 6 0
64 5 -1
64 -2 -4
64 5 -2
64 0 -7
64 4 4
64 2 -6
64 0 8
64 0 9
64 10 0
64 6 -4
64 4 -6
64 -7 -4
64 6 -7
64 -5 9
64 -5 -9
64 -6 -8
64 -8 -6
64 9 6
64 8 7
64 -6 10
64 -10 6
64 7 10
64 7 -10
64 -9 -8
64 -10 -7
64 -8 10
64 9 10
64 11 -10
65 0 -2
65 3 -1
65 6 0
65 5 -1
65 -2 -4
65 5 -2
65 0 -7
65 4 4
65 2 -6
65 0 8
65 0 9
65 10 0
65 6 -4
65 -7 -4
65 6 -7
65 -5 9
65 -5 -9
65 -6 -8
65 -8 -6
65 9 6
65 8 7
65 -6 10
65 -10 6
65 7 10
65 7 -10
65 -9 -8
65 -10 -7
65 -8 10
65 9 10
65 11 -10
66 0 -2
66 3 -1
66 6 0
66 5 -1
66 -2 -4
66 5 -2
66 0 -7
66 4 4
66 2 -6
66 0 8
66 0 9
66 10 0
66 6 -4
66 -7 -4
66 6 -7
66 -5 9
66 -5 -9
66 -6 -8
66 -8 -6
66 9 6
66 8 7
66 -6 10
66 -10 6
66 7 -10
66 -9 -8
66 -10 -7
66 -8 10
66 9 10
66 11 -10
67 0 -2
67 3 -1
67 6 0
67 5 -1
67 -2 -4
67 5 -2
67 0 -7
67 4 4
67 2 -6
67 0 8
67 10 0
67 6 -4
67 -7 -4
67 6 -7
67 -5 9
67 -5 -9
67 -6 -8
67 -8 -6
67 9 6
67 8 7
67 -6 10
67 -10 6
67 7 -10
67 -9 -8
67 -10 -7
67 -8 10
67 9 10
67 11 -10
68 0 -2
68 3 -1
68 6 0
68 5 -1
68 -2 -4
68 0 -7
68 4 4
68 2 -6
68 0 8
68 10 0
68 6 -4
68 -7 -4
68 6 -7
68 -5 9
68 -5 -9
68 -6 -8
68 -8 -6
68 9 6
68 8 7
68 -6 10
68 -10 6
68 7 -10
68 -9 -8
68 -10 -7
68 -8 10
68 9 10
68 11 -10
69 0 -2
69 3 -1
69 6 0
69 5 -1
69 -2 -4
69 0 -7
69 4 4
69 2 -6
69 0 8
69 10 0
69 6 -4
69 -7 -4
69 6 -7
69 -5 9
69 -5 -9
69 -6 -8
69 -8 -6
69 9 6
69 8 7
69 -6 10
69 -10 6
69 7 -10
69 -9 -8
69 -8 10
69 9 10
69 11 -10
70 0 -2
70 3 -1
70 6 0
70 5 -1
70 -2 -4
70 0 -7
70 4 4
70 2 -6
70 0 8
70 10 0
70 6 -4
70 -7 -4
70 6 -7
70 -5 9
70 -5 -9
70 -6 -8
70 -8 -6
70 9 6
70 8 7
70 -6 10
70 -10 6
70 7 -10
70 -8 10
70 9 10
70 11 -10
71 0 -2
71 3 -1
71 6 0
71 5 -1
71 -2 -4
71 0 -7
71 4 4
71 2 -6
71 0 8
71 10 0
71 6 -4
71 -7 -4
71 6 -7
71 -5 9
71 -5 -9
71 -6 -8
71 9 6
71 8 7
71 -6 10
71 -10 6
71 7 -10
71 -8 10
71 9 10
71 11 -10
72 0 -2
72 3 -1
72 6 0
72 5 -1
72 -2 -4
72 0 -7
72 4 4
72 2 -6
72 0 8
72 10 0
72 6 -4
72 -7 -4
72 6 -7
72 -5 9
72 -5 -9
72 -6 -8
72 9 6
72 8 7
72 -6 10
72 -10 6
72 7 -10
72 -8 10
72 11 -10
73 0 -2
73 3 -1
73 6 0
73 5 -1
73 -2 -4
73 0 -7
73 4 4
73 2 -6
73 0 8
73 6 -4
73 -7 -4
73 6 -7
73 -5 9
73 -5 -9
73 -6 -8
73 9 6
73 8 7
73 -6 10
73 -10 6
73 7 -10
73 -8 10
73 11 -10
74 0 -2
74 3 -1
74 6 0
74 5 -1
74 -2 -4
74 0 -7
74 4 4
74 2 -6
74 0 8
74 6 -4
74 -7 -4
74 6 -7
74 -5 9
74 -6 -8
74 9 6
74 8 7
74 -6 10
74 -10 6
74 7 -10
74 -8 10
74 11 -10
75 0 -2
75 3 -1
75 6 0
75 5 -1
75 -2 -4
75 0 -7
75 4 4
75 2 -6
75 0 8
75 6 -4
75 -7 -4
75 6 -7
75 -5 9
75 -6 -8
75 8 7
75 -6 10
75 -10 6
75 7 -10
75 -8 10
75 11 -10
76 0 -2
76 3 -1
76 6 0
76 -2 -4
76 0 -7
76 4 4
76 2 -6
76 0 8
76 6 -4
76 -7 -4
76 6 -7
76 -5 9
76 -6 -8
76 8 7
76 -6 10
76 -10 6
76 7 -10
76 -8 10
76 11 -10
77 3 -1
77 6 0
77 -2 -4
77 0 -7
77 4 4
77 2 -6
77 0 8
77 6 -4
77 -7 -4
77 6 -7
77 -5 9
77 -6 -8
77 8 7
77 -6 10
77 -10 6
77 7 -10
77 -8 10
77 11 -10
78 3 -1
78 6 0
78 -2 -4
78 0 -7
78 4 4
78 2 -6
78 0 8
78 6 -4
78 -7 -4
78 6 -7
78 -5 9
78 -6 -8
78 8 7
78 -6 10
78 -10 6
78 7 -10
78 -8 10
79 3 -1
79 6 0
79 -2 -4
79 0 -7
79 4 4
79 2 -6
79 0 8
79 6 -4
79 -7 -4
79 6 -7
79 -5 9
79 -6 -8
79 8 7
79 -6 10
79 -10 6
79 7 -10
80 3 -1
80 6 0
80 -2 -4
80 0 -7
80 2 -6
80 0 8
80 6 -4
80 -7 -4
80 6 -7
80 -5 9
80 -6 -8
80 8 7
80 -6 10
80 -10 6
80 7 -10
81 3 -1
81 6 0
81 -2 -4
81 0 -7
81 2 -6
81 0 8
81 6 -4
81 -7 -4
81 6 -7
81 -5 9
81 -6 -8
81 8 7
81 -6 10
81 -10 6
82 3 -1
82 6 0
82 -2 -4
82 0 -7
82 2 -6
82 0 8
82 -7 -4
82 6 -7
82 -5 9
82 -6 -8
82 8 7
82 -6 10
82 -10 6
83 3 -1
83 6 0
83 0 -7
83 2 -6
83 0 8
83 -7 -4
83 6 -7
83 -5 9
83 -6 -8
83 8 7
83 -6 10
83 -10 6
84 6 0
84 0 -7
84 2 -6
84 0 8
84 -7 -4
84 6 -7
84 -5 9
84 -6 -8
84 8 7
84 -6 10
84 -10 6
85 6 0
85 0 -7
85 2 -6
85 0 8
85 -7 -4
85 6 -7
85 -5 9
85 8 7
85 -6 10
85 -10 6
86 6 0
86 0 -7
86 2 -6
86 0 8
86 -7 -4
86 -5 9
86 8 7
86 -6 10
86 -10 6
87 6 0
87 0 -7
87 0 8
87 -7 -4
87 -5 9
87 8 7
87 -6 10
87 -10 6
88 6 0
88 0 -7
88 0 8
88 -7 -4
88 8 7
88 -6 10
88 -10 6
89 6 0
89 0 -7
89 0 8
89 -7 -4
89 8 7
89 -10 6
90 6 0
90 0 8
90 -7 -4
90 8 7
90 -10 6
91 6 0
91 0 8
91 -7 -4
91 8 7
92 6 0
92 -7 -4
92 8 7
93 -7 -4
93 8 7
94 -7 -4
-1 -1 -1
27
49
22
36
87
62
59
93
64
68
33
67
51
29
57
66
70
11
47
2
86
38
50
32
1
28
41
56
60
90
74
92
40
21
19
72
44
14
75
5
82
12
6
45
89
35
61
52
23
65
43
69
9
39
71
77
48
3
81
79
17
16
15
0
37
18
53
31
94
88
85
8
7
76
10
30
55
4
84
34
20
25
63
42
80
26
46
73
78
58
91
54
24
13
83
