0 0 0 0 0 0 0 0 0 0 0 0 0 0 0 0 0 0 0 0 0 0 0 0 0 0 0 0 0 0 0 0 0 0 0 0 0 0 0 0 0 0 0 0 0 0 0 0 0
0 0 0 0 0 0 0 0 0 0 0 0 0 0 0 0 0 0 0 0 0 0 0 0 0 0 0 0 0 0 0 0 0 0 0 0 0 0 0 0 0 0 0 0 0 0 0 0 0
0 0 0 0 0 0 0 0 0 0 0 0 0 0 0 0 0 0 0 0 0 0 0 0 0 0 0 0 0 0 0 0 0 0 0 0 0 0 0 0 0 0 0 0 0 0 0 0 0
0 0 0 0 0 0 0 0 0 0 0 0 0 0 0 0 0 0 0 0 0 0 0 0 0 0 0 0 0 0 0 0 0 0 0 0 0 0 0 0 0 0 0 0 0 0 0 0 0
0 0 0 0 0 0 0 0 0 0 0 0 0 0 0 0 0 0 0 0 0 0 0 0 0 0 0 0 0 0 0 0 0 0 0 0 0 0 0 0 0 0 0 0 0 0 0 0 0
0 0 0 0 0 0 0 0 0 0 0 0 0 0 0 0 0 0 0 0 0 0 0 0 0 0 0 0 0 0 0 0 0 0 0 0 0 0 0 0 0 0 0 0 0 0 0 0 0
0 0 0 0 0 0 0 0 0 0 0 0 0 0 0 0 0 0 0 0 0 0 0 0 0 0 0 0 0 0 0 0 0 0 0 0 0 0 0 0 0 0 0 0 0 0 0 0 0
0 0 0 0 0 0 0 0 0 0 0 0 0 0 0 0 0 0 0 0 0 0 0 0 0 0 0 0 0 0 0 0 0 0 0 0 0 0 0 0 0 0 0 0 0 0 0 0 0
0 0 0 0 0 0 0 0 0 0 0 0 0 0 0 0 0 0 0 0 0 0 0 0 0 0 0 0 0 0 0 0 0 0 0 0 0 0 0 0 0 0 0 0 0 0 0 0 0
0 0 0 0 0 0 0 0 0 0 0 0 0 0 0 0 0 0 0 0 0 0 0 0 0 0 0 0 0 0 0 0 0 0 0 0 0 0 0 0 0 0 0 0 0 0 0 0 0
0 0 0 0 0 0 0 0 0 0 0 0 0 0 0 0 0 0 0 0 0 0 0 0 0 0 0 0 0 0 0 0 0 0 0 0 0 0 0 0 0 0 0 0 0 0 0 0 0
0 0 0 0 0 0 0 0 0 0 0 0 0 0 0 0 0 0 0 0 0 0 0 0 0 0 0 0 0 0 0 0 0 0 0 0 0 0 0 0 0 0 0 0 0 0 0 0 0
0 0 0 0 0 0 0 0 0 0 0 0 0 0 0 0 0 0 0 0 0 0 0 0 0 0 0 0 0 0 0 0 0 0 0 0 0 0 0 0 0 0 0 0 0 0 0 0 0
0 0 0 0 0 0 0 0 0 0 0 0 0 0 0 0 0 0 0 0 0 0 0 0 0 0 0 0 0 0 0 0 0 0 0 0 0 0 0 0 0 0 0 0 0 0 0 0 0
0 0 0 0 0 0 0 0 0 0 0 0 0 0 0 0 0 0 0 0 0 0 0 0 0 0 0 0 0 0 0 0 0 0 0 0 0 0 0 0 0 0 0 0 0 0 0 0 0
0 0 0 0 0 0 0 0 0 0 0 0 0 0 0 0 0 0 0 0 0 0 0 0 0 0 0 0 0 0 0 0 0 0 0 0 0 0 0 0 0 0 0 0 0 0 0 0 0
0 0 0 0 0 0 0 0 0 0 0 0 0 0 0 0 0 0 0 0 0 0 0 0 0 0 0 0 0 0 0 0 0 0 0 0 0 0 0 0 0 0 0 0 0 0 0 0 0
0 0 0 0 0 0 0 0 0 0 0 0 0 0 0 0 0 0 0 0 0 0 0 0 0 0 0 0 0 0 0 0 0 0 0 0 0 0 0 0 0 0 0 0 0 0 0 0 0
0 0 0 0 0 0 0 0 0 0 0 0 0 0 0 0 0 0 0 0 0 0 0 0 0 0 0 0 0 0 0 0 0 0 0 0 0 0 0 0 0 0 0 0 0 0 0 0 0
0 0 0 0 0 0 0 0 0 0 0 0 0 0 0 0 0 0 0 0 0 0 0 0 0 0 0 0 0 0 0 0 0 0 0 0 0 0 0 0 0 0 0 0 0 0 0 0 0
0 0 0 0 0 0 0 0 0 0 0 0 0 0 0 0 0 0 0 0 0 0 0 0 0 0 0 0 0 0 0 0 0 0 0 0 0 0 0 0 0 0 0 0 0 0 0 0 0
0 0 0 0 0 0 0 0 0 0 0 0 0 0 0 0 0 0 0 0 0 0 0 0 0 0 0 0 0 0 0 0 0 0 0 0 0 0 0 0 0 0 0 0 0 0 0 0 0
0 0 0 0 0 0 0 0 0 0 0 0 0 0 0 0 0 0 0 0 0 0 0 0 0 0 0 0 0 0 0 0 0 0 0 0 0 0 0 0 0 0 0 0 0 0 0 0 0
0 0 0 0 0 0 0 0 0 0 0 0 0 0 0 0 0 0 0 0 0 0 0 0 0 0 0 0 0 0 0 0 0 0 0 0 0 0 0 0 0 0 0 0 0 0 0 0 0
0 0 0 0 0 0 0 0 0 0 0 0 0 0 0 0 0 0 0 0 0 0 0 0 1000 0 0 0 0 0 0 0 0 0 0 0 0 0 0 0 0 0 0 0 0 0 0 0 0
0 0 0 0 0 0 0 0 0 0 0 0 0 0 0 0 0 0 0 0 0 0 0 0 0 0 0 0 0 0 0 0 0 0 0 0 0 0 0 0 0 0 0 0 0 0 0 0 0
0 0 0 0 0 0 0 0 0 0 0 0 0 0 0 0 0 0 0 0 0 0 0 0 0 0 0 0 0 0 0 0 0 0 0 0 0 0 0 0 0 0 0 0 0 0 0 0 0
0 0 0 0 0 0 0 0 0 0 0 0 0 0 0 0 0 0 0 0 0 0 0 0 0 0 0 0 0 0 0 0 0 0 0 0 0 0 0 0 0 0 0 0 0 0 0 0 0
0 0 0 0 0 0 0 0 0 0 0 0 0 0 0 0 0 0 0 0 0 0 0 0 0 0 0 0 0 0 0 0 0 0 0 0 0 0 0 0 0 0 0 0 0 0 0 0 0
0 0 0 0 0 0 0 0 0 0 0 0 0 0 0 0 0 0 0 0 0 0 0 0 0 0 0 0 0 0 0 0 0 0 0 0 0 0 0 0 0 0 0 0 0 0 0 0 0
0 0 0 0 0 0 0 0 0 0 0 0 0 0 0 0 0 0 0 0 0 0 0 0 0 0 0 0 0 0 0 0 0 0 0 0 0 0 0 0 0 0 0 0 0 0 0 0 0
0 0 0 0 0 0 0 0 0 0 0 0 0 0 0 0 0 0 0 0 0 0 0 0 0 0 0 0 0 0 0 0 0 0 0 0 0 0 0 0 0 0 0 0 0 0 0 0 0
0 0 0 0 0 0 0 0 0 0 0 0 0 0 0 0 0 0 0 0 0 0 0 0 0 0 0 0 0 0 0 0 0 0 0 0 0 0 0 0 0 0 0 0 0 0 0 0 0
0 0 0 0 0 0 0 0 0 0 0 0 0 0 0 0 0 0 0 0 0 0 0 0 0 0 0 0 0 0 0 0 0 0 0 0 0 0 0 0 0 0 0 0 0 0 0 0 0
0 0 0 0 0 0 0 0 0 0 0 0 0 0 0 0 0 0 0 0 0 0 0 0 0 0 0 0 0 0 0 0 0 0 0 0 0 0 0 0 0 0 0 0 0 0 0 0 0
0 0 0 0 0 0 0 0 0 0 0 0 0 0 0 0 0 0 0 0 0 0 0 0 0 0 0 0 0 0 0 0 0 0 0 0 0 0 0 0 0 0 0 0 0 0 0 0 0
0 0 0 0 0 0 0 0 0 0 0 0 0 0 0 0 0 0 0 0 0 0 0 0 0 0 0 0 0 0 0 0 0 0 0 0 0 0 0 0 0 0 0 0 0 0 0 0 0
0 0 0 0 0 0 0 0 0 0 0 0 0 0 0 0 0 0 0 0 0 0 0 0 0 0 0 0 0 0 0 0 0 0 0 0 0 0 0 0 0 0 0 0 0 0 0 0 0
0 0 0 0 0 0 0 0 0 0 0 0 0 0 0 0 0 0 0 0 0 0 0 0 0 0 0 0 0 0 0 0 0 0 0 0 0 0 0 0 0 0 0 0 0 0 0 0 0
0 0 0 0 0 0 0 0 0 0 0 0 0 0 0 0 0 0 0 0 0 0 0 0 0 0 0 0 0 0 0 0 0 0 0 0 0 0 0 0 0 0 0 0 0 0 0 0 0
0 0 0 0 0 0 0 0 0 0 0 0 0 0 0 0 0 0 0 0 0 0 0 0 0 0 0 0 0 0 0 0 0 0 0 0 0 0 0 0 0 0 0 0 0 0 0 0 0
0 0 0 0 0 0 0 0 0 0 0 0 0 0 0 0 0 0 0 0 0 0 0 0 0 0 0 0 0 0 0 0 0 0 0 0 0 0 0 0 0 0 0 0 0 0 0 0 0
0 0 0 0 0 0 0 0 0 0 0 0 0 0 0 0 0 0 0 0 0 0 0 0 0 0 0 0 0 0 0 0 0 0 0 0 0 0 0 0 0 0 0 0 0 0 0 0 0
0 0 0 0 0 0 0 0 0 0 0 0 0 0 0 0 0 0 0 0 0 0 0 0 0 0 0 0 0 0 0 0 0 0 0 0 0 0 0 0 0 0 0 0 0 0 0 0 0
0 0 0 0 0 0 0 0 0 0 0 0 0 0 0 0 0 0 0 0 0 0 0 0 0 0 0 0 0 0 0 0 0 0 0 0 0 0 0 0 0 0 0 0 0 0 0 0 0
0 0 0 0 0 0 0 0 0 0 0 0 0 0 0 0 0 0 0 0 0 0 0 0 0 0 0 0 0 0 0 0 0 0 0 0 0 0 0 0 0 0 0 0 0 0 0 0 0
0 0 0 0 0 0 0 0 0 0 0 0 0 0 0 0 0 0 0 0 0 0 0 0 0 0 0 0 0 0 0 0 0 0 0 0 0 0 0 0 0 0 0 0 0 0 0 0 0
0 0 0 0 0 0 0 0 0 0 0 0 0 0 0 0 0 0 0 0 0 0 0 0 0 0 0 0 0 0 0 0 0 0 0 0 0 0 0 0 0 0 0 0 0 0 0 0 0
0 0 0 0 0 0 0 0 0 0 0 0 0 0 0 0 0 0 0 0 0 0 0 0 0 0 0 0 0 0 0 0 0 0 0 0 0 0 0 0 0 0 0 0 0 0 0 0 0
0 -3 -2
0 -3 -2
0 -3 -2
0 3 -4
0 3 -4
0 3 -4
0 -6 -1
0 -6 -1
0 -6 -1
0 7 2
0 7 2
0 7 2
0 -6 -3
0 -6 -3
0 -6 -3
0 6 -4
0 6 -4
0 6 -4
0 6 5
0 6 5
0 6 5
0 14 0
0 14 0
0 14 0
0 10 4
0 10 4
0 10 4
0 12 3
0 12 3
0 12 3
0 1 14
0 1 14
0 1 14
0 -3 -12
0 -3 -12
0 -3 -12
0 -4 11
0 -4 11
0 -4 11
0 15 1
0 15 1
0 15 1
0 -8 -8
0 -8 -8
0 -8 -8
0 8 -9
0 8 -9
0 8 -9
0 0 -17
0 0 -17
0 0 -17
0 11 -7
0 11 -7
0 11 -7
0 3 -15
0 3 -15
0 3 -15
0 0 -18
0 0 -18
0 0 -18
0 -3 -15
0 -3 -15
0 -3 -15
0 -13 5
0 -13 5
0 -13 5
0 -15 3
0 -15 3
0 -15 3
0 11 8
0 11 8
0 11 8
0 -3 -16
0 -3 -16
0 -3 -16
0 -18 1
0 -18 1
0 -18 1
0 -19 0
0 -19 0
0 -19 0
0 20 0
0 20 0
0 20 0
0 18 -2
0 18 -2
0 18 -2
0 17 3
0 17 3
0 17 3
0 4 16
0 4 16
0 4 16
0 0 20
0 0 20
0 0 20
0 -12 -8
0 -12 -8
0 -12 -8
0 -7 -14
0 -7 -14
0 -7 -14
0 -8 13
0 -8 13
0 -8 13
0 -11 -10
0 -11 -10
0 -11 -10
0 10 12
0 10 12
0 10 12
0 2 20
0 2 20
0 2 20
0 -5 17
0 -5 17
0 -5 17
0 -5 -17
0 -5 -17
0 -5 -17
0 -7 -15
0 -7 -15
0 -7 -15
0 -11 11
0 -11 11
0 -11 11
0 23 0
0 23 0
0 23 0
0 16 -7
0 16 -7
0 16 -7
0 -21 2
0 -21 2
0 -21 2
0 1 -23
0 1 -23
0 1 -23
0 -9 15
0 -9 15
0 -9 15
0 -10 14
0 -10 14
0 -10 14
0 20 -5
0 20 -5
0 20 -5
0 9 -16
0 9 -16
0 9 -16
0 -8 17
0 -8 17
0 -8 17
0 -18 -7
0 -18 -7
0 -18 -7
0 7 -19
0 7 -19
0 7 -19
0 -6 20
0 -6 20
0 -6 20
0 21 6
0 21 6
0 21 6
0 -6 -21
0 -6 -21
0 -6 -21
0 -7 -20
0 -7 -20
0 -7 -20
0 -13 14
0 -13 14
0 -13 14
0 23 -5
0 23 -5
0 23 -5
0 17 11
0 17 11
0 17 11
0 -12 -16
0 -12 -16
0 -12 -16
0 -18 10
0 -18 10
0 -18 10
0 -20 -8
0 -20 -8
0 -20 -8
0 8 -21
0 8 -21
0 8 -21
0 -21 -8
0 -21 -8
0 -21 -8
0 11 19
0 11 19
0 11 19
0 9 -21
0 9 -21
0 9 -21
0 -21 9
0 -21 9
0 -21 9
0 23 8
0 23 8
0 23 8
0 22 9
0 22 9
0 22 9
0 21 10
0 21 10
0 21 10
0 9 -22
0 9 -22
0 9 -22
0 -10 21
0 -10 21
0 -10 21
0 -11 -20
0 -11 -20
0 -11 -20
0 23 9
0 23 9
0 23 9
0 21 11
0 21 11
0 21 11
0 19 13
0 19 13
0 19 13
0 -21 -11
0 -21 -11
0 -21 -11
0 -15 -18
0 -15 -18
0 -15 -18
0 -11 23
0 -11 23
0 -11 23
0 -19 -15
0 -19 -15
0 -19 -15
0 22 -14
0 22 -14
0 22 -14
0 -16 20
0 -16 20
0 -16 20
0 -17 -20
0 -17 -20
0 -17 -20
0 22 -17
0 22 -17
0 22 -17
0 17 -22
0 17 -22
0 17 -22
0 24 -16
0 24 -16
0 24 -16
0 21 19
0 21 19
0 21 19
0 -20 -21
0 -20 -21
0 -20 -21
0 -23 -18
0 -23 -18
0 -23 -18
0 -22 -20
0 -22 -20
0 -22 -20
0 -23 -19
0 -23 -19
0 -23 -19
0 24 19
0 24 19
0 24 19
0 22 -21
0 22 -21
0 22 -21
0 24 20
0 24 20
0 24 20
0 -21 24
0 -21 24
0 -21 24
0 -23 -22
0 -23 -22
0 -23 -22
0 -24 -21
0 -24 -21
0 -24 -21
1 -3 -2
1 -3 -2
1 -3 -2
1 3 -4
1 3 -4
1 3 -4
1 -6 -1
1 -6 -1
1 -6 -1
1 7 2
1 7 2
1 7 2
1 -6 -3
1 -6 -3
1 -6 -3
1 6 -4
1 6 -4
1 6 -4
1 6 5
1 6 5
1 6 5
1 14 0
1 14 0
1 14 0
1 10 4
1 10 4
1 10 4
1 12 3
1 12 3
1 12 3
1 1 14
1 1 14
1 1 14
1 -3 -12
1 -3 -12
1 -3 -12
1 -4 11
1 -4 11
1 -4 11
1 15 1
1 15 1
1 15 1
1 -8 -8
1 -8 -8
1 -8 -8
1 8 -9
1 8 -9
1 8 -9
1 0 -17
1 0 -17
1 0 -17
1 11 -7
1 11 -7
1 11 -7
1 3 -15
1 3 -15
1 3 -15
1 0 -18
1 0 -18
1 0 -18
1 -3 -15
1 -3 -15
1 -3 -15
1 -13 5
1 -13 5
1 -13 5
1 -15 3
1 -15 3
1 -15 3
1 11 8
1 11 8
1 11 8
1 -3 -16
1 -3 -16
1 -3 -16
1 -18 1
1 -18 1
1 -18 1
1 -19 0
1 -19 0
1 -19 0
1 20 0
1 20 0
1 20 0
1 18 -2
1 18 -2
1 18 -2
1 17 3
1 17 3
1 17 3
1 4 16
1 4 16
1 4 16
1 0 20
1 0 20
1 0 20
1 -12 -8
1 -12 -8
1 -12 -8
1 -7 -14
1 -7 -14
1 -7 -14
1 -8 13
1 -8 13
1 -8 13
1 -11 -10
1 -11 -10
1 -11 -10
1 10 12
1 10 12
1 10 12
1 2 20
1 2 20
1 2 20
1 -5 17
1 -5 17
1 -5 17
1 -5 -17
1 -5 -17
1 -5 -17
1 -7 -15
1 -7 -15
1 -7 -15
1 -11 11
1 -11 11
1 -11 11
1 23 0
1 23 0
1 23 0
1 16 -7
1 16 -7
1 16 -7
1 -21 2
1 -21 2
1 -21 2
1 1 -23
1 1 -23
1 1 -23
1 -9 15
1 -9 15
1 -9 15
1 -10 14
1 -10 14
1 -10 14
1 20 -5
1 20 -5
1 20 -5
1 9 -16
1 9 -16
1 9 -16
1 -8 17
1 -8 17
1 -8 17
1 -18 -7
1 -18 -7
1 -18 -7
1 7 -19
1 7 -19
1 7 -19
1 -6 20
1 -6 20
1 -6 20
1 21 6
1 21 6
1 21 6
1 -6 -21
1 -6 -21
1 -6 -21
1 -7 -20
1 -7 -20
1 -7 -20
1 -13 14
1 -13 14
1 -13 14
1 23 -5
1 23 -5
1 23 -5
1 17 11
1 17 11
1 17 11
1 -12 -16
1 -12 -16
1 -12 -16
1 -18 10
1 -18 10
1 -18 10
1 -20 -8
1 -20 -8
1 -20 -8
1 8 -21
1 8 -21
1 8 -21
1 -21 -8
1 -21 -8
1 -21 -8
1 11 19
1 11 19
1 11 19
1 9 -21
1 9 -21
1 9 -21
1 -21 9
1 -21 9
1 -21 9
1 23 8
1 23 8
1 23 8
1 22 9
1 22 9
1 22 9
1 21 10
1 21 10
1 21 10
1 9 -22
1 9 -22
1 9 -22
1 -10 21
1 -10 21
1 -10 21
1 23 9
1 23 9
1 23 9
1 21 11
1 21 11
1 21 11
1 19 13
1 19 13
1 19 13
1 -21 -11
1 -21 -11
1 -21 -11
1 -15 -18
1 -15 -18
1 -15 -18
1 -11 23
1 -11 23
1 -11 23
1 -19 -15
1 -19 -15
1 -19 -15
1 22 -14
1 22 -14
1 22 -14
1 -16 20
1 -16 20
1 -16 20
1 -17 -20
1 -17 -20
1 -17 -20
1 22 -17
1 22 -17
1 22 -17
1 17 -22
1 17 -22
1 17 -22
1 24 -16
1 24 -16
1 24 -16
1 21 19
1 21 19
1 21 19
1 -20 -21
1 -20 -21
1 -20 -21
1 -23 -18
1 -23 -18
1 -23 -18
1 -22 -20
1 -22 -20
1 -22 -20
1 -23 -19
1 -23 -19
1 -23 -19
1 24 19
1 24 19
1 24 19
1 22 -21
1 22 -21
1 22 -21
1 24 20
1 24 20
1 24 20
1 -21 24
1 -21 24
1 -21 24
1 -23 -22
1 -23 -22
1 -23 -22
1 -24 -21
1 -24 -21
1 -24 -21
2 -3 -2
2 -3 -2
2 -3 -2
2 3 -4
2 3 -4
2 3 -4
2 -6 -1
2 -6 -1
2 -6 -1
2 7 2
2 7 2
2 7 2
2 -6 -3
2 -6 -3
2 -6 -3
2 6 -4
2 6 -4
2 6 -4
2 6 5
2 6 5
2 6 5
2 14 0
2 14 0
2 14 0
2 10 4
2 10 4
2 10 4
2 12 3
2 12 3
2 12 3
2 1 14
2 1 14
2 1 14
2 -3 -12
2 -3 -12
2 -3 -12
2 -4 11
2 -4 11
2 -4 11
2 15 1
2 15 1
2 15 1
2 -8 -8
2 -8 -8
2 -8 -8
2 8 -9
2 8 -9
2 8 -9
2 0 -17
2 0 -17
2 0 -17
2 11 -7
2 11 -7
2 11 -7
2 3 -15
2 3 -15
2 3 -15
2 0 -18
2 0 -18
2 0 -18
2 -3 -15
2 -3 -15
2 -3 -15
2 -13 5
2 -13 5
2 -13 5
2 -15 3
2 -15 3
2 -15 3
2 11 8
2 11 8
2 11 8
2 -3 -16
2 -3 -16
2 -3 -16
2 -18 1
2 -18 1
2 -18 1
2 -19 0
2 -19 0
2 -19 0
2 20 0
2 20 0
2 20 0
2 18 -2
2 18 -2
2 18 -2
2 17 3
2 17 3
2 17 3
2 4 16
2 4 16
2 4 16
2 0 20
2 0 20
2 0 20
2 -12 -8
2 -12 -8
2 -12 -8
2 -7 -14
2 -7 -14
2 -7 -14
2 -8 13
2 -8 13
2 -8 13
2 -11 -10
2 -11 -10
2 -11 -10
2 10 12
2 10 12
2 10 12
2 2 20
2 2 20
2 2 20
2 -5 17
2 -5 17
2 -5 17
2 -5 -17
2 -5 -17
2 -5 -17
2 -7 -15
2 -7 -15
2 -7 -15
2 -11 11
2 -11 11
2 -11 11
2 23 0
2 23 0
2 23 0
2 16 -7
2 16 -7
2 16 -7
2 -21 2
2 -21 2
2 -21 2
2 1 -23
2 1 -23
2 1 -23
2 -9 15
2 -9 15
2 -9 15
2 -10 14
2 -10 14
2 -10 14
2 20 -5
2 20 -5
2 20 -5
2 9 -16
2 9 -16
2 9 -16
2 -8 17
2 -8 17
2 -8 17
2 -18 -7
2 -18 -7
2 -18 -7
2 7 -19
2 7 -19
2 7 -19
2 -6 20
2 -6 20
2 -6 20
2 21 6
2 21 6
2 21 6
2 -6 -21
2 -6 -21
2 -6 -21
2 -13 14
2 -13 14
2 -13 14
2 23 -5
2 23 -5
2 23 -5
2 17 11
2 17 11
2 17 11
2 -12 -16
2 -12 -16
2 -12 -16
2 -18 10
2 -18 10
2 -18 10
2 -20 -8
2 -20 -8
2 -20 -8
2 8 -21
2 8 -21
2 8 -21
2 -21 -8
2 -21 -8
2 -21 -8
2 11 19
2 11 19
2 11 19
2 9 -21
2 9 -21
2 9 -21
2 -21 9
2 -21 9
2 -21 9
2 23 8
2 23 8
2 23 8
2 22 9
2 22 9
2 22 9
2 21 10
2 21 10
2 21 10
2 9 -22
2 9 -22
2 9 -22
2 -10 21
2 -10 21
2 -10 21
2 23 9
2 23 9
2 23 9
2 21 11
2 21 11
2 21 11
2 19 13
2 19 13
2 19 13
2 -21 -11
2 -21 -11
2 -21 -11
2 -15 -18
2 -15 -18
2 -15 -18
2 -11 23
2 -11 23
2 -11 23
2 -19 -15
2 -19 -15
2 -19 -15
2 22 -14
2 22 -14
2 22 -14
2 -16 20
2 -16 20
2 -16 20
2 -17 -20
2 -17 -20
2 -17 -20
2 22 -17
2 22 -17
2 22 -17
2 17 -22
2 17 -22
2 17 -22
2 24 -16
2 24 -16
2 24 -16
2 21 19
2 21 19
2 21 19
2 -20 -21
2 -20 -21
2 -20 -21
2 -23 -18
2 -23 -18
2 -23 -18
2 -22 -20
2 -22 -20
2 -22 -20
2 -23 -19
2 -23 -19
2 -23 -19
2 24 19
2 24 19
2 24 19
2 22 -21
2 22 -21
2 22 -21
2 24 20
2 24 20
2 24 20
2 -21 24
2 -21 24
2 -21 24
2 -23 -22
2 -23 -22
2 -23 -22
2 -24 -21
2 -24 -21
2 -24 -21
3 -3 -2
3 -3 -2
3 -3 -2
3 3 -4
3 3 -4
3 3 -4
3 -6 -1
3 -6 -1
3 -6 -1
3 7 2
3 7 2
3 7 2
3 -6 -3
3 -6 -3
3 -6 -3
3 6 -4
3 6 -4
3 6 -4
3 6 5
3 6 5
3 6 5
3 14 0
3 14 0
3 14 0
3 10 4
3 10 4
3 10 4
3 12 3
3 12 3
3 12 3
3 1 14
3 1 14
3 1 14
3 -3 -12
3 -3 -12
3 -3 -12
3 -4 11
3 -4 11
3 -4 11
3 15 1
3 15 1
3 15 1
3 -8 -8
3 -8 -8
3 -8 -8
3 8 -9
3 8 -9
3 8 -9
3 0 -17
3 0 -17
3 0 -17
3 11 -7
3 11 -7
3 11 -7
3 3 -15
3 3 -15
3 3 -15
3 0 -18
3 0 -18
3 0 -18
3 -3 -15
3 -3 -15
3 -3 -15
3 -13 5
3 -13 5
3 -13 5
3 -15 3
3 -15 3
3 -15 3
3 11 8
3 11 8
3 11 8
3 -3 -16
3 -3 -16
3 -3 -16
3 -18 1
3 -18 1
3 -18 1
3 -19 0
3 -19 0
3 -19 0
3 20 0
3 20 0
3 20 0
3 18 -2
3 18 -2
3 18 -2
3 17 3
3 17 3
3 17 3
3 4 16
3 4 16
3 4 16
3 0 20
3 0 20
3 0 20
3 -12 -8
3 -12 -8
3 -12 -8
3 -7 -14
3 -7 -14
3 -7 -14
3 -8 13
3 -8 13
3 -8 13
3 -11 -10
3 -11 -10
3 -11 -10
3 10 12
3 10 12
3 10 12
3 2 20
3 2 20
3 2 20
3 -5 17
3 -5 17
3 -5 17
3 -5 -17
3 -5 -17
3 -5 -17
3 -7 -15
3 -7 -15
3 -7 -15
3 -11 11
3 -11 11
3 -11 11
3 23 0
3 23 0
3 23 0
3 16 -7
3 16 -7
3 16 -7
3 -21 2
3 -21 2
3 -21 2
3 1 -23
3 1 -23
3 1 -23
3 -9 15
3 -9 15
3 -9 15
3 -10 14
3 -10 14
3 -10 14
3 20 -5
3 20 -5
3 20 -5
3 9 -16
3 9 -16
3 9 -16
3 -8 17
3 -8 17
3 -8 17
3 -18 -7
3 -18 -7
3 -18 -7
3 7 -19
3 7 -19
3 7 -19
3 -6 20
3 -6 20
3 -6 20
3 21 6
3 21 6
3 21 6
3 -6 -21
3 -6 -21
3 -6 -21
3 -13 14
3 -13 14
3 -13 14
3 17 11
3 17 11
3 17 11
3 -12 -16
3 -12 -16
3 -12 -16
3 -18 10
3 -18 10
3 -18 10
3 -20 -8
3 -20 -8
3 -20 -8
3 8 -21
3 8 -21
3 8 -21
3 -21 -8
3 -21 -8
3 -21 -8
3 11 19
3 11 19
3 11 19
3 9 -21
3 9 -21
3 9 -21
3 -21 9
3 -21 9
3 -21 9
3 23 8
3 23 8
3 23 8
3 22 9
3 22 9
3 22 9
3 21 10
3 21 10
3 21 10
3 9 -22
3 9 -22
3 9 -22
3 -10 21
3 -10 21
3 -10 21
3 23 9
3 23 9
3 23 9
3 21 11
3 21 11
3 21 11
3 19 13
3 19 13
3 19 13
3 -21 -11
3 -21 -11
3 -21 -11
3 -15 -18
3 -15 -18
3 -15 -18
3 -11 23
3 -11 23
3 -11 23
3 -19 -15
3 -19 -15
3 -19 -15
3 22 -14
3 22 -14
3 22 -14
3 -16 20
3 -16 20
3 -16 20
3 -17 -20
3 -17 -20
3 -17 -20
3 22 -17
3 22 -17
3 22 -17
3 17 -22
3 17 -22
3 17 -22
3 24 -16
3 24 -16
3 24 -16
3 21 19
3 21 19
3 21 19
3 -20 -21
3 -20 -21
3 -20 -21
3 -23 -18
3 -23 -18
3 -23 -18
3 -22 -20
3 -22 -20
3 -22 -20
3 -23 -19
3 -23 -19
3 -23 -19
3 24 19
3 24 19
3 24 19
3 22 -21
3 22 -21
3 22 -21
3 24 20
3 24 20
3 24 20
3 -21 24
3 -21 24
3 -21 24
3 -23 -22
3 -23 -22
3 -23 -22
3 -24 -21
3 -24 -21
3 -24 -21
4 -3 -2
4 -3 -2
4 -3 -2
4 3 -4
4 3 -4
4 3 -4
4 -6 -1
4 -6 -1
4 -6 -1
4 7 2
4 7 2
4 7 2
4 -6 -3
4 -6 -3
4 -6 -3
4 6 -4
4 6 -4
4 6 -4
4 6 5
4 6 5
4 6 5
4 14 0
4 14 0
4 14 0
4 10 4
4 10 4
4 10 4
4 12 3
4 12 3
4 12 3
4 1 14
4 1 14
4 1 14
4 -3 -12
4 -3 -12
4 -3 -12
4 -4 11
4 -4 11
4 -4 11
4 15 1
4 15 1
4 15 1
4 -8 -8
4 -8 -8
4 -8 -8
4 8 -9
4 8 -9
4 8 -9
4 0 -17
4 0 -17
4 0 -17
4 11 -7
4 11 -7
4 11 -7
4 3 -15
4 3 -15
4 3 -15
4 0 -18
4 0 -18
4 0 -18
4 -3 -15
4 -3 -15
4 -3 -15
4 -13 5
4 -13 5
4 -13 5
4 -15 3
4 -15 3
4 -15 3
4 11 8
4 11 8
4 11 8
4 -3 -16
4 -3 -16
4 -3 -16
4 -18 1
4 -18 1
4 -18 1
4 -19 0
4 -19 0
4 -19 0
4 20 0
4 20 0
4 20 0
4 18 -2
4 18 -2
4 18 -2
4 17 3
4 17 3
4 17 3
4 4 16
4 4 16
4 4 16
4 0 20
4 0 20
4 0 20
4 -12 -8
4 -12 -8
4 -12 -8
4 -7 -14
4 -7 -14
4 -7 -14
4 -8 13
4 -8 13
4 -8 13
4 -11 -10
4 -11 -10
4 -11 -10
4 10 12
4 10 12
4 10 12
4 2 20
4 2 20
4 2 20
4 -5 17
4 -5 17
4 -5 17
4 -7 -15
4 -7 -15
4 -7 -15
4 -11 11
4 -11 11
4 -11 11
4 23 0
4 23 0
4 23 0
4 16 -7
4 16 -7
4 16 -7
4 -21 2
4 -21 2
4 -21 2
4 1 -23
4 1 -23
4 1 -23
4 -9 15
4 -9 15
4 -9 15
4 -10 14
4 -10 14
4 -10 14
4 20 -5
4 20 -5
4 20 -5
4 9 -16
4 9 -16
4 9 -16
4 -8 17
4 -8 17
4 -8 17
4 -18 -7
4 -18 -7
4 -18 -7
4 7 -19
4 7 -19
4 7 -19
4 -6 20
4 -6 20
4 -6 20
4 21 6
4 21 6
4 21 6
4 -6 -21
4 -6 -21
4 -6 -21
4 -13 14
4 -13 14
4 -13 14
4 17 11
4 17 11
4 17 11
4 -12 -16
4 -12 -16
4 -12 -16
4 -18 10
4 -18 10
4 -18 10
4 -20 -8
4 -20 -8
4 -20 -8
4 8 -21
4 8 -21
4 8 -21
4 -21 -8
4 -21 -8
4 -21 -8
4 11 19
4 11 19
4 11 19
4 9 -21
4 9 -21
4 9 -21
4 -21 9
4 -21 9
4 -21 9
4 23 8
4 23 8
4 23 8
4 22 9
4 22 9
4 22 9
4 21 10
4 21 10
4 21 10
4 9 -22
4 9 -22
4 9 -22
4 -10 21
4 -10 21
4 -10 21
4 23 9
4 23 9
4 23 9
4 21 11
4 21 11
4 21 11
4 19 13
4 19 13
4 19 13
4 -21 -11
4 -21 -11
4 -21 -11
4 -15 -18
4 -15 -18
4 -15 -18
4 -11 23
4 -11 23
4 -11 23
4 -19 -15
4 -19 -15
4 -19 -15
4 22 -14
4 22 -14
4 22 -14
4 -16 20
4 -16 20
4 -16 20
4 -17 -20
4 -17 -20
4 -17 -20
4 22 -17
4 22 -17
4 22 -17
4 17 -22
4 17 -22
4 17 -22
4 24 -16
4 24 -16
4 24 -16
4 21 19
4 21 19
4 21 19
4 -20 -21
4 -20 -21
4 -20 -21
4 -23 -18
4 -23 -18
4 -23 -18
4 -22 -20
4 -22 -20
4 -22 -20
4 -23 -19
4 -23 -19
4 -23 -19
4 24 19
4 24 19
4 24 19
4 22 -21
4 22 -21
4 22 -21
4 24 20
4 24 20
4 24 20
4 -21 24
4 -21 24
4 -21 24
4 -23 -22
4 -23 -22
4 -23 -22
4 -24 -21
4 -24 -21
4 -24 -21
5 -3 -2
5 -3 -2
5 -3 -2
5 3 -4
5 3 -4
5 3 -4
5 -6 -1
5 -6 -1
5 -6 -1
5 7 2
5 7 2
5 7 2
5 -6 -3
5 -6 -3
5 -6 -3
5 6 -4
5 6 -4
5 6 -4
5 6 5
5 6 5
5 6 5
5 14 0
5 14 0
5 14 0
5 10 4
5 10 4
5 10 4
5 12 3
5 12 3
5 12 3
5 1 14
5 1 14
5 1 14
5 -3 -12
5 -3 -12
5 -3 -12
5 -4 11
5 -4 11
5 -4 11
5 15 1
5 15 1
5 15 1
5 -8 -8
5 -8 -8
5 -8 -8
5 8 -9
5 8 -9
5 8 -9
5 0 -17
5 0 -17
5 0 -17
5 11 -7
5 11 -7
5 11 -7
5 3 -15
5 3 -15
5 3 -15
5 0 -18
5 0 -18
5 0 -18
5 -3 -15
5 -3 -15
5 -3 -15
5 -13 5
5 -13 5
5 -13 5
5 -15 3
5 -15 3
5 -15 3
5 11 8
5 11 8
5 11 8
5 -3 -16
5 -3 -16
5 -3 -16
5 -18 1
5 -18 1
5 -18 1
5 -19 0
5 -19 0
5 -19 0
5 20 0
5 20 0
5 20 0
5 18 -2
5 18 -2
5 18 -2
5 17 3
5 17 3
5 17 3
5 4 16
5 4 16
5 4 16
5 0 20
5 0 20
5 0 20
5 -12 -8
5 -12 -8
5 -12 -8
5 -7 -14
5 -7 -14
5 -7 -14
5 -8 13
5 -8 13
5 -8 13
5 -11 -10
5 -11 -10
5 -11 -10
5 10 12
5 10 12
5 10 12
5 2 20
5 2 20
5 2 20
5 -5 17
5 -5 17
5 -5 17
5 -7 -15
5 -7 -15
5 -7 -15
5 -11 11
5 -11 11
5 -11 11
5 23 0
5 23 0
5 23 0
5 16 -7
5 16 -7
5 16 -7
5 -21 2
5 -21 2
5 -21 2
5 1 -23
5 1 -23
5 1 -23
5 -9 15
5 -9 15
5 -9 15
5 20 -5
5 20 -5
5 20 -5
5 9 -16
5 9 -16
5 9 -16
5 -8 17
5 -8 17
5 -8 17
5 -18 -7
5 -18 -7
5 -18 -7
5 7 -19
5 7 -19
5 7 -19
5 -6 20
5 -6 20
5 -6 20
5 21 6
5 21 6
5 21 6
5 -6 -21
5 -6 -21
5 -6 -21
5 -13 14
5 -13 14
5 -13 14
5 17 11
5 17 11
5 17 11
5 -12 -16
5 -12 -16
5 -12 -16
5 -18 10
5 -18 10
5 -18 10
5 -20 -8
5 -20 -8
5 -20 -8
5 8 -21
5 8 -21
5 8 -21
5 -21 -8
5 -21 -8
5 -21 -8
5 11 19
5 11 19
5 11 19
5 9 -21
5 9 -21
5 9 -21
5 -21 9
5 -21 9
5 -21 9
5 23 8
5 23 8
5 23 8
5 22 9
5 22 9
5 22 9
5 21 10
5 21 10
5 21 10
5 9 -22
5 9 -22
5 9 -22
5 -10 21
5 -10 21
5 -10 21
5 23 9
5 23 9
5 23 9
5 21 11
5 21 11
5 21 11
5 19 13
5 19 13
5 19 13
5 -21 -11
5 -21 -11
5 -21 -11
5 -15 -18
5 -15 -18
5 -15 -18
5 -11 23
5 -11 23
5 -11 23
5 -19 -15
5 -19 -15
5 -19 -15
5 22 -14
5 22 -14
5 22 -14
5 -16 20
5 -16 20
5 -16 20
5 -17 -20
5 -17 -20
5 -17 -20
5 22 -17
5 22 -17
5 22 -17
5 17 -22
5 17 -22
5 17 -22
5 24 -16
5 24 -16
5 24 -16
5 21 19
5 21 19
5 21 19
5 -20 -21
5 -20 -21
5 -20 -21
5 -23 -18
5 -23 -18
5 -23 -18
5 -22 -20
5 -22 -20
5 -22 -20
5 -23 -19
5 -23 -19
5 -23 -19
5 24 19
5 24 19
5 24 19
5 22 -21
5 22 -21
5 22 -21
5 24 20
5 24 20
5 24 20
5 -21 24
5 -21 24
5 -21 24
5 -23 -22
5 -23 -22
5 -23 -22
5 -24 -21
5 -24 -21
5 -24 -21
6 -3 -2
6 -3 -2
6 -3 -2
6 3 -4
6 3 -4
6 3 -4
6 -6 -1
6 -6 -1
6 -6 -1
6 7 2
6 7 2
6 7 2
6 -6 -3
6 -6 -3
6 -6 -3
6 6 -4
6 6 -4
6 6 -4
6 6 5
6 6 5
6 6 5
6 14 0
6 14 0
6 14 0
6 10 4
6 10 4
6 10 4
6 12 3
6 12 3
6 12 3
6 1 14
6 1 14
6 1 14
6 -3 -12
6 -3 -12
6 -3 -12
6 -4 11
6 -4 11
6 -4 11
6 15 1
6 15 1
6 15 1
6 -8 -8
6 -8 -8
6 -8 -8
6 8 -9
6 8 -9
6 8 -9
6 0 -17
6 0 -17
6 0 -17
6 11 -7
6 11 -7
6 11 -7
6 3 -15
6 3 -15
6 3 -15
6 0 -18
6 0 -18
6 0 -18
6 -3 -15
6 -3 -15
6 -3 -15
6 -13 5
6 -13 5
6 -13 5
6 -15 3
6 -15 3
6 -15 3
6 11 8
6 11 8
6 11 8
6 -3 -16
6 -3 -16
6 -3 -16
6 -18 1
6 -18 1
6 -18 1
6 -19 0
6 -19 0
6 -19 0
6 20 0
6 20 0
6 20 0
6 18 -2
6 18 -2
6 18 -2
6 17 3
6 17 3
6 17 3
6 4 16
6 4 16
6 4 16
6 0 20
6 0 20
6 0 20
6 -12 -8
6 -12 -8
6 -12 -8
6 -7 -14
6 -7 -14
6 -7 -14
6 -8 13
6 -8 13
6 -8 13
6 -11 -10
6 -11 -10
6 -11 -10
6 10 12
6 10 12
6 10 12
6 2 20
6 2 20
6 2 20
6 -5 17
6 -5 17
6 -5 17
6 -7 -15
6 -7 -15
6 -7 -15
6 -11 11
6 -11 11
6 -11 11
6 23 0
6 23 0
6 23 0
6 16 -7
6 16 -7
6 16 -7
6 -21 2
6 -21 2
6 -21 2
6 1 -23
6 1 -23
6 1 -23
6 -9 15
6 -9 15
6 -9 15
6 20 -5
6 20 -5
6 20 -5
6 9 -16
6 9 -16
6 9 -16
6 -8 17
6 -8 17
6 -8 17
6 -18 -7
6 -18 -7
6 -18 -7
6 7 -19
6 7 -19
6 7 -19
6 -6 20
6 -6 20
6 -6 20
6 21 6
6 21 6
6 21 6
6 -6 -21
6 -6 -21
6 -6 -21
6 -13 14
6 -13 14
6 -13 14
6 17 11
6 17 11
6 17 11
6 -12 -16
6 -12 -16
6 -12 -16
6 -18 10
6 -18 10
6 -18 10
6 -20 -8
6 -20 -8
6 -20 -8
6 8 -21
6 8 -21
6 8 -21
6 11 19
6 11 19
6 11 19
6 9 -21
6 9 -21
6 9 -21
6 -21 9
6 -21 9
6 -21 9
6 23 8
6 23 8
6 23 8
6 22 9
6 22 9
6 22 9
6 21 10
6 21 10
6 21 10
6 9 -22
6 9 -22
6 9 -22
6 -10 21
6 -10 21
6 -10 21
6 23 9
6 23 9
6 23 9
6 21 11
6 21 11
6 21 11
6 19 13
6 19 13
6 19 13
6 -21 -11
6 -21 -11
6 -21 -11
6 -15 -18
6 -15 -18
6 -15 -18
6 -11 23
6 -11 23
6 -11 23
6 -19 -15
6 -19 -15
6 -19 -15
6 22 -14
6 22 -14
6 22 -14
6 -16 20
6 -16 20
6 -16 20
6 -17 -20
6 -17 -20
6 -17 -20
6 22 -17
6 22 -17
6 22 -17
6 17 -22
6 17 -22
6 17 -22
6 24 -16
6 24 -16
6 24 -16
6 21 19
6 21 19
6 21 19
6 -20 -21
6 -20 -21
6 -20 -21
6 -23 -18
6 -23 -18
6 -23 -18
6 -22 -20
6 -22 -20
6 -22 -20
6 -23 -19
6 -23 -19
6 -23 -19
6 24 19
6 24 19
6 24 19
6 22 -21
6 22 -21
6 22 -21
6 24 20
6 24 20
6 24 20
6 -21 24
6 -21 24
6 -21 24
6 -23 -22
6 -23 -22
6 -23 -22
6 -24 -21
6 -24 -21
6 -24 -21
7 3 -4
7 3 -4
7 3 -4
7 -6 -1
7 -6 -1
7 -6 -1
7 7 2
7 7 2
7 7 2
7 -6 -3
7 -6 -3
7 -6 -3
7 6 -4
7 6 -4
7 6 -4
7 6 5
7 6 5
7 6 5
7 14 0
7 14 0
7 14 0
7 10 4
7 10 4
7 10 4
7 12 3
7 12 3
7 12 3
7 1 14
7 1 14
7 1 14
7 -3 -12
7 -3 -12
7 -3 -12
7 -4 11
7 -4 11
7 -4 11
7 15 1
7 15 1
7 15 1
7 -8 -8
7 -8 -8
7 -8 -8
7 8 -9
7 8 -9
7 8 -9
7 0 -17
7 0 -17
7 0 -17
7 11 -7
7 11 -7
7 11 -7
7 3 -15
7 3 -15
7 3 -15
7 0 -18
7 0 -18
7 0 -18
7 -3 -15
7 -3 -15
7 -3 -15
7 -13 5
7 -13 5
7 -13 5
7 -15 3
7 -15 3
7 -15 3
7 11 8
7 11 8
7 11 8
7 -3 -16
7 -3 -16
7 -3 -16
7 -18 1
7 -18 1
7 -18 1
7 -19 0
7 -19 0
7 -19 0
7 20 0
7 20 0
7 20 0
7 18 -2
7 18 -2
7 18 -2
7 17 3
7 17 3
7 17 3
7 4 16
7 4 16
7 4 16
7 0 20
7 0 20
7 0 20
7 -12 -8
7 -12 -8
7 -12 -8
7 -7 -14
7 -7 -14
7 -7 -14
7 -8 13
7 -8 13
7 -8 13
7 -11 -10
7 -11 -10
7 -11 -10
7 10 12
7 10 12
7 10 12
7 2 20
7 2 20
7 2 20
7 -5 17
7 -5 17
7 -5 17
7 -7 -15
7 -7 -15
7 -7 -15
7 -11 11
7 -11 11
7 -11 11
7 23 0
7 23 0
7 23 0
7 16 -7
7 16 -7
7 16 -7
7 -21 2
7 -21 2
7 -21 2
7 1 -23
7 1 -23
7 1 -23
7 -9 15
7 -9 15
7 -9 15
7 20 -5
7 20 -5
7 20 -5
7 9 -16
7 9 -16
7 9 -16
7 -8 17
7 -8 17
7 -8 17
7 -18 -7
7 -18 -7
7 -18 -7
7 7 -19
7 7 -19
7 7 -19
7 -6 20
7 -6 20
7 -6 20
7 21 6
7 21 6
7 21 6
7 -6 -21
7 -6 -21
7 -6 -21
7 -13 14
7 -13 14
7 -13 14
7 17 11
7 17 11
7 17 11
7 -12 -16
7 -12 -16
7 -12 -16
7 -18 10
7 -18 10
7 -18 10
7 -20 -8
7 -20 -8
7 -20 -8
7 8 -21
7 8 -21
7 8 -21
7 11 19
7 11 19
7 11 19
7 9 -21
7 9 -21
7 9 -21
7 -21 9
7 -21 9
7 -21 9
7 23 8
7 23 8
7 23 8
7 22 9
7 22 9
7 22 9
7 21 10
7 21 10
7 21 10
7 9 -22
7 9 -22
7 9 -22
7 -10 21
7 -10 21
7 -10 21
7 23 9
7 23 9
7 23 9
7 21 11
7 21 11
7 21 11
7 19 13
7 19 13
7 19 13
7 -21 -11
7 -21 -11
7 -21 -11
7 -15 -18
7 -15 -18
7 -15 -18
7 -11 23
7 -11 23
7 -11 23
7 -19 -15
7 -19 -15
7 -19 -15
7 22 -14
7 22 -14
7 22 -14
7 -16 20
7 -16 20
7 -16 20
7 -17 -20
7 -17 -20
7 -17 -20
7 22 -17
7 22 -17
7 22 -17
7 17 -22
7 17 -22
7 17 -22
7 24 -16
7 24 -16
7 24 -16
7 21 19
7 21 19
7 21 19
7 -20 -21
7 -20 -21
7 -20 -21
7 -23 -18
7 -23 -18
7 -23 -18
7 -22 -20
7 -22 -20
7 -22 -20
7 -23 -19
7 -23 -19
7 -23 -19
7 24 19
7 24 19
7 24 19
7 22 -21
7 22 -21
7 22 -21
7 24 20
7 24 20
7 24 20
7 -21 24
7 -21 24
7 -21 24
7 -23 -22
7 -23 -22
7 -23 -22
7 -24 -21
7 -24 -21
7 -24 -21
8 3 -4
8 3 -4
8 3 -4
8 -6 -1
8 -6 -1
8 -6 -1
8 7 2
8 7 2
8 7 2
8 -6 -3
8 -6 -3
8 -6 -3
8 6 -4
8 6 -4
8 6 -4
8 6 5
8 6 5
8 6 5
8 14 0
8 14 0
8 14 0
8 10 4
8 10 4
8 10 4
8 12 3
8 12 3
8 12 3
8 1 14
8 1 14
8 1 14
8 -3 -12
8 -3 -12
8 -3 -12
8 -4 11
8 -4 11
8 -4 11
8 15 1
8 15 1
8 15 1
8 -8 -8
8 -8 -8
8 -8 -8
8 8 -9
8 8 -9
8 8 -9
8 0 -17
8 0 -17
8 0 -17
8 11 -7
8 11 -7
8 11 -7
8 3 -15
8 3 -15
8 3 -15
8 0 -18
8 0 -18
8 0 -18
8 -3 -15
8 -3 -15
8 -3 -15
8 -13 5
8 -13 5
8 -13 5
8 -15 3
8 -15 3
8 -15 3
8 11 8
8 11 8
8 11 8
8 -3 -16
8 -3 -16
8 -3 -16
8 -18 1
8 -18 1
8 -18 1
8 -19 0
8 -19 0
8 -19 0
8 20 0
8 20 0
8 20 0
8 18 -2
8 18 -2
8 18 -2
8 17 3
8 17 3
8 17 3
8 4 16
8 4 16
8 4 16
8 0 20
8 0 20
8 0 20
8 -12 -8
8 -12 -8
8 -12 -8
8 -7 -14
8 -7 -14
8 -7 -14
8 -8 13
8 -8 13
8 -8 13
8 -11 -10
8 -11 -10
8 -11 -10
8 10 12
8 10 12
8 10 12
8 2 20
8 2 20
8 2 20
8 -5 17
8 -5 17
8 -5 17
8 -7 -15
8 -7 -15
8 -7 -15
8 -11 11
8 -11 11
8 -11 11
8 23 0
8 23 0
8 23 0
8 16 -7
8 16 -7
8 16 -7
8 -21 2
8 -21 2
8 -21 2
8 1 -23
8 1 -23
8 1 -23
8 -9 15
8 -9 15
8 -9 15
8 20 -5
8 20 -5
8 20 -5
8 9 -16
8 9 -16
8 9 -16
8 -18 -7
8 -18 -7
8 -18 -7
8 7 -19
8 7 -19
8 7 -19
8 -6 20
8 -6 20
8 -6 20
8 21 6
8 21 6
8 21 6
8 -6 -21
8 -6 -21
8 -6 -21
8 -13 14
8 -13 14
8 -13 14
8 17 11
8 17 11
8 17 11
8 -12 -16
8 -12 -16
8 -12 -16
8 -18 10
8 -18 10
8 -18 10
8 -20 -8
8 -20 -8
8 -20 -8
8 8 -21
8 8 -21
8 8 -21
8 11 19
8 11 19
8 11 19
8 9 -21
8 9 -21
8 9 -21
8 -21 9
8 -21 9
8 -21 9
8 23 8
8 23 8
8 23 8
8 22 9
8 22 9
8 22 9
8 21 10
8 21 10
8 21 10
8 9 -22
8 9 -22
8 9 -22
8 -10 21
8 -10 21
8 -10 21
8 23 9
8 23 9
8 23 9
8 21 11
8 21 11
8 21 11
8 19 13
8 19 13
8 19 13
8 -21 -11
8 -21 -11
8 -21 -11
8 -15 -18
8 -15 -18
8 -15 -18
8 -11 23
8 -11 23
8 -11 23
8 -19 -15
8 -19 -15
8 -19 -15
8 22 -14
8 22 -14
8 22 -14
8 -16 20
8 -16 20
8 -16 20
8 -17 -20
8 -17 -20
8 -17 -20
8 22 -17
8 22 -17
8 22 -17
8 17 -22
8 17 -22
8 17 -22
8 24 -16
8 24 -16
8 24 -16
8 21 19
8 21 19
8 21 19
8 -20 -21
8 -20 -21
8 -20 -21
8 -23 -18
8 -23 -18
8 -23 -18
8 -22 -20
8 -22 -20
8 -22 -20
8 -23 -19
8 -23 -19
8 -23 -19
8 24 19
8 24 19
8 24 19
8 22 -21
8 22 -21
8 22 -21
8 24 20
8 24 20
8 24 20
8 -21 24
8 -21 24
8 -21 24
8 -23 -22
8 -23 -22
8 -23 -22
8 -24 -21
8 -24 -21
8 -24 -21
9 3 -4
9 3 -4
9 3 -4
9 -6 -1
9 -6 -1
9 -6 -1
9 7 2
9 7 2
9 7 2
9 -6 -3
9 -6 -3
9 -6 -3
9 6 -4
9 6 -4
9 6 -4
9 6 5
9 6 5
9 6 5
9 14 0
9 14 0
9 14 0
9 10 4
9 10 4
9 10 4
9 12 3
9 12 3
9 12 3
9 1 14
9 1 14
9 1 14
9 -3 -12
9 -3 -12
9 -3 -12
9 -4 11
9 -4 11
9 -4 11
9 15 1
9 15 1
9 15 1
9 -8 -8
9 -8 -8
9 -8 -8
9 8 -9
9 8 -9
9 8 -9
9 0 -17
9 0 -17
9 0 -17
9 11 -7
9 11 -7
9 11 -7
9 3 -15
9 3 -15
9 3 -15
9 0 -18
9 0 -18
9 0 -18
9 -3 -15
9 -3 -15
9 -3 -15
9 -13 5
9 -13 5
9 -13 5
9 -15 3
9 -15 3
9 -15 3
9 11 8
9 11 8
9 11 8
9 -3 -16
9 -3 -16
9 -3 -16
9 -18 1
9 -18 1
9 -18 1
9 -19 0
9 -19 0
9 -19 0
9 20 0
9 20 0
9 20 0
9 18 -2
9 18 -2
9 18 -2
9 17 3
9 17 3
9 17 3
9 4 16
9 4 16
9 4 16
9 0 20
9 0 20
9 0 20
9 -12 -8
9 -12 -8
9 -12 -8
9 -7 -14
9 -7 -14
9 -7 -14
9 -8 13
9 -8 13
9 -8 13
9 -11 -10
9 -11 -10
9 -11 -10
9 10 12
9 10 12
9 10 12
9 2 20
9 2 20
9 2 20
9 -5 17
9 -5 17
9 -5 17
9 -7 -15
9 -7 -15
9 -7 -15
9 -11 11
9 -11 11
9 -11 11
9 23 0
9 23 0
9 23 0
9 16 -7
9 16 -7
9 16 -7
9 -21 2
9 -21 2
9 -21 2
9 1 -23
9 1 -23
9 1 -23
9 -9 15
9 -9 15
9 -9 15
9 20 -5
9 20 -5
9 20 -5
9 9 -16
9 9 -16
9 9 -16
9 -18 -7
9 -18 -7
9 -18 -7
9 7 -19
9 7 -19
9 7 -19
9 -6 20
9 -6 20
9 -6 20
9 -6 -21
9 -6 -21
9 -6 -21
9 -13 14
9 -13 14
9 -13 14
9 17 11
9 17 11
9 17 11
9 -12 -16
9 -12 -16
9 -12 -16
9 -18 10
9 -18 10
9 -18 10
9 -20 -8
9 -20 -8
9 -20 -8
9 8 -21
9 8 -21
9 8 -21
9 11 19
9 11 19
9 11 19
9 9 -21
9 9 -21
9 9 -21
9 -21 9
9 -21 9
9 -21 9
9 23 8
9 23 8
9 23 8
9 22 9
9 22 9
9 22 9
9 21 10
9 21 10
9 21 10
9 9 -22
9 9 -22
9 9 -22
9 -10 21
9 -10 21
9 -10 21
9 23 9
9 23 9
9 23 9
9 21 11
9 21 11
9 21 11
9 19 13
9 19 13
9 19 13
9 -21 -11
9 -21 -11
9 -21 -11
9 -15 -18
9 -15 -18
9 -15 -18
9 -11 23
9 -11 23
9 -11 23
9 -19 -15
9 -19 -15
9 -19 -15
9 22 -14
9 22 -14
9 22 -14
9 -16 20
9 -16 20
9 -16 20
9 -17 -20
9 -17 -20
9 -17 -20
9 22 -17
9 22 -17
9 22 -17
9 17 -22
9 17 -22
9 17 -22
9 24 -16
9 24 -16
9 24 -16
9 21 19
9 21 19
9 21 19
9 -20 -21
9 -20 -21
9 -20 -21
9 -23 -18
9 -23 -18
9 -23 -18
9 -22 -20
9 -22 -20
9 -22 -20
9 -23 -19
9 -23 -19
9 -23 -19
9 24 19
9 24 19
9 24 19
9 22 -21
9 22 -21
9 22 -21
9 24 20
9 24 20
9 24 20
9 -21 24
9 -21 24
9 -21 24
9 -23 -22
9 -23 -22
9 -23 -22
9 -24 -21
9 -24 -21
9 -24 -21
10 3 -4
10 3 -4
10 3 -4
10 -6 -1
10 -6 -1
10 -6 -1
10 7 2
10 7 2
10 7 2
10 -6 -3
10 -6 -3
10 -6 -3
10 6 -4
10 6 -4
10 6 -4
10 6 5
10 6 5
10 6 5
10 14 0
10 14 0
10 14 0
10 10 4
10 10 4
10 10 4
10 12 3
10 12 3
10 12 3
10 1 14
10 1 14
10 1 14
10 -3 -12
10 -3 -12
10 -3 -12
10 -4 11
10 -4 11
10 -4 11
10 15 1
10 15 1
10 15 1
10 -8 -8
10 -8 -8
10 -8 -8
10 8 -9
10 8 -9
10 8 -9
10 0 -17
10 0 -17
10 0 -17
10 11 -7
10 11 -7
10 11 -7
10 3 -15
10 3 -15
10 3 -15
10 0 -18
10 0 -18
10 0 -18
10 -3 -15
10 -3 -15
10 -3 -15
10 -13 5
10 -13 5
10 -13 5
10 -15 3
10 -15 3
10 -15 3
10 11 8
10 11 8
10 11 8
10 -3 -16
10 -3 -16
10 -3 -16
10 -18 1
10 -18 1
10 -18 1
10 -19 0
10 -19 0
10 -19 0
10 20 0
10 20 0
10 20 0
10 18 -2
10 18 -2
10 18 -2
10 17 3
10 17 3
10 17 3
10 4 16
10 4 16
10 4 16
10 0 20
10 0 20
10 0 20
10 -12 -8
10 -12 -8
10 -12 -8
10 -7 -14
10 -7 -14
10 -7 -14
10 -8 13
10 -8 13
10 -8 13
10 -11 -10
10 -11 -10
10 -11 -10
10 10 12
10 10 12
10 10 12
10 2 20
10 2 20
10 2 20
10 -5 17
10 -5 17
10 -5 17
10 -7 -15
10 -7 -15
10 -7 -15
10 -11 11
10 -11 11
10 -11 11
10 23 0
10 23 0
10 23 0
10 16 -7
10 16 -7
10 16 -7
10 -21 2
10 -21 2
10 -21 2
10 1 -23
10 1 -23
10 1 -23
10 -9 15
10 -9 15
10 -9 15
10 20 -5
10 20 -5
10 20 -5
10 9 -16
10 9 -16
10 9 -16
10 -18 -7
10 -18 -7
10 -18 -7
10 7 -19
10 7 -19
10 7 -19
10 -6 20
10 -6 20
10 -6 20
10 -6 -21
10 -6 -21
10 -6 -21
10 -13 14
10 -13 14
10 -13 14
10 17 11
10 17 11
10 17 11
10 -18 10
10 -18 10
10 -18 10
10 -20 -8
10 -20 -8
10 -20 -8
10 8 -21
10 8 -21
10 8 -21
10 11 19
10 11 19
10 11 19
10 9 -21
10 9 -21
10 9 -21
10 -21 9
10 -21 9
10 -21 9
10 23 8
10 23 8
10 23 8
10 22 9
10 22 9
10 22 9
10 21 10
10 21 10
10 21 10
10 9 -22
10 9 -22
10 9 -22
10 -10 21
10 -10 21
10 -10 21
10 23 9
10 23 9
10 23 9
10 21 11
10 21 11
10 21 11
10 19 13
10 19 13
10 19 13
10 -21 -11
10 -21 -11
10 -21 -11
10 -15 -18
10 -15 -18
10 -15 -18
10 -11 23
10 -11 23
10 -11 23
10 -19 -15
10 -19 -15
10 -19 -15
10 22 -14
10 22 -14
10 22 -14
10 -16 20
10 -16 20
10 -16 20
10 -17 -20
10 -17 -20
10 -17 -20
10 22 -17
10 22 -17
10 22 -17
10 17 -22
10 17 -22
10 17 -22
10 24 -16
10 24 -16
10 24 -16
10 21 19
10 21 19
10 21 19
10 -20 -21
10 -20 -21
10 -20 -21
10 -23 -18
10 -23 -18
10 -23 -18
10 -22 -20
10 -22 -20
10 -22 -20
10 -23 -19
10 -23 -19
10 -23 -19
10 24 19
10 24 19
10 24 19
10 22 -21
10 22 -21
10 22 -21
10 24 20
10 24 20
10 24 20
10 -21 24
10 -21 24
10 -21 24
10 -23 -22
10 -23 -22
10 -23 -22
10 -24 -21
10 -24 -21
10 -24 -21
11 3 -4
11 3 -4
11 3 -4
11 -6 -1
11 -6 -1
11 -6 -1
11 7 2
11 7 2
11 7 2
11 -6 -3
11 -6 -3
11 -6 -3
11 6 -4
11 6 -4
11 6 -4
11 6 5
11 6 5
11 6 5
11 14 0
11 14 0
11 14 0
11 10 4
11 10 4
11 10 4
11 12 3
11 12 3
11 12 3
11 1 14
11 1 14
11 1 14
11 -3 -12
11 -3 -12
11 -3 -12
11 -4 11
11 -4 11
11 -4 11
11 15 1
11 15 1
11 15 1
11 -8 -8
11 -8 -8
11 -8 -8
11 8 -9
11 8 -9
11 8 -9
11 0 -17
11 0 -17
11 0 -17
11 11 -7
11 11 -7
11 11 -7
11 3 -15
11 3 -15
11 3 -15
11 0 -18
11 0 -18
11 0 -18
11 -3 -15
11 -3 -15
11 -3 -15
11 -13 5
11 -13 5
11 -13 5
11 -15 3
11 -15 3
11 -15 3
11 11 8
11 11 8
11 11 8
11 -3 -16
11 -3 -16
11 -3 -16
11 -18 1
11 -18 1
11 -18 1
11 -19 0
11 -19 0
11 -19 0
11 20 0
11 20 0
11 20 0
11 18 -2
11 18 -2
11 18 -2
11 17 3
11 17 3
11 17 3
11 4 16
11 4 16
11 4 16
11 0 20
11 0 20
11 0 20
11 -12 -8
11 -12 -8
11 -12 -8
11 -7 -14
11 -7 -14
11 -7 -14
11 -8 13
11 -8 13
11 -8 13
11 -11 -10
11 -11 -10
11 -11 -10
11 10 12
11 10 12
11 10 12
11 2 20
11 2 20
11 2 20
11 -5 17
11 -5 17
11 -5 17
11 -7 -15
11 -7 -15
11 -7 -15
11 -11 11
11 -11 11
11 -11 11
11 23 0
11 23 0
11 23 0
11 16 -7
11 16 -7
11 16 -7
11 1 -23
11 1 -23
11 1 -23
11 -9 15
11 -9 15
11 -9 15
11 20 -5
11 20 -5
11 20 -5
11 9 -16
11 9 -16
11 9 -16
11 -18 -7
11 -18 -7
11 -18 -7
11 7 -19
11 7 -19
11 7 -19
11 -6 20
11 -6 20
11 -6 20
11 -6 -21
11 -6 -21
11 -6 -21
11 -13 14
11 -13 14
11 -13 14
11 17 11
11 17 11
11 17 11
11 -18 10
11 -18 10
11 -18 10
11 -20 -8
11 -20 -8
11 -20 -8
11 8 -21
11 8 -21
11 8 -21
11 11 19
11 11 19
11 11 19
11 9 -21
11 9 -21
11 9 -21
11 -21 9
11 -21 9
11 -21 9
11 23 8
11 23 8
11 23 8
11 22 9
11 22 9
11 22 9
11 21 10
11 21 10
11 21 10
11 9 -22
11 9 -22
11 9 -22
11 -10 21
11 -10 21
11 -10 21
11 23 9
11 23 9
11 23 9
11 21 11
11 21 11
11 21 11
11 19 13
11 19 13
11 19 13
11 -21 -11
11 -21 -11
11 -21 -11
11 -15 -18
11 -15 -18
11 -15 -18
11 -11 23
11 -11 23
11 -11 23
11 -19 -15
11 -19 -15
11 -19 -15
11 22 -14
11 22 -14
11 22 -14
11 -16 20
11 -16 20
11 -16 20
11 -17 -20
11 -17 -20
11 -17 -20
11 22 -17
11 22 -17
11 22 -17
11 17 -22
11 17 -22
11 17 -22
11 24 -16
11 24 -16
11 24 -16
11 21 19
11 21 19
11 21 19
11 -20 -21
11 -20 -21
11 -20 -21
11 -23 -18
11 -23 -18
11 -23 -18
11 -22 -20
11 -22 -20
11 -22 -20
11 -23 -19
11 -23 -19
11 -23 -19
11 24 19
11 24 19
11 24 19
11 22 -21
11 22 -21
11 22 -21
11 24 20
11 24 20
11 24 20
11 -21 24
11 -21 24
11 -21 24
11 -23 -22
11 -23 -22
11 -23 -22
11 -24 -21
11 -24 -21
11 -24 -21
12 3 -4
12 3 -4
12 3 -4
12 -6 -1
12 -6 -1
12 -6 -1
12 7 2
12 7 2
12 7 2
12 -6 -3
12 -6 -3
12 -6 -3
12 6 -4
12 6 -4
12 6 -4
12 6 5
12 6 5
12 6 5
12 14 0
12 14 0
12 14 0
12 10 4
12 10 4
12 10 4
12 12 3
12 12 3
12 12 3
12 1 14
12 1 14
12 1 14
12 -3 -12
12 -3 -12
12 -3 -12
12 -4 11
12 -4 11
12 -4 11
12 15 1
12 15 1
12 15 1
12 -8 -8
12 -8 -8
12 -8 -8
12 8 -9
12 8 -9
12 8 -9
12 0 -17
12 0 -17
12 0 -17
12 11 -7
12 11 -7
12 11 -7
12 3 -15
12 3 -15
12 3 -15
12 0 -18
12 0 -18
12 0 -18
12 -3 -15
12 -3 -15
12 -3 -15
12 -13 5
12 -13 5
12 -13 5
12 -15 3
12 -15 3
12 -15 3
12 11 8
12 11 8
12 11 8
12 -3 -16
12 -3 -16
12 -3 -16
12 -18 1
12 -18 1
12 -18 1
12 -19 0
12 -19 0
12 -19 0
12 20 0
12 20 0
12 20 0
12 18 -2
12 18 -2
12 18 -2
12 17 3
12 17 3
12 17 3
12 4 16
12 4 16
12 4 16
12 0 20
12 0 20
12 0 20
12 -12 -8
12 -12 -8
12 -12 -8
12 -7 -14
12 -7 -14
12 -7 -14
12 -8 13
12 -8 13
12 -8 13
12 -11 -10
12 -11 -10
12 -11 -10
12 10 12
12 10 12
12 10 12
12 2 20
12 2 20
12 2 20
12 -5 17
12 -5 17
12 -5 17
12 -7 -15
12 -7 -15
12 -7 -15
12 -11 11
12 -11 11
12 -11 11
12 23 0
12 23 0
12 23 0
12 1 -23
12 1 -23
12 1 -23
12 -9 15
12 -9 15
12 -9 15
12 20 -5
12 20 -5
12 20 -5
12 9 -16
12 9 -16
12 9 -16
12 -18 -7
12 -18 -7
12 -18 -7
12 7 -19
12 7 -19
12 7 -19
12 -6 20
12 -6 20
12 -6 20
12 -6 -21
12 -6 -21
12 -6 -21
12 -13 14
12 -13 14
12 -13 14
12 17 11
12 17 11
12 17 11
12 -18 10
12 -18 10
12 -18 10
12 -20 -8
12 -20 -8
12 -20 -8
12 8 -21
12 8 -21
12 8 -21
12 11 19
12 11 19
12 11 19
12 9 -21
12 9 -21
12 9 -21
12 -21 9
12 -21 9
12 -21 9
12 23 8
12 23 8
12 23 8
12 22 9
12 22 9
12 22 9
12 21 10
12 21 10
12 21 10
12 9 -22
12 9 -22
12 9 -22
12 -10 21
12 -10 21
12 -10 21
12 23 9
12 23 9
12 23 9
12 21 11
12 21 11
12 21 11
12 19 13
12 19 13
12 19 13
12 -21 -11
12 -21 -11
12 -21 -11
12 -15 -18
12 -15 -18
12 -15 -18
12 -11 23
12 -11 23
12 -11 23
12 -19 -15
12 -19 -15
12 -19 -15
12 22 -14
12 22 -14
12 22 -14
12 -16 20
12 -16 20
12 -16 20
12 -17 -20
12 -17 -20
12 -17 -20
12 22 -17
12 22 -17
12 22 -17
12 17 -22
12 17 -22
12 17 -22
12 24 -16
12 24 -16
12 24 -16
12 21 19
12 21 19
12 21 19
12 -20 -21
12 -20 -21
12 -20 -21
12 -23 -18
12 -23 -18
12 -23 -18
12 -22 -20
12 -22 -20
12 -22 -20
12 -23 -19
12 -23 -19
12 -23 -19
12 24 19
12 24 19
12 24 19
12 22 -21
12 22 -21
12 22 -21
12 24 20
12 24 20
12 24 20
12 -21 24
12 -21 24
12 -21 24
12 -23 -22
12 -23 -22
12 -23 -22
12 -24 -21
12 -24 -21
12 -24 -21
13 3 -4
13 3 -4
13 3 -4
13 -6 -1
13 -6 -1
13 -6 -1
13 7 2
13 7 2
13 7 2
13 -6 -3
13 -6 -3
13 -6 -3
13 6 -4
13 6 -4
13 6 -4
13 6 5
13 6 5
13 6 5
13 14 0
13 14 0
13 14 0
13 10 4
13 10 4
13 10 4
13 12 3
13 12 3
13 12 3
13 1 14
13 1 14
13 1 14
13 -3 -12
13 -3 -12
13 -3 -12
13 -4 11
13 -4 11
13 -4 11
13 15 1
13 15 1
13 15 1
13 -8 -8
13 -8 -8
13 -8 -8
13 8 -9
13 8 -9
13 8 -9
13 0 -17
13 0 -17
13 0 -17
13 11 -7
13 11 -7
13 11 -7
13 3 -15
13 3 -15
13 3 -15
13 0 -18
13 0 -18
13 0 -18
13 -3 -15
13 -3 -15
13 -3 -15
13 -13 5
13 -13 5
13 -13 5
13 -15 3
13 -15 3
13 -15 3
13 11 8
13 11 8
13 11 8
13 -3 -16
13 -3 -16
13 -3 -16
13 -18 1
13 -18 1
13 -18 1
13 -19 0
13 -19 0
13 -19 0
13 20 0
13 20 0
13 20 0
13 18 -2
13 18 -2
13 18 -2
13 17 3
13 17 3
13 17 3
13 4 16
13 4 16
13 4 16
13 0 20
13 0 20
13 0 20
13 -12 -8
13 -12 -8
13 -12 -8
13 -7 -14
13 -7 -14
13 -7 -14
13 -8 13
13 -8 13
13 -8 13
13 -11 -10
13 -11 -10
13 -11 -10
13 10 12
13 10 12
13 10 12
13 2 20
13 2 20
13 2 20
13 -7 -15
13 -7 -15
13 -7 -15
13 -11 11
13 -11 11
13 -11 11
13 23 0
13 23 0
13 23 0
13 1 -23
13 1 -23
13 1 -23
13 -9 15
13 -9 15
13 -9 15
13 20 -5
13 20 -5
13 20 -5
13 9 -16
13 9 -16
13 9 -16
13 -18 -7
13 -18 -7
13 -18 -7
13 7 -19
13 7 -19
13 7 -19
13 -6 20
13 -6 20
13 -6 20
13 -6 -21
13 -6 -21
13 -6 -21
13 -13 14
13 -13 14
13 -13 14
13 17 11
13 17 11
13 17 11
13 -18 10
13 -18 10
13 -18 10
13 -20 -8
13 -20 -8
13 -20 -8
13 8 -21
13 8 -21
13 8 -21
13 11 19
13 11 19
13 11 19
13 9 -21
13 9 -21
13 9 -21
13 -21 9
13 -21 9
13 -21 9
13 23 8
13 23 8
13 23 8
13 22 9
13 22 9
13 22 9
13 21 10
13 21 10
13 21 10
13 9 -22
13 9 -22
13 9 -22
13 -10 21
13 -10 21
13 -10 21
13 23 9
13 23 9
13 23 9
13 21 11
13 21 11
13 21 11
13 19 13
13 19 13
13 19 13
13 -21 -11
13 -21 -11
13 -21 -11
13 -15 -18
13 -15 -18
13 -15 -18
13 -11 23
13 -11 23
13 -11 23
13 -19 -15
13 -19 -15
13 -19 -15
13 22 -14
13 22 -14
13 22 -14
13 -16 20
13 -16 20
13 -16 20
13 -17 -20
13 -17 -20
13 -17 -20
13 22 -17
13 22 -17
13 22 -17
13 17 -22
13 17 -22
13 17 -22
13 24 -16
13 24 -16
13 24 -16
13 21 19
13 21 19
13 21 19
13 -20 -21
13 -20 -21
13 -20 -21
13 -23 -18
13 -23 -18
13 -23 -18
13 -22 -20
13 -22 -20
13 -22 -20
13 -23 -19
13 -23 -19
13 -23 -19
13 24 19
13 24 19
13 24 19
13 22 -21
13 22 -21
13 22 -21
13 24 20
13 24 20
13 24 20
13 -21 24
13 -21 24
13 -21 24
13 -23 -22
13 -23 -22
13 -23 -22
13 -24 -21
13 -24 -21
13 -24 -21
14 3 -4
14 3 -4
14 3 -4
14 -6 -1
14 -6 -1
14 -6 -1
14 7 2
14 7 2
14 7 2
14 -6 -3
14 -6 -3
14 -6 -3
14 6 -4
14 6 -4
14 6 -4
14 6 5
14 6 5
14 6 5
14 14 0
14 14 0
14 14 0
14 10 4
14 10 4
14 10 4
14 12 3
14 12 3
14 12 3
14 1 14
14 1 14
14 1 14
14 -3 -12
14 -3 -12
14 -3 -12
14 -4 11
14 -4 11
14 -4 11
14 15 1
14 15 1
14 15 1
14 -8 -8
14 -8 -8
14 -8 -8
14 8 -9
14 8 -9
14 8 -9
14 0 -17
14 0 -17
14 0 -17
14 11 -7
14 11 -7
14 11 -7
14 3 -15
14 3 -15
14 3 -15
14 0 -18
14 0 -18
14 0 -18
14 -3 -15
14 -3 -15
14 -3 -15
14 -13 5
14 -13 5
14 -13 5
14 -15 3
14 -15 3
14 -15 3
14 11 8
14 11 8
14 11 8
14 -3 -16
14 -3 -16
14 -3 -16
14 -18 1
14 -18 1
14 -18 1
14 -19 0
14 -19 0
14 -19 0
14 20 0
14 20 0
14 20 0
14 18 -2
14 18 -2
14 18 -2
14 17 3
14 17 3
14 17 3
14 4 16
14 4 16
14 4 16
14 0 20
14 0 20
14 0 20
14 -12 -8
14 -12 -8
14 -12 -8
14 -7 -14
14 -7 -14
14 -7 -14
14 -8 13
14 -8 13
14 -8 13
14 -11 -10
14 -11 -10
14 -11 -10
14 10 12
14 10 12
14 10 12
14 2 20
14 2 20
14 2 20
14 -7 -15
14 -7 -15
14 -7 -15
14 -11 11
14 -11 11
14 -11 11
14 23 0
14 23 0
14 23 0
14 1 -23
14 1 -23
14 1 -23
14 -9 15
14 -9 15
14 -9 15
14 20 -5
14 20 -5
14 20 -5
14 9 -16
14 9 -16
14 9 -16
14 -18 -7
14 -18 -7
14 -18 -7
14 7 -19
14 7 -19
14 7 -19
14 -6 20
14 -6 20
14 -6 20
14 -6 -21
14 -6 -21
14 -6 -21
14 -13 14
14 -13 14
14 -13 14
14 17 11
14 17 11
14 17 11
14 -18 10
14 -18 10
14 -18 10
14 -20 -8
14 -20 -8
14 -20 -8
14 8 -21
14 8 -21
14 8 -21
14 11 19
14 11 19
14 11 19
14 9 -21
14 9 -21
14 9 -21
14 -21 9
14 -21 9
14 -21 9
14 23 8
14 23 8
14 23 8
14 22 9
14 22 9
14 22 9
14 21 10
14 21 10
14 21 10
14 9 -22
14 9 -22
14 9 -22
14 -10 21
14 -10 21
14 -10 21
14 23 9
14 23 9
14 23 9
14 21 11
14 21 11
14 21 11
14 19 13
14 19 13
14 19 13
14 -21 -11
14 -21 -11
14 -21 -11
14 -15 -18
14 -15 -18
14 -15 -18
14 -11 23
14 -11 23
14 -11 23
14 -19 -15
14 -19 -15
14 -19 -15
14 22 -14
14 22 -14
14 22 -14
14 -16 20
14 -16 20
14 -16 20
14 -17 -20
14 -17 -20
14 -17 -20
14 22 -17
14 22 -17
14 22 -17
14 17 -22
14 17 -22
14 17 -22
14 24 -16
14 24 -16
14 24 -16
14 -20 -21
14 -20 -21
14 -20 -21
14 -23 -18
14 -23 -18
14 -23 -18
14 -22 -20
14 -22 -20
14 -22 -20
14 -23 -19
14 -23 -19
14 -23 -19
14 24 19
14 24 19
14 24 19
14 22 -21
14 22 -21
14 22 -21
14 24 20
14 24 20
14 24 20
14 -21 24
14 -21 24
14 -21 24
14 -23 -22
14 -23 -22
14 -23 -22
14 -24 -21
14 -24 -21
14 -24 -21
15 3 -4
15 3 -4
15 3 -4
15 -6 -1
15 -6 -1
15 -6 -1
15 7 2
15 7 2
15 7 2
15 -6 -3
15 -6 -3
15 -6 -3
15 6 -4
15 6 -4
15 6 -4
15 6 5
15 6 5
15 6 5
15 14 0
15 14 0
15 14 0
15 10 4
15 10 4
15 10 4
15 12 3
15 12 3
15 12 3
15 1 14
15 1 14
15 1 14
15 -3 -12
15 -3 -12
15 -3 -12
15 -4 11
15 -4 11
15 -4 11
15 15 1
15 15 1
15 15 1
15 -8 -8
15 -8 -8
15 -8 -8
15 8 -9
15 8 -9
15 8 -9
15 0 -17
15 0 -17
15 0 -17
15 11 -7
15 11 -7
15 11 -7
15 3 -15
15 3 -15
15 3 -15
15 0 -18
15 0 -18
15 0 -18
15 -3 -15
15 -3 -15
15 -3 -15
15 -13 5
15 -13 5
15 -13 5
15 -15 3
15 -15 3
15 -15 3
15 11 8
15 11 8
15 11 8
15 -3 -16
15 -3 -16
15 -3 -16
15 -18 1
15 -18 1
15 -18 1
15 -19 0
15 -19 0
15 -19 0
15 20 0
15 20 0
15 20 0
15 18 -2
15 18 -2
15 18 -2
15 17 3
15 17 3
15 17 3
15 4 16
15 4 16
15 4 16
15 0 20
15 0 20
15 0 20
15 -12 -8
15 -12 -8
15 -12 -8
15 -7 -14
15 -7 -14
15 -7 -14
15 -8 13
15 -8 13
15 -8 13
15 -11 -10
15 -11 -10
15 -11 -10
15 10 12
15 10 12
15 10 12
15 2 20
15 2 20
15 2 20
15 -7 -15
15 -7 -15
15 -7 -15
15 -11 11
15 -11 11
15 -11 11
15 23 0
15 23 0
15 23 0
15 1 -23
15 1 -23
15 1 -23
15 -9 15
15 -9 15
15 -9 15
15 20 -5
15 20 -5
15 20 -5
15 9 -16
15 9 -16
15 9 -16
15 -18 -7
15 -18 -7
15 -18 -7
15 7 -19
15 7 -19
15 7 -19
15 -6 20
15 -6 20
15 -6 20
15 -6 -21
15 -6 -21
15 -6 -21
15 -13 14
15 -13 14
15 -13 14
15 17 11
15 17 11
15 17 11
15 -18 10
15 -18 10
15 -18 10
15 -20 -8
15 -20 -8
15 -20 -8
15 8 -21
15 8 -21
15 8 -21
15 11 19
15 11 19
15 11 19
15 9 -21
15 9 -21
15 9 -21
15 -21 9
15 -21 9
15 -21 9
15 23 8
15 23 8
15 23 8
15 22 9
15 22 9
15 22 9
15 21 10
15 21 10
15 21 10
15 9 -22
15 9 -22
15 9 -22
15 -10 21
15 -10 21
15 -10 21
15 23 9
15 23 9
15 23 9
15 21 11
15 21 11
15 21 11
15 19 13
15 19 13
15 19 13
15 -21 -11
15 -21 -11
15 -21 -11
15 -15 -18
15 -15 -18
15 -15 -18
15 -11 23
15 -11 23
15 -11 23
15 -19 -15
15 -19 -15
15 -19 -15
15 22 -14
15 22 -14
15 22 -14
15 -16 20
15 -16 20
15 -16 20
15 -17 -20
15 -17 -20
15 -17 -20
15 22 -17
15 22 -17
15 22 -17
15 17 -22
15 17 -22
15 17 -22
15 24 -16
15 24 -16
15 24 -16
15 -20 -21
15 -20 -21
15 -20 -21
15 -23 -18
15 -23 -18
15 -23 -18
15 -22 -20
15 -22 -20
15 -22 -20
15 -23 -19
15 -23 -19
15 -23 -19
15 22 -21
15 22 -21
15 22 -21
15 24 20
15 24 20
15 24 20
15 -21 24
15 -21 24
15 -21 24
15 -23 -22
15 -23 -22
15 -23 -22
15 -24 -21
15 -24 -21
15 -24 -21
16 3 -4
16 3 -4
16 3 -4
16 -6 -1
16 -6 -1
16 -6 -1
16 7 2
16 7 2
16 7 2
16 -6 -3
16 -6 -3
16 -6 -3
16 6 -4
16 6 -4
16 6 -4
16 6 5
16 6 5
16 6 5
16 14 0
16 14 0
16 14 0
16 10 4
16 10 4
16 10 4
16 12 3
16 12 3
16 12 3
16 1 14
16 1 14
16 1 14
16 -3 -12
16 -3 -12
16 -3 -12
16 -4 11
16 -4 11
16 -4 11
16 15 1
16 15 1
16 15 1
16 -8 -8
16 -8 -8
16 -8 -8
16 8 -9
16 8 -9
16 8 -9
16 0 -17
16 0 -17
16 0 -17
16 11 -7
16 11 -7
16 11 -7
16 3 -15
16 3 -15
16 3 -15
16 0 -18
16 0 -18
16 0 -18
16 -3 -15
16 -3 -15
16 -3 -15
16 -13 5
16 -13 5
16 -13 5
16 -15 3
16 -15 3
16 -15 3
16 11 8
16 11 8
16 11 8
16 -3 -16
16 -3 -16
16 -3 -16
16 -18 1
16 -18 1
16 -18 1
16 -19 0
16 -19 0
16 -19 0
16 20 0
16 20 0
16 20 0
16 18 -2
16 18 -2
16 18 -2
16 17 3
16 17 3
16 17 3
16 4 16
16 4 16
16 4 16
16 0 20
16 0 20
16 0 20
16 -12 -8
16 -12 -8
16 -12 -8
16 -7 -14
16 -7 -14
16 -7 -14
16 -8 13
16 -8 13
16 -8 13
16 -11 -10
16 -11 -10
16 -11 -10
16 10 12
16 10 12
16 10 12
16 2 20
16 2 20
16 2 20
16 -7 -15
16 -7 -15
16 -7 -15
16 -11 11
16 -11 11
16 -11 11
16 23 0
16 23 0
16 23 0
16 1 -23
16 1 -23
16 1 -23
16 -9 15
16 -9 15
16 -9 15
16 20 -5
16 20 -5
16 20 -5
16 9 -16
16 9 -16
16 9 -16
16 -18 -7
16 -18 -7
16 -18 -7
16 7 -19
16 7 -19
16 7 -19
16 -6 20
16 -6 20
16 -6 20
16 -6 -21
16 -6 -21
16 -6 -21
16 -13 14
16 -13 14
16 -13 14
16 17 11
16 17 11
16 17 11
16 -18 10
16 -18 10
16 -18 10
16 -20 -8
16 -20 -8
16 -20 -8
16 8 -21
16 8 -21
16 8 -21
16 11 19
16 11 19
16 11 19
16 -21 9
16 -21 9
16 -21 9
16 23 8
16 23 8
16 23 8
16 22 9
16 22 9
16 22 9
16 21 10
16 21 10
16 21 10
16 9 -22
16 9 -22
16 9 -22
16 -10 21
16 -10 21
16 -10 21
16 23 9
16 23 9
16 23 9
16 21 11
16 21 11
16 21 11
16 19 13
16 19 13
16 19 13
16 -21 -11
16 -21 -11
16 -21 -11
16 -15 -18
16 -15 -18
16 -15 -18
16 -11 23
16 -11 23
16 -11 23
16 -19 -15
16 -19 -15
16 -19 -15
16 22 -14
16 22 -14
16 22 -14
16 -16 20
16 -16 20
16 -16 20
16 -17 -20
16 -17 -20
16 -17 -20
16 22 -17
16 22 -17
16 22 -17
16 17 -22
16 17 -22
16 17 -22
16 24 -16
16 24 -16
16 24 -16
16 -20 -21
16 -20 -21
16 -20 -21
16 -23 -18
16 -23 -18
16 -23 -18
16 -22 -20
16 -22 -20
16 -22 -20
16 -23 -19
16 -23 -19
16 -23 -19
16 22 -21
16 22 -21
16 22 -21
16 24 20
16 24 20
16 24 20
16 -21 24
16 -21 24
16 -21 24
16 -23 -22
16 -23 -22
16 -23 -22
16 -24 -21
16 -24 -21
16 -24 -21
17 3 -4
17 3 -4
17 3 -4
17 -6 -1
17 -6 -1
17 -6 -1
17 7 2
17 7 2
17 7 2
17 -6 -3
17 -6 -3
17 -6 -3
17 6 -4
17 6 -4
17 6 -4
17 6 5
17 6 5
17 6 5
17 14 0
17 14 0
17 14 0
17 10 4
17 10 4
17 10 4
17 12 3
17 12 3
17 12 3
17 1 14
17 1 14
17 1 14
17 -3 -12
17 -3 -12
17 -3 -12
17 -4 11
17 -4 11
17 -4 11
17 15 1
17 15 1
17 15 1
17 -8 -8
17 -8 -8
17 -8 -8
17 8 -9
17 8 -9
17 8 -9
17 0 -17
17 0 -17
17 0 -17
17 11 -7
17 11 -7
17 11 -7
17 3 -15
17 3 -15
17 3 -15
17 0 -18
17 0 -18
17 0 -18
17 -3 -15
17 -3 -15
17 -3 -15
17 -13 5
17 -13 5
17 -13 5
17 -15 3
17 -15 3
17 -15 3
17 11 8
17 11 8
17 11 8
17 -3 -16
17 -3 -16
17 -3 -16
17 -18 1
17 -18 1
17 -18 1
17 -19 0
17 -19 0
17 -19 0
17 20 0
17 20 0
17 20 0
17 18 -2
17 18 -2
17 18 -2
17 17 3
17 17 3
17 17 3
17 4 16
17 4 16
17 4 16
17 0 20
17 0 20
17 0 20
17 -12 -8
17 -12 -8
17 -12 -8
17 -7 -14
17 -7 -14
17 -7 -14
17 -8 13
17 -8 13
17 -8 13
17 -11 -10
17 -11 -10
17 -11 -10
17 10 12
17 10 12
17 10 12
17 2 20
17 2 20
17 2 20
17 -7 -15
17 -7 -15
17 -7 -15
17 -11 11
17 -11 11
17 -11 11
17 23 0
17 23 0
17 23 0
17 1 -23
17 1 -23
17 1 -23
17 -9 15
17 -9 15
17 -9 15
17 20 -5
17 20 -5
17 20 -5
17 9 -16
17 9 -16
17 9 -16
17 -18 -7
17 -18 -7
17 -18 -7
17 7 -19
17 7 -19
17 7 -19
17 -6 20
17 -6 20
17 -6 20
17 -6 -21
17 -6 -21
17 -6 -21
17 -13 14
17 -13 14
17 -13 14
17 17 11
17 17 11
17 17 11
17 -18 10
17 -18 10
17 -18 10
17 -20 -8
17 -20 -8
17 -20 -8
17 8 -21
17 8 -21
17 8 -21
17 11 19
17 11 19
17 11 19
17 -21 9
17 -21 9
17 -21 9
17 23 8
17 23 8
17 23 8
17 22 9
17 22 9
17 22 9
17 21 10
17 21 10
17 21 10
17 9 -22
17 9 -22
17 9 -22
17 -10 21
17 -10 21
17 -10 21
17 23 9
17 23 9
17 23 9
17 21 11
17 21 11
17 21 11
17 19 13
17 19 13
17 19 13
17 -21 -11
17 -21 -11
17 -21 -11
17 -15 -18
17 -15 -18
17 -15 -18
17 -11 23
17 -11 23
17 -11 23
17 -19 -15
17 -19 -15
17 -19 -15
17 22 -14
17 22 -14
17 22 -14
17 -16 20
17 -16 20
17 -16 20
17 -17 -20
17 -17 -20
17 -17 -20
17 22 -17
17 22 -17
17 22 -17
17 17 -22
17 17 -22
17 17 -22
17 24 -16
17 24 -16
17 24 -16
17 -20 -21
17 -20 -21
17 -20 -21
17 -23 -18
17 -23 -18
17 -23 -18
17 -23 -19
17 -23 -19
17 -23 -19
17 22 -21
17 22 -21
17 22 -21
17 24 20
17 24 20
17 24 20
17 -21 24
17 -21 24
17 -21 24
17 -23 -22
17 -23 -22
17 -23 -22
17 -24 -21
17 -24 -21
17 -24 -21
18 3 -4
18 3 -4
18 3 -4
18 -6 -1
18 -6 -1
18 -6 -1
18 7 2
18 7 2
18 7 2
18 -6 -3
18 -6 -3
18 -6 -3
18 6 -4
18 6 -4
18 6 -4
18 6 5
18 6 5
18 6 5
18 14 0
18 14 0
18 14 0
18 10 4
18 10 4
18 10 4
18 12 3
18 12 3
18 12 3
18 1 14
18 1 14
18 1 14
18 -3 -12
18 -3 -12
18 -3 -12
18 -4 11
18 -4 11
18 -4 11
18 15 1
18 15 1
18 15 1
18 -8 -8
18 -8 -8
18 -8 -8
18 8 -9
18 8 -9
18 8 -9
18 0 -17
18 0 -17
18 0 -17
18 11 -7
18 11 -7
18 11 -7
18 3 -15
18 3 -15
18 3 -15
18 0 -18
18 0 -18
18 0 -18
18 -3 -15
18 -3 -15
18 -3 -15
18 -13 5
18 -13 5
18 -13 5
18 -15 3
18 -15 3
18 -15 3
18 11 8
18 11 8
18 11 8
18 -3 -16
18 -3 -16
18 -3 -16
18 -18 1
18 -18 1
18 -18 1
18 -19 0
18 -19 0
18 -19 0
18 20 0
18 20 0
18 20 0
18 18 -2
18 18 -2
18 18 -2
18 17 3
18 17 3
18 17 3
18 4 16
18 4 16
18 4 16
18 0 20
18 0 20
18 0 20
18 -12 -8
18 -12 -8
18 -12 -8
18 -7 -14
18 -7 -14
18 -7 -14
18 -8 13
18 -8 13
18 -8 13
18 -11 -10
18 -11 -10
18 -11 -10
18 10 12
18 10 12
18 10 12
18 2 20
18 2 20
18 2 20
18 -7 -15
18 -7 -15
18 -7 -15
18 -11 11
18 -11 11
18 -11 11
18 23 0
18 23 0
18 23 0
18 1 -23
18 1 -23
18 1 -23
18 -9 15
18 -9 15
18 -9 15
18 20 -5
18 20 -5
18 20 -5
18 -18 -7
18 -18 -7
18 -18 -7
18 7 -19
18 7 -19
18 7 -19
18 -6 20
18 -6 20
18 -6 20
18 -6 -21
18 -6 -21
18 -6 -21
18 -13 14
18 -13 14
18 -13 14
18 17 11
18 17 11
18 17 11
18 -18 10
18 -18 10
18 -18 10
18 -20 -8
18 -20 -8
18 -20 -8
18 8 -21
18 8 -21
18 8 -21
18 11 19
18 11 19
18 11 19
18 -21 9
18 -21 9
18 -21 9
18 23 8
18 23 8
18 23 8
18 22 9
18 22 9
18 22 9
18 21 10
18 21 10
18 21 10
18 9 -22
18 9 -22
18 9 -22
18 -10 21
18 -10 21
18 -10 21
18 23 9
18 23 9
18 23 9
18 21 11
18 21 11
18 21 11
18 19 13
18 19 13
18 19 13
18 -21 -11
18 -21 -11
18 -21 -11
18 -15 -18
18 -15 -18
18 -15 -18
18 -11 23
18 -11 23
18 -11 23
18 -19 -15
18 -19 -15
18 -19 -15
18 22 -14
18 22 -14
18 22 -14
18 -16 20
18 -16 20
18 -16 20
18 -17 -20
18 -17 -20
18 -17 -20
18 22 -17
18 22 -17
18 22 -17
18 17 -22
18 17 -22
18 17 -22
18 24 -16
18 24 -16
18 24 -16
18 -20 -21
18 -20 -21
18 -20 -21
18 -23 -18
18 -23 -18
18 -23 -18
18 -23 -19
18 -23 -19
18 -23 -19
18 22 -21
18 22 -21
18 22 -21
18 24 20
18 24 20
18 24 20
18 -21 24
18 -21 24
18 -21 24
18 -23 -22
18 -23 -22
18 -23 -22
18 -24 -21
18 -24 -21
18 -24 -21
19 3 -4
19 3 -4
19 3 -4
19 -6 -1
19 -6 -1
19 -6 -1
19 7 2
19 7 2
19 7 2
19 -6 -3
19 -6 -3
19 -6 -3
19 6 -4
19 6 -4
19 6 -4
19 6 5
19 6 5
19 6 5
19 14 0
19 14 0
19 14 0
19 10 4
19 10 4
19 10 4
19 12 3
19 12 3
19 12 3
19 1 14
19 1 14
19 1 14
19 -3 -12
19 -3 -12
19 -3 -12
19 -4 11
19 -4 11
19 -4 11
19 15 1
19 15 1
19 15 1
19 -8 -8
19 -8 -8
19 -8 -8
19 8 -9
19 8 -9
19 8 -9
19 0 -17
19 0 -17
19 0 -17
19 11 -7
19 11 -7
19 11 -7
19 3 -15
19 3 -15
19 3 -15
19 0 -18
19 0 -18
19 0 -18
19 -3 -15
19 -3 -15
19 -3 -15
19 -13 5
19 -13 5
19 -13 5
19 -15 3
19 -15 3
19 -15 3
19 11 8
19 11 8
19 11 8
19 -3 -16
19 -3 -16
19 -3 -16
19 -18 1
19 -18 1
19 -18 1
19 20 0
19 20 0
19 20 0
19 18 -2
19 18 -2
19 18 -2
19 17 3
19 17 3
19 17 3
19 4 16
19 4 16
19 4 16
19 0 20
19 0 20
19 0 20
19 -12 -8
19 -12 -8
19 -12 -8
19 -7 -14
19 -7 -14
19 -7 -14
19 -8 13
19 -8 13
19 -8 13
19 -11 -10
19 -11 -10
19 -11 -10
19 10 12
19 10 12
19 10 12
19 2 20
19 2 20
19 2 20
19 -7 -15
19 -7 -15
19 -7 -15
19 -11 11
19 -11 11
19 -11 11
19 23 0
19 23 0
19 23 0
19 1 -23
19 1 -23
19 1 -23
19 -9 15
19 -9 15
19 -9 15
19 20 -5
19 20 -5
19 20 -5
19 -18 -7
19 -18 -7
19 -18 -7
19 7 -19
19 7 -19
19 7 -19
19 -6 20
19 -6 20
19 -6 20
19 -6 -21
19 -6 -21
19 -6 -21
19 -13 14
19 -13 14
19 -13 14
19 17 11
19 17 11
19 17 11
19 -18 10
19 -18 10
19 -18 10
19 -20 -8
19 -20 -8
19 -20 -8
19 8 -21
19 8 -21
19 8 -21
19 11 19
19 11 19
19 11 19
19 -21 9
19 -21 9
19 -21 9
19 23 8
19 23 8
19 23 8
19 22 9
19 22 9
19 22 9
19 21 10
19 21 10
19 21 10
19 9 -22
19 9 -22
19 9 -22
19 -10 21
19 -10 21
19 -10 21
19 23 9
19 23 9
19 23 9
19 21 11
19 21 11
19 21 11
19 19 13
19 19 13
19 19 13
19 -21 -11
19 -21 -11
19 -21 -11
19 -15 -18
19 -15 -18
19 -15 -18
19 -11 23
19 -11 23
19 -11 23
19 -19 -15
19 -19 -15
19 -19 -15
19 22 -14
19 22 -14
19 22 -14
19 -16 20
19 -16 20
19 -16 20
19 -17 -20
19 -17 -20
19 -17 -20
19 22 -17
19 22 -17
19 22 -17
19 17 -22
19 17 -22
19 17 -22
19 24 -16
19 24 -16
19 24 -16
19 -20 -21
19 -20 -21
19 -20 -21
19 -23 -18
19 -23 -18
19 -23 -18
19 -23 -19
19 -23 -19
19 -23 -19
19 22 -21
19 22 -21
19 22 -21
19 24 20
19 24 20
19 24 20
19 -21 24
19 -21 24
19 -21 24
19 -23 -22
19 -23 -22
19 -23 -22
19 -24 -21
19 -24 -21
19 -24 -21
20 3 -4
20 3 -4
20 3 -4
20 -6 -1
20 -6 -1
20 -6 -1
20 7 2
20 7 2
20 7 2
20 -6 -3
20 -6 -3
20 -6 -3
20 6 -4
20 6 -4
20 6 -4
20 6 5
20 6 5
20 6 5
20 14 0
20 14 0
20 14 0
20 10 4
20 10 4
20 10 4
20 12 3
20 12 3
20 12 3
20 1 14
20 1 14
20 1 14
20 -3 -12
20 -3 -12
20 -3 -12
20 -4 11
20 -4 11
20 -4 11
20 15 1
20 15 1
20 15 1
20 -8 -8
20 -8 -8
20 -8 -8
20 8 -9
20 8 -9
20 8 -9
20 0 -17
20 0 -17
20 0 -17
20 11 -7
20 11 -7
20 11 -7
20 3 -15
20 3 -15
20 3 -15
20 0 -18
20 0 -18
20 0 -18
20 -3 -15
20 -3 -15
20 -3 -15
20 -13 5
20 -13 5
20 -13 5
20 -15 3
20 -15 3
20 -15 3
20 11 8
20 11 8
20 11 8
20 -3 -16
20 -3 -16
20 -3 -16
20 -18 1
20 -18 1
20 -18 1
20 20 0
20 20 0
20 20 0
20 18 -2
20 18 -2
20 18 -2
20 17 3
20 17 3
20 17 3
20 4 16
20 4 16
20 4 16
20 0 20
20 0 20
20 0 20
20 -12 -8
20 -12 -8
20 -12 -8
20 -7 -14
20 -7 -14
20 -7 -14
20 -8 13
20 -8 13
20 -8 13
20 -11 -10
20 -11 -10
20 -11 -10
20 10 12
20 10 12
20 10 12
20 2 20
20 2 20
20 2 20
20 -11 11
20 -11 11
20 -11 11
20 23 0
20 23 0
20 23 0
20 1 -23
20 1 -23
20 1 -23
20 -9 15
20 -9 15
20 -9 15
20 20 -5
20 20 -5
20 20 -5
20 -18 -7
20 -18 -7
20 -18 -7
20 7 -19
20 7 -19
20 7 -19
20 -6 20
20 -6 20
20 -6 20
20 -6 -21
20 -6 -21
20 -6 -21
20 -13 14
20 -13 14
20 -13 14
20 17 11
20 17 11
20 17 11
20 -18 10
20 -18 10
20 -18 10
20 -20 -8
20 -20 -8
20 -20 -8
20 8 -21
20 8 -21
20 8 -21
20 11 19
20 11 19
20 11 19
20 -21 9
20 -21 9
20 -21 9
20 23 8
20 23 8
20 23 8
20 22 9
20 22 9
20 22 9
20 21 10
20 21 10
20 21 10
20 9 -22
20 9 -22
20 9 -22
20 -10 21
20 -10 21
20 -10 21
20 23 9
20 23 9
20 23 9
20 21 11
20 21 11
20 21 11
20 19 13
20 19 13
20 19 13
20 -21 -11
20 -21 -11
20 -21 -11
20 -15 -18
20 -15 -18
20 -15 -18
20 -11 23
20 -11 23
20 -11 23
20 -19 -15
20 -19 -15
20 -19 -15
20 22 -14
20 22 -14
20 22 -14
20 -16 20
20 -16 20
20 -16 20
20 -17 -20
20 -17 -20
20 -17 -20
20 22 -17
20 22 -17
20 22 -17
20 17 -22
20 17 -22
20 17 -22
20 24 -16
20 24 -16
20 24 -16
20 -20 -21
20 -20 -21
20 -20 -21
20 -23 -18
20 -23 -18
20 -23 -18
20 -23 -19
20 -23 -19
20 -23 -19
20 22 -21
20 22 -21
20 22 -21
20 24 20
20 24 20
20 24 20
20 -21 24
20 -21 24
20 -21 24
20 -23 -22
20 -23 -22
20 -23 -22
20 -24 -21
20 -24 -21
20 -24 -21
21 3 -4
21 3 -4
21 3 -4
21 -6 -1
21 -6 -1
21 -6 -1
21 7 2
21 7 2
21 7 2
21 -6 -3
21 -6 -3
21 -6 -3
21 6 -4
21 6 -4
21 6 -4
21 6 5
21 6 5
21 6 5
21 14 0
21 14 0
21 14 0
21 10 4
21 10 4
21 10 4
21 12 3
21 12 3
21 12 3
21 1 14
21 1 14
21 1 14
21 -3 -12
21 -3 -12
21 -3 -12
21 -4 11
21 -4 11
21 -4 11
21 15 1
21 15 1
21 15 1
21 -8 -8
21 -8 -8
21 -8 -8
21 8 -9
21 8 -9
21 8 -9
21 0 -17
21 0 -17
21 0 -17
21 11 -7
21 11 -7
21 11 -7
21 3 -15
21 3 -15
21 3 -15
21 0 -18
21 0 -18
21 0 -18
21 -3 -15
21 -3 -15
21 -3 -15
21 -13 5
21 -13 5
21 -13 5
21 -15 3
21 -15 3
21 -15 3
21 11 8
21 11 8
21 11 8
21 -3 -16
21 -3 -16
21 -3 -16
21 -18 1
21 -18 1
21 -18 1
21 20 0
21 20 0
21 20 0
21 18 -2
21 18 -2
21 18 -2
21 17 3
21 17 3
21 17 3
21 4 16
21 4 16
21 4 16
21 0 20
21 0 20
21 0 20
21 -12 -8
21 -12 -8
21 -12 -8
21 -7 -14
21 -7 -14
21 -7 -14
21 -8 13
21 -8 13
21 -8 13
21 -11 -10
21 -11 -10
21 -11 -10
21 10 12
21 10 12
21 10 12
21 2 20
21 2 20
21 2 20
21 -11 11
21 -11 11
21 -11 11
21 23 0
21 23 0
21 23 0
21 1 -23
21 1 -23
21 1 -23
21 -9 15
21 -9 15
21 -9 15
21 20 -5
21 20 -5
21 20 -5
21 -18 -7
21 -18 -7
21 -18 -7
21 7 -19
21 7 -19
21 7 -19
21 -6 20
21 -6 20
21 -6 20
21 -6 -21
21 -6 -21
21 -6 -21
21 -13 14
21 -13 14
21 -13 14
21 17 11
21 17 11
21 17 11
21 -18 10
21 -18 10
21 -18 10
21 -20 -8
21 -20 -8
21 -20 -8
21 8 -21
21 8 -21
21 8 -21
21 11 19
21 11 19
21 11 19
21 -21 9
21 -21 9
21 -21 9
21 23 8
21 23 8
21 23 8
21 22 9
21 22 9
21 22 9
21 21 10
21 21 10
21 21 10
21 9 -22
21 9 -22
21 9 -22
21 -10 21
21 -10 21
21 -10 21
21 23 9
21 23 9
21 23 9
21 21 11
21 21 11
21 21 11
21 19 13
21 19 13
21 19 13
21 -21 -11
21 -21 -11
21 -21 -11
21 -15 -18
21 -15 -18
21 -15 -18
21 -11 23
21 -11 23
21 -11 23
21 -19 -15
21 -19 -15
21 -19 -15
21 22 -14
21 22 -14
21 22 -14
21 -16 20
21 -16 20
21 -16 20
21 -17 -20
21 -17 -20
21 -17 -20
21 17 -22
21 17 -22
21 17 -22
21 24 -16
21 24 -16
21 24 -16
21 -20 -21
21 -20 -21
21 -20 -21
21 -23 -18
21 -23 -18
21 -23 -18
21 -23 -19
21 -23 -19
21 -23 -19
21 22 -21
21 22 -21
21 22 -21
21 24 20
21 24 20
21 24 20
21 -21 24
21 -21 24
21 -21 24
21 -23 -22
21 -23 -22
21 -23 -22
21 -24 -21
21 -24 -21
21 -24 -21
22 3 -4
22 3 -4
22 3 -4
22 -6 -1
22 -6 -1
22 -6 -1
22 7 2
22 7 2
22 7 2
22 -6 -3
22 -6 -3
22 -6 -3
22 6 -4
22 6 -4
22 6 -4
22 6 5
22 6 5
22 6 5
22 14 0
22 14 0
22 14 0
22 10 4
22 10 4
22 10 4
22 12 3
22 12 3
22 12 3
22 1 14
22 1 14
22 1 14
22 -3 -12
22 -3 -12
22 -3 -12
22 -4 11
22 -4 11
22 -4 11
22 15 1
22 15 1
22 15 1
22 -8 -8
22 -8 -8
22 -8 -8
22 8 -9
22 8 -9
22 8 -9
22 0 -17
22 0 -17
22 0 -17
22 11 -7
22 11 -7
22 11 -7
22 3 -15
22 3 -15
22 3 -15
22 0 -18
22 0 -18
22 0 -18
22 -3 -15
22 -3 -15
22 -3 -15
22 -13 5
22 -13 5
22 -13 5
22 -15 3
22 -15 3
22 -15 3
22 11 8
22 11 8
22 11 8
22 -3 -16
22 -3 -16
22 -3 -16
22 -18 1
22 -18 1
22 -18 1
22 20 0
22 20 0
22 20 0
22 18 -2
22 18 -2
22 18 -2
22 17 3
22 17 3
22 17 3
22 4 16
22 4 16
22 4 16
22 0 20
22 0 20
22 0 20
22 -12 -8
22 -12 -8
22 -12 -8
22 -7 -14
22 -7 -14
22 -7 -14
22 -8 13
22 -8 13
22 -8 13
22 -11 -10
22 -11 -10
22 -11 -10
22 10 12
22 10 12
22 10 12
22 2 20
22 2 20
22 2 20
22 -11 11
22 -11 11
22 -11 11
22 23 0
22 23 0
22 23 0
22 1 -23
22 1 -23
22 1 -23
22 -9 15
22 -9 15
22 -9 15
22 20 -5
22 20 -5
22 20 -5
22 -18 -7
22 -18 -7
22 -18 -7
22 7 -19
22 7 -19
22 7 -19
22 -6 20
22 -6 20
22 -6 20
22 -6 -21
22 -6 -21
22 -6 -21
22 -13 14
22 -13 14
22 -13 14
22 17 11
22 17 11
22 17 11
22 -18 10
22 -18 10
22 -18 10
22 8 -21
22 8 -21
22 8 -21
22 11 19
22 11 19
22 11 19
22 -21 9
22 -21 9
22 -21 9
22 23 8
22 23 8
22 23 8
22 22 9
22 22 9
22 22 9
22 21 10
22 21 10
22 21 10
22 9 -22
22 9 -22
22 9 -22
22 -10 21
22 -10 21
22 -10 21
22 23 9
22 23 9
22 23 9
22 21 11
22 21 11
22 21 11
22 19 13
22 19 13
22 19 13
22 -21 -11
22 -21 -11
22 -21 -11
22 -15 -18
22 -15 -18
22 -15 -18
22 -11 23
22 -11 23
22 -11 23
22 -19 -15
22 -19 -15
22 -19 -15
22 22 -14
22 22 -14
22 22 -14
22 -16 20
22 -16 20
22 -16 20
22 -17 -20
22 -17 -20
22 -17 -20
22 17 -22
22 17 -22
22 17 -22
22 24 -16
22 24 -16
22 24 -16
22 -20 -21
22 -20 -21
22 -20 -21
22 -23 -18
22 -23 -18
22 -23 -18
22 -23 -19
22 -23 -19
22 -23 -19
22 22 -21
22 22 -21
22 22 -21
22 24 20
22 24 20
22 24 20
22 -21 24
22 -21 24
22 -21 24
22 -23 -22
22 -23 -22
22 -23 -22
22 -24 -21
22 -24 -21
22 -24 -21
23 3 -4
23 3 -4
23 3 -4
23 -6 -1
23 -6 -1
23 -6 -1
23 7 2
23 7 2
23 7 2
23 -6 -3
23 -6 -3
23 -6 -3
23 6 -4
23 6 -4
23 6 -4
23 6 5
23 6 5
23 6 5
23 14 0
23 14 0
23 14 0
23 10 4
23 10 4
23 10 4
23 12 3
23 12 3
23 12 3
23 1 14
23 1 14
23 1 14
23 -3 -12
23 -3 -12
23 -3 -12
23 -4 11
23 -4 11
23 -4 11
23 15 1
23 15 1
23 15 1
23 -8 -8
23 -8 -8
23 -8 -8
23 8 -9
23 8 -9
23 8 -9
23 0 -17
23 0 -17
23 0 -17
23 11 -7
23 11 -7
23 11 -7
23 3 -15
23 3 -15
23 3 -15
23 0 -18
23 0 -18
23 0 -18
23 -3 -15
23 -3 -15
23 -3 -15
23 -13 5
23 -13 5
23 -13 5
23 -15 3
23 -15 3
23 -15 3
23 11 8
23 11 8
23 11 8
23 -3 -16
23 -3 -16
23 -3 -16
23 -18 1
23 -18 1
23 -18 1
23 20 0
23 20 0
23 20 0
23 18 -2
23 18 -2
23 18 -2
23 17 3
23 17 3
23 17 3
23 4 16
23 4 16
23 4 16
23 0 20
23 0 20
23 0 20
23 -12 -8
23 -12 -8
23 -12 -8
23 -7 -14
23 -7 -14
23 -7 -14
23 -8 13
23 -8 13
23 -8 13
23 10 12
23 10 12
23 10 12
23 2 20
23 2 20
23 2 20
23 -11 11
23 -11 11
23 -11 11
23 23 0
23 23 0
23 23 0
23 1 -23
23 1 -23
23 1 -23
23 -9 15
23 -9 15
23 -9 15
23 20 -5
23 20 -5
23 20 -5
23 -18 -7
23 -18 -7
23 -18 -7
23 7 -19
23 7 -19
23 7 -19
23 -6 20
23 -6 20
23 -6 20
23 -6 -21
23 -6 -21
23 -6 -21
23 -13 14
23 -13 14
23 -13 14
23 17 11
23 17 11
23 17 11
23 -18 10
23 -18 10
23 -18 10
23 8 -21
23 8 -21
23 8 -21
23 11 19
23 11 19
23 11 19
23 -21 9
23 -21 9
23 -21 9
23 23 8
23 23 8
23 23 8
23 22 9
23 22 9
23 22 9
23 21 10
23 21 10
23 21 10
23 9 -22
23 9 -22
23 9 -22
23 -10 21
23 -10 21
23 -10 21
23 23 9
23 23 9
23 23 9
23 21 11
23 21 11
23 21 11
23 19 13
23 19 13
23 19 13
23 -21 -11
23 -21 -11
23 -21 -11
23 -15 -18
23 -15 -18
23 -15 -18
23 -11 23
23 -11 23
23 -11 23
23 -19 -15
23 -19 -15
23 -19 -15
23 22 -14
23 22 -14
23 22 -14
23 -16 20
23 -16 20
23 -16 20
23 -17 -20
23 -17 -20
23 -17 -20
23 17 -22
23 17 -22
23 17 -22
23 24 -16
23 24 -16
23 24 -16
23 -20 -21
23 -20 -21
23 -20 -21
23 -23 -18
23 -23 -18
23 -23 -18
23 -23 -19
23 -23 -19
23 -23 -19
23 22 -21
23 22 -21
23 22 -21
23 24 20
23 24 20
23 24 20
23 -21 24
23 -21 24
23 -21 24
23 -23 -22
23 -23 -22
23 -23 -22
23 -24 -21
23 -24 -21
23 -24 -21
24 3 -4
24 3 -4
24 3 -4
24 -6 -1
24 -6 -1
24 -6 -1
24 7 2
24 7 2
24 7 2
24 -6 -3
24 -6 -3
24 -6 -3
24 6 -4
24 6 -4
24 6 -4
24 6 5
24 6 5
24 6 5
24 14 0
24 14 0
24 14 0
24 10 4
24 10 4
24 10 4
24 12 3
24 12 3
24 12 3
24 1 14
24 1 14
24 1 14
24 -3 -12
24 -3 -12
24 -3 -12
24 -4 11
24 -4 11
24 -4 11
24 15 1
24 15 1
24 15 1
24 -8 -8
24 -8 -8
24 -8 -8
24 8 -9
24 8 -9
24 8 -9
24 0 -17
24 0 -17
24 0 -17
24 11 -7
24 11 -7
24 11 -7
24 3 -15
24 3 -15
24 3 -15
24 0 -18
24 0 -18
24 0 -18
24 -3 -15
24 -3 -15
24 -3 -15
24 -13 5
24 -13 5
24 -13 5
24 -15 3
24 -15 3
24 -15 3
24 11 8
24 11 8
24 11 8
24 -3 -16
24 -3 -16
24 -3 -16
24 -18 1
24 -18 1
24 -18 1
24 20 0
24 20 0
24 20 0
24 18 -2
24 18 -2
24 18 -2
24 17 3
24 17 3
24 17 3
24 4 16
24 4 16
24 4 16
24 0 20
24 0 20
24 0 20
24 -12 -8
24 -12 -8
24 -12 -8
24 -7 -14
24 -7 -14
24 -7 -14
24 -8 13
24 -8 13
24 -8 13
24 10 12
24 10 12
24 10 12
24 2 20
24 2 20
24 2 20
24 -11 11
24 -11 11
24 -11 11
24 23 0
24 23 0
24 23 0
24 1 -23
24 1 -23
24 1 -23
24 -9 15
24 -9 15
24 -9 15
24 20 -5
24 20 -5
24 20 -5
24 -18 -7
24 -18 -7
24 -18 -7
24 7 -19
24 7 -19
24 7 -19
24 -6 20
24 -6 20
24 -6 20
24 -6 -21
24 -6 -21
24 -6 -21
24 -13 14
24 -13 14
24 -13 14
24 17 11
24 17 11
24 17 11
24 -18 10
24 -18 10
24 -18 10
24 8 -21
24 8 -21
24 8 -21
24 11 19
24 11 19
24 11 19
24 -21 9
24 -21 9
24 -21 9
24 23 8
24 23 8
24 23 8
24 22 9
24 22 9
24 22 9
24 21 10
24 21 10
24 21 10
24 9 -22
24 9 -22
24 9 -22
24 -10 21
24 -10 21
24 -10 21
24 23 9
24 23 9
24 23 9
24 21 11
24 21 11
24 21 11
24 19 13
24 19 13
24 19 13
24 -21 -11
24 -21 -11
24 -21 -11
24 -15 -18
24 -15 -18
24 -15 -18
24 -11 23
24 -11 23
24 -11 23
24 -19 -15
24 -19 -15
24 -19 -15
24 22 -14
24 22 -14
24 22 -14
24 -16 20
24 -16 20
24 -16 20
24 -17 -20
24 -17 -20
24 -17 -20
24 17 -22
24 17 -22
24 17 -22
24 24 -16
24 24 -16
24 24 -16
24 -23 -18
24 -23 -18
24 -23 -18
24 -23 -19
24 -23 -19
24 -23 -19
24 22 -21
24 22 -21
24 22 -21
24 24 20
24 24 20
24 24 20
24 -21 24
24 -21 24
24 -21 24
24 -23 -22
24 -23 -22
24 -23 -22
24 -24 -21
24 -24 -21
24 -24 -21
25 -6 -1
25 -6 -1
25 -6 -1
25 7 2
25 7 2
25 7 2
25 -6 -3
25 -6 -3
25 -6 -3
25 6 -4
25 6 -4
25 6 -4
25 6 5
25 6 5
25 6 5
25 14 0
25 14 0
25 14 0
25 10 4
25 10 4
25 10 4
25 12 3
25 12 3
25 12 3
25 1 14
25 1 14
25 1 14
25 -3 -12
25 -3 -12
25 -3 -12
25 -4 11
25 -4 11
25 -4 11
25 15 1
25 15 1
25 15 1
25 -8 -8
25 -8 -8
25 -8 -8
25 8 -9
25 8 -9
25 8 -9
25 0 -17
25 0 -17
25 0 -17
25 11 -7
25 11 -7
25 11 -7
25 3 -15
25 3 -15
25 3 -15
25 0 -18
25 0 -18
25 0 -18
25 -3 -15
25 -3 -15
25 -3 -15
25 -13 5
25 -13 5
25 -13 5
25 -15 3
25 -15 3
25 -15 3
25 11 8
25 11 8
25 11 8
25 -3 -16
25 -3 -16
25 -3 -16
25 -18 1
25 -18 1
25 -18 1
25 20 0
25 20 0
25 20 0
25 18 -2
25 18 -2
25 18 -2
25 17 3
25 17 3
25 17 3
25 4 16
25 4 16
25 4 16
25 0 20
25 0 20
25 0 20
25 -12 -8
25 -12 -8
25 -12 -8
25 -7 -14
25 -7 -14
25 -7 -14
25 -8 13
25 -8 13
25 -8 13
25 10 12
25 10 12
25 10 12
25 2 20
25 2 20
25 2 20
25 -11 11
25 -11 11
25 -11 11
25 23 0
25 23 0
25 23 0
25 1 -23
25 1 -23
25 1 -23
25 -9 15
25 -9 15
25 -9 15
25 20 -5
25 20 -5
25 20 -5
25 -18 -7
25 -18 -7
25 -18 -7
25 7 -19
25 7 -19
25 7 -19
25 -6 20
25 -6 20
25 -6 20
25 -6 -21
25 -6 -21
25 -6 -21
25 -13 14
25 -13 14
25 -13 14
25 17 11
25 17 11
25 17 11
25 -18 10
25 -18 10
25 -18 10
25 8 -21
25 8 -21
25 8 -21
25 11 19
25 11 19
25 11 19
25 -21 9
25 -21 9
25 -21 9
25 23 8
25 23 8
25 23 8
25 22 9
25 22 9
25 22 9
25 21 10
25 21 10
25 21 10
25 9 -22
25 9 -22
25 9 -22
25 -10 21
25 -10 21
25 -10 21
25 23 9
25 23 9
25 23 9
25 21 11
25 21 11
25 21 11
25 19 13
25 19 13
25 19 13
25 -21 -11
25 -21 -11
25 -21 -11
25 -15 -18
25 -15 -18
25 -15 -18
25 -11 23
25 -11 23
25 -11 23
25 -19 -15
25 -19 -15
25 -19 -15
25 22 -14
25 22 -14
25 22 -14
25 -16 20
25 -16 20
25 -16 20
25 -17 -20
25 -17 -20
25 -17 -20
25 17 -22
25 17 -22
25 17 -22
25 24 -16
25 24 -16
25 24 -16
25 -23 -18
25 -23 -18
25 -23 -18
25 -23 -19
25 -23 -19
25 -23 -19
25 22 -21
25 22 -21
25 22 -21
25 24 20
25 24 20
25 24 20
25 -21 24
25 -21 24
25 -21 24
25 -23 -22
25 -23 -22
25 -23 -22
25 -24 -21
25 -24 -21
25 -24 -21
26 -6 -1
26 -6 -1
26 -6 -1
26 7 2
26 7 2
26 7 2
26 -6 -3
26 -6 -3
26 -6 -3
26 6 -4
26 6 -4
26 6 -4
26 6 5
26 6 5
26 6 5
26 14 0
26 14 0
26 14 0
26 10 4
26 10 4
26 10 4
26 12 3
26 12 3
26 12 3
26 1 14
26 1 14
26 1 14
26 -3 -12
26 -3 -12
26 -3 -12
26 15 1
26 15 1
26 15 1
26 -8 -8
26 -8 -8
26 -8 -8
26 8 -9
26 8 -9
26 8 -9
26 0 -17
26 0 -17
26 0 -17
26 11 -7
26 11 -7
26 11 -7
26 3 -15
26 3 -15
26 3 -15
26 0 -18
26 0 -18
26 0 -18
26 -3 -15
26 -3 -15
26 -3 -15
26 -13 5
26 -13 5
26 -13 5
26 -15 3
26 -15 3
26 -15 3
26 11 8
26 11 8
26 11 8
26 -3 -16
26 -3 -16
26 -3 -16
26 -18 1
26 -18 1
26 -18 1
26 20 0
26 20 0
26 20 0
26 18 -2
26 18 -2
26 18 -2
26 17 3
26 17 3
26 17 3
26 4 16
26 4 16
26 4 16
26 0 20
26 0 20
26 0 20
26 -12 -8
26 -12 -8
26 -12 -8
26 -7 -14
26 -7 -14
26 -7 -14
26 -8 13
26 -8 13
26 -8 13
26 10 12
26 10 12
26 10 12
26 2 20
26 2 20
26 2 20
26 -11 11
26 -11 11
26 -11 11
26 23 0
26 23 0
26 23 0
26 1 -23
26 1 -23
26 1 -23
26 -9 15
26 -9 15
26 -9 15
26 20 -5
26 20 -5
26 20 -5
26 -18 -7
26 -18 -7
26 -18 -7
26 7 -19
26 7 -19
26 7 -19
26 -6 20
26 -6 20
26 -6 20
26 -6 -21
26 -6 -21
26 -6 -21
26 -13 14
26 -13 14
26 -13 14
26 17 11
26 17 11
26 17 11
26 -18 10
26 -18 10
26 -18 10
26 8 -21
26 8 -21
26 8 -21
26 11 19
26 11 19
26 11 19
26 -21 9
26 -21 9
26 -21 9
26 23 8
26 23 8
26 23 8
26 22 9
26 22 9
26 22 9
26 21 10
26 21 10
26 21 10
26 9 -22
26 9 -22
26 9 -22
26 -10 21
26 -10 21
26 -10 21
26 23 9
26 23 9
26 23 9
26 21 11
26 21 11
26 21 11
26 19 13
26 19 13
26 19 13
26 -21 -11
26 -21 -11
26 -21 -11
26 -15 -18
26 -15 -18
26 -15 -18
26 -11 23
26 -11 23
26 -11 23
26 -19 -15
26 -19 -15
26 -19 -15
26 22 -14
26 22 -14
26 22 -14
26 -16 20
26 -16 20
26 -16 20
26 -17 -20
26 -17 -20
26 -17 -20
26 17 -22
26 17 -22
26 17 -22
26 24 -16
26 24 -16
26 24 -16
26 -23 -18
26 -23 -18
26 -23 -18
26 -23 -19
26 -23 -19
26 -23 -19
26 22 -21
26 22 -21
26 22 -21
26 24 20
26 24 20
26 24 20
26 -21 24
26 -21 24
26 -21 24
26 -23 -22
26 -23 -22
26 -23 -22
26 -24 -21
26 -24 -21
26 -24 -21
27 -6 -1
27 -6 -1
27 -6 -1
27 7 2
27 7 2
27 7 2
27 -6 -3
27 -6 -3
27 -6 -3
27 6 -4
27 6 -4
27 6 -4
27 6 5
27 6 5
27 6 5
27 14 0
27 14 0
27 14 0
27 10 4
27 10 4
27 10 4
27 12 3
27 12 3
27 12 3
27 1 14
27 1 14
27 1 14
27 -3 -12
27 -3 -12
27 -3 -12
27 15 1
27 15 1
27 15 1
27 -8 -8
27 -8 -8
27 -8 -8
27 8 -9
27 8 -9
27 8 -9
27 0 -17
27 0 -17
27 0 -17
27 11 -7
27 11 -7
27 11 -7
27 3 -15
27 3 -15
27 3 -15
27 0 -18
27 0 -18
27 0 -18
27 -13 5
27 -13 5
27 -13 5
27 -15 3
27 -15 3
27 -15 3
27 11 8
27 11 8
27 11 8
27 -3 -16
27 -3 -16
27 -3 -16
27 -18 1
27 -18 1
27 -18 1
27 20 0
27 20 0
27 20 0
27 18 -2
27 18 -2
27 18 -2
27 17 3
27 17 3
27 17 3
27 4 16
27 4 16
27 4 16
27 0 20
27 0 20
27 0 20
27 -12 -8
27 -12 -8
27 -12 -8
27 -7 -14
27 -7 -14
27 -7 -14
27 -8 13
27 -8 13
27 -8 13
27 10 12
27 10 12
27 10 12
27 2 20
27 2 20
27 2 20
27 -11 11
27 -11 11
27 -11 11
27 23 0
27 23 0
27 23 0
27 1 -23
27 1 -23
27 1 -23
27 -9 15
27 -9 15
27 -9 15
27 20 -5
27 20 -5
27 20 -5
27 -18 -7
27 -18 -7
27 -18 -7
27 7 -19
27 7 -19
27 7 -19
27 -6 20
27 -6 20
27 -6 20
27 -6 -21
27 -6 -21
27 -6 -21
27 -13 14
27 -13 14
27 -13 14
27 17 11
27 17 11
27 17 11
27 -18 10
27 -18 10
27 -18 10
27 8 -21
27 8 -21
27 8 -21
27 11 19
27 11 19
27 11 19
27 -21 9
27 -21 9
27 -21 9
27 23 8
27 23 8
27 23 8
27 22 9
27 22 9
27 22 9
27 21 10
27 21 10
27 21 10
27 9 -22
27 9 -22
27 9 -22
27 -10 21
27 -10 21
27 -10 21
27 23 9
27 23 9
27 23 9
27 21 11
27 21 11
27 21 11
27 19 13
27 19 13
27 19 13
27 -21 -11
27 -21 -11
27 -21 -11
27 -15 -18
27 -15 -18
27 -15 -18
27 -11 23
27 -11 23
27 -11 23
27 -19 -15
27 -19 -15
27 -19 -15
27 22 -14
27 22 -14
27 22 -14
27 -16 20
27 -16 20
27 -16 20
27 -17 -20
27 -17 -20
27 -17 -20
27 17 -22
27 17 -22
27 17 -22
27 24 -16
27 24 -16
27 24 -16
27 -23 -18
27 -23 -18
27 -23 -18
27 -23 -19
27 -23 -19
27 -23 -19
27 22 -21
27 22 -21
27 22 -21
27 24 20
27 24 20
27 24 20
27 -21 24
27 -21 24
27 -21 24
27 -23 -22
27 -23 -22
27 -23 -22
27 -24 -21
27 -24 -21
27 -24 -21
28 -6 -1
28 -6 -1
28 -6 -1
28 7 2
28 7 2
28 7 2
28 -6 -3
28 -6 -3
28 -6 -3
28 6 -4
28 6 -4
28 6 -4
28 6 5
28 6 5
28 6 5
28 14 0
28 14 0
28 14 0
28 10 4
28 10 4
28 10 4
28 12 3
28 12 3
28 12 3
28 1 14
28 1 14
28 1 14
28 -3 -12
28 -3 -12
28 -3 -12
28 15 1
28 15 1
28 15 1
28 -8 -8
28 -8 -8
28 -8 -8
28 8 -9
28 8 -9
28 8 -9
28 0 -17
28 0 -17
28 0 -17
28 11 -7
28 11 -7
28 11 -7
28 3 -15
28 3 -15
28 3 -15
28 0 -18
28 0 -18
28 0 -18
28 -13 5
28 -13 5
28 -13 5
28 -15 3
28 -15 3
28 -15 3
28 11 8
28 11 8
28 11 8
28 -3 -16
28 -3 -16
28 -3 -16
28 -18 1
28 -18 1
28 -18 1
28 20 0
28 20 0
28 20 0
28 18 -2
28 18 -2
28 18 -2
28 17 3
28 17 3
28 17 3
28 4 16
28 4 16
28 4 16
28 0 20
28 0 20
28 0 20
28 -12 -8
28 -12 -8
28 -12 -8
28 -8 13
28 -8 13
28 -8 13
28 10 12
28 10 12
28 10 12
28 2 20
28 2 20
28 2 20
28 -11 11
28 -11 11
28 -11 11
28 23 0
28 23 0
28 23 0
28 1 -23
28 1 -23
28 1 -23
28 -9 15
28 -9 15
28 -9 15
28 20 -5
28 20 -5
28 20 -5
28 -18 -7
28 -18 -7
28 -18 -7
28 7 -19
28 7 -19
28 7 -19
28 -6 20
28 -6 20
28 -6 20
28 -6 -21
28 -6 -21
28 -6 -21
28 -13 14
28 -13 14
28 -13 14
28 17 11
28 17 11
28 17 11
28 -18 10
28 -18 10
28 -18 10
28 8 -21
28 8 -21
28 8 -21
28 11 19
28 11 19
28 11 19
28 -21 9
28 -21 9
28 -21 9
28 23 8
28 23 8
28 23 8
28 22 9
28 22 9
28 22 9
28 21 10
28 21 10
28 21 10
28 9 -22
28 9 -22
28 9 -22
28 -10 21
28 -10 21
28 -10 21
28 23 9
28 23 9
28 23 9
28 21 11
28 21 11
28 21 11
28 19 13
28 19 13
28 19 13
28 -21 -11
28 -21 -11
28 -21 -11
28 -15 -18
28 -15 -18
28 -15 -18
28 -11 23
28 -11 23
28 -11 23
28 -19 -15
28 -19 -15
28 -19 -15
28 22 -14
28 22 -14
28 22 -14
28 -16 20
28 -16 20
28 -16 20
28 -17 -20
28 -17 -20
28 -17 -20
28 17 -22
28 17 -22
28 17 -22
28 24 -16
28 24 -16
28 24 -16
28 -23 -18
28 -23 -18
28 -23 -18
28 -23 -19
28 -23 -19
28 -23 -19
28 22 -21
28 22 -21
28 22 -21
28 24 20
28 24 20
28 24 20
28 -21 24
28 -21 24
28 -21 24
28 -23 -22
28 -23 -22
28 -23 -22
28 -24 -21
28 -24 -21
28 -24 -21
29 -6 -1
29 -6 -1
29 -6 -1
29 7 2
29 7 2
29 7 2
29 -6 -3
29 -6 -3
29 -6 -3
29 6 -4
29 6 -4
29 6 -4
29 6 5
29 6 5
29 6 5
29 14 0
29 14 0
29 14 0
29 10 4
29 10 4
29 10 4
29 12 3
29 12 3
29 12 3
29 1 14
29 1 14
29 1 14
29 -3 -12
29 -3 -12
29 -3 -12
29 15 1
29 15 1
29 15 1
29 -8 -8
29 -8 -8
29 -8 -8
29 8 -9
29 8 -9
29 8 -9
29 0 -17
29 0 -17
29 0 -17
29 11 -7
29 11 -7
29 11 -7
29 3 -15
29 3 -15
29 3 -15
29 0 -18
29 0 -18
29 0 -18
29 -13 5
29 -13 5
29 -13 5
29 -15 3
29 -15 3
29 -15 3
29 11 8
29 11 8
29 11 8
29 -3 -16
29 -3 -16
29 -3 -16
29 -18 1
29 -18 1
29 -18 1
29 20 0
29 20 0
29 20 0
29 18 -2
29 18 -2
29 18 -2
29 17 3
29 17 3
29 17 3
29 4 16
29 4 16
29 4 16
29 0 20
29 0 20
29 0 20
29 -12 -8
29 -12 -8
29 -12 -8
29 -8 13
29 -8 13
29 -8 13
29 10 12
29 10 12
29 10 12
29 2 20
29 2 20
29 2 20
29 -11 11
29 -11 11
29 -11 11
29 23 0
29 23 0
29 23 0
29 1 -23
29 1 -23
29 1 -23
29 -9 15
29 -9 15
29 -9 15
29 20 -5
29 20 -5
29 20 -5
29 -18 -7
29 -18 -7
29 -18 -7
29 7 -19
29 7 -19
29 7 -19
29 -6 20
29 -6 20
29 -6 20
29 -6 -21
29 -6 -21
29 -6 -21
29 -13 14
29 -13 14
29 -13 14
29 17 11
29 17 11
29 17 11
29 -18 10
29 -18 10
29 -18 10
29 8 -21
29 8 -21
29 8 -21
29 -21 9
29 -21 9
29 -21 9
29 23 8
29 23 8
29 23 8
29 22 9
29 22 9
29 22 9
29 21 10
29 21 10
29 21 10
29 9 -22
29 9 -22
29 9 -22
29 -10 21
29 -10 21
29 -10 21
29 23 9
29 23 9
29 23 9
29 21 11
29 21 11
29 21 11
29 19 13
29 19 13
29 19 13
29 -21 -11
29 -21 -11
29 -21 -11
29 -15 -18
29 -15 -18
29 -15 -18
29 -11 23
29 -11 23
29 -11 23
29 -19 -15
29 -19 -15
29 -19 -15
29 22 -14
29 22 -14
29 22 -14
29 -16 20
29 -16 20
29 -16 20
29 -17 -20
29 -17 -20
29 -17 -20
29 17 -22
29 17 -22
29 17 -22
29 24 -16
29 24 -16
29 24 -16
29 -23 -18
29 -23 -18
29 -23 -18
29 -23 -19
29 -23 -19
29 -23 -19
29 22 -21
29 22 -21
29 22 -21
29 24 20
29 24 20
29 24 20
29 -21 24
29 -21 24
29 -21 24
29 -23 -22
29 -23 -22
29 -23 -22
29 -24 -21
29 -24 -21
29 -24 -21
30 -6 -1
30 -6 -1
30 -6 -1
30 7 2
30 7 2
30 7 2
30 -6 -3
30 -6 -3
30 -6 -3
30 6 -4
30 6 -4
30 6 -4
30 6 5
30 6 5
30 6 5
30 14 0
30 14 0
30 14 0
30 10 4
30 10 4
30 10 4
30 12 3
30 12 3
30 12 3
30 1 14
30 1 14
30 1 14
30 -3 -12
30 -3 -12
30 -3 -12
30 15 1
30 15 1
30 15 1
30 -8 -8
30 -8 -8
30 -8 -8
30 8 -9
30 8 -9
30 8 -9
30 0 -17
30 0 -17
30 0 -17
30 11 -7
30 11 -7
30 11 -7
30 3 -15
30 3 -15
30 3 -15
30 0 -18
30 0 -18
30 0 -18
30 -13 5
30 -13 5
30 -13 5
30 -15 3
30 -15 3
30 -15 3
30 11 8
30 11 8
30 11 8
30 -3 -16
30 -3 -16
30 -3 -16
30 -18 1
30 -18 1
30 -18 1
30 20 0
30 20 0
30 20 0
30 18 -2
30 18 -2
30 18 -2
30 17 3
30 17 3
30 17 3
30 4 16
30 4 16
30 4 16
30 0 20
30 0 20
30 0 20
30 -12 -8
30 -12 -8
30 -12 -8
30 -8 13
30 -8 13
30 -8 13
30 10 12
30 10 12
30 10 12
30 2 20
30 2 20
30 2 20
30 -11 11
30 -11 11
30 -11 11
30 23 0
30 23 0
30 23 0
30 1 -23
30 1 -23
30 1 -23
30 -9 15
30 -9 15
30 -9 15
30 20 -5
30 20 -5
30 20 -5
30 -18 -7
30 -18 -7
30 -18 -7
30 7 -19
30 7 -19
30 7 -19
30 -6 20
30 -6 20
30 -6 20
30 -6 -21
30 -6 -21
30 -6 -21
30 -13 14
30 -13 14
30 -13 14
30 17 11
30 17 11
30 17 11
30 -18 10
30 -18 10
30 -18 10
30 8 -21
30 8 -21
30 8 -21
30 -21 9
30 -21 9
30 -21 9
30 23 8
30 23 8
30 23 8
30 22 9
30 22 9
30 22 9
30 21 10
30 21 10
30 21 10
30 -10 21
30 -10 21
30 -10 21
30 23 9
30 23 9
30 23 9
30 21 11
30 21 11
30 21 11
30 19 13
30 19 13
30 19 13
30 -21 -11
30 -21 -11
30 -21 -11
30 -15 -18
30 -15 -18
30 -15 -18
30 -11 23
30 -11 23
30 -11 23
30 -19 -15
30 -19 -15
30 -19 -15
30 22 -14
30 22 -14
30 22 -14
30 -16 20
30 -16 20
30 -16 20
30 -17 -20
30 -17 -20
30 -17 -20
30 17 -22
30 17 -22
30 17 -22
30 24 -16
30 24 -16
30 24 -16
30 -23 -18
30 -23 -18
30 -23 -18
30 -23 -19
30 -23 -19
30 -23 -19
30 22 -21
30 22 -21
30 22 -21
30 24 20
30 24 20
30 24 20
30 -21 24
30 -21 24
30 -21 24
30 -23 -22
30 -23 -22
30 -23 -22
30 -24 -21
30 -24 -21
30 -24 -21
31 -6 -1
31 -6 -1
31 -6 -1
31 7 2
31 7 2
31 7 2
31 -6 -3
31 -6 -3
31 -6 -3
31 6 -4
31 6 -4
31 6 -4
31 6 5
31 6 5
31 6 5
31 14 0
31 14 0
31 14 0
31 10 4
31 10 4
31 10 4
31 12 3
31 12 3
31 12 3
31 1 14
31 1 14
31 1 14
31 -3 -12
31 -3 -12
31 -3 -12
31 15 1
31 15 1
31 15 1
31 -8 -8
31 -8 -8
31 -8 -8
31 8 -9
31 8 -9
31 8 -9
31 0 -17
31 0 -17
31 0 -17
31 11 -7
31 11 -7
31 11 -7
31 3 -15
31 3 -15
31 3 -15
31 0 -18
31 0 -18
31 0 -18
31 -13 5
31 -13 5
31 -13 5
31 11 8
31 11 8
31 11 8
31 -3 -16
31 -3 -16
31 -3 -16
31 -18 1
31 -18 1
31 -18 1
31 20 0
31 20 0
31 20 0
31 18 -2
31 18 -2
31 18 -2
31 17 3
31 17 3
31 17 3
31 4 16
31 4 16
31 4 16
31 0 20
31 0 20
31 0 20
31 -12 -8
31 -12 -8
31 -12 -8
31 -8 13
31 -8 13
31 -8 13
31 10 12
31 10 12
31 10 12
31 2 20
31 2 20
31 2 20
31 -11 11
31 -11 11
31 -11 11
31 23 0
31 23 0
31 23 0
31 1 -23
31 1 -23
31 1 -23
31 -9 15
31 -9 15
31 -9 15
31 20 -5
31 20 -5
31 20 -5
31 -18 -7
31 -18 -7
31 -18 -7
31 7 -19
31 7 -19
31 7 -19
31 -6 20
31 -6 20
31 -6 20
31 -6 -21
31 -6 -21
31 -6 -21
31 -13 14
31 -13 14
31 -13 14
31 17 11
31 17 11
31 17 11
31 -18 10
31 -18 10
31 -18 10
31 8 -21
31 8 -21
31 8 -21
31 -21 9
31 -21 9
31 -21 9
31 23 8
31 23 8
31 23 8
31 22 9
31 22 9
31 22 9
31 21 10
31 21 10
31 21 10
31 -10 21
31 -10 21
31 -10 21
31 23 9
31 23 9
31 23 9
31 21 11
31 21 11
31 21 11
31 19 13
31 19 13
31 19 13
31 -21 -11
31 -21 -11
31 -21 -11
31 -15 -18
31 -15 -18
31 -15 -18
31 -11 23
31 -11 23
31 -11 23
31 -19 -15
31 -19 -15
31 -19 -15
31 22 -14
31 22 -14
31 22 -14
31 -16 20
31 -16 20
31 -16 20
31 -17 -20
31 -17 -20
31 -17 -20
31 17 -22
31 17 -22
31 17 -22
31 24 -16
31 24 -16
31 24 -16
31 -23 -18
31 -23 -18
31 -23 -18
31 -23 -19
31 -23 -19
31 -23 -19
31 22 -21
31 22 -21
31 22 -21
31 24 20
31 24 20
31 24 20
31 -21 24
31 -21 24
31 -21 24
31 -23 -22
31 -23 -22
31 -23 -22
31 -24 -21
31 -24 -21
31 -24 -21
32 -6 -1
32 -6 -1
32 -6 -1
32 7 2
32 7 2
32 7 2
32 -6 -3
32 -6 -3
32 -6 -3
32 6 -4
32 6 -4
32 6 -4
32 6 5
32 6 5
32 6 5
32 14 0
32 14 0
32 14 0
32 10 4
32 10 4
32 10 4
32 12 3
32 12 3
32 12 3
32 1 14
32 1 14
32 1 14
32 -3 -12
32 -3 -12
32 -3 -12
32 15 1
32 15 1
32 15 1
32 -8 -8
32 -8 -8
32 -8 -8
32 8 -9
32 8 -9
32 8 -9
32 0 -17
32 0 -17
32 0 -17
32 11 -7
32 11 -7
32 11 -7
32 3 -15
32 3 -15
32 3 -15
32 0 -18
32 0 -18
32 0 -18
32 -13 5
32 -13 5
32 -13 5
32 11 8
32 11 8
32 11 8
32 -3 -16
32 -3 -16
32 -3 -16
32 -18 1
32 -18 1
32 -18 1
32 20 0
32 20 0
32 20 0
32 18 -2
32 18 -2
32 18 -2
32 17 3
32 17 3
32 17 3
32 4 16
32 4 16
32 4 16
32 0 20
32 0 20
32 0 20
32 -12 -8
32 -12 -8
32 -12 -8
32 -8 13
32 -8 13
32 -8 13
32 10 12
32 10 12
32 10 12
32 2 20
32 2 20
32 2 20
32 -11 11
32 -11 11
32 -11 11
32 23 0
32 23 0
32 23 0
32 1 -23
32 1 -23
32 1 -23
32 -9 15
32 -9 15
32 -9 15
32 20 -5
32 20 -5
32 20 -5
32 -18 -7
32 -18 -7
32 -18 -7
32 7 -19
32 7 -19
32 7 -19
32 -6 20
32 -6 20
32 -6 20
32 -6 -21
32 -6 -21
32 -6 -21
32 -13 14
32 -13 14
32 -13 14
32 17 11
32 17 11
32 17 11
32 8 -21
32 8 -21
32 8 -21
32 -21 9
32 -21 9
32 -21 9
32 23 8
32 23 8
32 23 8
32 22 9
32 22 9
32 22 9
32 21 10
32 21 10
32 21 10
32 -10 21
32 -10 21
32 -10 21
32 23 9
32 23 9
32 23 9
32 21 11
32 21 11
32 21 11
32 19 13
32 19 13
32 19 13
32 -21 -11
32 -21 -11
32 -21 -11
32 -15 -18
32 -15 -18
32 -15 -18
32 -11 23
32 -11 23
32 -11 23
32 -19 -15
32 -19 -15
32 -19 -15
32 22 -14
32 22 -14
32 22 -14
32 -16 20
32 -16 20
32 -16 20
32 -17 -20
32 -17 -20
32 -17 -20
32 17 -22
32 17 -22
32 17 -22
32 24 -16
32 24 -16
32 24 -16
32 -23 -18
32 -23 -18
32 -23 -18
32 -23 -19
32 -23 -19
32 -23 -19
32 22 -21
32 22 -21
32 22 -21
32 24 20
32 24 20
32 24 20
32 -21 24
32 -21 24
32 -21 24
32 -23 -22
32 -23 -22
32 -23 -22
32 -24 -21
32 -24 -21
32 -24 -21
33 -6 -1
33 -6 -1
33 -6 -1
33 7 2
33 7 2
33 7 2
33 -6 -3
33 -6 -3
33 -6 -3
33 6 -4
33 6 -4
33 6 -4
33 6 5
33 6 5
33 6 5
33 14 0
33 14 0
33 14 0
33 10 4
33 10 4
33 10 4
33 12 3
33 12 3
33 12 3
33 1 14
33 1 14
33 1 14
33 -3 -12
33 -3 -12
33 -3 -12
33 15 1
33 15 1
33 15 1
33 -8 -8
33 -8 -8
33 -8 -8
33 8 -9
33 8 -9
33 8 -9
33 0 -17
33 0 -17
33 0 -17
33 11 -7
33 11 -7
33 11 -7
33 3 -15
33 3 -15
33 3 -15
33 0 -18
33 0 -18
33 0 -18
33 -13 5
33 -13 5
33 -13 5
33 11 8
33 11 8
33 11 8
33 -3 -16
33 -3 -16
33 -3 -16
33 -18 1
33 -18 1
33 -18 1
33 20 0
33 20 0
33 20 0
33 18 -2
33 18 -2
33 18 -2
33 17 3
33 17 3
33 17 3
33 4 16
33 4 16
33 4 16
33 0 20
33 0 20
33 0 20
33 -12 -8
33 -12 -8
33 -12 -8
33 -8 13
33 -8 13
33 -8 13
33 10 12
33 10 12
33 10 12
33 2 20
33 2 20
33 2 20
33 -11 11
33 -11 11
33 -11 11
33 23 0
33 23 0
33 23 0
33 1 -23
33 1 -23
33 1 -23
33 -9 15
33 -9 15
33 -9 15
33 20 -5
33 20 -5
33 20 -5
33 -18 -7
33 -18 -7
33 -18 -7
33 7 -19
33 7 -19
33 7 -19
33 -6 20
33 -6 20
33 -6 20
33 -6 -21
33 -6 -21
33 -6 -21
33 -13 14
33 -13 14
33 -13 14
33 17 11
33 17 11
33 17 11
33 8 -21
33 8 -21
33 8 -21
33 -21 9
33 -21 9
33 -21 9
33 23 8
33 23 8
33 23 8
33 22 9
33 22 9
33 22 9
33 -10 21
33 -10 21
33 -10 21
33 23 9
33 23 9
33 23 9
33 21 11
33 21 11
33 21 11
33 19 13
33 19 13
33 19 13
33 -21 -11
33 -21 -11
33 -21 -11
33 -15 -18
33 -15 -18
33 -15 -18
33 -11 23
33 -11 23
33 -11 23
33 -19 -15
33 -19 -15
33 -19 -15
33 22 -14
33 22 -14
33 22 -14
33 -16 20
33 -16 20
33 -16 20
33 -17 -20
33 -17 -20
33 -17 -20
33 17 -22
33 17 -22
33 17 -22
33 24 -16
33 24 -16
33 24 -16
33 -23 -18
33 -23 -18
33 -23 -18
33 -23 -19
33 -23 -19
33 -23 -19
33 22 -21
33 22 -21
33 22 -21
33 24 20
33 24 20
33 24 20
33 -21 24
33 -21 24
33 -21 24
33 -23 -22
33 -23 -22
33 -23 -22
33 -24 -21
33 -24 -21
33 -24 -21
34 -6 -1
34 -6 -1
34 -6 -1
34 7 2
34 7 2
34 7 2
34 -6 -3
34 -6 -3
34 -6 -3
34 6 -4
34 6 -4
34 6 -4
34 6 5
34 6 5
34 6 5
34 14 0
34 14 0
34 14 0
34 10 4
34 10 4
34 10 4
34 12 3
34 12 3
34 12 3
34 1 14
34 1 14
34 1 14
34 -3 -12
34 -3 -12
34 -3 -12
34 15 1
34 15 1
34 15 1
34 -8 -8
34 -8 -8
34 -8 -8
34 8 -9
34 8 -9
34 8 -9
34 0 -17
34 0 -17
34 0 -17
34 11 -7
34 11 -7
34 11 -7
34 3 -15
34 3 -15
34 3 -15
34 0 -18
34 0 -18
34 0 -18
34 -13 5
34 -13 5
34 -13 5
34 11 8
34 11 8
34 11 8
34 -3 -16
34 -3 -16
34 -3 -16
34 -18 1
34 -18 1
34 -18 1
34 20 0
34 20 0
34 20 0
34 18 -2
34 18 -2
34 18 -2
34 17 3
34 17 3
34 17 3
34 4 16
34 4 16
34 4 16
34 0 20
34 0 20
34 0 20
34 -12 -8
34 -12 -8
34 -12 -8
34 -8 13
34 -8 13
34 -8 13
34 10 12
34 10 12
34 10 12
34 2 20
34 2 20
34 2 20
34 -11 11
34 -11 11
34 -11 11
34 23 0
34 23 0
34 23 0
34 1 -23
34 1 -23
34 1 -23
34 -9 15
34 -9 15
34 -9 15
34 20 -5
34 20 -5
34 20 -5
34 -18 -7
34 -18 -7
34 -18 -7
34 7 -19
34 7 -19
34 7 -19
34 -6 20
34 -6 20
34 -6 20
34 -6 -21
34 -6 -21
34 -6 -21
34 -13 14
34 -13 14
34 -13 14
34 17 11
34 17 11
34 17 11
34 8 -21
34 8 -21
34 8 -21
34 -21 9
34 -21 9
34 -21 9
34 23 8
34 23 8
34 23 8
34 22 9
34 22 9
34 22 9
34 -10 21
34 -10 21
34 -10 21
34 23 9
34 23 9
34 23 9
34 21 11
34 21 11
34 21 11
34 19 13
34 19 13
34 19 13
34 -21 -11
34 -21 -11
34 -21 -11
34 -15 -18
34 -15 -18
34 -15 -18
34 -11 23
34 -11 23
34 -11 23
34 22 -14
34 22 -14
34 22 -14
34 -16 20
34 -16 20
34 -16 20
34 -17 -20
34 -17 -20
34 -17 -20
34 17 -22
34 17 -22
34 17 -22
34 24 -16
34 24 -16
34 24 -16
34 -23 -18
34 -23 -18
34 -23 -18
34 -23 -19
34 -23 -19
34 -23 -19
34 22 -21
34 22 -21
34 22 -21
34 24 20
34 24 20
34 24 20
34 -21 24
34 -21 24
34 -21 24
34 -23 -22
34 -23 -22
34 -23 -22
34 -24 -21
34 -24 -21
34 -24 -21
35 -6 -1
35 -6 -1
35 -6 -1
35 7 2
35 7 2
35 7 2
35 -6 -3
35 -6 -3
35 -6 -3
35 6 -4
35 6 -4
35 6 -4
35 6 5
35 6 5
35 6 5
35 14 0
35 14 0
35 14 0
35 10 4
35 10 4
35 10 4
35 12 3
35 12 3
35 12 3
35 1 14
35 1 14
35 1 14
35 15 1
35 15 1
35 15 1
35 -8 -8
35 -8 -8
35 -8 -8
35 8 -9
35 8 -9
35 8 -9
35 0 -17
35 0 -17
35 0 -17
35 11 -7
35 11 -7
35 11 -7
35 3 -15
35 3 -15
35 3 -15
35 0 -18
35 0 -18
35 0 -18
35 -13 5
35 -13 5
35 -13 5
35 11 8
35 11 8
35 11 8
35 -3 -16
35 -3 -16
35 -3 -16
35 -18 1
35 -18 1
35 -18 1
35 20 0
35 20 0
35 20 0
35 18 -2
35 18 -2
35 18 -2
35 17 3
35 17 3
35 17 3
35 4 16
35 4 16
35 4 16
35 0 20
35 0 20
35 0 20
35 -12 -8
35 -12 -8
35 -12 -8
35 -8 13
35 -8 13
35 -8 13
35 10 12
35 10 12
35 10 12
35 2 20
35 2 20
35 2 20
35 -11 11
35 -11 11
35 -11 11
35 23 0
35 23 0
35 23 0
35 1 -23
35 1 -23
35 1 -23
35 -9 15
35 -9 15
35 -9 15
35 20 -5
35 20 -5
35 20 -5
35 -18 -7
35 -18 -7
35 -18 -7
35 7 -19
35 7 -19
35 7 -19
35 -6 20
35 -6 20
35 -6 20
35 -6 -21
35 -6 -21
35 -6 -21
35 -13 14
35 -13 14
35 -13 14
35 17 11
35 17 11
35 17 11
35 8 -21
35 8 -21
35 8 -21
35 -21 9
35 -21 9
35 -21 9
35 23 8
35 23 8
35 23 8
35 22 9
35 22 9
35 22 9
35 -10 21
35 -10 21
35 -10 21
35 23 9
35 23 9
35 23 9
35 21 11
35 21 11
35 21 11
35 19 13
35 19 13
35 19 13
35 -21 -11
35 -21 -11
35 -21 -11
35 -15 -18
35 -15 -18
35 -15 -18
35 -11 23
35 -11 23
35 -11 23
35 22 -14
35 22 -14
35 22 -14
35 -16 20
35 -16 20
35 -16 20
35 -17 -20
35 -17 -20
35 -17 -20
35 17 -22
35 17 -22
35 17 -22
35 24 -16
35 24 -16
35 24 -16
35 -23 -18
35 -23 -18
35 -23 -18
35 -23 -19
35 -23 -19
35 -23 -19
35 22 -21
35 22 -21
35 22 -21
35 24 20
35 24 20
35 24 20
35 -21 24
35 -21 24
35 -21 24
35 -23 -22
35 -23 -22
35 -23 -22
35 -24 -21
35 -24 -21
35 -24 -21
36 -6 -1
36 -6 -1
36 -6 -1
36 7 2
36 7 2
36 7 2
36 -6 -3
36 -6 -3
36 -6 -3
36 6 -4
36 6 -4
36 6 -4
36 6 5
36 6 5
36 6 5
36 14 0
36 14 0
36 14 0
36 10 4
36 10 4
36 10 4
36 12 3
36 12 3
36 12 3
36 1 14
36 1 14
36 1 14
36 15 1
36 15 1
36 15 1
36 -8 -8
36 -8 -8
36 -8 -8
36 8 -9
36 8 -9
36 8 -9
36 0 -17
36 0 -17
36 0 -17
36 11 -7
36 11 -7
36 11 -7
36 3 -15
36 3 -15
36 3 -15
36 0 -18
36 0 -18
36 0 -18
36 -13 5
36 -13 5
36 -13 5
36 11 8
36 11 8
36 11 8
36 -3 -16
36 -3 -16
36 -3 -16
36 -18 1
36 -18 1
36 -18 1
36 20 0
36 20 0
36 20 0
36 18 -2
36 18 -2
36 18 -2
36 17 3
36 17 3
36 17 3
36 4 16
36 4 16
36 4 16
36 0 20
36 0 20
36 0 20
36 -12 -8
36 -12 -8
36 -12 -8
36 -8 13
36 -8 13
36 -8 13
36 10 12
36 10 12
36 10 12
36 2 20
36 2 20
36 2 20
36 -11 11
36 -11 11
36 -11 11
36 23 0
36 23 0
36 23 0
36 1 -23
36 1 -23
36 1 -23
36 -9 15
36 -9 15
36 -9 15
36 20 -5
36 20 -5
36 20 -5
36 -18 -7
36 -18 -7
36 -18 -7
36 7 -19
36 7 -19
36 7 -19
36 -6 20
36 -6 20
36 -6 20
36 -6 -21
36 -6 -21
36 -6 -21
36 -13 14
36 -13 14
36 -13 14
36 17 11
36 17 11
36 17 11
36 8 -21
36 8 -21
36 8 -21
36 -21 9
36 -21 9
36 -21 9
36 23 8
36 23 8
36 23 8
36 22 9
36 22 9
36 22 9
36 -10 21
36 -10 21
36 -10 21
36 21 11
36 21 11
36 21 11
36 19 13
36 19 13
36 19 13
36 -21 -11
36 -21 -11
36 -21 -11
36 -15 -18
36 -15 -18
36 -15 -18
36 -11 23
36 -11 23
36 -11 23
36 22 -14
36 22 -14
36 22 -14
36 -16 20
36 -16 20
36 -16 20
36 -17 -20
36 -17 -20
36 -17 -20
36 17 -22
36 17 -22
36 17 -22
36 24 -16
36 24 -16
36 24 -16
36 -23 -18
36 -23 -18
36 -23 -18
36 -23 -19
36 -23 -19
36 -23 -19
36 22 -21
36 22 -21
36 22 -21
36 24 20
36 24 20
36 24 20
36 -21 24
36 -21 24
36 -21 24
36 -23 -22
36 -23 -22
36 -23 -22
36 -24 -21
36 -24 -21
36 -24 -21
37 -6 -1
37 -6 -1
37 -6 -1
37 7 2
37 7 2
37 7 2
37 -6 -3
37 -6 -3
37 -6 -3
37 6 -4
37 6 -4
37 6 -4
37 6 5
37 6 5
37 6 5
37 14 0
37 14 0
37 14 0
37 10 4
37 10 4
37 10 4
37 12 3
37 12 3
37 12 3
37 1 14
37 1 14
37 1 14
37 15 1
37 15 1
37 15 1
37 -8 -8
37 -8 -8
37 -8 -8
37 8 -9
37 8 -9
37 8 -9
37 0 -17
37 0 -17
37 0 -17
37 11 -7
37 11 -7
37 11 -7
37 3 -15
37 3 -15
37 3 -15
37 0 -18
37 0 -18
37 0 -18
37 -13 5
37 -13 5
37 -13 5
37 11 8
37 11 8
37 11 8
37 -3 -16
37 -3 -16
37 -3 -16
37 -18 1
37 -18 1
37 -18 1
37 18 -2
37 18 -2
37 18 -2
37 17 3
37 17 3
37 17 3
37 4 16
37 4 16
37 4 16
37 0 20
37 0 20
37 0 20
37 -12 -8
37 -12 -8
37 -12 -8
37 -8 13
37 -8 13
37 -8 13
37 10 12
37 10 12
37 10 12
37 2 20
37 2 20
37 2 20
37 -11 11
37 -11 11
37 -11 11
37 23 0
37 23 0
37 23 0
37 1 -23
37 1 -23
37 1 -23
37 -9 15
37 -9 15
37 -9 15
37 20 -5
37 20 -5
37 20 -5
37 -18 -7
37 -18 -7
37 -18 -7
37 7 -19
37 7 -19
37 7 -19
37 -6 20
37 -6 20
37 -6 20
37 -6 -21
37 -6 -21
37 -6 -21
37 -13 14
37 -13 14
37 -13 14
37 17 11
37 17 11
37 17 11
37 8 -21
37 8 -21
37 8 -21
37 -21 9
37 -21 9
37 -21 9
37 23 8
37 23 8
37 23 8
37 22 9
37 22 9
37 22 9
37 -10 21
37 -10 21
37 -10 21
37 21 11
37 21 11
37 21 11
37 19 13
37 19 13
37 19 13
37 -21 -11
37 -21 -11
37 -21 -11
37 -15 -18
37 -15 -18
37 -15 -18
37 -11 23
37 -11 23
37 -11 23
37 22 -14
37 22 -14
37 22 -14
37 -16 20
37 -16 20
37 -16 20
37 -17 -20
37 -17 -20
37 -17 -20
37 17 -22
37 17 -22
37 17 -22
37 24 -16
37 24 -16
37 24 -16
37 -23 -18
37 -23 -18
37 -23 -18
37 -23 -19
37 -23 -19
37 -23 -19
37 22 -21
37 22 -21
37 22 -21
37 24 20
37 24 20
37 24 20
37 -21 24
37 -21 24
37 -21 24
37 -23 -22
37 -23 -22
37 -23 -22
37 -24 -21
37 -24 -21
37 -24 -21
38 -6 -1
38 -6 -1
38 -6 -1
38 7 2
38 7 2
38 7 2
38 -6 -3
38 -6 -3
38 -6 -3
38 6 -4
38 6 -4
38 6 -4
38 6 5
38 6 5
38 6 5
38 14 0
38 14 0
38 14 0
38 10 4
38 10 4
38 10 4
38 12 3
38 12 3
38 12 3
38 1 14
38 1 14
38 1 14
38 15 1
38 15 1
38 15 1
38 -8 -8
38 -8 -8
38 -8 -8
38 8 -9
38 8 -9
38 8 -9
38 0 -17
38 0 -17
38 0 -17
38 11 -7
38 11 -7
38 11 -7
38 3 -15
38 3 -15
38 3 -15
38 0 -18
38 0 -18
38 0 -18
38 -13 5
38 -13 5
38 -13 5
38 11 8
38 11 8
38 11 8
38 -3 -16
38 -3 -16
38 -3 -16
38 -18 1
38 -18 1
38 -18 1
38 18 -2
38 18 -2
38 18 -2
38 17 3
38 17 3
38 17 3
38 0 20
38 0 20
38 0 20
38 -12 -8
38 -12 -8
38 -12 -8
38 -8 13
38 -8 13
38 -8 13
38 10 12
38 10 12
38 10 12
38 2 20
38 2 20
38 2 20
38 -11 11
38 -11 11
38 -11 11
38 23 0
38 23 0
38 23 0
38 1 -23
38 1 -23
38 1 -23
38 -9 15
38 -9 15
38 -9 15
38 20 -5
38 20 -5
38 20 -5
38 -18 -7
38 -18 -7
38 -18 -7
38 7 -19
38 7 -19
38 7 -19
38 -6 20
38 -6 20
38 -6 20
38 -6 -21
38 -6 -21
38 -6 -21
38 -13 14
38 -13 14
38 -13 14
38 17 11
38 17 11
38 17 11
38 8 -21
38 8 -21
38 8 -21
38 -21 9
38 -21 9
38 -21 9
38 23 8
38 23 8
38 23 8
38 22 9
38 22 9
38 22 9
38 -10 21
38 -10 21
38 -10 21
38 21 11
38 21 11
38 21 11
38 19 13
38 19 13
38 19 13
38 -21 -11
38 -21 -11
38 -21 -11
38 -15 -18
38 -15 -18
38 -15 -18
38 -11 23
38 -11 23
38 -11 23
38 22 -14
38 22 -14
38 22 -14
38 -16 20
38 -16 20
38 -16 20
38 -17 -20
38 -17 -20
38 -17 -20
38 17 -22
38 17 -22
38 17 -22
38 24 -16
38 24 -16
38 24 -16
38 -23 -18
38 -23 -18
38 -23 -18
38 -23 -19
38 -23 -19
38 -23 -19
38 22 -21
38 22 -21
38 22 -21
38 24 20
38 24 20
38 24 20
38 -21 24
38 -21 24
38 -21 24
38 -23 -22
38 -23 -22
38 -23 -22
38 -24 -21
38 -24 -21
38 -24 -21
39 -6 -1
39 -6 -1
39 -6 -1
39 7 2
39 7 2
39 7 2
39 -6 -3
39 -6 -3
39 -6 -3
39 6 -4
39 6 -4
39 6 -4
39 6 5
39 6 5
39 6 5
39 14 0
39 14 0
39 14 0
39 10 4
39 10 4
39 10 4
39 12 3
39 12 3
39 12 3
39 1 14
39 1 14
39 1 14
39 -8 -8
39 -8 -8
39 -8 -8
39 8 -9
39 8 -9
39 8 -9
39 0 -17
39 0 -17
39 0 -17
39 11 -7
39 11 -7
39 11 -7
39 3 -15
39 3 -15
39 3 -15
39 0 -18
39 0 -18
39 0 -18
39 -13 5
39 -13 5
39 -13 5
39 11 8
39 11 8
39 11 8
39 -3 -16
39 -3 -16
39 -3 -16
39 -18 1
39 -18 1
39 -18 1
39 18 -2
39 18 -2
39 18 -2
39 17 3
39 17 3
39 17 3
39 0 20
39 0 20
39 0 20
39 -12 -8
39 -12 -8
39 -12 -8
39 -8 13
39 -8 13
39 -8 13
39 10 12
39 10 12
39 10 12
39 2 20
39 2 20
39 2 20
39 -11 11
39 -11 11
39 -11 11
39 23 0
39 23 0
39 23 0
39 1 -23
39 1 -23
39 1 -23
39 -9 15
39 -9 15
39 -9 15
39 20 -5
39 20 -5
39 20 -5
39 -18 -7
39 -18 -7
39 -18 -7
39 7 -19
39 7 -19
39 7 -19
39 -6 20
39 -6 20
39 -6 20
39 -6 -21
39 -6 -21
39 -6 -21
39 -13 14
39 -13 14
39 -13 14
39 17 11
39 17 11
39 17 11
39 8 -21
39 8 -21
39 8 -21
39 -21 9
39 -21 9
39 -21 9
39 23 8
39 23 8
39 23 8
39 22 9
39 22 9
39 22 9
39 -10 21
39 -10 21
39 -10 21
39 21 11
39 21 11
39 21 11
39 19 13
39 19 13
39 19 13
39 -21 -11
39 -21 -11
39 -21 -11
39 -15 -18
39 -15 -18
39 -15 -18
39 -11 23
39 -11 23
39 -11 23
39 22 -14
39 22 -14
39 22 -14
39 -16 20
39 -16 20
39 -16 20
39 -17 -20
39 -17 -20
39 -17 -20
39 17 -22
39 17 -22
39 17 -22
39 24 -16
39 24 -16
39 24 -16
39 -23 -18
39 -23 -18
39 -23 -18
39 -23 -19
39 -23 -19
39 -23 -19
39 22 -21
39 22 -21
39 22 -21
39 24 20
39 24 20
39 24 20
39 -21 24
39 -21 24
39 -21 24
39 -23 -22
39 -23 -22
39 -23 -22
39 -24 -21
39 -24 -21
39 -24 -21
40 -6 -1
40 -6 -1
40 -6 -1
40 7 2
40 7 2
40 7 2
40 -6 -3
40 -6 -3
40 -6 -3
40 6 -4
40 6 -4
40 6 -4
40 6 5
40 6 5
40 6 5
40 14 0
40 14 0
40 14 0
40 10 4
40 10 4
40 10 4
40 12 3
40 12 3
40 12 3
40 1 14
40 1 14
40 1 14
40 -8 -8
40 -8 -8
40 -8 -8
40 8 -9
40 8 -9
40 8 -9
40 0 -17
40 0 -17
40 0 -17
40 11 -7
40 11 -7
40 11 -7
40 3 -15
40 3 -15
40 3 -15
40 0 -18
40 0 -18
40 0 -18
40 -13 5
40 -13 5
40 -13 5
40 11 8
40 11 8
40 11 8
40 -3 -16
40 -3 -16
40 -3 -16
40 18 -2
40 18 -2
40 18 -2
40 17 3
40 17 3
40 17 3
40 0 20
40 0 20
40 0 20
40 -12 -8
40 -12 -8
40 -12 -8
40 -8 13
40 -8 13
40 -8 13
40 10 12
40 10 12
40 10 12
40 2 20
40 2 20
40 2 20
40 -11 11
40 -11 11
40 -11 11
40 23 0
40 23 0
40 23 0
40 1 -23
40 1 -23
40 1 -23
40 -9 15
40 -9 15
40 -9 15
40 20 -5
40 20 -5
40 20 -5
40 -18 -7
40 -18 -7
40 -18 -7
40 7 -19
40 7 -19
40 7 -19
40 -6 20
40 -6 20
40 -6 20
40 -6 -21
40 -6 -21
40 -6 -21
40 -13 14
40 -13 14
40 -13 14
40 17 11
40 17 11
40 17 11
40 8 -21
40 8 -21
40 8 -21
40 -21 9
40 -21 9
40 -21 9
40 23 8
40 23 8
40 23 8
40 22 9
40 22 9
40 22 9
40 -10 21
40 -10 21
40 -10 21
40 21 11
40 21 11
40 21 11
40 19 13
40 19 13
40 19 13
40 -21 -11
40 -21 -11
40 -21 -11
40 -15 -18
40 -15 -18
40 -15 -18
40 -11 23
40 -11 23
40 -11 23
40 22 -14
40 22 -14
40 22 -14
40 -16 20
40 -16 20
40 -16 20
40 -17 -20
40 -17 -20
40 -17 -20
40 17 -22
40 17 -22
40 17 -22
40 24 -16
40 24 -16
40 24 -16
40 -23 -18
40 -23 -18
40 -23 -18
40 -23 -19
40 -23 -19
40 -23 -19
40 22 -21
40 22 -21
40 22 -21
40 24 20
40 24 20
40 24 20
40 -21 24
40 -21 24
40 -21 24
40 -23 -22
40 -23 -22
40 -23 -22
40 -24 -21
40 -24 -21
40 -24 -21
41 -6 -1
41 -6 -1
41 -6 -1
41 7 2
41 7 2
41 7 2
41 -6 -3
41 -6 -3
41 -6 -3
41 6 -4
41 6 -4
41 6 -4
41 6 5
41 6 5
41 6 5
41 14 0
41 14 0
41 14 0
41 10 4
41 10 4
41 10 4
41 12 3
41 12 3
41 12 3
41 1 14
41 1 14
41 1 14
41 -8 -8
41 -8 -8
41 -8 -8
41 8 -9
41 8 -9
41 8 -9
41 0 -17
41 0 -17
41 0 -17
41 11 -7
41 11 -7
41 11 -7
41 3 -15
41 3 -15
41 3 -15
41 0 -18
41 0 -18
41 0 -18
41 -13 5
41 -13 5
41 -13 5
41 11 8
41 11 8
41 11 8
41 -3 -16
41 -3 -16
41 -3 -16
41 18 -2
41 18 -2
41 18 -2
41 17 3
41 17 3
41 17 3
41 0 20
41 0 20
41 0 20
41 -12 -8
41 -12 -8
41 -12 -8
41 -8 13
41 -8 13
41 -8 13
41 10 12
41 10 12
41 10 12
41 2 20
41 2 20
41 2 20
41 -11 11
41 -11 11
41 -11 11
41 23 0
41 23 0
41 23 0
41 1 -23
41 1 -23
41 1 -23
41 -9 15
41 -9 15
41 -9 15
41 20 -5
41 20 -5
41 20 -5
41 -18 -7
41 -18 -7
41 -18 -7
41 7 -19
41 7 -19
41 7 -19
41 -6 20
41 -6 20
41 -6 20
41 -6 -21
41 -6 -21
41 -6 -21
41 -13 14
41 -13 14
41 -13 14
41 17 11
41 17 11
41 17 11
41 8 -21
41 8 -21
41 8 -21
41 -21 9
41 -21 9
41 -21 9
41 23 8
41 23 8
41 23 8
41 22 9
41 22 9
41 22 9
41 -10 21
41 -10 21
41 -10 21
41 21 11
41 21 11
41 21 11
41 19 13
41 19 13
41 19 13
41 -21 -11
41 -21 -11
41 -21 -11
41 -15 -18
41 -15 -18
41 -15 -18
41 -11 23
41 -11 23
41 -11 23
41 -16 20
41 -16 20
41 -16 20
41 -17 -20
41 -17 -20
41 -17 -20
41 17 -22
41 17 -22
41 17 -22
41 24 -16
41 24 -16
41 24 -16
41 -23 -18
41 -23 -18
41 -23 -18
41 -23 -19
41 -23 -19
41 -23 -19
41 22 -21
41 22 -21
41 22 -21
41 24 20
41 24 20
41 24 20
41 -21 24
41 -21 24
41 -21 24
41 -23 -22
41 -23 -22
41 -23 -22
41 -24 -21
41 -24 -21
41 -24 -21
42 -6 -1
42 -6 -1
42 -6 -1
42 7 2
42 7 2
42 7 2
42 -6 -3
42 -6 -3
42 -6 -3
42 6 -4
42 6 -4
42 6 -4
42 6 5
42 6 5
42 6 5
42 14 0
42 14 0
42 14 0
42 10 4
42 10 4
42 10 4
42 12 3
42 12 3
42 12 3
42 1 14
42 1 14
42 1 14
42 -8 -8
42 -8 -8
42 -8 -8
42 8 -9
42 8 -9
42 8 -9
42 0 -17
42 0 -17
42 0 -17
42 11 -7
42 11 -7
42 11 -7
42 3 -15
42 3 -15
42 3 -15
42 0 -18
42 0 -18
42 0 -18
42 -13 5
42 -13 5
42 -13 5
42 11 8
42 11 8
42 11 8
42 -3 -16
42 -3 -16
42 -3 -16
42 17 3
42 17 3
42 17 3
42 0 20
42 0 20
42 0 20
42 -12 -8
42 -12 -8
42 -12 -8
42 -8 13
42 -8 13
42 -8 13
42 10 12
42 10 12
42 10 12
42 2 20
42 2 20
42 2 20
42 -11 11
42 -11 11
42 -11 11
42 23 0
42 23 0
42 23 0
42 1 -23
42 1 -23
42 1 -23
42 -9 15
42 -9 15
42 -9 15
42 20 -5
42 20 -5
42 20 -5
42 -18 -7
42 -18 -7
42 -18 -7
42 7 -19
42 7 -19
42 7 -19
42 -6 20
42 -6 20
42 -6 20
42 -6 -21
42 -6 -21
42 -6 -21
42 -13 14
42 -13 14
42 -13 14
42 17 11
42 17 11
42 17 11
42 8 -21
42 8 -21
42 8 -21
42 -21 9
42 -21 9
42 -21 9
42 23 8
42 23 8
42 23 8
42 22 9
42 22 9
42 22 9
42 -10 21
42 -10 21
42 -10 21
42 21 11
42 21 11
42 21 11
42 19 13
42 19 13
42 19 13
42 -21 -11
42 -21 -11
42 -21 -11
42 -15 -18
42 -15 -18
42 -15 -18
42 -11 23
42 -11 23
42 -11 23
42 -16 20
42 -16 20
42 -16 20
42 -17 -20
42 -17 -20
42 -17 -20
42 17 -22
42 17 -22
42 17 -22
42 24 -16
42 24 -16
42 24 -16
42 -23 -18
42 -23 -18
42 -23 -18
42 -23 -19
42 -23 -19
42 -23 -19
42 22 -21
42 22 -21
42 22 -21
42 24 20
42 24 20
42 24 20
42 -21 24
42 -21 24
42 -21 24
42 -23 -22
42 -23 -22
42 -23 -22
42 -24 -21
42 -24 -21
42 -24 -21
43 -6 -1
43 -6 -1
43 -6 -1
43 7 2
43 7 2
43 7 2
43 -6 -3
43 -6 -3
43 -6 -3
43 6 -4
43 6 -4
43 6 -4
43 6 5
43 6 5
43 6 5
43 14 0
43 14 0
43 14 0
43 10 4
43 10 4
43 10 4
43 12 3
43 12 3
43 12 3
43 1 14
43 1 14
43 1 14
43 -8 -8
43 -8 -8
43 -8 -8
43 8 -9
43 8 -9
43 8 -9
43 0 -17
43 0 -17
43 0 -17
43 11 -7
43 11 -7
43 11 -7
43 3 -15
43 3 -15
43 3 -15
43 0 -18
43 0 -18
43 0 -18
43 -13 5
43 -13 5
43 -13 5
43 11 8
43 11 8
43 11 8
43 -3 -16
43 -3 -16
43 -3 -16
43 17 3
43 17 3
43 17 3
43 0 20
43 0 20
43 0 20
43 -12 -8
43 -12 -8
43 -12 -8
43 -8 13
43 -8 13
43 -8 13
43 10 12
-1 -1 -1
72
62
6
55
68
91
49
63
14
74
90
22
54
11
1
32
93
31
84
61
9
86
71
87
41
53
51
60
26
33
77
81
13
85
50
3
15
40
23
82
8
18
2
48
0
4
5
7
10
12
16
17
19
20
21
24
25
27
28
29
30
34
35
36
37
38
39
42
43
44
45
46
47
52
56
57
58
59
64
65
66
67
69
70
73
75
76
78
79
80
83
88
89
92
94
95
96
97
