27
11 7 11 6
15 17 15 18
9 16 9 15
8 18 9 18
5 18 6 18
3 17 3 18
1 15 1 16
2 10 1 10
16 20 15 20
12 14 12 15
10 13 9 13
7 4 6 4
17 19 17 20
13 13 13 14
11 12 11 13
14 9 13 9
1 3 2 3
16 11 16 12
16 10 16 11
3 1 2 1
16 12 17 12
5 2 5 3
11 4 11 3
11 5 11 4
15 13 15 14
16 9 17 9
16 17 15 17
173
14 16 14 17
13 16 14 16
14 17 14 18
14 18 14 19
14 12 14 13
14 11 14 12
14 18 15 18
15 18 15 19
15 18 16 18
13 18 14 18
13 15 13 16
0 18 1 18
11 19 14 19
11 19 11 20
8 19 11 19
8 19 8 20
8 17 8 19
6 19 8 19
13 4 13 7
8 5 8 12
6 17 6 18
6 18 6 19
4 18 6 18
0 18 0 20
0 16 0 18
0 15 0 16
1 18 1 20
0 3 0 7
1 18 3 18
3 18 4 18
0 2 0 3
6 5 6 9
8 4 8 5
8 1 8 4
1 20 2 20
1 13 1 16
0 16 1 16
1 4 1 5
2 20 4 20
4 10 4 12
4 9 4 10
1 5 1 10
1 10 1 13
4 7 4 9
3 12 3 13
3 11 3 12
3 9 3 11
3 8 3 9
3 6 3 8
15 19 15 20
7 15 9 15
7 14 7 15
7 11 7 14
9 15 12 15
12 15 13 15
7 10 7 11
7 8 7 10
7 6 7 8
19 11 19 13
1 13 3 13
9 10 9 13
9 13 9 15
3 12 4 12
4 9 6 9
13 11 14 11
18 11 19 11
17 11 18 11
8 1 10 1
6 3 6 4
6 4 6 5
6 4 8 4
10 1 11 1
10 0 10 1
10 0 15 0
15 0 19 0
6 0 10 0
15 20 17 20
17 20 19 20
17 15 17 20
13 4 18 4
18 4 18 6
18 3 18 4
0 2 1 2
1 2 2 2
17 10 18 10
18 10 19 10
19 10 20 10
10 10 11 10
17 7 17 8
9 13 11 13
11 13 14 13
14 7 17 7
10 7 12 7
14 8 17 8
20 10 20 14
20 14 20 15
13 7 13 9
13 9 13 11
13 9 15 9
11 9 13 9
20 15 20 16
20 4 20 10
20 0 20 4
18 16 20 16
1 2 1 4
18 16 18 18
18 18 19 18
19 17 19 18
19 6 19 10
19 5 19 6
19 2 19 5
19 1 19 2
18 1 19 1
15 1 18 1
14 1 15 1
14 11 16 11
16 11 17 11
14 10 17 10
12 1 14 1
17 2 19 2
16 2 17 2
14 2 16 2
10 2 14 2
9 2 10 2
6 2 7 2
2 1 2 2
14 2 14 3
14 3 15 3
16 11 16 13
17 14 20 14
17 13 17 14
17 12 17 13
13 14 14 14
3 2 6 2
5 3 6 3
4 14 6 14
3 14 4 14
2 14 3 14
2 3 3 3
9 3 11 3
11 3 14 3
11 18 12 18
9 18 11 18
7 16 11 16
6 16 7 16
14 14 14 15
10 4 11 4
11 4 13 4
14 15 15 15
15 15 15 16
3 15 5 15
2 15 3 15
10 12 13 12
14 14 15 14
15 14 17 14
15 12 15 14
11 6 12 6
10 6 11 6
9 17 11 17
9 5 10 5
9 3 9 4
9 4 9 5
17 8 17 9
17 9 17 10
10 5 10 6
10 6 10 7
10 7 10 8
10 8 10 10
10 10 10 12
3 0 4 0
15 16 15 17
1 0 3 0
2 14 2 15
