125
23 20 24 20
21 27 21 28
0 19 1 19
2 28 3 28
0 29 0 28
24 20 23 20
24 19 24 20
19 17 19 16
18 18 19 18
25 18 25 19
17 16 16 16
16 13 17 13
18 22 19 22
16 20 16 19
20 15 20 14
25 13 25 12
22 5 21 5
19 20 19 21
16 21 16 20
15 21 16 21
17 27 17 26
21 19 21 20
9 13 10 13
11 13 11 12
15 13 15 14
11 19 10 19
15 18 15 17
14 18 15 18
14 21 13 21
17 2 16 2
18 0 18 1
22 2 23 2
21 3 21 2
11 2 11 3
9 21 8 21
12 19 11 19
3 18 4 18
2 13 2 14
2 16 3 16
4 20 4 19
15 8 14 8
6 1 7 1
3 3 2 3
5 7 6 7
15 14 15 15
13 27 13 26
13 9 14 9
25 24 25 25
25 23 25 24
29 25 29 24
23 22 24 22
24 27 23 27
28 10 27 10
10 12 10 11
0 4 1 4
13 29 13 28
20 2 19 2
25 12 25 11
26 12 26 11
1 11 2 11
2 8 2 9
1 8 2 8
6 11 6 12
8 11 8 12
8 9 8 10
8 13 9 13
7 15 7 14
19 12 18 12
17 10 17 11
18 14 19 14
16 9 17 9
26 4 27 4
12 7 12 8
9 9 10 9
9 8 8 8
8 5 8 6
11 5 10 5
26 9 27 9
27 16 26 16
28 17 27 17
0 24 1 24
2 26 1 26
8 0 8 1
5 15 4 15
8 19 8 18
9 18 9 19
7 16 7 15
7 25 6 25
4 24 4 25
9 5 9 4
20 5 20 6
20 4 21 4
23 7 23 6
25 0 24 0
23 8 23 9
1 0 1 1
10 27 11 27
27 15 27 16
28 26 27 26
26 28 27 28
25 29 25 28
29 27 29 28
29 5 28 5
7 24 8 24
6 24 7 24
0 17 1 17
2 15 2 16
1 15 2 15
4 27 4 26
11 23 12 23
11 24 11 23
12 6 13 6
20 7 21 7
20 29 20 28
24 8 25 8
28 7 28 8
28 18 28 17
29 18 28 18
27 4 28 4
3 11 4 11
4 6 5 6
5 3 4 3
28 20 29 20
27 20 28 20
13 5 13 4
295
16 17 17 17
17 17 18 17
10 17 13 17
22 26 22 27
22 27 22 28
5 1 5 2
6 22 7 22
2 22 3 22
0 22 2 22
3 22 6 22
3 22 3 23
3 23 3 26
2 22 2 23
2 23 2 24
3 26 3 28
3 28 4 28
0 18 0 22
0 18 1 18
1 18 2 18
0 28 3 28
1 19 1 20
6 26 6 27
8 15 9 15
8 25 8 26
23 19 23 20
22 20 23 20
23 20 23 21
23 21 24 21
22 20 22 24
22 24 22 25
23 20 24 20
22 16 22 20
22 16 24 16
20 16 22 16
19 16 20 16
27 5 27 6
27 6 28 6
19 4 19 5
19 16 19 18
17 18 19 18
9 25 12 25
12 25 12 26
23 19 25 19
25 3 25 4
10 2 10 3
12 20 12 21
12 27 12 28
14 22 14 23
17 21 17 22
18 10 19 10
18 25 18 26
18 20 18 21
19 9 20 9
19 24 20 24
20 24 20 26
23 10 23 11
23 11 24 11
18 21 18 25
23 12 23 13
23 13 24 13
24 12 24 13
24 13 24 14
22 14 24 14
26 24 26 25
26 24 28 24
20 14 22 14
20 10 20 14
27 11 28 11
28 16 29 16
24 13 26 13
5 10 7 10
9 23 9 25
9 10 9 11
9 6 9 7
22 4 22 14
10 4 11 4
17 12 17 13
17 13 17 17
18 20 20 20
20 20 20 22
13 22 14 22
14 22 15 22
15 20 16 20
16 20 18 20
3 21 7 21
18 27 22 27
14 27 15 27
13 14 13 15
13 24 14 24
15 20 15 22
14 24 14 27
9 20 12 20
16 26 17 26
17 26 18 26
15 27 18 27
10 14 10 15
10 15 10 16
10 16 10 17
13 10 13 11
20 20 21 20
10 17 10 18
9 16 10 16
0 14 1 14
28 13 28 14
10 13 10 14
15 3 17 3
17 3 18 3
28 11 28 12
6 9 7 9
18 2 18 3
10 13 12 13
11 12 12 12
17 3 17 5
12 13 17 13
12 16 14 16
10 18 10 19
27 23 29 23
27 18 27 19
15 17 16 17
11 15 13 15
11 21 12 21
16 0 17 0
15 17 15 18
15 7 16 7
16 7 18 7
18 7 19 7
14 17 14 22
16 7 16 8
10 23 10 24
28 21 28 22
16 22 17 22
17 0 17 3
29 14 29 15
29 15 29 16
19 15 21 15
1 21 2 21
17 0 20 0
20 0 23 0
1 9 1 10
26 18 26 19
0 9 0 11
23 0 23 2
18 8 19 8
6 6 7 6
20 17 20 18
21 2 23 2
8 2 10 2
3 0 6 0
26 3 29 3
11 3 15 3
18 6 19 6
1 19 2 19
2 19 3 19
9 20 9 22
8 21 8 23
0 3 1 3
5 9 5 10
10 19 11 19
12 18 12 20
11 29 12 29
24 9 24 10
4 16 4 18
11 0 13 0
13 0 14 0
1 13 3 13
24 3 24 6
15 6 16 6
18 11 19 11
3 13 3 16
3 16 3 19
8 27 9 27
5 17 6 17
14 29 16 29
3 19 4 19
4 19 5 19
14 6 14 7
13 2 16 2
6 20 7 20
3 8 4 8
13 8 14 8
15 7 15 12
6 0 6 6
2 2 2 3
3 0 3 5
6 6 6 7
6 7 6 8
13 15 15 15
15 15 16 15
12 26 13 26
13 8 13 10
24 24 25 24
25 24 26 24
29 24 29 26
28 24 29 24
24 22 24 24
23 27 25 27
23 21 23 27
28 9 28 11
10 11 10 13
10 11 13 11
1 4 2 4
0 3 0 9
12 28 13 28
13 28 16 28
19 1 19 2
19 2 19 4
24 11 25 11
24 12 28 12
1 10 1 12
1 9 2 9
1 4 1 9
2 7 2 8
1 12 6 12
8 12 9 12
5 11 9 11
8 10 9 10
9 13 10 13
8 12 8 14
5 14 7 14
7 14 8 14
19 11 19 13
17 11 18 11
19 13 19 14
17 9 17 11
26 3 26 5
12 8 12 9
10 7 13 7
10 7 10 9
10 9 10 10
6 8 8 8
9 7 9 10
8 2 8 6
8 6 9 6
10 5 10 7
27 6 27 9
24 16 26 16
27 17 27 18
1 23 1 24
0 23 0 27
1 24 1 26
1 26 1 27
7 1 8 1
8 1 11 1
7 0 9 0
4 15 4 16
8 16 8 18
4 18 8 18
9 19 9 20
5 19 9 19
7 15 7 17
7 15 8 15
6 25 6 26
4 25 6 25
9 4 10 4
19 6 20 6
21 4 22 4
20 1 20 6
23 6 24 6
24 0 24 3
23 9 24 9
0 0 2 0
9 27 11 27
11 27 11 29
27 16 27 17
26 15 28 15
24 26 27 26
28 25 28 27
27 26 27 28
25 28 27 28
27 28 29 28
29 4 29 6
7 23 7 24
7 24 7 26
1 16 1 17
1 16 2 16
2 14 2 15
4 26 5 26
12 22 12 23
10 24 13 24
21 7 21 8
20 28 21 28
25 7 25 8
28 8 29 8
28 17 29 17
29 17 29 19
28 4 28 5
4 11 5 11
4 9 4 11
5 6 5 8
4 3 4 8
29 20 29 22
25 20 28 20
28 20 28 21
13 4 13 6
13 4 16 4
