77
13 20 13 21
3 15 3 16
2 17 2 18
7 7 7 8
3 16 3 15
3 15 3 16
3 16 3 15
22 24 22 25
20 22 19 22
19 22 20 22
28 21 27 21
20 29 20 30
12 21 11 21
8 22 8 23
3 22 3 23
15 19 14 19
10 24 10 23
13 8 14 8
9 15 10 15
9 19 10 19
15 11 16 11
17 10 16 10
18 7 18 8
19 4 18 4
23 7 22 7
25 5 24 5
0 22 0 23
9 25 10 25
11 2 12 2
5 15 5 16
6 18 7 18
5 18 5 19
8 24 9 24
16 26 16 25
30 4 30 5
29 29 28 29
27 30 27 29
30 28 30 29
12 0 12 1
20 18 21 18
5 4 5 3
5 6 6 6
7 6 7 7
29 13 28 13
25 10 26 10
25 14 26 14
19 10 19 9
2 15 2 16
4 16 3 16
2 13 2 14
28 14 29 14
28 15 29 15
30 5 29 5
28 3 28 2
30 17 30 16
5 10 4 10
6 13 7 13
11 12 12 12
9 11 9 12
9 14 9 15
17 15 18 15
11 14 11 13
24 11 25 11
23 11 24 11
24 20 23 20
15 22 15 21
17 19 17 20
23 27 24 27
14 27 14 28
15 28 15 27
12 29 13 29
17 26 17 27
18 25 19 25
5 2 5 1
8 0 7 0
10 2 9 2
1 5 1 4
223
1 14 1 15
1 15 1 16
1 16 1 17
1 8 1 14
5 27 5 28
7 23 7 24
7 21 7 23
9 21 9 22
12 5 13 5
16 4 16 5
16 20 16 21
17 3 18 3
17 21 18 21
21 29 21 30
21 24 21 25
21 25 21 29
21 21 21 24
21 25 22 25
19 21 20 21
20 21 21 21
21 21 26 21
20 20 20 21
20 21 20 22
20 22 20 23
20 23 20 24
21 24 28 24
28 18 28 20
28 20 28 24
12 20 14 20
11 20 12 20
20 30 21 30
19 30 20 30
12 23 20 23
12 23 12 25
12 20 12 23
12 25 12 28
7 23 8 23
2 23 3 23
3 23 7 23
11 17 11 20
14 19 14 20
14 19 16 19
14 2 14 5
8 23 10 23
10 23 12 23
9 8 10 8
14 5 14 8
14 8 14 19
10 8 14 8
10 16 13 16
8 16 10 16
10 14 10 15
10 15 10 16
11 28 12 28
2 18 4 18
9 3 9 8
10 16 10 19
10 19 10 23
9 3 11 3
11 3 12 3
16 11 16 19
23 8 24 8
24 17 24 18
16 8 16 10
16 10 16 11
17 3 17 4
17 4 17 6
16 8 18 8
18 8 22 8
24 28 24 29
24 29 25 29
24 28 26 28
18 3 18 4
18 4 18 8
26 19 27 19
26 20 27 20
22 7 24 7
22 7 22 8
5 7 6 7
24 6 24 7
24 5 26 5
24 5 24 6
27 20 27 21
0 23 2 23
0 16 0 23
27 21 27 23
10 23 10 25
26 23 27 23
26 11 26 12
11 0 11 3
26 11 28 11
5 16 8 16
5 11 5 16
7 18 7 21
23 9 26 9
22 18 23 18
4 18 7 18
28 7 28 11
8 23 8 27
28 6 28 7
23 8 23 9
12 25 16 25
4 9 12 9
2 9 4 9
27 1 28 1
29 2 30 2
28 24 28 29
29 11 30 11
13 21 14 21
27 29 28 29
18 20 18 21
28 29 30 29
18 16 18 20
8 21 9 21
11 0 16 0
24 12 24 15
21 18 22 18
20 14 20 20
20 14 23 14
23 12 23 14
5 3 9 3
21 17 21 18
21 15 21 17
5 3 5 7
23 15 24 15
29 10 29 11
6 7 7 7
20 1 27 1
28 11 28 13
29 16 29 18
26 9 26 10
26 10 26 11
29 18 29 20
26 12 26 14
26 14 26 18
3 0 3 1
0 2 1 2
1 2 2 2
19 9 23 9
19 9 19 19
2 2 3 2
2 16 2 18
1 15 3 15
23 15 23 16
0 24 0 26
3 15 3 16
3 16 3 17
4 4 4 5
1 8 7 8
7 8 8 8
2 12 2 14
8 4 8 8
1 14 2 14
25 6 27 6
29 11 29 14
7 10 9 10
30 22 30 24
29 14 29 15
29 15 29 16
12 13 12 15
26 5 29 5
30 2 30 11
11 21 11 22
17 2 28 2
28 2 29 2
28 1 28 2
27 6 27 8
0 24 6 24
30 16 30 22
29 16 30 16
10 27 10 30
4 9 4 10
4 10 4 13
4 10 6 10
22 4 25 4
15 1 15 2
7 2 8 2
6 10 6 15
7 10 7 11
7 11 7 13
12 9 12 12
12 12 12 13
7 13 10 13
7 13 7 14
15 2 15 4
9 12 12 12
12 1 14 1
14 1 15 1
6 15 9 15
17 11 17 13
18 15 18 16
17 13 17 17
10 13 11 13
22 3 23 3
23 3 29 3
11 30 13 30
25 11 25 15
24 10 24 11
24 11 24 12
22 11 24 11
23 20 26 20
23 18 23 20
14 21 15 21
15 21 16 21
17 17 17 20
16 20 17 20
22 27 24 27
24 27 24 28
13 27 15 27
15 27 15 29
13 27 13 29
13 29 13 30
15 27 17 27
17 27 19 27
19 25 19 27
3 1 5 1
5 1 7 1
3 2 7 2
7 0 9 0
7 0 7 1
9 0 9 2
1 2 1 4
0 5 4 5
