138
26 33 26 32
15 29 16 29
12 28 13 28
14 26 14 27
16 30 16 31
7 36 8 36
8 23 9 23
10 22 10 23
11 17 10 17
16 26 16 27
19 31 19 32
23 32 23 31
16 35 16 34
20 35 20 36
19 26 18 26
18 25 19 25
9 27 9 28
15 11 15 12
23 9 23 10
24 6 24 7
29 11 29 10
30 9 29 9
28 16 29 16
26 16 26 17
4 25 4 24
1 26 2 26
3 29 2 29
3 32 2 32
17 9 17 8
16 7 16 6
16 5 17 5
26 4 26 5
26 5 26 6
9 30 9 31
8 33 9 33
25 31 25 32
31 31 31 30
34 32 34 31
31 13 30 13
30 23 30 22
32 23 32 22
35 30 34 30
34 24 35 24
12 16 13 16
13 17 12 17
17 23 16 23
13 23 12 23
15 15 14 15
22 20 23 20
20 24 20 23
19 25 20 25
16 18 16 19
14 20 13 20
6 21 6 20
3 18 3 19
6 22 6 21
3 17 3 16
24 19 24 20
23 19 24 19
24 23 25 23
3 5 3 4
25 30 25 29
31 0 31 1
3 1 4 1
21 8 20 8
1 11 2 11
4 8 3 8
18 17 19 17
25 3 24 3
30 2 30 3
26 8 26 7
21 29 21 28
35 6 36 6
35 2 36 2
34 6 35 6
35 11 34 11
35 14 34 14
35 12 36 12
5 11 6 11
4 9 4 8
4 15 5 15
6 14 5 14
6 16 6 17
8 19 9 19
9 21 9 20
7 12 7 13
8 12 7 12
31 30 31 29
30 29 30 30
24 29 24 30
14 2 14 1
20 19 19 19
9 1 9 2
18 3 18 2
19 0 18 0
27 9 27 8
35 25 36 25
10 7 9 7
15 25 15 24
28 15 27 15
24 13 24 12
30 16 30 17
34 16 35 16
36 34 35 34
19 32 20 32
16 34 16 33
9 4 8 4
16 9 17 9
16 8 16 9
20 16 21 16
22 26 23 26
32 19 33 19
32 27 31 27
29 36 29 35
30 36 31 36
8 7 7 7
7 5 8 5
7 22 8 22
10 9 11 9
10 11 11 11
11 7 11 6
27 18 28 18
27 17 27 18
27 18 27 19
28 20 29 20
29 7 29 8
30 7 30 6
32 28 33 28
35 29 36 29
3 13 3 14
1 13 1 12
5 28 4 28
0 28 1 28
5 27 5 26
11 1 11 0
32 6 31 6
12 0 12 1
36 31 35 31
327
13 33 13 34
13 34 13 35
15 27 15 30
14 30 15 30
15 30 15 32
15 32 15 35
13 27 13 28
13 28 13 33
8 35 13 35
14 30 14 36
13 27 14 27
14 27 15 27
14 24 14 27
14 36 17 36
17 30 17 31
17 29 17 30
17 28 17 29
15 30 17 30
17 29 18 29
17 12 17 14
17 10 17 12
8 35 8 36
9 24 14 24
9 8 9 10
22 21 22 22
9 23 9 24
7 23 9 23
5 23 7 23
5 22 5 23
9 23 10 23
22 21 23 21
22 22 22 23
10 16 10 17
10 17 10 23
22 22 23 22
24 14 24 15
0 34 0 35
15 27 16 27
16 12 16 14
0 35 2 35
0 30 0 34
17 31 20 31
16 12 17 12
17 10 22 10
17 12 22 12
20 31 23 31
1 10 3 10
3 10 3 11
15 35 19 35
1 3 2 3
2 20 2 21
5 33 5 34
19 35 22 35
22 35 22 36
5 33 6 33
10 26 11 26
18 26 18 29
11 25 11 26
12 20 12 21
12 30 12 31
18 23 18 26
13 13 13 14
14 7 14 8
14 13 14 14
9 28 13 28
23 5 24 5
25 13 25 14
26 32 27 32
15 12 15 13
15 12 16 12
27 32 27 33
22 32 24 32
23 6 23 10
22 10 23 10
21 6 23 6
23 33 27 33
28 19 29 19
23 6 25 6
31 7 32 7
23 10 29 10
29 10 29 14
31 9 32 9
31 32 32 32
29 9 29 10
33 18 34 18
34 33 35 33
35 5 36 5
29 14 29 16
35 21 36 21
23 16 29 16
9 25 10 25
10 25 11 25
23 0 23 1
3 25 9 25
10 4 10 5
20 13 23 13
23 2 23 4
2 24 2 26
23 4 23 5
18 4 20 4
4 4 5 4
2 26 2 29
2 29 2 30
3 25 3 30
3 30 3 31
20 4 23 4
18 4 18 7
2 30 2 32
2 32 2 35
18 7 18 9
3 31 3 35
18 9 19 9
12 7 14 7
17 7 18 7
20 0 20 4
14 7 17 7
3 31 5 31
5 2 5 4
10 5 17 5
17 5 17 7
3 35 5 35
23 14 23 15
2 24 4 24
23 4 30 4
27 22 28 22
28 22 29 22
25 6 26 6
19 36 20 36
33 14 33 18
6 27 6 28
5 31 9 31
6 28 6 29
6 29 6 30
27 20 27 22
9 31 9 33
27 12 27 14
27 22 27 29
32 7 32 8
24 32 25 32
25 32 26 32
32 8 32 9
12 9 15 9
15 8 15 9
15 9 15 10
6 8 7 8
32 9 32 12
32 12 32 13
23 31 34 31
0 17 0 19
17 34 19 34
19 27 19 29
31 9 31 18
31 18 31 22
30 22 31 22
30 22 30 26
30 26 34 26
34 26 34 29
31 22 32 22
34 20 34 21
34 29 34 30
6 30 12 30
5 19 5 21
34 21 34 26
12 21 17 21
6 28 7 28
28 5 28 6
28 6 28 7
34 17 34 18
16 17 17 17
12 9 12 17
12 17 12 20
12 17 14 17
34 7 34 9
24 7 25 7
17 21 17 26
33 21 33 22
12 23 14 23
12 21 12 23
19 14 22 14
23 0 24 0
14 15 14 17
14 15 16 15
16 16 16 17
6 8 6 10
22 18 22 21
2 21 5 21
26 1 27 1
20 23 22 23
31 23 31 24
22 14 22 15
20 23 20 25
21 15 22 15
26 19 26 20
0 2 0 4
13 18 22 18
35 17 35 18
0 4 1 4
13 18 13 20
13 20 18 20
0 2 2 2
2 2 3 2
6 20 8 20
1 7 1 9
2 0 3 0
0 19 3 19
3 19 5 19
20 33 21 33
0 9 0 13
0 13 0 14
19 6 20 6
5 21 6 21
6 21 7 21
16 23 16 24
29 17 29 18
6 34 7 34
32 1 32 2
0 17 4 17
3 16 5 16
24 20 24 21
23 20 24 20
24 19 26 19
23 16 23 20
25 23 26 23
24 21 24 24
1 4 3 4
25 29 27 29
27 1 31 1
24 0 33 0
4 0 4 1
4 1 4 4
20 6 20 8
20 8 20 9
20 8 22 8
3 8 3 10
19 14 19 17
24 3 28 3
24 0 24 3
28 3 30 3
25 7 26 7
21 28 23 28
19 29 23 29
36 6 36 9
35 0 35 5
35 5 35 6
35 6 35 8
34 9 34 11
34 11 34 13
34 13 34 14
35 8 35 15
6 10 6 11
4 8 6 8
5 15 7 15
5 15 5 16
5 13 5 14
5 14 5 15
5 14 10 14
5 16 8 16
8 16 8 20
8 20 9 20
5 13 7 13
7 12 9 12
7 8 7 12
31 29 33 29
29 30 30 30
30 30 32 30
30 28 30 30
24 30 29 30
13 1 14 1
19 19 19 27
8 2 9 2
9 2 15 2
15 2 18 2
18 0 18 2
24 8 27 8
27 8 28 8
36 24 36 25
36 25 36 26
9 7 9 8
15 24 16 24
27 14 27 15
24 12 24 14
24 12 27 12
29 17 30 17
35 16 35 17
35 33 35 34
20 32 20 33
16 33 20 33
9 3 9 5
17 9 18 9
16 9 16 10
15 8 17 8
20 15 20 17
23 26 23 28
33 19 33 21
31 27 31 29
26 36 31 36
31 32 31 36
1 7 7 7
8 4 8 5
8 5 8 10
8 21 8 22
11 8 11 9
10 5 10 12
11 6 12 6
28 17 28 18
26 17 28 17
26 19 27 19
27 19 28 19
29 20 29 21
29 8 30 8
30 4 30 6
28 7 31 7
33 27 33 28
36 28 36 29
1 14 3 14
1 10 1 12
0 13 5 13
4 28 6 28
4 26 4 28
1 24 1 28
5 26 9 26
7 0 11 0
30 6 31 6
31 2 31 6
7 1 12 1
34 31 35 31
35 24 35 31
