140
11 7 12 7
10 28 10 29
10 20 9 20
11 24 10 24
9 24 9 25
14 10 14 11
11 27 11 28
15 28 15 27
20 26 20 27
19 26 20 26
21 27 21 28
19 25 19 26
27 23 26 23
27 27 26 27
27 24 27 25
29 30 29 31
23 27 23 28
24 29 25 29
23 5 22 5
24 15 24 16
21 13 22 13
22 9 23 9
24 6 23 6
24 11 23 11
23 19 24 19
24 0 24 1
22 0 22 1
25 6 25 7
27 4 27 3
2 20 1 20
0 24 1 24
1 23 0 23
5 23 5 22
1 31 1 30
16 22 17 22
16 5 17 5
8 12 8 11
31 10 30 10
29 7 29 8
22 1 21 1
7 8 7 9
1 5 1 4
3 7 3 8
2 6 2 7
2 2 3 2
5 4 6 4
8 28 7 28
6 10 6 9
7 10 6 10
3 8 3 9
6 25 6 26
9 28 8 28
17 28 17 29
15 29 15 28
20 29 20 28
19 29 20 29
15 0 15 1
11 1 11 2
11 2 11 3
13 5 12 5
14 4 14 5
14 29 15 29
20 16 20 17
20 14 19 14
31 17 31 18
4 7 3 7
3 6 4 6
8 6 9 6
15 2 14 2
22 19 21 19
21 18 20 18
21 17 21 18
3 16 3 15
3 17 3 16
3 15 2 15
6 15 5 15
18 13 19 13
19 10 19 9
17 11 18 11
19 12 18 12
15 6 15 7
7 1 6 1
28 8 28 9
25 20 24 20
12 15 12 16
7 14 8 14
8 5 8 4
28 17 27 17
8 18 8 19
16 19 15 19
7 0 7 1
13 13 13 14
16 12 17 12
15 11 16 11
15 17 16 17
27 14 26 14
25 10 26 10
24 9 25 9
22 30 22 31
30 28 29 28
30 24 29 24
29 23 30 23
7 5 6 5
27 13 27 14
4 30 4 31
2 31 3 31
7 29 7 30
6 18 5 18
6 20 7 20
5 19 5 20
30 16 29 16
29 15 28 15
24 1 25 1
1 26 2 26
2 23 1 23
24 18 25 18
4 25 5 25
7 12 8 12
11 22 12 22
14 14 14 15
20 8 19 8
20 7 20 8
19 7 20 7
27 9 27 10
28 1 29 1
28 26 27 26
1 13 0 13
2 13 1 13
5 27 4 27
12 23 11 23
13 25 13 26
21 9 22 9
24 24 23 24
27 0 28 0
14 11 15 11
3 2 3 1
8 29 8 30
24 31 24 30
27 6 27 5
5 11 4 11
315
3 18 3 19
12 29 12 30
12 30 12 31
15 22 15 23
15 23 15 24
10 29 12 29
10 27 10 29
10 10 10 11
4 1 5 1
4 18 4 19
10 17 10 21
7 24 7 25
9 7 9 8
10 13 10 14
11 13 11 14
11 14 12 14
10 21 10 24
10 24 10 27
11 11 11 13
11 8 11 11
11 11 13 11
12 6 12 7
12 7 12 8
11 8 12 8
12 6 13 6
5 6 6 6
12 8 14 8
14 21 14 22
18 14 18 15
18 22 19 22
18 25 18 26
18 16 18 17
18 16 19 16
18 28 19 28
18 29 18 30
10 27 15 27
15 27 19 27
7 17 10 17
7 16 7 17
7 24 10 24
24 25 24 26
24 25 25 25
19 27 20 27
22 25 24 25
22 23 22 25
22 21 22 23
24 26 26 26
26 24 26 26
21 23 22 23
20 3 20 4
25 28 26 28
20 27 22 27
26 2 27 2
26 8 26 9
26 11 27 11
19 26 19 27
18 25 22 25
27 15 27 16
28 14 29 14
29 20 30 20
30 7 31 7
26 23 26 24
5 21 6 21
30 30 31 30
31 21 31 22
26 19 26 20
26 20 26 21
26 26 26 27
26 19 28 19
5 1 5 2
11 28 14 28
18 7 18 10
4 16 6 16
13 24 14 24
14 23 14 24
14 18 14 19
14 16 14 18
15 30 17 30
25 30 30 30
31 26 31 30
29 31 30 31
17 30 18 30
30 12 30 13
22 15 23 15
21 28 23 28
23 28 25 28
23 15 23 17
23 0 23 4
20 4 23 4
23 4 25 4
17 31 18 31
25 28 25 29
25 29 25 30
18 31 19 31
31 7 31 8
20 21 20 22
20 22 20 23
20 23 20 24
16 24 20 24
19 21 20 21
1 12 2 12
19 2 19 6
19 2 21 2
17 2 19 2
23 15 25 15
25 15 25 17
19 20 21 20
24 13 25 13
14 18 18 18
22 12 22 13
22 13 22 15
13 19 14 19
0 5 0 7
0 7 0 9
0 28 0 30
0 21 0 22
13 9 14 9
24 21 24 23
26 18 28 18
29 6 31 6
31 13 31 14
31 14 31 16
23 4 23 6
23 6 23 9
29 18 29 20
30 19 30 20
9 20 9 21
9 9 9 11
13 21 14 21
23 9 23 11
23 11 23 15
2 11 2 12
1 9 1 12
6 11 6 12
9 9 10 9
23 17 23 20
11 16 11 19
12 0 12 1
25 21 25 23
23 0 26 0
3 23 3 26
16 13 16 16
10 31 11 31
16 3 16 4
21 0 23 0
10 2 10 3
10 3 10 7
10 7 10 9
1 2 1 3
11 0 12 0
23 6 26 6
0 22 2 22
2 22 3 22
25 4 30 4
25 3 27 3
8 9 8 10
29 12 29 13
22 5 22 8
15 31 16 31
2 19 2 22
1 19 1 20
0 15 0 20
11 25 12 25
0 28 3 28
2 9 2 10
0 22 0 23
0 23 0 28
3 22 5 22
5 22 7 22
0 30 1 30
17 22 18 22
16 20 16 24
17 2 17 5
16 4 16 6
8 11 9 11
31 8 31 13
28 7 30 7
21 1 21 2
4 8 9 8
0 5 3 5
1 4 2 4
0 7 2 7
5 2 5 5
6 3 6 4
4 9 6 9
6 9 7 9
5 10 6 10
7 9 7 11
2 9 3 9
3 9 4 9
3 26 6 26
6 26 8 26
8 26 8 28
16 29 17 29
14 28 15 28
15 28 18 28
19 28 20 28
19 28 19 31
15 1 16 1
12 0 20 0
10 1 12 1
11 3 11 8
10 2 12 2
12 2 12 5
12 5 14 5
15 29 15 30
19 16 21 16
19 14 19 16
29 18 31 18
2 7 3 7
4 5 4 6
4 6 4 8
9 6 9 7
12 2 14 2
15 1 15 4
17 19 21 19
22 18 22 20
21 19 21 20
18 18 20 18
21 18 21 19
20 17 23 17
2 16 3 16
3 16 4 16
3 16 3 18
1 15 2 15
3 14 3 16
6 13 6 16
18 10 21 10
18 10 18 11
18 11 18 12
18 12 18 14
15 4 15 7
15 7 18 7
6 1 6 3
28 9 28 12
28 9 30 9
26 8 29 8
24 19 24 20
24 20 24 21
12 16 12 18
11 16 12 16
7 15 13 15
7 13 7 15
6 4 8 4
28 16 28 18
8 19 9 19
7 18 9 18
15 19 15 22
7 1 7 3
7 1 9 1
6 0 8 0
12 13 16 13
16 8 16 11
16 11 16 13
16 16 16 17
26 14 26 18
25 7 25 9
25 9 25 13
20 31 22 31
22 31 23 31
29 25 29 28
29 28 29 29
26 24 29 24
30 22 30 23
30 23 30 30
29 21 29 24
6 5 6 6
27 12 27 14
27 14 28 14
3 30 5 30
3 30 3 31
7 28 7 30
5 30 7 30
4 18 5 18
6 17 6 19
7 18 7 20
5 20 7 20
30 15 30 17
29 14 29 16
25 1 25 3
1 24 1 27
1 23 1 24
25 18 25 21
5 24 5 25
8 12 8 13
12 21 12 22
14 15 15 15
19 8 19 9
20 8 22 8
19 6 19 8
26 10 27 10
29 0 29 1
27 25 27 26
0 11 0 13
0 13 1 13
2 12 2 15
4 27 4 29
11 23 14 23
11 21 11 23
13 24 13 26
11 26 13 26
22 9 22 11
23 22 23 24
26 0 28 0
28 0 28 2
13 11 15 11
15 9 15 11
3 1 3 5
1 1 3 1
8 28 8 30
8 30 11 30
21 30 24 30
24 5 27 5
4 11 6 11
4 11 4 15
