99
29 25 29 24
24 26 25 26
22 33 22 34
25 33 26 33
23 29 24 29
26 28 25 28
20 27 19 27
18 27 18 28
14 25 13 25
15 28 15 27
12 24 12 25
11 20 10 20
9 24 9 23
8 23 8 24
9 17 8 17
14 21 13 21
16 20 16 21
5 24 5 25
5 23 5 24
2 18 1 18
1 16 2 16
31 22 32 22
30 24 31 24
15 15 16 15
17 17 16 17
15 17 15 16
17 19 16 19
12 14 11 14
34 26 35 26
26 23 27 23
27 22 28 22
18 6 18 7
26 21 27 21
19 4 18 4
14 4 14 5
12 6 11 6
23 18 22 18
21 18 21 17
21 19 21 18
20 23 21 23
17 22 17 23
31 13 30 13
27 12 26 12
33 6 32 6
32 7 33 7
31 8 31 9
35 11 35 10
25 1 25 2
26 1 25 1
24 5 25 5
30 9 29 9
2 8 2 9
8 9 8 8
1 24 0 24
0 25 1 25
1 25 1 24
0 30 1 30
2 34 2 35
3 33 2 33
28 18 28 17
10 15 9 15
8 15 8 14
6 16 6 17
2 14 3 14
9 35 9 34
6 29 5 29
10 32 11 32
10 27 11 27
32 21 33 21
32 27 33 27
8 4 9 4
2 25 2 26
6 11 6 12
8 14 8 13
2 3 2 2
3 1 3 2
5 27 6 27
4 26 5 26
5 25 4 25
23 5 22 5
20 4 20 5
17 0 17 1
4 19 3 19
11 18 12 18
10 19 10 18
32 0 32 1
26 0 26 1
22 31 21 31
27 34 28 34
27 35 27 34
18 26 18 25
17 23 16 23
22 22 23 22
23 25 22 25
23 31 22 31
23 28 23 29
26 27 26 28
30 35 30 34
29 31 30 31
257
23 34 24 34
24 34 25 34
19 34 19 35
28 24 29 24
6 34 6 35
19 34 22 34
22 34 23 34
25 25 25 26
25 26 26 26
26 26 28 26
12 20 13 20
25 7 25 10
24 7 25 7
24 24 24 29
24 29 24 34
28 12 28 16
7 29 8 29
13 18 13 19
18 8 19 8
25 26 25 28
25 28 25 34
16 8 18 8
13 8 16 8
11 8 13 8
21 27 21 28
19 27 19 34
21 24 21 27
29 16 29 17
13 27 13 33
13 6 13 7
13 24 13 25
13 25 13 27
29 13 29 16
23 1 23 2
31 28 31 29
13 27 15 27
15 27 19 27
31 25 31 28
31 28 32 28
32 28 34 28
31 29 35 29
10 24 13 24
10 22 10 24
10 0 10 4
10 20 10 22
27 25 31 25
32 24 32 25
33 9 34 9
33 14 34 14
33 22 33 23
7 24 8 24
8 24 10 24
8 24 8 26
8 26 8 29
7 29 7 33
8 16 8 17
8 17 8 24
8 17 11 17
33 22 34 22
3 4 7 4
24 22 25 22
13 21 13 24
17 11 17 16
32 14 32 15
13 21 16 21
16 21 17 21
19 8 19 16
8 7 9 7
3 7 8 7
9 7 13 7
2 13 3 13
2 24 5 24
5 24 7 24
5 10 5 11
3 13 5 13
30 0 31 0
29 19 29 24
2 17 2 24
3 20 5 20
13 16 14 16
2 15 2 16
2 16 2 17
9 16 13 16
9 11 9 12
32 22 32 23
11 8 11 9
31 21 31 24
31 24 31 25
29 24 31 24
13 18 16 18
18 8 18 14
24 18 24 22
24 18 26 18
16 8 16 15
26 17 26 18
15 0 16 0
32 11 32 13
1 32 1 34
16 15 16 17
16 17 16 18
2 28 2 30
3 26 3 28
3 4 3 6
12 17 16 17
14 16 15 16
3 15 3 17
7 21 7 23
16 18 16 19
9 33 11 33
11 33 11 35
11 9 11 14
11 19 11 21
22 6 24 6
34 25 34 28
28 7 30 7
20 13 22 13
24 23 27 23
27 23 27 25
22 13 24 13
24 13 27 13
28 12 29 12
20 7 20 13
20 7 23 7
14 7 18 7
18 7 20 7
34 14 34 16
34 16 34 22
3 17 4 17
27 13 27 21
27 21 27 23
21 11 23 11
23 11 26 11
22 12 24 12
18 4 18 7
11 4 13 4
4 28 4 30
13 4 18 4
4 30 4 34
3 28 4 28
14 13 14 15
11 4 11 6
3 15 7 15
21 8 24 8
22 13 22 18
0 18 1 18
21 8 21 11
26 2 26 3
26 3 26 11
26 2 31 2
19 18 21 18
21 18 22 18
1 14 1 18
1 8 1 14
0 18 0 22
21 18 21 23
21 23 21 24
5 10 10 10
4 8 4 11
12 20 12 22
3 20 3 22
12 25 12 29
29 13 30 13
31 12 31 21
30 10 30 13
9 8 10 8
24 12 26 12
27 3 27 13
27 3 32 3
17 24 18 24
32 3 32 6
5 12 5 13
30 33 35 33
32 6 32 9
6 26 7 26
5 34 6 34
31 9 31 10
31 9 32 9
30 18 30 21
31 10 35 10
25 2 26 2
23 1 25 1
25 2 25 5
30 7 30 10
29 9 29 12
2 9 2 12
1 8 4 8
4 8 8 8
8 8 9 8
0 22 0 24
0 24 0 28
1 24 2 24
1 30 2 30
0 28 0 35
0 35 2 35
2 31 2 33
2 33 2 35
28 17 28 21
28 17 29 17
9 12 9 15
9 15 9 16
7 15 9 15
4 17 6 17
6 17 7 17
3 14 6 14
3 14 3 15
6 35 11 35
5 29 5 34
11 28 11 32
11 32 11 33
11 27 11 28
33 21 33 22
33 23 33 27
9 2 9 4
9 4 9 5
7 4 9 4
2 26 2 27
2 26 3 26
5 12 6 12
5 13 8 13
0 2 2 2
2 2 2 4
2 2 3 2
3 2 5 2
6 26 6 27
6 27 6 32
5 26 5 29
4 25 4 28
22 1 22 5
22 5 22 6
20 5 22 5
17 1 22 1
3 19 6 19
3 19 3 20
12 18 12 20
9 18 10 18
10 18 12 18
31 0 33 0
26 1 26 2
25 0 30 0
21 29 21 31
28 28 28 34
27 30 27 34
25 34 27 34
16 25 18 25
18 25 19 25
16 23 21 23
16 23 16 25
23 17 23 22
23 22 23 23
22 18 22 25
22 30 22 31
22 31 22 32
21 29 23 29
26 28 28 28
28 34 30 34
30 31 31 31
30 31 30 33
