104
14 7 13 7
7 20 7 21
7 21 7 20
16 21 15 21
18 17 19 17
18 12 19 12
15 10 15 11
16 12 16 11
19 14 19 15
22 15 21 15
23 14 23 13
20 3 21 3
16 0 16 1
7 20 7 21
7 21 7 20
10 2 10 3
12 3 12 2
13 2 13 1
14 3 13 3
4 2 4 1
12 5 13 5
6 7 7 7
4 4 5 4
4 5 5 5
5 5 4 5
13 9 14 9
12 9 13 9
13 15 12 15
14 12 14 13
20 20 20 19
21 22 20 22
23 24 22 24
14 10 13 10
14 11 13 11
15 11 14 11
18 8 17 8
18 6 17 6
19 6 19 7
15 5 15 6
11 18 10 18
12 16 11 16
15 15 16 15
11 14 10 14
14 20 14 21
10 17 10 16
12 23 13 23
9 22 10 22
4 5 5 5
5 5 4 5
4 5 5 5
5 5 4 5
4 5 5 5
5 5 4 5
7 20 7 21
4 5 5 5
4 20 3 20
5 17 5 16
3 15 4 15
4 14 3 14
2 13 2 12
1 11 0 11
2 7 1 7
9 19 9 18
0 14 0 15
2 17 2 18
5 5 4 5
11 4 11 3
14 19 14 20
6 6 6 7
8 10 9 10
5 6 5 5
3 9 4 9
18 21 18 22
18 20 19 20
1 6 2 6
1 5 1 6
6 19 6 20
16 16 17 16
10 16 9 16
15 12 16 12
10 14 9 14
7 4 7 5
9 5 9 4
8 5 9 5
9 5 9 6
0 16 1 16
17 4 16 4
19 1 20 1
22 10 21 10
21 11 20 11
23 10 22 10
24 9 24 10
23 9 24 9
24 10 23 10
2 4 2 5
0 4 0 5
24 14 23 14
23 14 22 14
1 4 2 4
0 5 1 5
10 23 11 23
13 14 14 14
20 7 20 8
21 7 20 7
279
8 20 8 21
8 21 8 22
8 22 8 23
8 11 8 12
8 11 9 11
15 18 16 18
16 18 17 18
17 18 18 18
16 18 16 19
16 19 16 23
18 0 18 1
18 1 18 2
18 14 18 18
18 10 18 11
18 2 18 3
18 11 18 14
18 3 18 4
18 4 18 5
18 11 19 11
11 11 12 11
16 11 18 11
17 0 18 0
17 1 18 1
18 14 21 14
21 1 21 2
21 14 21 15
21 0 21 1
8 1 9 1
7 1 8 1
21 2 21 3
21 3 21 6
18 3 21 3
21 3 22 3
22 3 23 3
23 3 24 3
11 0 17 0
21 6 22 6
22 6 24 6
7 2 8 2
5 2 7 2
24 6 24 7
11 0 11 1
11 1 11 2
8 2 11 2
8 1 8 2
7 3 8 3
11 2 12 2
8 3 9 3
9 3 10 3
12 2 14 2
4 3 7 3
12 10 12 11
14 2 14 6
14 6 14 8
9 8 10 8
1 2 5 2
6 8 7 8
5 8 6 8
12 2 12 7
12 7 12 8
1 2 1 3
7 7 9 7
12 11 12 13
3 21 3 22
3 22 3 23
13 17 13 18
13 18 13 19
13 3 13 4
13 4 13 5
13 5 13 6
13 6 13 7
13 7 13 8
10 6 11 6
21 16 22 16
22 16 23 16
13 8 13 9
12 8 12 10
13 16 15 16
21 16 21 17
12 13 12 15
21 17 21 18
21 18 21 19
12 13 14 13
21 19 22 19
22 19 24 19
20 19 21 19
11 19 12 19
10 19 11 19
20 19 20 22
19 22 20 22
19 22 19 24
20 22 20 24
23 11 23 12
22 19 22 24
13 9 13 10
19 8 19 10
23 4 23 5
13 10 13 11
13 11 13 12
8 17 9 17
13 10 16 10
16 10 17 10
14 11 16 11
14 11 14 13
17 9 17 10
17 8 17 9
24 22 24 23
17 6 17 8
23 23 24 23
24 23 24 24
19 7 19 8
17 6 20 6
18 7 19 7
20 5 20 6
15 6 17 6
20 4 20 5
15 4 15 6
11 17 11 19
12 19 12 21
11 15 11 16
11 16 11 17
11 16 13 16
15 21 15 23
15 23 15 24
15 13 15 14
15 14 15 16
10 11 10 13
10 13 11 13
11 13 11 15
5 11 7 11
12 21 14 21
14 21 15 21
7 9 7 11
9 17 11 17
8 8 8 9
7 9 8 9
12 21 12 24
2 20 2 21
5 20 5 21
10 19 10 22
5 23 5 24
6 23 6 24
9 0 10 0
9 20 9 21
9 23 9 24
12 17 12 18
13 23 13 24
14 9 15 9
15 19 15 20
16 14 17 14
16 14 16 15
17 21 17 22
17 23 17 24
19 2 20 2
19 16 20 16
21 23 21 24
21 20 21 23
8 23 9 23
6 21 7 21
7 21 8 21
6 17 6 18
7 16 7 17
3 24 4 24
4 22 4 24
4 16 4 17
4 17 4 18
3 20 3 21
4 18 4 22
5 16 6 16
4 17 6 17
6 17 7 17
4 15 4 16
3 12 3 13
1 22 3 22
2 14 3 14
4 12 4 15
3 12 4 12
1 12 2 12
2 12 3 12
1 9 1 10
1 18 1 22
1 13 1 14
1 10 1 12
5 11 5 12
5 12 5 13
1 7 1 9
5 13 5 16
6 4 6 5
6 18 9 18
23 18 24 18
13 18 14 18
0 15 4 15
7 19 8 19
2 9 2 10
1 17 3 17
1 18 2 18
2 10 2 11
4 3 4 5
4 5 4 6
3 17 3 19
2 10 3 10
23 17 23 18
10 3 11 3
16 1 16 2
9 7 9 8
14 20 14 21
13 19 15 19
9 8 9 9
7 7 7 8
6 7 7 7
19 18 19 19
19 12 19 13
9 9 9 10
7 12 8 12
4 6 7 6
0 0 2 0
2 0 2 1
3 8 3 10
4 9 4 10
8 13 8 14
17 21 19 21
1 1 2 1
14 22 14 24
19 19 19 20
19 20 19 21
15 3 17 3
10 0 10 1
7 13 7 15
2 6 2 9
0 6 0 7
0 13 1 13
0 6 1 6
1 6 2 6
12 1 13 1
13 1 14 1
3 5 3 7
5 19 7 19
5 20 6 20
15 8 16 8
16 15 16 17
7 13 8 13
7 15 9 15
9 15 9 16
11 5 11 6
11 6 11 7
16 12 16 14
0 11 0 12
22 4 22 5
9 11 9 14
7 0 8 0
6 4 8 4
3 0 6 0
8 4 9 4
9 4 10 4
9 6 9 7
7 5 11 5
1 16 1 17
17 3 17 5
19 0 19 2
19 10 21 10
19 11 20 11
21 10 21 12
22 7 22 10
22 10 22 11
24 7 24 9
22 10 23 10
24 9 24 11
2 5 3 5
24 12 24 15
21 14 22 14
23 13 23 15
2 3 2 4
1 5 2 5
1 3 1 5
11 23 11 24
14 14 14 15
20 8 21 8
20 7 22 7
20 6 20 7
