48
18 7 18 8
2 17 2 16
0 18 0 17
18 17 18 18
7 19 7 20
7 20 7 19
10 5 11 5
16 8 16 7
19 9 20 9
18 11 17 11
4 7 3 7
4 8 4 7
6 10 5 10
7 19 7 20
7 20 7 19
12 4 12 3
12 5 12 4
13 3 13 4
7 19 7 20
7 20 7 19
15 15 16 15
7 19 7 20
7 20 7 19
7 19 7 20
7 20 7 19
7 19 7 20
7 20 7 19
3 20 3 19
8 20 7 20
18 18 18 17
18 17 18 18
18 18 18 17
18 17 18 18
18 18 18 17
18 19 18 18
17 19 18 19
10 3 10 2
9 3 10 3
10 17 10 16
19 16 19 15
5 11 5 12
7 12 8 12
7 10 6 10
6 5 5 5
9 20 8 20
13 1 13 0
12 1 13 1
19 7 20 7
205
1 14 1 15
1 15 1 16
1 16 1 17
10 18 11 18
11 18 12 18
12 18 13 18
13 18 13 19
2 11 2 12
2 12 2 13
2 2 2 3
3 1 4 1
4 1 5 1
0 1 1 1
6 18 6 19
6 19 6 20
10 7 11 7
11 7 12 7
10 6 10 7
13 11 14 11
14 11 15 11
15 8 15 9
0 11 1 11
1 11 2 11
2 11 3 11
3 8 3 9
10 4 10 6
14 8 15 8
12 9 13 9
15 8 17 8
17 8 18 8
18 8 19 8
2 8 3 8
19 8 19 10
18 10 19 10
18 0 18 1
17 8 17 9
18 10 18 12
17 3 17 5
17 2 17 3
3 9 4 9
3 7 3 8
17 3 18 3
18 0 19 0
3 8 5 8
14 1 14 2
11 0 12 0
1 10 1 11
1 4 1 5
5 8 5 10
7 4 7 5
13 14 13 15
13 15 13 16
12 14 13 14
9 14 10 14
9 14 9 15
0 15 1 15
0 9 0 10
14 4 15 4
15 4 16 4
14 10 15 10
15 10 16 10
16 10 16 11
11 4 12 4
16 9 16 10
2 10 3 10
14 9 14 10
17 6 18 6
12 4 13 4
13 4 14 4
18 5 18 6
18 4 18 5
18 4 19 4
18 6 19 6
14 5 15 5
8 5 9 5
12 4 12 6
18 14 18 15
18 15 18 16
16 16 18 16
15 14 16 14
4 15 5 15
16 14 16 15
16 15 16 16
15 13 15 14
19 11 19 12
19 12 19 13
20 13 20 14
20 14 20 15
1 18 1 19
2 18 2 19
3 13 3 14
3 15 3 16
4 19 4 20
7 15 7 16
7 17 7 18
0 17 1 17
1 17 3 17
3 17 3 18
3 18 4 18
4 1 4 2
4 2 4 3
4 2 5 2
3 3 4 3
8 18 8 19
8 14 8 15
8 7 8 8
8 8 8 9
4 19 5 19
3 18 3 19
5 19 6 19
4 10 4 11
2 20 4 20
6 19 7 19
7 19 7 20
9 17 9 18
10 8 11 8
10 19 10 20
10 8 10 9
10 9 10 10
11 2 11 3
11 19 11 20
11 14 11 15
11 15 11 16
14 6 15 6
14 18 14 19
14 18 15 18
15 18 15 19
15 2 16 2
15 7 16 7
16 3 16 4
16 18 16 19
16 18 17 18
17 17 17 18
17 17 18 17
15 17 17 17
14 17 15 17
18 17 18 18
18 17 20 17
20 17 20 18
14 13 14 14
17 18 17 20
17 20 19 20
19 19 19 20
14 12 14 13
9 2 10 2
10 2 11 2
20 1 20 2
15 6 15 7
19 1 20 1
9 2 9 4
17 10 17 11
10 10 11 10
17 14 17 15
17 0 17 1
2 15 3 15
0 19 1 19
11 3 12 3
19 15 20 15
10 16 11 16
14 16 15 16
13 13 14 13
7 13 8 13
0 13 1 13
13 2 13 4
7 1 8 1
7 11 7 13
7 11 8 11
8 10 8 11
4 11 7 11
5 10 6 10
7 9 7 11
8 1 9 1
9 1 10 1
6 1 6 3
1 9 2 9
8 1 8 2
8 4 9 4
7 6 7 7
8 19 8 20
7 7 7 8
2 2 3 2
2 14 3 14
3 4 3 5
13 0 14 0
5 13 6 13
5 12 5 13
11 1 13 1
13 1 13 2
5 3 5 4
5 4 5 5
6 4 6 6
6 6 6 7
6 7 6 8
1 6 2 6
5 6 6 6
0 12 0 13
12 11 12 12
14 3 15 3
17 7 20 7
20 6 20 7
8 6 9 6
1 7 1 8
0 4 0 5
2 5 3 5
9 7 9 8
