130
10 26 9 26
8 23 8 24
10 22 9 22
10 18 10 19
7 23 7 22
12 17 12 18
13 16 13 17
4 24 4 23
5 25 4 25
12 25 13 25
10 20 10 21
16 18 16 19
20 23 21 23
26 21 26 20
24 20 24 21
21 26 21 27
24 25 24 26
17 28 18 28
28 25 28 26
25 20 25 21
26 23 25 23
27 23 26 23
1 16 1 17
1 13 2 13
2 16 1 16
7 12 7 13
7 11 7 12
2 2 3 2
22 17 23 17
25 17 26 17
28 16 28 15
0 24 1 24
2 22 1 22
2 21 3 21
5 18 5 17
6 20 6 19
16 31 16 30
13 4 14 4
14 28 15 28
5 27 5 26
30 16 31 16
29 15 30 15
26 17 27 17
28 18 28 17
29 18 28 18
29 6 30 6
31 5 31 6
16 9 16 8
21 10 22 10
19 10 19 9
3 13 3 12
9 9 8 9
6 8 6 7
11 9 12 9
11 5 11 6
11 4 11 5
12 3 11 3
20 24 20 23
30 20 31 20
7 4 7 5
15 11 15 10
24 23 24 24
26 7 27 7
16 14 17 14
17 24 16 24
22 4 22 5
20 5 21 5
26 5 26 4
25 9 25 8
26 12 25 12
27 12 26 12
26 11 27 11
24 12 24 13
23 14 24 14
15 4 16 4
23 1 23 0
14 0 14 1
12 1 12 0
16 1 16 0
0 21 0 20
14 25 14 26
6 10 7 10
12 13 11 13
16 15 16 14
19 16 19 15
20 16 19 16
19 16 19 17
22 12 22 11
18 12 19 12
28 3 28 4
28 4 27 4
30 4 29 4
30 5 31 5
9 4 10 4
12 14 12 13
13 13 13 14
15 14 15 13
2 31 2 30
12 29 12 30
1 2 1 3
0 2 1 2
6 2 5 2
6 3 6 2
6 25 5 25
15 25 16 25
15 23 14 23
17 25 17 24
25 3 26 3
5 6 5 5
13 9 13 10
15 21 16 21
26 29 26 28
7 5 8 5
16 6 16 5
17 5 17 6
22 1 22 2
27 25 27 24
18 2 18 1
23 10 24 10
23 11 24 11
5 28 6 28
8 2 9 2
12 7 11 7
13 2 13 1
23 30 23 29
29 30 29 29
25 25 26 25
13 25 14 25
17 11 18 11
25 1 25 2
327
9 25 9 26
9 26 9 27
9 27 9 28
9 23 9 25
9 27 10 27
10 27 10 29
10 25 10 27
10 13 10 14
8 25 9 25
9 18 9 22
9 22 9 23
8 18 9 18
8 0 8 1
12 26 12 27
12 27 12 28
12 21 12 22
12 19 12 21
11 19 12 19
7 19 8 19
7 22 9 22
9 18 11 18
11 17 11 18
7 28 9 28
11 21 12 21
12 18 12 19
11 21 11 24
0 28 0 29
0 29 0 30
18 20 18 21
11 17 13 17
13 17 15 17
18 21 18 22
12 22 14 22
14 14 14 15
20 27 20 28
20 28 20 29
20 21 20 22
20 17 20 18
20 18 20 21
4 23 9 23
29 21 30 21
4 23 4 25
30 21 31 21
19 22 20 22
0 16 0 17
12 22 12 26
12 27 13 27
0 14 0 16
0 13 0 14
0 12 0 13
10 21 11 21
12 18 14 18
1 14 1 15
3 18 3 19
3 24 3 25
14 18 19 18
3 22 3 24
3 26 3 27
5 20 5 21
6 0 7 0
16 28 16 29
17 4 18 4
19 11 20 11
19 23 19 24
21 24 21 25
22 6 23 6
20 21 24 21
22 27 23 27
22 30 22 31
22 26 22 27
22 27 22 30
21 27 22 27
20 26 22 26
19 26 20 26
17 26 19 26
1 26 3 26
22 26 24 26
24 26 25 26
21 22 21 23
23 18 23 19
9 31 10 31
24 27 24 28
17 26 17 29
26 2 27 2
26 20 27 20
27 18 27 20
25 26 28 26
25 18 27 18
23 18 25 18
28 23 29 23
24 21 25 21
25 21 27 21
25 21 25 22
28 30 28 31
29 2 30 2
30 10 31 10
25 22 25 23
17 23 18 23
0 23 1 23
30 24 31 24
3 14 3 15
3 15 3 17
16 19 19 19
0 29 3 29
0 14 1 14
8 16 9 16
6 16 8 16
9 16 11 16
1 11 1 14
8 12 8 16
6 16 6 18
1 11 3 11
5 12 6 12
1 15 1 16
13 11 14 11
1 7 1 9
1 9 1 10
1 10 3 10
3 10 5 10
0 7 1 7
5 10 5 11
4 11 5 11
5 11 5 12
6 12 7 12
7 12 8 12
3 9 3 10
3 7 3 9
3 7 5 7
3 2 3 7
30 2 30 3
3 0 3 1
3 0 5 0
30 8 30 10
23 17 23 18
1 17 3 17
8 10 9 10
9 10 12 10
20 8 22 8
25 15 25 18
3 15 4 15
22 8 23 8
3 14 4 14
28 13 28 15
25 15 28 15
27 16 29 16
12 31 13 31
15 26 15 27
1 24 2 24
0 23 0 28
2 24 3 24
4 20 4 22
4 29 4 31
1 21 1 22
1 22 1 23
18 28 18 30
14 30 15 30
17 30 18 30
3 21 3 22
22 16 22 18
25 14 27 14
28 1 30 1
5 17 5 20
3 17 5 17
28 11 30 11
22 13 22 15
5 20 7 20
1 20 2 20
2 13 2 15
2 20 2 23
13 7 14 7
15 30 16 30
16 30 17 30
14 7 18 7
14 6 14 7
14 7 14 8
11 8 14 8
13 23 13 24
24 5 24 6
8 1 10 1
15 28 16 28
7 25 7 27
22 3 23 3
4 3 5 3
31 9 31 10
3 27 7 27
4 26 5 26
14 31 17 31
31 10 31 16
31 16 31 19
29 16 31 16
28 28 31 28
23 8 23 9
9 13 10 13
10 12 12 12
29 12 29 16
30 14 30 15
5 4 6 4
6 4 6 5
2 3 2 7
27 16 27 17
28 9 28 11
9 15 11 15
15 27 16 27
27 17 28 17
5 30 6 30
6 30 8 30
20 1 20 4
29 16 29 19
10 5 10 9
17 0 18 0
15 2 16 2
30 6 30 8
4 13 6 13
6 11 12 11
30 6 31 6
16 8 20 8
15 9 18 9
22 8 22 10
17 10 22 10
2 13 4 13
9 8 9 10
4 8 9 8
6 7 8 7
10 9 12 9
12 9 12 10
10 5 11 5
11 5 12 5
12 2 12 5
20 22 20 23
19 24 21 24
30 19 30 21
14 11 16 11
15 10 16 10
21 24 24 24
27 7 28 7
27 7 27 8
26 6 26 8
16 22 16 24
22 5 22 6
20 4 23 4
21 5 22 5
20 4 20 7
26 4 26 6
23 4 26 4
25 8 25 11
25 8 26 8
25 11 25 12
25 12 26 12
27 8 27 11
27 11 27 13
24 13 27 13
24 13 24 14
16 3 16 4
14 4 16 4
18 0 23 0
23 0 29 0
14 1 14 2
10 0 12 0
12 0 16 0
16 0 17 0
0 20 1 20
14 26 14 30
14 26 15 26
6 9 6 11
16 11 16 14
15 15 17 15
17 15 19 15
20 11 20 17
15 17 19 17
22 11 22 13
20 11 22 11
19 12 19 15
27 3 29 3
27 4 27 7
29 3 29 4
29 4 29 5
30 3 30 6
6 4 10 4
10 1 10 4
12 12 12 13
11 14 13 14
13 14 14 14
15 13 15 15
12 13 15 13
0 31 4 31
12 28 12 30
8 30 12 30
1 3 1 4
1 3 2 3
1 1 1 2
0 0 0 3
5 2 5 3
5 3 7 3
5 25 5 26
16 24 16 25
15 22 15 26
17 23 17 24
16 25 20 25
24 3 26 3
26 2 26 3
4 6 6 6
13 10 15 10
16 19 16 21
26 28 28 28
8 5 8 7
16 4 16 5
15 6 17 6
17 6 18 6
21 1 24 1
27 21 27 24
27 24 30 24
18 1 18 4
14 1 18 1
24 6 24 10
24 11 25 11
23 9 23 15
6 28 6 29
9 2 9 3
11 6 11 7
13 1 13 7
11 1 13 1
23 29 25 29
25 29 29 29
26 23 26 25
14 23 14 25
18 11 18 14
22 2 25 2
