76
15 13 14 13
8 14 7 14
11 14 11 15
29 14 28 14
17 10 18 10
15 12 15 13
16 7 17 7
18 18 17 18
13 5 14 5
19 13 19 12
21 11 20 11
27 11 26 11
14 19 15 19
11 20 10 20
9 6 9 7
19 9 19 8
24 12 25 12
1 26 2 26
3 29 3 28
2 31 2 30
16 23 17 23
1 23 0 23
6 3 7 3
5 4 5 3
9 1 8 1
10 2 10 3
11 2 11 3
27 13 27 14
2 2 2 3
10 11 10 12
13 31 13 30
18 2 17 2
20 1 20 2
0 18 1 18
1 14 0 14
29 18 30 18
31 21 31 20
31 25 30 25
28 29 28 30
24 26 24 27
12 27 11 27
30 12 31 12
30 2 29 2
24 31 24 30
0 8 1 8
19 28 18 28
24 27 25 27
16 25 15 25
18 26 18 27
23 23 23 24
20 16 20 17
20 29 19 29
22 16 22 17
23 18 23 17
20 26 19 26
20 31 19 31
13 26 14 26
27 14 26 14
21 21 20 21
4 1 4 2
5 0 4 0
4 4 3 4
4 19 5 19
6 16 5 16
21 3 22 3
25 8 25 9
28 0 29 0
9 9 9 10
13 7 12 7
10 21 10 22
14 28 13 28
12 28 12 27
9 27 9 28
6 28 6 29
2 26 3 26
14 18 13 18
223
7 23 7 24
7 24 7 25
7 25 10 25
7 14 7 23
7 7 7 14
28 13 29 13
29 13 30 13
17 13 18 13
13 13 14 13
14 12 14 13
17 13 17 16
17 16 17 17
15 17 17 17
17 8 17 13
14 13 15 13
15 13 17 13
14 6 17 6
17 6 17 7
17 7 17 8
14 13 14 15
2 17 4 17
15 13 15 14
17 17 17 18
17 18 17 20
18 10 18 13
11 18 12 18
4 14 7 14
14 5 14 6
11 15 14 15
11 15 11 17
11 17 11 18
18 13 21 13
2 21 2 22
21 10 21 13
21 10 25 10
25 10 26 10
26 10 26 11
4 25 4 26
4 29 4 30
15 17 15 19
4 14 4 17
7 24 11 24
11 18 11 24
1 24 7 24
9 5 10 5
7 7 9 7
9 7 9 8
17 8 19 8
10 18 10 20
17 31 18 31
25 10 25 12
20 27 20 28
20 28 22 28
1 24 1 27
1 27 1 29
22 28 23 28
23 27 23 28
1 29 4 29
4 30 6 30
2 30 4 30
6 30 9 30
17 20 17 23
15 28 16 28
1 20 1 24
7 28 8 28
0 22 0 23
7 3 7 7
7 3 8 3
25 3 26 3
5 3 7 3
25 17 26 17
26 1 27 1
8 1 8 3
27 6 28 6
25 6 27 6
8 3 10 3
27 15 27 16
27 15 29 15
10 3 11 3
29 13 29 15
30 27 31 27
21 13 28 13
28 13 28 14
3 13 4 13
2 3 5 3
11 6 12 6
31 27 31 28
10 12 14 12
30 27 30 30
31 28 31 31
9 30 13 30
17 2 17 6
0 15 0 17
29 21 29 22
17 2 20 2
27 22 29 22
29 22 29 24
1 18 1 20
0 17 0 22
24 24 29 24
1 12 1 18
0 14 0 15
14 24 15 24
29 15 29 20
23 4 23 8
15 23 15 24
31 20 31 23
29 20 31 20
31 23 31 27
21 8 23 8
26 30 28 30
28 30 30 30
3 7 3 8
3 8 3 10
3 10 3 12
3 12 3 13
1 10 3 10
11 24 11 27
3 10 4 10
30 3 30 13
27 3 30 3
2 23 3 23
30 1 30 3
22 1 24 1
2 12 2 13
23 31 31 31
24 30 25 30
24 28 24 30
1 2 1 8
1 8 1 10
19 30 24 30
15 30 19 30
24 28 27 28
24 7 24 9
24 2 24 7
25 27 30 27
24 24 24 28
14 8 14 10
15 24 15 25
15 25 15 27
22 2 24 2
24 2 29 2
19 10 19 12
15 27 18 27
18 27 19 27
18 23 18 27
18 17 18 23
18 23 22 23
23 24 24 24
22 23 28 23
18 17 20 17
22 4 22 5
9 4 10 4
10 4 15 4
19 27 19 29
19 29 19 30
11 31 12 31
20 17 22 17
25 20 25 22
21 20 25 20
3 20 5 20
22 17 23 17
23 17 25 17
5 20 5 23
5 5 5 7
19 26 19 27
3 20 3 22
5 20 6 20
19 31 22 31
19 30 19 31
2 22 3 22
4 8 4 9
14 24 14 26
13 24 13 27
5 8 5 11
26 14 26 17
10 0 10 1
20 17 20 21
30 14 30 17
19 14 20 14
1 2 4 2
13 11 14 11
8 9 8 12
4 0 4 2
8 12 8 16
8 16 8 22
3 4 3 7
30 21 30 25
29 7 29 12
5 18 5 19
5 19 5 20
18 7 22 7
8 4 8 6
11 6 11 9
5 16 5 18
6 15 6 18
4 25 5 25
22 2 22 3
22 3 22 4
18 3 18 7
9 15 10 15
25 6 25 9
24 9 25 9
15 0 16 0
29 0 29 2
11 0 14 0
9 10 9 15
8 9 11 9
12 6 12 7
13 6 13 11
10 20 10 22
8 22 10 22
13 27 13 28
13 28 13 29
13 28 15 28
12 20 12 27
8 28 9 28
9 28 13 28
6 29 6 30
3 28 7 28
3 26 4 26
3 26 3 28
13 18 13 24
