139
24 10 23 10
23 30 23 29
24 9 25 9
21 12 21 11
22 14 23 14
16 14 16 15
13 10 13 11
11 11 11 12
10 6 9 6
21 25 20 25
18 7 19 7
29 17 29 18
24 31 24 30
24 32 24 31
28 30 28 31
22 35 22 34
27 34 28 34
29 24 28 24
23 19 22 19
4 5 4 6
5 7 5 6
8 1 8 2
10 3 10 2
10 4 10 3
6 12 5 12
3 13 3 12
2 11 3 11
13 16 12 16
10 14 10 15
26 16 26 15
34 20 34 19
26 20 26 19
17 25 17 24
17 32 16 32
18 19 17 19
13 18 13 19
14 17 13 17
7 18 8 18
13 21 12 21
12 22 13 22
11 12 11 13
9 13 9 12
13 34 13 33
30 13 29 13
28 13 28 14
25 13 25 14
24 15 24 14
25 15 25 16
7 25 7 24
7 26 6 26
8 26 7 26
10 29 10 30
32 9 31 9
15 34 15 33
16 7 17 7
20 7 20 8
22 8 23 8
21 9 22 9
25 6 25 7
11 33 11 34
5 30 5 29
15 5 16 5
14 5 15 5
17 6 16 6
18 6 18 7
18 4 18 3
19 1 19 2
34 1 35 1
34 0 34 1
2 5 2 4
1 0 0 0
2 16 2 17
7 16 7 17
11 22 12 22
24 25 25 25
23 23 24 23
30 29 29 29
31 29 30 29
13 31 14 31
29 4 30 4
0 6 1 6
1 13 2 13
2 12 1 12
9 22 9 23
33 6 32 6
15 15 15 16
34 29 33 29
5 25 4 25
1 24 0 24
2 29 1 29
35 34 34 34
3 28 2 28
1 31 2 31
3 34 2 34
0 31 1 31
7 32 7 31
17 33 18 33
26 12 27 12
26 13 25 13
35 24 35 25
2 21 2 20
3 21 2 21
6 2 6 3
2 2 2 3
29 10 29 9
27 3 26 3
27 4 27 3
2 13 3 13
35 5 34 5
10 2 9 2
7 1 7 0
26 19 27 19
27 22 26 22
21 19 21 18
22 19 22 20
20 18 20 19
21 17 20 17
0 17 1 17
2 20 2 19
32 24 33 24
32 23 32 24
33 24 33 23
24 13 24 12
25 35 26 35
4 23 3 23
1 22 1 23
15 14 16 14
19 13 19 12
18 21 19 21
29 2 30 2
30 2 30 3
30 23 29 23
6 18 6 19
7 12 8 12
24 28 24 29
24 29 25 29
10 28 10 27
31 30 32 30
34 23 35 23
317
18 29 18 30
18 30 18 31
18 29 20 29
20 29 22 29
23 9 23 10
22 29 23 29
23 10 23 11
23 11 24 11
18 11 20 11
30 18 31 18
31 18 32 18
20 9 20 11
3 3 4 3
3 29 3 30
20 11 21 11
21 11 23 11
23 9 25 9
4 20 5 20
4 34 4 35
6 34 6 35
7 19 7 20
23 11 23 14
19 14 23 14
19 14 19 15
17 15 19 15
25 8 25 9
16 15 17 15
24 5 24 6
16 0 16 4
8 31 9 31
13 11 18 11
11 0 12 0
11 14 12 14
14 32 14 33
17 30 17 31
9 11 13 11
9 8 9 9
9 9 9 11
18 9 19 9
19 34 19 35
9 6 9 8
9 6 11 6
26 9 27 9
20 25 20 29
26 10 27 10
28 10 28 11
30 24 31 24
31 2 32 2
31 13 32 13
31 20 32 20
32 16 33 16
33 16 33 17
33 8 34 8
29 18 30 18
32 18 32 19
34 2 35 2
34 13 35 13
18 31 21 31
20 25 22 25
3 30 4 30
6 29 6 34
21 31 24 31
24 31 24 34
16 0 19 0
19 0 21 0
14 9 17 9
10 9 14 9
24 31 28 31
28 31 29 31
28 27 28 31
28 4 28 6
28 6 31 6
7 2 7 4
7 4 7 6
22 34 24 34
7 6 7 8
7 8 7 10
3 6 3 7
28 31 28 34
3 7 3 9
5 4 7 4
30 15 30 18
28 15 30 15
28 24 28 27
7 19 10 19
5 20 5 24
18 10 19 10
28 3 29 3
30 22 31 22
31 21 31 22
31 22 34 22
3 6 4 6
31 2 31 3
31 3 31 6
9 26 9 28
13 12 15 12
4 6 5 6
5 6 7 6
19 26 19 28
23 17 25 17
25 33 27 33
34 25 34 27
34 15 34 16
7 2 8 2
15 24 16 24
15 21 15 24
16 24 16 31
11 14 11 18
9 18 11 18
12 14 12 15
7 4 11 4
11 4 14 4
14 4 15 4
14 3 14 4
17 28 19 28
5 6 5 12
19 6 24 6
2 10 3 10
3 12 5 12
4 13 4 14
9 26 10 26
10 26 14 26
10 32 11 32
3 11 3 12
11 32 14 32
14 7 14 8
14 9 14 10
17 8 17 9
12 15 12 16
10 22 10 23
29 11 30 11
30 11 35 11
4 14 11 14
35 7 35 8
30 7 30 11
35 11 35 12
27 35 30 35
26 15 28 15
19 7 19 9
26 10 26 11
19 16 20 16
20 16 21 16
32 19 34 19
3 15 3 16
32 13 32 14
0 35 2 35
2 35 4 35
14 28 14 29
16 24 17 24
17 24 20 24
17 24 17 26
19 35 21 35
21 22 21 24
9 24 10 24
11 28 14 28
16 31 16 32
21 4 22 4
2 6 2 7
17 19 17 24
25 19 25 24
10 19 13 19
13 19 17 19
26 1 31 1
0 3 0 4
18 32 20 32
24 0 25 0
13 12 13 17
13 17 13 19
22 15 22 16
22 28 23 28
13 0 15 0
15 0 15 2
8 25 11 25
13 5 13 6
10 21 12 21
17 1 17 4
13 19 13 22
13 22 13 23
9 12 13 12
13 33 14 33
30 11 30 14
26 14 28 14
28 14 30 14
27 13 29 13
25 14 26 14
24 14 25 14
25 16 25 17
22 15 26 15
5 24 7 24
7 24 9 24
7 24 7 26
7 26 7 29
7 29 12 29
31 6 31 9
14 33 15 33
17 7 17 8
19 7 23 7
21 8 23 8
23 7 23 8
21 8 21 10
25 2 25 7
23 7 25 7
6 34 11 34
11 34 14 34
5 29 5 32
5 29 6 29
16 4 16 5
14 4 14 6
16 5 16 6
18 7 18 9
16 6 19 6
18 1 18 3
17 4 19 4
18 3 19 3
19 2 21 2
18 1 25 1
35 0 35 1
34 1 34 2
31 1 34 1
25 0 35 0
0 4 2 4
2 4 4 4
0 5 3 5
0 0 3 0
0 0 0 3
2 17 4 17
2 15 2 17
7 17 7 19
4 17 7 17
12 21 12 22
12 22 12 23
25 24 25 25
25 25 25 28
23 21 23 28
24 21 24 23
30 24 30 29
30 29 30 35
14 31 16 31
14 29 14 31
29 3 29 5
1 6 2 6
0 5 0 8
1 6 1 12
1 12 1 15
7 22 10 22
32 6 32 7
33 5 33 7
15 16 19 16
33 29 33 30
34 28 34 31
4 25 4 30
0 23 0 24
1 27 1 29
34 32 34 34
35 27 35 35
2 26 2 28
2 28 2 30
2 30 2 31
2 31 2 34
1 31 2 31
0 30 0 35
7 31 7 33
7 31 8 31
18 32 18 33
27 12 27 13
26 11 26 14
34 25 35 25
1 21 2 21
3 20 3 22
2 21 2 22
4 3 6 3
1 2 7 2
27 9 29 9
26 3 26 9
27 3 27 5
27 3 28 3
3 13 3 15
34 5 34 8
8 2 9 2
10 0 10 3
7 0 10 0
27 19 32 19
26 18 26 21
27 19 27 27
26 21 26 22
21 18 26 18
22 20 22 25
19 19 20 19
20 19 25 19
20 17 20 19
1 17 2 17
0 15 0 19
0 19 2 19
31 24 32 24
31 23 33 23
33 23 33 29
24 12 25 12
26 34 26 35
3 23 3 25
1 23 1 27
1 23 3 23
14 14 16 14
16 12 16 14
16 12 19 12
19 21 19 23
30 3 30 4
27 2 31 2
29 23 29 25
3 19 6 19
8 12 9 12
8 9 8 12
25 29 27 29
24 23 24 30
10 27 15 27
32 25 32 30
33 23 35 23
35 16 35 23
