98
10 9 10 10 11 10 11 9
12 10 11 10 11 11 12 11
9 11 10 10 11 11 10 12
10 11 9 11 9 12 10 12
9 10 10 9 11 10 10 11
12 8 13 7 15 9 14 10
11 8 11 9 12 9 12 8
13 8 12 8 12 7 13 7
13 10 12 9 11 10 12 11
13 9 12 9 12 10 13 10
14 11 13 11 13 10 14 10
14 12 12 14 13 15 15 13
12 12 11 11 12 10 13 11
13 12 12 12 12 11 13 11
11 12 12 11 13 12 12 13
15 10 13 8 14 7 16 9
14 9 14 10 15 10 15 9
15 11 14 10 13 11 14 12
14 8 13 8 13 9 14 9
16 12 15 11 18 8 19 9
15 12 14 12 14 11 15 11
16 11 15 10 14 11 15 12
16 10 15 10 15 11 16 11
17 12 17 8 18 8 18 12
16 13 15 13 15 12 16 12
13 13 13 15 15 15 15 13
18 9 17 8 18 7 19 8
18 11 19 12 22 9 21 8
17 10 16 11 17 12 18 11
18 13 17 12 16 13 17 14
11 14 12 13 17 18 16 19
11 13 11 12 12 12 12 13
17 7 14 7 14 8 17 8
19 7 18 7 18 8 19 8
19 13 18 13 18 12 19 12
19 14 18 13 19 12 20 13
19 15 19 17 22 17 22 15
18 14 18 15 19 15 19 14
17 13 17 14 18 14 18 13
16 14 15 13 16 12 17 13
20 12 20 13 21 13 21 12
19 11 18 12 19 13 20 12
20 11 19 11 19 12 20 12
20 14 19 14 19 13 20 13
17 16 14 16 14 18 17 18
16 15 17 14 18 15 17 16
17 15 16 15 16 14 17 14
18 16 17 16 17 15 18 15
20 16 19 15 18 16 19 17
16 16 15 15 16 14 17 15
21 9 21 8 22 8 22 9
23 16 20 16 20 14 23 14
21 16 22 15 23 16 22 17
20 17 18 15 19 14 21 16
16 17 13 17 13 19 16 19
15 17 14 16 13 17 14 18
20 8 19 9 20 10 21 9
20 9 19 9 19 8 20 8
21 10 20 10 20 9 21 9
23 18 22 17 21 18 22 19
19 18 17 18 17 19 19 19
18 18 16 16 15 17 17 19
20 18 19 17 18 18 19 19
20 19 19 18 20 17 21 18
21 19 20 19 20 18 21 18
12 15 11 15 11 14 12 14
12 17 12 15 13 15 13 17
12 19 11 19 11 17 12 17
18 6 17 7 18 8 19 7
17 6 17 7 18 7 18 6
12 20 8 20 8 23 12 23
12 18 11 19 12 20 13 19
12 16 11 17 12 18 13 17
13 20 12 20 12 19 13 19
11 16 8 16 8 15 11 15
19 21 19 19 20 19 20 21
15 21 17 19 19 21 17 23
10 14 9 13 10 12 11 13
10 13 10 14 11 14 11 13
20 22 20 21 23 21 23 22
22 20 20 22 19 21 21 19
21 20 21 19 22 19 22 20
19 20 20 19 21 20 20 21
24 21 22 19 21 20 23 22
24 18 23 18 23 21 24 21
25 17 21 13 20 14 24 18
25 19 23 21 22 20 24 18
15 22 14 22 14 21 15 21
17 20 15 22 14 21 16 19
16 20 16 19 17 19 17 20
11 22 12 23 14 21 13 20
9 17 8 16 10 14 11 15
9 16 8 15 10 13 11 14
7 12 7 13 9 13 9 12
5 20 8 23 12 19 9 16
5 16 5 20 8 20 8 16
5 10 7 8 9 10 7 12
5 11 5 10 9 10 9 11
