4.6226630210876465 <_io.TextIOWrapper name='<stderr>' mode='w' encoding='cp932'>
444856 <_io.TextIOWrapper name='<stderr>' mode='w' encoding='cp932'>
72
38 27 33 22 29 26 34 31
39 26 38 26 38 27 39 27
35 25 35 37 42 37 42 25
38 23 36 23 36 15 38 15
39 29 35 25 33 27 37 31
39 28 24 28 24 29 39 29
40 27 39 26 38 27 39 28
40 28 39 28 39 27 40 27
34 22 25 31 29 35 38 26
34 27 33 27 33 22 34 22
42 29 40 27 42 25 44 27
33 30 25 30 25 27 33 27
43 23 43 17 44 17 44 23
42 22 38 26 39 27 43 23
39 31 38 32 40 34 41 33
42 32 41 33 43 35 44 34
43 31 40 28 39 29 42 32
31 22 30 22 30 16 31 16
32 19 23 19 23 18 32 18
32 22 32 19 33 19 33 22
33 20 32 19 36 15 37 16
34 25 31 22 33 20 36 23
45 22 38 15 37 16 44 23
45 25 42 25 42 22 45 22
44 33 41 33 41 27 44 27
37 34 34 34 34 31 37 31
36 33 31 38 32 39 37 34
31 34 31 36 34 36 34 34
31 32 20 32 20 34 31 34
32 32 31 32 31 22 32 22
29 21 30 22 33 19 32 18
39 35 39 31 43 31 43 35
35 35 34 34 37 31 38 32
28 27 20 19 21 18 29 26
29 28 26 31 25 30 28 27
28 24 22 24 22 15 28 15
36 36 35 35 34 36 35 37
41 36 36 36 36 33 41 33
45 34 42 37 41 36 44 33
45 33 44 33 44 34 45 34
29 36 29 38 31 38 31 36
27 20 31 16 38 23 34 27
44 37 43 37 43 42 44 42
33 37 24 28 25 27 34 36
26 34 20 40 19 39 25 33
26 33 25 33 25 31 26 31
26 26 25 25 24 26 25 27
26 24 21 19 20 20 25 25
40 14 32 22 35 25 43 17
41 14 40 14 40 27 41 27
42 38 39 35 40 34 43 37
41 38 41 41 42 41 42 38
27 38 25 38 25 42 27 42
28 37 27 38 28 39 29 38
32 37 28 37 28 39 32 39
33 32 32 32 32 37 33 37
40 39 37 39 37 34 40 34
24 38 24 33 25 33 25 38
24 17 22 15 21 16 23 18
43 40 41 38 40 39 42 41
32 40 34 42 37 39 35 37
37 40 32 40 32 39 37 39
23 33 23 29 24 29 24 33
23 16 21 16 21 18 23 18
23 9 15 17 22 24 30 16
30 9 23 9 23 16 30 16
21 28 21 26 24 26 24 28
25 32 21 28 20 29 24 33
27 32 26 31 25 32 26 33
21 20 20 20 20 19 21 19
19 30 19 31 25 31 25 30
21 31 23 29 25 31 23 33
