4.613519191741943 <_io.TextIOWrapper name='<stderr>' mode='w' encoding='cp932'>
475682 <_io.TextIOWrapper name='<stderr>' mode='w' encoding='cp932'>
56
16 23 15 24 16 25 17 24
17 23 17 24 18 24 18 23
19 22 20 21 23 24 22 25
16 22 16 19 19 19 19 22
15 25 14 24 16 22 17 23
16 24 15 24 15 25 16 25
20 24 20 22 22 22 22 24
20 26 21 27 23 25 22 24
18 26 18 24 20 24 20 26
14 20 16 22 19 19 17 17
15 20 14 20 14 24 15 24
16 28 16 25 22 25 22 28
19 27 17 29 16 28 18 26
12 28 12 32 16 32 16 28
12 20 11 20 11 16 12 16
14 18 12 16 10 18 12 20
22 18 17 13 16 14 21 19
23 19 20 22 22 24 25 21
23 30 23 29 25 29 25 30
19 30 20 31 29 22 28 21
21 30 19 30 19 27 21 27
15 30 13 30 13 25 15 25
24 28 25 29 27 27 26 26
23 27 22 28 23 29 24 28
24 29 23 30 24 31 25 30
9 29 12 32 16 28 13 25
25 17 25 21 28 21 28 17
24 16 22 18 23 19 25 17
19 16 19 14 24 14 24 16
12 15 11 16 15 20 16 19
18 16 12 16 12 15 18 15
20 15 19 14 18 15 19 16
17 33 16 32 21 27 22 28
9 33 9 29 17 29 17 33
14 14 10 14 10 18 14 18
27 17 22 22 19 19 24 14
27 22 27 27 29 27 29 22
28 16 28 13 31 13 31 16
12 12 10 14 12 16 14 14
16 12 17 13 19 11 18 10
14 12 14 14 16 14 16 12
22 11 22 12 24 12 24 11
21 12 22 11 28 17 27 18
21 18 21 12 22 12 22 18
19 18 19 19 21 19 21 18
18 18 18 16 19 16 19 18
20 10 18 10 18 15 20 15
21 13 19 11 20 10 22 12
31 21 30 21 30 23 31 23
31 22 30 21 29 22 30 23
31 29 29 27 27 29 29 31
27 9 24 12 28 16 31 13
20 9 20 10 27 10 27 9
32 20 31 20 31 21 32 21
32 29 31 29 31 23 32 23
33 22 32 21 31 22 32 23
