4.527261018753052 <_io.TextIOWrapper name='<stderr>' mode='w' encoding='cp932'>
366558 <_io.TextIOWrapper name='<stderr>' mode='w' encoding='cp932'>
37
44 26 35 26 35 25 44 25
41 24 37 20 34 23 38 27
44 22 38 28 35 25 41 19
43 21 42 21 42 32 43 32
39 24 39 19 41 19 41 24
38 24 32 24 32 27 38 27
47 31 36 20 32 24 43 35
38 31 33 31 33 38 38 38
47 28 38 28 38 31 47 31
40 29 38 27 36 29 38 31
37 29 36 29 36 20 37 20
41 32 34 32 34 44 41 44
35 30 32 27 33 26 36 29
35 19 35 18 39 18 39 19
36 16 25 16 25 14 36 14
34 17 26 25 27 26 35 18
40 35 39 35 39 29 40 29
45 34 42 37 40 35 43 32
35 35 31 35 31 37 35 37
44 32 38 38 35 35 41 29
44 35 43 35 43 32 44 32
33 30 33 26 35 26 35 30
33 21 31 21 31 26 33 26
32 17 32 23 34 23 34 17
47 37 42 32 39 35 44 40
32 12 27 17 31 21 36 16
40 38 40 35 43 35 43 38
30 36 26 32 27 31 31 35
30 37 27 37 27 36 30 36
30 27 24 33 27 36 33 30
30 26 25 21 27 19 32 24
31 27 30 27 30 26 31 26
30 19 27 19 27 26 30 26
30 15 28 17 30 19 32 17
38 39 38 38 40 38 40 39
29 31 25 27 31 21 35 25
29 30 29 31 33 31 33 30
