180 170 20
28 183 20
79 101 20
195 15 20
23 102 20
23 102 20
23 102 20
80 141 20
150 145 20
150 145 20
59 69 20
53 35 20
53 35 20
64 35 20
64 35 20
64 35 20
64 35 20
75 35 20
75 35 20
75 35 20
75 35 20
75 35 20
75 35 20
75 35 20
75 35 20
75 35 20
75 35 20
75 35 20
75 35 20
75 35 20
75 35 20
86 35 20
86 35 20
86 35 20
86 35 20
86 35 20
86 35 20
86 35 20
86 35 20
97 35 20
97 35 20
97 35 20
97 35 20
97 35 20
97 35 20
97 35 20
97 35 20
97 35 20
97 35 20
97 35 20
97 35 20
97 35 20
97 35 20
97 35 20
97 35 20
97 35 20
97 35 20
97 35 20
97 35 20
86 46 20
86 46 20
86 46 20
86 46 20
86 46 20
86 46 20
86 46 20
86 46 20
86 46 20
86 46 20
86 46 20
86 46 20
86 46 20
86 46 20
86 46 20
86 46 20
86 46 20
86 46 20
86 46 20
86 46 20
86 24 20
86 24 20
86 24 20
86 24 20
86 24 20
86 24 20
86 24 20
86 24 20
86 24 20
86 24 20
86 24 20
86 24 20
86 24 20
86 24 20
86 24 20
86 24 20
86 24 20
86 24 20
86 24 20
86 24 20
75 46 20
75 46 20
75 46 20
75 46 20
75 46 20
75 46 20
75 46 20
75 46 20
75 46 20
75 46 20
75 46 20
75 46 20
75 46 20
75 46 20
75 46 20
75 46 20
75 46 20
75 46 20
75 46 20
75 46 20
75 24 20
75 24 20
75 24 20
75 24 20
75 24 20
75 24 20
75 24 20
75 24 20
75 24 20
75 24 20
75 24 20
75 24 20
75 24 20
75 24 20
75 24 20
75 24 20
75 24 20
75 24 20
75 24 20
75 24 20
64 46 20
64 46 20
64 46 20
64 46 20
64 46 20
64 46 20
64 46 20
64 46 20
64 46 20
64 46 20
64 46 20
64 46 20
64 46 20
64 46 20
64 46 20
64 46 20
64 46 20
64 46 20
64 46 20
64 46 20
64 24 20
64 24 20
64 24 20
64 24 20
64 24 20
64 24 20
64 24 20
64 24 20
64 24 20
64 24 20
64 24 20
64 24 20
64 24 20
64 24 20
64 24 20
64 24 20
64 24 20
64 24 20
64 24 20
64 24 20
53 46 20
53 46 20
53 46 20
53 46 20
53 46 20
53 46 20
53 46 20
53 46 20
53 46 20
53 46 20
53 46 20
53 46 20
53 46 20
53 46 20
53 46 20
53 46 20
53 46 20
53 46 20
53 46 20
53 46 20
42 35 20
42 35 20
42 35 20
42 35 20
42 35 20
42 46 20
42 46 20
42 46 20
42 46 20
42 46 20
42 46 20
42 46 20
42 46 20
42 46 20
42 46 20
42 46 20
42 46 20
42 46 20
42 46 20
42 46 20
42 46 20
42 46 20
42 46 20
42 46 20
42 46 20
31 35 20
31 35 20
31 35 20
31 35 20
31 35 20
31 35 20
31 35 20
31 35 20
31 35 20
31 35 20
31 35 20
31 35 20
31 35 20
31 35 20
31 35 20
31 35 20
31 35 20
31 35 20
31 35 20
31 35 20
42 24 20
42 24 20
42 24 20
42 24 20
42 24 20
42 24 20
42 24 20
42 24 20
42 24 20
42 24 20
42 24 20
42 24 20
42 24 20
42 24 20
42 24 20
42 24 20
42 24 20
42 24 20
53 24 20
53 24 20
53 13 20
53 13 20
53 13 20
53 13 20
53 13 20
53 13 20
53 13 20
53 13 20
53 13 20
53 13 20
53 13 20
53 13 20
53 13 20
53 13 20
53 13 20
53 13 20
53 13 20
53 13 20
53 13 20
53 13 20
31 24 20
31 24 20
31 24 20
31 24 20
31 24 20
31 24 20
31 24 20
31 24 20
31 24 20
31 24 20
31 24 20
31 24 20
31 24 20
31 24 20
31 24 20
31 24 20
31 24 20
31 24 20
31 24 20
31 24 20
42 13 20
42 13 20
42 13 20
42 13 20
42 13 20
42 13 20
42 13 20
42 13 20
42 13 20
42 13 20
42 13 20
42 13 20
42 13 20
42 13 20
42 13 20
42 13 20
42 13 20
42 13 20
42 13 20
42 13 20
70 69 20
70 69 20
81 69 20
81 69 20
81 69 20
81 69 20
81 69 20
81 69 20
81 69 20
81 69 20
81 69 20
81 69 20
81 69 20
81 69 20
81 69 20
81 69 20
81 69 20
81 69 20
81 69 20
81 69 20
81 69 20
81 69 20
70 58 20
70 58 20
70 58 20
70 58 20
81 58 20
81 58 20
81 58 20
81 58 20
81 58 20
92 58 20
92 58 20
92 58 20
92 58 20
92 58 20
92 58 20
92 58 20
92 58 20
92 58 20
92 58 20
92 58 20
92 58 20
92 58 20
92 58 20
92 58 20
92 58 20
92 58 20
103 58 20
103 58 20
103 58 20
103 58 20
103 58 20
79 90 20
79 90 20
79 90 20
79 90 20
79 90 20
79 90 20
79 90 20
79 90 20
79 90 20
79 90 20
79 90 20
79 90 20
79 90 20
79 90 20
79 90 20
79 90 20
79 90 20
79 90 20
79 90 20
79 90 20
90 101 20
90 101 20
90 101 20
90 101 20
90 101 20
90 101 20
90 101 20
90 101 20
90 90 20
90 90 20
90 90 20
90 90 20
90 90 20
90 90 20
90 90 20
90 90 20
90 90 20
90 90 20
90 90 20
90 90 20
90 90 20
90 90 20
90 90 20
90 90 20
90 90 20
90 90 20
90 90 20
90 90 20
101 101 20
101 101 20
101 101 20
101 101 20
101 101 20
101 101 20
101 101 20
101 101 20
101 101 20
101 101 20
101 101 20
101 101 20
101 101 20
101 101 20
101 101 20
101 101 20
101 101 20
101 101 20
101 101 20
101 101 20
90 112 20
90 112 20
90 112 20
90 112 20
90 112 20
90 112 20
90 112 20
90 112 20
90 112 20
90 112 20
90 112 20
90 112 20
90 112 20
90 112 20
90 112 20
90 112 20
90 112 20
90 112 20
90 112 20
90 112 20
68 101 20
68 101 20
68 101 20
68 101 20
68 101 20
68 101 20
68 101 20
68 101 20
68 90 20
68 90 20
68 90 20
68 90 20
68 90 20
68 90 20
68 90 20
68 90 20
68 90 20
68 90 20
68 90 20
68 90 20
68 90 20
68 90 20
68 90 20
68 90 20
68 90 20
68 90 20
68 90 20
68 90 20
57 101 20
57 101 20
57 101 20
57 101 20
57 101 20
57 101 20
57 101 20
57 101 20
57 101 20
57 101 20
57 101 20
57 101 20
57 101 20
57 101 20
57 101 20
57 101 20
57 101 20
57 101 20
57 101 20
57 90 20
57 90 20
57 79 20
57 79 20
80 130 20
80 130 20
80 119 20
80 119 20
80 119 20
80 119 20
80 119 20
80 119 20
80 119 20
80 119 20
80 119 20
80 119 20
80 119 20
80 119 20
80 119 20
80 119 20
80 119 20
80 119 20
80 119 20
80 119 20
80 119 20
80 119 20
91 130 20
91 130 20
91 130 20
91 130 20
91 130 20
91 130 20
91 130 20
91 130 20
91 130 20
91 130 20
91 130 20
91 130 20
91 130 20
91 130 20
91 130 20
91 130 20
91 130 20
91 130 20
91 130 20
91 130 20
69 130 20
69 130 20
69 130 20
69 130 20
69 130 20
69 130 20
69 130 20
69 130 20
69 130 20
69 130 20
69 130 20
69 130 20
69 130 20
69 130 20
69 130 20
69 130 20
69 130 20
69 130 20
69 130 20
69 130 20
91 141 20
91 141 20
102 141 20
102 141 20
102 141 20
102 141 20
102 141 20
102 141 20
102 141 20
102 141 20
102 141 20
102 141 20
102 130 20
102 130 20
102 130 20
102 130 20
102 130 20
102 130 20
102 130 20
102 130 20
102 130 20
102 130 20
102 130 20
102 130 20
102 130 20
102 130 20
102 130 20
102 130 20
102 130 20
102 130 20
102 130 20
102 130 20
113 141 20
113 141 20
113 141 20
113 141 20
113 141 20
113 141 20
113 141 20
113 141 20
113 141 20
113 141 20
113 141 20
113 141 20
113 141 20
113 141 20
113 141 20
113 141 20
113 141 20
113 141 20
113 141 20
113 141 20
102 152 20
113 152 20
113 152 20
113 152 20
113 152 20
113 152 20
113 152 20
113 152 20
113 152 20
113 152 20
113 152 20
113 152 20
113 163 20
113 163 20
102 163 20
102 163 20
102 163 20
102 163 20
91 163 20
91 163 20
91 163 20
91 163 20
91 163 20
91 163 20
91 163 20
91 163 20
91 163 20
91 163 20
91 163 20
91 163 20
91 163 20
91 163 20
91 163 20
91 163 20
91 163 20
91 163 20
91 163 20
91 163 20
102 174 20
102 174 20
102 174 20
102 174 20
102 174 20
102 174 20
102 174 20
102 174 20
102 174 20
102 174 20
102 174 20
102 174 20
102 174 20
102 174 20
102 174 20
102 174 20
102 174 20
102 174 20
102 174 20
102 174 20
113 174 20
113 174 20
113 185 20
113 185 20
113 185 20
113 185 20
113 185 20
113 185 20
113 185 20
113 185 20
113 185 20
113 185 20
113 185 20
113 185 20
113 185 20
113 185 20
113 185 20
113 185 20
113 185 20
113 185 20
113 185 20
113 185 20
124 174 20
124 174 20
124 163 20
124 163 20
124 163 20
124 163 20
124 163 20
124 163 20
124 163 20
124 163 20
124 163 20
124 163 20
124 163 20
124 163 20
124 163 20
124 163 20
124 163 20
124 163 20
124 163 20
124 163 20
124 163 20
124 163 20
124 185 20
124 185 20
124 185 20
124 185 20
124 185 20
124 185 20
124 185 20
124 185 20
124 185 20
124 185 20
124 196 20
124 196 20
124 196 20
124 196 20
124 196 20
124 196 20
124 196 20
124 196 20
124 196 20
124 196 20
124 196 20
124 196 20
124 196 20
124 196 20
124 196 20
124 196 20
124 196 20
124 196 20
124 196 20
124 196 20
135 185 20
135 174 20
135 174 20
135 174 20
135 174 20
135 174 20
135 174 20
135 174 20
135 174 20
135 174 20
135 174 20
135 174 20
135 174 20
135 174 20
135 174 20
135 174 20
135 174 20
135 174 20
135 174 20
135 174 20
135 174 20
135 196 20
146 196 20
146 185 20
146 185 20
146 185 20
146 185 20
146 185 20
146 185 20
146 185 20
146 185 20
146 185 20
146 185 20
146 185 20
146 185 20
146 185 20
146 185 20
146 185 20
146 185 20
146 185 20
146 185 20
146 185 20
146 185 20
157 196 20
157 196 20
157 196 20
157 196 20
157 196 20
157 196 20
157 196 20
157 196 20
157 196 20
157 196 20
157 185 20
157 185 20
157 185 20
157 185 20
157 185 20
157 185 20
157 185 20
157 185 20
157 185 20
157 185 20
157 185 20
157 185 20
157 185 20
157 185 20
157 185 20
157 185 20
157 185 20
157 185 20
157 185 20
157 185 20
168 196 20
168 196 20
168 196 20
168 196 20
168 196 20
168 196 20
168 196 20
168 196 20
168 196 20
168 196 20
168 196 20
168 196 20
168 196 20
168 196 20
168 196 20
168 196 20
168 196 20
168 196 20
168 196 20
168 196 20
124 152 20
124 152 20
124 152 20
124 152 20
124 152 20
124 152 20
124 152 20
124 152 20
124 152 20
124 152 20
124 152 20
124 152 20
124 152 20
124 152 20
124 152 20
124 152 20
124 152 20
124 152 20
124 152 20
124 152 20
91 152 20
91 152 20
91 152 20
91 152 20
80 152 20
80 152 20
80 152 20
80 152 20
80 152 20
80 152 20
80 152 20
69 152 20
69 152 20
69 141 20
69 141 20
69 141 20
58 141 20
58 141 20
58 141 20
58 141 20
58 141 20
58 141 20
58 141 20
58 141 20
58 141 20
58 141 20
58 141 20
58 141 20
58 141 20
58 141 20
58 130 20
58 130 20
58 130 20
58 130 20
58 130 20
58 130 20
58 130 20
58 130 20
58 130 20
58 130 20
58 130 20
58 130 20
58 130 20
58 130 20
58 130 20
58 130 20
58 130 20
58 130 20
58 130 20
58 130 20
47 141 20
47 141 20
47 141 20
47 141 20
47 141 20
47 141 20
47 141 20
47 141 20
47 141 20
47 141 20
47 141 20
47 141 20
47 141 20
47 141 20
47 141 20
47 141 20
47 141 20
47 141 20
47 141 20
47 130 20
47 130 20
47 130 20
47 119 20
47 119 20
47 119 20
47 119 20
47 119 20
47 119 20
47 119 20
47 119 20
47 119 20
47 119 20
47 119 20
47 119 20
47 119 20
47 119 20
47 119 20
47 119 20
47 119 20
47 119 20
47 119 20
47 108 20
47 108 20
47 108 20
47 108 20
47 108 20
47 108 20
47 108 20
47 108 20
184 15 20
184 15 20
173 15 20
173 15 20
162 15 20
162 15 20
162 15 20
162 15 20
162 15 20
162 15 20
162 15 20
151 15 20
151 15 20
151 15 20
151 15 20
151 15 20
151 15 20
151 15 20
151 15 20
151 15 20
151 15 20
151 15 20
151 15 20
151 15 20
151 15 20
151 15 20
151 15 20
151 15 20
151 15 20
151 15 20
151 15 20
162 26 20
162 26 20
151 26 20
151 26 20
151 26 20
151 26 20
151 26 20
151 26 20
151 26 20
151 26 20
151 26 20
151 26 20
151 26 20
151 26 20
151 26 20
140 26 20
140 26 20
140 26 20
140 26 20
140 26 20
140 26 20
140 26 20
140 26 20
140 26 20
140 26 20
140 26 20
140 26 20
140 26 20
140 26 20
140 26 20
140 26 20
140 26 20
140 26 20
140 26 20
140 26 20
151 37 20
140 37 20
129 37 20
118 37 20
118 37 20
118 37 20
150 134 20
150 134 20
150 134 20
150 134 20
150 134 20
150 134 20
150 134 20
150 134 20
150 134 20
150 134 20
150 134 20
150 134 20
150 134 20
150 134 20
150 134 20
150 134 20
150 134 20
150 123 20
150 123 20
150 123 20
150 123 20
150 123 20
150 123 20
150 123 20
150 123 20
150 123 20
150 123 20
150 123 20
150 123 20
150 123 20
150 123 20
150 123 20
150 123 20
150 123 20
150 123 20
150 123 20
150 123 20
139 134 20
139 134 20
139 134 20
139 134 20
139 134 20
139 134 20
139 134 20
139 134 20
139 134 20
139 134 20
139 134 20
139 134 20
139 134 20
139 134 20
139 134 20
139 134 20
139 134 20
139 134 20
139 134 20
139 134 20
161 134 20
161 134 20
161 134 20
161 134 20
161 134 20
161 134 20
161 134 20
161 134 20
161 134 20
161 123 20
161 123 20
161 123 20
161 123 20
161 123 20
161 123 20
161 123 20
161 123 20
161 123 20
161 123 20
161 123 20
161 123 20
161 123 20
161 123 20
161 123 20
161 123 20
161 123 20
161 123 20
161 123 20
161 123 20
161 145 20
161 145 20
161 145 20
161 145 20
161 156 20
161 156 20
161 156 20
161 156 20
161 156 20
161 156 20
161 156 20
161 156 20
161 156 20
161 156 20
161 156 20
161 156 20
161 156 20
161 156 20
161 156 20
161 156 20
161 156 20
161 156 20
161 156 20
161 156 20
172 145 20
172 145 20
172 145 20
172 145 20
172 145 20
172 145 20
172 145 20
172 145 20
172 145 20
172 145 20
172 145 20
172 145 20
172 145 20
172 145 20
172 145 20
172 145 20
172 145 20
172 145 20
172 145 20
172 145 20
172 134 20
172 134 20
172 134 20
172 134 20
172 134 20
172 134 20
172 134 20
172 134 20
172 134 20
172 134 20
172 134 20
172 134 20
172 134 20
172 134 20
172 134 20
172 134 20
172 134 20
172 134 20
172 134 20
172 134 20
139 145 20
139 145 20
139 145 20
139 145 20
139 145 20
139 145 20
139 145 20
139 145 20
139 145 20
139 145 20
139 145 20
139 145 20
139 145 20
139 145 20
139 145 20
139 145 20
139 145 20
139 145 20
139 145 20
139 145 20
150 156 20
150 156 20
150 156 20
150 156 20
139 156 20
139 156 20
139 156 20
139 156 20
139 156 20
139 156 20
139 156 20
139 156 20
139 156 20
139 156 20
139 156 20
139 156 20
139 156 20
139 156 20
139 156 20
139 156 20
139 156 20
139 156 20
139 156 20
139 156 20
150 167 20
150 167 20
150 167 20
150 167 20
150 167 20
150 167 20
150 167 20
150 167 20
150 167 20
150 167 20
150 167 20
150 167 20
150 167 20
150 167 20
150 167 20
150 167 20
150 167 20
150 167 20
150 167 20
150 167 20
34 102 20
34 102 20
34 102 20
34 102 20
34 102 20
34 102 20
34 102 20
34 102 20
34 102 20
34 102 20
34 102 20
34 91 20
34 91 20
34 91 20
34 91 20
34 91 20
34 91 20
45 91 20
180 159 20
180 159 20
180 159 20
180 159 20
180 159 20
180 159 20
180 159 20
180 159 20
180 159 20
180 148 20
180 148 20
180 148 20
180 148 20
180 148 20
180 148 20
180 148 20
180 148 20
180 148 20
180 148 20
180 148 20
180 148 20
180 148 20
180 148 20
180 148 20
180 148 20
180 137 20
180 137 20
180 137 20
180 126 20
180 126 20
180 126 20
180 126 20
180 126 20
180 126 20
180 126 20
180 126 20
180 126 20
180 126 20
180 126 20
180 126 20
180 126 20
180 126 20
180 126 20
180 126 20
180 126 20
180 126 20
180 126 20
180 126 20
191 137 20
191 137 20
191 137 20
191 137 20
191 137 20
191 137 20
191 137 20
191 137 20
191 137 20
191 137 20
191 137 20
191 137 20
191 137 20
191 137 20
191 137 20
191 137 20
191 137 20
191 137 20
191 137 20
191 137 20
191 148 20
191 148 20
191 148 20
191 148 20
191 148 20
191 148 20
191 148 20
191 148 20
191 148 20
191 148 20
191 148 20
191 148 20
191 148 20
191 148 20
191 148 20
191 148 20
191 148 20
191 159 20
191 159 20
191 159 20
191 170 20
191 181 20
191 181 20
191 181 20
191 181 20
191 181 20
191 181 20
191 181 20
191 181 20
191 181 20
191 181 20
191 181 20
191 181 20
191 181 20
191 181 20
191 181 20
191 181 20
191 181 20
191 181 20
191 181 20
191 181 20
169 159 20
169 159 20
169 159 20
169 159 20
169 159 20
169 159 20
169 159 20
169 159 20
169 159 20
169 159 20
169 159 20
169 159 20
169 159 20
169 159 20
169 159 20
169 159 20
169 159 20
169 159 20
169 159 20
169 159 20
169 170 20
169 170 20
169 170 20
169 170 20
169 170 20
169 170 20
169 170 20
169 170 20
158 170 20
158 170 20
158 170 20
158 170 20
158 170 20
158 170 20
158 170 20
158 170 20
158 170 20
158 170 20
158 170 20
158 170 20
158 170 20
158 170 20
158 170 20
158 170 20
158 170 20
158 170 20
158 170 20
158 170 20
169 181 20
169 181 20
180 181 20
180 181 20
180 181 20
180 181 20
180 181 20
180 181 20
180 181 20
180 181 20
180 192 20
180 192 20
180 192 20
180 192 20
180 192 20
180 192 20
180 192 20
180 192 20
180 192 20
180 192 20
180 192 20
180 192 20
180 192 20
180 192 20
180 192 20
180 192 20
180 192 20
180 192 20
180 192 20
180 192 20
28 172 20
28 172 20
28 172 20
28 172 20
28 172 20
28 172 20
28 172 20
28 172 20
28 172 20
28 172 20
28 172 20
28 172 20
28 172 20
28 172 20
28 172 20
28 172 20
28 172 20
28 172 20
28 172 20
28 172 20
39 183 20
39 183 20
39 183 20
39 183 20
39 172 20
39 172 20
39 172 20
39 172 20
39 172 20
39 172 20
39 172 20
39 172 20
39 172 20
39 172 20
39 172 20
39 172 20
39 172 20
39 172 20
39 172 20
39 172 20
39 172 20
39 172 20
39 172 20
39 172 20
50 183 20
50 183 20
50 183 20
50 183 20
50 183 20
50 183 20
50 183 20
50 183 20
50 183 20
50 183 20
50 183 20
50 183 20
50 183 20
50 183 20
50 183 20
50 183 20
50 183 20
50 183 20
50 183 20
50 183 20
39 194 20
39 194 20
39 194 20
39 194 20
39 194 20
39 194 20
39 194 20
39 194 20
39 194 20
39 194 20
39 194 20
39 194 20
39 194 20
39 194 20
39 194 20
39 194 20
39 194 20
39 194 20
39 194 20
39 194 20
17 183 20
17 183 20
17 172 20
17 172 20
17 172 20
17 172 20
17 172 20
17 172 20
17 172 20
17 172 20
17 172 20
17 172 20
17 172 20
17 172 20
17 172 20
17 172 20
17 172 20
17 172 20
17 172 20
17 172 20
17 172 20
17 172 20
6 183 20
6 183 20
6 183 20
6 183 20
6 183 20
6 183 20
6 183 20
6 183 20
6 183 20
6 183 20
6 183 20
6 183 20
6 183 20
6 183 20
6 183 20
6 183 20
6 183 20
6 183 20
6 183 20
6 183 20
17 194 20
17 194 20
17 194 20
17 194 20
17 194 20
17 194 20
17 194 20
17 194 20
17 194 20
17 194 20
17 194 20
17 194 20
17 194 20
17 194 20
17 194 20
17 194 20
17 194 20
17 194 20
17 194 20
17 194 20
28 194 20
28 194 20
28 194 20
28 194 20
28 194 20
28 194 20
28 194 20
28 194 20
28 194 20
29 183 20
30 183 17
31 183 15
32 183 13
32 183 13
33 183 20
34 183 17
34 183 17
35 183 20
35 183 20
36 183 20
36 183 20
37 183 20
37 183 20
37 183 20
38 183 20
38 183 20
38 183 20
39 182 20
39 182 20
39 182 20
40 182 20
40 182 20
40 182 20
40 182 20
40 181 20
40 181 20
40 181 20
40 181 20
41 181 20
41 181 20
41 181 20
41 181 20
41 181 20
41 180 20
41 180 20
41 180 20
41 180 20
41 180 20
41 180 20
42 180 20
42 180 20
42 180 20
42 180 20
42 180 20
42 180 20
42 180 20
42 179 20
42 179 20
42 179 20
42 179 20
42 179 20
42 179 20
42 179 20
42 179 20
42 179 20
43 179 20
43 179 20
43 179 20
43 179 20
43 179 20
43 179 20
43 179 20
43 179 20
43 179 20
43 179 20
43 179 20
43 178 20
43 178 20
43 178 20
43 178 20
43 178 20
43 178 20
43 178 20
43 178 20
43 178 20
43 178 20
43 178 20
43 178 20
43 178 20
43 177 20
43 177 20
43 177 20
43 177 20
43 177 20
43 177 20
43 177 20
43 177 20
43 177 20
43 177 20
43 177 20
43 177 20
43 177 20
43 177 20
43 177 20
43 177 20
43 176 20
43 176 20
43 176 20
43 176 20
43 176 20
43 176 20
43 176 20
43 176 20
43 176 20
43 176 20
43 176 20
43 176 20
43 176 20
43 176 20
43 176 20
43 176 20
43 176 20
43 176 20
43 176 20
43 176 20
43 175 20
43 175 20
43 175 20
43 175 20
43 175 20
43 175 20
43 175 20
43 175 20
43 175 20
43 175 20
43 175 20
43 175 20
43 175 20
43 175 20
43 175 20
43 175 20
43 175 20
43 175 20
43 175 20
43 175 20
43 175 20
43 175 20
43 175 20
43 175 20
43 175 20
43 174 20
43 174 20
43 174 20
43 174 20
43 174 20
43 174 20
43 174 20
43 174 20
43 174 20
43 174 20
43 174 20
43 174 20
43 174 20
43 174 20
43 174 20
43 174 20
43 174 20
43 174 20
43 174 20
43 174 20
43 174 20
43 174 20
43 174 20
43 174 20
43 174 20
43 174 20
43 174 20
43 174 20
43 174 20
43 174 20
43 174 20
43 173 20
43 173 20
43 173 20
43 173 20
43 173 20
43 173 20
43 173 20
43 173 20
43 173 20
43 173 20
43 173 20
43 173 20
43 173 20
43 173 20
43 173 20
43 173 20
43 173 20
43 173 20
43 173 20
43 173 20
43 173 20
43 173 20
43 173 20
43 173 20
43 173 20
43 173 20
43 173 20
43 173 20
43 173 20
43 173 20
43 173 20
43 173 20
43 173 20
43 173 20
43 173 20
43 173 20
43 173 20
43 172 20
43 172 20
43 172 20
43 172 20
43 172 20
43 172 20
43 172 20
43 172 20
43 172 20
43 172 20
43 172 20
43 172 20
43 172 20
43 172 20
43 172 20
43 172 20
43 172 20
43 172 20
43 172 20
43 172 20
43 172 20
43 172 20
43 172 20
43 172 20
43 172 20
43 172 20
43 172 20
43 172 20
43 172 20
43 172 20
43 172 20
43 172 20
43 172 20
43 172 20
43 172 20
43 172 20
43 172 20
43 172 20
43 172 20
43 172 20
43 172 20
43 172 20
43 172 20
43 172 20
43 171 20
43 171 20
43 171 20
43 171 20
43 171 20
43 171 20
43 171 20
43 171 20
43 171 20
43 171 20
43 171 20
43 171 20
43 171 20
43 171 20
43 171 20
43 171 20
43 171 20
43 171 20
43 171 20
43 171 20
43 171 20
43 171 20
43 171 20
43 171 20
43 171 20
43 171 20
43 171 20
43 171 20
43 171 20
43 171 20
43 171 20
43 171 20
43 171 20
43 171 20
43 171 20
43 171 20
43 171 20
43 171 20
43 171 20
43 171 20
43 171 20
43 171 20
43 171 20
43 171 20
43 171 20
43 171 20
43 171 20
43 171 20
43 171 20
43 171 20
43 171 20
43 171 20
43 170 20
43 170 20
43 170 20
43 170 20
43 170 20
43 170 20
43 170 20
43 170 20
43 170 20
43 170 20
43 170 20
43 170 20
43 170 20
43 170 20
43 170 20
43 170 20
43 170 20
43 170 20
43 170 20
43 170 20
43 170 20
43 170 20
43 170 20
43 170 20
43 170 20
43 170 20
43 170 20
43 170 20
43 170 20
43 170 20
43 170 20
43 170 20
43 170 20
43 170 20
43 170 20
43 170 20
43 170 20
43 170 20
43 170 20
43 170 20
43 170 20
43 170 20
43 170 20
43 170 20
43 170 20
43 170 20
43 170 20
43 170 20
43 170 20
43 170 20
43 170 20
43 170 20
43 170 20
43 170 20
43 170 20
43 170 20
43 170 20
43 170 20
43 170 20
43 170 20
43 169 20
43 169 20
43 169 20
43 169 20
43 169 20
43 169 20
43 169 20
43 169 20
43 169 20
43 169 20
43 169 20
43 169 20
43 169 20
43 169 20
43 169 20
43 169 20
43 169 20
43 169 20
43 169 20
43 169 20
43 169 20
43 169 20
43 169 20
43 169 20
43 169 20
43 169 20
43 169 20
43 169 20
43 169 20
43 169 20
43 169 20
43 169 20
43 169 20
43 169 20
43 169 20
43 169 20
43 169 20
43 169 20
43 169 20
43 169 20
43 169 20
43 169 20
43 169 20
43 169 20
43 169 20
43 169 20
43 169 20
43 169 20
43 169 20
43 169 20
43 169 20
43 169 20
43 169 20
43 169 20
43 169 20
43 169 20
43 169 20
43 169 20
43 169 20
43 169 20
43 169 20
43 169 20
43 169 20
43 169 20
43 169 20
43 169 20
43 168 20
43 168 20
43 168 20
43 168 20
43 168 20
43 168 20
43 168 20
43 168 20
43 168 20
43 168 20
43 168 20
43 168 20
43 168 20
43 168 20
43 168 20
43 168 20
43 168 20
43 168 20
43 168 20
43 168 20
43 168 20
43 168 20
43 168 20
43 168 20
43 168 20
43 168 20
43 168 20
43 168 20
43 168 20
43 168 20
43 168 20
43 168 20
43 168 20
43 168 20
43 168 20
43 168 20
43 168 20
43 168 20
43 168 20
43 168 20
43 168 20
43 168 20
43 168 20
43 168 20
43 168 20
43 168 20
43 168 20
43 168 20
43 168 20
43 168 20
43 168 20
43 168 20
43 168 20
43 168 20
43 168 20
43 168 20
43 168 20
43 168 20
43 168 20
43 168 20
43 168 20
43 168 20
43 168 20
43 168 20
43 168 20
43 168 20
43 168 20
43 168 20
43 168 20
43 168 20
43 168 20
43 168 20
43 167 20
43 167 20
43 167 20
43 167 20
43 167 20
43 167 20
43 167 20
43 167 20
43 167 20
43 167 20
43 167 20
43 167 20
43 167 20
43 167 20
43 167 20
43 167 20
43 167 20
43 167 20
43 167 20
43 167 20
43 167 20
43 167 20
43 167 20
43 167 20
43 167 20
43 167 20
43 167 20
43 167 20
43 167 20
43 167 20
43 167 20
43 167 20
43 167 20
43 167 20
43 167 20
43 167 20
43 167 20
43 167 20
43 167 20
43 167 20
43 167 20
43 167 20
43 167 20
43 167 20
43 167 20
43 167 20
43 167 20
43 167 20
43 167 20
43 167 20
43 167 20
43 167 20
43 167 20
43 167 20
43 167 20
43 167 20
43 167 20
43 167 20
43 167 20
43 167 20
43 167 20
43 167 20
43 167 20
43 167 20
43 167 20
43 167 20
43 167 20
43 167 20
43 167 20
43 167 20
43 167 20
43 167 20
43 167 20
43 167 20
43 167 20
43 166 20
43 166 20
43 166 20
43 166 20
43 166 20
43 166 20
43 166 20
43 166 20
43 166 20
43 166 20
43 166 20
43 166 20
43 166 20
43 166 20
43 166 20
43 166 20
43 166 20
43 166 20
43 166 20
43 166 20
43 166 20
43 166 20
43 166 20
43 166 20
43 166 20
43 166 20
43 166 20
43 166 20
43 166 20
43 166 20
43 166 20
43 166 20
43 166 20
43 166 20
43 166 20
43 166 20
43 166 20
43 166 20
43 166 20
43 166 20
43 166 20
43 166 20
43 166 20
43 166 20
43 166 20
43 166 20
43 166 20
43 166 20
43 166 20
43 166 20
43 166 20
43 166 20
43 166 20
43 166 20
43 166 20
43 166 20
43 166 20
43 166 20
43 166 20
43 166 20
43 166 20
43 166 20
43 166 20
43 166 20
43 166 20
43 166 20
43 166 20
43 166 20
43 166 20
43 166 20
43 166 20
43 166 20
43 166 20
43 166 20
43 166 20
43 166 20
43 165 20
43 165 20
43 165 20
43 165 20
43 165 20
43 165 20
43 165 20
43 165 20
43 165 20
43 165 20
43 165 20
43 165 20
43 165 20
43 165 20
43 165 20
43 165 20
43 165 20
43 165 20
43 165 20
43 165 20
43 165 20
43 165 20
43 165 20
43 165 20
43 165 20
43 165 20
43 165 20
43 165 20
43 165 20
43 165 20
43 165 20
43 165 20
43 165 20
43 165 20
43 165 20
43 165 20
43 165 20
43 165 20
43 165 20
43 165 20
43 165 20
43 165 20
43 165 20
43 165 20
43 165 20
43 165 20
43 165 20
43 165 20
43 165 20
43 165 20
43 165 20
43 165 20
43 165 20
43 165 20
43 165 20
43 165 20
43 165 20
43 165 20
43 165 20
43 165 20
43 165 20
43 165 20
43 165 20
43 165 20
43 165 20
43 165 20
43 165 20
43 165 20
43 165 20
43 165 20
43 165 20
43 165 20
43 165 20
43 164 20
43 164 20
43 164 20
43 164 20
43 164 20
43 164 20
43 164 20
43 164 20
43 164 20
43 164 20
43 164 20
43 164 20
43 164 20
43 164 20
43 164 20
43 164 20
43 164 20
43 164 20
43 164 20
43 164 20
43 164 20
43 164 20
43 164 20
43 164 20
43 164 20
43 164 20
43 164 20
43 164 20
43 164 20
43 164 20
43 164 20
43 164 20
43 164 20
43 164 20
43 164 20
43 164 20
43 164 20
43 164 20
43 164 20
43 164 20
43 164 20
43 164 20
43 164 20
43 164 20
43 164 20
43 164 20
43 164 20
43 164 20
43 164 20
43 164 20
43 164 20
43 164 20
43 164 20
43 164 20
43 164 20
43 164 20
43 164 20
43 164 20
43 164 20
43 164 20
43 164 20
43 164 20
43 164 20
43 164 20
43 164 20
43 164 20
43 164 20
43 164 20
43 163 20
43 163 20
43 163 20
43 163 20
43 163 20
43 163 20
43 163 20
43 163 20
43 163 20
43 163 20
43 163 20
43 163 20
43 163 20
43 163 20
43 163 20
43 163 20
43 163 20
43 163 20
43 163 20
43 163 20
43 163 20
43 163 20
43 163 20
43 163 20
43 163 20
43 163 20
43 163 20
43 163 20
43 163 20
43 163 20
43 163 20
43 163 20
43 163 20
43 163 20
43 163 20
43 163 20
43 163 20
43 163 20
43 163 20
43 163 20
43 163 20
43 163 20
43 163 20
43 163 20
43 163 20
43 163 20
43 163 20
43 163 20
43 163 20
43 163 20
43 163 20
43 163 20
43 163 20
43 163 20
43 163 20
43 163 20
43 163 20
43 163 20
43 163 20
43 163 20
43 163 20
43 162 20
43 162 20
43 162 20
43 162 20
43 162 20
43 162 20
43 162 20
43 162 20
43 162 20
43 162 20
43 162 20
43 162 20
43 162 20
43 162 20
43 162 20
43 162 20
43 162 20
43 162 20
43 162 20
43 162 20
43 162 20
43 162 20
43 162 20
43 162 20
43 162 20
43 162 20
43 162 20
43 162 20
43 162 20
43 162 20
43 162 20
43 162 20
43 162 20
43 162 20
43 162 20
43 162 20
43 162 20
43 162 20
43 162 20
43 162 20
43 162 20
43 162 20
43 162 20
43 162 20
43 162 20
43 162 20
43 162 20
43 162 20
43 162 20
43 162 20
43 162 20
43 162 20
43 162 20
43 161 20
43 161 20
43 161 20
43 161 20
43 161 20
43 161 20
43 161 20
43 161 20
43 161 20
43 161 20
43 161 20
43 161 20
43 161 20
43 161 20
43 161 20
43 161 20
43 161 20
43 161 20
43 161 20
43 161 20
43 161 20
43 161 20
43 161 20
43 161 20
43 161 20
43 161 20
43 161 20
43 161 20
43 161 20
43 161 20
43 161 20
43 161 20
43 161 20
43 161 20
43 161 20
43 161 20
43 161 20
43 161 20
43 161 20
43 161 20
43 161 20
43 161 20
43 161 20
43 161 20
43 160 20
43 160 20
43 160 20
43 160 20
43 160 20
43 160 20
43 160 20
43 160 20
43 160 20
43 160 20
43 160 20
43 160 20
43 160 20
43 160 20
43 160 20
43 160 20
43 160 20
43 160 20
43 160 20
43 160 20
43 160 20
43 160 20
43 160 20
43 160 20
43 160 20
43 160 20
43 160 20
43 160 20
43 160 20
43 160 20
43 160 20
43 160 20
43 160 20
43 160 20
43 160 20
43 160 20
43 159 20
43 159 20
43 159 20
43 159 20
43 159 20
43 159 20
43 159 20
43 159 20
43 159 20
43 159 20
43 159 20
43 159 20
43 159 20
43 159 20
43 159 20
43 159 20
43 159 20
43 159 20
43 159 20
43 159 20
43 159 20
43 159 20
43 159 20
43 159 20
43 159 20
43 159 20
43 159 20
43 159 20
43 159 20
43 158 20
43 158 20
43 158 20
43 158 20
43 158 20
43 158 20
43 158 20
43 158 20
43 158 20
43 158 20
43 158 20
43 158 20
43 158 20
43 158 20
43 158 20
43 158 20
43 158 20
43 158 20
43 158 20
43 158 20
43 158 20
43 158 20
43 158 20
43 158 20
43 157 20
43 157 20
43 157 20
43 157 20
43 157 20
43 157 20
43 157 20
43 157 20
43 157 20
43 157 20
43 157 20
43 157 20
43 157 20
43 157 20
43 157 20
43 157 20
43 157 20
43 157 20
43 157 20
43 157 20
43 156 20
43 156 20
43 156 20
43 156 20
43 156 20
43 156 20
43 156 20
43 156 20
43 156 20
43 156 20
43 156 20
43 156 20
43 156 20
43 156 20
43 156 20
43 156 20
43 156 20
43 156 20
43 155 20
43 155 20
43 155 20
43 155 20
43 155 20
43 155 20
43 155 20
43 155 20
43 155 20
43 155 20
43 155 20
43 155 20
43 155 20
43 155 20
43 155 20
43 155 20
43 154 20
43 154 20
43 154 20
43 154 20
43 154 20
43 154 20
43 154 20
43 154 20
43 154 20
43 154 20
43 154 20
43 154 20
43 154 20
43 154 20
43 154 20
43 154 20
43 153 20
43 153 20
43 153 20
43 153 20
43 153 20
43 153 20
43 153 20
43 153 20
43 153 20
43 153 20
43 153 20
43 153 20
43 153 20
43 153 20
43 153 20
43 153 20
43 152 20
43 152 20
43 152 20
43 152 20
43 152 20
43 152 20
43 152 20
43 152 20
43 152 20
43 152 20
43 152 20
43 152 20
43 152 20
43 152 20
43 152 20
43 152 20
43 152 20
43 152 20
43 151 20
43 151 20
43 151 20
43 151 20
43 151 20
43 151 20
43 151 20
43 151 20
43 151 20
43 151 20
43 151 20
43 151 20
43 151 20
43 151 20
43 151 20
43 151 20
43 151 20
43 151 20
43 151 20
43 151 20
43 150 20
43 150 20
43 150 20
43 150 20
43 150 20
43 150 20
43 150 20
43 150 20
43 150 20
43 150 20
43 150 20
43 150 20
43 150 20
43 150 20
43 150 20
43 150 20
43 150 20
43 150 20
43 150 20
43 150 20
43 150 20
43 150 20
43 150 20
43 150 20
43 149 20
43 149 20
43 149 20
43 149 20
43 149 20
43 149 20
43 149 20
43 149 20
43 149 20
43 149 20
43 149 20
43 149 20
43 149 20
43 149 20
43 149 20
43 149 20
43 149 20
43 149 20
43 149 20
43 149 20
43 149 20
43 149 20
43 149 20
43 149 20
43 149 20
43 149 20
43 149 20
43 148 20
43 148 20
43 148 20
43 148 20
43 148 20
43 148 20
43 148 20
43 148 20
43 148 20
43 148 20
43 148 20
43 148 20
43 148 20
43 148 20
43 148 20
43 148 20
43 148 20
43 148 20
43 148 20
43 148 20
43 148 20
43 148 20
43 148 20
43 148 20
43 148 20
43 148 20
43 148 20
43 148 20
43 148 20
43 148 20
43 148 20
43 148 20
43 147 20
43 147 20
43 147 20
43 147 20
43 147 20
43 147 20
43 147 20
43 147 20
43 147 20
43 147 20
43 147 20
43 147 20
43 147 20
43 147 20
43 147 20
43 147 20
43 147 20
43 147 20
43 147 20
43 147 20
43 147 20
43 147 20
43 147 20
43 147 20
43 147 20
43 147 20
43 147 20
43 147 20
43 147 20
43 147 20
43 147 20
43 147 20
43 147 20
43 147 20
43 147 20
43 147 20
43 146 20
43 146 20
43 146 20
43 146 20
43 146 20
43 146 20
43 146 20
43 146 20
43 146 20
43 146 20
43 146 20
43 146 20
43 146 20
43 146 20
43 146 20
43 146 20
43 146 20
43 146 20
43 146 20
43 146 20
43 146 20
43 146 20
43 146 20
43 146 20
43 146 20
43 146 20
43 146 20
43 146 20
43 146 20
43 146 20
43 146 20
43 146 20
43 146 20
43 146 20
43 146 20
43 146 20
43 146 20
43 146 20
43 146 20
43 145 20
43 145 20
43 145 20
43 145 20
43 145 20
43 145 20
43 145 20
43 145 20
43 145 20
43 145 20
43 145 20
43 145 20
43 145 20
43 145 20
43 145 20
43 145 20
43 145 20
43 145 20
43 145 20
43 145 20
43 145 20
43 145 20
43 145 20
43 145 20
43 145 20
43 145 20
43 145 20
43 145 20
43 145 20
43 145 20
43 145 20
43 145 20
43 145 20
43 145 20
43 145 20
43 145 20
43 145 20
43 145 20
43 145 20
43 145 20
43 145 20
43 145 20
43 144 20
43 144 20
43 144 20
43 144 20
43 144 20
43 144 20
43 144 20
43 144 20
43 144 20
43 144 20
43 144 20
43 144 20
43 144 20
43 144 20
43 144 20
43 144 20
43 144 20
43 144 20
43 144 20
43 144 20
43 144 20
43 144 20
43 144 20
43 144 20
43 144 20
43 144 20
43 144 20
43 144 20
43 144 20
43 144 20
43 144 20
43 144 20
43 144 20
43 144 20
43 144 20
43 144 20
43 144 20
43 144 20
43 144 20
43 144 20
43 144 20
43 144 20
43 144 20
44 144 20
44 144 20
44 144 20
44 144 20
44 144 20
44 144 20
44 144 20
44 144 20
44 144 20
44 144 20
44 144 20
44 144 20
44 144 20
44 144 20
44 144 20
44 144 20
44 144 20
44 144 20
44 144 20
44 144 20
44 144 20
44 144 20
44 144 20
44 144 20
44 144 20
44 144 20
44 144 20
44 144 20
44 144 20
44 144 20
44 144 20
44 144 20
44 144 20
44 144 20
44 144 20
44 144 20
44 144 20
44 143 20
44 143 20
44 143 20
44 143 20
44 143 20
44 143 20
44 143 20
44 143 20
44 143 20
44 143 20
44 143 20
44 143 20
44 143 20
44 143 20
44 143 20
44 143 20
44 143 20
44 143 20
44 143 20
44 143 20
44 143 20
44 143 20
44 143 20
44 143 20
44 143 20
44 143 20
44 143 20
44 143 20
44 143 20
44 143 20
44 143 20
44 143 20
44 143 20
44 143 20
44 143 20
44 143 20
44 142 20
44 142 20
44 142 20
44 142 20
44 142 20
44 142 20
44 142 20
44 142 20
44 142 20
44 142 20
44 142 20
44 142 20
44 142 20
44 142 20
44 142 20
44 142 20
44 142 20
44 142 20
44 142 20
44 142 20
44 142 20
44 142 20
44 142 20
44 142 20
44 142 20
44 142 20
44 142 20
44 142 20
44 142 20
44 142 20
44 142 20
44 142 20
44 142 20
44 142 20
44 142 20
45 142 20
45 142 20
45 142 20
45 142 20
45 142 20
45 142 20
45 142 20
45 142 20
45 142 20
45 142 20
45 142 20
45 142 20
45 142 20
45 142 20
45 142 20
45 142 20
45 142 20
45 142 20
45 142 20
45 142 20
45 142 20
45 142 20
45 142 20
45 142 20
45 142 20
45 142 20
45 142 20
45 142 20
45 142 20
45 141 20
45 141 20
45 141 20
45 141 20
45 141 20
45 141 20
45 141 20
45 141 20
45 141 20
45 141 20
45 141 20
45 141 20
45 141 20
45 141 20
45 141 20
45 141 20
45 141 20
45 141 20
45 141 20
45 141 20
45 141 20
45 141 20
45 141 20
45 141 20
45 141 20
45 141 20
46 141 20
46 141 20
46 141 20
46 141 20
46 141 20
46 141 20
46 141 20
46 141 20
46 141 20
46 141 20
46 141 20
46 141 20
46 141 20
46 141 20
46 141 20
46 141 20
46 141 20
46 141 20
46 141 20
46 141 20
46 141 20
46 141 20
47 140 20
47 140 20
47 140 20
47 140 20
47 140 20
47 140 20
47 140 20
47 140 20
47 140 20
47 140 20
47 140 20
47 140 20
47 140 20
47 140 20
47 140 20
47 140 20
47 140 20
47 139 20
47 139 20
47 139 20
47 139 20
47 139 20
47 139 20
47 139 20
47 139 20
47 139 20
47 139 20
47 139 20
47 139 20
47 139 20
47 139 20
47 138 20
47 138 20
47 138 20
47 138 20
47 138 20
47 138 20
47 138 20
47 138 20
47 138 20
47 138 20
47 138 20
47 138 20
47 137 20
47 137 20
47 137 20
47 137 20
47 137 20
47 137 20
47 137 20
47 137 20
47 137 20
47 136 20
47 136 20
47 136 20
47 136 20
47 136 20
47 136 20
47 136 20
47 135 20
47 135 20
47 135 20
47 135 20
47 135 20
47 135 20
47 134 20
47 134 20
47 134 20
47 134 20
47 133 20
47 133 20
47 133 20
47 133 20
47 132 20
47 132 20
47 132 20
47 131 20
47 131 20
47 131 20
47 129 20
47 129 20
47 129 20
47 128 20
47 128 20
47 128 20
47 128 20
47 127 20
47 127 20
47 127 20
47 127 20
47 126 20
47 126 20
47 126 20
47 126 20
47 126 20
47 125 20
47 125 20
47 125 20
47 125 20
47 125 20
47 125 20
47 124 20
47 124 20
47 124 20
47 124 20
47 124 20
47 124 20
47 124 20
47 123 20
47 123 20
47 123 20
47 123 20
47 123 20
47 123 20
47 123 20
47 123 20
47 123 20
47 122 20
47 122 20
47 122 20
47 122 20
47 122 20
47 122 20
47 122 20
47 122 20
47 122 20
47 122 20
47 122 20
47 121 20
47 121 20
47 121 20
47 121 20
47 121 20
47 121 20
47 121 20
47 121 20
47 121 20
47 121 20
47 121 20
47 121 20
47 121 20
47 121 20
47 120 20
47 120 20
47 120 20
47 120 20
47 120 20
47 120 20
47 120 20
47 120 20
47 120 20
47 120 20
47 120 20
47 120 20
47 120 20
47 120 20
47 120 20
47 120 20
47 120 20
47 118 20
47 118 20
47 118 20
47 118 20
47 118 20
47 118 20
47 118 20
47 118 20
47 118 20
47 118 20
47 118 20
47 118 20
47 118 20
47 118 20
47 118 20
47 118 20
47 118 20
47 118 20
47 118 20
47 118 20
47 117 20
47 117 20
47 117 20
47 117 20
47 117 20
47 117 20
47 117 20
47 117 20
47 117 20
47 117 20
47 117 20
47 117 20
47 117 20
47 117 20
47 117 20
47 117 20
47 117 20
47 117 20
47 117 20
47 117 20
47 117 20
47 116 20
47 116 20
47 116 20
47 116 20
47 116 20
47 116 20
47 116 20
47 116 20
47 116 20
47 116 20
47 116 20
47 116 20
47 116 20
47 116 20
47 116 20
47 116 20
47 116 20
47 116 20
47 116 20
47 116 20
47 116 20
47 115 20
47 115 20
47 115 20
47 115 20
47 115 20
47 115 20
47 115 20
47 115 20
47 115 20
47 115 20
47 115 20
47 115 20
47 115 20
47 115 20
47 115 20
47 115 20
47 115 20
47 115 20
47 115 20
47 115 20
47 114 20
47 114 20
47 114 20
47 114 20
47 114 20
47 114 20
47 114 20
47 114 20
47 114 20
47 114 20
47 114 20
47 114 20
47 114 20
47 114 20
47 114 20
47 114 20
47 114 20
47 114 20
47 113 20
47 113 20
47 113 20
47 113 20
47 113 20
47 113 20
47 113 20
47 113 20
47 113 20
47 113 20
47 113 20
47 113 20
47 113 20
47 113 20
47 113 20
47 113 20
47 113 20
47 112 20
47 112 20
47 112 20
47 112 20
47 112 20
47 112 20
47 112 20
47 112 20
47 112 20
47 112 20
47 112 20
47 112 20
47 112 20
47 112 20
47 112 20
47 111 20
47 111 20
47 111 20
47 111 20
47 111 20
47 111 20
47 111 20
47 111 20
47 111 20
47 111 20
47 111 20
47 111 20
47 111 20
47 110 20
47 110 20
47 110 20
47 110 20
47 110 20
47 110 20
47 110 20
47 110 20
47 110 20
47 110 20
47 110 20
47 109 20
47 109 20
47 109 20
47 109 20
47 109 20
47 109 20
47 109 20
47 109 20
47 109 20
47 109 20
48 108 20
48 108 20
48 108 20
48 108 20
48 108 20
48 108 20
48 108 20
48 108 20
48 108 20
48 108 20
48 107 20
48 107 20
48 107 20
48 107 20
48 107 20
48 107 20
48 107 20
48 107 20
48 106 20
48 106 20
48 106 20
48 106 20
48 106 20
48 106 20
48 106 20
48 105 20
48 105 20
48 105 20
48 105 20
48 105 20
48 105 20
48 104 20
48 104 20
48 104 20
48 104 20
48 104 20
48 103 20
48 103 20
48 103 20
48 103 20
48 102 20
48 102 20
48 102 20
48 102 20
48 101 20
48 101 20
48 101 20
48 100 20
48 100 20
48 99 20
48 99 20
48 98 20
48 98 20
48 97 20
48 96 17
48 95 15
48 94 13
48 93 11
48 93 11
48 92 19
48 91 16
49 91 14
50 91 12
51 91 10
51 91 10
52 91 17
53 91 15
54 91 13
54 91 13
55 91 20
56 91 17
56 91 17
56 90 20
56 90 20
57 89 20
57 89 20
57 88 20
57 88 20
57 87 20
57 87 20
57 86 20
57 86 20
57 85 20
57 85 20
57 84 20
57 84 20
57 83 20
57 83 20
57 82 20
57 82 20
57 81 20
57 81 20
57 80 20
57 80 20
57 78 20
57 78 20
57 77 20
57 77 20
57 76 20
57 76 20
57 75 20
57 74 17
58 74 15
58 74 15
58 73 20
59 73 17
59 72 15
59 71 13
59 70 11
59 70 11
60 69 19
61 69 16
62 69 14
62 69 14
63 69 20
64 69 17
64 69 17
65 69 20
66 69 17
66 69 17
67 69 20
67 69 20
68 69 20
68 69 20
69 69 20
69 69 20
70 68 20
70 68 20
70 67 20
70 66 17
70 65 15
70 65 15
70 64 20
70 63 17
70 62 15
70 62 15
70 61 20
70 61 20
70 60 20
70 60 20
70 59 20
70 59 20
70 59 20
71 58 20
71 58 20
71 58 20
72 58 20
72 58 20
73 58 20
73 58 20
74 58 20
74 58 20
75 58 20
75 58 20
76 58 20
76 58 20
77 58 20
77 58 20
78 58 20
78 58 20
79 58 20
79 58 20
79 58 20
80 58 20
80 58 20
80 58 20
80 58 20
82 58 20
82 58 20
82 58 20
82 58 20
82 58 20
82 58 20
83 58 20
83 58 20
83 58 20
83 58 20
83 58 20
83 58 20
83 58 20
83 58 20
84 58 20
84 58 20
84 58 20
84 58 20
84 58 20
84 58 20
84 58 20
84 58 20
84 58 20
84 58 20
85 58 20
85 58 20
85 58 20
85 58 20
85 58 20
85 58 20
85 58 20
85 58 20
85 58 20
85 58 20
85 58 20
85 58 20
86 58 20
86 58 20
86 58 20
86 58 20
86 58 20
86 58 20
86 58 20
86 58 20
86 58 20
86 58 20
86 58 20
86 58 20
86 58 20
86 58 20
87 58 20
87 58 20
87 58 20
87 58 20
87 58 20
87 58 20
87 58 20
87 58 20
87 58 20
87 58 20
87 58 20
87 58 20
87 58 20
87 58 20
87 58 20
87 58 20
87 58 20
88 58 20
88 58 20
88 58 20
88 58 20
88 58 20
88 58 20
88 58 20
88 58 20
88 58 20
88 58 20
88 58 20
88 58 20
88 58 20
88 58 20
88 58 20
88 58 20
88 58 20
88 58 20
89 58 20
89 58 20
89 58 20
89 58 20
89 58 20
89 58 20
89 58 20
89 58 20
89 58 20
89 58 20
89 58 20
89 58 20
89 58 20
89 58 20
89 58 20
89 58 20
89 58 20
89 58 20
89 58 20
89 58 20
90 58 20
90 58 20
90 58 20
90 58 20
90 58 20
90 58 20
90 58 20
90 58 20
90 58 20
90 58 20
90 58 20
90 58 20
90 58 20
90 58 20
90 58 20
90 58 20
90 58 20
90 58 20
90 58 20
90 58 20
91 58 20
91 58 20
91 58 20
91 58 20
91 58 20
91 58 20
91 58 20
91 58 20
91 58 20
91 58 20
91 58 20
91 58 20
91 58 20
91 58 20
91 58 20
91 58 20
91 58 20
91 58 20
91 58 20
93 58 20
93 58 20
93 58 20
93 58 20
93 58 20
93 58 20
93 58 20
93 58 20
93 58 20
93 58 20
93 58 20
93 58 20
93 58 20
93 58 20
93 58 20
94 58 20
94 58 20
94 58 20
94 58 20
94 58 20
94 58 20
94 58 20
94 58 20
94 58 20
94 58 20
94 58 20
94 58 20
95 58 20
95 58 20
95 58 20
95 58 20
95 58 20
95 58 20
95 58 20
95 58 20
95 58 20
96 58 20
96 58 20
96 58 20
96 58 20
96 58 20
96 58 20
96 58 20
97 58 20
97 58 20
97 58 20
97 58 20
97 58 20
98 58 20
98 58 20
98 58 20
98 58 20
99 58 20
99 58 20
99 58 20
99 58 20
100 58 20
100 58 20
100 58 20
100 58 20
101 58 20
101 58 20
101 58 20
101 58 20
102 58 20
102 58 20
102 58 20
102 58 20
103 57 20
103 57 20
103 57 20
103 57 20
103 57 20
103 57 20
103 57 20
103 56 20
103 56 20
103 56 20
103 56 20
103 56 20
103 56 20
103 56 20
103 56 20
103 56 20
103 55 20
103 55 20
103 55 20
103 55 20
103 55 20
103 55 20
103 55 20
103 55 20
103 55 20
103 55 20
103 55 20
103 55 20
103 54 20
103 54 20
103 54 20
103 54 20
103 54 20
103 54 20
103 54 20
103 54 20
103 54 20
103 54 20
103 54 20
103 54 20
103 54 20
103 54 20
103 54 20
103 54 20
103 53 20
103 53 20
103 53 20
103 53 20
103 53 20
103 53 20
103 53 20
103 53 20
103 53 20
103 53 20
103 53 20
103 53 20
103 53 20
103 53 20
103 53 20
103 53 20
103 53 20
103 53 20
103 53 20
103 53 20
103 52 20
103 52 20
103 52 20
103 52 20
103 52 20
103 52 20
103 52 20
103 52 20
103 52 20
103 52 20
103 52 20
103 52 20
103 52 20
103 52 20
103 52 20
103 52 20
103 52 20
103 52 20
103 52 20
103 52 20
103 52 20
103 52 20
103 52 20
103 52 20
103 51 20
103 51 20
103 51 20
103 51 20
103 51 20
103 51 20
103 51 20
103 51 20
103 51 20
103 51 20
103 51 20
103 51 20
103 51 20
103 51 20
103 51 20
103 51 20
103 51 20
103 51 20
103 51 20
103 51 20
103 51 20
103 51 20
103 51 20
103 51 20
103 51 20
103 51 20
103 51 20
104 51 20
104 51 20
104 51 20
104 51 20
104 51 20
104 51 20
104 51 20
104 51 20
104 51 20
104 51 20
104 51 20
104 51 20
104 51 20
104 51 20
104 51 20
104 51 20
104 51 20
104 51 20
104 51 20
104 51 20
104 51 20
104 51 20
104 51 20
104 51 20
104 51 20
104 51 20
104 51 20
104 51 20
104 50 20
104 50 20
104 50 20
104 50 20
104 50 20
104 50 20
104 50 20
104 50 20
104 50 20
104 50 20
104 50 20
104 50 20
104 50 20
104 50 20
104 50 20
104 50 20
104 50 20
104 50 20
104 50 20
104 50 20
104 50 20
104 50 20
104 50 20
104 50 20
104 50 20
104 50 20
104 50 20
104 50 20
104 50 20
104 50 20
104 50 20
104 49 20
104 49 20
104 49 20
104 49 20
104 49 20
104 49 20
104 49 20
104 49 20
104 49 20
104 49 20
104 49 20
104 49 20
104 49 20
104 49 20
104 49 20
104 49 20
104 49 20
104 49 20
104 49 20
104 49 20
104 49 20
104 49 20
104 49 20
104 49 20
104 49 20
104 49 20
104 49 20
104 49 20
104 49 20
104 49 20
104 49 20
104 49 20
104 48 20
104 48 20
104 48 20
104 48 20
104 48 20
104 48 20
104 48 20
104 48 20
104 48 20
104 48 20
104 48 20
104 48 20
104 48 20
104 48 20
104 48 20
104 48 20
104 48 20
104 48 20
104 48 20
104 48 20
104 48 20
104 48 20
104 48 20
104 48 20
104 48 20
104 48 20
104 48 20
104 48 20
104 48 20
104 48 20
104 48 20
104 48 20
104 48 20
104 47 20
104 47 20
104 47 20
104 47 20
104 47 20
104 47 20
104 47 20
104 47 20
104 47 20
104 47 20
104 47 20
104 47 20
104 47 20
104 47 20
104 47 20
104 47 20
104 47 20
104 47 20
104 47 20
104 47 20
104 47 20
104 47 20
104 47 20
104 47 20
104 47 20
104 47 20
104 47 20
104 47 20
104 47 20
104 47 20
104 47 20
104 47 20
104 46 20
104 46 20
104 46 20
104 46 20
104 46 20
104 46 20
104 46 20
104 46 20
104 46 20
104 46 20
104 46 20
104 46 20
104 46 20
104 46 20
104 46 20
104 46 20
104 46 20
104 46 20
104 46 20
104 46 20
104 46 20
104 46 20
104 46 20
104 46 20
104 46 20
104 46 20
104 46 20
104 46 20
104 46 20
104 46 20
104 46 20
104 45 20
104 45 20
104 45 20
104 45 20
104 45 20
104 45 20
104 45 20
104 45 20
104 45 20
104 45 20
104 45 20
104 45 20
104 45 20
104 45 20
104 45 20
104 45 20
104 45 20
104 45 20
104 45 20
104 45 20
104 45 20
104 45 20
104 45 20
104 45 20
104 45 20
104 45 20
104 45 20
104 45 20
104 45 20
104 45 20
180 171 20
180 172 17
179 172 15
179 172 15
178 172 20
177 172 17
177 172 17
177 173 20
176 173 17
176 173 17
175 173 20
175 174 17
175 174 17
175 175 20
174 175 17
174 175 17
174 176 20
173 176 17
173 176 17
172 176 20
172 177 17
172 177 17
172 178 20
171 178 17
171 178 17
171 179 20
171 179 20
170 179 20
170 179 20
170 180 20
170 180 20
169 180 20
169 180 20
168 181 20
168 181 20
168 181 20
168 182 20
168 182 20
168 182 20
167 182 20
167 182 20
167 182 20
167 182 20
167 183 20
167 183 20
167 183 20
167 183 20
167 183 20
167 184 20
167 184 20
167 184 20
167 184 20
167 184 20
167 184 20
167 185 20
167 185 20
167 185 20
167 185 20
167 185 20
167 185 20
167 185 20
166 185 20
166 185 20
166 185 20
166 185 20
166 185 20
166 185 20
166 185 20
166 185 20
166 185 20
166 186 20
166 186 20
166 186 20
166 186 20
166 186 20
166 186 20
166 186 20
166 186 20
166 186 20
166 186 20
166 186 20
165 186 20
165 186 20
165 186 20
165 186 20
165 186 20
165 186 20
165 186 20
165 186 20
165 186 20
165 186 20
165 186 20
165 186 20
165 186 20
165 186 20
165 187 20
165 187 20
165 187 20
165 187 20
165 187 20
165 187 20
165 187 20
165 187 20
165 187 20
165 187 20
165 187 20
165 187 20
165 187 20
165 187 20
165 187 20
164 187 20
164 187 20
164 187 20
164 187 20
164 187 20
164 187 20
164 187 20
164 187 20
164 187 20
164 187 20
164 187 20
164 187 20
164 187 20
164 187 20
164 187 20
164 187 20
164 187 20
164 187 20
164 187 20
164 187 20
164 187 20
164 188 20
164 188 20
164 188 20
164 188 20
164 188 20
164 188 20
164 188 20
164 188 20
164 188 20
164 188 20
164 188 20
164 188 20
164 188 20
164 188 20
164 188 20
164 188 20
164 188 20
164 188 20
164 188 20
164 188 20
164 188 20
163 188 20
163 188 20
163 188 20
163 188 20
163 188 20
163 188 20
163 188 20
163 188 20
163 188 20
163 188 20
163 188 20
163 188 20
163 188 20
163 188 20
163 188 20
163 188 20
163 188 20
163 188 20
163 188 20
163 188 20
163 188 20
163 188 20
163 188 20
163 188 20
163 188 20
163 188 20
163 188 20
163 188 20
163 189 20
163 189 20
163 189 20
163 189 20
163 189 20
163 189 20
163 189 20
163 189 20
163 189 20
163 189 20
163 189 20
163 189 20
163 189 20
163 189 20
163 189 20
163 189 20
163 189 20
163 189 20
163 189 20
163 189 20
163 189 20
163 189 20
163 189 20
163 189 20
163 189 20
163 189 20
163 189 20
162 189 20
162 189 20
162 189 20
162 189 20
162 189 20
162 189 20
162 189 20
162 189 20
162 189 20
162 189 20
162 189 20
162 189 20
162 189 20
162 189 20
162 189 20
162 189 20
162 189 20
162 189 20
162 189 20
162 189 20
162 189 20
162 189 20
162 189 20
162 189 20
162 189 20
162 189 20
162 189 20
162 189 20
162 189 20
162 189 20
162 189 20
162 189 20
162 189 20
162 189 20
162 189 20
162 189 20
162 190 20
162 190 20
162 190 20
162 190 20
162 190 20
162 190 20
162 190 20
162 190 20
162 190 20
162 190 20
162 190 20
162 190 20
162 190 20
162 190 20
162 190 20
162 190 20
162 190 20
162 190 20
162 190 20
162 190 20
162 190 20
162 190 20
162 190 20
162 190 20
162 190 20
162 190 20
162 190 20
162 190 20
162 190 20
162 190 20
162 190 20
162 190 20
162 190 20
161 190 20
161 190 20
161 190 20
161 190 20
161 190 20
161 190 20
161 190 20
161 190 20
161 190 20
161 190 20
161 190 20
161 190 20
161 190 20
161 190 20
161 190 20
161 190 20
161 190 20
161 190 20
161 190 20
161 190 20
161 190 20
161 190 20
161 190 20
161 190 20
161 190 20
161 190 20
161 190 20
161 190 20
161 190 20
161 190 20
161 190 20
161 190 20
161 190 20
161 190 20
161 190 20
161 190 20
161 190 20
161 190 20
161 190 20
161 190 20
161 190 20
161 191 20
161 191 20
161 191 20
161 191 20
161 191 20
161 191 20
161 191 20
161 191 20
161 191 20
161 191 20
161 191 20
161 191 20
161 191 20
161 191 20
161 191 20
161 191 20
161 191 20
161 191 20
161 191 20
161 191 20
161 191 20
161 191 20
161 191 20
161 191 20
161 191 20
161 191 20
161 191 20
161 191 20
161 191 20
161 191 20
161 191 20
161 191 20
161 191 20
161 191 20
161 191 20
161 191 20
161 191 20
160 191 20
160 191 20
160 191 20
160 191 20
160 191 20
160 191 20
160 191 20
160 191 20
160 191 20
160 191 20
160 191 20
160 191 20
160 191 20
160 191 20
160 191 20
160 191 20
160 191 20
160 191 20
160 191 20
160 191 20
160 191 20
160 191 20
160 191 20
160 191 20
160 191 20
160 191 20
160 191 20
160 191 20
160 191 20
160 191 20
160 191 20
160 191 20
160 191 20
160 191 20
160 191 20
160 191 20
160 191 20
160 191 20
160 191 20
160 191 20
160 191 20
160 191 20
160 191 20
160 191 20
160 192 20
160 192 20
160 192 20
160 192 20
160 192 20
160 192 20
160 192 20
160 192 20
160 192 20
160 192 20
160 192 20
160 192 20
160 192 20
160 192 20
160 192 20
160 192 20
160 192 20
160 192 20
160 192 20
160 192 20
160 192 20
160 192 20
160 192 20
160 192 20
160 192 20
160 192 20
160 192 20
160 192 20
160 192 20
160 192 20
160 192 20
160 192 20
160 192 20
160 192 20
160 192 20
160 192 20
160 192 20
160 192 20
159 192 20
159 192 20
159 192 20
159 192 20
159 192 20
159 192 20
159 192 20
159 192 20
159 192 20
159 192 20
159 192 20
159 192 20
159 192 20
159 192 20
159 192 20
159 192 20
159 192 20
159 192 20
159 192 20
159 192 20
159 192 20
159 192 20
159 192 20
159 192 20
159 192 20
159 192 20
159 192 20
159 192 20
159 192 20
159 192 20
159 192 20
159 192 20
159 192 20
159 192 20
159 192 20
159 192 20
159 192 20
159 192 20
159 192 20
159 192 20
159 192 20
159 192 20
159 193 20
159 193 20
159 193 20
159 193 20
159 193 20
159 193 20
159 193 20
159 193 20
159 193 20
159 193 20
159 193 20
159 193 20
159 193 20
159 193 20
159 193 20
159 193 20
159 193 20
159 193 20
159 193 20
159 193 20
159 193 20
159 193 20
159 193 20
159 193 20
159 193 20
159 193 20
159 193 20
159 193 20
159 193 20
159 193 20
159 193 20
159 193 20
159 193 20
158 193 20
158 193 20
158 193 20
158 193 20
158 193 20
158 193 20
158 193 20
158 193 20
158 193 20
158 193 20
158 193 20
158 193 20
158 193 20
158 193 20
158 193 20
158 193 20
158 193 20
158 193 20
158 193 20
158 193 20
158 193 20
158 193 20
158 193 20
158 193 20
158 193 20
158 193 20
158 193 20
158 193 20
158 193 20
158 193 20
158 193 20
158 193 20
158 193 20
158 193 20
158 194 20
158 194 20
158 194 20
158 194 20
158 194 20
158 194 20
158 194 20
158 194 20
158 194 20
158 194 20
158 194 20
158 194 20
158 194 20
158 194 20
158 194 20
158 194 20
158 194 20
158 194 20
158 194 20
158 194 20
158 194 20
158 194 20
158 194 20
158 194 20
158 194 20
158 195 20
158 195 20
158 195 20
158 195 20
158 195 20
158 195 20
158 195 20
158 195 20
158 195 20
158 195 20
158 195 20
158 195 20
158 195 20
158 195 20
158 195 20
158 195 20
158 195 20
158 196 20
158 196 20
158 196 20
158 196 20
158 196 20
158 196 20
158 196 20
158 196 20
158 196 20
158 196 20
158 196 20
158 196 20
156 196 20
156 196 20
156 196 20
156 196 20
156 196 20
156 196 20
156 196 20
156 196 20
156 196 20
155 196 20
155 196 20
155 196 20
155 196 20
155 196 20
155 196 20
155 196 20
154 196 20
154 196 20
154 196 20
154 196 20
154 196 20
154 196 20
153 196 20
153 196 20
153 196 20
153 196 20
153 196 20
152 196 20
152 196 20
152 196 20
152 196 20
151 196 20
151 196 20
151 196 20
150 196 20
150 196 20
149 196 20
149 196 20
148 196 20
148 196 20
147 196 20
145 196 17
144 196 15
143 196 13
142 196 11
142 196 11
141 196 19
140 196 16
139 196 14
138 196 12
137 196 10
137 196 10
136 196 17
135 195 15
135 195 15
135 194 20
135 193 17
135 193 17
135 192 20
135 191 17
135 191 17
135 190 20
135 189 17
135 188 15
135 188 15
135 187 20
135 186 17
134 185 15
133 185 13
133 185 13
132 185 20
131 185 17
131 185 17
130 185 20
130 185 20
129 185 20
129 185 20
128 185 20
128 185 20
127 185 20
127 185 20
127 185 20
126 185 20
126 185 20
126 185 20
126 185 20
126 185 20
125 185 20
125 185 20
125 185 20
125 185 20
125 185 20
125 185 20
125 185 20
125 184 20
125 184 20
125 184 20
125 184 20
125 184 20
124 184 20
124 184 20
124 184 20
124 184 20
124 184 20
124 184 20
124 184 20
124 183 20
124 183 20
124 183 20
124 183 20
124 183 20
124 182 20
124 182 20
124 182 20
124 182 20
124 181 20
124 181 20
124 181 20
124 180 20
124 180 20
124 179 20
124 179 20
124 178 20
124 178 20
124 177 20
124 177 20
124 176 20
124 176 20
124 175 20
124 175 20
123 174 20
123 174 20
122 174 20
122 174 20
121 174 20
121 174 20
120 174 20
120 174 20
119 174 20
119 174 20
118 174 20
118 174 20
117 174 20
117 174 20
116 174 20
116 174 20
115 174 20
115 174 20
114 174 20
114 174 20
113 173 20
113 173 20
113 172 20
113 172 20
113 171 20
113 170 17
113 170 17
113 169 20
113 168 17
113 168 17
113 167 20
113 167 20
113 166 20
113 166 20
113 165 20
113 165 20
113 164 20
113 164 20
112 163 20
112 163 20
111 163 20
110 163 17
110 163 17
109 163 20
108 163 17
107 163 15
107 163 15
106 163 20
105 163 17
105 163 17
105 162 20
105 162 20
104 162 20
104 162 20
104 161 20
104 161 20
104 160 20
104 160 20
103 160 20
103 160 20
103 159 20
103 159 20
102 159 20
102 159 20
102 158 20
102 158 20
102 157 20
102 157 20
102 156 20
102 155 17
102 154 15
102 153 13
102 153 13
101 152 20
100 152 17
99 152 15
99 152 15
98 152 20
98 152 20
97 152 20
97 152 20
96 152 20
96 152 20
96 151 20
96 151 20
95 151 20
95 151 20
95 150 20
95 150 20
94 150 20
94 150 20
93 150 20
93 150 20
93 149 20
93 149 20
93 148 20
93 148 20
93 147 20
93 147 20
92 147 20
92 147 20
91 147 20
91 147 20
90 147 20
90 147 20
90 146 20
89 146 17
89 146 17
89 145 20
89 144 17
89 143 15
89 143 15
89 142 20
89 141 17
89 141 17
88 141 20
87 141 17
86 141 15
85 141 13
84 141 11
84 141 11
83 141 19
82 141 16
81 141 14
79 141 12
79 141 12
78 141 20
77 141 17
76 141 15
76 141 15
75 141 20
74 141 17
74 141 17
73 141 20
73 141 20
72 141 20
72 141 20
71 141 20
71 141 20
70 141 20
70 141 20
68 141 20
68 141 20
68 141 20
67 141 20
67 141 20
67 141 20
66 141 20
66 141 20
66 141 20
66 141 20
65 141 20
65 141 20
65 141 20
65 141 20
64 141 20
64 141 20
64 141 20
64 141 20
64 141 20
63 141 20
63 141 20
63 141 20
63 141 20
63 141 20
63 141 20
62 141 20
62 141 20
62 141 20
62 141 20
62 141 20
62 141 20
62 141 20
61 141 20
61 141 20
61 141 20
61 141 20
61 141 20
61 141 20
61 141 20
61 141 20
61 141 20
60 141 20
60 141 20
60 141 20
60 141 20
60 141 20
60 141 20
60 141 20
60 141 20
60 141 20
60 141 20
59 141 20
59 141 20
59 141 20
59 141 20
59 141 20
59 141 20
59 141 20
59 141 20
59 141 20
59 141 20
59 141 20
59 141 20
57 141 20
57 141 20
57 141 20
57 141 20
57 141 20
57 141 20
57 141 20
57 141 20
57 141 20
57 141 20
57 141 20
57 141 20
57 141 20
57 141 20
57 141 20
56 141 20
56 141 20
56 141 20
56 141 20
56 141 20
56 141 20
56 141 20
56 141 20
56 141 20
56 141 20
56 141 20
56 141 20
56 141 20
56 141 20
56 141 20
56 141 20
55 141 20
55 141 20
55 141 20
55 141 20
55 141 20
55 141 20
55 141 20
55 141 20
55 141 20
55 141 20
55 141 20
55 141 20
55 141 20
55 141 20
55 141 20
55 141 20
55 141 20
54 141 20
54 141 20
54 141 20
54 141 20
54 141 20
54 141 20
54 141 20
54 141 20
54 141 20
54 141 20
54 141 20
54 141 20
54 141 20
54 141 20
54 141 20
54 141 20
54 141 20
53 141 20
53 141 20
53 141 20
53 141 20
53 141 20
53 141 20
53 141 20
53 141 20
53 141 20
53 141 20
53 141 20
53 141 20
53 141 20
53 141 20
53 141 20
53 141 20
53 140 20
53 140 20
53 140 20
53 140 20
53 140 20
53 140 20
53 140 20
53 140 20
53 140 20
53 140 20
53 140 20
53 140 20
53 140 20
53 140 20
53 140 20
53 140 20
53 140 20
52 140 20
52 140 20
52 140 20
52 140 20
52 140 20
52 140 20
52 140 20
52 140 20
52 140 20
52 140 20
52 140 20
52 140 20
52 140 20
52 140 20
52 140 20
52 140 20
51 140 20
51 140 20
51 140 20
51 140 20
51 140 20
51 140 20
51 140 20
51 140 20
51 140 20
51 140 20
51 140 20
51 140 20
51 140 20
51 140 20
51 140 20
50 140 20
50 140 20
50 140 20
50 140 20
50 140 20
50 140 20
50 140 20
50 140 20
50 140 20
50 140 20
50 140 20
50 140 20
50 140 20
50 140 20
50 140 20
49 140 20
49 140 20
49 140 20
49 140 20
49 140 20
49 140 20
49 140 20
49 140 20
49 140 20
49 140 20
49 140 20
49 140 20
49 140 20
49 140 20
49 140 20
48 140 20
48 140 20
48 140 20
48 140 20
48 140 20
48 140 20
48 140 20
48 140 20
48 140 20
48 140 20
48 140 20
48 140 20
48 140 20
48 140 20
48 140 20
56 89 20
56 89 20
24 102 20
24 102 20
24 102 20
24 102 20
25 102 20
25 102 20
25 102 20
25 102 20
26 102 20
26 102 20
26 102 20
26 102 20
26 102 20
27 102 20
27 102 20
27 102 20
27 102 20
27 102 20
27 102 20
28 102 20
28 102 20
28 102 20
28 102 20
28 102 20
28 102 20
28 102 20
28 102 20
29 102 20
29 102 20
29 102 20
29 102 20
29 102 20
29 102 20
29 102 20
29 102 20
29 102 20
30 102 20
30 102 20
30 102 20
30 102 20
30 102 20
30 102 20
30 102 20
30 102 20
30 102 20
30 102 20
31 102 20
31 102 20
31 102 20
31 102 20
31 102 20
31 102 20
31 102 20
31 102 20
31 102 20
31 102 20
31 102 20
31 102 20
32 102 20
32 102 20
32 102 20
32 102 20
32 102 20
32 102 20
32 102 20
32 102 20
32 102 20
32 102 20
32 102 20
32 102 20
33 102 20
33 102 20
33 102 20
33 102 20
33 102 20
33 102 20
33 102 20
33 102 20
33 102 20
33 102 20
33 102 20
33 102 20
33 101 20
33 101 20
33 101 20
33 101 20
33 101 20
33 101 20
33 101 20
33 101 20
33 101 20
34 101 20
34 101 20
34 101 20
34 101 20
34 101 20
34 101 20
34 101 20
34 101 20
34 100 20
34 100 20
34 100 20
34 100 20
34 100 20
34 100 20
34 99 20
34 99 20
34 99 20
34 99 20
34 99 20
34 98 20
34 98 20
34 98 20
34 98 20
34 97 20
34 97 20
34 97 20
34 97 20
34 96 20
34 96 20
34 96 20
34 96 20
34 95 20
34 95 20
34 95 20
34 95 20
34 94 20
34 94 20
34 94 20
34 94 20
34 93 20
34 93 20
34 93 20
34 93 20
34 92 20
34 92 20
34 92 20
34 92 20
34 92 20
35 91 20
35 91 20
35 91 20
35 91 20
35 91 20
36 91 20
36 91 20
36 91 20
36 91 20
37 91 20
37 91 20
37 91 20
38 91 20
38 91 20
39 91 20
39 91 20
40 91 20
41 91 17
42 91 15
43 91 13
43 91 13
44 91 20
46 91 17
47 91 15
151 145 20
152 145 17
152 145 17
153 145 20
154 145 17
154 145 17
155 145 20
156 145 17
156 145 17
157 145 20
157 145 20
158 145 20
158 145 20
159 145 20
159 145 20
160 145 20
160 145 20
160 145 20
162 145 20
162 145 20
162 145 20
162 145 20
162 145 20
162 145 20
163 145 20
163 145 20
163 145 20
163 145 20
163 145 20
163 145 20
163 145 20
163 145 20
163 145 20
164 145 20
164 145 20
164 145 20
164 145 20
164 145 20
164 145 20
164 145 20
164 145 20
164 145 20
164 145 20
164 145 20
164 145 20
164 145 20
165 145 20
165 145 20
165 145 20
165 145 20
165 145 20
165 145 20
165 145 20
165 145 20
165 145 20
165 145 20
165 145 20
165 145 20
165 145 20
165 145 20
165 145 20
165 145 20
165 145 20
165 145 20
165 145 20
165 145 20
166 145 20
166 145 20
166 145 20
166 145 20
166 145 20
166 145 20
166 145 20
166 145 20
166 145 20
166 145 20
166 145 20
166 145 20
166 145 20
166 145 20
166 145 20
166 145 20
166 145 20
166 145 20
166 145 20
166 145 20
166 145 20
166 145 20
166 145 20
166 145 20
166 145 20
166 145 20
166 145 20
166 145 20
167 145 20
167 145 20
167 145 20
167 145 20
167 145 20
167 145 20
167 145 20
167 145 20
167 145 20
167 145 20
167 145 20
167 145 20
167 145 20
167 145 20
167 145 20
167 145 20
167 145 20
167 145 20
167 145 20
167 145 20
167 145 20
167 145 20
167 145 20
167 145 20
167 145 20
167 145 20
167 145 20
167 145 20
167 145 20
167 145 20
167 145 20
167 145 20
167 145 20
167 145 20
167 145 20
167 145 20
168 145 20
168 145 20
168 145 20
168 145 20
168 145 20
168 145 20
168 145 20
168 145 20
168 145 20
168 145 20
168 145 20
168 145 20
168 145 20
168 145 20
168 145 20
168 145 20
168 145 20
168 145 20
168 145 20
168 145 20
168 145 20
168 145 20
168 145 20
168 145 20
168 145 20
168 145 20
168 145 20
168 145 20
168 145 20
168 145 20
168 145 20
168 145 20
168 145 20
168 145 20
168 145 20
168 145 20
168 145 20
168 145 20
168 145 20
168 145 20
168 145 20
168 145 20
168 145 20
169 145 20
169 145 20
169 145 20
169 145 20
169 145 20
169 145 20
169 145 20
169 145 20
169 145 20
169 145 20
169 145 20
169 145 20
169 145 20
169 145 20
169 145 20
169 145 20
169 145 20
169 145 20
169 145 20
169 145 20
169 145 20
169 145 20
169 145 20
169 145 20
169 145 20
169 145 20
169 145 20
169 145 20
169 145 20
169 145 20
169 145 20
169 145 20
169 145 20
169 145 20
169 145 20
169 145 20
169 145 20
169 145 20
169 145 20
169 145 20
169 145 20
169 145 20
169 145 20
169 145 20
169 145 20
169 145 20
169 145 20
169 145 20
170 145 20
170 145 20
170 145 20
170 145 20
170 145 20
170 145 20
170 145 20
170 145 20
170 145 20
170 145 20
170 145 20
170 145 20
170 145 20
170 145 20
170 145 20
170 145 20
170 145 20
170 145 20
170 145 20
170 145 20
170 145 20
170 145 20
170 145 20
170 145 20
170 145 20
170 145 20
170 145 20
170 145 20
170 145 20
170 145 20
170 145 20
170 145 20
170 145 20
170 145 20
170 145 20
170 145 20
170 145 20
170 145 20
170 145 20
170 145 20
170 145 20
170 145 20
170 145 20
170 145 20
170 145 20
170 145 20
170 145 20
170 145 20
170 145 20
170 145 20
171 145 20
171 145 20
171 145 20
171 145 20
171 145 20
171 145 20
171 145 20
171 145 20
171 145 20
171 145 20
171 145 20
171 145 20
171 145 20
171 145 20
171 145 20
171 145 20
171 145 20
171 145 20
171 145 20
171 145 20
171 145 20
171 145 20
171 145 20
171 145 20
171 145 20
171 145 20
171 145 20
171 145 20
171 145 20
171 145 20
171 145 20
171 145 20
171 145 20
171 145 20
171 145 20
171 145 20
171 145 20
171 145 20
171 145 20
171 145 20
171 145 20
171 145 20
171 145 20
171 145 20
171 145 20
171 145 20
171 145 20
172 145 20
172 145 20
172 145 20
172 145 20
172 145 20
172 145 20
172 145 20
172 145 20
172 145 20
172 145 20
172 145 20
172 145 20
172 145 20
172 145 20
172 145 20
172 145 20
172 145 20
172 145 20
172 145 20
172 145 20
172 145 20
172 145 20
173 145 20
173 145 20
173 145 20
173 145 20
173 145 20
173 145 20
173 145 20
173 145 20
173 145 20
173 145 20
173 145 20
173 145 20
173 145 20
173 145 20
173 145 20
173 145 20
173 145 20
173 145 20
173 145 20
173 145 20
173 145 20
173 145 20
173 145 20
173 145 20
173 145 20
173 145 20
173 145 20
173 145 20
173 145 20
173 145 20
173 145 20
173 145 20
173 145 20
173 145 20
173 145 20
174 145 20
174 145 20
174 145 20
174 145 20
174 145 20
174 145 20
174 145 20
174 145 20
174 145 20
174 145 20
174 145 20
174 145 20
174 145 20
174 145 20
174 145 20
174 145 20
174 145 20
174 145 20
174 145 20
174 145 20
174 145 20
174 145 20
174 145 20
174 145 20
174 145 20
174 145 20
174 145 20
174 145 20
175 145 20
175 145 20
175 145 20
175 145 20
175 145 20
175 145 20
175 145 20
175 145 20
175 145 20
175 145 20
175 145 20
175 145 20
175 145 20
175 145 20
175 145 20
175 145 20
175 145 20
175 145 20
175 145 20
175 145 20
175 145 20
176 145 20
176 145 20
176 145 20
176 145 20
176 145 20
176 145 20
176 145 20
176 145 20
176 145 20
176 145 20
176 145 20
176 145 20
176 145 20
176 145 20
176 145 20
176 145 20
177 145 20
177 145 20
177 145 20
177 145 20
177 145 20
177 145 20
177 145 20
177 145 20
177 145 20
177 145 20
177 145 20
177 145 20
177 145 20
178 145 20
178 145 20
178 145 20
178 145 20
178 145 20
178 145 20
178 145 20
178 145 20
178 145 20
178 145 20
179 145 20
179 145 20
179 145 20
179 145 20
179 145 20
179 145 20
179 145 20
179 145 20
180 145 20
180 145 20
180 145 20
180 145 20
180 145 20
180 145 20
180 145 20
180 146 20
180 146 20
180 146 20
180 146 20
180 146 20
180 146 20
180 146 20
180 146 20
180 146 20
180 146 20
180 147 20
180 147 20
180 147 20
180 147 20
180 147 20
180 147 20
180 147 20
180 147 20
180 147 20
180 147 20
180 147 20
180 147 20
180 147 20
180 149 20
180 149 20
180 149 20
180 149 20
180 149 20
180 149 20
180 149 20
180 149 20
180 149 20
180 149 20
180 149 20
180 149 20
180 149 20
180 149 20
180 149 20
180 149 20
180 149 20
180 149 20
180 149 20
180 149 20
180 150 20
180 150 20
180 150 20
180 150 20
180 150 20
180 150 20
180 150 20
180 150 20
180 150 20
180 150 20
180 150 20
180 150 20
180 150 20
180 150 20
180 150 20
180 150 20
180 150 20
180 150 20
180 150 20
180 150 20
180 150 20
180 150 20
180 150 20
180 151 20
180 151 20
180 151 20
180 151 20
180 151 20
180 151 20
180 151 20
180 151 20
180 151 20
180 151 20
180 151 20
180 151 20
180 151 20
180 151 20
180 151 20
180 151 20
180 151 20
180 151 20
180 151 20
180 151 20
180 151 20
180 151 20
180 151 20
180 151 20
180 151 20
180 152 20
180 152 20
180 152 20
180 152 20
180 152 20
180 152 20
180 152 20
180 152 20
180 152 20
180 152 20
180 152 20
180 152 20
180 152 20
180 152 20
180 152 20
180 152 20
180 152 20
180 152 20
180 152 20
180 152 20
180 152 20
180 152 20
180 152 20
180 152 20
180 152 20
180 152 20
180 153 20
180 153 20
180 153 20
180 153 20
180 153 20
180 153 20
180 153 20
180 153 20
180 153 20
180 153 20
180 153 20
180 153 20
180 153 20
180 153 20
180 153 20
180 153 20
180 153 20
180 153 20
180 153 20
180 153 20
180 153 20
180 153 20
180 153 20
180 153 20
180 153 20
180 153 20
180 154 20
180 154 20
180 154 20
180 154 20
180 154 20
180 154 20
180 154 20
180 154 20
180 154 20
180 154 20
180 154 20
180 154 20
180 154 20
180 154 20
180 154 20
180 154 20
180 154 20
180 154 20
180 154 20
180 154 20
180 154 20
180 154 20
180 154 20
180 154 20
180 155 20
180 155 20
180 155 20
180 155 20
180 155 20
180 155 20
180 155 20
180 155 20
180 155 20
180 155 20
180 155 20
180 155 20
180 155 20
180 155 20
180 155 20
180 155 20
180 155 20
180 155 20
180 155 20
180 155 20
180 155 20
180 156 20
180 156 20
180 156 20
180 156 20
180 156 20
180 156 20
180 156 20
180 156 20
180 156 20
180 156 20
180 156 20
180 156 20
180 156 20
180 156 20
180 156 20
180 156 20
180 156 20
180 156 20
180 157 20
180 157 20
180 157 20
180 157 20
180 157 20
180 157 20
180 157 20
180 157 20
180 157 20
180 157 20
180 157 20
180 157 20
180 157 20
180 157 20
180 157 20
180 158 20
180 158 20
180 158 20
180 158 20
180 158 20
180 158 20
180 158 20
180 158 20
180 158 20
180 158 20
180 158 20
180 158 20
180 160 20
180 160 20
180 160 20
180 160 20
180 160 20
180 160 20
180 160 20
180 161 20
180 161 20
180 161 20
180 161 20
180 161 20
180 162 20
180 162 20
180 162 20
180 162 20
180 163 20
180 163 20
180 163 20
180 163 20
180 164 20
180 164 20
180 164 20
180 165 20
180 165 20
180 166 20
180 166 20
180 167 20
180 167 20
180 168 20
180 168 20
180 169 20
180 169 20
168 180 20
168 180 20
136 195 15
134 186 20
123 175 20
123 175 20
112 164 17
112 164 17
101 153 20
194 15 20
193 15 17
193 15 17
192 15 20
191 15 17
191 15 17
190 15 20
189 15 17
189 15 17
188 15 20
187 15 17
187 15 17
186 15 20
186 15 20
185 15 20
185 15 20
183 15 20
183 15 20
182 15 20
182 15 20
181 15 20
181 15 20
180 15 20
180 15 20
179 15 20
179 15 20
178 15 20
178 15 20
177 15 20
177 15 20
176 15 20
176 15 20
175 15 20
175 15 20
174 15 20
174 15 20
172 15 20
172 15 20
171 15 20
171 15 20
170 15 20
170 15 20
169 15 20
169 15 20
168 15 20
168 15 20
167 15 20
167 15 20
166 15 20
166 15 20
166 15 20
165 15 20
165 15 20
165 15 20
164 15 20
164 15 20
164 15 20
164 15 20
163 15 20
163 15 20
163 15 20
163 15 20
163 15 20
162 16 20
162 16 20
162 16 20
162 16 20
162 16 20
162 17 20
162 17 20
162 17 20
162 17 20
162 18 20
162 18 20
162 18 20
162 18 20
162 19 20
162 19 20
162 19 20
162 20 20
162 20 20
162 20 20
162 21 20
162 21 20
162 22 20
162 22 20
162 23 20
162 23 20
162 24 20
162 24 20
162 25 20
162 25 20
161 26 20
161 26 20
160 26 20
160 26 20
159 26 20
159 26 20
158 26 20
158 26 20
157 26 20
157 26 20
156 26 20
156 26 20
156 26 20
155 26 20
155 26 20
155 26 20
155 26 20
154 26 20
154 26 20
154 26 20
154 26 20
154 26 20
153 26 20
153 26 20
153 26 20
153 26 20
153 26 20
153 26 20
152 26 20
152 26 20
152 26 20
152 26 20
152 26 20
152 26 20
152 26 20
152 26 20
152 26 20
152 27 20
152 27 20
152 27 20
152 27 20
152 27 20
152 27 20
151 27 20
151 27 20
151 27 20
151 27 20
151 27 20
151 27 20
151 27 20
151 27 20
151 27 20
151 28 20
151 28 20
151 28 20
151 28 20
151 28 20
151 28 20
151 29 20
151 29 20
151 29 20
151 29 20
151 30 20
151 30 20
151 30 20
151 31 20
151 31 20
151 32 20
151 32 20
151 33 20
151 34 17
151 35 15
151 36 13
151 36 13
150 37 20
149 37 17
148 37 15
147 37 13
147 37 13
146 37 20
145 37 17
144 37 15
143 37 13
142 37 11
142 37 11
141 37 19
139 37 16
138 37 14
137 37 12
136 37 10
136 37 10
135 37 17
134 37 15
133 37 13
132 37 11
131 37 10
130 37 10
130 37 10
128 37 17
127 37 15
126 37 13
125 37 11
125 37 11
124 37 19
123 37 16
123 37 16
122 37 20
121 37 17
121 37 17
120 37 20
120 37 20
119 37 20
119 37 20
117 37 20
117 37 20
117 37 20
116 37 20
116 37 20
116 37 20
116 37 20
115 37 20
115 37 20
115 37 20
115 37 20
115 37 20
115 37 20
115 38 20
115 38 20
115 38 20
115 38 20
115 38 20
114 38 20
114 38 20
114 38 20
114 38 20
114 38 20
114 38 20
114 39 20
114 39 20
114 39 20
114 39 20
114 39 20
113 39 20
113 39 20
113 39 20
113 39 20
113 39 20
113 39 20
113 39 20
112 39 20
112 39 20
112 39 20
112 39 20
112 39 20
112 39 20
112 39 20
112 39 20
112 39 20
111 39 20
111 39 20
111 39 20
111 39 20
111 39 20
111 39 20
111 39 20
111 39 20
111 39 20
111 39 20
111 39 20
111 39 20
110 39 20
110 39 20
110 39 20
110 39 20
110 39 20
110 39 20
110 39 20
110 39 20
110 39 20
110 39 20
110 39 20
110 39 20
110 39 20
110 39 20
110 39 20
109 39 20
109 39 20
109 39 20
109 39 20
109 39 20
109 39 20
109 39 20
109 39 20
109 39 20
109 39 20
109 39 20
109 39 20
109 39 20
109 39 20
109 39 20
109 39 20
109 39 20
109 39 20
108 39 20
108 39 20
108 39 20
108 39 20
108 39 20
108 39 20
108 39 20
108 39 20
108 39 20
108 39 20
108 39 20
108 39 20
108 39 20
108 39 20
108 39 20
108 39 20
108 39 20
108 39 20
108 39 20
108 39 20
108 39 20
108 39 20
107 39 20
107 39 20
107 39 20
107 39 20
107 39 20
107 39 20
107 39 20
107 39 20
107 39 20
107 39 20
107 39 20
107 39 20
107 39 20
107 39 20
107 39 20
107 39 20
107 39 20
107 39 20
107 39 20
107 39 20
107 39 20
107 39 20
107 39 20
107 39 20
107 39 20
107 39 20
106 39 20
106 39 20
106 39 20
106 39 20
106 39 20
106 39 20
106 39 20
106 39 20
106 39 20
106 39 20
106 39 20
106 39 20
106 39 20
106 39 20
106 39 20
106 39 20
106 39 20
106 39 20
106 39 20
106 39 20
106 39 20
106 39 20
106 39 20
106 39 20
106 39 20
106 39 20
106 39 20
106 39 20
105 39 20
105 39 20
105 39 20
105 39 20
105 39 20
105 39 20
105 39 20
105 39 20
105 39 20
105 39 20
105 39 20
105 39 20
105 39 20
105 39 20
105 39 20
105 39 20
105 39 20
105 39 20
105 39 20
105 39 20
105 39 20
105 39 20
105 39 20
105 39 20
105 39 20
105 39 20
105 39 20
105 39 20
105 39 20
105 39 20
104 39 20
104 39 20
104 39 20
104 39 20
104 39 20
104 39 20
104 39 20
104 39 20
104 39 20
104 39 20
104 39 20
104 39 20
104 39 20
104 39 20
104 39 20
104 39 20
104 39 20
104 39 20
104 39 20
104 39 20
104 39 20
104 39 20
104 39 20
104 39 20
104 39 20
104 39 20
104 39 20
104 39 20
104 39 20
104 39 20
104 39 20
104 40 20
104 40 20
104 40 20
104 40 20
104 40 20
104 40 20
104 40 20
104 40 20
104 40 20
104 40 20
104 40 20
104 40 20
104 40 20
104 40 20
104 40 20
104 40 20
104 40 20
104 40 20
104 40 20
104 40 20
104 40 20
104 40 20
104 40 20
104 40 20
104 40 20
104 40 20
104 40 20
104 40 20
104 40 20
104 41 20
104 41 20
104 41 20
104 41 20
104 41 20
104 41 20
104 41 20
104 41 20
104 41 20
104 41 20
104 41 20
104 41 20
104 41 20
104 41 20
104 41 20
104 41 20
104 41 20
104 41 20
104 41 20
104 41 20
104 41 20
104 41 20
104 41 20
104 41 20
104 41 20
104 41 20
104 41 20
104 41 20
104 42 20
104 42 20
104 42 20
104 42 20
104 42 20
104 42 20
104 42 20
104 42 20
104 42 20
104 42 20
104 42 20
104 42 20
104 42 20
104 42 20
104 42 20
104 42 20
104 42 20
104 42 20
104 42 20
104 42 20
104 42 20
104 42 20
104 42 20
104 42 20
104 42 20
104 42 20
104 42 20
104 43 20
104 43 20
104 43 20
104 43 20
104 43 20
104 43 20
104 43 20
104 43 20
104 43 20
104 43 20
104 43 20
104 43 20
104 43 20
104 43 20
104 43 20
104 43 20
104 43 20
104 43 20
104 43 20
104 43 20
104 43 20
104 43 20
104 43 20
104 43 20
104 43 20
104 43 20
104 43 20
104 43 20
104 44 20
104 44 20
104 44 20
104 44 20
104 44 20
104 44 20
104 44 20
104 44 20
104 44 20
104 44 20
104 44 20
104 44 20
104 44 20
104 44 20
104 44 20
104 44 20
104 44 20
104 44 20
104 44 20
104 44 20
104 44 20
104 44 20
104 44 20
104 44 20
104 44 20
104 44 20
104 44 20
104 44 20
104 44 20
78 101 20
77 101 17
77 101 17
76 101 20
76 101 20
75 101 20
75 101 20
74 101 20
74 101 20
74 101 20
73 101 20
73 101 20
73 101 20
72 101 20
72 101 20
72 101 20
72 101 20
71 101 20
71 101 20
71 101 20
71 101 20
71 101 20
70 101 20
70 101 20
70 101 20
70 101 20
70 101 20
70 101 20
69 101 20
69 101 20
69 101 20
69 101 20
69 101 20
69 101 20
69 101 20
67 101 20
67 101 20
67 101 20
67 101 20
67 101 20
67 101 20
67 101 20
67 101 20
67 101 20
66 101 20
66 101 20
66 101 20
66 101 20
66 101 20
66 101 20
66 101 20
66 101 20
66 101 20
66 101 20
66 101 20
65 101 20
65 101 20
65 101 20
65 101 20
65 101 20
65 101 20
65 101 20
65 101 20
65 101 20
65 101 20
65 101 20
65 101 20
64 101 20
64 101 20
64 101 20
64 101 20
64 101 20
64 101 20
64 101 20
64 101 20
64 101 20
64 101 20
64 101 20
64 101 20
64 101 20
64 101 20
63 101 20
63 101 20
63 101 20
63 101 20
63 101 20
63 101 20
63 101 20
63 101 20
63 101 20
63 101 20
63 101 20
63 101 20
63 101 20
63 101 20
63 101 20
63 101 20
62 101 20
62 101 20
62 101 20
62 101 20
62 101 20
62 101 20
62 101 20
62 101 20
62 101 20
62 101 20
62 101 20
62 101 20
62 101 20
62 101 20
62 101 20
62 101 20
62 101 20
62 101 20
62 100 20
62 100 20
62 100 20
62 100 20
62 100 20
62 100 20
62 100 20
62 100 20
62 100 20
62 100 20
62 100 20
62 100 20
62 100 20
62 100 20
62 99 20
62 99 20
62 99 20
62 99 20
62 99 20
62 99 20
62 99 20
62 99 20
62 99 20
62 99 20
62 99 20
62 99 20
62 98 20
62 98 20
62 98 20
62 98 20
62 98 20
62 98 20
62 98 20
62 98 20
62 98 20
62 98 20
62 97 20
62 97 20
62 97 20
62 97 20
62 97 20
62 97 20
62 97 20
62 97 20
62 97 20
61 97 20
61 97 20
61 97 20
61 97 20
61 97 20
61 97 20
61 97 20
61 97 20
61 97 20
60 97 20
60 97 20
60 97 20
60 97 20
60 97 20
60 97 20
60 97 20
60 97 20
59 97 20
59 97 20
59 97 20
59 97 20
59 97 20
59 97 20
59 97 20
58 97 20
58 97 20
58 97 20
58 97 20
58 97 20
58 97 20
57 97 20
57 97 20
57 97 20
57 97 20
57 97 20
56 97 20
56 97 20
56 97 20
56 97 20
56 97 20
55 97 20
55 97 20
55 97 20
55 97 20
54 97 20
54 97 20
54 97 20
53 97 20
53 97 20
53 97 20
52 97 20
52 97 20
51 97 20
51 97 20
50 97 20
50 97 20
49 97 20
49 97 20
54 35 20
54 35 20
55 35 20
55 35 20
55 35 20
56 35 20
56 35 20
56 35 20
57 35 20
57 35 20
57 35 20
58 35 20
58 35 20
58 35 20
59 35 20
59 35 20
59 35 20
60 35 20
60 35 20
60 35 20
61 35 20
61 35 20
61 35 20
61 35 20
62 35 20
62 35 20
62 35 20
62 35 20
63 35 20
63 35 20
63 35 20
63 35 20
65 35 20
65 35 20
65 35 20
65 35 20
66 35 20
66 35 20
66 35 20
66 35 20
66 35 20
67 35 20
67 35 20
67 35 20
67 35 20
67 35 20
67 35 20
68 35 20
68 35 20
68 35 20
68 35 20
68 35 20
68 35 20
68 35 20
69 35 20
69 35 20
69 35 20
69 35 20
69 35 20
69 35 20
69 35 20
69 35 20
69 35 20
70 35 20
70 35 20
70 35 20
70 35 20
70 35 20
70 35 20
70 35 20
70 35 20
70 35 20
70 35 20
70 35 20
71 35 20
71 35 20
71 35 20
71 35 20
71 35 20
71 35 20
71 35 20
71 35 20
71 35 20
71 35 20
71 35 20
71 35 20
72 35 20
72 35 20
72 35 20
72 35 20
72 35 20
72 35 20
72 35 20
72 35 20
72 35 20
72 35 20
72 35 20
72 35 20
72 35 20
72 35 20
73 35 20
73 35 20
73 35 20
73 35 20
73 35 20
73 35 20
73 35 20
73 35 20
73 35 20
73 35 20
73 35 20
73 35 20
73 35 20
73 35 20
74 35 20
74 35 20
74 35 20
74 35 20
74 35 20
74 35 20
74 35 20
74 35 20
74 35 20
74 35 20
74 35 20
74 35 20
74 35 20
74 35 20
74 35 20
76 35 20
76 35 20
76 35 20
76 35 20
76 35 20
76 35 20
76 35 20
76 35 20
76 35 20
76 35 20
76 35 20
76 35 20
76 35 20
77 35 20
77 35 20
77 35 20
77 35 20
77 35 20
77 35 20
77 35 20
77 35 20
77 35 20
77 35 20
77 35 20
77 35 20
78 35 20
78 35 20
78 35 20
78 35 20
78 35 20
78 35 20
78 35 20
78 35 20
78 35 20
78 35 20
78 35 20
79 35 20
79 35 20
79 35 20
79 35 20
79 35 20
79 35 20
79 35 20
79 35 20
79 35 20
79 35 20
80 35 20
80 35 20
80 35 20
80 35 20
80 35 20
80 35 20
80 35 20
80 35 20
80 35 20
81 35 20
81 35 20
81 35 20
81 35 20
81 35 20
81 35 20
81 35 20
81 35 20
82 35 20
82 35 20
82 35 20
82 35 20
82 35 20
82 35 20
82 35 20
82 35 20
83 35 20
83 35 20
83 35 20
83 35 20
83 35 20
83 35 20
83 35 20
83 35 20
84 35 20
84 35 20
84 35 20
84 35 20
84 35 20
84 35 20
84 35 20
84 35 20
85 35 20
85 35 20
85 35 20
85 35 20
85 35 20
85 35 20
85 35 20
85 35 20
87 35 20
87 35 20
87 35 20
87 35 20
87 35 20
87 35 20
87 35 20
87 35 20
88 35 20
88 35 20
88 35 20
88 35 20
88 35 20
88 35 20
88 35 20
88 35 20
88 35 20
89 35 20
89 35 20
89 35 20
89 35 20
89 35 20
89 35 20
89 35 20
89 35 20
89 35 20
89 35 20
90 35 20
90 35 20
90 35 20
90 35 20
90 35 20
90 35 20
90 35 20
90 35 20
90 35 20
90 35 20
90 35 20
91 35 20
91 35 20
91 35 20
91 35 20
91 35 20
91 35 20
91 35 20
91 35 20
91 35 20
91 35 20
91 35 20
91 35 20
91 35 20
92 35 20
92 35 20
92 35 20
92 35 20
92 35 20
92 35 20
92 35 20
92 35 20
92 35 20
92 35 20
92 35 20
92 35 20
92 35 20
92 35 20
93 35 20
93 35 20
93 35 20
93 35 20
93 35 20
93 35 20
93 35 20
93 35 20
93 35 20
93 35 20
93 35 20
93 35 20
93 35 20
93 35 20
93 35 20
93 35 20
94 35 20
94 35 20
94 35 20
94 35 20
94 35 20
94 35 20
94 35 20
94 35 20
94 35 20
94 35 20
94 35 20
94 35 20
94 35 20
94 35 20
94 35 20
94 35 20
94 35 20
94 35 20
95 35 20
95 35 20
95 35 20
95 35 20
95 35 20
95 35 20
95 35 20
95 35 20
95 35 20
95 35 20
95 35 20
95 35 20
95 35 20
95 35 20
95 35 20
95 35 20
95 35 20
95 35 20
95 35 20
96 35 20
96 35 20
96 35 20
96 35 20
96 35 20
96 35 20
96 35 20
96 35 20
96 35 20
96 35 20
96 35 20
96 35 20
96 35 20
96 35 20
96 35 20
96 35 20
96 35 20
96 35 20
96 35 20
96 35 20
96 35 20
97 35 20
97 35 20
97 35 20
98 35 20
98 35 20
98 35 20
98 35 20
98 35 20
98 35 20
98 35 20
98 35 20
98 35 20
98 35 20
98 35 20
98 35 20
98 35 20
98 35 20
98 35 20
98 35 20
98 35 20
98 35 20
98 35 20
98 35 20
98 35 20
98 35 20
98 35 20
98 35 20
98 35 20
98 35 20
98 36 20
98 36 20
98 36 20
98 36 20
98 36 20
98 36 20
98 36 20
98 36 20
98 36 20
98 36 20
98 36 20
98 36 20
98 36 20
98 36 20
98 36 20
98 36 20
98 36 20
98 36 20
98 36 20
98 36 20
98 36 20
98 36 20
98 36 20
98 36 20
99 36 20
99 36 20
99 36 20
99 36 20
99 36 20
99 36 20
99 36 20
99 36 20
99 36 20
99 36 20
99 36 20
99 36 20
99 36 20
99 36 20
99 36 20
99 36 20
99 36 20
99 36 20
99 36 20
99 36 20
99 36 20
99 36 20
99 36 20
99 36 20
99 36 20
99 36 20
99 36 20
100 36 20
100 36 20
100 36 20
100 36 20
100 36 20
100 36 20
100 36 20
100 36 20
100 36 20
100 36 20
100 36 20
100 36 20
100 36 20
100 36 20
100 36 20
100 36 20
100 36 20
100 36 20
100 36 20
100 36 20
100 36 20
100 36 20
100 36 20
100 36 20
100 36 20
100 36 20
100 36 20
100 36 20
100 36 20
100 36 20
101 36 20
101 36 20
101 36 20
101 36 20
101 36 20
101 36 20
101 36 20
101 36 20
101 36 20
101 36 20
101 36 20
101 36 20
101 36 20
101 36 20
101 36 20
101 36 20
101 36 20
101 36 20
101 36 20
101 36 20
101 36 20
101 36 20
101 36 20
101 36 20
101 36 20
101 36 20
101 36 20
101 36 20
101 36 20
101 36 20
101 36 20
101 36 20
101 36 20
101 36 20
102 36 20
102 36 20
102 36 20
102 36 20
102 36 20
102 36 20
102 36 20
102 36 20
102 36 20
102 36 20
102 36 20
102 36 20
102 36 20
102 36 20
102 36 20
102 36 20
102 36 20
102 36 20
102 36 20
102 36 20
102 36 20
102 36 20
102 36 20
102 36 20
102 36 20
102 36 20
102 36 20
102 36 20
102 36 20
102 36 20
102 36 20
102 36 20
102 36 20
102 36 20
102 36 20
102 36 20
102 36 20
102 36 20
103 36 20
103 36 20
103 36 20
103 36 20
103 36 20
103 36 20
103 36 20
103 36 20
103 36 20
103 36 20
103 36 20
103 36 20
103 36 20
103 36 20
103 36 20
103 36 20
103 36 20
103 36 20
103 36 20
103 36 20
103 36 20
103 36 20
103 36 20
103 36 20
103 36 20
103 36 20
103 36 20
103 36 20
103 36 20
103 36 20
103 36 20
103 36 20
103 36 20
103 36 20
103 36 20
103 36 20
103 36 20
103 36 20
103 36 20
103 36 20
103 36 20
104 36 20
104 36 20
104 36 20
104 36 20
104 36 20
104 36 20
104 36 20
104 36 20
104 36 20
104 36 20
104 36 20
104 36 20
104 36 20
104 36 20
104 36 20
104 36 20
104 36 20
104 36 20
104 36 20
104 36 20
104 36 20
104 36 20
104 36 20
104 36 20
104 36 20
104 36 20
104 36 20
104 36 20
104 36 20
104 36 20
104 36 20
104 36 20
104 36 20
104 36 20
104 36 20
104 36 20
104 36 20
104 36 20
104 36 20
104 36 20
104 36 20
104 36 20
104 36 20
104 36 20
104 37 20
104 37 20
104 37 20
104 37 20
104 37 20
104 37 20
104 37 20
104 37 20
104 37 20
104 37 20
104 37 20
104 37 20
104 37 20
104 37 20
104 37 20
104 37 20
104 37 20
104 37 20
104 37 20
104 37 20
104 37 20
104 37 20
104 37 20
104 37 20
104 37 20
104 37 20
104 37 20
104 37 20
104 37 20
104 37 20
104 37 20
104 37 20
104 37 20
104 37 20
104 37 20
104 37 20
104 37 20
104 37 20
104 38 20
104 38 20
104 38 20
104 38 20
104 38 20
104 38 20
104 38 20
104 38 20
104 38 20
104 38 20
104 38 20
104 38 20
104 38 20
104 38 20
104 38 20
104 38 20
104 38 20
104 38 20
104 38 20
104 38 20
104 38 20
104 38 20
104 38 20
104 38 20
104 38 20
104 38 20
104 38 20
104 38 20
104 38 20
104 38 20
104 38 20
104 38 20
104 38 20
104 38 20
