153 48 20
14 177 20
142 48 20
142 48 20
142 48 20
142 48 20
142 48 20
142 48 20
142 48 20
142 48 20
142 48 20
142 48 20
142 48 20
142 48 20
142 48 20
142 48 20
142 48 20
142 48 20
142 48 20
142 48 20
142 48 20
142 48 20
153 59 20
153 59 20
153 59 20
153 59 20
153 59 20
142 59 20
142 59 20
142 59 20
142 59 20
142 59 20
142 59 20
142 59 20
142 59 20
142 59 20
142 59 20
142 59 20
142 59 20
142 59 20
142 59 20
142 59 20
142 59 20
142 59 20
142 59 20
142 59 20
142 59 20
153 70 20
153 70 20
153 70 20
153 70 20
153 70 20
153 70 20
153 70 20
153 70 20
153 70 20
153 70 20
153 70 20
153 70 20
153 70 20
153 70 20
153 70 20
153 70 20
153 70 20
153 70 20
153 70 20
153 70 20
164 59 20
164 70 20
164 70 20
164 70 20
164 70 20
164 70 20
164 81 20
164 81 20
164 81 20
164 81 20
164 81 20
164 81 20
164 81 20
164 81 20
164 81 20
164 81 20
164 81 20
164 81 20
164 81 20
164 81 20
164 81 20
164 81 20
164 81 20
164 81 20
164 81 20
164 81 20
175 70 20
175 81 20
175 81 20
175 81 20
175 81 20
175 81 20
175 81 20
175 81 20
175 81 20
175 81 20
175 81 20
175 81 20
175 81 20
175 81 20
175 81 20
175 81 20
175 81 20
175 81 20
175 81 20
175 81 20
175 81 20
186 70 20
186 81 20
186 81 20
186 81 20
186 81 20
186 81 20
186 81 20
186 81 20
186 81 20
186 81 20
186 81 20
186 81 20
186 81 20
186 81 20
186 81 20
186 81 20
186 81 20
186 81 20
186 81 20
186 81 20
186 81 20
197 70 20
197 70 20
197 81 20
197 81 20
197 81 20
197 81 20
197 81 20
197 81 20
197 81 20
197 81 20
197 81 20
197 81 20
197 81 20
197 81 20
197 81 20
197 81 20
197 81 20
197 92 20
197 92 20
197 92 20
197 92 20
197 92 20
197 92 20
197 92 20
197 103 20
197 114 20
14 166 20
25 166 20
25 166 20
25 155 20
25 155 20
25 155 20
25 155 20
25 155 20
25 155 20
25 155 20
25 155 20
25 155 20
25 155 20
25 155 20
25 155 20
25 155 20
25 155 20
25 155 20
25 144 20
25 144 20
25 144 20
25 144 20
25 144 20
25 144 20
25 144 20
25 144 20
25 144 20
25 144 20
25 144 20
25 144 20
25 144 20
25 144 20
25 144 20
25 144 20
25 144 20
25 144 20
25 144 20
25 144 20
36 155 20
36 155 20
36 155 20
36 155 20
36 155 20
36 155 20
36 155 20
36 155 20
36 144 20
36 133 20
47 133 20
47 122 20
14 176 20
14 175 17
14 174 15
14 173 13
14 172 11
14 171 10
14 170 10
14 169 10
14 168 10
14 167 10
15 166 10
16 166 10
16 166 10
17 166 17
18 166 15
19 166 13
19 166 13
20 166 20
21 166 17
21 166 17
22 166 20
22 166 20
23 166 20
23 166 20
24 166 20
24 166 20
25 165 20
25 165 20
25 165 20
25 164 20
25 164 20
25 164 20
25 163 20
25 163 20
25 163 20
25 162 20
25 162 20
25 162 20
25 162 20
25 161 20
25 161 20
25 161 20
25 161 20
25 161 20
25 160 20
25 160 20
25 160 20
25 160 20
25 160 20
25 160 20
25 160 20
25 159 20
25 159 20
25 159 20
25 159 20
25 159 20
25 159 20
25 159 20
25 159 20
25 158 20
25 158 20
25 158 20
25 158 20
25 158 20
25 158 20
25 158 20
25 158 20
25 158 20
25 158 20
25 157 20
25 157 20
25 157 20
25 157 20
25 157 20
25 157 20
25 157 20
25 157 20
25 157 20
25 157 20
25 157 20
25 157 20
25 156 20
25 156 20
25 156 20
25 156 20
25 156 20
25 156 20
25 156 20
25 156 20
25 156 20
25 156 20
25 156 20
25 156 20
25 156 20
25 156 20
26 156 20
26 156 20
26 156 20
26 156 20
26 156 20
26 156 20
26 156 20
26 156 20
26 156 20
26 156 20
26 156 20
26 155 20
26 155 20
26 155 20
26 155 20
26 155 20
26 155 20
26 155 20
26 155 20
26 155 20
26 155 20
26 155 20
26 155 20
26 155 20
27 155 20
27 155 20
27 155 20
27 155 20
27 155 20
27 155 20
27 155 20
27 155 20
27 155 20
27 155 20
27 155 20
28 155 20
28 155 20
28 155 20
28 155 20
28 155 20
28 155 20
28 155 20
28 155 20
28 155 20
28 155 20
29 155 20
29 155 20
29 155 20
29 155 20
29 155 20
29 155 20
29 155 20
29 155 20
29 155 20
30 155 20
30 155 20
30 155 20
30 155 20
30 155 20
30 155 20
30 155 20
30 155 20
30 155 20
31 155 20
31 155 20
31 155 20
31 155 20
31 155 20
31 155 20
31 155 20
31 155 20
32 155 20
32 155 20
32 155 20
32 155 20
32 155 20
32 155 20
32 155 20
32 155 20
33 155 20
33 155 20
33 155 20
33 155 20
33 155 20
33 155 20
33 155 20
33 155 20
33 155 20
34 155 20
34 155 20
34 155 20
34 155 20
34 155 20
34 155 20
34 155 20
34 155 20
34 155 20
35 155 20
35 155 20
35 155 20
35 155 20
35 155 20
35 155 20
35 155 20
35 155 20
35 155 20
36 154 20
36 154 20
36 154 20
36 154 20
36 154 20
36 154 20
36 154 20
36 154 20
36 154 20
36 153 20
36 153 20
36 153 20
36 153 20
36 153 20
36 153 20
36 153 20
36 153 20
36 153 20
36 152 20
36 152 20
36 152 20
36 152 20
36 152 20
36 152 20
36 152 20
36 152 20
36 152 20
36 151 20
36 151 20
36 151 20
36 151 20
36 151 20
36 151 20
36 151 20
36 151 20
36 150 20
36 150 20
36 150 20
36 150 20
36 150 20
36 150 20
36 149 20
36 149 20
36 149 20
36 149 20
36 148 20
36 148 20
36 148 20
36 147 20
36 147 20
36 146 20
36 146 20
36 145 20
36 145 20
36 143 20
36 142 17
36 141 15
36 140 13
36 139 11
36 138 10
36 138 10
36 137 17
36 136 15
36 135 13
36 134 11
37 133 10
38 133 10
39 133 10
40 133 10
41 133 10
42 133 10
43 133 10
44 133 10
45 133 10
46 133 10
47 132 10
47 131 10
47 130 10
47 129 10
47 128 10
47 127 10
47 126 10
47 125 10
47 124 10
47 123 10
47 121 10
48 121 10
48 120 10
49 120 10
49 119 10
50 119 10
50 118 10
51 118 10
51 117 10
52 117 10
52 116 10
53 116 10
53 115 10
53 114 10
153 49 20
153 50 17
153 51 15
153 52 13
153 52 13
153 53 20
153 54 17
153 54 17
153 55 20
153 55 20
153 56 20
153 56 20
153 57 20
153 57 20
153 57 20
153 58 20
153 58 20
153 58 20
153 58 20
154 59 20
154 59 20
154 59 20
154 59 20
154 59 20
155 59 20
155 59 20
155 59 20
155 59 20
156 59 20
156 59 20
156 59 20
157 59 20
157 59 20
158 59 20
158 59 20
159 59 20
160 59 17
161 59 15
162 59 13
163 59 11
164 60 10
164 61 10
164 62 10
164 62 10
164 63 17
164 64 15
164 65 13
164 65 13
164 66 20
164 66 20
164 67 20
164 67 20
164 68 20
164 68 20
164 68 20
164 69 20
164 69 20
164 69 20
164 69 20
165 70 20
165 70 20
165 70 20
166 70 20
166 70 20
167 70 20
167 70 20
168 70 20
169 70 17
170 70 15
171 70 13
172 70 11
172 70 11
173 70 19
174 70 16
176 70 14
177 70 12
178 70 10
178 70 10
179 70 17
180 70 15
181 70 13
182 70 11
183 70 10
183 70 10
184 70 17
185 70 15
187 70 13
187 70 13
188 70 20
188 70 20
189 70 20
189 70 20
190 70 20
190 70 20
190 70 20
191 70 20
191 70 20
191 70 20
192 70 20
192 70 20
192 70 20
193 70 20
193 70 20
193 70 20
194 70 20
194 70 20
195 70 20
195 70 20
196 70 20
196 70 20
197 71 20
197 71 20
197 72 20
197 72 20
197 73 20
197 73 20
197 74 20
197 74 20
197 75 20
197 75 20
197 75 20
197 76 20
197 76 20
197 76 20
197 76 20
197 77 20
197 77 20
197 77 20
197 77 20
197 77 20
197 78 20
197 78 20
197 78 20
197 78 20
197 78 20
197 78 20
197 79 20
197 79 20
197 79 20
197 79 20
197 79 20
197 79 20
197 79 20
197 79 20
197 80 20
197 80 20
197 80 20
197 80 20
197 80 20
197 80 20
197 80 20
197 80 20
197 80 20
197 80 20
197 80 20
197 82 20
197 82 20
197 82 20
197 82 20
197 82 20
197 82 20
197 82 20
197 82 20
197 82 20
197 82 20
197 82 20
197 82 20
197 82 20
197 82 20
197 82 20
197 82 20
197 82 20
197 82 20
197 82 20
197 83 20
197 83 20
197 83 20
197 83 20
197 83 20
197 83 20
197 83 20
197 83 20
197 83 20
197 83 20
197 83 20
197 83 20
197 83 20
197 83 20
197 83 20
197 83 20
197 83 20
197 83 20
197 83 20
197 83 20
197 83 20
197 83 20
197 83 20
197 83 20
197 84 20
197 84 20
197 84 20
197 84 20
197 84 20
197 84 20
197 84 20
197 84 20
197 84 20
197 84 20
197 84 20
197 84 20
197 84 20
197 84 20
197 84 20
197 84 20
197 84 20
197 84 20
197 84 20
197 84 20
197 84 20
197 84 20
197 84 20
197 84 20
197 84 20
197 84 20
197 85 20
197 85 20
197 85 20
197 85 20
197 85 20
197 85 20
197 85 20
197 85 20
197 85 20
197 85 20
197 85 20
197 85 20
197 85 20
197 85 20
197 85 20
197 85 20
197 85 20
197 85 20
197 85 20
197 85 20
197 85 20
197 85 20
197 85 20
197 85 20
197 85 20
197 85 20
197 86 20
197 86 20
197 86 20
197 86 20
197 86 20
197 86 20
197 86 20
197 86 20
197 86 20
197 86 20
197 86 20
197 86 20
197 86 20
197 86 20
197 86 20
197 86 20
197 86 20
197 86 20
197 86 20
197 86 20
197 86 20
197 86 20
197 86 20
197 87 20
197 87 20
197 87 20
197 87 20
197 87 20
197 87 20
197 87 20
197 87 20
197 87 20
197 87 20
197 87 20
197 87 20
197 87 20
197 87 20
197 87 20
197 87 20
197 87 20
197 87 20
197 87 20
197 87 20
197 88 20
197 88 20
197 88 20
197 88 20
197 88 20
197 88 20
197 88 20
197 88 20
197 88 20
197 88 20
197 88 20
197 88 20
197 88 20
197 88 20
197 88 20
197 88 20
197 89 20
197 89 20
197 89 20
197 89 20
197 89 20
197 89 20
197 89 20
197 89 20
197 89 20
197 89 20
197 89 20
197 89 20
197 89 20
197 90 20
197 90 20
197 90 20
197 90 20
197 90 20
197 90 20
197 90 20
197 90 20
197 90 20
197 90 20
197 91 20
197 91 20
197 91 20
197 91 20
197 91 20
197 91 20
197 91 20
197 91 20
197 91 20
197 93 20
197 93 20
197 93 20
197 93 20
197 93 20
197 93 20
197 94 20
197 94 20
197 94 20
197 94 20
197 94 20
197 94 20
197 95 20
197 95 20
197 95 20
197 95 20
197 95 20
197 96 20
197 96 20
197 96 20
197 96 20
197 96 20
197 97 20
197 97 20
197 97 20
197 97 20
197 98 20
197 98 20
197 98 20
197 99 20
197 99 20
197 99 20
197 100 20
197 100 20
197 101 20
197 101 20
197 102 20
197 104 17
197 105 15
197 106 13
197 107 11
197 107 11
197 108 19
197 109 16
197 110 14
197 111 12
197 112 10
197 113 10
197 115 10
197 116 10
197 117 10
196 117 10
195 117 10
195 118 10
194 118 10
194 119 10
193 119 10
192 119 10
191 119 10
191 120 10
190 120 10
190 121 10
189 121 10
189 122 10
