186 50 60
88 149 60
107 103 60
107 103 60
107 103 60
107 103 60
107 103 60
107 103 60
107 103 60
159 126 60
35 108 60
110 22 60
110 22 60
110 22 60
110 22 60
124 196 60
29 54 60
189 139 60
186 39 60
186 39 60
186 39 60
186 28 60
186 28 60
186 28 60
186 28 60
186 28 60
186 28 60
186 28 60
175 39 60
175 39 60
175 39 60
175 39 60
175 28 60
175 28 60
175 28 60
175 28 60
175 28 60
175 28 60
175 28 60
164 39 60
164 39 60
164 39 60
164 39 60
164 28 60
164 28 60
164 28 60
164 28 60
164 17 60
164 6 60
121 22 60
121 22 60
121 22 60
121 22 60
121 22 60
121 22 60
121 22 60
110 11 60
121 11 60
121 11 60
121 11 60
132 11 60
143 11 60
154 11 60
159 115 60
159 115 60
159 115 60
159 115 60
159 104 60
159 104 60
159 93 60
159 82 60
159 82 60
159 82 60
159 82 60
159 82 60
159 82 60
159 82 60
170 93 60
170 93 60
170 82 60
170 82 60
170 82 60
170 82 60
170 82 60
170 82 60
170 82 60
181 93 60
181 93 60
181 93 60
181 82 60
181 82 60
181 71 60
181 60 60
189 128 60
189 128 60
189 128 60
189 128 60
189 117 60
189 117 60
189 106 60
189 106 60
189 95 60
189 95 60
107 92 60
107 92 60
107 92 60
107 92 60
107 92 60
107 92 60
107 92 60
118 103 60
118 92 60
118 92 60
118 92 60
118 92 60
118 92 60
118 92 60
118 92 60
129 103 60
129 103 60
129 103 60
129 103 60
129 103 60
129 92 60
129 92 60
129 92 60
129 92 60
129 92 60
129 92 60
129 92 60
140 103 60
140 103 60
140 103 60
140 103 60
140 103 60
140 103 60
140 103 60
129 114 60
140 114 60
140 114 60
140 114 60
151 114 60
151 114 60
151 114 60
40 54 60
40 54 60
40 54 60
51 54 60
62 54 60
73 54 60
73 54 60
73 54 60
73 54 60
84 54 60
84 54 60
84 54 60
95 54 60
106 54 60
117 54 60
117 54 60
117 54 60
117 54 60
117 54 60
117 54 60
117 54 60
106 43 60
106 43 60
106 43 60
106 43 60
117 43 60
117 43 60
117 43 60
117 43 60
117 43 60
117 43 60
117 43 60
106 32 60
106 32 60
106 32 60
106 32 60
106 32 60
106 32 60
106 32 60
95 43 60
95 32 60
95 32 60
95 21 60
95 21 60
95 10 60
84 10 60
73 10 60
73 10 60
73 10 60
62 10 60
62 10 60
62 10 60
62 10 60
62 10 60
62 10 60
62 10 60
73 21 60
73 21 60
73 21 60
73 21 60
73 21 60
73 21 60
73 21 60
84 21 60
84 21 60
84 21 60
84 21 60
84 32 60
84 32 60
84 32 60
84 32 60
84 32 60
84 32 60
84 32 60
84 43 60
84 43 60
84 43 60
84 43 60
84 43 60
84 43 60
73 43 60
73 43 60
73 32 60
73 32 60
73 32 60
73 32 60
73 32 60
73 32 60
62 32 60
62 21 60
62 21 60
51 21 60
51 21 60
51 21 60
51 21 60
51 10 60
51 10 60
51 10 60
51 10 60
51 10 60
51 10 60
51 10 60
40 21 60
40 21 60
40 21 60
40 21 60
40 21 60
40 21 60
40 21 60
51 32 60
40 32 60
40 32 60
40 32 60
40 32 60
40 32 60
40 32 60
40 32 60
51 43 60
62 43 60
40 43 60
29 43 60
29 43 60
29 43 60
29 32 60
29 32 60
29 32 60
29 32 60
29 32 60
29 32 60
29 32 60
18 43 60
18 43 60
18 43 60
18 43 60
18 32 60
18 32 60
18 32 60
18 32 60
18 32 60
18 32 60
18 32 60
7 43 60
7 43 60
7 43 60
7 43 60
7 32 60
7 32 60
7 32 60
7 32 60
7 32 60
7 21 60
18 21 60
18 21 60
18 21 60
18 21 60
18 21 60
18 21 60
18 21 60
7 10 60
18 10 60
29 10 60
29 10 60
29 10 60
29 10 60
29 10 60
29 10 60
29 10 60
7 54 60
7 54 60
7 54 60
7 54 60
18 54 60
18 65 60
18 65 60
29 65 60
29 65 60
29 65 60
40 65 60
40 65 60
40 65 60
40 65 60
40 65 60
40 65 60
40 65 60
29 76 60
40 76 60
40 76 60
40 76 60
40 76 60
40 76 60
40 76 60
40 76 60
18 76 60
18 76 60
7 76 60
7 76 60
7 76 60
7 76 60
7 76 60
7 76 60
7 76 60
18 87 60
29 87 60
40 87 60
51 87 60
51 87 60
51 87 60
51 87 60
62 87 60
73 87 60
84 87 60
95 87 60
95 87 60
95 76 60
95 76 60
95 76 60
95 76 60
95 76 60
106 76 60
106 76 60
106 76 60
106 76 60
106 76 60
106 76 60
106 76 60
95 65 60
95 65 60
95 65 60
106 65 60
106 65 60
106 65 60
106 65 60
106 65 60
117 65 60
117 65 60
117 65 60
117 65 60
117 65 60
117 65 60
117 65 60
84 65 60
84 65 60
84 65 60
84 65 60
84 65 60
84 65 60
84 65 60
84 76 60
84 76 60
84 76 60
84 76 60
84 76 60
73 76 60
73 76 60
73 76 60
73 76 60
73 76 60
73 76 60
73 76 60
95 98 60
95 98 60
95 98 60
124 185 60
124 174 60
124 174 60
124 174 60
124 174 60
124 163 60
124 163 60
124 163 60
124 152 60
124 152 60
124 152 60
124 141 60
124 141 60
124 141 60
124 141 60
124 141 60
124 141 60
124 141 60
135 152 60
135 141 60
135 130 60
135 130 60
135 130 60
135 130 60
135 130 60
146 130 60
146 141 60
157 141 60
168 141 60
168 141 60
168 130 60
88 138 60
88 138 60
88 138 60
88 138 60
88 138 60
88 138 60
88 138 60
99 149 60
99 138 60
99 138 60
99 127 60
99 127 60
99 127 60
99 127 60
99 127 60
99 127 60
99 127 60
110 138 60
110 138 60
110 138 60
110 138 60
110 138 60
110 138 60
110 138 60
110 149 60
110 160 60
99 160 60
88 160 60
77 160 60
77 149 60
77 138 60
77 138 60
77 138 60
77 138 60
77 138 60
77 138 60
77 138 60
66 149 60
66 138 60
66 138 60
66 127 60
66 127 60
66 127 60
66 127 60
66 127 60
66 127 60
66 127 60
55 138 60
55 138 60
55 127 60
55 127 60
55 127 60
55 127 60
55 127 60
55 127 60
55 127 60
44 138 60
44 138 60
44 138 60
44 138 60
44 138 60
44 138 60
44 138 60
55 149 60
44 149 60
33 149 60
33 149 60
33 149 60
33 149 60
33 149 60
33 149 60
33 149 60
44 160 60
55 160 60
66 160 60
66 171 60
77 171 60
88 171 60
99 171 60
99 171 60
110 171 60
110 171 60
110 182 60
110 182 60
110 182 60
99 182 60
99 182 60
99 182 60
99 182 60
99 182 60
99 182 60
99 182 60
110 193 60
99 193 60
99 193 60
99 193 60
99 193 60
99 193 60
99 193 60
99 193 60
88 182 60
88 182 60
88 182 60
88 182 60
77 182 60
77 182 60
77 182 60
66 182 60
66 182 60
66 182 60
66 182 60
66 182 60
66 182 60
66 182 60
77 193 60
77 193 60
77 193 60
88 193 60
88 193 60
88 193 60
88 193 60
88 193 60
88 193 60
88 193 60
66 193 60
66 193 60
66 193 60
66 193 60
66 193 60
66 193 60
66 193 60
55 171 60
44 171 60
33 171 60
33 160 60
22 160 60
22 160 60
22 160 60
22 160 60
22 160 60
22 160 60
22 160 60
22 171 60
22 171 60
11 171 60
11 171 60
11 160 60
11 160 60
11 160 60
11 160 60
11 160 60
11 160 60
11 149 60
11 149 60
11 149 60
11 149 60
11 149 60
11 149 60
11 149 60
0 160 60
0 149 60
0 149 60
0 138 60
11 138 60
11 138 60
22 138 60
22 138 60
22 138 60
22 138 60
22 138 60
22 138 60
22 138 60
11 127 60
11 127 60
22 127 60
22 127 60
22 127 60
22 127 60
22 127 60
22 127 60
22 127 60
11 116 60
11 116 60
11 116 60
11 116 60
11 116 60
11 116 60
11 116 60
0 127 60
0 116 60
0 116 60
0 116 60
0 116 60
0 105 60
0 105 60
0 105 60
0 105 60
0 105 60
0 105 60
0 105 60
0 171 60
0 182 60
0 182 60
11 182 60
11 182 60
11 182 60
11 182 60
11 182 60
11 182 60
11 182 60
0 193 60
0 193 60
0 193 60
0 193 60
0 193 60
0 193 60
11 193 60
11 193 60
11 193 60
11 193 60
11 193 60
11 193 60
11 193 60
22 182 60
22 182 60
22 182 60
22 182 60
22 182 60
22 182 60
22 182 60
33 182 60
33 182 60
33 182 60
44 182 60
44 182 60
44 182 60
44 182 60
55 182 60
55 182 60
55 182 60
55 182 60
55 182 60
55 182 60
55 182 60
44 193 60
44 193 60
44 193 60
44 193 60
44 193 60
44 193 60
44 193 60
33 193 60
33 193 60
33 193 60
33 193 60
33 193 60
33 193 60
33 193 60
46 108 60
46 108 60
46 108 60
46 108 60
46 108 60
46 108 60
46 108 60
35 97 60
35 107 61
35 106 51
35 105 43
35 104 36
35 103 30
35 102 25
35 101 21
35 100 18
35 99 15
35 98 13
35 96 11
35 95 10
35 94 10
35 93 10
35 93 10
35 92 17
35 91 15
35 90 13
35 89 11
35 88 10
35 88 10
35 87 17
34 87 15
33 87 13
32 87 11
31 87 10
31 87 10
30 87 17
29 86 15
29 85 13
29 84 11
29 83 10
29 83 10
29 82 17
29 81 15
29 80 13
29 79 11
29 79 11
29 78 19
29 78 19
29 77 32
29 75 27
29 75 27
29 75 27
29 74 67
29 74 67
29 73 111
29 73 111
29 72 150
29 72 150
29 71 150
29 71 150
29 71 150
29 70 150
29 70 150
29 70 150
29 69 150
29 69 150
29 69 150
29 68 150
29 68 150
29 68 150
29 67 150
29 67 150
29 66 150
29 66 150
29 64 150
29 63 124
29 62 103
29 61 85
29 60 71
29 59 59
29 58 49
29 58 49
29 57 81
29 56 67
29 55 56
29 53 47
29 52 39
30 52 33
30 52 33
31 52 55
32 52 46
32 51 38
32 51 38
33 51 63
34 51 52
34 50 43
34 50 43
34 49 71
35 49 59
36 49 49
37 49 41
37 49 41
38 49 68
39 49 57
40 49 48
41 49 40
42 49 34
43 49 29
44 49 24
45 49 20
46 49 17
47 49 15
48 49 13
49 49 11
49 49 11
50 49 19
51 49 16
52 49 14
53 49 12
54 49 10
54 49 10
55 49 17
56 49 15
57 49 13
58 49 11
59 49 10
59 49 10
60 49 17
61 49 15
62 49 13
63 49 11
64 49 10
64 49 10
65 49 17
66 49 15
67 49 13
68 49 11
68 49 11
69 49 19
69 49 19
70 49 32
71 49 27
71 49 27
72 49 45
72 49 45
73 49 75
74 49 62
75 49 52
76 49 43
76 49 43
77 49 71
78 49 59
79 49 49
79 49 49
80 49 81
81 49 67
81 49 67
82 49 111
83 49 92
83 49 92
84 49 150
84 49 150
85 49 150
85 49 150
86 49 150
86 49 150
87 49 150
87 49 150
88 49 150
88 49 150
89 49 150
90 49 124
91 49 103
92 49 85
93 49 71
94 49 59
95 49 49
95 48 41
95 48 41
95 47 68
95 46 57
95 45 48
95 44 40
95 42 34
95 42 34
95 41 57
95 40 48
95 39 40
95 39 40
95 38 67
95 37 56
95 37 56
95 36 93
95 35 77
95 35 77
95 34 128
95 33 106
95 31 88
95 31 88
95 30 146
95 29 121
95 29 121
95 28 150
95 28 150
95 27 150
95 27 150
95 26 150
95 26 150
95 25 150
95 25 150
95 24 150
95 24 150
95 23 150
95 23 150
95 22 150
95 20 124
95 19 103
95 18 85
95 17 71
95 16 59
95 15 49
95 14 41
95 13 34
95 12 29
95 11 24
96 11 20
97 11 17
98 11 15
99 11 13
100 11 11
101 11 10
101 11 10
102 11 17
103 11 15
104 11 13
105 11 11
106 11 10
106 11 10
107 11 17
108 11 15
109 11 13
109 11 13
111 11 22
111 11 22
111 11 22
112 11 55
112 11 55
113 11 91
114 11 76
114 11 76
115 11 126
116 11 104
116 11 104
117 11 150
118 11 124
119 11 103
119 11 103
120 11 150
122 11 124
122 11 124
123 11 150
123 11 150
124 11 150
124 11 150
125 11 150
126 11 124
127 11 103
128 11 85
129 11 71
130 11 59
131 11 49
133 11 41
134 11 34
135 11 29
136 11 24
137 11 20
138 11 17
139 11 15
140 11 13
141 11 11
142 11 10
144 11 10
145 11 10
146 11 10
147 11 10
148 11 10
149 11 10
150 11 10
151 11 10
152 11 10
153 11 10
155 11 10
156 11 10
157 11 10
158 11 10
159 11 10
160 11 10
161 11 10
162 11 10
163 11 10
163 11 10
164 11 17
164 10 15
164 9 13
164 8 11
164 7 10
164 5 10
164 4 10
164 3 10
164 2 10
165 2 10
166 2 10
167 2 10
168 2 10
168 2 10
169 2 17
170 2 15
171 2 13
172 2 11
173 2 10
173 2 10
174 2 17
175 2 15
176 2 13
176 2 13
89 149 72
90 149 60
90 150 50
90 151 42
90 152 35
91 152 29
92 152 24
93 152 20
94 152 17
95 152 15
95 152 15
96 152 25
97 152 21
98 152 18
99 152 15
100 152 13
101 152 11
101 152 11
102 152 19
103 152 16
104 152 14
105 152 12
106 152 10
106 152 10
107 152 17
108 152 15
109 152 13
109 152 13
110 152 22
111 152 19
111 152 19
112 152 32
112 152 32
113 152 53
114 152 44
114 152 44
115 152 73
116 152 61
117 152 51
117 152 51
118 152 85
119 152 71
120 152 59
120 152 59
121 152 98
122 152 81
122 152 81
123 152 134
125 152 111
125 152 111
126 152 150
126 152 150
127 152 150
128 152 124
128 152 124
129 152 150
130 152 124
131 152 103
132 152 85
133 152 71
134 152 59
135 151 49
135 150 41
135 149 34
135 148 29
135 147 24
135 146 20
135 145 17
135 144 15
135 144 15
135 143 25
135 142 21
135 142 21
136 142 35
136 141 29
137 141 24
138 141 20
139 141 17
140 141 15
141 141 13
142 141 11
143 141 10
143 141 10
144 141 17
145 141 15
146 140 13
146 139 11
146 139 11
146 138 19
146 137 16
146 136 14
146 135 12
146 134 10
146 134 10
146 133 17
146 132 15
146 131 13
147 130 11
148 130 10
148 130 10
149 130 17
150 130 15
151 130 13
152 130 11
153 130 10
153 130 10
154 130 17
155 130 15
156 130 13
156 129 11
156 128 10
156 128 10
156 127 17
156 126 15
157 126 13
158 126 11
159 125 10
159 125 10
159 124 17
159 123 15
159 122 13
159 122 13
159 121 22
159 120 19
159 120 19
159 119 32
159 119 32
159 118 53
159 118 53
159 117 88
159 116 73
159 116 73
159 114 121
159 114 121
159 114 121
159 113 150
159 113 150
159 113 150
159 112 150
159 112 150
159 112 150
159 111 150
159 111 150
159 111 150
159 111 150
159 110 150
159 110 150
159 110 150
159 110 150
159 109 150
159 109 150
159 109 150
159 108 150
159 108 150
159 108 150
159 107 150
159 107 150
159 106 150
159 106 150
159 105 150
159 103 124
159 102 103
159 101 85
159 100 71
159 99 59
159 98 49
159 98 49
159 97 81
159 96 67
159 95 56
159 95 56
159 94 93
160 93 77
161 93 64
162 93 53
163 93 44
164 93 37
165 93 31
165 93 31
166 93 52
167 93 43
168 93 36
168 93 36
169 93 60
171 93 50
171 93 50
172 93 83
172 93 83
173 93 137
173 93 137
174 93 150
174 93 150
175 93 150
175 93 150
176 93 150
176 93 150
177 93 150
177 93 150
178 93 150
178 93 150
179 93 150
179 93 150
180 93 150
180 93 150
181 92 150
181 91 124
181 90 103
181 89 85
181 88 71
181 87 59
181 86 49
181 85 41
181 85 41
181 84 68
181 83 57
181 83 57
181 81 95
181 81 95
181 80 150
181 79 124
181 78 103
181 78 103
181 77 150
181 76 124
181 75 103
181 74 85
181 73 71
181 72 59
181 70 49
181 69 41
181 68 34
181 67 29
181 66 24
181 65 20
181 64 17
181 63 15
181 62 13
181 61 11
181 59 10
181 58 10
181 57 10
182 57 10
182 56 10
183 56 10
183 55 10
184 55 10
184 54 10
184 54 10
185 54 17
185 53 15
186 53 13
186 52 11
186 52 11
186 51 19
186 49 16
186 49 16
186 48 27
186 48 27
186 47 45
186 47 45
186 46 75
186 45 62
186 44 52
186 44 52
186 43 86
186 43 86
186 42 142
186 41 118
186 40 98
186 40 98
185 39 150
185 39 150
184 39 150
184 39 150
183 39 150
183 39 150
182 39 150
182 39 150
181 39 150
181 39 150
180 39 150
180 39 150
180 39 150
179 39 150
179 39 150
179 39 150
178 39 150
178 39 150
177 39 150
177 39 150
176 39 150
176 39 150
174 39 150
174 39 150
173 39 150
173 39 150
172 39 150
172 39 150
171 39 150
171 39 150
170 39 150
170 39 150
169 39 150
169 39 150
168 39 150
168 39 150
167 39 150
167 39 150
166 39 150
166 39 150
165 39 150
165 39 150
164 38 150
164 38 150
164 37 150
164 37 150
164 37 150
164 36 150
164 36 150
164 36 150
164 35 150
164 35 150
164 35 150
164 34 150
164 34 150
164 34 150
164 33 150
164 33 150
164 33 150
164 32 150
164 32 150
164 31 150
164 31 150
164 30 150
164 30 150
164 29 150
164 29 150
164 27 150
164 27 150
164 26 150
164 26 150
164 25 150
164 25 150
164 24 150
164 23 124
164 22 103
164 21 85
164 20 71
164 19 59
164 18 49
164 16 41
164 15 34
164 14 29
164 13 24
164 12 20
124 195 63
124 194 52
124 193 43
124 192 36
124 191 30
124 190 25
124 189 21
124 188 18
124 187 15
124 187 15
124 186 25
124 184 21
124 184 21
124 183 35
124 182 29
124 182 29
124 181 48
124 180 40
124 180 40
124 179 67
124 178 56
124 178 56
124 177 93
124 177 93
124 176 150
124 175 124
124 175 124
124 173 150
124 173 150
124 172 150
124 172 150
124 171 150
124 171 150
124 170 150
124 170 150
124 169 150
124 169 150
124 168 150
124 168 150
124 167 150
124 167 150
124 166 150
124 166 150
124 165 150
124 165 150
124 164 150
124 164 150
124 162 150
124 161 124
124 160 103
124 159 85
124 158 71
125 158 59
126 158 49
127 158 41
127 158 41
128 158 68
128 157 57
129 157 48
129 157 48
129 156 80
129 155 67
129 155 67
129 154 111
129 153 92
129 153 92
134 151 150
160 94 43
160 94 43
180 92 41
180 92 41
180 92 41
180 92 41
185 40 150
165 38 150
165 38 150
165 38 150
108 103 150
108 103 150
109 103 150
109 103 150
110 103 150
110 103 150
111 103 150
112 103 124
113 103 103
114 103 85
115 103 71
116 103 59
117 103 49
119 103 41
120 103 34
120 103 34
121 103 57
122 103 48
123 103 40
123 103 40
124 103 67
125 103 56
125 103 56
126 103 93
127 103 77
127 103 77
127 104 128
128 104 106
128 105 88
129 105 73
129 105 73
129 106 121
129 107 100
129 108 83
129 109 69
129 110 57
129 111 48
129 112 40
129 113 34
130 114 29
130 114 29
131 114 48
132 114 40
133 114 34
133 114 34
134 114 57
135 114 48
135 114 48
136 114 80
136 114 80
137 114 133
138 114 110
138 114 110
139 114 150
139 114 150
141 114 150
141 114 150
142 114 150
143 114 124
144 114 103
145 114 85
146 114 71
146 114 71
147 114 118
148 114 98
149 114 81
149 114 81
150 114 134
150 114 134
152 114 150
152 114 150
152 113 150
152 113 150
153 113 150
153 113 150
153 112 150
153 112 150
153 111 150
153 111 150
154 111 150
154 111 150
155 111 150
155 111 150
156 111 150
156 111 150
156 111 150
157 111 150
157 111 150
157 111 150
158 111 150
158 111 150
158 111 150
189 138 95
189 137 79
189 136 66
189 136 66
189 135 109
189 134 90
189 133 75
189 133 75
189 132 124
189 131 103
189 131 103
189 130 150
189 130 150
189 129 150
189 129 150
189 127 150
189 127 150
189 126 150
189 126 150
189 126 150
189 125 150
189 125 150
189 125 150
189 124 150
189 124 150
189 124 150
189 123 150
189 123 150
189 123 150
189 122 150
189 122 150
189 122 150
189 121 150
189 121 150
189 120 150
189 120 150
189 119 150
189 119 150
189 118 150
189 116 124
189 115 103
189 114 85
189 113 71
189 112 59
189 111 49
189 110 41
189 110 41
189 109 68
189 108 57
189 108 57
189 107 95
189 105 79
189 105 79
189 104 131
189 104 131
189 103 150
189 103 150
189 102 150
189 102 150
189 101 150
189 101 150
189 100 150
189 100 150
189 99 150
189 98 124
189 98 124
188 98 150
187 98 124
187 98 124
187 97 150
187 96 124
187 95 103
187 94 85
187 93 71
187 92 59
186 92 49
186 92 49
185 92 81
184 92 67
183 92 56
183 92 56
182 92 93
110 21 150
110 20 124
110 19 103
110 18 85
110 17 71
111 17 59
112 17 49
112 17 49
112 16 81
112 15 67
112 14 56
112 13 47
112 13 47
112 12 78
