188 118 20
177 118 20
177 118 20
177 118 20
177 118 20
177 118 20
166 118 20
166 118 20
166 118 20
166 118 20
166 118 20
166 118 20
166 118 20
166 118 20
166 118 20
166 118 20
166 118 20
166 118 20
166 118 20
166 118 20
166 118 20
166 118 20
166 118 20
166 118 20
166 118 20
166 118 20
177 129 20
166 129 20
166 129 20
166 129 20
166 129 20
166 129 20
166 129 20
166 129 20
166 129 20
166 129 20
166 129 20
166 129 20
166 129 20
166 129 20
166 129 20
166 129 20
166 129 20
166 129 20
166 129 20
166 129 20
166 129 20
177 140 20
166 140 20
155 140 20
155 140 20
155 140 20
155 140 20
155 140 20
155 140 20
155 140 20
155 140 20
155 140 20
155 140 20
155 140 20
155 140 20
155 140 20
155 140 20
155 140 20
155 140 20
155 140 20
144 140 20
144 140 20
144 140 20
144 140 20
144 140 20
144 140 20
144 140 20
144 140 20
144 140 20
144 140 20
144 140 20
144 140 20
144 140 20
144 140 20
144 140 20
144 140 20
144 140 20
144 140 20
144 140 20
144 140 20
155 151 20
155 151 20
155 151 20
155 151 20
155 151 20
155 151 20
155 151 20
155 151 20
155 151 20
155 151 20
155 151 20
155 151 20
155 151 20
155 151 20
155 151 20
155 151 20
155 151 20
155 151 20
155 151 20
155 151 20
155 129 20
155 129 20
155 129 20
155 129 20
155 129 20
155 129 20
155 129 20
155 129 20
144 129 20
144 129 20
144 129 20
144 129 20
144 129 20
144 129 20
133 129 20
133 129 20
133 129 20
133 129 20
133 129 20
133 129 20
133 129 20
133 129 20
133 129 20
133 129 20
133 129 20
133 129 20
133 129 20
133 129 20
133 129 20
133 129 20
133 129 20
133 129 20
133 129 20
133 129 20
144 118 20
144 118 20
144 118 20
144 118 20
144 118 20
144 118 20
144 118 20
144 118 20
144 118 20
144 118 20
144 118 20
144 118 20
144 118 20
144 118 20
144 118 20
144 118 20
144 118 20
144 118 20
144 118 20
144 118 20
155 118 20
155 118 20
155 118 20
155 118 20
155 118 20
155 118 20
155 118 20
155 118 20
155 118 20
155 118 20
155 118 20
155 118 20
155 118 20
155 118 20
155 118 20
155 118 20
155 118 20
155 118 20
155 118 20
155 118 20
166 151 20
166 151 20
166 151 20
166 151 20
166 151 20
166 151 20
166 151 20
166 151 20
166 151 20
166 151 20
166 151 20
166 151 20
166 151 20
166 151 20
166 151 20
166 151 20
166 151 20
166 151 20
166 151 20
166 151 20
177 151 20
177 162 20
177 162 20
177 162 20
177 162 20
177 162 20
177 162 20
177 162 20
177 162 20
177 162 20
177 162 20
177 162 20
166 162 20
166 162 20
166 162 20
166 162 20
166 162 20
166 162 20
166 162 20
166 162 20
166 162 20
166 162 20
166 162 20
166 162 20
166 162 20
166 162 20
166 162 20
166 162 20
166 162 20
166 162 20
166 162 20
166 162 20
177 173 20
177 173 20
177 173 20
177 173 20
177 173 20
177 173 20
177 173 20
177 173 20
177 173 20
177 173 20
177 173 20
177 173 20
177 173 20
177 173 20
177 173 20
177 173 20
177 173 20
177 173 20
177 173 20
177 173 20
188 162 20
188 151 20
188 140 20
188 140 20
188 140 20
188 140 20
188 140 20
188 140 20
188 140 20
188 140 20
188 140 20
188 140 20
188 140 20
188 140 20
188 129 20
199 129 20
199 129 20
199 129 20
199 129 20
199 129 20
199 129 20
199 129 20
199 129 20
199 129 20
199 129 20
199 129 20
199 129 20
199 129 20
199 129 20
199 129 20
199 129 20
199 129 20
199 129 20
199 129 20
199 129 20
199 140 20
199 140 20
199 140 20
199 140 20
199 140 20
199 140 20
199 140 20
199 140 20
199 140 20
199 140 20
199 140 20
199 140 20
199 140 20
199 140 20
199 140 20
199 140 20
199 140 20
199 140 20
199 140 20
199 140 20
199 151 20
199 151 20
199 151 20
199 151 20
199 151 20
199 151 20
199 151 20
199 151 20
199 151 20
199 151 20
199 151 20
199 151 20
199 151 20
199 151 20
199 151 20
199 151 20
199 151 20
199 151 20
199 151 20
199 151 20
188 173 20
188 173 20
188 173 20
188 173 20
188 173 20
188 173 20
188 173 20
188 173 20
188 173 20
188 173 20
188 173 20
188 173 20
188 173 20
188 173 20
188 173 20
188 173 20
188 173 20
188 173 20
188 173 20
188 173 20
199 162 20
199 162 20
199 162 20
199 162 20
199 162 20
199 162 20
199 162 20
199 162 20
199 162 20
199 173 20
199 173 20
199 173 20
199 173 20
199 173 20
199 173 20
199 173 20
199 173 20
199 173 20
199 173 20
199 173 20
199 173 20
199 173 20
199 173 20
199 173 20
199 173 20
199 173 20
199 173 20
199 173 20
199 184 20
199 184 20
199 184 20
188 184 20
188 184 20
188 184 20
188 184 20
188 184 20
188 184 20
188 184 20
188 184 20
188 184 20
188 184 20
188 184 20
188 184 20
188 184 20
188 184 20
188 184 20
188 184 20
188 184 20
188 184 20
188 184 20
188 184 20
199 195 20
199 195 20
199 195 20
199 195 20
199 195 20
199 195 20
199 195 20
188 195 20
188 195 20
188 195 20
188 195 20
188 195 20
188 195 20
188 195 20
188 195 20
188 195 20
188 195 20
188 195 20
188 195 20
188 195 20
188 195 20
188 195 20
188 195 20
188 195 20
188 195 20
188 195 20
188 195 20
177 107 20
177 107 20
177 107 20
177 107 20
177 107 20
166 107 20
166 107 20
166 107 20
155 107 20
155 107 20
144 107 20
144 107 20
144 107 20
144 107 20
144 107 20
144 107 20
144 107 20
144 107 20
144 107 20
144 107 20
144 107 20
144 107 20
144 107 20
144 107 20
144 107 20
144 107 20
144 107 20
144 107 20
144 107 20
144 107 20
155 96 20
144 96 20
144 96 20
133 96 20
133 96 20
133 96 20
133 96 20
133 96 20
133 96 20
133 96 20
133 96 20
133 96 20
133 96 20
133 96 20
133 96 20
133 96 20
133 96 20
133 96 20
133 96 20
133 96 20
133 96 20
133 96 20
133 96 20
144 85 20
133 85 20
133 85 20
133 85 20
133 85 20
133 85 20
133 85 20
133 85 20
133 85 20
122 85 20
122 85 20
122 85 20
111 85 20
111 85 20
111 85 20
111 85 20
111 85 20
111 85 20
111 85 20
111 85 20
111 85 20
111 85 20
111 85 20
111 85 20
111 85 20
111 85 20
111 85 20
111 85 20
111 85 20
111 85 20
111 85 20
111 85 20
122 96 20
122 96 20
122 96 20
122 96 20
122 96 20
122 96 20
122 96 20
122 96 20
122 96 20
122 96 20
122 96 20
122 96 20
122 96 20
122 96 20
122 96 20
122 96 20
122 96 20
122 96 20
122 96 20
122 96 20
122 74 20
122 74 20
122 74 20
122 74 20
122 74 20
122 74 20
122 74 20
122 74 20
122 74 20
122 74 20
122 74 20
111 74 20
111 74 20
111 74 20
111 74 20
111 74 20
111 74 20
111 74 20
111 74 20
111 74 20
111 74 20
111 74 20
111 74 20
111 74 20
111 74 20
111 74 20
111 74 20
111 74 20
111 74 20
111 74 20
111 74 20
122 63 20
122 63 20
122 63 20
122 63 20
122 63 20
122 63 20
122 63 20
122 63 20
122 63 20
122 63 20
122 63 20
122 63 20
122 63 20
122 63 20
122 63 20
122 63 20
122 63 20
122 63 20
122 63 20
122 63 20
133 74 20
133 74 20
133 74 20
133 74 20
133 74 20
133 74 20
133 74 20
133 74 20
133 74 20
133 74 20
133 74 20
133 74 20
133 74 20
133 74 20
133 74 20
133 74 20
133 74 20
133 74 20
133 74 20
133 74 20
144 74 20
144 74 20
144 74 20
144 74 20
144 74 20
144 74 20
144 74 20
144 74 20
144 74 20
144 74 20
144 74 20
144 74 20
144 74 20
144 74 20
144 74 20
144 74 20
144 74 20
144 74 20
144 74 20
144 74 20
155 85 20
155 74 20
155 63 20
144 63 20
144 63 20
144 63 20
144 63 20
144 63 20
144 63 20
144 63 20
144 63 20
144 63 20
144 63 20
144 63 20
144 63 20
144 63 20
144 63 20
144 63 20
144 63 20
133 63 20
133 63 20
133 63 20
133 63 20
133 63 20
133 63 20
133 63 20
133 63 20
133 63 20
133 63 20
133 63 20
133 63 20
133 63 20
133 63 20
133 63 20
133 63 20
133 63 20
133 63 20
133 63 20
133 63 20
144 52 20
144 52 20
144 52 20
144 52 20
144 52 20
144 52 20
144 52 20
144 52 20
144 52 20
144 52 20
144 52 20
133 52 20
133 52 20
133 52 20
133 52 20
133 52 20
133 52 20
133 52 20
133 52 20
133 52 20
133 52 20
133 52 20
133 52 20
133 52 20
133 52 20
133 52 20
133 52 20
133 52 20
133 52 20
133 52 20
133 52 20
144 41 20
144 41 20
144 41 20
144 41 20
144 41 20
144 41 20
144 41 20
144 41 20
144 41 20
144 41 20
144 41 20
144 41 20
144 41 20
144 41 20
144 41 20
144 41 20
144 41 20
144 41 20
144 41 20
144 41 20
155 52 20
155 41 20
155 41 20
155 30 20
155 30 20
155 30 20
155 30 20
155 30 20
155 30 20
155 30 20
155 30 20
155 30 20
155 30 20
155 30 20
155 30 20
155 30 20
155 30 20
155 30 20
155 30 20
155 30 20
155 30 20
155 30 20
155 30 20
166 41 20
166 41 20
166 41 20
166 41 20
166 41 20
166 41 20
166 41 20
166 41 20
166 41 20
166 41 20
166 41 20
166 41 20
166 41 20
166 41 20
166 41 20
166 41 20
166 41 20
166 41 20
166 41 20
166 41 20
166 52 20
166 52 20
166 52 20
166 52 20
166 63 20
166 63 20
166 63 20
166 74 20
166 74 20
166 74 20
166 74 20
166 74 20
166 74 20
166 74 20
166 74 20
166 74 20
166 85 20
166 96 20
166 96 20
166 96 20
166 96 20
166 96 20
166 96 20
166 96 20
166 96 20
166 96 20
177 96 20
177 96 20
177 96 20
177 96 20
177 96 20
177 96 20
177 96 20
177 96 20
177 96 20
177 96 20
177 96 20
177 96 20
177 96 20
177 96 20
177 96 20
177 96 20
177 96 20
177 96 20
177 96 20
177 96 20
177 85 20
177 85 20
177 85 20
177 85 20
177 85 20
177 85 20
177 85 20
177 85 20
177 85 20
177 85 20
177 85 20
177 85 20
177 85 20
177 85 20
177 85 20
177 85 20
177 85 20
177 85 20
177 85 20
177 85 20
177 74 20
177 74 20
177 74 20
177 74 20
177 74 20
177 74 20
177 74 20
177 74 20
177 74 20
177 74 20
177 74 20
177 74 20
177 74 20
177 74 20
177 74 20
177 74 20
177 74 20
177 74 20
177 74 20
177 74 20
177 63 20
177 63 20
177 63 20
177 63 20
177 63 20
177 63 20
177 63 20
177 63 20
177 63 20
177 63 20
177 63 20
177 63 20
177 63 20
177 63 20
177 63 20
177 63 20
177 63 20
177 63 20
177 63 20
177 63 20
177 52 20
177 52 20
177 52 20
177 52 20
177 52 20
177 52 20
177 52 20
177 52 20
177 52 20
177 52 20
177 52 20
177 41 20
177 41 20
177 41 20
177 41 20
177 41 20
177 41 20
177 41 20
177 41 20
177 41 20
177 41 20
177 41 20
177 41 20
177 41 20
177 41 20
177 41 20
177 41 20
177 41 20
177 41 20
177 41 20
177 41 20
188 52 20
188 52 20
188 52 20
188 52 20
188 63 20
188 74 20
188 74 20
188 74 20
188 85 20
188 85 20
188 85 20
188 85 20
188 85 20
188 85 20
188 85 20
188 85 20
188 85 20
188 85 20
188 85 20
188 85 20
188 85 20
188 85 20
188 85 20
188 85 20
188 85 20
188 85 20
188 85 20
188 85 20
199 74 20
199 74 20
199 74 20
199 74 20
199 74 20
199 74 20
199 74 20
199 74 20
199 74 20
199 74 20
199 74 20
199 74 20
199 74 20
199 74 20
199 74 20
199 74 20
199 74 20
199 74 20
199 74 20
199 74 20
199 63 20
199 52 20
199 52 20
199 52 20
199 52 20
199 52 20
199 52 20
199 52 20
199 52 20
199 52 20
199 52 20
199 52 20
199 52 20
199 52 20
199 52 20
199 41 20
199 41 20
199 41 20
199 41 20
199 41 20
199 41 20
199 41 20
199 41 20
199 41 20
199 41 20
199 41 20
199 41 20
199 41 20
199 41 20
199 41 20
199 41 20
199 41 20
199 41 20
199 41 20
199 41 20
188 41 20
188 41 20
188 41 20
188 41 20
188 41 20
188 41 20
188 41 20
188 41 20
188 41 20
188 41 20
188 41 20
188 41 20
188 41 20
188 41 20
188 41 20
188 41 20
188 41 20
188 41 20
188 41 20
188 41 20
188 107 20
188 96 20
188 96 20
188 96 20
188 96 20
188 96 20
188 96 20
188 96 20
188 96 20
188 96 20
188 96 20
188 96 20
188 96 20
188 96 20
188 96 20
188 96 20
188 96 20
188 96 20
188 96 20
188 96 20
188 96 20
199 107 20
199 107 20
199 107 20
199 107 20
199 118 20
199 118 20
199 96 20
199 96 20
199 96 20
199 96 20
199 96 20
199 96 20
199 96 20
199 96 20
199 96 20
199 96 20
199 96 20
199 96 20
199 96 20
199 96 20
199 96 20
199 96 20
199 96 20
199 96 20
199 96 20
199 96 20
13 161 10
13 161 10
13 161 10
13 161 10
13 161 10
13 161 10
2 172 10
2 172 10
2 172 10
2 172 10
2 172 10
2 172 10
2 150 10
2 150 10
2 150 10
2 150 10
24 161 10
24 161 10
24 161 10
24 161 10
24 161 10
24 161 10
13 172 10
13 172 10
13 172 10
13 172 10
13 172 10
13 172 10
13 150 10
13 150 10
13 150 10
13 150 10
13 150 10
13 150 10
13 172 10
13 172 10
13 172 10
13 172 10
13 172 10
13 172 10
2 183 10
2 183 10
2 183 10
2 183 10
2 183 10
2 183 10
13 150 10
13 150 10
13 150 10
13 150 10
13 150 10
13 150 10
2 139 10
2 139 10
2 139 10
2 139 10
35 161 10
35 161 10
24 172 10
24 172 10
24 172 10
24 172 10
24 172 10
24 172 10
24 150 10
24 150 10
24 150 10
24 150 10
24 150 10
24 150 10
24 172 10
24 172 10
13 183 10
13 183 10
13 183 10
13 183 10
13 183 10
13 183 10
24 150 10
24 150 10
24 150 10
24 150 10
24 150 10
24 150 10
13 139 10
13 139 10
13 139 10
13 139 10
13 139 10
13 139 10
13 183 10
13 183 10
2 194 10
2 194 10
2 194 10
2 194 10
2 194 10
2 194 10
24 150 10
24 150 10
24 150 10
24 150 10
24 150 10
24 150 10
13 139 10
13 139 10
13 139 10
13 139 10
13 139 10
13 139 10
13 139 10
13 139 10
13 139 10
13 139 10
13 139 10
13 139 10
2 128 10
2 128 10
2 128 10
2 128 10
2 128 10
2 128 10
46 161 10
46 161 10
46 161 10
46 161 10
46 161 10
35 172 10
35 172 10
35 172 10
35 172 10
35 172 10
35 150 10
35 150 10
35 150 10
35 150 10
35 150 10
35 150 10
24 183 10
24 183 10
24 183 10
24 183 10
24 183 10
24 183 10
35 150 10
35 150 10
35 150 10
35 150 10
35 150 10
35 150 10
24 139 10
24 139 10
24 139 10
24 139 10
24 139 10
24 139 10
24 183 10
24 183 10
24 183 10
13 194 10
13 194 10
13 194 10
13 194 10
13 194 10
13 194 10
35 150 10
35 150 10
35 150 10
35 150 10
35 150 10
35 150 10
24 139 10
24 139 10
24 139 10
24 139 10
24 139 10
24 139 10
24 139 10
24 139 10
24 139 10
24 139 10
24 139 10
24 139 10
13 128 10
13 128 10
13 128 10
13 128 10
13 128 10
13 128 10
13 194 10
13 194 10
13 194 10
13 194 10
13 194 10
13 194 10
13 194 10
13 194 10
13 194 10
13 194 10
13 194 10
13 194 10
13 194 10
13 194 10
13 194 10
13 194 10
13 194 10
13 194 10
35 150 10
35 150 10
35 150 10
35 150 10
35 150 10
35 150 10
24 139 10
24 139 10
24 139 10
24 139 10
24 139 10
24 139 10
24 139 10
24 139 10
24 139 10
24 139 10
24 139 10
24 139 10
13 128 10
13 128 10
13 128 10
13 128 10
13 128 10
13 128 10
24 139 10
24 139 10
24 139 10
24 139 10
24 139 10
24 139 10
13 128 10
13 128 10
13 128 10
13 128 10
13 128 10
13 128 10
13 128 10
13 128 10
13 128 10
13 128 10
2 117 10
2 117 10
2 117 10
2 117 10
2 117 10
2 117 10
57 161 10
57 161 10
46 172 10
46 172 10
46 150 10
46 150 10
46 150 10
46 150 10
46 150 10
46 150 10
35 183 10
35 183 10
35 183 10
35 183 10
35 183 10
35 183 10
46 150 10
46 150 10
46 150 10
46 150 10
46 150 10
46 150 10
35 139 10
35 139 10
35 139 10
35 139 10
35 139 10
35 139 10
35 183 10
35 183 10
35 183 10
35 183 10
35 183 10
35 183 10
35 183 10
35 183 10
35 183 10
35 183 10
35 183 10
35 183 10
24 194 10
24 194 10
24 194 10
24 194 10
24 194 10
24 194 10
46 150 10
46 150 10
46 150 10
46 150 10
46 150 10
46 150 10
35 139 10
35 139 10
35 139 10
35 139 10
35 139 10
35 139 10
35 139 10
35 139 10
35 139 10
35 139 10
35 139 10
35 139 10
24 128 10
24 128 10
24 128 10
24 128 10
24 128 10
24 128 10
35 183 10
35 183 10
35 183 10
35 183 10
35 183 10
35 183 10
35 183 10
35 183 10
35 183 10
35 183 10
35 183 10
35 183 10
24 194 10
35 183 10
35 183 10
35 183 10
35 183 10
35 183 10
35 183 10
46 150 10
46 150 10
46 150 10
46 150 10
46 150 10
46 150 10
35 139 10
35 139 10
35 139 10
35 139 10
35 139 10
35 139 10
35 139 10
35 139 10
35 139 10
35 139 10
35 139 10
35 139 10
24 128 10
24 128 10
24 128 10
24 128 10
24 128 10
24 128 10
35 139 10
35 139 10
35 139 10
35 139 10
35 139 10
35 139 10
24 128 10
24 128 10
24 128 10
24 128 10
24 128 10
24 128 10
24 128 10
24 128 10
24 128 10
24 128 10
24 128 10
24 128 10
13 117 10
13 117 10
13 117 10
13 117 10
13 117 10
13 117 10
35 183 10
35 183 10
35 183 10
35 183 10
35 183 10
35 183 10
35 183 10
35 183 10
35 183 10
35 183 10
35 183 10
35 183 10
35 183 10
35 183 10
35 183 10
35 183 10
35 183 10
35 183 10
35 183 10
35 183 10
35 183 10
35 183 10
35 183 10
35 183 10
46 150 10
46 150 10
46 150 10
46 150 10
46 150 10
46 150 10
35 139 10
35 139 10
35 139 10
35 139 10
35 139 10
35 139 10
35 139 10
35 139 10
35 139 10
35 139 10
35 139 10
35 139 10
24 128 10
24 128 10
24 128 10
24 128 10
24 128 10
24 128 10
35 139 10
35 139 10
35 139 10
35 139 10
35 139 10
35 139 10
24 128 10
24 128 10
24 128 10
24 128 10
24 128 10
24 128 10
24 128 10
24 128 10
24 128 10
24 128 10
24 128 10
24 128 10
13 117 10
13 117 10
13 117 10
13 117 10
13 117 10
13 117 10
35 139 10
35 139 10
35 139 10
35 139 10
35 139 10
35 139 10
24 128 10
24 128 10
24 128 10
24 128 10
24 128 10
24 128 10
24 128 10
24 128 10
24 128 10
24 128 10
24 128 10
24 128 10
13 117 10
13 117 10
13 117 10
13 117 10
13 117 10
13 117 10
24 128 10
24 128 10
24 128 10
24 128 10
24 128 10
24 128 10
13 117 10
13 117 10
13 117 10
13 117 10
13 117 10
13 117 10
13 117 10
13 117 10
13 117 10
13 117 10
13 117 10
13 117 10
2 106 10
2 106 10
2 106 10
2 106 10
2 106 10
2 106 10
188 119 20
188 120 17
188 121 15
188 122 13
188 123 11
188 123 11
188 124 19
188 125 16
188 126 14
188 127 12
188 127 12
188 128 20
187 129 17
186 129 15
185 129 13
184 129 11
184 129 11
183 129 19
182 129 16
181 129 14
180 129 12
179 129 10
179 129 10
178 129 17
177 130 15
177 131 13
177 132 11
177 133 10
177 133 10
177 134 17
177 135 15
177 136 13
177 137 11
177 138 10
177 139 10
176 140 10
175 140 10
174 140 10
173 140 10
172 140 10
171 140 10
171 140 10
170 140 17
169 140 15
168 140 13
167 140 11
167 140 11
165 140 19
164 140 16
164 140 16
163 140 20
163 140 20
162 140 20
162 140 20
162 140 20
161 140 20
161 140 20
161 140 20
161 140 20
160 140 20
160 140 20
160 140 20
160 140 20
160 140 20
160 140 20
159 140 20
159 140 20
159 140 20
159 140 20
159 140 20
159 140 20
159 140 20
159 140 20
159 140 20
158 140 20
158 140 20
158 140 20
158 140 20
158 140 20
158 140 20
158 140 20
158 140 20
158 140 20
158 140 20
158 140 20
157 140 20
157 140 20
157 140 20
157 140 20
157 140 20
157 140 20
157 140 20
157 140 20
157 140 20
157 140 20
157 140 20
157 140 20
157 140 20
157 140 20
156 140 20
156 140 20
156 140 20
156 140 20
156 140 20
156 140 20
156 140 20
156 140 20
156 140 20
156 140 20
156 140 20
156 140 20
156 140 20
156 140 20
156 140 20
156 140 20
154 140 20
154 140 20
154 140 20
154 140 20
154 140 20
154 140 20
154 140 20
154 140 20
154 140 20
154 140 20
154 140 20
154 140 20
154 140 20
154 140 20
154 140 20
154 140 20
154 140 20
154 140 20
153 140 20
153 140 20
153 140 20
153 140 20
153 140 20
153 140 20
153 140 20
153 140 20
153 140 20
153 140 20
153 140 20
153 140 20
153 140 20
153 140 20
153 140 20
153 140 20
153 140 20
153 140 20
153 140 20
152 140 20
152 140 20
152 140 20
152 140 20
152 140 20
152 140 20
152 140 20
152 140 20
152 140 20
152 140 20
152 140 20
152 140 20
152 140 20
152 140 20
152 140 20
152 140 20
152 140 20
152 140 20
152 140 20
152 140 20
151 140 20
151 140 20
151 140 20
151 140 20
151 140 20
151 140 20
151 140 20
151 140 20
151 140 20
151 140 20
151 140 20
151 140 20
151 140 20
151 140 20
151 140 20
151 140 20
151 140 20
151 140 20
151 140 20
151 140 20
151 140 20
150 140 20
150 140 20
150 140 20
150 140 20
150 140 20
150 140 20
150 140 20
150 140 20
150 140 20
150 140 20
150 140 20
150 140 20
150 140 20
150 140 20
150 140 20
150 140 20
150 140 20
150 140 20
150 140 20
150 140 20
150 140 20
150 140 20
149 140 20
149 140 20
149 140 20
149 140 20
149 140 20
149 140 20
149 140 20
149 140 20
149 140 20
149 140 20
149 140 20
149 140 20
149 140 20
149 140 20
149 140 20
149 140 20
149 140 20
149 140 20
149 140 20
149 140 20
149 140 20
149 140 20
149 140 20
149 140 20
149 141 20
149 141 20
149 141 20
149 141 20
149 141 20
149 141 20
149 141 20
149 141 20
149 141 20
149 141 20
149 141 20
149 141 20
149 141 20
149 141 20
149 141 20
149 141 20
149 141 20
149 141 20
149 141 20
149 141 20
149 141 20
149 141 20
149 141 20
149 141 20
149 141 20
149 141 20
149 141 20
149 141 20
149 141 20
149 141 20
149 141 20
149 141 20
149 141 20
149 141 20
149 141 20
149 141 20
149 141 20
149 141 20
149 141 20
149 141 20
149 142 20
149 142 20
149 142 20
149 142 20
149 142 20
149 142 20
149 142 20
149 142 20
149 142 20
149 142 20
149 142 20
149 142 20
149 142 20
149 142 20
149 142 20
149 142 20
149 142 20
149 142 20
149 142 20
149 142 20
149 142 20
149 142 20
149 142 20
149 142 20
149 142 20
149 142 20
149 142 20
149 142 20
149 142 20
149 142 20
149 142 20
149 142 20
149 142 20
149 142 20
149 142 20
149 142 20
149 142 20
149 142 20
149 142 20
149 142 20
149 142 20
149 142 20
149 142 20
149 142 20
149 142 20
149 142 20
149 142 20
149 142 20
149 142 20
149 142 20
149 142 20
149 142 20
149 142 20
149 142 20
149 142 20
149 142 20
149 142 20
149 142 20
149 142 20
149 143 20
149 143 20
149 143 20
149 143 20
149 143 20
149 143 20
149 143 20
149 143 20
149 143 20
149 143 20
149 143 20
149 143 20
149 143 20
149 143 20
149 143 20
149 143 20
149 143 20
149 143 20
149 143 20
149 143 20
149 143 20
149 143 20
149 143 20
149 143 20
149 143 20
149 143 20
149 143 20
149 143 20
149 143 20
149 143 20
149 143 20
149 143 20
149 143 20
149 143 20
149 143 20
149 143 20
149 143 20
149 143 20
149 143 20
149 143 20
149 143 20
149 143 20
149 143 20
149 143 20
149 143 20
149 143 20
149 143 20
149 143 20
149 143 20
149 143 20
149 143 20
149 143 20
149 143 20
149 143 20
149 143 20
149 143 20
149 143 20
149 143 20
149 143 20
149 143 20
149 143 20
149 143 20
149 143 20
149 143 20
149 143 20
149 143 20
149 143 20
149 143 20
149 143 20
149 143 20
149 143 20
149 143 20
149 143 20
149 143 20
149 143 20
149 143 20
149 143 20
149 143 20
149 144 20
149 144 20
149 144 20
149 144 20
149 144 20
149 144 20
149 144 20
149 144 20
149 144 20
149 144 20
149 144 20
149 144 20
149 144 20
149 144 20
149 144 20
149 144 20
149 144 20
149 144 20
149 144 20
149 144 20
149 144 20
149 144 20
149 144 20
149 144 20
149 144 20
149 144 20
149 144 20
149 144 20
149 144 20
149 144 20
149 144 20
149 144 20
149 144 20
149 144 20
149 144 20
149 144 20
149 144 20
149 144 20
149 144 20
149 144 20
149 144 20
149 144 20
149 144 20
149 144 20
149 144 20
149 144 20
149 144 20
149 144 20
149 144 20
149 144 20
149 144 20
149 144 20
149 144 20
149 144 20
149 144 20
149 144 20
149 144 20
149 144 20
149 144 20
149 144 20
149 144 20
149 144 20
149 144 20
149 144 20
149 144 20
149 144 20
149 144 20
149 144 20
149 144 20
149 144 20
149 144 20
149 144 20
149 144 20
149 144 20
149 144 20
149 144 20
149 144 20
149 144 20
149 144 20
149 144 20
149 144 20
149 144 20
149 144 20
149 144 20
149 144 20
149 144 20
149 144 20
149 144 20
149 144 20
149 144 20
149 144 20
149 144 20
149 144 20
149 144 20
149 145 20
149 145 20
149 145 20
149 145 20
149 145 20
149 145 20
149 145 20
149 145 20
149 145 20
149 145 20
149 145 20
149 145 20
149 145 20
149 145 20
149 145 20
149 145 20
149 145 20
149 145 20
149 145 20
149 145 20
149 145 20
149 145 20
149 145 20
149 145 20
149 145 20
149 145 20
149 145 20
149 145 20
149 145 20
149 145 20
149 145 20
149 145 20
149 145 20
149 145 20
149 145 20
149 145 20
149 145 20
149 145 20
149 145 20
149 145 20
149 145 20
149 145 20
149 145 20
149 145 20
149 145 20
149 145 20
149 145 20
149 145 20
149 145 20
149 145 20
149 145 20
149 145 20
149 145 20
149 145 20
149 145 20
149 145 20
149 145 20
149 145 20
149 145 20
149 145 20
149 145 20
149 145 20
149 145 20
149 145 20
149 145 20
149 145 20
149 145 20
149 145 20
149 145 20
149 145 20
149 145 20
149 145 20
149 145 20
149 145 20
149 145 20
149 145 20
149 145 20
149 145 20
149 145 20
149 145 20
149 145 20
149 145 20
149 145 20
149 145 20
149 145 20
149 145 20
149 145 20
149 145 20
149 145 20
149 145 20
149 145 20
149 145 20
149 145 20
149 145 20
149 145 20
149 145 20
149 145 20
149 145 20
149 145 20
149 145 20
149 145 20
149 145 20
149 145 20
149 145 20
149 145 20
149 146 20
149 146 20
149 146 20
149 146 20
149 146 20
149 146 20
149 146 20
149 146 20
149 146 20
149 146 20
149 146 20
149 146 20
149 146 20
149 146 20
149 146 20
149 146 20
149 146 20
149 146 20
149 146 20
149 146 20
149 146 20
149 146 20
149 146 20
149 146 20
149 146 20
149 146 20
149 146 20
149 146 20
149 146 20
149 146 20
149 146 20
149 146 20
149 146 20
149 146 20
149 146 20
149 146 20
149 146 20
149 146 20
149 146 20
149 146 20
149 146 20
149 146 20
149 146 20
149 146 20
149 146 20
149 146 20
149 146 20
149 146 20
149 146 20
149 146 20
149 146 20
149 146 20
149 146 20
149 146 20
149 146 20
149 146 20
149 146 20
149 146 20
149 146 20
149 146 20
149 146 20
149 146 20
149 146 20
149 146 20
149 146 20
149 146 20
149 146 20
149 146 20
149 146 20
149 146 20
149 146 20
149 146 20
149 146 20
149 146 20
149 146 20
149 146 20
149 146 20
149 146 20
149 146 20
149 146 20
149 146 20
149 146 20
149 146 20
149 146 20
149 146 20
149 146 20
149 146 20
149 146 20
149 146 20
149 146 20
149 146 20
149 146 20
149 146 20
149 146 20
149 146 20
149 146 20
149 146 20
149 146 20
149 146 20
149 146 20
149 146 20
149 146 20
149 146 20
149 146 20
149 146 20
149 146 20
149 146 20
149 146 20
149 146 20
149 146 20
149 146 20
149 146 20
148 146 20
148 146 20
148 146 20
148 146 20
148 146 20
148 146 20
148 146 20
148 146 20
148 146 20
148 146 20
148 146 20
148 146 20
148 146 20
148 146 20
148 146 20
148 146 20
148 146 20
148 146 20
148 146 20
148 146 20
148 146 20
148 146 20
148 146 20
148 146 20
148 146 20
148 146 20
148 146 20
148 146 20
148 146 20
148 146 20
148 146 20
148 146 20
148 146 20
148 146 20
148 146 20
148 146 20
148 146 20
148 146 20
148 146 20
148 146 20
148 146 20
148 146 20
148 146 20
148 146 20
148 146 20
148 146 20
148 146 20
148 146 20
148 146 20
148 146 20
148 146 20
148 146 20
148 146 20
148 146 20
148 146 20
148 146 20
148 146 20
148 146 20
148 146 20
148 146 20
148 146 20
148 146 20
148 146 20
148 146 20
148 146 20
148 146 20
148 146 20
148 146 20
148 146 20
148 146 20
148 146 20
148 146 20
148 146 20
148 146 20
148 146 20
148 146 20
148 146 20
148 146 20
148 146 20
148 146 20
148 146 20
148 146 20
148 146 20
148 146 20
148 146 20
148 146 20
148 146 20
148 146 20
148 146 20
148 146 20
148 146 20
148 146 20
148 146 20
148 146 20
148 146 20
148 146 20
148 146 20
148 146 20
148 146 20
148 146 20
148 146 20
148 147 20
148 147 20
148 147 20
148 147 20
148 147 20
148 147 20
148 147 20
148 147 20
148 147 20
148 147 20
148 147 20
148 147 20
148 147 20
148 147 20
148 147 20
148 147 20
148 147 20
148 147 20
148 147 20
148 147 20
148 147 20
148 147 20
148 147 20
148 147 20
148 147 20
148 147 20
148 147 20
148 147 20
148 147 20
148 147 20
148 147 20
148 147 20
148 147 20
148 147 20
148 147 20
148 147 20
148 147 20
148 147 20
148 147 20
148 147 20
148 147 20
148 147 20
148 147 20
148 147 20
148 147 20
148 147 20
148 147 20
148 147 20
148 147 20
148 147 20
148 147 20
148 147 20
148 147 20
148 147 20
148 147 20
148 147 20
148 147 20
148 147 20
148 147 20
148 147 20
148 147 20
148 147 20
148 147 20
148 147 20
148 147 20
148 147 20
148 147 20
148 147 20
148 147 20
148 147 20
148 147 20
148 147 20
148 147 20
148 147 20
148 147 20
148 147 20
148 147 20
148 147 20
148 147 20
148 147 20
148 147 20
148 147 20
148 147 20
148 147 20
148 147 20
148 147 20
148 147 20
148 147 20
148 147 20
148 147 20
148 147 20
148 147 20
148 147 20
148 147 20
148 147 20
148 147 20
148 147 20
148 147 20
148 147 20
148 147 20
148 147 20
148 147 20
148 147 20
147 147 20
147 147 20
147 147 20
147 147 20
147 147 20
147 147 20
147 147 20
147 147 20
147 147 20
147 147 20
147 147 20
147 147 20
147 147 20
147 147 20
147 147 20
147 147 20
147 147 20
147 147 20
147 147 20
147 147 20
147 147 20
147 147 20
147 147 20
147 147 20
147 147 20
147 147 20
147 147 20
147 147 20
147 147 20
147 147 20
147 147 20
147 147 20
147 147 20
147 147 20
147 147 20
147 147 20
147 147 20
147 147 20
147 147 20
147 147 20
147 147 20
147 147 20
147 147 20
147 147 20
147 147 20
147 147 20
147 147 20
147 147 20
147 147 20
147 147 20
147 147 20
147 147 20
147 147 20
147 147 20
147 147 20
147 147 20
147 147 20
147 147 20
147 147 20
147 147 20
147 147 20
147 147 20
147 147 20
147 147 20
147 147 20
147 147 20
147 147 20
147 147 20
147 147 20
147 147 20
147 147 20
147 147 20
147 147 20
147 147 20
147 147 20
147 147 20
147 147 20
147 147 20
147 147 20
147 147 20
147 147 20
147 147 20
147 147 20
147 147 20
147 147 20
147 147 20
147 147 20
147 148 20
147 148 20
147 148 20
147 148 20
147 148 20
147 148 20
147 148 20
147 148 20
147 148 20
147 148 20
147 148 20
147 148 20
147 148 20
147 148 20
147 148 20
147 148 20
147 148 20
147 148 20
147 148 20
147 148 20
147 148 20
147 148 20
147 148 20
147 148 20
147 148 20
147 148 20
147 148 20
147 148 20
147 148 20
147 148 20
147 148 20
147 148 20
147 148 20
147 148 20
147 148 20
147 148 20
147 148 20
147 148 20
147 148 20
147 148 20
147 148 20
147 148 20
147 148 20
147 148 20
147 148 20
147 148 20
147 148 20
147 148 20
147 148 20
147 148 20
147 148 20
147 148 20
147 148 20
147 148 20
147 148 20
147 148 20
147 148 20
147 148 20
147 148 20
147 148 20
147 148 20
147 148 20
147 148 20
147 148 20
147 148 20
147 148 20
147 148 20
147 148 20
147 148 20
147 148 20
147 148 20
147 148 20
147 148 20
147 148 20
147 148 20
147 148 20
147 148 20
147 148 20
147 148 20
147 148 20
147 148 20
147 148 20
147 148 20
147 148 20
147 148 20
146 148 20
146 148 20
146 148 20
146 148 20
146 148 20
146 148 20
146 148 20
146 148 20
146 148 20
146 148 20
146 148 20
146 148 20
146 148 20
146 148 20
146 148 20
146 148 20
146 148 20
146 148 20
146 148 20
146 148 20
146 148 20
146 148 20
146 148 20
146 148 20
146 148 20
146 148 20
146 148 20
146 148 20
146 148 20
146 148 20
146 148 20
146 148 20
146 148 20
146 148 20
146 148 20
146 148 20
146 148 20
146 148 20
146 148 20
146 148 20
146 148 20
146 148 20
146 148 20
146 148 20
146 148 20
146 148 20
146 148 20
146 148 20
146 148 20
146 148 20
146 148 20
146 148 20
146 148 20
146 148 20
146 148 20
146 148 20
146 148 20
146 148 20
146 148 20
146 148 20
146 148 20
146 148 20
146 148 20
146 148 20
146 148 20
146 148 20
146 148 20
146 148 20
146 149 20
146 149 20
146 149 20
146 149 20
146 149 20
146 149 20
146 149 20
146 149 20
146 149 20
146 149 20
146 149 20
146 149 20
146 149 20
146 149 20
146 149 20
146 149 20
146 149 20
146 149 20
146 149 20
146 149 20
146 149 20
146 149 20
146 149 20
146 149 20
146 149 20
146 149 20
146 149 20
146 149 20
146 149 20
146 149 20
146 149 20
146 149 20
146 149 20
146 149 20
146 149 20
146 149 20
146 149 20
146 149 20
146 149 20
146 149 20
146 149 20
146 149 20
146 149 20
146 149 20
146 149 20
146 149 20
146 149 20
146 149 20
146 149 20
146 149 20
146 149 20
146 149 20
146 149 20
146 149 20
146 149 20
146 149 20
146 149 20
146 149 20
146 149 20
146 149 20
146 149 20
146 149 20
145 149 20
145 149 20
145 149 20
145 149 20
145 149 20
145 149 20
145 149 20
145 149 20
145 149 20
145 149 20
145 149 20
145 149 20
145 149 20
145 149 20
145 149 20
145 149 20
145 149 20
145 149 20
145 149 20
145 149 20
145 149 20
145 149 20
145 149 20
145 149 20
145 149 20
145 149 20
145 149 20
145 149 20
145 149 20
145 149 20
145 149 20
145 149 20
145 149 20
145 149 20
145 149 20
145 149 20
145 149 20
145 149 20
145 149 20
145 149 20
145 149 20
145 149 20
145 149 20
145 149 20
145 149 20
145 149 20
145 149 20
145 150 20
145 150 20
145 150 20
145 150 20
145 150 20
145 150 20
145 150 20
145 150 20
145 150 20
145 150 20
145 150 20
145 150 20
145 150 20
145 150 20
145 150 20
145 150 20
145 150 20
145 150 20
145 150 20
145 150 20
145 150 20
145 150 20
145 150 20
145 150 20
145 150 20
145 150 20
145 150 20
145 150 20
145 150 20
145 150 20
145 150 20
145 150 20
145 150 20
145 150 20
145 150 20
145 150 20
145 150 20
145 150 20
145 150 20
145 150 20
145 150 20
144 150 20
144 150 20
144 150 20
144 150 20
144 150 20
144 150 20
144 150 20
144 150 20
144 150 20
144 150 20
144 150 20
144 150 20
144 150 20
144 150 20
144 150 20
144 150 20
144 150 20
144 150 20
144 150 20
144 150 20
144 150 20
144 150 20
144 150 20
144 150 20
144 150 20
144 150 20
144 150 20
144 150 20
144 150 20
144 150 20
143 150 20
143 150 20
143 150 20
143 150 20
143 150 20
143 150 20
143 150 20
143 150 20
143 150 20
143 150 20
143 150 20
143 150 20
143 150 20
143 150 20
143 150 20
143 150 20
143 150 20
143 150 20
143 150 20
143 150 20
143 150 20
142 150 20
142 150 20
142 150 20
142 150 20
142 150 20
142 150 20
142 150 20
142 150 20
142 150 20
142 150 20
142 150 20
142 150 20
142 150 20
142 150 20
142 150 20
141 150 20
141 150 20
141 150 20
141 150 20
141 150 20
141 150 20
141 150 20
141 150 20
141 150 20
141 150 20
140 150 20
140 150 20
140 150 20
140 150 20
140 150 20
140 150 20
139 150 20
139 150 20
139 150 20
139 150 20
138 150 20
138 150 20
138 150 20
137 150 20
137 150 20
136 150 20
136 150 20
135 150 20
135 150 20
134 150 20
134 150 20
133 150 20
132 150 17
131 150 15
131 150 15
130 150 20
129 150 17
128 150 15
127 150 13
127 150 13
126 150 20
125 150 17
125 150 17
124 150 20
124 150 20
123 150 20
123 150 20
122 150 20
122 150 20
121 150 20
121 150 20
121 150 20
120 150 20
120 150 20
120 150 20
120 150 20
119 150 20
119 150 20
119 150 20
119 150 20
119 150 20
118 150 20
118 150 20
118 150 20
118 150 20
118 150 20
118 150 20
117 150 20
117 150 20
117 150 20
117 150 20
117 150 20
117 150 20
117 150 20
116 150 20
116 150 20
116 150 20
116 150 20
116 150 20
116 150 20
116 150 20
116 150 20
116 150 20
115 150 20
115 150 20
115 150 20
115 150 20
115 150 20
115 150 20
115 150 20
115 150 20
115 150 20
115 150 20
114 150 20
114 150 20
114 150 20
114 150 20
114 150 20
114 150 20
114 150 20
114 150 20
114 150 20
114 150 20
114 150 20
113 150 20
113 150 20
113 150 20
113 150 20
113 150 20
113 150 20
113 150 20
113 150 20
113 150 20
113 150 20
113 150 20
112 150 20
112 150 20
112 150 20
112 150 20
112 150 20
112 150 20
112 150 20
112 150 20
112 150 20
112 150 20
112 150 20
112 150 20
111 150 20
111 150 20
111 150 20
111 150 20
111 150 20
111 150 20
111 150 20
111 150 20
111 150 20
111 150 20
111 150 20
111 150 20
110 150 20
110 150 20
110 150 20
110 150 20
110 150 20
110 150 20
110 150 20
110 150 20
110 150 20
110 150 20
110 150 20
110 150 20
109 150 20
109 150 20
109 150 20
109 150 20
109 150 20
109 150 20
109 150 20
109 150 20
109 150 20
109 150 20
109 150 20
109 150 20
109 150 20
108 150 20
108 150 20
108 150 20
108 150 20
108 150 20
108 150 20
108 150 20
108 150 20
108 150 20
108 150 20
108 150 20
108 150 20
108 150 20
107 150 20
107 150 20
107 150 20
107 150 20
107 150 20
107 150 20
107 150 20
107 150 20
107 150 20
107 150 20
107 150 20
107 150 20
107 150 20
107 150 20
106 150 20
106 150 20
106 150 20
106 150 20
106 150 20
106 150 20
106 150 20
106 150 20
106 150 20
106 150 20
106 150 20
106 150 20
106 150 20
106 150 20
106 150 20
105 150 20
105 150 20
105 150 20
105 150 20
105 150 20
105 150 20
105 150 20
105 150 20
105 150 20
105 150 20
105 150 20
105 150 20
105 150 20
105 150 20
105 150 20
105 150 20
104 150 20
104 150 20
104 150 20
104 150 20
104 150 20
104 150 20
104 150 20
104 150 20
104 150 20
104 150 20
104 150 20
104 150 20
104 150 20
104 150 20
104 150 20
104 150 20
103 150 20
103 150 20
103 150 20
103 150 20
103 150 20
103 150 20
103 150 20
103 150 20
103 150 20
103 150 20
103 150 20
103 150 20
103 150 20
103 150 20
103 150 20
102 150 20
102 150 20
102 150 20
102 150 20
102 150 20
102 150 20
102 150 20
102 150 20
102 150 20
102 150 20
102 150 20
102 150 20
102 150 20
102 150 20
102 150 20
101 150 20
101 150 20
101 150 20
101 150 20
101 150 20
101 150 20
101 150 20
101 150 20
101 150 20
101 150 20
101 150 20
101 150 20
101 150 20
101 150 20
100 150 20
100 150 20
100 150 20
100 150 20
100 150 20
100 150 20
100 150 20
100 150 20
100 150 20
100 150 20
100 150 20
100 150 20
100 150 20
99 150 20
99 150 20
99 150 20
99 150 20
99 150 20
99 150 20
99 150 20
99 150 20
99 150 20
99 150 20
99 150 20
99 150 20
99 150 20
98 150 20
98 150 20
98 150 20
98 150 20
98 150 20
98 150 20
98 150 20
98 150 20
98 150 20
98 150 20
98 150 20
98 150 20
98 150 20
97 150 20
97 150 20
97 150 20
97 150 20
97 150 20
97 150 20
97 150 20
97 150 20
97 150 20
97 150 20
97 150 20
97 150 20
97 150 20
97 150 20
96 150 20
96 150 20
96 150 20
96 150 20
96 150 20
96 150 20
96 150 20
96 150 20
96 150 20
96 150 20
96 150 20
96 150 20
96 150 20
96 150 20
96 150 20
96 150 20
95 150 20
95 150 20
95 150 20
95 150 20
95 150 20
95 150 20
95 150 20
95 150 20
95 150 20
95 150 20
95 150 20
95 150 20
95 150 20
95 150 20
95 150 20
95 150 20
95 150 20
95 150 20
95 150 20
95 150 20
94 150 20
94 150 20
94 150 20
94 150 20
94 150 20
94 150 20
94 150 20
94 150 20
94 150 20
94 150 20
94 150 20
94 150 20
94 150 20
94 150 20
94 150 20
94 150 20
94 150 20
94 150 20
94 150 20
94 150 20
94 150 20
94 150 20
94 150 20
94 150 20
93 150 20
93 150 20
93 150 20
93 150 20
93 150 20
93 150 20
93 150 20
93 150 20
93 150 20
93 150 20
93 150 20
93 150 20
93 150 20
93 150 20
93 150 20
93 150 20
93 150 20
93 150 20
93 150 20
93 150 20
93 150 20
93 150 20
93 150 20
93 150 20
93 150 20
93 150 20
93 150 20
93 150 20
93 150 20
93 150 20
92 150 20
92 150 20
92 150 20
92 150 20
92 150 20
92 150 20
92 150 20
92 150 20
92 150 20
92 150 20
92 150 20
92 150 20
92 150 20
92 150 20
92 150 20
92 150 20
92 150 20
92 150 20
92 150 20
92 150 20
92 150 20
92 150 20
92 150 20
92 150 20
92 150 20
92 150 20
92 150 20
92 150 20
92 150 20
92 150 20
92 150 20
92 150 20
92 150 20
92 150 20
92 150 20
92 150 20
92 150 20
91 150 20
91 150 20
91 150 20
91 150 20
91 150 20
91 150 20
91 150 20
91 150 20
91 150 20
91 150 20
91 150 20
91 150 20
91 150 20
91 150 20
91 150 20
91 150 20
91 150 20
91 150 20
91 150 20
91 150 20
91 150 20
91 150 20
91 150 20
91 150 20
91 150 20
91 150 20
91 150 20
91 150 20
91 150 20
91 150 20
91 150 20
91 150 20
91 150 20
91 150 20
91 150 20
91 150 20
91 150 20
91 150 20
91 150 20
91 150 20
91 150 20
91 150 20
91 150 20
91 150 20
91 150 20
90 150 20
90 150 20
90 150 20
90 150 20
90 150 20
90 150 20
90 150 20
90 150 20
90 150 20
90 150 20
90 150 20
90 150 20
90 150 20
90 150 20
90 150 20
90 150 20
90 150 20
90 150 20
90 150 20
90 150 20
90 150 20
90 150 20
90 150 20
90 150 20
90 150 20
90 150 20
90 150 20
90 150 20
90 150 20
90 150 20
90 150 20
90 150 20
90 150 20
90 150 20
90 150 20
90 150 20
90 150 20
90 150 20
90 150 20
90 150 20
90 150 20
90 150 20
90 150 20
90 150 20
90 150 20
90 150 20
90 150 20
90 150 20
90 150 20
90 150 20
90 150 20
90 150 20
90 150 20
90 150 20
89 150 20
89 150 20
89 150 20
89 150 20
89 150 20
89 150 20
89 150 20
89 150 20
89 150 20
89 150 20
89 150 20
89 150 20
89 150 20
89 150 20
89 150 20
89 150 20
89 150 20
89 150 20
89 150 20
89 150 20
89 150 20
89 150 20
89 150 20
89 150 20
89 150 20
89 150 20
89 150 20
89 150 20
89 150 20
89 150 20
89 150 20
89 150 20
89 150 20
89 150 20
89 150 20
89 150 20
89 150 20
89 150 20
89 150 20
89 150 20
89 150 20
89 150 20
89 150 20
89 150 20
89 150 20
89 150 20
89 150 20
89 150 20
89 150 20
89 150 20
89 150 20
89 150 20
89 150 20
89 150 20
89 150 20
89 150 20
89 150 20
89 150 20
89 150 20
89 150 20
89 150 20
89 150 20
89 150 20
89 150 20
88 150 20
88 150 20
88 150 20
88 150 20
88 150 20
88 150 20
88 150 20
88 150 20
88 150 20
88 150 20
88 150 20
88 150 20
88 150 20
88 150 20
88 150 20
88 150 20
88 150 20
88 150 20
88 150 20
88 150 20
88 150 20
88 150 20
88 150 20
88 150 20
88 150 20
88 150 20
88 150 20
88 150 20
88 150 20
88 150 20
88 150 20
88 150 20
88 150 20
88 150 20
88 150 20
88 150 20
88 150 20
88 150 20
88 150 20
88 150 20
88 150 20
88 150 20
88 150 20
88 150 20
88 150 20
88 150 20
88 150 20
88 150 20
88 150 20
88 150 20
88 150 20
88 150 20
88 150 20
88 150 20
88 150 20
88 150 20
88 150 20
88 150 20
88 150 20
88 150 20
88 150 20
88 150 20
88 150 20
88 150 20
88 150 20
88 150 20
88 150 20
88 150 20
88 150 20
88 150 20
88 150 20
88 150 20
88 150 20
88 150 20
88 150 20
88 150 20
87 150 20
87 150 20
87 150 20
87 150 20
87 150 20
87 150 20
87 150 20
87 150 20
87 150 20
87 150 20
87 150 20
87 150 20
87 150 20
87 150 20
87 150 20
87 150 20
87 150 20
87 150 20
87 150 20
87 150 20
87 150 20
87 150 20
87 150 20
87 150 20
87 150 20
87 150 20
87 150 20
87 150 20
87 150 20
87 150 20
87 150 20
87 150 20
87 150 20
87 150 20
87 150 20
87 150 20
87 150 20
87 150 20
87 150 20
87 150 20
87 150 20
87 150 20
87 150 20
87 150 20
87 150 20
87 150 20
87 150 20
87 150 20
87 150 20
87 150 20
87 150 20
87 150 20
87 150 20
87 150 20
87 150 20
87 150 20
87 150 20
87 150 20
87 150 20
87 150 20
87 150 20
87 150 20
87 150 20
87 150 20
87 150 20
87 150 20
87 150 20
87 150 20
87 150 20
87 150 20
87 150 20
87 150 20
87 150 20
87 150 20
87 150 20
87 150 20
87 150 20
87 150 20
87 150 20
87 150 20
87 150 20
87 150 20
87 150 20
87 150 20
87 150 20
87 150 20
87 150 20
87 150 20
87 150 20
86 150 20
86 150 20
86 150 20
86 150 20
86 150 20
86 150 20
86 150 20
86 150 20
86 150 20
86 150 20
86 150 20
86 150 20
86 150 20
86 150 20
86 150 20
86 150 20
86 150 20
86 150 20
86 150 20
86 150 20
86 150 20
86 150 20
86 150 20
86 150 20
86 150 20
86 150 20
86 150 20
86 150 20
86 150 20
86 150 20
86 150 20
86 150 20
86 150 20
86 150 20
86 150 20
86 150 20
86 150 20
86 150 20
86 150 20
86 150 20
86 150 20
86 150 20
86 150 20
86 150 20
86 150 20
86 150 20
86 150 20
86 150 20
86 150 20
86 150 20
86 150 20
86 150 20
86 150 20
86 150 20
86 150 20
86 150 20
86 150 20
86 150 20
86 150 20
86 150 20
86 150 20
86 150 20
86 150 20
86 150 20
86 150 20
86 150 20
86 150 20
86 150 20
86 150 20
86 150 20
86 150 20
86 150 20
86 150 20
86 150 20
86 150 20
86 150 20
86 150 20
86 150 20
86 150 20
86 150 20
86 150 20
86 150 20
86 150 20
86 150 20
86 150 20
86 150 20
86 150 20
86 150 20
86 150 20
86 150 20
86 150 20
86 150 20
86 150 20
86 150 20
86 150 20
86 150 20
86 150 20
86 150 20
86 150 20
86 150 20
86 150 20
86 150 20
85 150 20
85 150 20
85 150 20
85 150 20
85 150 20
85 150 20
85 150 20
85 150 20
85 150 20
85 150 20
85 150 20
85 150 20
85 150 20
85 150 20
85 150 20
85 150 20
85 150 20
85 150 20
85 150 20
85 150 20
85 150 20
85 150 20
85 150 20
85 150 20
85 150 20
85 150 20
85 150 20
85 150 20
85 150 20
85 150 20
85 150 20
85 150 20
85 150 20
85 150 20
85 150 20
85 150 20
85 150 20
85 150 20
85 150 20
85 150 20
85 150 20
85 150 20
85 150 20
85 150 20
85 150 20
85 150 20
85 150 20
85 150 20
85 150 20
85 150 20
85 150 20
85 150 20
85 150 20
85 150 20
85 150 20
85 150 20
85 150 20
85 150 20
85 150 20
85 150 20
85 150 20
85 150 20
85 150 20
85 150 20
85 150 20
85 150 20
85 150 20
85 150 20
85 150 20
85 150 20
85 150 20
85 150 20
85 150 20
85 150 20
85 150 20
85 150 20
85 150 20
85 150 20
85 150 20
85 150 20
85 150 20
85 150 20
85 150 20
85 150 20
85 150 20
85 150 20
85 150 20
85 150 20
85 150 20
85 150 20
85 150 20
85 150 20
85 150 20
85 150 20
85 150 20
85 150 20
85 150 20
85 150 20
85 150 20
85 150 20
85 150 20
85 150 20
85 150 20
85 150 20
85 150 20
85 150 20
85 150 20
85 150 20
85 150 20
85 150 20
85 150 20
85 150 20
85 150 20
85 150 20
85 150 20
84 150 20
84 150 20
84 150 20
84 150 20
84 150 20
84 150 20
84 150 20
84 150 20
84 150 20
84 150 20
84 150 20
84 150 20
84 150 20
84 150 20
84 150 20
84 150 20
84 150 20
84 150 20
84 150 20
84 150 20
84 150 20
84 150 20
84 150 20
84 150 20
84 150 20
84 150 20
84 150 20
84 150 20
84 150 20
84 150 20
84 150 20
84 150 20
84 150 20
84 150 20
84 150 20
84 150 20
84 150 20
84 150 20
84 150 20
84 150 20
84 150 20
84 150 20
84 150 20
84 150 20
84 150 20
84 150 20
84 150 20
84 150 20
84 150 20
84 150 20
84 150 20
84 150 20
84 150 20
84 150 20
84 150 20
84 150 20
84 150 20
84 150 20
84 150 20
84 150 20
84 150 20
84 150 20
84 150 20
84 150 20
84 150 20
84 150 20
84 150 20
84 150 20
84 150 20
84 150 20
84 150 20
84 150 20
84 150 20
84 150 20
84 150 20
84 150 20
84 150 20
84 150 20
84 150 20
84 150 20
84 150 20
84 150 20
84 150 20
84 150 20
84 150 20
84 150 20
84 150 20
84 150 20
84 150 20
84 150 20
84 150 20
84 150 20
84 150 20
84 150 20
84 150 20
84 150 20
84 150 20
84 150 20
84 150 20
84 150 20
84 150 20
84 150 20
84 150 20
84 150 20
84 150 20
84 150 20
84 150 20
84 150 20
84 150 20
84 150 20
84 150 20
84 150 20
84 150 20
84 150 20
84 150 20
84 150 20
84 150 20
84 150 20
84 150 20
84 150 20
84 150 20
84 150 20
84 150 20
84 150 20
84 150 20
84 150 20
83 150 20
83 150 20
83 150 20
83 150 20
83 150 20
83 150 20
83 150 20
83 150 20
83 150 20
83 150 20
83 150 20
83 150 20
83 150 20
83 150 20
83 150 20
83 150 20
83 150 20
83 150 20
83 150 20
83 150 20
83 150 20
83 150 20
83 150 20
83 150 20
83 150 20
83 150 20
83 150 20
83 150 20
83 150 20
83 150 20
83 150 20
83 150 20
83 150 20
83 150 20
83 150 20
83 150 20
83 150 20
83 150 20
83 150 20
83 150 20
83 150 20
83 150 20
83 150 20
83 150 20
83 150 20
83 150 20
83 150 20
83 150 20
83 150 20
83 150 20
83 150 20
83 150 20
83 150 20
83 150 20
83 150 20
83 150 20
83 150 20
83 150 20
83 150 20
83 150 20
83 150 20
83 150 20
83 150 20
83 150 20
83 150 20
83 150 20
83 150 20
83 150 20
83 150 20
83 150 20
83 150 20
83 150 20
83 150 20
83 150 20
83 150 20
83 150 20
83 150 20
83 150 20
83 150 20
83 150 20
83 150 20
83 150 20
83 150 20
83 150 20
83 150 20
83 150 20
83 150 20
83 150 20
83 150 20
83 150 20
83 150 20
83 150 20
83 150 20
83 150 20
83 150 20
83 150 20
83 150 20
83 150 20
83 150 20
83 150 20
83 150 20
83 150 20
83 150 20
83 150 20
83 150 20
83 150 20
83 150 20
83 150 20
83 150 20
83 150 20
83 150 20
83 150 20
83 150 20
83 150 20
83 150 20
83 150 20
83 150 20
83 150 20
83 150 20
83 150 20
83 150 20
83 150 20
83 150 20
83 150 20
83 150 20
83 150 20
83 150 20
83 150 20
83 150 20
83 150 20
83 150 20
83 150 20
83 150 20
83 150 20
83 150 20
83 150 20
82 150 20
82 150 20
82 150 20
82 150 20
82 150 20
82 150 20
82 150 20
82 150 20
82 150 20
82 150 20
82 150 20
82 150 20
82 150 20
82 150 20
82 150 20
82 150 20
82 150 20
82 150 20
82 150 20
82 150 20
82 150 20
82 150 20
82 150 20
82 150 20
82 150 20
82 150 20
82 150 20
82 150 20
82 150 20
82 150 20
82 150 20
82 150 20
82 150 20
82 150 20
82 150 20
82 150 20
82 150 20
82 150 20
82 150 20
82 150 20
82 150 20
82 150 20
82 150 20
82 150 20
82 150 20
82 150 20
82 150 20
82 150 20
82 150 20
82 150 20
82 150 20
82 150 20
82 150 20
82 150 20
82 150 20
82 150 20
82 150 20
82 150 20
82 150 20
82 150 20
82 150 20
82 150 20
82 150 20
82 150 20
82 150 20
82 150 20
82 150 20
82 150 20
82 150 20
82 150 20
82 150 20
82 150 20
82 150 20
82 150 20
82 150 20
82 150 20
82 150 20
82 150 20
82 150 20
82 150 20
82 150 20
82 150 20
82 150 20
82 150 20
82 150 20
82 150 20
82 150 20
82 150 20
82 150 20
82 150 20
82 150 20
82 150 20
82 150 20
82 150 20
82 150 20
82 150 20
82 150 20
82 150 20
82 150 20
82 150 20
82 150 20
82 150 20
82 150 20
82 150 20
82 150 20
82 150 20
82 150 20
82 150 20
82 150 20
82 150 20
82 150 20
82 150 20
82 150 20
82 150 20
82 150 20
82 150 20
82 150 20
82 150 20
82 150 20
82 150 20
82 150 20
82 150 20
82 150 20
82 150 20
82 150 20
82 150 20
82 150 20
82 150 20
82 150 20
82 150 20
82 150 20
82 150 20
82 150 20
82 150 20
82 150 20
82 150 20
82 150 20
82 150 20
82 150 20
82 150 20
82 150 20
82 150 20
82 150 20
82 150 20
82 150 20
81 150 20
81 150 20
81 150 20
81 150 20
81 150 20
81 150 20
81 150 20
81 150 20
81 150 20
81 150 20
81 150 20
81 150 20
81 150 20
81 150 20
81 150 20
81 150 20
81 150 20
81 150 20
81 150 20
81 150 20
81 150 20
81 150 20
81 150 20
81 150 20
81 150 20
81 150 20
81 150 20
81 150 20
81 150 20
81 150 20
81 150 20
81 150 20
81 150 20
81 150 20
81 150 20
81 150 20
81 150 20
81 150 20
81 150 20
81 150 20
81 150 20
81 150 20
81 150 20
81 150 20
81 150 20
81 150 20
81 150 20
81 150 20
81 150 20
81 150 20
81 150 20
81 150 20
81 150 20
81 150 20
81 150 20
81 150 20
81 150 20
81 150 20
81 150 20
81 150 20
81 150 20
81 150 20
81 150 20
81 150 20
81 150 20
81 150 20
81 150 20
81 150 20
81 150 20
81 150 20
81 150 20
81 150 20
81 150 20
81 150 20
81 150 20
81 150 20
81 150 20
81 150 20
81 150 20
81 150 20
81 150 20
81 150 20
81 150 20
81 150 20
81 150 20
81 150 20
81 150 20
81 150 20
81 150 20
81 150 20
81 150 20
81 150 20
81 150 20
81 150 20
81 150 20
81 150 20
81 150 20
81 150 20
81 150 20
81 150 20
81 150 20
81 150 20
81 150 20
81 150 20
81 150 20
81 150 20
81 150 20
81 150 20
81 150 20
81 150 20
81 150 20
81 150 20
81 150 20
81 150 20
81 150 20
81 150 20
81 150 20
81 150 20
81 150 20
81 150 20
81 150 20
81 150 20
81 150 20
81 150 20
81 150 20
81 150 20
81 150 20
81 150 20
81 150 20
81 150 20
81 150 20
81 150 20
81 150 20
81 150 20
81 150 20
81 150 20
81 150 20
81 150 20
81 150 20
81 150 20
81 150 20
81 150 20
81 150 20
81 150 20
81 150 20
81 150 20
81 150 20
81 150 20
81 150 20
81 150 20
81 150 20
81 150 20
80 150 20
80 150 20
80 150 20
80 150 20
80 150 20
80 150 20
80 150 20
80 150 20
80 150 20
80 150 20
80 150 20
80 150 20
80 150 20
80 150 20
80 150 20
80 150 20
80 150 20
80 150 20
80 150 20
80 150 20
80 150 20
80 150 20
80 150 20
80 150 20
80 150 20
80 150 20
80 150 20
80 150 20
80 150 20
80 150 20
80 150 20
80 150 20
80 150 20
80 150 20
80 150 20
80 150 20
80 150 20
80 150 20
80 150 20
80 150 20
80 150 20
80 150 20
80 150 20
80 150 20
80 150 20
80 150 20
80 150 20
80 150 20
80 150 20
80 150 20
80 150 20
80 150 20
80 150 20
80 150 20
80 150 20
80 150 20
80 150 20
80 150 20
80 150 20
80 150 20
80 150 20
80 150 20
80 150 20
80 150 20
80 150 20
80 150 20
80 150 20
80 150 20
80 150 20
80 150 20
80 150 20
80 150 20
80 150 20
80 150 20
80 150 20
80 150 20
80 150 20
80 150 20
80 150 20
80 150 20
80 150 20
80 150 20
80 150 20
80 150 20
80 150 20
80 150 20
80 150 20
80 150 20
80 150 20
80 150 20
80 150 20
80 150 20
80 150 20
80 150 20
80 150 20
80 150 20
80 150 20
80 150 20
80 150 20
80 150 20
80 150 20
80 150 20
80 150 20
80 150 20
80 150 20
80 150 20
80 150 20
80 150 20
80 150 20
80 150 20
80 150 20
80 150 20
80 150 20
80 150 20
80 150 20
80 150 20
80 150 20
80 150 20
80 150 20
80 150 20
80 150 20
80 150 20
80 150 20
80 150 20
80 150 20
80 150 20
80 150 20
80 150 20
80 150 20
80 150 20
80 150 20
80 150 20
80 150 20
80 150 20
80 150 20
80 150 20
80 150 20
80 150 20
80 150 20
80 150 20
80 150 20
80 150 20
80 150 20
80 150 20
80 150 20
80 150 20
80 150 20
80 150 20
80 150 20
80 150 20
80 150 20
80 150 20
80 150 20
80 150 20
80 150 20
80 150 20
80 150 20
80 150 20
79 150 20
79 150 20
79 150 20
79 150 20
79 150 20
79 150 20
79 150 20
79 150 20
79 150 20
79 150 20
79 150 20
79 150 20
79 150 20
79 150 20
79 150 20
79 150 20
79 150 20
79 150 20
79 150 20
79 150 20
79 150 20
79 150 20
79 150 20
79 150 20
79 150 20
79 150 20
79 150 20
79 150 20
79 150 20
79 150 20
79 150 20
79 150 20
79 150 20
79 150 20
79 150 20
79 150 20
79 150 20
79 150 20
79 150 20
79 150 20
79 150 20
79 150 20
79 150 20
79 150 20
79 150 20
79 150 20
79 150 20
79 150 20
79 150 20
79 150 20
79 150 20
79 150 20
79 150 20
79 150 20
79 150 20
79 150 20
79 150 20
79 150 20
79 150 20
79 150 20
79 150 20
79 150 20
79 150 20
79 150 20
79 150 20
79 150 20
79 150 20
79 150 20
79 150 20
79 150 20
79 150 20
79 150 20
79 150 20
79 150 20
79 150 20
79 150 20
79 150 20
79 150 20
79 150 20
79 150 20
79 150 20
79 150 20
79 150 20
79 150 20
79 150 20
79 150 20
79 150 20
79 150 20
79 150 20
79 150 20
79 150 20
79 150 20
79 150 20
79 150 20
79 150 20
79 150 20
79 150 20
79 150 20
79 150 20
79 150 20
79 150 20
79 150 20
79 150 20
79 150 20
79 150 20
79 150 20
79 150 20
79 150 20
79 150 20
79 150 20
79 150 20
79 150 20
79 150 20
79 150 20
79 150 20
79 150 20
79 150 20
79 150 20
79 150 20
79 150 20
79 150 20
79 150 20
79 150 20
79 150 20
79 150 20
79 150 20
79 150 20
79 150 20
79 150 20
79 150 20
79 150 20
79 150 20
79 150 20
79 150 20
79 150 20
79 150 20
79 150 20
79 150 20
79 150 20
79 150 20
79 150 20
79 150 20
79 150 20
79 150 20
79 150 20
79 150 20
79 150 20
79 150 20
79 150 20
79 150 20
79 150 20
79 150 20
79 150 20
79 150 20
79 150 20
79 150 20
79 150 20
79 150 20
79 150 20
79 150 20
79 150 20
79 150 20
79 150 20
79 150 20
78 150 20
78 150 20
78 150 20
78 150 20
78 150 20
78 150 20
78 150 20
78 150 20
78 150 20
78 150 20
78 150 20
78 150 20
78 150 20
78 150 20
78 150 20
78 150 20
78 150 20
78 150 20
78 150 20
78 150 20
78 150 20
78 150 20
78 150 20
78 150 20
78 150 20
78 150 20
78 150 20
78 150 20
78 150 20
78 150 20
78 150 20
78 150 20
78 150 20
78 150 20
78 150 20
78 150 20
78 150 20
78 150 20
78 150 20
78 150 20
78 150 20
78 150 20
78 150 20
78 150 20
78 150 20
78 150 20
78 150 20
78 150 20
78 150 20
78 150 20
78 150 20
78 150 20
78 150 20
78 150 20
78 150 20
78 150 20
78 150 20
78 150 20
78 150 20
78 150 20
78 150 20
78 150 20
78 150 20
78 150 20
78 150 20
78 150 20
78 150 20
78 150 20
78 150 20
78 150 20
78 150 20
78 150 20
78 150 20
78 150 20
78 150 20
78 150 20
78 150 20
78 150 20
78 150 20
78 150 20
78 150 20
78 150 20
78 150 20
78 150 20
78 150 20
78 150 20
78 150 20
78 150 20
78 150 20
78 150 20
78 150 20
78 150 20
78 150 20
78 150 20
78 150 20
78 150 20
78 150 20
78 150 20
78 150 20
78 150 20
78 150 20
78 150 20
78 150 20
78 150 20
78 150 20
78 150 20
78 150 20
78 150 20
78 150 20
78 150 20
78 150 20
78 150 20
78 150 20
78 150 20
78 150 20
78 150 20
78 150 20
78 150 20
78 150 20
78 150 20
78 150 20
78 150 20
78 150 20
78 150 20
78 150 20
78 150 20
78 150 20
78 150 20
78 150 20
78 150 20
78 150 20
78 150 20
78 150 20
78 150 20
78 150 20
78 150 20
78 150 20
78 150 20
78 150 20
78 150 20
78 150 20
78 150 20
78 150 20
78 150 20
78 150 20
78 150 20
78 150 20
78 150 20
78 150 20
78 150 20
78 150 20
78 150 20
78 150 20
78 150 20
78 150 20
78 150 20
78 150 20
78 150 20
78 150 20
78 150 20
78 150 20
78 150 20
78 150 20
78 150 20
78 150 20
78 150 20
78 150 20
78 150 20
77 150 20
77 150 20
77 150 20
77 150 20
77 150 20
77 150 20
77 150 20
77 150 20
77 150 20
77 150 20
77 150 20
77 150 20
77 150 20
77 150 20
77 150 20
77 150 20
77 150 20
77 150 20
77 150 20
77 150 20
77 150 20
77 150 20
77 150 20
77 150 20
77 150 20
77 150 20
77 150 20
77 150 20
77 150 20
77 150 20
77 150 20
77 150 20
77 150 20
77 150 20
77 150 20
77 150 20
77 150 20
77 150 20
77 150 20
77 150 20
77 150 20
77 150 20
77 150 20
77 150 20
77 150 20
77 150 20
77 150 20
77 150 20
77 150 20
77 150 20
77 150 20
77 150 20
77 150 20
77 150 20
77 150 20
77 150 20
77 150 20
77 150 20
77 150 20
77 150 20
77 150 20
77 150 20
77 150 20
77 150 20
77 150 20
77 150 20
77 150 20
77 150 20
77 150 20
77 150 20
77 150 20
77 150 20
77 150 20
77 150 20
77 150 20
77 150 20
77 150 20
77 150 20
77 150 20
77 150 20
77 150 20
77 150 20
77 150 20
77 150 20
77 150 20
77 150 20
77 150 20
77 150 20
77 150 20
77 150 20
77 150 20
77 150 20
77 150 20
77 150 20
77 150 20
77 150 20
77 150 20
77 150 20
77 150 20
77 150 20
77 150 20
77 150 20
77 150 20
77 150 20
77 150 20
77 150 20
77 150 20
77 150 20
77 150 20
77 150 20
77 150 20
77 150 20
77 150 20
77 150 20
77 150 20
77 150 20
77 150 20
77 150 20
77 150 20
77 150 20
77 150 20
77 150 20
77 150 20
77 150 20
77 150 20
77 150 20
77 150 20
77 150 20
77 150 20
77 150 20
77 150 20
77 150 20
77 150 20
77 150 20
77 150 20
77 150 20
77 150 20
77 150 20
77 150 20
77 150 20
77 150 20
77 150 20
77 150 20
77 150 20
77 150 20
77 150 20
77 150 20
77 150 20
77 150 20
77 150 20
77 150 20
77 150 20
77 150 20
77 150 20
77 150 20
77 150 20
77 150 20
77 150 20
77 150 20
77 150 20
77 150 20
77 150 20
77 150 20
77 150 20
77 150 20
77 150 20
77 150 20
77 150 20
77 150 20
76 150 20
76 150 20
76 150 20
76 150 20
76 150 20
76 150 20
76 150 20
76 150 20
76 150 20
76 150 20
76 150 20
76 150 20
76 150 20
76 150 20
76 150 20
76 150 20
76 150 20
76 150 20
76 150 20
76 150 20
76 150 20
76 150 20
76 150 20
76 150 20
76 150 20
76 150 20
76 150 20
76 150 20
76 150 20
76 150 20
76 150 20
76 150 20
76 150 20
76 150 20
76 150 20
76 150 20
76 150 20
76 150 20
76 150 20
76 150 20
76 150 20
76 150 20
76 150 20
76 150 20
76 150 20
76 150 20
76 150 20
76 150 20
76 150 20
76 150 20
76 150 20
76 150 20
76 150 20
76 150 20
76 150 20
76 150 20
76 150 20
76 150 20
76 150 20
76 150 20
76 150 20
76 150 20
76 150 20
76 150 20
76 150 20
76 150 20
76 150 20
76 150 20
76 150 20
76 150 20
76 150 20
76 150 20
76 150 20
76 150 20
76 150 20
76 150 20
76 150 20
76 150 20
76 150 20
76 150 20
76 150 20
76 150 20
76 150 20
76 150 20
76 150 20
76 150 20
76 150 20
76 150 20
76 150 20
76 150 20
76 150 20
76 150 20
76 150 20
76 150 20
76 150 20
76 150 20
76 150 20
76 150 20
76 150 20
76 150 20
76 150 20
76 150 20
76 150 20
76 150 20
76 150 20
76 150 20
76 150 20
76 150 20
76 150 20
76 150 20
76 150 20
76 150 20
76 150 20
76 150 20
76 150 20
76 150 20
76 150 20
76 150 20
76 150 20
76 150 20
76 150 20
76 150 20
76 150 20
76 150 20
76 150 20
76 150 20
76 150 20
76 150 20
76 150 20
76 150 20
76 150 20
76 150 20
76 150 20
76 150 20
76 150 20
76 150 20
76 150 20
76 150 20
76 150 20
76 150 20
76 150 20
76 150 20
76 150 20
76 150 20
76 150 20
76 150 20
76 150 20
76 150 20
76 150 20
76 150 20
76 150 20
76 150 20
76 150 20
76 150 20
76 150 20
76 150 20
76 150 20
76 150 20
76 150 20
76 150 20
76 150 20
76 150 20
76 150 20
76 150 20
76 150 20
76 150 20
76 150 20
76 150 20
76 150 20
75 150 20
75 150 20
75 150 20
75 150 20
75 150 20
75 150 20
75 150 20
75 150 20
75 150 20
75 150 20
75 150 20
75 150 20
75 150 20
75 150 20
75 150 20
75 150 20
75 150 20
75 150 20
75 150 20
75 150 20
75 150 20
75 150 20
75 150 20
75 150 20
75 150 20
75 150 20
75 150 20
75 150 20
75 150 20
75 150 20
75 150 20
75 150 20
75 150 20
75 150 20
75 150 20
75 150 20
75 150 20
75 150 20
75 150 20
75 150 20
75 150 20
75 150 20
75 150 20
75 150 20
75 150 20
75 150 20
75 150 20
75 150 20
75 150 20
75 150 20
75 150 20
75 150 20
75 150 20
75 150 20
75 150 20
75 150 20
75 150 20
75 150 20
75 150 20
75 150 20
75 150 20
75 150 20
75 150 20
75 150 20
75 150 20
75 150 20
75 150 20
75 150 20
75 150 20
75 150 20
75 150 20
75 150 20
75 150 20
75 150 20
75 150 20
75 150 20
75 150 20
75 150 20
75 150 20
75 150 20
75 150 20
75 150 20
75 150 20
75 150 20
75 150 20
75 150 20
75 150 20
75 150 20
75 150 20
75 150 20
75 150 20
75 150 20
75 150 20
75 150 20
75 150 20
75 150 20
75 150 20
75 150 20
75 150 20
75 150 20
75 150 20
75 150 20
75 150 20
75 150 20
75 150 20
75 150 20
75 150 20
75 150 20
75 150 20
75 150 20
75 150 20
75 150 20
75 150 20
75 150 20
75 150 20
75 150 20
75 150 20
75 150 20
75 150 20
75 150 20
75 150 20
75 150 20
75 150 20
75 150 20
75 150 20
75 150 20
75 150 20
75 150 20
75 150 20
75 150 20
75 150 20
75 150 20
75 150 20
75 150 20
75 150 20
75 150 20
75 150 20
75 150 20
75 150 20
75 150 20
75 150 20
75 150 20
75 150 20
75 150 20
75 150 20
75 150 20
75 150 20
75 150 20
75 150 20
75 150 20
75 150 20
75 150 20
75 150 20
75 150 20
75 150 20
75 150 20
75 150 20
75 150 20
75 150 20
75 150 20
75 150 20
75 150 20
75 150 20
75 150 20
74 150 20
74 150 20
74 150 20
74 150 20
74 150 20
74 150 20
74 150 20
74 150 20
74 150 20
74 150 20
74 150 20
74 150 20
74 150 20
74 150 20
74 150 20
74 150 20
74 150 20
74 150 20
74 150 20
74 150 20
74 150 20
74 150 20
74 150 20
74 150 20
74 150 20
74 150 20
74 150 20
74 150 20
74 150 20
74 150 20
74 150 20
74 150 20
74 150 20
74 150 20
74 150 20
74 150 20
74 150 20
74 150 20
74 150 20
74 150 20
74 150 20
74 150 20
74 150 20
74 150 20
74 150 20
74 150 20
74 150 20
74 150 20
74 150 20
74 150 20
74 150 20
74 150 20
74 150 20
74 150 20
74 150 20
74 150 20
74 150 20
74 150 20
74 150 20
74 150 20
74 150 20
74 150 20
74 150 20
74 150 20
74 150 20
74 150 20
74 150 20
74 150 20
74 150 20
74 150 20
74 150 20
74 150 20
74 150 20
74 150 20
74 150 20
74 150 20
74 150 20
74 150 20
74 150 20
74 150 20
74 150 20
74 150 20
74 150 20
74 150 20
74 150 20
74 150 20
74 150 20
74 150 20
74 150 20
74 150 20
74 150 20
74 150 20
74 150 20
74 150 20
74 150 20
74 150 20
74 150 20
74 150 20
74 150 20
74 150 20
74 150 20
74 150 20
74 150 20
74 150 20
74 150 20
74 150 20
74 150 20
74 150 20
74 150 20
74 150 20
74 150 20
74 150 20
74 150 20
74 150 20
74 150 20
74 150 20
74 150 20
74 150 20
74 150 20
74 150 20
74 150 20
74 150 20
74 150 20
74 150 20
74 150 20
74 150 20
74 150 20
74 150 20
74 150 20
74 150 20
74 150 20
74 150 20
74 150 20
74 150 20
74 150 20
74 150 20
74 150 20
74 150 20
74 150 20
74 150 20
74 150 20
74 150 20
74 150 20
74 150 20
74 150 20
74 150 20
74 150 20
74 150 20
74 150 20
74 150 20
74 150 20
74 150 20
74 150 20
74 150 20
74 150 20
74 150 20
73 150 20
73 150 20
73 150 20
73 150 20
73 150 20
73 150 20
73 150 20
73 150 20
73 150 20
73 150 20
73 150 20
73 150 20
73 150 20
73 150 20
73 150 20
73 150 20
73 150 20
73 150 20
73 150 20
73 150 20
73 150 20
73 150 20
73 150 20
73 150 20
73 150 20
73 150 20
73 150 20
73 150 20
73 150 20
73 150 20
73 150 20
73 150 20
73 150 20
73 150 20
73 150 20
73 150 20
73 150 20
73 150 20
73 150 20
73 150 20
73 150 20
73 150 20
73 150 20
73 150 20
73 150 20
73 150 20
73 150 20
73 150 20
73 150 20
73 150 20
73 150 20
73 150 20
73 150 20
73 150 20
73 150 20
73 150 20
73 150 20
73 150 20
73 150 20
73 150 20
73 150 20
73 150 20
73 150 20
73 150 20
73 150 20
73 150 20
73 150 20
73 150 20
73 150 20
73 150 20
73 150 20
73 150 20
73 150 20
73 150 20
73 150 20
73 150 20
73 150 20
73 150 20
73 150 20
73 150 20
73 150 20
73 150 20
73 150 20
73 150 20
73 150 20
73 150 20
73 150 20
73 150 20
73 150 20
73 150 20
73 150 20
73 150 20
73 150 20
73 150 20
73 150 20
73 150 20
73 150 20
73 150 20
73 150 20
73 150 20
73 150 20
73 150 20
73 150 20
73 150 20
73 150 20
73 150 20
73 150 20
73 150 20
73 150 20
73 150 20
73 150 20
73 150 20
73 150 20
73 150 20
73 150 20
73 150 20
73 150 20
73 150 20
73 150 20
73 150 20
73 150 20
73 150 20
73 150 20
73 150 20
73 150 20
73 150 20
73 150 20
73 150 20
73 150 20
73 150 20
73 150 20
73 150 20
73 150 20
73 150 20
73 150 20
73 150 20
73 150 20
73 150 20
73 150 20
73 150 20
73 150 20
73 150 20
73 150 20
73 150 20
73 150 20
72 150 20
72 150 20
72 150 20
72 150 20
72 150 20
72 150 20
72 150 20
72 150 20
72 150 20
72 150 20
72 150 20
72 150 20
72 150 20
72 150 20
72 150 20
72 150 20
72 150 20
72 150 20
72 150 20
72 150 20
72 150 20
72 150 20
72 150 20
72 150 20
72 150 20
72 150 20
72 150 20
72 150 20
72 150 20
72 150 20
72 150 20
72 150 20
72 150 20
72 150 20
72 150 20
72 150 20
72 150 20
72 150 20
72 150 20
72 150 20
72 150 20
72 150 20
72 150 20
72 150 20
72 150 20
72 150 20
72 150 20
72 150 20
72 150 20
72 150 20
72 150 20
72 150 20
72 150 20
72 150 20
72 150 20
72 150 20
72 150 20
72 150 20
72 150 20
72 150 20
72 150 20
72 150 20
72 150 20
72 150 20
72 150 20
72 150 20
72 150 20
72 150 20
72 150 20
72 150 20
72 150 20
72 150 20
72 150 20
72 150 20
72 150 20
72 150 20
72 150 20
72 150 20
72 150 20
72 150 20
72 150 20
72 150 20
72 150 20
72 150 20
72 150 20
72 150 20
72 150 20
72 150 20
72 150 20
72 150 20
72 150 20
72 150 20
72 150 20
72 150 20
72 150 20
72 150 20
72 150 20
72 150 20
72 150 20
72 150 20
72 150 20
72 150 20
72 150 20
72 150 20
72 150 20
72 150 20
72 150 20
72 150 20
72 150 20
72 150 20
72 150 20
72 150 20
72 150 20
72 150 20
72 150 20
72 150 20
72 150 20
72 150 20
72 150 20
72 150 20
72 150 20
72 150 20
72 150 20
72 150 20
72 150 20
72 150 20
72 150 20
72 150 20
72 150 20
72 150 20
71 150 20
71 150 20
71 150 20
71 150 20
71 150 20
71 150 20
71 150 20
71 150 20
71 150 20
71 150 20
71 150 20
71 150 20
71 150 20
71 150 20
71 150 20
71 150 20
71 150 20
71 150 20
71 150 20
71 150 20
71 150 20
71 150 20
71 150 20
71 150 20
71 150 20
71 150 20
71 150 20
71 150 20
71 150 20
71 150 20
71 150 20
71 150 20
71 150 20
71 150 20
71 150 20
71 150 20
71 150 20
71 150 20
71 150 20
71 150 20
71 150 20
71 150 20
71 150 20
71 150 20
71 150 20
71 150 20
71 150 20
71 150 20
71 150 20
71 150 20
71 150 20
71 150 20
71 150 20
71 150 20
71 150 20
71 150 20
71 150 20
71 150 20
71 150 20
71 150 20
71 150 20
71 150 20
71 150 20
71 150 20
71 150 20
71 150 20
71 150 20
71 150 20
71 150 20
71 150 20
71 150 20
71 150 20
71 150 20
71 150 20
71 150 20
71 150 20
71 150 20
71 150 20
71 150 20
71 150 20
71 150 20
71 150 20
71 150 20
71 150 20
71 150 20
71 150 20
71 150 20
71 150 20
71 150 20
71 150 20
71 150 20
71 150 20
71 150 20
71 150 20
71 150 20
71 150 20
71 150 20
71 150 20
71 150 20
71 150 20
71 150 20
71 150 20
71 150 20
71 150 20
71 150 20
71 150 20
71 150 20
71 150 20
71 150 20
71 150 20
71 150 20
71 150 20
71 150 20
71 150 20
71 150 20
71 150 20
70 150 20
70 150 20
70 150 20
70 150 20
70 150 20
70 150 20
70 150 20
70 150 20
70 150 20
70 150 20
70 150 20
70 150 20
70 150 20
70 150 20
70 150 20
70 150 20
70 150 20
70 150 20
70 150 20
70 150 20
70 150 20
70 150 20
70 150 20
70 150 20
70 150 20
70 150 20
70 150 20
70 150 20
70 150 20
70 150 20
70 150 20
70 150 20
70 150 20
70 150 20
70 150 20
70 150 20
70 150 20
70 150 20
70 150 20
70 150 20
70 150 20
70 150 20
70 150 20
70 150 20
70 150 20
70 150 20
70 150 20
70 150 20
70 150 20
70 150 20
70 150 20
70 150 20
70 150 20
70 150 20
70 150 20
70 150 20
70 150 20
70 150 20
70 150 20
70 150 20
70 150 20
70 150 20
70 150 20
70 150 20
70 150 20
70 150 20
70 150 20
70 150 20
70 150 20
70 150 20
70 150 20
70 150 20
70 150 20
70 150 20
70 150 20
70 150 20
70 150 20
70 150 20
70 150 20
70 150 20
70 150 20
70 150 20
70 150 20
70 150 20
70 150 20
70 150 20
70 150 20
70 150 20
70 150 20
70 150 20
70 150 20
70 150 20
70 150 20
70 150 20
70 150 20
70 150 20
70 150 20
70 150 20
70 150 20
70 150 20
70 150 20
70 150 20
69 150 20
69 150 20
69 150 20
69 150 20
69 150 20
69 150 20
69 150 20
69 150 20
69 150 20
69 150 20
69 150 20
69 150 20
69 150 20
69 150 20
69 150 20
69 150 20
69 150 20
69 150 20
69 150 20
69 150 20
69 150 20
69 150 20
69 150 20
69 150 20
69 150 20
69 150 20
69 150 20
69 150 20
69 150 20
69 150 20
69 150 20
69 150 20
69 150 20
69 150 20
69 150 20
69 150 20
69 150 20
69 150 20
69 150 20
69 150 20
69 150 20
69 150 20
69 150 20
69 150 20
69 150 20
69 150 20
69 150 20
69 150 20
69 150 20
69 150 20
69 150 20
69 150 20
69 150 20
69 150 20
69 150 20
69 150 20
69 150 20
69 150 20
69 150 20
69 150 20
69 150 20
69 150 20
69 150 20
69 150 20
69 150 20
69 150 20
69 150 20
69 150 20
69 150 20
69 150 20
69 150 20
69 150 20
69 150 20
69 150 20
69 150 20
69 150 20
69 150 20
69 150 20
69 150 20
69 150 20
69 150 20
69 150 20
69 150 20
69 150 20
69 150 20
69 150 20
69 150 20
69 150 20
69 150 20
68 150 20
68 150 20
68 150 20
68 150 20
68 150 20
68 150 20
68 150 20
68 150 20
68 150 20
68 150 20
68 150 20
68 150 20
68 150 20
68 150 20
68 150 20
68 150 20
68 150 20
68 150 20
68 150 20
68 150 20
68 150 20
68 150 20
68 150 20
68 150 20
68 150 20
68 150 20
68 150 20
68 150 20
68 150 20
68 150 20
68 150 20
68 150 20
68 150 20
68 150 20
68 150 20
68 150 20
68 150 20
68 150 20
68 150 20
68 150 20
68 150 20
68 150 20
68 150 20
68 150 20
68 150 20
68 150 20
68 150 20
68 150 20
68 150 20
68 150 20
68 150 20
68 150 20
68 150 20
68 150 20
68 150 20
68 150 20
68 150 20
68 150 20
68 150 20
68 150 20
68 150 20
68 150 20
68 150 20
68 150 20
68 150 20
68 150 20
68 150 20
68 150 20
68 150 20
68 150 20
68 150 20
68 150 20
68 150 20
68 150 20
68 150 20
68 150 20
68 150 20
67 150 20
67 150 20
67 150 20
67 150 20
67 150 20
67 150 20
67 150 20
67 150 20
67 150 20
67 150 20
67 150 20
67 150 20
67 150 20
67 150 20
67 150 20
67 150 20
67 150 20
67 150 20
67 150 20
67 150 20
67 150 20
67 150 20
67 150 20
67 150 20
67 150 20
67 150 20
67 150 20
67 150 20
67 150 20
67 150 20
67 150 20
67 150 20
67 150 20
67 150 20
67 150 20
67 150 20
67 150 20
67 150 20
67 150 20
67 150 20
67 150 20
67 150 20
67 150 20
67 150 20
67 150 20
67 150 20
67 150 20
67 150 20
67 150 20
67 150 20
67 150 20
67 150 20
67 150 20
67 150 20
67 150 20
67 150 20
67 150 20
67 150 20
67 150 20
67 150 20
67 150 20
67 150 20
67 150 20
67 150 20
67 150 20
67 151 20
67 151 20
67 151 20
67 151 20
67 151 20
67 151 20
67 151 20
67 151 20
67 151 20
67 151 20
67 151 20
67 151 20
67 151 20
67 151 20
67 151 20
67 151 20
67 151 20
67 151 20
67 151 20
67 151 20
67 151 20
67 151 20
67 151 20
67 151 20
67 151 20
67 151 20
67 151 20
67 151 20
67 151 20
67 151 20
67 151 20
67 151 20
67 151 20
67 151 20
67 151 20
67 151 20
67 151 20
67 151 20
67 151 20
67 151 20
67 151 20
67 151 20
67 151 20
67 151 20
67 151 20
67 151 20
67 151 20
67 151 20
67 151 20
67 151 20
67 151 20
67 151 20
67 151 20
66 151 20
66 151 20
66 151 20
66 151 20
66 151 20
66 151 20
66 151 20
66 151 20
66 151 20
66 151 20
66 151 20
66 151 20
66 151 20
66 151 20
66 151 20
66 151 20
66 151 20
66 151 20
66 151 20
66 151 20
66 151 20
66 151 20
66 151 20
66 151 20
66 151 20
66 151 20
66 151 20
66 151 20
66 151 20
66 151 20
66 151 20
66 151 20
66 151 20
66 151 20
66 151 20
66 151 20
66 151 20
66 151 20
66 151 20
66 151 20
66 151 20
66 151 20
66 151 20
66 152 20
66 152 20
66 152 20
66 152 20
66 152 20
66 152 20
66 152 20
66 152 20
66 152 20
66 152 20
66 152 20
66 152 20
66 152 20
66 152 20
66 152 20
66 152 20
66 152 20
66 152 20
66 152 20
66 152 20
66 152 20
66 152 20
66 152 20
66 152 20
66 152 20
66 152 20
66 152 20
66 152 20
66 152 20
66 152 20
66 152 20
66 152 20
65 152 20
65 152 20
65 152 20
65 152 20
65 152 20
65 152 20
65 152 20
65 152 20
65 152 20
65 152 20
65 152 20
65 152 20
65 152 20
65 152 20
65 152 20
65 152 20
65 152 20
65 152 20
65 152 20
65 152 20
65 152 20
65 152 20
65 152 20
65 152 20
65 153 20
65 153 20
65 153 20
65 153 20
65 153 20
65 153 20
65 153 20
65 153 20
65 153 20
65 153 20
65 153 20
65 153 20
65 153 20
65 153 20
65 153 20
65 153 20
65 153 20
64 153 20
64 153 20
64 153 20
64 153 20
64 153 20
64 153 20
64 153 20
64 153 20
64 153 20
64 153 20
64 153 20
64 153 20
64 153 20
64 154 20
64 154 20
64 154 20
64 154 20
64 154 20
64 154 20
64 154 20
64 154 20
64 154 20
63 154 20
63 154 20
63 154 20
63 154 20
63 154 20
63 154 20
63 154 20
63 155 20
63 155 20
63 155 20
63 155 20
63 155 20
62 155 20
62 155 20
62 155 20
62 155 20
62 156 20
62 156 20
62 156 20
61 156 20
61 156 20
61 156 20
61 157 20
61 157 20
60 157 20
60 157 20
60 158 20
60 158 20
59 158 20
59 158 20
59 159 20
58 159 17
58 159 17
58 160 20
57 160 17
56 161 15
55 161 13
55 161 13
54 161 20
53 161 17
53 161 17
52 161 20
52 161 20
51 161 20
51 161 20
50 161 20
50 161 20
50 161 20
49 161 20
49 161 20
49 161 20
48 161 20
48 161 20
48 161 20
47 161 20
47 161 20
47 161 20
46 162 20
46 162 20
46 163 20
46 163 20
46 164 20
46 165 17
46 166 15
46 167 13
46 168 11
46 169 10
46 169 10
46 170 17
46 171 15
45 172 13
44 172 11
44 172 11
43 172 19
42 172 16
41 172 14
41 172 14
40 172 20
39 172 17
39 172 17
38 172 20
38 172 20
37 172 20
37 172 20
36 172 20
36 172 20
34 172 20
34 172 20
34 172 20
33 172 20
33 172 20
33 172 20
33 172 20
32 172 20
32 172 20
32 172 20
32 172 20
31 172 20
31 172 20
31 172 20
31 172 20
30 172 20
30 172 20
30 172 20
30 172 20
29 172 20
29 172 20
29 172 20
29 172 20
28 172 20
28 172 20
28 172 20
28 172 20
27 172 20
27 172 20
27 172 20
27 172 20
26 172 20
26 172 20
26 172 20
26 172 20
25 172 20
25 172 20
25 172 20
25 172 20
23 172 20
23 172 20
23 172 20
23 172 20
23 172 20
22 172 20
22 172 20
22 172 20
22 172 20
22 172 20
22 172 20
21 172 20
21 172 20
21 172 20
21 172 20
21 172 20
21 172 20
21 172 20
21 172 20
20 172 20
20 172 20
20 172 20
20 172 20
20 172 20
20 172 20
20 172 20
20 172 20
20 172 20
20 172 20
20 172 20
19 172 20
19 172 20
19 172 20
19 172 20
19 172 20
19 172 20
19 172 20
19 172 20
19 172 20
19 172 20
19 172 20
19 172 20
19 172 20
19 172 20
19 172 20
19 171 20
19 171 20
19 171 20
19 171 20
19 171 20
19 171 20
19 171 20
19 171 20
19 171 20
19 171 20
19 171 20
19 171 20
19 171 20
19 171 20
19 171 20
19 171 20
19 170 20
19 170 20
19 170 20
19 170 20
19 170 20
19 170 20
19 170 20
19 170 20
19 170 20
19 170 20
19 170 20
19 170 20
19 170 20
19 170 20
19 170 20
19 170 20
19 169 20
19 169 20
19 169 20
19 169 20
19 169 20
19 169 20
19 169 20
19 169 20
19 169 20
19 169 20
19 169 20
19 169 20
19 169 20
19 169 20
19 169 20
19 168 20
19 168 20
19 168 20
19 168 20
19 168 20
19 168 20
19 168 20
19 168 20
19 168 20
19 168 20
19 168 20
19 168 20
19 168 20
19 168 20
19 167 20
19 167 20
19 167 20
19 167 20
19 167 20
19 167 20
19 167 20
19 167 20
19 167 20
19 167 20
19 167 20
19 167 20
18 167 20
18 167 20
18 167 20
18 167 20
18 167 20
18 167 20
18 167 20
18 167 20
18 167 20
18 167 20
18 167 20
18 167 20
18 167 20
18 167 20
18 166 20
18 166 20
18 166 20
18 166 20
18 166 20
18 166 20
18 166 20
18 166 20
18 166 20
18 166 20
18 166 20
18 166 20
17 166 20
17 166 20
17 166 20
17 166 20
17 166 20
17 166 20
17 166 20
17 166 20
17 166 20
17 166 20
17 166 20
17 166 20
16 166 20
16 166 20
16 166 20
16 166 20
16 166 20
16 166 20
16 166 20
16 166 20
16 166 20
16 166 20
16 166 20
16 166 20
15 166 20
15 166 20
15 166 20
15 166 20
15 166 20
15 166 20
15 166 20
15 166 20
15 166 20
15 166 20
15 166 20
15 166 20
14 166 20
14 166 20
14 166 20
14 166 20
14 166 20
14 166 20
14 166 20
14 166 20
14 166 20
14 166 20
14 166 20
14 166 20
13 166 20
13 166 20
13 166 20
13 166 20
13 166 20
13 166 20
13 166 20
13 166 20
13 166 20
13 166 20
13 166 20
13 166 20
12 166 20
12 166 20
12 166 20
12 166 20
12 166 20
12 166 20
12 166 20
12 166 20
12 166 20
12 166 20
12 166 20
11 166 20
11 166 20
11 166 20
11 166 20
11 166 20
11 166 20
11 166 20
11 166 20
11 166 20
11 166 20
10 166 20
10 166 20
10 166 20
10 166 20
10 166 20
10 166 20
10 166 20
10 166 20
10 166 20
9 166 20
9 166 20
9 166 20
9 166 20
9 166 20
9 166 20
9 166 20
8 166 20
8 166 20
8 166 20
8 166 20
8 166 20
7 166 20
7 166 20
7 166 20
7 166 20
6 166 20
6 166 20
6 166 20
6 165 20
6 165 20
6 164 20
6 163 17
5 163 15
4 163 13
3 163 11
2 163 10
2 162 10
2 161 10
