163 135 20
163 135 20
163 135 20
163 135 20
98 174 20
188 182 20
11 76 20
100 20 20
61 61 20
194 88 20
194 88 20
111 20 20
111 20 20
122 20 20
122 20 20
122 20 20
122 20 20
122 20 20
122 20 20
122 20 20
122 20 20
122 20 20
122 20 20
133 20 20
133 20 20
133 20 20
133 20 20
133 20 20
133 20 20
133 20 20
133 20 20
133 20 20
133 20 20
133 20 20
133 20 20
133 20 20
133 20 20
133 20 20
133 20 20
144 20 20
144 20 20
144 20 20
144 20 20
144 20 20
144 20 20
144 20 20
144 20 20
155 20 20
155 20 20
163 124 20
163 124 20
163 124 20
163 124 20
163 124 20
163 124 20
163 124 20
163 124 20
163 124 20
163 124 20
163 124 20
163 124 20
163 124 20
163 113 20
163 113 20
163 113 20
163 113 20
163 102 20
163 102 20
163 102 20
163 102 20
163 102 20
163 102 20
163 102 20
163 102 20
163 102 20
163 102 20
163 102 20
163 102 20
163 102 20
163 102 20
163 102 20
163 102 20
163 102 20
163 102 20
163 102 20
163 102 20
152 113 20
152 102 20
152 102 20
152 102 20
152 102 20
152 102 20
152 102 20
152 102 20
152 102 20
152 91 20
152 91 20
152 91 20
152 91 20
152 91 20
152 91 20
152 91 20
152 91 20
152 91 20
152 91 20
152 91 20
152 91 20
152 91 20
152 80 20
152 80 20
152 80 20
152 80 20
152 80 20
152 80 20
152 80 20
152 80 20
152 80 20
152 80 20
152 80 20
152 80 20
152 80 20
152 80 20
152 80 20
152 80 20
152 80 20
152 80 20
152 80 20
152 80 20
163 91 20
163 91 20
163 91 20
163 91 20
163 91 20
163 91 20
163 91 20
163 91 20
163 91 20
163 91 20
163 91 20
163 91 20
163 91 20
163 91 20
163 91 20
163 91 20
163 91 20
163 91 20
163 91 20
163 91 20
141 91 20
141 91 20
141 91 20
141 91 20
141 91 20
141 91 20
141 91 20
141 91 20
141 91 20
141 91 20
141 91 20
141 91 20
141 80 20
141 80 20
141 80 20
141 80 20
141 80 20
141 80 20
141 80 20
141 80 20
141 80 20
141 80 20
141 80 20
141 80 20
141 80 20
141 80 20
141 80 20
141 80 20
141 80 20
141 80 20
141 80 20
141 80 20
130 91 20
130 91 20
130 91 20
130 91 20
130 91 20
130 91 20
130 91 20
130 91 20
130 91 20
130 91 20
130 91 20
130 80 20
130 80 20
130 80 20
130 80 20
130 80 20
130 80 20
130 80 20
130 80 20
130 80 20
130 80 20
130 80 20
130 80 20
130 80 20
130 80 20
130 80 20
130 80 20
130 80 20
130 80 20
130 80 20
130 80 20
119 91 20
119 91 20
119 91 20
119 91 20
119 91 20
119 91 20
119 91 20
119 91 20
119 91 20
119 91 20
119 91 20
119 91 20
119 91 20
119 91 20
119 80 20
119 80 20
119 80 20
119 80 20
119 80 20
119 80 20
119 80 20
119 80 20
119 80 20
119 80 20
119 80 20
119 80 20
119 80 20
119 80 20
119 80 20
119 80 20
119 80 20
119 80 20
119 80 20
119 80 20
108 91 20
108 91 20
108 91 20
108 91 20
108 91 20
108 91 20
108 91 20
108 91 20
108 91 20
108 91 20
108 91 20
108 91 20
108 91 20
108 91 20
108 91 20
108 91 20
108 91 20
108 91 20
108 91 20
108 91 20
119 102 20
119 102 20
119 102 20
119 102 20
119 102 20
119 102 20
119 102 20
119 102 20
119 102 20
119 102 20
119 102 20
119 102 20
119 102 20
119 102 20
119 102 20
119 102 20
119 102 20
119 102 20
119 102 20
130 102 20
130 102 20
130 102 20
130 102 20
130 102 20
141 102 20
141 102 20
141 113 20
130 113 20
130 113 20
130 113 20
130 113 20
130 113 20
130 113 20
130 113 20
119 113 20
119 113 20
119 113 20
119 113 20
119 113 20
119 113 20
119 113 20
119 113 20
119 113 20
119 113 20
119 113 20
119 113 20
119 113 20
119 113 20
119 113 20
119 113 20
119 113 20
119 113 20
119 113 20
119 113 20
130 124 20
130 124 20
130 124 20
130 124 20
130 124 20
130 124 20
130 124 20
130 124 20
130 124 20
130 124 20
141 124 20
141 124 20
141 124 20
141 124 20
141 124 20
152 124 20
152 124 20
152 124 20
152 124 20
152 135 20
152 135 20
152 135 20
152 135 20
152 135 20
152 135 20
152 135 20
152 135 20
152 135 20
152 135 20
152 135 20
152 135 20
152 135 20
152 135 20
152 135 20
152 135 20
152 135 20
152 135 20
152 135 20
152 135 20
141 135 20
141 135 20
141 135 20
141 135 20
141 135 20
141 135 20
141 135 20
141 135 20
141 135 20
141 135 20
141 135 20
141 135 20
141 135 20
141 135 20
141 135 20
141 135 20
141 135 20
141 135 20
141 135 20
141 135 20
119 124 20
119 124 20
119 124 20
119 124 20
119 124 20
119 124 20
119 124 20
119 124 20
119 124 20
119 124 20
119 124 20
119 124 20
119 124 20
119 124 20
119 124 20
119 124 20
119 124 20
119 124 20
119 124 20
119 124 20
130 135 20
130 135 20
130 135 20
130 135 20
130 135 20
130 135 20
130 135 20
130 135 20
130 135 20
130 135 20
130 135 20
130 135 20
130 135 20
130 135 20
130 135 20
130 135 20
130 135 20
130 135 20
130 135 20
130 135 20
108 102 20
108 102 20
108 102 20
108 102 20
108 102 20
108 102 20
108 102 20
108 102 20
108 102 20
108 102 20
108 102 20
108 102 20
108 102 20
108 102 20
108 102 20
108 102 20
108 102 20
108 102 20
108 102 20
108 102 20
174 113 20
174 113 20
174 113 20
174 102 20
174 102 20
174 102 20
174 102 20
174 102 20
174 102 20
174 102 20
174 102 20
174 102 20
174 102 20
174 102 20
174 102 20
174 102 20
174 102 20
174 102 20
174 102 20
174 91 20
174 91 20
174 91 20
174 91 20
174 91 20
174 91 20
174 91 20
174 91 20
174 91 20
174 91 20
174 91 20
174 91 20
174 91 20
174 91 20
174 91 20
174 91 20
174 91 20
174 91 20
174 91 20
174 91 20
185 102 20
185 102 20
185 102 20
185 102 20
185 102 20
185 102 20
185 102 20
185 102 20
185 102 20
185 102 20
185 91 20
185 91 20
185 91 20
185 91 20
185 91 20
185 91 20
185 91 20
185 80 20
185 80 20
185 80 20
185 80 20
185 80 20
185 80 20
185 80 20
185 80 20
185 80 20
185 80 20
185 80 20
185 80 20
185 80 20
185 80 20
185 80 20
185 80 20
185 80 20
185 80 20
185 80 20
185 80 20
185 113 20
185 113 20
185 113 20
185 113 20
185 124 20
185 124 20
185 124 20
185 124 20
185 124 20
185 124 20
185 124 20
185 124 20
185 124 20
185 124 20
174 124 20
174 124 20
174 124 20
174 124 20
174 124 20
174 124 20
174 124 20
174 124 20
174 124 20
174 124 20
174 124 20
174 124 20
174 135 20
174 135 20
174 135 20
174 135 20
174 146 20
163 146 20
163 146 20
163 146 20
163 146 20
163 146 20
163 146 20
163 146 20
163 146 20
163 146 20
163 146 20
163 146 20
163 146 20
163 146 20
163 146 20
163 146 20
163 146 20
163 146 20
163 146 20
163 146 20
163 146 20
174 157 20
163 157 20
163 157 20
152 157 20
152 157 20
152 157 20
152 157 20
152 157 20
152 157 20
152 157 20
152 157 20
152 157 20
152 157 20
152 157 20
152 157 20
152 157 20
152 157 20
152 157 20
152 157 20
152 157 20
152 157 20
152 157 20
152 157 20
163 168 20
152 168 20
152 168 20
152 168 20
141 168 20
141 168 20
141 168 20
141 168 20
141 168 20
141 168 20
141 168 20
141 168 20
141 168 20
141 168 20
141 168 20
141 168 20
141 168 20
141 168 20
141 157 20
141 157 20
141 157 20
141 157 20
141 157 20
141 157 20
141 157 20
141 157 20
141 157 20
141 157 20
141 157 20
141 157 20
141 157 20
141 157 20
141 146 20
141 146 20
141 146 20
141 146 20
141 146 20
141 146 20
141 146 20
141 146 20
141 146 20
141 146 20
141 146 20
141 146 20
141 146 20
141 146 20
141 146 20
141 146 20
141 146 20
141 146 20
141 146 20
141 146 20
130 157 20
130 157 20
130 157 20
130 157 20
130 157 20
130 157 20
130 157 20
130 157 20
130 157 20
130 157 20
130 157 20
130 157 20
130 157 20
130 157 20
130 157 20
130 157 20
130 157 20
130 157 20
130 157 20
130 157 20
130 168 20
130 168 20
130 168 20
119 168 20
119 157 20
119 157 20
119 157 20
119 146 20
119 146 20
119 146 20
119 146 20
119 146 20
119 146 20
119 146 20
119 146 20
119 146 20
119 146 20
119 146 20
119 146 20
119 146 20
119 146 20
119 146 20
119 146 20
119 146 20
119 146 20
119 146 20
119 146 20
108 157 20
108 157 20
108 157 20
108 146 20
108 146 20
108 146 20
108 146 20
108 146 20
108 146 20
108 146 20
108 146 20
108 146 20
108 146 20
108 146 20
108 146 20
108 146 20
108 146 20
108 146 20
108 146 20
108 146 20
108 146 20
108 146 20
108 146 20
97 157 20
97 157 20
97 146 20
97 146 20
97 146 20
97 146 20
97 146 20
97 146 20
97 146 20
97 146 20
97 146 20
97 146 20
97 146 20
97 146 20
97 146 20
97 146 20
97 146 20
97 146 20
97 146 20
97 146 20
97 146 20
97 146 20
86 157 20
86 157 20
86 157 20
86 157 20
86 157 20
86 157 20
86 157 20
86 157 20
86 157 20
86 157 20
86 146 20
86 146 20
86 146 20
86 146 20
86 146 20
86 146 20
86 146 20
86 146 20
86 146 20
86 146 20
86 146 20
86 146 20
86 146 20
86 146 20
86 146 20
86 146 20
86 146 20
86 146 20
86 146 20
86 146 20
75 157 20
75 157 20
75 157 20
75 157 20
75 157 20
75 157 20
75 157 20
75 157 20
75 157 20
75 157 20
75 157 20
75 157 20
75 146 20
75 146 20
75 146 20
75 146 20
75 146 20
75 146 20
75 146 20
75 146 20
75 146 20
75 146 20
75 146 20
75 146 20
75 146 20
75 146 20
75 146 20
75 146 20
75 146 20
75 146 20
75 146 20
75 146 20
64 157 20
64 157 20
64 157 20
64 157 20
64 157 20
64 157 20
64 157 20
64 157 20
64 157 20
64 157 20
64 157 20
64 157 20
64 157 20
64 146 20
64 146 20
64 146 20
64 146 20
64 146 20
64 146 20
64 146 20
64 146 20
64 146 20
64 146 20
64 146 20
64 146 20
64 146 20
64 146 20
64 146 20
64 146 20
64 146 20
64 146 20
64 146 20
64 146 20
53 157 20
53 157 20
53 146 20
53 146 20
53 146 20
53 146 20
53 146 20
53 146 20
53 146 20
53 146 20
53 146 20
53 135 20
53 135 20
53 135 20
53 135 20
53 135 20
53 135 20
53 135 20
53 135 20
53 135 20
53 135 20
53 135 20
53 135 20
53 135 20
53 135 20
53 135 20
53 135 20
53 135 20
53 135 20
53 135 20
53 135 20
42 146 20
42 146 20
42 146 20
42 146 20
42 146 20
42 146 20
42 146 20
42 146 20
42 146 20
42 146 20
42 146 20
42 146 20
42 146 20
42 146 20
42 146 20
42 146 20
42 146 20
42 135 20
42 135 20
42 135 20
42 135 20
42 135 20
42 135 20
42 135 20
42 135 20
42 135 20
42 135 20
42 135 20
42 135 20
42 135 20
42 135 20
42 135 20
42 135 20
42 135 20
42 135 20
42 135 20
42 135 20
31 146 20
31 146 20
31 146 20
31 146 20
31 146 20
31 146 20
31 146 20
31 146 20
31 146 20
31 146 20
31 146 20
31 146 20
31 146 20
31 146 20
31 146 20
31 146 20
31 146 20
31 146 20
31 146 20
31 146 20
42 157 20
42 157 20
42 157 20
42 157 20
42 157 20
31 157 20
31 157 20
31 157 20
31 157 20
31 157 20
31 157 20
31 157 20
31 157 20
31 157 20
31 157 20
31 157 20
31 157 20
31 157 20
31 157 20
31 157 20
31 157 20
31 157 20
31 157 20
31 157 20
31 157 20
42 168 20
42 168 20
53 168 20
64 168 20
64 168 20
75 168 20
75 168 20
75 168 20
75 168 20
75 168 20
75 168 20
75 168 20
75 168 20
75 168 20
75 168 20
75 168 20
86 168 20
86 168 20
86 168 20
86 168 20
86 179 20
75 179 20
75 179 20
64 179 20
64 179 20
53 179 20
42 179 20
42 179 20
42 179 20
42 179 20
31 179 20
31 179 20
31 179 20
31 168 20
31 168 20
31 168 20
31 168 20
31 168 20
31 168 20
31 168 20
31 168 20
31 168 20
31 168 20
31 168 20
20 168 20
20 168 20
20 168 20
20 168 20
20 168 20
20 168 20
20 168 20
20 168 20
20 168 20
20 168 20
20 168 20
20 168 20
20 168 20
20 168 20
20 168 20
20 168 20
20 168 20
20 168 20
20 168 20
20 168 20
20 179 20
20 179 20
20 179 20
20 179 20
20 179 20
20 179 20
20 179 20
20 179 20
20 179 20
20 179 20
20 179 20
20 179 20
20 179 20
20 179 20
20 179 20
20 179 20
20 179 20
20 179 20
20 179 20
20 179 20
31 190 20
31 190 20
31 190 20
31 190 20
31 190 20
31 190 20
42 190 20
42 190 20
42 190 20
42 190 20
42 190 20
42 190 20
42 190 20
42 190 20
42 190 20
42 190 20
42 190 20
42 190 20
42 190 20
42 190 20
42 190 20
42 190 20
42 190 20
42 190 20
42 190 20
42 190 20
20 190 20
20 190 20
20 190 20
20 190 20
20 190 20
20 190 20
20 190 20
20 190 20
20 190 20
20 190 20
20 190 20
20 190 20
20 190 20
20 190 20
20 190 20
20 190 20
20 190 20
20 190 20
20 190 20
20 190 20
53 190 20
53 190 20
53 190 20
53 190 20
53 190 20
53 190 20
53 190 20
53 190 20
53 190 20
53 190 20
53 190 20
64 190 20
64 190 20
75 190 20
86 190 20
97 190 20
108 190 20
108 179 20
108 168 20
119 179 20
130 179 20
130 179 20
141 179 20
141 179 20
141 179 20
141 179 20
152 179 20
152 179 20
163 179 20
174 179 20
174 179 20
174 168 20
185 168 20
185 157 20
185 146 20
185 135 20
185 135 20
185 135 20
185 135 20
185 135 20
185 135 20
196 135 20
196 135 20
196 135 20
196 135 20
196 135 20
196 135 20
196 135 20
196 135 20
196 135 20
196 135 20
196 135 20
196 135 20
196 135 20
196 135 20
196 135 20
196 135 20
196 135 20
196 135 20
196 135 20
196 124 20
196 124 20
196 124 20
196 124 20
196 124 20
196 124 20
196 124 20
196 124 20
196 124 20
196 124 20
196 124 20
196 124 20
196 124 20
196 124 20
196 124 20
196 124 20
196 124 20
196 124 20
196 124 20
196 124 20
196 146 20
196 146 20
196 146 20
196 157 20
196 157 20
196 168 20
196 179 20
196 190 20
196 190 20
196 190 20
196 190 20
196 190 20
196 190 20
196 190 20
196 190 20
196 190 20
196 190 20
196 190 20
196 190 20
196 190 20
196 190 20
196 190 20
196 190 20
196 190 20
196 190 20
196 190 20
196 190 20
174 190 20
174 190 20
174 190 20
174 190 20
174 190 20
174 190 20
174 190 20
174 190 20
174 190 20
174 190 20
174 190 20
174 190 20
174 190 20
174 190 20
174 190 20
174 190 20
174 190 20
174 190 20
174 190 20
174 190 20
163 190 20
163 190 20
163 190 20
163 190 20
163 190 20
163 190 20
163 190 20
163 190 20
163 190 20
163 190 20
163 190 20
163 190 20
163 190 20
163 190 20
163 190 20
163 190 20
163 190 20
163 190 20
163 190 20
163 190 20
152 190 20
152 190 20
152 190 20
152 190 20
152 190 20
152 190 20
152 190 20
152 190 20
152 190 20
152 190 20
152 190 20
152 190 20
152 190 20
152 190 20
141 190 20
141 190 20
141 190 20
141 190 20
141 190 20
130 190 20
130 190 20
130 190 20
130 190 20
119 190 20
119 190 20
196 113 20
196 113 20
196 113 20
196 113 20
196 113 20
196 113 20
196 113 20
196 113 20
196 113 20
196 113 20
196 113 20
196 113 20
196 113 20
196 113 20
196 113 20
196 113 20
196 113 20
196 113 20
196 113 20
196 113 20
196 102 20
196 102 20
196 102 20
196 102 20
194 77 20
194 77 20
194 77 20
194 77 20
194 66 20
194 66 20
194 66 20
194 66 20
194 66 20
194 66 20
194 66 20
194 66 20
194 66 20
194 66 20
194 66 20
194 66 20
194 66 20
194 66 20
194 66 20
194 66 20
194 66 20
194 66 20
194 66 20
194 66 20
72 61 20
83 61 20
83 61 20
94 61 20
94 61 20
94 61 20
94 61 20
94 61 20
94 61 20
94 61 20
94 61 20
94 61 20
94 61 20
94 61 20
105 61 20
105 61 20
105 61 20
105 61 20
105 61 20
105 61 20
105 61 20
105 61 20
105 61 20
105 61 20
105 61 20
105 61 20
105 61 20
105 61 20
105 61 20
105 61 20
105 61 20
105 61 20
105 61 20
105 61 20
94 50 20
94 50 20
94 50 20
94 50 20
94 50 20
94 50 20
94 50 20
94 50 20
94 50 20
94 50 20
94 50 20
94 50 20
94 50 20
94 50 20
94 50 20
94 50 20
105 50 20
105 50 20
105 50 20
105 50 20
105 50 20
105 50 20
105 50 20
105 50 20
105 50 20
105 50 20
105 50 20
105 50 20
105 50 20
105 50 20
105 50 20
105 50 20
105 50 20
105 50 20
105 50 20
105 50 20
94 39 20
94 39 20
94 39 20
94 39 20
94 39 20
94 39 20
94 39 20
94 39 20
94 39 20
94 39 20
94 39 20
105 39 20
105 39 20
105 39 20
105 39 20
105 39 20
105 39 20
105 39 20
105 39 20
105 39 20
105 39 20
105 39 20
105 39 20
105 39 20
116 39 20
116 39 20
116 39 20
116 39 20
116 39 20
116 39 20
116 39 20
116 39 20
116 39 20
116 39 20
116 39 20
116 39 20
116 39 20
116 39 20
116 39 20
116 39 20
116 39 20
116 39 20
116 39 20
116 39 20
105 28 20
105 28 20
105 28 20
188 193 20
188 193 20
188 193 20
188 193 20
188 193 20
188 193 20
188 193 20
188 193 20
188 193 20
188 193 20
188 193 20
188 193 20
188 193 20
188 193 20
188 193 20
188 193 20
188 193 20
188 193 20
188 193 20
188 193 20
22 76 20
33 76 20
44 76 20
55 76 20
66 76 20
77 76 20
77 76 20
88 76 20
88 76 20
99 76 20
99 76 20
99 76 20
99 76 20
110 76 20
110 76 20
110 76 20
110 76 20
110 76 20
110 76 20
110 76 20
110 76 20
110 76 20
110 76 20
110 76 20
110 76 20
110 76 20
110 76 20
110 76 20
110 76 20
110 76 20
110 76 20
110 76 20
110 76 20
99 87 20
99 87 20
88 87 20
77 87 20
66 87 20
55 87 20
55 87 20
44 87 20
44 87 20
44 87 20
44 87 20
44 87 20
44 87 20
44 87 20
44 87 20
33 87 20
33 87 20
22 87 20
11 87 20
0 87 20
0 76 20
0 65 20
11 65 20
22 65 20
33 65 20
44 65 20
44 54 20
55 54 20
99 174 20
100 174 17
101 174 15
102 174 13
103 174 11
104 174 10
104 174 10
105 174 17
106 174 15
107 174 13
108 174 11
109 174 10
110 174 10
111 174 10
111 174 10
112 174 17
113 174 15
114 174 13
114 175 11
114 176 10
114 176 10
114 177 17
115 177 15
116 177 13
117 177 11
117 177 11
118 177 19
119 177 16
120 177 14
121 177 12
122 177 10
122 177 10
123 177 17
124 177 15
125 177 13
126 177 11
126 177 11
127 177 19
128 177 16
128 177 16
129 177 20
129 177 20
130 177 20
130 177 20
131 177 20
131 177 20
131 177 20
132 177 20
132 177 20
132 177 20
132 177 20
133 177 20
133 177 20
133 177 20
133 177 20
133 177 20
134 177 20
134 177 20
134 177 20
134 177 20
134 177 20
134 177 20
135 177 20
135 177 20
135 177 20
135 177 20
135 177 20
135 177 20
135 177 20
136 177 20
136 177 20
136 177 20
136 177 20
136 177 20
136 177 20
136 177 20
136 177 20
137 177 20
137 177 20
137 177 20
137 177 20
137 177 20
137 177 20
137 177 20
137 177 20
138 177 20
138 177 20
138 177 20
138 177 20
138 177 20
138 177 20
138 177 20
139 177 20
139 177 20
139 177 20
139 177 20
139 177 20
139 177 20
140 177 20
140 177 20
140 177 20
140 177 20
140 177 20
141 177 20
141 177 20
141 177 20
141 177 20
141 177 20
142 177 20
142 177 20
142 177 20
142 177 20
143 177 20
143 177 20
143 177 20
143 177 20
144 177 20
144 177 20
144 177 20
145 177 20
145 177 20
145 177 20
146 177 20
146 177 20
147 177 20
147 177 20
148 177 20
148 177 20
149 177 20
149 177 20
150 177 20
150 177 20
151 177 20
151 177 20
151 177 20
152 177 20
152 177 20
152 177 20
153 177 20
153 177 20
153 177 20
154 177 20
154 177 20
154 177 20
155 177 20
155 177 20
155 177 20
156 177 20
156 177 20
156 177 20
157 177 20
157 177 20
157 177 20
158 177 20
158 177 20
159 177 20
159 177 20
160 177 20
160 177 20
161 177 20
161 177 20
162 177 20
163 177 17
163 177 17
163 176 20
163 175 17
163 175 17
164 175 20
164 174 17
164 174 17
165 174 20
165 173 17
165 173 17
165 172 20
165 172 20
165 171 20
165 171 20
165 170 20
165 170 20
165 169 20
165 168 17
165 168 17
166 168 20
167 168 17
168 168 15
169 168 13
170 168 11
171 168 10
171 168 10
172 168 17
173 168 15
174 167 13
174 166 11
174 165 10
174 164 10
174 163 10
174 162 10
174 162 10
174 161 17
174 160 15
174 159 13
174 158 11
174 158 11
174 156 19
174 155 16
174 154 14
174 153 12
174 152 10
174 152 10
174 151 17
174 150 15
174 149 13
174 148 11
174 148 11
174 147 19
174 145 16
174 145 16
174 144 20
174 144 20
174 143 20
174 143 20
174 142 20
174 142 20
174 141 20
174 141 20
174 141 20
174 140 20
174 140 20
174 140 20
174 140 20
174 139 20
174 139 20
174 139 20
174 139 20
174 138 20
174 138 20
174 138 20
174 138 20
174 138 20
174 137 20
174 137 20
174 137 20
174 137 20
174 137 20
174 136 20
174 136 20
174 136 20
174 136 20
173 135 20
173 135 20
173 135 20
173 135 20
172 135 20
172 135 20
172 135 20
172 135 20
171 135 20
171 135 20
171 135 20
170 135 20
170 135 20
170 135 20
169 135 20
169 135 20
169 135 20
168 135 20
168 135 20
168 135 20
167 135 20
167 135 20
167 135 20
166 135 20
166 135 20
166 135 20
165 135 20
165 135 20
165 135 20
164 135 20
164 135 20
164 135 20
164 135 20
163 134 20
163 134 20
163 134 20
163 134 20
163 133 20
163 133 20
163 133 20
163 133 20
163 132 20
163 132 20
163 132 20
163 132 20
163 131 20
163 131 20
163 131 20
163 131 20
163 131 20
163 130 20
163 130 20
163 130 20
163 130 20
163 130 20
163 129 20
163 129 20
163 129 20
163 129 20
163 129 20
163 129 20
163 128 20
163 128 20
163 128 20
163 128 20
163 128 20
163 128 20
163 128 20
163 127 20
163 127 20
163 127 20
163 127 20
163 127 20
163 127 20
163 127 20
163 127 20
163 126 20
163 126 20
163 126 20
163 126 20
163 126 20
163 126 20
163 126 20
163 126 20
163 126 20
163 125 20
163 125 20
163 125 20
163 125 20
163 125 20
163 125 20
163 125 20
163 125 20
163 125 20
163 125 20
163 125 20
162 124 20
162 124 20
162 124 20
162 124 20
162 124 20
162 124 20
162 124 20
162 124 20
162 124 20
162 124 20
162 124 20
162 124 20
161 124 20
161 124 20
161 124 20
161 124 20
161 124 20
161 124 20
161 124 20
161 124 20
161 124 20
161 124 20
160 124 20
160 124 20
160 124 20
160 124 20
160 124 20
160 124 20
160 124 20
160 124 20
159 124 20
159 124 20
159 124 20
159 124 20
159 124 20
159 124 20
159 124 20
158 124 20
158 124 20
158 124 20
158 124 20
158 124 20
158 124 20
157 124 20
157 124 20
157 124 20
157 124 20
157 124 20
156 124 20
156 124 20
156 124 20
156 124 20
156 124 20
155 124 20
155 124 20
155 124 20
155 124 20
155 124 20
154 124 20
154 124 20
154 124 20
154 124 20
153 124 20
153 124 20
153 124 20
153 124 20
152 123 20
152 123 20
152 123 20
152 123 20
152 122 20
152 122 20
152 122 20
152 122 20
152 121 20
152 121 20
152 121 20
152 121 20
152 120 20
152 120 20
152 120 20
152 119 20
152 119 20
152 119 20
152 118 20
152 118 20
152 118 20
152 117 20
152 117 20
152 116 20
152 116 20
152 115 20
152 115 20
151 115 20
150 115 17
150 115 17
149 115 20
148 115 17
148 115 17
147 115 20
147 114 17
146 114 15
146 114 15
146 113 20
145 113 17
144 113 15
144 113 15
144 112 20
143 112 17
143 111 15
143 110 13
143 110 13
143 109 20
142 109 17
142 108 15
142 108 15
141 108 20
141 107 17
141 107 17
141 106 20
141 105 17
141 105 17
141 104 20
141 104 20
141 103 20
141 103 20
140 102 20
140 102 20
139 102 20
139 102 20
138 102 20
138 102 20
137 102 20
137 102 20
136 102 20
136 102 20
135 102 20
135 102 20
135 102 20
134 102 20
134 102 20
134 102 20
134 102 20
133 102 20
133 102 20
133 102 20
133 102 20
132 102 20
132 102 20
132 102 20
132 102 20
132 102 20
131 102 20
131 102 20
131 102 20
131 102 20
131 102 20
130 101 20
130 101 20
130 101 20
130 101 20
130 101 20
130 100 20
130 100 20
130 100 20
130 100 20
130 100 20
130 99 20
130 99 20
130 99 20
130 99 20
130 99 20
130 98 20
130 98 20
130 98 20
130 98 20
130 97 20
130 97 20
130 97 20
130 97 20
130 96 20
130 96 20
130 96 20
130 96 20
130 95 20
130 95 20
130 95 20
130 95 20
130 95 20
130 94 20
130 94 20
130 94 20
130 94 20
130 94 20
130 94 20
130 93 20
130 93 20
130 93 20
130 93 20
130 93 20
130 93 20
130 93 20
130 93 20
130 92 20
130 92 20
130 92 20
130 92 20
130 92 20
130 92 20
130 92 20
130 92 20
130 92 20
130 92 20
129 92 20
129 92 20
129 92 20
129 92 20
129 92 20
129 92 20
129 92 20
129 92 20
129 92 20
129 91 20
129 91 20
129 91 20
129 91 20
129 91 20
129 91 20
129 91 20
129 91 20
129 91 20
129 91 20
128 91 20
128 91 20
128 91 20
128 91 20
128 91 20
128 91 20
128 91 20
128 91 20
128 91 20
127 91 20
127 91 20
127 91 20
127 91 20
127 91 20
127 91 20
127 91 20
127 91 20
126 91 20
126 91 20
126 91 20
126 91 20
126 91 20
126 91 20
126 91 20
125 91 20
125 91 20
125 91 20
125 91 20
125 91 20
125 91 20
124 91 20
124 91 20
124 91 20
124 91 20
124 91 20
124 91 20
123 91 20
123 91 20
123 91 20
123 91 20
123 91 20
123 91 20
122 91 20
122 91 20
122 91 20
122 91 20
122 91 20
122 91 20
122 91 20
121 91 20
121 91 20
121 91 20
121 91 20
121 91 20
121 91 20
121 91 20
121 91 20
121 91 20
120 91 20
120 91 20
120 91 20
120 91 20
120 91 20
120 91 20
120 91 20
120 91 20
120 91 20
120 91 20
120 91 20
119 90 20
119 90 20
119 90 20
119 90 20
119 90 20
119 90 20
119 90 20
119 90 20
119 90 20
119 90 20
119 90 20
119 90 20
119 90 20
119 90 20
118 90 20
118 90 20
118 90 20
118 90 20
118 90 20
118 90 20
118 90 20
118 90 20
118 90 20
118 90 20
118 90 20
118 90 20
118 90 20
118 90 20
118 90 20
118 90 20
118 90 20
118 89 20
118 89 20
118 89 20
118 89 20
118 89 20
118 89 20
118 89 20
118 89 20
118 89 20
118 89 20
118 89 20
118 89 20
118 89 20
118 89 20
118 89 20
118 89 20
117 89 20
117 89 20
117 89 20
117 89 20
117 89 20
117 89 20
117 89 20
117 89 20
117 89 20
117 89 20
117 89 20
117 89 20
117 89 20
117 89 20
117 89 20
117 89 20
117 89 20
117 89 20
117 89 20
116 89 20
116 89 20
116 89 20
116 89 20
116 89 20
116 89 20
116 89 20
116 89 20
116 89 20
116 89 20
116 89 20
116 89 20
116 89 20
116 89 20
116 89 20
116 89 20
116 89 20
116 89 20
116 89 20
116 89 20
116 89 20
116 89 20
115 89 20
115 89 20
115 89 20
115 89 20
115 89 20
115 89 20
115 89 20
115 89 20
115 89 20
115 89 20
115 89 20
115 89 20
115 89 20
115 89 20
115 89 20
115 89 20
115 89 20
115 89 20
115 89 20
115 89 20
115 89 20
115 89 20
115 89 20
115 89 20
115 89 20
115 89 20
114 89 20
114 89 20
114 89 20
114 89 20
114 89 20
114 89 20
114 89 20
114 89 20
114 89 20
114 89 20
114 89 20
114 89 20
114 89 20
114 89 20
114 89 20
114 89 20
114 89 20
114 89 20
114 89 20
114 89 20
114 89 20
114 89 20
114 89 20
114 89 20
114 89 20
114 89 20
114 89 20
114 89 20
114 89 20
114 89 20
114 89 20
114 89 20
113 89 20
113 89 20
113 89 20
113 89 20
113 89 20
113 89 20
113 89 20
113 89 20
113 89 20
113 89 20
113 89 20
113 89 20
113 89 20
113 89 20
113 89 20
113 89 20
113 89 20
113 89 20
113 89 20
113 89 20
113 89 20
113 89 20
113 89 20
113 89 20
113 89 20
113 89 20
113 89 20
113 89 20
113 89 20
113 89 20
113 89 20
113 89 20
113 89 20
113 89 20
113 89 20
113 89 20
113 89 20
113 89 20
112 89 20
112 89 20
112 89 20
112 89 20
112 89 20
112 89 20
112 89 20
112 89 20
112 89 20
112 89 20
112 89 20
112 89 20
112 89 20
112 89 20
112 89 20
112 89 20
112 89 20
112 89 20
112 89 20
112 89 20
112 89 20
112 89 20
112 89 20
112 89 20
112 89 20
112 89 20
112 89 20
112 89 20
112 89 20
112 89 20
112 89 20
112 89 20
112 89 20
112 89 20
112 89 20
112 89 20
112 89 20
112 89 20
112 89 20
112 89 20
111 89 20
111 89 20
111 89 20
111 89 20
111 89 20
111 89 20
111 89 20
111 89 20
111 89 20
111 89 20
111 89 20
111 89 20
111 89 20
111 89 20
111 89 20
111 89 20
111 89 20
111 89 20
111 89 20
111 89 20
111 89 20
111 89 20
111 89 20
111 89 20
111 89 20
111 89 20
111 89 20
111 89 20
111 89 20
111 89 20
111 89 20
111 89 20
111 89 20
111 89 20
111 89 20
111 89 20
111 89 20
111 89 20
111 89 20
110 89 20
110 89 20
110 89 20
110 89 20
110 89 20
110 89 20
110 89 20
110 89 20
110 89 20
110 89 20
110 89 20
110 89 20
110 89 20
110 89 20
110 89 20
110 89 20
110 89 20
110 89 20
110 89 20
110 89 20
110 89 20
110 89 20
110 89 20
110 89 20
110 89 20
110 89 20
110 89 20
110 89 20
110 89 20
110 89 20
110 89 20
110 89 20
110 89 20
110 89 20
110 89 20
110 89 20
110 89 20
110 89 20
109 89 20
109 89 20
109 89 20
109 89 20
109 89 20
109 89 20
109 89 20
109 89 20
109 89 20
109 89 20
109 89 20
109 89 20
109 89 20
109 89 20
109 89 20
109 89 20
109 89 20
109 89 20
109 89 20
109 89 20
109 89 20
109 89 20
109 89 20
109 89 20
109 89 20
109 89 20
109 89 20
109 89 20
109 89 20
109 89 20
109 89 20
109 89 20
109 89 20
109 89 20
109 89 20
109 89 20
108 89 20
108 89 20
108 89 20
108 89 20
108 89 20
108 89 20
108 89 20
108 89 20
108 89 20
108 89 20
108 89 20
108 89 20
108 89 20
108 89 20
108 89 20
108 89 20
108 89 20
108 89 20
108 89 20
108 89 20
108 89 20
108 89 20
108 89 20
108 89 20
108 89 20
108 89 20
108 89 20
108 89 20
108 89 20
108 89 20
108 89 20
108 89 20
107 89 20
107 89 20
107 89 20
107 89 20
107 89 20
107 89 20
107 89 20
107 89 20
107 89 20
107 89 20
107 89 20
107 89 20
107 89 20
107 89 20
107 89 20
107 89 20
107 89 20
107 89 20
107 89 20
107 89 20
107 89 20
107 89 20
107 89 20
107 89 20
107 89 20
107 89 20
107 89 20
106 89 20
106 89 20
106 89 20
106 89 20
106 89 20
106 89 20
106 89 20
106 89 20
106 89 20
106 89 20
106 89 20
106 89 20
106 89 20
106 89 20
106 89 20
106 89 20
106 89 20
106 89 20
106 89 20
106 89 20
106 89 20
106 89 20
105 89 20
105 89 20
105 89 20
105 89 20
105 89 20
105 89 20
105 89 20
105 89 20
105 89 20
105 89 20
105 89 20
105 89 20
105 89 20
105 89 20
105 89 20
105 89 20
105 89 20
104 89 20
104 89 20
104 89 20
104 89 20
104 89 20
104 89 20
104 89 20
104 89 20
104 89 20
104 89 20
104 89 20
104 89 20
104 89 20
103 89 20
103 89 20
103 89 20
103 89 20
103 89 20
103 89 20
103 89 20
103 89 20
103 89 20
102 89 20
102 89 20
102 89 20
102 89 20
102 89 20
102 89 20
101 89 20
101 89 20
101 89 20
101 89 20
100 89 20
100 89 20
100 88 20
100 88 20
99 88 20
99 88 20
98 87 20
98 87 20
97 87 20
96 87 17
96 87 17
95 87 20
94 87 17
94 86 15
94 86 15
94 85 20
94 85 20
94 84 20
94 84 20
94 83 20
94 83 20
94 82 20
94 82 20
94 81 20
94 81 20
94 81 20
94 80 20
94 80 20
94 80 20
94 79 20
94 79 20
94 79 20
94 79 20
94 78 20
94 78 20
94 78 20
94 78 20
94 78 20
94 77 20
94 77 20
94 77 20
94 77 20
94 77 20
94 77 20
94 76 20
94 76 20
94 76 20
94 76 20
94 76 20
94 76 20
94 76 20
94 75 20
94 75 20
94 75 20
94 75 20
94 75 20
94 75 20
94 75 20
94 75 20
94 74 20
94 74 20
94 74 20
94 74 20
94 74 20
94 74 20
94 74 20
94 74 20
94 73 20
94 73 20
94 73 20
94 73 20
94 73 20
94 73 20
94 73 20
94 72 20
94 72 20
94 72 20
94 72 20
94 72 20
94 72 20
94 72 20
94 71 20
94 71 20
94 71 20
94 71 20
94 71 20
94 71 20
94 71 20
94 70 20
94 70 20
94 70 20
94 70 20
94 70 20
94 70 20
94 69 20
94 69 20
94 69 20
94 69 20
94 69 20
94 69 20
94 68 20
94 68 20
94 68 20
94 68 20
94 68 20
94 68 20
94 67 20
94 67 20
94 67 20
94 67 20
94 67 20
94 67 20
94 66 20
94 66 20
94 66 20
94 66 20
94 66 20
94 65 20
94 65 20
94 65 20
94 65 20
94 65 20
94 64 20
94 64 20
94 64 20
94 64 20
94 64 20
94 64 20
94 63 20
94 63 20
94 63 20
94 63 20
94 63 20
94 63 20
94 62 20
94 62 20
94 62 20
94 62 20
94 62 20
94 62 20
94 62 20
94 62 20
94 60 20
94 60 20
94 60 20
94 60 20
94 60 20
94 60 20
94 60 20
94 60 20
94 60 20
94 60 20
94 60 20
94 60 20
94 60 20
94 60 20
94 59 20
94 59 20
94 59 20
94 59 20
94 59 20
94 59 20
94 59 20
94 59 20
94 59 20
94 59 20
94 59 20
94 59 20
94 59 20
94 59 20
94 59 20
94 59 20
94 59 20
94 58 20
94 58 20
94 58 20
94 58 20
94 58 20
94 58 20
94 58 20
94 58 20
94 58 20
94 58 20
94 58 20
94 58 20
94 58 20
94 58 20
94 58 20
94 58 20
94 58 20
94 58 20
94 58 20
94 58 20
94 58 20
94 57 20
94 57 20
94 57 20
94 57 20
94 57 20
94 57 20
94 57 20
94 57 20
94 57 20
94 57 20
94 57 20
94 57 20
94 57 20
94 57 20
94 57 20
94 57 20
94 57 20
94 57 20
94 57 20
94 57 20
94 57 20
94 57 20
94 57 20
94 57 20
94 56 20
94 56 20
94 56 20
94 56 20
94 56 20
94 56 20
94 56 20
94 56 20
94 56 20
94 56 20
94 56 20
94 56 20
94 56 20
94 56 20
94 56 20
94 56 20
94 56 20
94 56 20
94 56 20
94 56 20
94 56 20
94 56 20
94 56 20
94 56 20
94 56 20
94 56 20
94 55 20
94 55 20
94 55 20
94 55 20
94 55 20
94 55 20
94 55 20
94 55 20
94 55 20
94 55 20
94 55 20
94 55 20
94 55 20
94 55 20
94 55 20
94 55 20
94 55 20
94 55 20
94 55 20
94 55 20
94 55 20
94 55 20
94 55 20
94 55 20
94 55 20
94 55 20
94 55 20
94 54 20
94 54 20
94 54 20
94 54 20
94 54 20
94 54 20
94 54 20
94 54 20
94 54 20
94 54 20
94 54 20
94 54 20
94 54 20
94 54 20
94 54 20
94 54 20
94 54 20
94 54 20
94 54 20
94 54 20
94 54 20
94 54 20
94 54 20
94 54 20
94 54 20
94 54 20
94 53 20
94 53 20
94 53 20
94 53 20
94 53 20
94 53 20
94 53 20
94 53 20
94 53 20
94 53 20
94 53 20
94 53 20
94 53 20
94 53 20
94 53 20
94 53 20
94 53 20
94 53 20
94 53 20
94 53 20
94 53 20
94 53 20
94 53 20
94 53 20
94 52 20
94 52 20
94 52 20
94 52 20
94 52 20
94 52 20
94 52 20
94 52 20
94 52 20
94 52 20
94 52 20
94 52 20
94 52 20
94 52 20
94 52 20
94 52 20
94 52 20
94 52 20
94 52 20
94 52 20
94 52 20
94 51 20
94 51 20
94 51 20
94 51 20
94 51 20
94 51 20
94 51 20
94 51 20
94 51 20
94 51 20
94 51 20
94 51 20
94 51 20
94 51 20
94 51 20
94 51 20
94 51 20
94 51 20
94 49 20
94 49 20
94 49 20
94 49 20
94 49 20
94 49 20
94 49 20
94 49 20
94 49 20
94 49 20
94 49 20
94 49 20
94 49 20
94 49 20
94 49 20
94 48 20
94 48 20
94 48 20
94 48 20
94 48 20
94 48 20
94 48 20
94 48 20
94 48 20
94 48 20
94 48 20
94 48 20
94 48 20
94 48 20
94 47 20
94 47 20
94 47 20
94 47 20
94 47 20
94 47 20
94 47 20
94 47 20
94 47 20
94 47 20
94 47 20
94 47 20
94 47 20
94 47 20
94 46 20
94 46 20
94 46 20
94 46 20
94 46 20
94 46 20
94 46 20
94 46 20
94 46 20
94 46 20
94 46 20
94 46 20
94 46 20
94 46 20
94 46 20
94 45 20
94 45 20
94 45 20
94 45 20
94 45 20
94 45 20
94 45 20
94 45 20
94 45 20
94 45 20
94 45 20
94 45 20
94 45 20
94 45 20
94 45 20
94 44 20
94 44 20
94 44 20
94 44 20
94 44 20
94 44 20
94 44 20
94 44 20
94 44 20
94 44 20
94 44 20
94 44 20
94 44 20
94 44 20
94 44 20
94 44 20
94 43 20
94 43 20
94 43 20
94 43 20
94 43 20
94 43 20
94 43 20
94 43 20
94 43 20
94 43 20
94 43 20
94 43 20
94 43 20
94 43 20
94 43 20
94 43 20
94 43 20
94 42 20
94 42 20
94 42 20
94 42 20
94 42 20
94 42 20
94 42 20
94 42 20
94 42 20
94 42 20
94 42 20
94 42 20
94 42 20
94 42 20
94 42 20
94 42 20
94 42 20
94 41 20
94 41 20
94 41 20
94 41 20
94 41 20
94 41 20
94 41 20
94 41 20
94 41 20
94 41 20
94 41 20
94 41 20
94 41 20
94 41 20
94 41 20
94 41 20
94 40 20
94 40 20
94 40 20
94 40 20
94 40 20
94 40 20
94 40 20
94 40 20
94 40 20
94 40 20
94 40 20
94 40 20
94 40 20
94 40 20
95 39 20
95 39 20
95 39 20
95 39 20
95 39 20
95 39 20
95 39 20
95 39 20
95 39 20
95 39 20
95 39 20
95 39 20
96 39 20
96 39 20
96 39 20
96 39 20
96 39 20
96 39 20
96 39 20
96 39 20
96 39 20
96 39 20
96 39 20
96 39 20
97 39 20
97 39 20
97 39 20
97 39 20
97 39 20
97 39 20
97 39 20
97 39 20
97 39 20
97 39 20
97 39 20
98 39 20
98 39 20
98 39 20
98 39 20
98 39 20
98 39 20
98 39 20
98 39 20
98 39 20
99 39 20
99 39 20
99 39 20
99 39 20
99 39 20
99 39 20
99 39 20
99 39 20
100 39 20
100 39 20
100 39 20
100 39 20
100 39 20
100 39 20
100 39 20
101 39 20
101 39 20
101 39 20
101 39 20
101 39 20
101 39 20
102 39 20
102 39 20
102 39 20
102 39 20
102 39 20
102 39 20
102 39 20
103 39 20
103 39 20
103 39 20
103 39 20
103 39 20
103 39 20
103 39 20
103 39 20
104 39 20
104 39 20
104 39 20
104 39 20
104 39 20
104 39 20
104 39 20
104 39 20
104 39 20
104 39 20
104 38 20
104 38 20
104 38 20
104 38 20
104 38 20
104 38 20
104 38 20
104 38 20
104 38 20
104 38 20
105 38 20
105 38 20
105 38 20
105 38 20
105 38 20
105 38 20
105 38 20
105 38 20
105 38 20
105 38 20
105 38 20
105 38 20
105 38 20
105 37 20
105 37 20
105 37 20
105 37 20
105 37 20
105 37 20
105 37 20
105 37 20
105 37 20
105 37 20
105 37 20
105 37 20
105 37 20
105 37 20
105 36 20
105 36 20
105 36 20
105 36 20
105 36 20
105 36 20
105 36 20
105 36 20
105 36 20
105 36 20
105 36 20
105 36 20
105 36 20
105 36 20
105 35 20
105 35 20
105 35 20
105 35 20
105 35 20
105 35 20
105 35 20
105 35 20
105 35 20
105 35 20
105 35 20
105 35 20
105 35 20
105 35 20
105 34 20
105 34 20
105 34 20
105 34 20
105 34 20
105 34 20
105 34 20
105 34 20
105 34 20
105 34 20
105 34 20
105 34 20
105 34 20
105 33 20
105 33 20
105 33 20
105 33 20
105 33 20
105 33 20
105 33 20
105 33 20
105 33 20
105 33 20
105 33 20
105 33 20
105 32 20
105 32 20
105 32 20
105 32 20
105 32 20
105 32 20
105 32 20
105 32 20
105 32 20
105 32 20
105 32 20
105 31 20
105 31 20
105 31 20
105 31 20
105 31 20
105 31 20
105 31 20
105 31 20
105 31 20
105 30 20
105 30 20
105 30 20
105 30 20
105 30 20
105 30 20
105 29 20
105 29 20
105 29 20
105 29 20
105 29 20
105 27 20
105 27 20
105 26 20
105 26 20
105 25 20
105 25 20
105 24 20
105 24 20
105 23 20
105 22 17
105 22 17
105 21 20
105 20 17
106 20 15
106 20 15
107 20 20
107 20 20
108 20 20
108 20 20
109 20 20
109 20 20
110 20 20
110 20 20
112 20 20
112 20 20
113 20 20
113 20 20
114 20 20
114 20 20
115 20 20
115 20 20
115 20 20
116 20 20
116 20 20
116 20 20
117 20 20
117 20 20
117 20 20
117 20 20
118 20 20
118 20 20
118 20 20
118 20 20
118 20 20
119 20 20
119 20 20
119 20 20
119 20 20
119 20 20
119 20 20
119 20 20
120 20 20
120 20 20
120 20 20
120 20 20
120 20 20
120 20 20
120 20 20
120 20 20
121 20 20
121 20 20
121 20 20
121 20 20
121 20 20
121 20 20
121 20 20
121 20 20
121 20 20
123 20 20
123 20 20
123 20 20
123 20 20
123 20 20
123 20 20
123 20 20
123 20 20
123 20 20
123 20 20
124 20 20
124 20 20
124 20 20
124 20 20
124 20 20
124 20 20
124 20 20
124 20 20
124 20 20
124 20 20
125 20 20
125 20 20
125 20 20
125 20 20
125 20 20
125 20 20
125 20 20
125 20 20
125 20 20
126 20 20
126 20 20
126 20 20
126 20 20
126 20 20
126 20 20
126 20 20
126 20 20
126 20 20
127 20 20
127 20 20
127 20 20
127 20 20
127 20 20
127 20 20
127 20 20
127 20 20
127 20 20
127 20 20
128 20 20
128 20 20
128 20 20
128 20 20
128 20 20
128 20 20
128 20 20
128 20 20
128 20 20
128 20 20
128 20 20
129 20 20
129 20 20
129 20 20
129 20 20
129 20 20
129 20 20
129 20 20
129 20 20
129 20 20
129 20 20
129 20 20
129 20 20
129 20 20
130 20 20
130 20 20
130 20 20
130 20 20
130 20 20
130 20 20
130 20 20
130 20 20
130 20 20
130 20 20
130 20 20
130 20 20
130 20 20
130 20 20
130 20 20
131 20 20
131 20 20
131 20 20
131 20 20
131 20 20
131 20 20
131 20 20
131 20 20
131 20 20
131 20 20
131 20 20
131 20 20
131 20 20
131 20 20
131 20 20
131 20 20
132 20 20
132 20 20
132 20 20
132 20 20
132 20 20
132 20 20
132 20 20
132 20 20
132 20 20
132 20 20
132 20 20
132 20 20
132 20 20
132 20 20
132 20 20
132 20 20
132 20 20
134 20 20
134 20 20
134 20 20
134 20 20
134 20 20
134 20 20
134 20 20
134 20 20
134 20 20
134 20 20
134 20 20
134 20 20
134 20 20
134 20 20
135 20 20
135 20 20
135 20 20
135 20 20
135 20 20
135 20 20
135 20 20
135 20 20
135 20 20
135 20 20
135 20 20
136 20 20
136 20 20
136 20 20
136 20 20
136 20 20
136 20 20
136 20 20
136 20 20
136 20 20
137 20 20
137 20 20
137 20 20
137 20 20
137 20 20
137 20 20
137 20 20
137 20 20
138 20 20
138 20 20
138 20 20
138 20 20
138 20 20
138 20 20
138 20 20
139 20 20
139 20 20
139 20 20
139 20 20
139 20 20
139 20 20
140 20 20
140 20 20
140 20 20
140 20 20
140 20 20
140 20 20
141 20 20
141 20 20
141 20 20
141 20 20
141 20 20
141 20 20
142 20 20
142 20 20
142 20 20
142 20 20
142 20 20
142 20 20
142 20 20
143 20 20
143 20 20
143 20 20
143 20 20
143 20 20
143 20 20
143 20 20
145 20 20
145 20 20
145 20 20
145 20 20
145 20 20
145 20 20
145 20 20
145 20 20
145 20 20
146 20 20
146 20 20
146 20 20
146 20 20
146 20 20
146 20 20
146 20 20
146 20 20
146 20 20
147 20 20
147 20 20
147 20 20
147 20 20
147 20 20
147 20 20
147 20 20
147 20 20
147 20 20
148 20 20
148 20 20
148 20 20
148 20 20
148 20 20
148 20 20
148 20 20
148 20 20
149 20 20
149 20 20
149 20 20
149 20 20
149 20 20
149 20 20
149 20 20
150 20 20
150 20 20
150 20 20
150 20 20
150 20 20
150 20 20
151 20 20
151 20 20
151 20 20
151 20 20
152 20 20
152 20 20
152 20 20
153 20 20
153 20 20
153 20 20
154 20 20
154 20 20
155 21 20
155 21 20
155 22 20
155 22 20
156 22 20
156 22 20
156 23 20
156 23 20
157 23 20
157 23 20
157 24 20
157 24 20
158 24 20
158 24 20
158 25 20
158 25 20
159 25 20
159 25 20
159 26 20
159 26 20
160 26 20
160 26 20
160 27 20
160 27 20
161 27 20
161 27 20
161 28 20
161 28 20
162 28 20
162 28 20
162 29 20
163 29 17
163 29 17
163 30 20
163 31 17
163 32 15
12 76 20
13 76 17
14 76 15
15 76 13
16 76 11
17 76 10
18 76 10
19 76 10
20 76 10
21 76 10
23 76 10
24 76 10
25 76 10
26 76 10
27 76 10
28 76 10
29 76 10
30 76 10
31 76 10
32 76 10
34 76 10
35 76 10
36 76 10
37 76 10
38 76 10
39 76 10
40 76 10
41 76 10
41 76 10
42 76 17
43 76 15
45 76 13
46 76 11
47 76 10
47 76 10
48 76 17
49 76 15
50 76 13
51 76 11
51 76 11
52 76 19
53 76 16
54 76 14
56 76 12
56 76 12
57 76 20
58 76 17
59 76 15
60 76 13
60 76 13
61 76 20
62 76 17
63 76 15
64 76 13
64 77 11
64 77 11
64 78 19
64 79 16
65 79 14
65 80 12
65 81 10
65 81 10
66 81 17
67 81 15
67 82 13
68 82 11
68 82 11
68 83 19
68 84 16
68 85 14
68 86 12
68 87 10
68 87 10
69 87 17
70 87 15
71 87 13
72 87 11
72 87 11
73 87 19
74 87 16
75 87 14
75 87 14
76 87 20
78 87 17
79 87 15
80 87 13
80 87 13
81 87 20
82 87 17
83 87 15
84 87 13
84 87 13
85 87 20
86 87 17
87 87 15
87 87 15
88 88 20
89 88 17
89 88 17
90 88 20
91 88 17
91 88 17
92 88 20
93 88 17
93 88 17
94 88 20
95 40 20
95 40 20
95 40 20
95 40 20
95 40 20
95 40 20
95 40 20
95 40 20
95 40 20
95 40 20
95 40 20
95 40 20
95 40 20
95 40 20
95 40 20
95 40 20
154 21 20
154 21 20
189 182 20
190 182 17
190 181 15
190 180 13
190 179 11
190 179 11
191 179 19
192 179 16
193 179 14
194 179 12
194 179 12
195 179 20
196 178 17
196 177 15
196 176 13
196 176 13
196 175 20
196 174 17
196 173 15
196 172 13
196 171 11
196 170 10
196 170 10
196 169 17
195 168 15
194 168 13
193 168 11
192 168 10
191 168 10
190 168 10
189 168 10
188 168 10
187 168 10
186 168 10
184 168 10
183 168 10
182 168 10
181 168 10
180 168 10
180 169 10
179 169 10
178 169 10
177 169 10
176 169 10
175 169 10
174 169 10
173 136 20
173 136 20
173 136 20
173 136 20
162 125 20
162 125 20
162 125 20
162 125 20
162 125 20
162 125 20
162 125 20
162 125 20
162 125 20
162 125 20
153 123 20
153 123 20
153 123 20
153 123 20
120 90 20
120 90 20
120 90 20
120 90 20
120 90 20
120 90 20
120 90 20
120 90 20
120 90 20
120 90 20
120 90 20
98 88 17
98 88 17
61 62 20
61 63 17
61 64 15
61 65 13
61 66 11
61 67 10
61 68 10
61 69 10
61 70 10
61 71 10
61 71 10
61 72 17
61 73 15
61 74 13
61 75 11
61 75 11
193 88 20
193 88 20
192 88 20
192 88 20
192 89 20
192 89 20
192 90 20
192 91 17
192 91 17
191 91 20
191 91 20
190 91 20
190 91 20
189 91 20
189 91 20
189 91 20
188 91 20
188 91 20
188 91 20
187 91 20
187 91 20
187 91 20
187 91 20
186 91 20
186 91 20
186 91 20
186 91 20
186 91 20
186 91 20
185 92 20
185 92 20
185 92 20
185 92 20
185 92 20
185 92 20
185 92 20
185 93 20
185 93 20
185 93 20
185 93 20
185 93 20
185 93 20
185 93 20
185 93 20
185 94 20
185 94 20
185 94 20
185 94 20
185 94 20
185 94 20
185 94 20
185 94 20
185 95 20
185 95 20
185 95 20
185 95 20
185 95 20
185 95 20
185 95 20
185 95 20
185 95 20
185 96 20
185 96 20
185 96 20
185 96 20
185 96 20
185 96 20
185 96 20
185 96 20
185 96 20
185 96 20
185 97 20
185 97 20
185 97 20
185 97 20
185 97 20
185 97 20
185 97 20
185 97 20
185 97 20
185 97 20
185 97 20
185 97 20
185 98 20
185 98 20
185 98 20
185 98 20
185 98 20
185 98 20
185 98 20
185 98 20
185 98 20
185 98 20
185 98 20
185 98 20
185 98 20
185 99 20
185 99 20
185 99 20
185 99 20
185 99 20
185 99 20
185 99 20
185 99 20
185 99 20
185 99 20
185 99 20
185 99 20
185 99 20
185 99 20
185 100 20
185 100 20
185 100 20
185 100 20
185 100 20
185 100 20
185 100 20
185 100 20
185 100 20
185 100 20
185 100 20
185 100 20
185 100 20
185 101 20
185 101 20
185 101 20
185 101 20
185 101 20
185 101 20
185 101 20
185 101 20
185 101 20
185 101 20
185 101 20
185 101 20
185 103 20
185 103 20
185 103 20
185 103 20
185 103 20
185 103 20
185 103 20
185 103 20
185 103 20
185 104 20
185 104 20
185 104 20
185 104 20
185 104 20
185 104 20
185 104 20
185 105 20
185 105 20
185 105 20
185 105 20
185 105 20
185 105 20
185 106 20
185 106 20
185 106 20
185 106 20
185 106 20
185 106 20
185 107 20
185 107 20
185 107 20
185 107 20
185 107 20
185 108 20
185 108 20
185 108 20
185 108 20
185 109 20
185 109 20
185 109 20
185 109 20
185 110 20
185 110 20
185 110 20
185 111 20
185 111 20
185 111 20
185 112 20
185 112 20
185 112 20
185 112 20
184 113 20
184 113 20
184 113 20
184 113 20
183 113 20
183 113 20
183 113 20
183 113 20
183 113 20
182 113 20
182 113 20
182 113 20
182 113 20
182 113 20
181 113 20
181 113 20
181 113 20
181 113 20
181 113 20
181 113 20
180 113 20
180 113 20
180 113 20
180 113 20
180 113 20
180 113 20
179 113 20
179 113 20
179 113 20
179 113 20
179 113 20
179 113 20
178 113 20
178 113 20
178 113 20
178 113 20
178 113 20
178 113 20
177 113 20
177 113 20
177 113 20
177 113 20
177 113 20
176 113 20
176 113 20
176 113 20
176 113 20
175 113 20
175 113 20
175 113 20
175 113 20
173 113 20
173 113 20
173 113 20
172 113 20
172 113 20
172 113 20
171 113 20
171 113 20
171 113 20
170 113 20
170 113 20
170 113 20
169 113 20
169 113 20
169 113 20
168 113 20
168 113 20
168 113 20
167 113 20
167 113 20
167 113 20
166 113 20
166 113 20
166 113 20
165 113 20
165 113 20
165 113 20
164 113 20
164 113 20
164 113 20
164 113 20
162 113 20
162 113 20
162 113 20
162 113 20
161 113 20
161 113 20
161 113 20
161 113 20
160 113 20
160 113 20
160 113 20
160 113 20
159 113 20
159 113 20
159 113 20
159 113 20
158 113 20
158 113 20
158 113 20
157 113 20
157 113 20
157 113 20
156 113 20
156 113 20
155 113 20
155 113 20
154 113 20
154 113 20
153 113 20
153 114 17
153 114 17
153 115 20
153 115 20
101 20 20
102 20 17
103 20 15
104 20 13
104 20 13
