98 129 20
42 115 20
42 115 20
42 115 20
42 115 20
42 115 20
42 115 20
42 115 20
84 86 20
84 86 20
124 110 20
124 110 20
94 178 20
195 178 20
72 154 20
51 9 20
51 9 20
51 9 20
51 9 20
51 9 20
51 9 20
51 9 20
51 9 20
51 9 20
51 9 20
51 9 20
51 9 20
51 9 20
51 9 20
51 9 20
51 9 20
51 9 20
51 9 20
51 9 20
51 9 20
51 9 20
51 9 20
51 9 20
51 9 20
51 9 20
51 9 20
51 9 20
51 9 20
51 9 20
51 9 20
51 9 20
51 9 20
51 9 20
51 9 20
51 9 20
51 9 20
51 9 20
40 9 20
40 9 20
40 9 20
40 9 20
40 9 20
40 9 20
40 9 20
40 9 20
40 9 20
40 9 20
40 9 20
40 9 20
40 9 20
40 9 20
40 9 20
40 9 20
40 9 20
40 9 20
40 9 20
40 9 20
51 20 20
51 20 20
51 20 20
51 20 20
51 20 20
51 20 20
51 20 20
51 20 20
51 20 20
51 20 20
51 20 20
51 20 20
51 20 20
51 20 20
51 20 20
51 20 20
51 20 20
51 20 20
51 20 20
51 20 20
62 9 20
62 9 20
62 9 20
62 9 20
62 9 20
62 9 20
62 9 20
62 9 20
62 9 20
62 9 20
62 9 20
62 9 20
62 9 20
62 9 20
62 9 20
62 9 20
62 9 20
62 9 20
62 9 20
62 9 20
42 104 20
42 104 20
42 93 20
42 93 20
42 82 20
42 82 20
42 82 20
42 82 20
31 82 20
31 82 20
31 82 20
31 82 20
31 82 20
31 82 20
31 82 20
31 82 20
31 82 20
31 82 20
31 82 20
31 82 20
31 82 20
31 82 20
31 82 20
31 82 20
31 82 20
31 82 20
31 82 20
31 82 20
42 71 20
42 71 20
42 71 20
42 71 20
42 71 20
42 71 20
42 71 20
42 71 20
42 71 20
42 71 20
42 71 20
42 71 20
31 71 20
31 71 20
31 71 20
31 71 20
31 71 20
31 71 20
31 71 20
31 71 20
31 71 20
31 71 20
31 71 20
31 71 20
31 71 20
31 71 20
31 71 20
31 71 20
31 71 20
31 71 20
31 71 20
31 71 20
42 60 20
42 60 20
42 60 20
42 60 20
42 60 20
42 60 20
42 60 20
42 60 20
42 60 20
42 60 20
42 60 20
42 60 20
42 60 20
42 60 20
42 60 20
31 60 20
31 60 20
31 60 20
31 60 20
31 60 20
31 60 20
31 60 20
31 60 20
31 60 20
31 60 20
31 60 20
31 60 20
31 60 20
31 60 20
20 60 20
20 60 20
20 60 20
20 60 20
20 60 20
20 60 20
20 60 20
20 60 20
20 60 20
20 60 20
20 60 20
20 60 20
20 60 20
20 60 20
20 60 20
20 60 20
20 60 20
20 60 20
20 60 20
20 60 20
31 49 20
31 49 20
31 49 20
31 49 20
31 49 20
31 49 20
31 49 20
31 49 20
31 49 20
31 49 20
31 49 20
31 49 20
31 49 20
31 49 20
20 49 20
20 49 20
73 86 20
73 86 20
73 86 20
73 86 20
73 86 20
73 86 20
73 86 20
73 86 20
73 86 20
73 86 20
73 86 20
73 86 20
73 86 20
73 86 20
73 86 20
73 86 20
73 86 20
73 86 20
73 86 20
73 86 20
84 75 20
84 75 20
84 75 20
84 75 20
84 75 20
84 75 20
84 75 20
84 75 20
73 75 20
73 75 20
73 75 20
73 75 20
73 75 20
73 75 20
73 75 20
73 75 20
73 75 20
73 75 20
73 75 20
73 75 20
73 75 20
73 75 20
73 75 20
73 75 20
73 75 20
73 75 20
73 75 20
73 75 20
84 64 20
84 64 20
84 64 20
84 64 20
84 64 20
84 64 20
84 64 20
84 64 20
84 64 20
84 64 20
84 64 20
84 64 20
84 64 20
84 64 20
84 64 20
84 64 20
84 64 20
84 64 20
84 64 20
84 64 20
95 75 20
95 75 20
95 75 20
95 75 20
95 64 20
95 64 20
95 64 20
95 64 20
95 64 20
95 64 20
95 64 20
95 64 20
95 64 20
95 64 20
95 64 20
95 64 20
95 64 20
95 64 20
95 64 20
95 64 20
95 64 20
95 64 20
95 64 20
95 64 20
95 86 20
95 97 20
84 97 20
73 97 20
73 97 20
73 97 20
73 97 20
73 97 20
73 97 20
62 97 20
62 97 20
62 97 20
62 97 20
62 97 20
62 97 20
62 97 20
62 97 20
62 97 20
62 97 20
62 97 20
62 97 20
62 97 20
62 97 20
62 97 20
62 97 20
62 97 20
51 97 20
51 97 20
51 97 20
51 97 20
51 97 20
51 97 20
51 97 20
51 97 20
51 97 20
51 97 20
51 97 20
51 97 20
51 97 20
51 97 20
113 110 20
102 110 20
91 110 20
80 110 20
80 110 20
80 110 20
80 110 20
80 110 20
80 110 20
80 110 20
80 110 20
80 110 20
80 110 20
69 110 20
69 110 20
69 110 20
69 110 20
69 110 20
69 110 20
69 110 20
69 110 20
69 110 20
69 110 20
69 110 20
69 110 20
69 110 20
69 110 20
69 110 20
69 110 20
69 110 20
69 110 20
69 110 20
69 110 20
80 121 20
80 121 20
80 121 20
80 121 20
80 121 20
80 121 20
80 121 20
80 121 20
80 121 20
80 121 20
69 121 20
69 121 20
69 121 20
69 121 20
69 121 20
69 121 20
69 121 20
69 121 20
69 121 20
69 121 20
69 121 20
69 121 20
69 121 20
69 121 20
69 121 20
69 121 20
69 121 20
69 121 20
69 121 20
69 121 20
80 132 20
80 132 20
80 132 20
69 132 20
69 132 20
69 132 20
69 132 20
69 132 20
69 132 20
69 132 20
69 132 20
69 132 20
69 132 20
69 132 20
69 132 20
69 132 20
69 132 20
69 132 20
69 132 20
69 132 20
69 132 20
69 132 20
69 132 20
80 143 20
69 143 20
69 143 20
69 143 20
58 143 20
58 143 20
58 143 20
58 132 20
58 132 20
58 132 20
58 132 20
58 132 20
58 132 20
58 132 20
58 132 20
58 132 20
58 132 20
58 132 20
58 132 20
58 132 20
58 132 20
58 121 20
58 121 20
58 121 20
58 121 20
58 121 20
58 121 20
58 121 20
58 121 20
58 121 20
58 121 20
58 121 20
58 121 20
58 121 20
58 121 20
58 121 20
58 121 20
58 121 20
58 121 20
58 121 20
58 121 20
47 132 20
47 132 20
47 132 20
47 132 20
47 132 20
47 132 20
47 132 20
47 132 20
47 132 20
47 132 20
47 132 20
47 132 20
36 132 20
36 132 20
36 132 20
36 132 20
36 132 20
25 132 20
25 132 20
25 132 20
25 132 20
25 132 20
25 132 20
25 132 20
25 132 20
25 132 20
25 132 20
25 132 20
25 132 20
25 132 20
25 132 20
25 132 20
25 121 20
25 121 20
25 121 20
25 121 20
25 121 20
25 121 20
25 121 20
25 121 20
25 121 20
25 121 20
25 121 20
25 121 20
25 121 20
25 121 20
25 121 20
25 121 20
25 121 20
25 121 20
25 121 20
25 121 20
14 132 20
14 132 20
14 132 20
14 132 20
14 132 20
14 132 20
14 132 20
14 132 20
14 132 20
14 132 20
14 132 20
14 132 20
14 132 20
14 132 20
14 132 20
14 132 20
14 132 20
14 132 20
14 132 20
14 132 20
25 143 20
25 143 20
25 143 20
14 143 20
14 143 20
14 143 20
14 143 20
14 143 20
14 143 20
14 143 20
14 143 20
14 143 20
14 143 20
14 143 20
14 143 20
14 143 20
14 143 20
3 143 20
3 143 20
3 143 20
3 143 20
3 143 20
3 143 20
3 143 20
3 143 20
3 143 20
3 143 20
3 143 20
3 143 20
3 143 20
3 143 20
3 143 20
3 143 20
3 143 20
3 143 20
3 143 20
3 143 20
14 154 20
14 154 20
14 154 20
14 154 20
14 154 20
14 154 20
14 154 20
14 154 20
14 154 20
14 154 20
14 154 20
14 154 20
14 154 20
3 154 20
3 154 20
3 154 20
3 154 20
3 154 20
3 154 20
3 154 20
3 154 20
3 154 20
3 154 20
3 154 20
3 154 20
3 154 20
3 154 20
3 154 20
3 154 20
3 154 20
3 154 20
3 154 20
3 154 20
14 165 20
14 165 20
14 165 20
14 165 20
14 165 20
14 165 20
14 165 20
14 165 20
14 165 20
14 165 20
14 165 20
14 165 20
14 165 20
14 165 20
14 165 20
14 165 20
14 165 20
14 165 20
14 165 20
14 165 20
25 154 20
25 165 20
25 165 20
25 165 20
25 176 20
25 176 20
25 176 20
25 176 20
25 176 20
25 176 20
25 176 20
25 176 20
25 176 20
25 176 20
25 176 20
25 176 20
25 176 20
25 176 20
25 176 20
25 176 20
25 176 20
25 176 20
25 176 20
25 176 20
36 165 20
36 154 20
36 143 20
36 143 20
47 143 20
47 154 20
47 165 20
47 176 20
47 176 20
47 176 20
47 176 20
47 176 20
47 176 20
47 176 20
47 176 20
47 176 20
47 176 20
47 176 20
47 176 20
47 176 20
47 176 20
47 176 20
47 176 20
47 176 20
47 176 20
47 176 20
47 176 20
58 165 20
58 165 20
58 165 20
58 165 20
58 165 20
58 165 20
58 165 20
58 165 20
58 165 20
58 165 20
58 165 20
58 154 20
58 154 20
58 154 20
58 176 20
58 176 20
58 176 20
58 176 20
58 176 20
58 176 20
58 176 20
58 176 20
58 176 20
58 176 20
58 176 20
58 176 20
58 176 20
58 176 20
58 176 20
58 176 20
58 176 20
58 176 20
58 176 20
58 176 20
69 165 20
69 165 20
69 165 20
69 165 20
69 176 20
69 176 20
69 176 20
69 176 20
69 176 20
69 176 20
69 176 20
69 176 20
69 176 20
69 176 20
69 176 20
69 176 20
69 176 20
69 176 20
69 176 20
69 176 20
69 176 20
69 176 20
69 176 20
69 176 20
80 165 20
80 154 20
91 154 20
91 143 20
91 132 20
91 121 20
91 121 20
102 121 20
113 121 20
113 132 20
113 132 20
113 132 20
113 132 20
113 132 20
113 143 20
113 143 20
113 143 20
113 143 20
113 143 20
113 143 20
113 143 20
113 143 20
113 143 20
113 143 20
113 143 20
113 143 20
113 143 20
113 143 20
113 143 20
113 143 20
113 143 20
113 143 20
113 143 20
113 143 20
124 132 20
124 132 20
124 132 20
124 132 20
124 132 20
124 132 20
124 132 20
124 132 20
124 132 20
124 132 20
124 132 20
124 132 20
124 132 20
124 132 20
124 132 20
124 132 20
124 132 20
124 132 20
124 132 20
124 132 20
124 121 20
124 121 20
124 121 20
124 121 20
124 121 20
124 121 20
124 121 20
135 121 20
135 121 20
135 121 20
135 121 20
135 121 20
135 121 20
135 121 20
135 121 20
135 121 20
135 121 20
135 121 20
135 121 20
135 121 20
135 121 20
135 121 20
135 121 20
135 121 20
135 121 20
135 121 20
135 121 20
102 143 20
102 154 20
102 165 20
91 165 20
102 176 20
102 187 20
102 187 20
102 187 20
102 187 20
102 187 20
102 187 20
91 187 20
91 187 20
91 187 20
91 187 20
91 187 20
91 187 20
80 187 20
80 187 20
80 187 20
80 187 20
80 187 20
80 187 20
80 187 20
80 187 20
80 187 20
80 187 20
80 187 20
80 187 20
80 187 20
80 187 20
80 187 20
80 187 20
80 187 20
80 187 20
80 187 20
80 187 20
91 198 20
91 198 20
91 198 20
91 198 20
91 198 20
91 198 20
91 198 20
91 198 20
91 198 20
91 198 20
80 198 20
80 198 20
80 198 20
80 198 20
80 198 20
80 198 20
80 198 20
80 198 20
80 198 20
80 198 20
80 198 20
80 198 20
80 198 20
80 198 20
80 198 20
80 198 20
80 198 20
80 198 20
80 198 20
80 198 20
102 198 20
102 198 20
102 198 20
113 198 20
113 198 20
113 198 20
113 198 20
113 198 20
113 198 20
113 187 20
113 187 20
113 187 20
113 187 20
113 187 20
113 187 20
113 187 20
113 187 20
113 187 20
113 187 20
113 187 20
113 187 20
113 187 20
113 187 20
113 187 20
113 187 20
113 187 20
113 187 20
113 187 20
113 187 20
124 198 20
124 198 20
124 198 20
124 198 20
124 198 20
124 198 20
124 198 20
124 198 20
124 198 20
124 198 20
124 198 20
124 198 20
124 198 20
124 198 20
124 198 20
124 198 20
124 198 20
124 198 20
124 198 20
124 198 20
113 176 20
113 176 20
113 176 20
113 165 20
113 165 20
113 154 20
113 154 20
113 154 20
124 154 20
124 154 20
124 154 20
124 154 20
124 154 20
124 154 20
124 154 20
124 154 20
124 154 20
124 154 20
124 154 20
124 154 20
124 154 20
124 154 20
124 154 20
124 154 20
124 154 20
124 154 20
124 154 20
124 143 20
124 143 20
124 143 20
124 143 20
124 143 20
124 143 20
124 143 20
124 143 20
124 143 20
124 143 20
124 143 20
124 143 20
124 143 20
124 143 20
124 143 20
124 143 20
124 143 20
124 143 20
124 143 20
124 143 20
124 165 20
124 165 20
124 165 20
124 165 20
124 165 20
124 165 20
124 176 20
124 176 20
124 176 20
124 176 20
124 176 20
124 176 20
124 176 20
124 176 20
124 176 20
124 176 20
124 176 20
124 176 20
124 176 20
124 176 20
124 176 20
124 176 20
124 176 20
124 176 20
124 176 20
124 176 20
135 165 20
135 165 20
135 165 20
135 165 20
135 165 20
135 165 20
135 165 20
135 165 20
135 165 20
135 165 20
135 165 20
135 165 20
135 165 20
135 165 20
135 165 20
135 165 20
135 165 20
135 165 20
135 165 20
135 165 20
135 154 20
135 154 20
135 154 20
135 154 20
135 154 20
135 154 20
135 154 20
135 154 20
135 154 20
135 154 20
135 154 20
135 154 20
135 154 20
135 154 20
135 154 20
135 154 20
135 154 20
135 154 20
135 154 20
135 154 20
80 176 20
80 176 20
80 176 20
80 176 20
80 176 20
80 176 20
80 176 20
36 176 20
36 176 20
36 176 20
36 176 20
36 176 20
36 187 20
36 187 20
36 187 20
36 187 20
36 187 20
36 187 20
36 187 20
36 187 20
36 187 20
36 187 20
36 187 20
36 187 20
36 187 20
36 187 20
36 187 20
36 187 20
36 187 20
36 187 20
36 187 20
36 187 20
102 99 20
184 178 20
184 178 20
173 178 20
173 178 20
173 178 20
173 178 20
173 178 20
173 178 20
173 178 20
173 178 20
173 178 20
173 178 20
173 178 20
173 178 20
173 178 20
173 178 20
173 178 20
173 178 20
162 178 20
162 178 20
162 178 20
162 178 20
162 178 20
162 178 20
162 178 20
162 178 20
162 178 20
162 178 20
162 178 20
162 178 20
162 178 20
162 178 20
162 178 20
162 178 20
162 178 20
162 178 20
162 178 20
162 178 20
173 167 20
173 167 20
173 167 20
162 167 20
162 167 20
162 167 20
162 167 20
162 167 20
162 167 20
162 167 20
162 167 20
162 167 20
162 167 20
162 167 20
162 167 20
162 167 20
162 167 20
162 167 20
162 167 20
162 167 20
162 167 20
151 167 20
151 167 20
151 167 20
151 167 20
151 167 20
151 167 20
151 167 20
151 167 20
151 167 20
151 167 20
151 167 20
151 167 20
151 167 20
151 167 20
151 167 20
151 167 20
151 167 20
151 167 20
151 167 20
151 167 20
162 156 20
162 156 20
162 156 20
162 156 20
162 156 20
162 156 20
162 156 20
162 156 20
162 156 20
162 156 20
162 156 20
162 156 20
162 156 20
162 156 20
162 156 20
151 156 20
151 156 20
151 156 20
151 156 20
151 156 20
151 156 20
151 156 20
151 156 20
151 156 20
151 156 20
151 156 20
151 156 20
151 156 20
151 156 20
151 156 20
151 156 20
151 156 20
151 156 20
151 156 20
151 156 20
162 145 20
162 145 20
162 145 20
162 145 20
162 145 20
162 145 20
162 145 20
162 145 20
162 145 20
162 145 20
162 145 20
162 145 20
162 145 20
162 145 20
162 145 20
162 145 20
162 145 20
162 145 20
162 145 20
162 145 20
173 156 20
173 156 20
173 156 20
173 145 20
173 145 20
173 145 20
173 145 20
173 145 20
173 145 20
173 145 20
173 145 20
173 145 20
173 145 20
173 145 20
173 145 20
173 145 20
173 145 20
173 145 20
173 145 20
173 145 20
173 145 20
173 145 20
173 145 20
184 156 20
184 145 20
184 145 20
184 134 20
173 134 20
173 134 20
173 134 20
173 134 20
173 134 20
173 134 20
173 134 20
173 134 20
173 134 20
173 134 20
173 134 20
173 134 20
173 134 20
173 134 20
173 134 20
173 134 20
173 134 20
173 134 20
173 134 20
173 134 20
184 123 20
173 123 20
173 123 20
162 123 20
162 123 20
162 123 20
162 123 20
162 123 20
162 123 20
162 123 20
162 123 20
162 123 20
162 123 20
162 123 20
162 123 20
162 123 20
162 123 20
162 123 20
162 123 20
162 123 20
162 123 20
162 123 20
162 123 20
173 112 20
173 112 20
173 112 20
162 112 20
162 112 20
162 112 20
162 112 20
162 112 20
162 112 20
162 112 20
162 112 20
162 112 20
162 112 20
151 112 20
151 112 20
151 112 20
151 112 20
151 112 20
151 112 20
151 112 20
151 112 20
151 112 20
151 112 20
151 112 20
151 112 20
151 112 20
151 112 20
151 112 20
151 112 20
151 112 20
151 112 20
151 112 20
151 112 20
162 101 20
162 101 20
162 101 20
162 101 20
162 101 20
162 101 20
162 101 20
162 101 20
162 101 20
162 101 20
162 101 20
162 101 20
162 101 20
162 101 20
162 101 20
162 101 20
162 101 20
162 101 20
162 101 20
162 101 20
173 101 20
173 101 20
173 101 20
173 101 20
173 101 20
173 101 20
173 101 20
173 101 20
173 101 20
173 101 20
173 101 20
173 101 20
173 101 20
173 101 20
173 90 20
173 90 20
173 90 20
173 90 20
173 90 20
173 90 20
173 90 20
173 90 20
173 90 20
173 90 20
173 90 20
173 90 20
173 90 20
173 90 20
173 90 20
173 90 20
173 90 20
173 90 20
173 90 20
173 90 20
184 101 20
184 101 20
184 101 20
184 101 20
184 101 20
184 101 20
184 101 20
184 101 20
184 101 20
184 101 20
184 101 20
184 101 20
184 101 20
184 101 20
184 101 20
184 101 20
184 101 20
184 101 20
184 101 20
184 101 20
184 112 20
184 112 20
184 112 20
195 112 20
195 112 20
195 112 20
195 112 20
195 112 20
195 112 20
195 112 20
195 112 20
195 112 20
195 112 20
195 112 20
195 112 20
195 112 20
195 112 20
195 112 20
195 101 20
195 101 20
195 101 20
195 101 20
195 101 20
195 101 20
195 101 20
195 101 20
195 101 20
195 101 20
195 101 20
195 101 20
195 101 20
195 101 20
195 101 20
195 101 20
195 101 20
195 101 20
195 101 20
195 101 20
195 123 20
195 134 20
195 145 20
195 156 20
195 167 20
195 167 20
184 167 20
173 189 20
173 189 20
173 189 20
173 189 20
173 189 20
173 189 20
173 189 20
173 189 20
173 189 20
173 189 20
173 189 20
173 189 20
173 189 20
173 189 20
162 189 20
162 189 20
162 189 20
162 189 20
162 189 20
162 189 20
162 189 20
162 189 20
162 189 20
162 189 20
162 189 20
162 189 20
162 189 20
162 189 20
162 189 20
162 189 20
162 189 20
162 189 20
162 189 20
162 189 20
184 189 20
195 189 20
194 178 17
193 178 15
193 178 15
192 178 20
191 178 17
191 178 17
191 177 20
191 176 17
191 176 17
191 175 20
191 175 20
191 174 20
190 174 17
190 174 17
190 173 20
189 173 17
189 173 17
189 172 20
189 171 17
189 170 15
189 169 13
189 169 13
189 168 20
189 167 17
189 166 15
189 165 13
189 164 11
189 164 11
189 163 19
189 162 16
189 161 14
189 160 12
189 159 10
189 159 10
189 158 17
189 157 15
189 156 13
189 156 13
189 155 20
189 154 17
189 153 15
189 153 15
189 152 20
189 151 17
189 150 15
189 150 15
189 149 20
189 148 17
189 147 15
189 146 13
189 146 13
189 145 20
189 144 17
189 143 15
189 142 13
189 142 13
189 141 20
189 140 17
188 140 15
187 140 13
187 140 13
186 140 20
185 140 17
184 140 15
184 140 15
184 139 20
184 138 17
184 137 15
184 136 13
184 136 13
184 135 20
184 133 17
184 132 15
184 131 13
184 131 13
184 130 20
184 129 17
184 128 15
184 127 13
184 126 11
184 126 11
184 125 19
184 124 16
183 123 14
182 123 12
182 123 12
181 123 20
180 123 17
180 123 17
180 122 20
180 121 17
180 121 17
180 120 20
180 119 17
180 119 17
179 119 20
179 119 20
178 119 20
178 119 20
177 119 20
177 119 20
176 119 20
176 119 20
175 119 20
175 119 20
174 119 20
174 119 20
173 119 20
173 119 20
172 119 20
172 119 20
171 119 20
171 119 20
170 119 20
170 119 20
169 119 20
169 119 20
169 119 20
169 118 20
169 118 20
169 118 20
169 117 20
169 117 20
169 117 20
169 116 20
169 116 20
169 116 20
169 115 20
169 115 20
169 115 20
169 114 20
169 114 20
169 114 20
169 113 20
169 113 20
169 113 20
169 112 20
169 112 20
169 112 20
168 112 20
168 112 20
168 112 20
167 112 20
167 112 20
167 112 20
167 112 20
166 112 20
166 112 20
166 112 20
166 112 20
166 112 20
165 112 20
165 112 20
165 112 20
165 112 20
165 112 20
165 112 20
164 112 20
164 112 20
164 112 20
164 112 20
164 112 20
164 112 20
164 112 20
163 112 20
163 112 20
163 112 20
163 112 20
163 112 20
163 112 20
163 112 20
163 112 20
161 112 20
161 112 20
161 112 20
161 112 20
161 112 20
161 112 20
161 112 20
161 112 20
161 112 20
161 112 20
161 112 20
161 112 20
161 112 20
160 112 20
160 112 20
160 112 20
160 112 20
160 112 20
160 112 20
160 112 20
160 112 20
160 112 20
160 112 20
160 112 20
160 112 20
160 112 20
160 112 20
160 112 20
160 112 20
159 112 20
159 112 20
159 112 20
159 112 20
159 112 20
159 112 20
159 112 20
159 112 20
159 112 20
159 112 20
159 112 20
159 112 20
159 112 20
159 112 20
159 112 20
159 112 20
159 112 20
159 112 20
159 112 20
159 112 20
159 112 20
158 112 20
158 112 20
158 112 20
158 112 20
158 112 20
158 112 20
158 112 20
158 112 20
158 112 20
158 112 20
158 112 20
158 112 20
158 112 20
158 112 20
158 112 20
158 112 20
158 112 20
158 112 20
158 112 20
158 112 20
158 112 20
158 112 20
158 112 20
158 112 20
158 112 20
158 112 20
157 112 20
157 112 20
157 112 20
157 112 20
157 112 20
157 112 20
157 112 20
157 112 20
157 112 20
157 112 20
157 112 20
157 112 20
157 112 20
157 112 20
157 112 20
157 112 20
157 112 20
157 112 20
157 112 20
157 112 20
157 112 20
157 112 20
157 112 20
157 112 20
157 112 20
157 112 20
157 112 20
157 112 20
157 112 20
157 112 20
157 112 20
157 112 20
157 112 20
157 112 20
156 112 20
156 112 20
156 112 20
156 112 20
156 112 20
156 112 20
156 112 20
156 112 20
156 112 20
156 112 20
156 112 20
156 112 20
156 112 20
156 112 20
156 112 20
156 112 20
156 112 20
156 112 20
156 112 20
156 112 20
156 112 20
156 112 20
156 112 20
156 112 20
156 112 20
156 112 20
156 112 20
156 112 20
156 112 20
156 112 20
156 112 20
156 112 20
156 112 20
156 112 20
156 112 20
156 112 20
156 112 20
156 112 20
156 112 20
156 112 20
156 112 20
156 112 20
155 112 20
155 112 20
155 112 20
155 112 20
155 112 20
155 112 20
155 112 20
155 112 20
155 112 20
155 112 20
155 112 20
155 112 20
155 112 20
155 112 20
155 112 20
155 112 20
155 112 20
155 112 20
155 112 20
155 112 20
155 112 20
155 112 20
155 112 20
155 112 20
155 112 20
155 112 20
155 112 20
155 112 20
155 112 20
155 112 20
155 112 20
155 112 20
155 112 20
155 112 20
155 112 20
155 112 20
155 112 20
155 112 20
155 112 20
155 112 20
155 112 20
155 112 20
155 112 20
155 112 20
155 112 20
155 112 20
155 112 20
155 112 20
155 112 20
155 112 20
155 112 20
155 112 20
154 112 20
154 112 20
154 112 20
154 112 20
154 112 20
154 112 20
154 112 20
154 112 20
154 112 20
154 112 20
154 112 20
154 112 20
154 112 20
154 112 20
154 112 20
154 112 20
154 112 20
154 112 20
154 112 20
154 112 20
154 112 20
154 112 20
154 112 20
154 112 20
154 112 20
154 112 20
154 112 20
154 112 20
154 112 20
154 112 20
154 112 20
154 112 20
154 112 20
154 112 20
154 112 20
154 112 20
154 112 20
154 112 20
154 112 20
154 112 20
154 112 20
154 112 20
154 112 20
154 112 20
154 112 20
154 112 20
154 112 20
154 112 20
154 112 20
154 112 20
154 112 20
154 112 20
154 112 20
154 112 20
154 112 20
154 112 20
154 112 20
154 112 20
154 112 20
154 112 20
154 112 20
153 112 20
153 112 20
153 112 20
153 112 20
153 112 20
153 112 20
153 112 20
153 112 20
153 112 20
153 112 20
153 112 20
153 112 20
153 112 20
153 112 20
153 112 20
153 112 20
153 112 20
153 112 20
153 112 20
153 112 20
153 112 20
153 112 20
153 112 20
153 112 20
153 112 20
153 112 20
153 112 20
153 112 20
153 112 20
153 112 20
153 112 20
153 112 20
153 112 20
153 112 20
153 112 20
153 112 20
153 112 20
153 112 20
153 112 20
153 112 20
153 112 20
153 112 20
153 112 20
153 112 20
153 112 20
153 112 20
153 112 20
153 112 20
153 112 20
153 112 20
153 112 20
153 112 20
153 112 20
153 112 20
153 112 20
153 112 20
153 112 20
153 112 20
153 112 20
153 112 20
153 112 20
153 112 20
153 112 20
153 112 20
153 112 20
153 112 20
153 112 20
153 112 20
153 112 20
152 112 20
152 112 20
152 112 20
152 112 20
152 112 20
152 112 20
152 112 20
152 112 20
152 112 20
152 112 20
152 112 20
152 112 20
152 112 20
152 112 20
152 112 20
152 112 20
152 112 20
152 112 20
152 112 20
152 112 20
152 112 20
152 112 20
152 112 20
152 112 20
152 112 20
152 112 20
152 112 20
152 112 20
152 112 20
152 112 20
152 112 20
152 112 20
152 112 20
152 112 20
152 112 20
152 112 20
152 112 20
152 112 20
152 112 20
152 112 20
152 112 20
152 112 20
152 112 20
152 112 20
152 112 20
152 112 20
152 112 20
152 112 20
152 112 20
152 112 20
152 112 20
152 112 20
152 112 20
152 112 20
152 112 20
152 112 20
152 112 20
152 112 20
152 112 20
152 112 20
152 112 20
152 112 20
152 112 20
152 112 20
152 112 20
152 112 20
152 112 20
152 112 20
152 112 20
152 112 20
152 112 20
152 112 20
152 112 20
152 112 20
152 112 20
152 112 20
151 112 20
151 112 20
151 112 20
151 112 20
151 112 20
151 112 20
151 112 20
151 112 20
151 112 20
151 112 20
151 112 20
151 112 20
151 112 20
151 112 20
151 112 20
151 112 20
151 112 20
151 112 20
151 112 20
151 112 20
151 112 20
151 112 20
151 112 20
151 112 20
151 112 20
151 112 20
151 112 20
151 112 20
151 112 20
151 112 20
151 112 20
151 112 20
151 112 20
151 112 20
151 112 20
151 112 20
151 112 20
151 112 20
151 112 20
151 112 20
151 112 20
151 112 20
151 112 20
151 112 20
151 112 20
151 112 20
151 112 20
151 112 20
151 112 20
151 112 20
151 112 20
151 112 20
151 112 20
151 112 20
151 112 20
151 112 20
151 112 20
151 112 20
151 112 20
151 112 20
150 112 20
150 112 20
150 112 20
150 112 20
150 112 20
150 112 20
150 112 20
150 112 20
150 112 20
150 112 20
150 112 20
150 112 20
150 112 20
150 112 20
150 112 20
150 112 20
150 112 20
150 112 20
150 112 20
150 112 20
150 112 20
150 112 20
150 112 20
150 112 20
150 112 20
150 112 20
150 112 20
150 112 20
150 112 20
150 112 20
150 112 20
150 112 20
150 112 20
150 112 20
150 112 20
150 112 20
150 112 20
150 112 20
150 112 20
150 112 20
150 112 20
150 112 20
150 112 20
150 112 20
150 112 20
150 112 20
150 112 20
150 112 20
150 112 20
150 112 20
150 112 20
150 112 20
150 112 20
150 112 20
150 112 20
150 112 20
150 112 20
150 112 20
150 112 20
150 112 20
150 112 20
150 112 20
150 112 20
150 112 20
150 112 20
150 112 20
150 112 20
150 112 20
150 112 20
150 112 20
150 112 20
150 112 20
150 112 20
150 112 20
150 112 20
150 112 20
150 112 20
150 112 20
150 112 20
150 112 20
150 112 20
149 112 20
149 112 20
149 112 20
149 112 20
149 112 20
149 112 20
149 112 20
149 112 20
149 112 20
149 112 20
149 112 20
149 112 20
149 112 20
149 112 20
149 112 20
149 112 20
149 112 20
149 112 20
149 112 20
149 112 20
149 112 20
149 112 20
149 112 20
149 112 20
149 112 20
149 112 20
149 112 20
149 112 20
149 112 20
149 112 20
149 112 20
149 112 20
149 112 20
149 112 20
149 112 20
149 112 20
149 112 20
149 112 20
149 112 20
149 112 20
149 112 20
149 112 20
149 112 20
149 112 20
149 112 20
149 112 20
149 112 20
149 112 20
149 112 20
149 112 20
149 112 20
149 112 20
149 112 20
149 112 20
149 112 20
149 112 20
149 112 20
149 112 20
149 112 20
149 112 20
149 112 20
149 112 20
149 112 20
149 112 20
149 112 20
149 112 20
149 112 20
149 112 20
149 112 20
149 112 20
149 112 20
149 112 20
149 112 20
149 112 20
149 112 20
149 112 20
149 112 20
149 112 20
149 112 20
149 112 20
149 112 20
148 112 20
148 112 20
148 112 20
148 112 20
148 112 20
148 112 20
148 112 20
148 112 20
148 112 20
148 112 20
148 112 20
148 112 20
148 112 20
148 112 20
148 112 20
148 112 20
148 112 20
148 112 20
148 112 20
148 112 20
148 112 20
148 112 20
148 112 20
148 112 20
148 112 20
148 112 20
148 112 20
148 112 20
148 112 20
148 112 20
148 112 20
148 112 20
148 112 20
148 112 20
148 112 20
148 112 20
148 112 20
148 112 20
148 112 20
148 112 20
148 112 20
148 112 20
148 112 20
148 112 20
148 112 20
148 112 20
148 112 20
148 112 20
148 112 20
148 112 20
148 112 20
148 112 20
148 112 20
148 112 20
148 112 20
148 112 20
148 112 20
148 112 20
148 112 20
148 112 20
148 112 20
148 112 20
148 112 20
148 112 20
148 112 20
148 112 20
148 112 20
148 112 20
148 112 20
148 112 20
148 112 20
148 112 20
148 112 20
148 112 20
148 112 20
148 112 20
148 112 20
148 112 20
147 112 20
147 112 20
147 112 20
147 112 20
147 112 20
147 112 20
147 112 20
147 112 20
147 112 20
147 112 20
147 112 20
147 112 20
147 112 20
147 112 20
147 112 20
147 112 20
147 112 20
147 112 20
147 112 20
147 112 20
147 112 20
147 112 20
147 112 20
147 112 20
147 112 20
147 112 20
147 112 20
147 112 20
147 112 20
147 112 20
147 112 20
147 112 20
147 112 20
147 112 20
147 112 20
147 112 20
147 112 20
147 112 20
147 112 20
147 112 20
147 112 20
147 112 20
147 112 20
147 112 20
147 112 20
147 112 20
147 112 20
147 112 20
147 112 20
147 112 20
147 112 20
147 112 20
147 112 20
147 112 20
147 112 20
147 112 20
147 112 20
147 112 20
147 112 20
147 112 20
147 112 20
147 112 20
147 112 20
147 112 20
147 112 20
147 112 20
147 112 20
147 112 20
147 112 20
147 112 20
147 112 20
147 112 20
147 112 20
147 112 20
146 112 20
146 112 20
146 112 20
146 112 20
146 112 20
146 112 20
146 112 20
146 112 20
146 112 20
146 112 20
146 112 20
146 112 20
146 112 20
146 112 20
146 112 20
146 112 20
146 112 20
146 112 20
146 112 20
146 112 20
146 112 20
146 112 20
146 112 20
146 112 20
146 112 20
146 112 20
146 112 20
146 112 20
146 112 20
146 112 20
146 112 20
146 112 20
146 112 20
146 112 20
146 112 20
146 112 20
146 112 20
146 112 20
146 112 20
146 112 20
146 112 20
146 112 20
146 112 20
146 112 20
146 112 20
146 112 20
146 112 20
146 112 20
146 112 20
146 112 20
146 112 20
146 112 20
146 112 20
146 112 20
146 112 20
146 112 20
146 112 20
146 112 20
146 112 20
146 112 20
146 112 20
146 112 20
146 112 20
146 112 20
146 112 20
146 112 20
146 112 20
146 112 20
145 112 20
145 112 20
145 112 20
145 112 20
145 112 20
145 112 20
145 112 20
145 112 20
145 112 20
145 112 20
145 112 20
145 112 20
145 112 20
145 112 20
145 112 20
145 112 20
145 112 20
145 112 20
145 112 20
145 112 20
145 112 20
145 112 20
145 112 20
145 112 20
145 112 20
145 112 20
145 112 20
145 112 20
145 112 20
145 112 20
145 112 20
145 112 20
145 112 20
145 112 20
145 112 20
145 112 20
145 112 20
145 112 20
145 112 20
145 112 20
145 112 20
145 112 20
145 112 20
145 112 20
145 112 20
145 112 20
145 112 20
145 112 20
145 112 20
145 112 20
145 112 20
145 112 20
145 112 20
145 112 20
145 112 20
145 112 20
145 112 20
145 112 20
145 112 20
145 112 20
145 112 20
145 112 20
144 112 20
144 112 20
144 112 20
144 112 20
144 112 20
144 112 20
144 112 20
144 112 20
144 112 20
144 112 20
144 112 20
144 112 20
144 112 20
144 112 20
144 112 20
144 112 20
144 112 20
144 112 20
144 112 20
144 112 20
144 112 20
144 112 20
144 112 20
144 112 20
144 112 20
144 112 20
144 112 20
144 112 20
144 112 20
144 112 20
144 112 20
144 112 20
144 112 20
144 112 20
144 112 20
144 112 20
144 112 20
144 112 20
144 112 20
144 112 20
144 112 20
144 112 20
144 112 20
144 112 20
144 112 20
144 112 20
144 112 20
144 112 20
144 112 20
144 112 20
144 112 20
144 112 20
144 112 20
144 112 20
144 112 20
143 112 20
143 112 20
143 112 20
143 112 20
143 112 20
143 112 20
143 112 20
143 112 20
143 112 20
143 112 20
143 112 20
143 112 20
143 112 20
143 112 20
143 112 20
143 112 20
143 112 20
143 112 20
143 112 20
143 112 20
143 112 20
143 112 20
143 112 20
143 112 20
143 112 20
143 112 20
143 112 20
143 112 20
143 112 20
143 112 20
143 112 20
143 112 20
143 112 20
143 112 20
143 112 20
143 112 20
143 112 20
143 112 20
143 112 20
143 112 20
143 112 20
143 112 20
143 112 20
143 112 20
143 112 20
143 112 20
143 112 20
143 112 20
143 112 20
142 112 20
142 112 20
142 112 20
142 112 20
142 112 20
142 112 20
142 112 20
142 112 20
142 112 20
142 112 20
142 112 20
142 112 20
142 112 20
142 112 20
142 112 20
142 112 20
142 112 20
142 112 20
142 112 20
142 112 20
142 112 20
142 112 20
142 112 20
142 112 20
142 112 20
142 112 20
142 112 20
142 112 20
142 112 20
142 112 20
142 112 20
142 112 20
142 112 20
142 112 20
142 112 20
142 112 20
142 112 20
142 112 20
142 112 20
142 112 20
142 112 20
142 112 20
141 112 20
141 112 20
141 112 20
141 112 20
141 112 20
141 112 20
141 112 20
141 112 20
141 112 20
141 112 20
141 112 20
141 112 20
141 112 20
141 112 20
141 112 20
141 112 20
141 112 20
141 112 20
141 112 20
141 112 20
141 112 20
141 112 20
141 112 20
141 112 20
141 112 20
141 112 20
141 112 20
141 112 20
141 112 20
141 112 20
141 112 20
141 112 20
141 112 20
141 112 20
141 112 20
141 112 20
141 112 20
140 112 20
140 112 20
140 112 20
140 112 20
140 112 20
140 112 20
140 112 20
140 112 20
140 112 20
140 112 20
140 112 20
140 112 20
140 112 20
140 112 20
140 112 20
140 112 20
140 112 20
140 112 20
140 112 20
140 112 20
140 112 20
140 112 20
140 112 20
140 112 20
140 112 20
140 112 20
140 112 20
140 112 20
140 112 20
140 112 20
140 112 20
140 112 20
139 112 20
139 112 20
139 112 20
139 112 20
139 112 20
139 112 20
139 112 20
139 112 20
139 112 20
139 112 20
139 112 20
139 112 20
139 112 20
139 112 20
139 112 20
139 112 20
139 112 20
139 112 20
139 112 20
139 112 20
139 112 20
139 112 20
139 112 20
139 112 20
139 112 20
139 112 20
139 112 20
139 112 20
138 112 20
138 112 20
138 112 20
138 112 20
138 112 20
138 112 20
138 112 20
138 112 20
138 112 20
138 112 20
138 112 20
138 112 20
138 112 20
138 112 20
138 112 20
138 112 20
138 112 20
138 112 20
138 112 20
138 112 20
138 112 20
138 112 20
138 112 20
138 112 20
137 112 20
137 112 20
137 112 20
137 112 20
137 112 20
137 112 20
137 112 20
137 112 20
137 112 20
137 112 20
137 112 20
137 112 20
137 112 20
137 112 20
137 112 20
137 112 20
137 112 20
137 112 20
137 112 20
137 112 20
137 112 20
136 112 20
136 112 20
136 112 20
136 112 20
136 112 20
136 112 20
136 112 20
136 112 20
136 112 20
136 112 20
136 112 20
136 112 20
136 112 20
136 112 20
136 112 20
136 112 20
136 112 20
135 112 20
135 112 20
135 112 20
135 112 20
135 112 20
135 112 20
135 112 20
135 112 20
135 112 20
135 112 20
135 112 20
135 112 20
135 112 20
135 112 20
135 112 20
134 112 20
134 112 20
134 112 20
134 112 20
134 112 20
134 112 20
134 112 20
134 112 20
134 112 20
134 112 20
134 112 20
134 112 20
133 112 20
133 112 20
133 112 20
133 112 20
133 112 20
133 112 20
133 112 20
133 112 20
133 112 20
133 112 20
132 112 20
132 112 20
132 112 20
132 112 20
132 112 20
132 112 20
132 112 20
131 112 20
131 112 20
131 112 20
131 112 20
131 112 20
131 112 20
130 112 20
130 112 20
130 112 20
130 112 20
129 112 20
129 112 20
129 112 20
128 112 20
128 112 20
128 112 20
127 112 20
127 112 20
126 112 20
126 112 20
125 112 20
125 112 20
124 112 20
124 112 20
124 111 20
124 111 20
123 110 20
123 110 20
122 110 20
122 110 20
121 110 20
120 110 17
120 110 17
119 110 20
118 110 17
117 110 15
116 110 13
115 110 11
115 110 11
114 110 19
112 110 16
111 110 14
110 110 12
109 110 10
108 110 10
107 110 10
106 110 10
105 110 10
104 110 10
103 110 10
102 109 10
102 108 10
102 107 10
102 106 10
102 105 10
102 104 10
102 103 10
102 102 10
102 101 10
102 100 10
101 99 10
100 99 10
99 99 10
98 99 10
97 99 10
96 99 10
95 99 10
95 98 10
94 97 10
93 97 10
92 97 10
91 97 10
91 97 10
90 97 17
89 97 15
88 97 13
87 97 11
87 97 11
86 97 19
85 97 16
83 97 14
83 97 14
82 97 20
82 97 20
81 97 20
81 97 20
81 97 20
80 97 20
80 97 20
80 97 20
79 97 20
79 97 20
79 97 20
79 97 20
78 97 20
78 97 20
78 97 20
78 97 20
78 97 20
77 97 20
77 97 20
77 97 20
77 97 20
77 97 20
77 97 20
76 97 20
76 97 20
76 97 20
76 97 20
76 97 20
76 97 20
75 97 20
75 97 20
75 97 20
75 97 20
75 97 20
75 97 20
74 97 20
74 97 20
74 97 20
74 97 20
74 97 20
74 97 20
72 97 20
72 97 20
72 97 20
72 97 20
72 97 20
72 97 20
71 97 20
71 97 20
71 97 20
71 97 20
71 97 20
71 97 20
70 97 20
70 97 20
70 97 20
70 97 20
70 97 20
70 97 20
70 97 20
69 97 20
69 97 20
69 97 20
69 97 20
69 97 20
69 97 20
69 97 20
68 97 20
68 97 20
68 97 20
68 97 20
68 97 20
68 97 20
68 97 20
68 97 20
67 97 20
67 97 20
67 97 20
67 97 20
67 97 20
67 97 20
67 97 20
67 97 20
67 97 20
66 97 20
66 97 20
66 97 20
66 97 20
66 97 20
66 97 20
66 97 20
66 97 20
66 97 20
66 97 20
65 97 20
65 97 20
65 97 20
65 97 20
65 97 20
65 97 20
65 97 20
65 97 20
65 97 20
65 97 20
65 97 20
64 97 20
64 97 20
64 97 20
64 97 20
64 97 20
64 97 20
64 97 20
64 97 20
64 97 20
64 97 20
64 97 20
64 97 20
64 97 20
63 97 20
63 97 20
63 97 20
63 97 20
63 97 20
63 97 20
63 97 20
63 97 20
63 97 20
63 97 20
63 97 20
63 97 20
63 97 20
63 97 20
63 97 20
61 97 20
61 97 20
61 97 20
61 97 20
61 97 20
61 97 20
61 97 20
61 97 20
61 97 20
61 97 20
61 97 20
61 97 20
61 97 20
61 97 20
61 97 20
61 97 20
61 97 20
61 97 20
61 97 20
61 97 20
60 97 20
60 97 20
60 97 20
60 97 20
60 97 20
60 97 20
60 97 20
60 97 20
60 97 20
60 97 20
60 97 20
60 97 20
60 97 20
60 97 20
60 97 20
60 97 20
60 97 20
60 97 20
60 97 20
60 97 20
60 97 20
60 97 20
60 97 20
59 97 20
59 97 20
59 97 20
59 97 20
59 97 20
59 97 20
59 97 20
59 97 20
59 97 20
59 97 20
59 97 20
59 97 20
59 97 20
59 97 20
59 97 20
59 97 20
59 97 20
59 97 20
59 97 20
59 97 20
59 97 20
59 97 20
59 97 20
59 97 20
59 97 20
59 97 20
58 97 20
58 97 20
58 97 20
58 97 20
58 97 20
58 97 20
58 97 20
58 97 20
58 97 20
58 97 20
58 97 20
58 97 20
58 97 20
58 97 20
58 97 20
58 97 20
58 97 20
58 97 20
58 97 20
58 97 20
58 97 20
58 97 20
58 97 20
58 97 20
58 97 20
58 97 20
58 97 20
58 97 20
57 97 20
57 97 20
57 97 20
57 97 20
57 97 20
57 97 20
57 97 20
57 97 20
57 97 20
57 97 20
57 97 20
57 97 20
57 97 20
57 97 20
57 97 20
57 97 20
57 97 20
57 97 20
57 97 20
57 97 20
57 97 20
57 97 20
57 97 20
57 97 20
57 97 20
57 97 20
57 97 20
57 97 20
57 97 20
56 97 20
56 97 20
56 97 20
56 97 20
56 97 20
56 97 20
56 97 20
56 97 20
56 97 20
56 97 20
56 97 20
56 97 20
56 97 20
56 97 20
56 97 20
56 97 20
56 97 20
56 97 20
56 97 20
56 97 20
56 97 20
56 97 20
56 97 20
56 97 20
56 97 20
56 97 20
56 97 20
56 97 20
55 97 20
55 97 20
55 97 20
55 97 20
55 97 20
55 97 20
55 97 20
55 97 20
55 97 20
55 97 20
55 97 20
55 97 20
55 97 20
55 97 20
55 97 20
55 97 20
55 97 20
55 97 20
55 97 20
55 97 20
55 97 20
55 97 20
55 97 20
55 97 20
55 97 20
55 97 20
55 97 20
54 97 20
54 97 20
54 97 20
54 97 20
54 97 20
54 97 20
54 97 20
54 97 20
54 97 20
54 97 20
54 97 20
54 97 20
54 97 20
54 97 20
54 97 20
54 97 20
54 97 20
54 97 20
54 97 20
54 97 20
54 97 20
54 97 20
54 97 20
54 97 20
53 97 20
53 97 20
53 97 20
53 97 20
53 97 20
53 97 20
53 97 20
53 97 20
53 97 20
53 97 20
53 97 20
53 97 20
53 97 20
53 97 20
53 97 20
53 97 20
53 97 20
53 97 20
53 97 20
53 97 20
52 97 20
52 97 20
52 97 20
52 97 20
52 97 20
52 97 20
52 97 20
52 97 20
52 97 20
52 97 20
52 97 20
52 97 20
52 97 20
52 97 20
52 97 20
52 97 20
52 97 20
50 97 20
50 97 20
50 97 20
50 97 20
50 97 20
50 97 20
50 97 20
50 97 20
50 97 20
50 97 20
50 97 20
49 97 20
49 97 20
49 97 20
49 97 20
49 97 20
49 97 20
49 97 20
49 97 20
49 97 20
48 97 20
48 97 20
48 97 20
48 97 20
48 97 20
48 97 20
48 97 20
47 97 20
47 97 20
47 97 20
47 97 20
47 97 20
46 97 20
46 97 20
46 97 20
46 97 20
45 97 20
45 97 20
45 97 20
44 97 20
44 97 20
44 97 20
43 97 20
43 97 20
42 97 20
42 97 20
42 96 20
42 96 20
42 95 20
42 95 20
42 94 20
42 94 20
41 93 20
41 93 20
40 93 20
40 93 20
39 93 20
39 93 20
38 93 20
38 93 20
37 93 20
37 93 20
36 93 20
36 93 20
36 92 20
36 92 20
36 91 20
36 91 20
36 90 20
36 90 20
36 89 20
36 89 20
36 88 20
36 88 20
36 87 20
36 87 20
36 87 20
36 86 20
36 86 20
36 86 20
36 85 20
36 85 20
36 85 20
36 85 20
36 84 20
36 84 20
36 84 20
36 84 20
36 84 20
36 83 20
36 83 20
36 83 20
36 83 20
36 83 20
36 83 20
36 83 20
36 82 20
36 82 20
36 82 20
36 82 20
36 82 20
36 82 20
36 82 20
36 82 20
36 82 20
36 81 20
36 81 20
36 81 20
36 81 20
36 81 20
36 81 20
36 81 20
36 81 20
36 81 20
36 81 20
36 81 20
36 81 20
36 80 20
36 80 20
36 80 20
36 80 20
36 80 20
36 80 20
36 80 20
36 80 20
36 80 20
36 80 20
36 80 20
36 80 20
36 80 20
36 80 20
36 80 20
36 79 20
36 79 20
36 79 20
36 79 20
36 79 20
36 79 20
36 79 20
36 79 20
36 79 20
36 79 20
36 79 20
36 79 20
36 79 20
36 79 20
36 79 20
36 79 20
36 79 20
36 79 20
36 78 20
36 78 20
36 78 20
36 78 20
36 78 20
36 78 20
36 78 20
36 78 20
36 78 20
36 78 20
36 78 20
36 78 20
36 78 20
36 78 20
36 78 20
36 78 20
36 78 20
36 78 20
36 78 20
36 78 20
36 78 20
36 77 20
36 77 20
36 77 20
36 77 20
36 77 20
36 77 20
36 77 20
36 77 20
36 77 20
36 77 20
36 77 20
36 77 20
36 77 20
36 77 20
36 77 20
36 77 20
36 77 20
36 77 20
36 77 20
36 77 20
36 77 20
36 77 20
36 77 20
36 76 20
36 76 20
36 76 20
36 76 20
36 76 20
36 76 20
36 76 20
36 76 20
36 76 20
36 76 20
36 76 20
36 76 20
36 76 20
36 76 20
36 76 20
36 76 20
36 76 20
36 76 20
36 76 20
36 76 20
36 76 20
36 76 20
36 76 20
36 76 20
36 75 20
36 75 20
36 75 20
36 75 20
36 75 20
36 75 20
36 75 20
36 75 20
36 75 20
36 75 20
36 75 20
36 75 20
36 75 20
36 75 20
36 75 20
36 75 20
36 75 20
36 75 20
36 75 20
36 75 20
36 75 20
36 75 20
36 75 20
36 75 20
36 74 20
36 74 20
36 74 20
36 74 20
36 74 20
36 74 20
36 74 20
36 74 20
36 74 20
36 74 20
36 74 20
36 74 20
36 74 20
36 74 20
36 74 20
36 74 20
36 74 20
36 74 20
36 74 20
36 74 20
36 74 20
36 74 20
36 74 20
36 74 20
36 73 20
36 73 20
36 73 20
36 73 20
36 73 20
36 73 20
36 73 20
36 73 20
36 73 20
36 73 20
36 73 20
36 73 20
36 73 20
36 73 20
36 73 20
36 73 20
36 73 20
36 73 20
36 73 20
36 73 20
36 73 20
36 73 20
36 73 20
36 72 20
36 72 20
36 72 20
36 72 20
36 72 20
36 72 20
36 72 20
36 72 20
36 72 20
36 72 20
36 72 20
36 72 20
36 72 20
36 72 20
36 72 20
36 72 20
36 72 20
36 72 20
36 72 20
36 72 20
36 72 20
36 72 20
36 71 20
36 71 20
36 71 20
36 71 20
36 71 20
36 71 20
36 71 20
36 71 20
36 71 20
36 71 20
36 71 20
36 71 20
36 71 20
36 71 20
36 71 20
36 71 20
36 71 20
36 71 20
36 71 20
36 71 20
36 71 20
36 70 20
36 70 20
36 70 20
36 70 20
36 70 20
36 70 20
36 70 20
36 70 20
36 70 20
36 70 20
36 70 20
36 70 20
36 70 20
36 70 20
36 70 20
36 70 20
36 70 20
36 70 20
36 70 20
36 69 20
36 69 20
36 69 20
36 69 20
36 69 20
36 69 20
36 69 20
36 69 20
36 69 20
36 69 20
36 69 20
36 69 20
36 69 20
36 69 20
36 69 20
36 69 20
36 69 20
36 69 20
36 68 20
36 68 20
36 68 20
36 68 20
36 68 20
36 68 20
36 68 20
36 68 20
36 68 20
36 68 20
36 68 20
36 68 20
36 68 20
36 68 20
36 68 20
36 68 20
36 67 20
36 67 20
36 67 20
36 67 20
36 67 20
36 67 20
36 67 20
36 67 20
36 67 20
36 67 20
36 67 20
36 67 20
36 67 20
36 67 20
36 67 20
36 66 20
36 66 20
36 66 20
36 66 20
36 66 20
36 66 20
36 66 20
36 66 20
36 66 20
36 66 20
36 66 20
36 66 20
36 66 20
35 66 20
35 66 20
35 66 20
35 66 20
35 66 20
35 66 20
35 66 20
35 66 20
35 66 20
35 66 20
35 66 20
35 66 20
35 66 20
35 66 20
34 66 20
34 66 20
34 66 20
34 66 20
34 66 20
34 66 20
34 66 20
34 66 20
34 66 20
34 66 20
34 66 20
34 66 20
34 66 20
34 66 20
34 66 20
34 66 20
33 66 20
33 66 20
33 66 20
33 66 20
33 66 20
33 66 20
33 66 20
33 66 20
33 66 20
33 66 20
33 66 20
33 66 20
33 66 20
33 66 20
33 66 20
33 66 20
33 66 20
33 66 20
33 66 20
32 66 20
32 66 20
32 66 20
32 66 20
32 66 20
32 66 20
32 66 20
32 66 20
32 66 20
32 66 20
32 66 20
32 66 20
32 66 20
32 66 20
32 66 20
32 66 20
32 66 20
32 66 20
32 66 20
32 66 20
32 66 20
32 66 20
31 66 20
31 66 20
31 66 20
31 66 20
31 66 20
31 66 20
31 66 20
31 66 20
31 66 20
31 66 20
31 66 20
31 66 20
31 66 20
31 66 20
31 66 20
31 66 20
31 66 20
31 66 20
31 66 20
31 66 20
31 66 20
31 66 20
31 66 20
31 66 20
31 66 20
31 66 20
31 65 20
31 65 20
31 65 20
31 65 20
31 65 20
31 65 20
31 65 20
31 65 20
31 65 20
31 65 20
31 65 20
31 65 20
31 65 20
31 65 20
31 65 20
31 65 20
31 65 20
31 65 20
31 65 20
31 65 20
31 65 20
31 65 20
31 65 20
31 64 20
31 64 20
31 64 20
31 64 20
31 64 20
31 64 20
31 64 20
31 64 20
31 64 20
31 64 20
31 64 20
31 64 20
31 64 20
31 64 20
31 64 20
31 64 20
31 64 20
31 64 20
31 64 20
31 64 20
31 63 20
31 63 20
31 63 20
31 63 20
31 63 20
31 63 20
31 63 20
31 63 20
31 63 20
31 63 20
31 63 20
31 63 20
31 63 20
31 63 20
31 63 20
31 63 20
31 63 20
31 62 20
31 62 20
31 62 20
31 62 20
31 62 20
31 62 20
31 62 20
31 62 20
31 62 20
31 62 20
31 62 20
31 62 20
31 62 20
31 62 20
31 62 20
31 62 20
31 61 20
31 61 20
31 61 20
31 61 20
31 61 20
31 61 20
31 61 20
31 61 20
31 61 20
31 61 20
31 61 20
31 61 20
31 61 20
31 61 20
30 60 20
30 60 20
30 60 20
30 60 20
30 60 20
30 60 20
30 60 20
30 60 20
30 60 20
30 60 20
30 60 20
30 60 20
30 60 20
30 60 20
30 60 20
29 60 20
29 60 20
29 60 20
29 60 20
29 60 20
29 60 20
29 60 20
29 60 20
29 60 20
29 60 20
29 60 20
29 60 20
29 60 20
29 60 20
29 60 20
29 60 20
29 60 20
28 60 20
28 60 20
28 60 20
28 60 20
28 60 20
28 60 20
28 60 20
28 60 20
28 60 20
28 60 20
28 60 20
28 60 20
28 60 20
28 60 20
28 60 20
28 60 20
28 60 20
28 60 20
28 60 20
27 60 20
27 60 20
27 60 20
27 60 20
27 60 20
27 60 20
27 60 20
27 60 20
27 60 20
27 60 20
27 60 20
27 60 20
27 60 20
27 60 20
27 60 20
27 60 20
27 60 20
27 60 20
27 60 20
27 60 20
27 60 20
26 60 20
26 60 20
26 60 20
26 60 20
26 60 20
26 60 20
26 60 20
26 60 20
26 60 20
26 60 20
26 60 20
26 60 20
26 60 20
26 60 20
26 60 20
26 60 20
26 60 20
26 60 20
26 60 20
26 60 20
26 60 20
26 60 20
26 60 20
26 59 20
26 59 20
26 59 20
26 59 20
26 59 20
26 59 20
26 59 20
26 59 20
26 59 20
26 59 20
26 59 20
26 59 20
26 59 20
26 59 20
26 59 20
26 59 20
26 59 20
26 59 20
26 59 20
26 58 20
26 58 20
26 58 20
26 58 20
26 58 20
26 58 20
26 58 20
26 58 20
26 58 20
26 58 20
26 58 20
26 58 20
26 58 20
26 58 20
26 58 20
26 58 20
26 57 20
26 57 20
26 57 20
26 57 20
26 57 20
26 57 20
26 57 20
26 57 20
26 57 20
26 57 20
26 57 20
26 57 20
26 57 20
26 56 20
26 56 20
26 56 20
26 56 20
26 56 20
26 56 20
26 56 20
26 56 20
26 56 20
26 56 20
26 56 20
26 55 20
26 55 20
26 55 20
26 55 20
26 55 20
26 55 20
26 55 20
26 55 20
26 55 20
26 55 20
25 55 20
25 55 20
25 55 20
25 55 20
25 55 20
25 55 20
25 55 20
25 55 20
25 55 20
24 55 20
24 55 20
24 55 20
24 55 20
24 55 20
24 55 20
24 55 20
24 55 20
23 55 20
23 55 20
23 55 20
23 55 20
23 55 20
23 55 20
23 55 20
22 55 20
22 55 20
22 55 20
22 55 20
22 55 20
22 55 20
21 55 20
21 55 20
21 55 20
21 55 20
21 55 20
21 55 20
20 55 20
20 55 20
20 55 20
20 55 20
20 55 20
20 55 20
19 55 20
19 55 20
19 55 20
19 55 20
19 55 20
19 55 20
18 55 20
18 55 20
18 55 20
18 55 20
18 55 20
18 55 20
17 55 20
17 55 20
17 55 20
17 55 20
17 55 20
16 55 20
16 55 20
16 55 20
16 55 20
16 55 20
15 55 20
15 55 20
15 55 20
15 55 20
15 55 20
14 55 20
14 55 20
14 55 20
14 55 20
14 55 20
14 54 20
14 54 20
14 54 20
14 54 20
14 53 20
14 53 20
14 53 20
13 53 20
13 53 20
13 53 20
12 53 20
12 53 20
12 53 20
11 53 20
11 53 20
11 53 20
10 53 20
10 53 20
9 53 20
9 53 20
8 53 20
8 53 20
7 53 20
7 53 20
6 53 20
5 53 17
94 177 17
94 176 15
94 175 13
94 174 11
94 174 11
94 173 19
94 172 16
95 172 14
95 171 12
95 170 10
95 170 10
95 169 17
95 168 15
95 167 13
95 166 11
95 165 10
95 164 10
95 163 10
95 162 10
95 161 10
95 160 10
95 159 10
95 158 10
95 157 10
95 156 10
95 155 10
95 154 10
95 153 10
95 152 10
95 151 10
95 150 10
95 149 10
95 149 10
95 148 17
95 147 15
95 146 13
95 145 11
95 144 10
95 144 10
95 143 17
95 142 15
95 141 13
95 140 11
95 139 10
95 139 10
95 138 17
95 137 15
95 136 13
95 135 11
95 135 11
96 135 19
97 135 16
98 135 14
98 134 12
98 134 12
98 133 20
98 132 17
98 131 15
98 131 15
98 130 20
98 128 17
98 128 17
98 127 20
98 126 17
98 126 17
98 125 20
98 124 17
98 124 17
98 123 20
98 122 17
98 121 15
98 120 13
98 119 11
98 119 11
98 118 19
98 117 16
98 116 14
98 115 12
98 114 10
98 113 10
98 112 10
98 111 10
98 110 10
99 110 10
100 110 10
101 110 10
73 154 17
74 154 15
74 154 15
75 154 20
76 154 17
77 154 15
78 154 13
78 154 13
79 154 20
81 154 17
82 154 15
83 154 13
84 154 11
85 154 10
85 154 10
86 154 17
87 154 15
88 154 13
89 154 11
90 154 10
92 154 10
93 154 10
94 154 10
84 87 20
84 87 20
84 88 20
84 89 17
84 89 17
84 90 20
85 90 17
86 90 15
87 90 13
88 90 11
88 90 11
88 91 19
89 91 16
90 91 14
90 92 12
90 93 10
90 93 10
90 94 17
90 95 15
90 96 13
42 114 20
42 114 20
42 114 20
42 114 20
42 114 20
42 114 20
42 113 20
42 113 20
42 113 20
42 113 20
42 113 20
42 113 20
42 112 20
42 112 20
42 112 20
42 112 20
42 112 20
42 111 20
42 111 20
42 111 20
42 111 20
42 111 20
42 110 20
42 110 20
42 110 20
42 110 20
42 109 20
42 109 20
42 109 20
42 109 20
42 108 20
42 108 20
42 108 20
42 107 20
42 107 20
42 107 20
42 106 20
42 106 20
42 106 20
42 105 20
42 105 20
42 103 20
42 103 20
42 102 20
42 102 20
42 101 20
42 101 20
42 100 20
42 100 20
42 99 20
42 99 20
42 98 20
42 98 20
50 9 20
50 9 20
50 9 20
50 9 20
50 9 20
50 9 20
50 9 20
50 9 20
50 9 20
50 9 20
50 9 20
50 9 20
50 9 20
50 9 20
50 9 20
50 9 20
50 9 20
50 9 20
50 9 20
50 9 20
50 9 20
50 9 20
50 9 20
50 9 20
50 9 20
50 9 20
50 9 20
50 9 20
50 9 20
50 9 20
50 9 20
50 9 20
50 9 20
50 9 20
50 9 20
50 9 20
50 9 20
50 9 20
50 9 20
50 9 20
50 9 20
49 9 20
49 9 20
49 9 20
49 9 20
49 9 20
49 9 20
49 9 20
49 9 20
49 9 20
49 9 20
49 9 20
49 9 20
49 9 20
49 9 20
49 9 20
49 9 20
49 9 20
49 9 20
49 9 20
49 9 20
49 9 20
49 9 20
49 9 20
49 9 20
49 9 20
49 9 20
49 9 20
49 9 20
49 9 20
49 9 20
49 9 20
49 9 20
49 9 20
49 9 20
49 9 20
49 9 20
49 9 20
49 9 20
49 9 20
49 9 20
49 9 20
49 9 20
49 9 20
49 9 20
49 9 20
49 9 20
48 9 20
48 9 20
48 9 20
48 9 20
48 9 20
48 9 20
48 9 20
48 9 20
48 9 20
48 9 20
48 9 20
48 9 20
48 9 20
48 9 20
48 9 20
48 9 20
48 9 20
48 9 20
48 9 20
48 9 20
48 9 20
48 9 20
48 9 20
48 9 20
48 9 20
48 9 20
48 9 20
48 9 20
48 9 20
48 9 20
48 9 20
48 9 20
48 9 20
48 9 20
48 9 20
48 9 20
48 9 20
48 9 20
48 9 20
48 9 20
48 9 20
48 9 20
48 9 20
48 9 20
48 9 20
48 9 20
48 9 20
48 9 20
48 9 20
48 9 20
48 9 20
48 9 20
47 9 20
47 9 20
47 9 20
47 9 20
47 9 20
47 9 20
47 9 20
47 9 20
47 9 20
47 9 20
47 9 20
47 9 20
47 9 20
47 9 20
47 9 20
47 9 20
47 9 20
47 9 20
47 9 20
47 9 20
47 9 20
47 9 20
47 9 20
47 9 20
47 9 20
47 9 20
47 9 20
47 9 20
47 9 20
47 9 20
47 9 20
47 9 20
47 9 20
47 9 20
47 9 20
47 9 20
47 9 20
47 9 20
47 9 20
47 9 20
47 9 20
47 9 20
47 9 20
47 9 20
47 9 20
47 9 20
47 9 20
47 9 20
47 9 20
47 9 20
47 9 20
47 9 20
47 9 20
47 9 20
47 9 20
47 9 20
47 9 20
46 9 20
46 9 20
46 9 20
46 9 20
46 9 20
46 9 20
46 9 20
46 9 20
46 9 20
46 9 20
46 9 20
46 9 20
46 9 20
46 9 20
46 9 20
46 9 20
46 9 20
46 9 20
46 9 20
46 9 20
46 9 20
46 9 20
46 9 20
46 9 20
46 9 20
46 9 20
46 9 20
46 9 20
46 9 20
46 9 20
46 9 20
46 9 20
46 9 20
46 9 20
46 9 20
46 9 20
46 9 20
46 9 20
46 9 20
46 9 20
46 9 20
46 9 20
46 9 20
46 9 20
46 9 20
46 9 20
46 9 20
46 9 20
46 9 20
46 9 20
46 9 20
46 9 20
46 9 20
46 9 20
46 9 20
46 9 20
46 9 20
46 9 20
46 9 20
46 9 20
46 9 20
46 9 20
46 9 20
45 9 20
45 9 20
45 9 20
45 9 20
45 9 20
45 9 20
45 9 20
45 9 20
45 9 20
45 9 20
45 9 20
45 9 20
45 9 20
45 9 20
45 9 20
45 9 20
45 9 20
45 9 20
45 9 20
45 9 20
45 9 20
45 9 20
45 9 20
45 9 20
45 9 20
45 9 20
45 9 20
45 9 20
45 9 20
45 9 20
45 9 20
45 9 20
45 9 20
45 9 20
45 9 20
45 9 20
45 9 20
45 9 20
45 9 20
45 9 20
45 9 20
45 9 20
45 9 20
45 9 20
45 9 20
45 9 20
45 9 20
45 9 20
45 9 20
45 9 20
45 9 20
45 9 20
45 9 20
45 9 20
45 9 20
45 9 20
45 9 20
45 9 20
45 9 20
45 9 20
45 9 20
45 9 20
45 9 20
45 9 20
45 9 20
45 9 20
45 9 20
45 9 20
45 10 20
45 10 20
45 10 20
45 10 20
45 10 20
45 10 20
45 10 20
45 10 20
45 10 20
45 10 20
45 10 20
45 10 20
45 10 20
45 10 20
45 10 20
45 10 20
45 10 20
45 10 20
45 10 20
45 10 20
45 10 20
45 10 20
45 10 20
45 10 20
45 10 20
45 10 20
45 10 20
45 10 20
45 10 20
45 10 20
45 10 20
45 10 20
45 10 20
45 10 20
45 10 20
45 10 20
45 10 20
45 10 20
45 10 20
45 10 20
45 10 20
45 10 20
45 10 20
45 10 20
45 10 20
45 10 20
45 10 20
45 10 20
45 10 20
45 10 20
45 10 20
45 10 20
45 10 20
45 10 20
45 10 20
45 10 20
45 10 20
45 10 20
45 10 20
45 10 20
45 10 20
45 10 20
45 10 20
45 10 20
45 10 20
45 10 20
45 10 20
45 10 20
45 10 20
45 10 20
45 10 20
45 10 20
45 10 20
45 10 20
45 10 20
45 10 20
45 10 20
45 11 20
45 11 20
45 11 20
45 11 20
45 11 20
45 11 20
45 11 20
45 11 20
45 11 20
45 11 20
45 11 20
45 11 20
45 11 20
45 11 20
45 11 20
45 11 20
45 11 20
45 11 20
45 11 20
45 11 20
45 11 20
45 11 20
45 11 20
45 11 20
45 11 20
45 11 20
45 11 20
45 11 20
45 11 20
45 11 20
45 11 20
45 11 20
45 11 20
45 11 20
45 11 20
45 11 20
45 11 20
45 11 20
45 11 20
45 11 20
45 11 20
45 11 20
45 11 20
45 11 20
45 11 20
45 11 20
45 11 20
45 11 20
45 11 20
45 11 20
45 11 20
45 11 20
45 11 20
45 11 20
45 11 20
45 11 20
45 11 20
45 11 20
45 11 20
45 11 20
45 11 20
45 11 20
45 11 20
45 11 20
45 11 20
45 11 20
45 11 20
45 11 20
45 11 20
45 11 20
45 11 20
45 11 20
45 11 20
45 11 20
45 11 20
45 11 20
45 11 20
45 11 20
45 11 20
45 11 20
45 11 20
45 11 20
45 11 20
45 11 20
45 11 20
45 11 20
45 11 20
45 12 20
45 12 20
45 12 20
45 12 20
45 12 20
45 12 20
45 12 20
45 12 20
45 12 20
45 12 20
45 12 20
45 12 20
45 12 20
45 12 20
45 12 20
45 12 20
45 12 20
45 12 20
45 12 20
45 12 20
45 12 20
45 12 20
45 12 20
45 12 20
45 12 20
45 12 20
45 12 20
45 12 20
45 12 20
45 12 20
45 12 20
45 12 20
45 12 20
45 12 20
45 12 20
45 12 20
45 12 20
45 12 20
45 12 20
45 12 20
45 12 20
45 12 20
45 12 20
45 12 20
45 12 20
45 12 20
45 12 20
45 12 20
45 12 20
45 12 20
45 12 20
45 12 20
45 12 20
45 12 20
45 12 20
45 12 20
45 12 20
45 12 20
45 12 20
45 12 20
45 12 20
45 12 20
45 12 20
45 12 20
45 12 20
45 12 20
45 12 20
45 12 20
45 12 20
45 12 20
45 12 20
45 12 20
45 12 20
45 12 20
45 12 20
45 12 20
45 12 20
45 12 20
45 12 20
45 12 20
45 12 20
45 12 20
45 12 20
45 12 20
45 12 20
45 12 20
45 12 20
45 12 20
45 12 20
45 12 20
45 12 20
45 12 20
45 12 20
45 12 20
45 12 20
45 12 20
45 12 20
45 12 20
45 13 20
45 13 20
45 13 20
45 13 20
45 13 20
45 13 20
45 13 20
45 13 20
45 13 20
45 13 20
45 13 20
45 13 20
45 13 20
45 13 20
45 13 20
45 13 20
45 13 20
45 13 20
45 13 20
45 13 20
45 13 20
45 13 20
45 13 20
45 13 20
45 13 20
45 13 20
45 13 20
45 13 20
45 13 20
45 13 20
45 13 20
45 13 20
45 13 20
45 13 20
45 13 20
45 13 20
45 13 20
45 13 20
45 13 20
45 13 20
45 13 20
45 13 20
45 13 20
45 13 20
45 13 20
45 13 20
45 13 20
45 13 20
45 13 20
45 13 20
45 13 20
45 13 20
45 13 20
45 13 20
45 13 20
45 13 20
45 13 20
45 13 20
45 13 20
45 13 20
45 13 20
45 13 20
45 13 20
45 13 20
45 13 20
45 13 20
45 13 20
45 13 20
45 13 20
45 13 20
45 13 20
45 13 20
45 13 20
45 13 20
45 13 20
45 13 20
45 13 20
45 13 20
45 13 20
45 13 20
45 13 20
45 13 20
45 13 20
45 13 20
45 13 20
45 13 20
45 13 20
45 13 20
45 13 20
45 13 20
45 13 20
45 13 20
45 13 20
45 13 20
45 13 20
45 13 20
45 13 20
45 13 20
45 13 20
45 13 20
45 13 20
45 13 20
45 13 20
45 13 20
45 13 20
45 13 20
45 13 20
45 13 20
45 14 20
45 14 20
45 14 20
45 14 20
45 14 20
45 14 20
45 14 20
45 14 20
45 14 20
45 14 20
45 14 20
45 14 20
45 14 20
45 14 20
45 14 20
45 14 20
45 14 20
45 14 20
45 14 20
45 14 20
45 14 20
45 14 20
45 14 20
45 14 20
45 14 20
45 14 20
45 14 20
45 14 20
45 14 20
45 14 20
45 14 20
45 14 20
45 14 20
45 14 20
45 14 20
45 14 20
45 14 20
45 14 20
45 14 20
45 14 20
45 14 20
45 14 20
45 14 20
45 14 20
45 14 20
45 14 20
45 14 20
45 14 20
45 14 20
45 14 20
45 14 20
45 14 20
45 14 20
45 14 20
45 14 20
45 14 20
45 14 20
45 14 20
45 14 20
45 14 20
45 14 20
45 14 20
45 14 20
45 14 20
45 14 20
45 14 20
45 14 20
45 14 20
45 14 20
45 14 20
45 14 20
45 14 20
45 14 20
45 14 20
45 14 20
45 14 20
45 14 20
45 14 20
45 14 20
45 14 20
45 14 20
45 14 20
45 14 20
45 14 20
45 14 20
45 14 20
45 14 20
45 14 20
45 14 20
45 14 20
45 14 20
45 14 20
45 14 20
45 14 20
45 14 20
45 14 20
45 14 20
45 14 20
45 14 20
45 14 20
45 14 20
45 14 20
45 14 20
45 14 20
45 14 20
45 14 20
45 14 20
45 14 20
45 14 20
45 14 20
45 14 20
45 14 20
45 14 20
45 14 20
45 14 20
45 14 20
45 14 20
45 15 20
45 15 20
45 15 20
45 15 20
45 15 20
45 15 20
45 15 20
45 15 20
45 15 20
45 15 20
45 15 20
45 15 20
45 15 20
45 15 20
45 15 20
45 15 20
45 15 20
45 15 20
45 15 20
45 15 20
45 15 20
45 15 20
45 15 20
45 15 20
45 15 20
45 15 20
45 15 20
45 15 20
45 15 20
45 15 20
45 15 20
45 15 20
45 15 20
45 15 20
45 15 20
45 15 20
45 15 20
45 15 20
45 15 20
45 15 20
45 15 20
45 15 20
45 15 20
45 15 20
45 15 20
45 15 20
45 15 20
45 15 20
45 15 20
45 15 20
45 15 20
45 15 20
45 15 20
45 15 20
45 15 20
45 15 20
45 15 20
45 15 20
45 15 20
45 15 20
45 15 20
45 15 20
45 15 20
45 15 20
45 15 20
45 15 20
45 15 20
45 15 20
45 15 20
45 15 20
45 15 20
45 15 20
45 15 20
45 15 20
45 15 20
45 15 20
45 15 20
45 15 20
45 15 20
45 15 20
45 15 20
45 15 20
45 15 20
45 15 20
45 15 20
45 15 20
45 15 20
45 15 20
45 15 20
45 15 20
45 15 20
45 15 20
45 15 20
45 15 20
45 15 20
45 15 20
45 15 20
45 15 20
45 15 20
45 15 20
45 15 20
45 15 20
45 15 20
45 15 20
45 15 20
45 15 20
45 15 20
45 15 20
45 15 20
45 15 20
45 15 20
45 15 20
45 15 20
45 15 20
45 15 20
45 15 20
45 15 20
45 15 20
45 15 20
45 15 20
45 15 20
45 15 20
45 15 20
45 15 20
45 15 20
44 15 20
44 15 20
44 15 20
44 15 20
44 15 20
44 15 20
44 15 20
44 15 20
44 15 20
44 15 20
44 15 20
44 15 20
44 15 20
44 15 20
44 15 20
44 15 20
44 15 20
44 15 20
44 15 20
44 15 20
44 15 20
44 15 20
44 15 20
44 15 20
44 15 20
44 15 20
44 15 20
44 15 20
44 15 20
44 15 20
44 15 20
44 15 20
44 15 20
44 15 20
44 15 20
44 15 20
44 15 20
44 15 20
44 15 20
44 15 20
44 15 20
44 15 20
44 15 20
44 15 20
44 15 20
44 15 20
44 15 20
44 15 20
44 15 20
44 15 20
44 15 20
44 15 20
44 15 20
44 15 20
44 15 20
44 15 20
44 15 20
44 15 20
44 15 20
44 15 20
44 15 20
44 15 20
44 15 20
44 15 20
44 15 20
44 15 20
44 15 20
44 15 20
44 15 20
44 15 20
44 15 20
44 15 20
44 15 20
44 15 20
44 15 20
44 15 20
44 15 20
44 15 20
44 15 20
44 15 20
44 15 20
44 15 20
44 15 20
44 15 20
44 15 20
44 15 20
44 15 20
44 15 20
44 15 20
44 15 20
44 15 20
44 15 20
44 15 20
44 15 20
44 15 20
44 15 20
44 15 20
44 15 20
44 15 20
44 15 20
44 15 20
44 15 20
44 15 20
44 15 20
44 15 20
44 15 20
44 15 20
44 15 20
44 15 20
44 15 20
44 15 20
44 15 20
44 15 20
44 15 20
44 15 20
44 15 20
44 15 20
44 15 20
44 15 20
44 15 20
44 15 20
44 15 20
44 15 20
44 15 20
44 15 20
44 15 20
44 15 20
44 15 20
43 15 20
43 15 20
43 15 20
43 15 20
43 15 20
43 15 20
43 15 20
43 15 20
43 15 20
43 15 20
43 15 20
43 15 20
43 15 20
43 15 20
43 15 20
43 15 20
43 15 20
43 15 20
43 15 20
43 15 20
43 15 20
43 15 20
43 15 20
43 15 20
43 15 20
43 15 20
43 15 20
43 15 20
43 15 20
43 15 20
43 15 20
43 15 20
43 15 20
43 15 20
43 15 20
43 15 20
43 15 20
43 15 20
43 15 20
43 15 20
43 15 20
43 15 20
43 15 20
43 15 20
43 15 20
43 15 20
43 15 20
43 15 20
43 15 20
43 15 20
43 15 20
43 15 20
43 15 20
43 15 20
43 15 20
43 15 20
43 15 20
43 15 20
43 15 20
43 15 20
43 15 20
43 15 20
43 15 20
43 15 20
43 15 20
43 15 20
43 15 20
43 15 20
43 15 20
43 15 20
43 15 20
43 15 20
43 15 20
43 15 20
43 15 20
43 15 20
43 15 20
43 15 20
43 15 20
43 15 20
43 15 20
43 15 20
43 15 20
43 15 20
43 15 20
43 15 20
43 15 20
43 15 20
43 15 20
43 15 20
43 15 20
43 15 20
43 15 20
43 15 20
43 15 20
43 15 20
43 15 20
43 15 20
43 15 20
43 15 20
43 15 20
43 15 20
43 15 20
43 15 20
43 15 20
43 15 20
43 15 20
43 15 20
43 15 20
43 15 20
43 15 20
43 15 20
43 15 20
43 15 20
43 15 20
43 15 20
43 15 20
43 15 20
43 15 20
43 15 20
43 15 20
43 15 20
43 15 20
43 15 20
43 15 20
43 15 20
43 15 20
43 15 20
43 15 20
43 15 20
42 15 20
42 15 20
42 15 20
42 15 20
42 15 20
42 15 20
42 15 20
42 15 20
42 15 20
42 15 20
42 15 20
42 15 20
42 15 20
42 15 20
42 15 20
42 15 20
42 15 20
42 15 20
42 15 20
42 15 20
42 15 20
42 15 20
42 15 20
42 15 20
42 15 20
42 15 20
42 15 20
42 15 20
42 15 20
42 15 20
42 15 20
42 15 20
42 15 20
42 15 20
42 15 20
42 15 20
42 15 20
42 15 20
42 15 20
42 15 20
42 15 20
42 15 20
42 15 20
42 15 20
42 15 20
42 15 20
42 15 20
42 15 20
42 15 20
42 15 20
42 15 20
42 15 20
42 15 20
42 15 20
42 15 20
42 15 20
42 15 20
42 15 20
42 15 20
42 15 20
42 15 20
42 15 20
42 15 20
42 15 20
42 15 20
42 15 20
42 15 20
42 15 20
42 15 20
42 15 20
42 15 20
42 15 20
42 15 20
42 15 20
42 15 20
42 15 20
42 15 20
42 15 20
42 15 20
42 15 20
42 15 20
42 15 20
42 15 20
42 15 20
42 15 20
42 15 20
42 15 20
42 15 20
42 15 20
42 15 20
42 15 20
42 15 20
42 15 20
42 15 20
42 15 20
42 15 20
42 15 20
42 15 20
42 15 20
42 15 20
42 15 20
42 15 20
42 15 20
42 15 20
42 15 20
42 15 20
42 15 20
42 15 20
42 15 20
42 15 20
42 15 20
42 15 20
42 15 20
42 15 20
42 15 20
42 15 20
42 15 20
42 15 20
42 15 20
42 15 20
42 15 20
42 15 20
42 15 20
42 15 20
42 15 20
42 15 20
42 15 20
42 15 20
42 15 20
42 15 20
42 15 20
41 15 20
41 15 20
41 15 20
41 15 20
41 15 20
41 15 20
41 15 20
41 15 20
41 15 20
41 15 20
41 15 20
41 15 20
41 15 20
41 15 20
41 15 20
41 15 20
41 15 20
41 15 20
41 15 20
41 15 20
41 15 20
41 15 20
41 15 20
41 15 20
41 15 20
41 15 20
41 15 20
41 15 20
41 15 20
41 15 20
41 15 20
41 15 20
41 15 20
41 15 20
41 15 20
41 15 20
41 15 20
41 15 20
41 15 20
41 15 20
41 15 20
41 15 20
41 15 20
41 15 20
41 15 20
41 15 20
41 15 20
41 15 20
41 15 20
41 15 20
41 15 20
41 15 20
41 15 20
41 15 20
41 15 20
41 15 20
41 15 20
41 15 20
41 15 20
41 15 20
41 15 20
41 15 20
41 15 20
41 15 20
41 15 20
41 15 20
41 15 20
41 15 20
41 15 20
41 15 20
41 15 20
41 15 20
41 15 20
41 15 20
41 15 20
41 15 20
41 15 20
41 15 20
41 15 20
41 15 20
41 15 20
41 15 20
41 15 20
41 15 20
41 15 20
41 15 20
41 15 20
41 15 20
41 15 20
41 15 20
41 15 20
41 15 20
41 15 20
41 15 20
41 15 20
41 15 20
41 15 20
41 15 20
41 15 20
41 15 20
41 15 20
41 15 20
41 15 20
41 15 20
41 15 20
41 15 20
41 15 20
41 15 20
41 15 20
41 15 20
41 15 20
41 15 20
41 15 20
41 15 20
41 15 20
41 15 20
41 15 20
41 15 20
41 15 20
41 15 20
41 15 20
41 15 20
41 15 20
41 15 20
41 15 20
41 15 20
41 15 20
41 15 20
41 15 20
41 15 20
41 15 20
41 15 20
40 15 20
40 15 20
40 15 20
40 15 20
40 15 20
40 15 20
40 15 20
40 15 20
40 15 20
40 15 20
40 15 20
40 15 20
40 15 20
40 15 20
40 15 20
40 15 20
40 15 20
40 15 20
40 15 20
40 15 20
40 15 20
40 15 20
40 15 20
40 15 20
40 15 20
40 15 20
40 15 20
40 15 20
40 15 20
40 15 20
40 15 20
40 15 20
40 15 20
40 15 20
40 15 20
40 15 20
40 15 20
40 15 20
40 15 20
40 15 20
40 15 20
40 15 20
40 15 20
40 15 20
40 15 20
40 15 20
40 15 20
40 15 20
40 15 20
40 15 20
40 15 20
40 15 20
40 15 20
40 15 20
40 15 20
40 15 20
40 15 20
40 15 20
40 15 20
40 15 20
40 15 20
40 15 20
40 15 20
40 15 20
40 15 20
40 15 20
40 15 20
40 15 20
40 15 20
40 15 20
40 15 20
40 15 20
40 15 20
40 15 20
40 15 20
40 15 20
40 15 20
40 15 20
40 15 20
40 15 20
40 15 20
40 15 20
40 15 20
40 15 20
40 15 20
40 15 20
40 15 20
40 15 20
40 15 20
40 15 20
40 15 20
40 15 20
40 15 20
40 15 20
40 15 20
40 15 20
40 15 20
40 15 20
40 15 20
40 15 20
40 15 20
40 15 20
40 15 20
40 15 20
40 15 20
40 15 20
40 15 20
40 15 20
40 15 20
40 15 20
40 15 20
40 15 20
40 15 20
40 15 20
40 15 20
40 15 20
40 15 20
40 15 20
40 15 20
40 15 20
40 15 20
40 15 20
40 15 20
40 15 20
40 15 20
40 15 20
40 15 20
40 15 20
40 15 20
40 15 20
40 15 20
40 15 20
40 15 20
39 15 20
39 15 20
39 15 20
39 15 20
39 15 20
39 15 20
39 15 20
39 15 20
39 15 20
39 15 20
39 15 20
39 15 20
39 15 20
39 15 20
39 15 20
39 15 20
39 15 20
39 15 20
39 15 20
39 15 20
39 15 20
39 15 20
39 15 20
39 15 20
39 15 20
39 15 20
39 15 20
39 15 20
39 15 20
39 15 20
39 15 20
39 15 20
39 15 20
39 15 20
39 15 20
39 15 20
39 15 20
39 15 20
39 15 20
39 15 20
39 15 20
39 15 20
39 15 20
39 15 20
39 15 20
39 15 20
39 15 20
39 15 20
39 15 20
39 15 20
39 15 20
39 15 20
39 15 20
39 15 20
39 15 20
39 15 20
39 15 20
39 15 20
39 15 20
39 15 20
39 15 20
39 15 20
39 15 20
39 15 20
39 15 20
39 15 20
39 15 20
39 15 20
39 15 20
39 15 20
39 15 20
39 15 20
39 15 20
39 15 20
39 15 20
39 15 20
39 15 20
39 15 20
39 15 20
39 15 20
39 15 20
39 15 20
39 15 20
39 15 20
39 15 20
39 15 20
39 15 20
39 15 20
39 15 20
39 15 20
39 15 20
39 15 20
39 15 20
39 15 20
39 15 20
39 15 20
39 15 20
39 15 20
39 15 20
39 15 20
39 15 20
39 15 20
39 15 20
39 15 20
39 15 20
39 15 20
39 15 20
39 15 20
39 15 20
39 15 20
39 15 20
39 15 20
39 15 20
39 15 20
39 15 20
39 15 20
39 15 20
39 15 20
39 15 20
39 15 20
39 15 20
39 15 20
39 15 20
39 15 20
39 15 20
39 15 20
39 15 20
39 15 20
39 15 20
39 15 20
39 15 20
39 15 20
39 15 20
39 15 20
39 15 20
38 15 20
38 15 20
38 15 20
38 15 20
38 15 20
38 15 20
38 15 20
38 15 20
38 15 20
38 15 20
38 15 20
38 15 20
38 15 20
38 15 20
38 15 20
38 15 20
38 15 20
38 15 20
38 15 20
38 15 20
38 15 20
38 15 20
38 15 20
38 15 20
38 15 20
38 15 20
38 15 20
38 15 20
38 15 20
38 15 20
38 15 20
38 15 20
38 15 20
38 15 20
38 15 20
38 15 20
38 15 20
38 15 20
38 15 20
38 15 20
38 15 20
38 15 20
38 15 20
38 15 20
38 15 20
38 15 20
38 15 20
38 15 20
38 15 20
38 15 20
38 15 20
38 15 20
38 15 20
38 15 20
38 15 20
38 15 20
38 15 20
38 15 20
38 15 20
38 15 20
38 15 20
38 15 20
38 15 20
38 15 20
38 15 20
38 15 20
38 15 20
38 15 20
38 15 20
38 15 20
38 15 20
38 15 20
38 15 20
38 15 20
38 15 20
38 15 20
38 15 20
38 15 20
38 15 20
38 15 20
38 15 20
38 15 20
38 15 20
38 15 20
38 15 20
38 15 20
38 15 20
38 15 20
38 15 20
38 15 20
38 15 20
38 15 20
38 15 20
38 15 20
38 15 20
38 15 20
38 15 20
38 15 20
38 15 20
38 15 20
38 15 20
38 15 20
38 15 20
38 15 20
38 15 20
38 15 20
38 15 20
38 15 20
38 15 20
38 15 20
38 15 20
38 15 20
38 15 20
38 15 20
38 15 20
38 15 20
38 15 20
38 15 20
38 15 20
38 15 20
38 15 20
38 15 20
38 15 20
38 15 20
38 15 20
38 15 20
38 15 20
38 15 20
38 15 20
38 15 20
38 15 20
38 15 20
38 15 20
38 15 20
38 15 20
38 15 20
38 15 20
38 15 20
37 15 20
37 15 20
37 15 20
37 15 20
37 15 20
37 15 20
37 15 20
37 15 20
37 15 20
37 15 20
37 15 20
37 15 20
37 15 20
37 15 20
37 15 20
37 15 20
37 15 20
37 15 20
37 15 20
37 15 20
37 15 20
37 15 20
37 15 20
37 15 20
37 15 20
37 15 20
37 15 20
37 15 20
37 15 20
37 15 20
37 15 20
37 15 20
37 15 20
37 15 20
37 15 20
37 15 20
37 15 20
37 15 20
37 15 20
37 15 20
37 15 20
37 15 20
37 15 20
37 15 20
37 15 20
37 15 20
37 15 20
37 15 20
37 15 20
37 15 20
37 15 20
37 15 20
37 15 20
37 15 20
37 15 20
37 15 20
37 15 20
37 15 20
37 15 20
37 15 20
37 15 20
37 15 20
37 15 20
37 15 20
37 15 20
37 15 20
37 15 20
37 15 20
37 15 20
37 15 20
37 15 20
37 15 20
37 15 20
37 15 20
37 15 20
37 15 20
37 15 20
37 15 20
37 15 20
37 15 20
37 15 20
37 15 20
37 15 20
37 15 20
37 15 20
37 15 20
37 15 20
37 15 20
37 15 20
37 15 20
37 15 20
37 15 20
37 15 20
37 15 20
37 15 20
37 15 20
37 15 20
37 15 20
37 15 20
37 15 20
37 15 20
37 15 20
37 15 20
37 15 20
37 15 20
37 15 20
37 15 20
37 15 20
37 15 20
37 15 20
37 15 20
37 15 20
37 15 20
37 15 20
37 15 20
37 15 20
37 15 20
37 15 20
37 15 20
37 15 20
37 15 20
37 15 20
37 15 20
37 15 20
37 15 20
37 15 20
37 15 20
37 15 20
37 15 20
37 15 20
37 15 20
37 15 20
37 15 20
37 15 20
37 15 20
37 15 20
37 15 20
37 15 20
37 15 20
37 15 20
37 15 20
37 15 20
37 15 20
37 16 20
37 16 20
37 16 20
37 16 20
37 16 20
37 16 20
37 16 20
37 16 20
37 16 20
37 16 20
37 16 20
37 16 20
37 16 20
37 16 20
37 16 20
37 16 20
37 16 20
37 16 20
37 16 20
37 16 20
37 16 20
37 16 20
37 16 20
37 16 20
37 16 20
37 16 20
37 16 20
37 16 20
37 16 20
37 16 20
37 16 20
37 16 20
37 16 20
37 16 20
37 16 20
37 16 20
37 16 20
37 16 20
37 16 20
37 16 20
37 16 20
37 16 20
37 16 20
37 16 20
37 16 20
37 16 20
37 16 20
37 16 20
37 16 20
37 16 20
37 16 20
37 16 20
37 16 20
37 16 20
37 16 20
37 16 20
37 16 20
37 16 20
37 16 20
37 16 20
37 16 20
37 16 20
37 16 20
37 16 20
37 16 20
37 16 20
37 16 20
37 16 20
37 16 20
37 16 20
37 16 20
37 16 20
37 16 20
37 16 20
37 16 20
37 16 20
37 16 20
37 16 20
37 16 20
37 16 20
37 16 20
37 16 20
37 16 20
37 16 20
37 16 20
37 16 20
37 16 20
37 16 20
37 16 20
37 16 20
37 16 20
37 16 20
37 16 20
37 16 20
37 16 20
37 16 20
37 16 20
37 16 20
37 16 20
37 16 20
37 16 20
37 16 20
37 16 20
37 16 20
37 16 20
37 16 20
37 16 20
37 16 20
37 16 20
37 16 20
37 16 20
37 16 20
37 16 20
37 16 20
37 16 20
37 16 20
37 16 20
37 16 20
37 16 20
37 16 20
37 16 20
37 16 20
37 16 20
37 16 20
37 16 20
37 16 20
37 16 20
37 16 20
37 16 20
37 16 20
37 16 20
37 16 20
37 16 20
37 16 20
37 16 20
37 16 20
37 16 20
37 16 20
37 16 20
37 16 20
37 16 20
37 16 20
37 17 20
37 17 20
37 17 20
37 17 20
37 17 20
37 17 20
37 17 20
37 17 20
37 17 20
37 17 20
37 17 20
37 17 20
37 17 20
37 17 20
37 17 20
37 17 20
37 17 20
37 17 20
37 17 20
37 17 20
37 17 20
37 17 20
37 17 20
37 17 20
37 17 20
37 17 20
37 17 20
37 17 20
37 17 20
37 17 20
37 17 20
37 17 20
37 17 20
37 17 20
37 17 20
37 17 20
37 17 20
37 17 20
37 17 20
37 17 20
37 17 20
37 17 20
37 17 20
37 17 20
37 17 20
37 17 20
37 17 20
37 17 20
37 17 20
37 17 20
37 17 20
37 17 20
37 17 20
37 17 20
37 17 20
37 17 20
37 17 20
37 17 20
37 17 20
37 17 20
37 17 20
37 17 20
37 17 20
37 17 20
37 17 20
37 17 20
37 17 20
37 17 20
37 17 20
37 17 20
37 17 20
37 17 20
37 17 20
37 17 20
37 17 20
37 17 20
37 17 20
37 17 20
37 17 20
37 17 20
37 17 20
37 17 20
37 17 20
37 17 20
37 17 20
37 17 20
37 17 20
37 17 20
37 17 20
37 17 20
37 17 20
37 17 20
37 17 20
37 17 20
37 17 20
37 17 20
37 17 20
37 17 20
37 17 20
37 17 20
37 17 20
37 17 20
37 17 20
37 17 20
37 17 20
37 17 20
37 17 20
37 17 20
37 17 20
37 17 20
37 17 20
37 17 20
37 17 20
37 17 20
37 17 20
37 17 20
37 17 20
37 17 20
37 17 20
37 17 20
37 17 20
37 17 20
37 17 20
37 17 20
37 17 20
37 17 20
37 17 20
37 17 20
37 17 20
37 17 20
37 17 20
37 17 20
37 17 20
37 17 20
37 17 20
37 17 20
37 17 20
37 17 20
37 17 20
37 17 20
37 18 20
37 18 20
37 18 20
37 18 20
37 18 20
37 18 20
37 18 20
37 18 20
37 18 20
37 18 20
37 18 20
37 18 20
37 18 20
37 18 20
37 18 20
37 18 20
37 18 20
37 18 20
37 18 20
37 18 20
37 18 20
37 18 20
37 18 20
37 18 20
37 18 20
37 18 20
37 18 20
37 18 20
37 18 20
37 18 20
37 18 20
37 18 20
37 18 20
37 18 20
37 18 20
37 18 20
37 18 20
37 18 20
37 18 20
37 18 20
37 18 20
37 18 20
37 18 20
37 18 20
37 18 20
37 18 20
37 18 20
37 18 20
37 18 20
37 18 20
37 18 20
37 18 20
37 18 20
37 18 20
37 18 20
37 18 20
37 18 20
37 18 20
37 18 20
37 18 20
37 18 20
37 18 20
37 18 20
37 18 20
37 18 20
37 18 20
37 18 20
37 18 20
37 18 20
37 18 20
37 18 20
37 18 20
37 18 20
37 18 20
37 18 20
37 18 20
37 18 20
37 18 20
37 18 20
37 18 20
37 18 20
37 18 20
37 18 20
37 18 20
37 18 20
37 18 20
37 18 20
37 18 20
37 18 20
37 18 20
37 18 20
37 18 20
37 18 20
37 18 20
37 18 20
37 18 20
37 18 20
37 18 20
37 18 20
37 18 20
37 18 20
37 18 20
37 18 20
37 18 20
37 18 20
37 18 20
37 18 20
37 18 20
37 18 20
37 18 20
37 18 20
37 18 20
37 18 20
37 18 20
37 18 20
37 18 20
37 18 20
37 18 20
37 18 20
37 18 20
37 18 20
37 18 20
37 18 20
37 18 20
37 18 20
37 18 20
37 18 20
37 18 20
37 18 20
37 18 20
37 18 20
37 18 20
37 18 20
37 18 20
37 18 20
37 18 20
37 18 20
37 18 20
37 19 20
37 19 20
37 19 20
37 19 20
37 19 20
37 19 20
37 19 20
37 19 20
37 19 20
37 19 20
37 19 20
37 19 20
37 19 20
37 19 20
37 19 20
37 19 20
37 19 20
37 19 20
37 19 20
37 19 20
37 19 20
37 19 20
37 19 20
37 19 20
37 19 20
37 19 20
37 19 20
37 19 20
37 19 20
37 19 20
37 19 20
37 19 20
37 19 20
37 19 20
37 19 20
37 19 20
37 19 20
37 19 20
37 19 20
37 19 20
37 19 20
37 19 20
37 19 20
37 19 20
37 19 20
37 19 20
37 19 20
37 19 20
37 19 20
37 19 20
37 19 20
37 19 20
37 19 20
37 19 20
37 19 20
37 19 20
37 19 20
37 19 20
37 19 20
37 19 20
37 19 20
37 19 20
37 19 20
37 19 20
37 19 20
37 19 20
37 19 20
37 19 20
37 19 20
37 19 20
37 19 20
37 19 20
37 19 20
37 19 20
37 19 20
37 19 20
37 19 20
37 19 20
37 19 20
37 19 20
37 19 20
37 19 20
37 19 20
37 19 20
37 19 20
37 19 20
37 19 20
37 19 20
37 19 20
37 19 20
37 19 20
37 19 20
37 19 20
37 19 20
37 19 20
37 19 20
37 19 20
37 19 20
37 19 20
37 19 20
37 19 20
37 19 20
37 19 20
37 19 20
37 19 20
37 19 20
37 19 20
37 19 20
37 19 20
37 19 20
37 19 20
37 19 20
37 19 20
37 19 20
37 19 20
37 19 20
37 19 20
37 19 20
37 19 20
37 19 20
37 19 20
37 19 20
37 19 20
37 19 20
37 19 20
37 19 20
37 19 20
37 19 20
37 19 20
37 19 20
37 19 20
37 19 20
37 19 20
37 19 20
37 19 20
37 19 20
37 20 20
37 20 20
37 20 20
37 20 20
37 20 20
37 20 20
37 20 20
37 20 20
37 20 20
37 20 20
37 20 20
37 20 20
37 20 20
37 20 20
37 20 20
37 20 20
37 20 20
37 20 20
37 20 20
37 20 20
37 20 20
37 20 20
37 20 20
37 20 20
37 20 20
37 20 20
37 20 20
37 20 20
37 20 20
37 20 20
37 20 20
37 20 20
37 20 20
37 20 20
37 20 20
37 20 20
37 20 20
37 20 20
37 20 20
37 20 20
37 20 20
37 20 20
37 20 20
37 20 20
37 20 20
37 20 20
37 20 20
37 20 20
37 20 20
37 20 20
37 20 20
37 20 20
37 20 20
37 20 20
37 20 20
37 20 20
37 20 20
37 20 20
37 20 20
37 20 20
37 20 20
37 20 20
37 20 20
37 20 20
37 20 20
37 20 20
37 20 20
37 20 20
37 20 20
37 20 20
37 20 20
37 20 20
37 20 20
37 20 20
37 20 20
37 20 20
37 20 20
37 20 20
37 20 20
37 20 20
37 20 20
37 20 20
37 20 20
37 20 20
37 20 20
37 20 20
37 20 20
37 20 20
37 20 20
37 20 20
37 20 20
37 20 20
37 20 20
37 20 20
37 20 20
37 20 20
37 20 20
37 20 20
37 20 20
37 20 20
37 20 20
37 20 20
37 20 20
37 20 20
37 20 20
37 20 20
37 20 20
37 20 20
37 20 20
37 20 20
37 20 20
37 20 20
37 20 20
37 20 20
37 20 20
37 20 20
37 20 20
37 20 20
37 20 20
37 20 20
37 20 20
37 20 20
37 20 20
37 20 20
37 20 20
37 20 20
37 20 20
37 20 20
37 20 20
37 20 20
37 20 20
37 20 20
37 20 20
37 20 20
37 20 20
37 21 20
37 21 20
37 21 20
37 21 20
37 21 20
37 21 20
37 21 20
37 21 20
37 21 20
37 21 20
37 21 20
37 21 20
37 21 20
37 21 20
37 21 20
37 21 20
37 21 20
37 21 20
37 21 20
37 21 20
37 21 20
37 21 20
37 21 20
37 21 20
37 21 20
37 21 20
37 21 20
37 21 20
37 21 20
37 21 20
37 21 20
37 21 20
37 21 20
37 21 20
37 21 20
37 21 20
37 21 20
37 21 20
37 21 20
37 21 20
37 21 20
37 21 20
37 21 20
37 21 20
37 21 20
37 21 20
37 21 20
37 21 20
37 21 20
37 21 20
37 21 20
37 21 20
37 21 20
37 21 20
37 21 20
37 21 20
37 21 20
37 21 20
37 21 20
37 21 20
37 21 20
37 21 20
37 21 20
37 21 20
37 21 20
37 21 20
37 21 20
37 21 20
37 21 20
37 21 20
37 21 20
37 21 20
37 21 20
37 21 20
37 21 20
37 21 20
37 21 20
37 21 20
37 21 20
37 21 20
37 21 20
37 21 20
37 21 20
37 21 20
37 21 20
37 21 20
37 21 20
37 21 20
37 21 20
37 21 20
37 21 20
37 21 20
37 21 20
37 21 20
37 21 20
37 21 20
37 21 20
37 21 20
37 21 20
37 21 20
37 21 20
37 21 20
37 21 20
37 21 20
37 21 20
37 21 20
37 21 20
37 21 20
37 21 20
37 21 20
37 21 20
37 21 20
37 21 20
37 21 20
37 21 20
37 21 20
37 21 20
37 21 20
37 21 20
37 21 20
37 21 20
37 21 20
37 21 20
37 21 20
37 21 20
37 21 20
37 21 20
37 21 20
37 21 20
37 21 20
37 21 20
37 21 20
37 21 20
37 21 20
37 22 20
37 22 20
37 22 20
37 22 20
37 22 20
37 22 20
37 22 20
37 22 20
37 22 20
37 22 20
37 22 20
37 22 20
37 22 20
37 22 20
37 22 20
37 22 20
37 22 20
37 22 20
37 22 20
37 22 20
37 22 20
37 22 20
37 22 20
37 22 20
37 22 20
37 22 20
37 22 20
37 22 20
37 22 20
37 22 20
37 22 20
37 22 20
37 22 20
37 22 20
37 22 20
37 22 20
37 22 20
37 22 20
37 22 20
37 22 20
37 22 20
37 22 20
37 22 20
37 22 20
37 22 20
37 22 20
37 22 20
37 22 20
37 22 20
37 22 20
37 22 20
37 22 20
37 22 20
37 22 20
37 22 20
37 22 20
37 22 20
37 22 20
37 22 20
37 22 20
37 22 20
37 22 20
37 22 20
37 22 20
37 22 20
37 22 20
37 22 20
37 22 20
37 22 20
37 22 20
37 22 20
37 22 20
37 22 20
37 22 20
37 22 20
37 22 20
37 22 20
37 22 20
37 22 20
37 22 20
37 22 20
37 22 20
37 22 20
37 22 20
37 22 20
37 22 20
37 22 20
37 22 20
37 22 20
37 22 20
37 22 20
37 22 20
37 22 20
37 22 20
37 22 20
37 22 20
37 22 20
37 22 20
37 22 20
37 22 20
37 22 20
37 22 20
37 22 20
37 22 20
37 22 20
37 22 20
37 22 20
37 22 20
37 22 20
37 22 20
37 22 20
37 22 20
37 22 20
37 22 20
37 22 20
37 22 20
37 22 20
37 22 20
37 22 20
37 22 20
37 22 20
37 22 20
37 22 20
37 22 20
37 22 20
37 22 20
37 22 20
37 22 20
37 22 20
37 22 20
37 22 20
37 22 20
37 22 20
37 23 20
37 23 20
37 23 20
37 23 20
37 23 20
37 23 20
37 23 20
37 23 20
37 23 20
37 23 20
37 23 20
37 23 20
37 23 20
37 23 20
37 23 20
37 23 20
37 23 20
37 23 20
37 23 20
37 23 20
37 23 20
37 23 20
37 23 20
37 23 20
37 23 20
37 23 20
37 23 20
37 23 20
37 23 20
37 23 20
37 23 20
37 23 20
37 23 20
37 23 20
37 23 20
37 23 20
37 23 20
37 23 20
37 23 20
37 23 20
37 23 20
37 23 20
37 23 20
37 23 20
37 23 20
37 23 20
37 23 20
37 23 20
37 23 20
37 23 20
37 23 20
37 23 20
37 23 20
37 23 20
37 23 20
37 23 20
37 23 20
37 23 20
37 23 20
37 23 20
37 23 20
37 23 20
37 23 20
37 23 20
37 23 20
37 23 20
37 23 20
37 23 20
37 23 20
37 23 20
37 23 20
37 23 20
37 23 20
37 23 20
37 23 20
37 23 20
37 23 20
37 23 20
37 23 20
37 23 20
37 23 20
37 23 20
37 23 20
37 23 20
37 23 20
37 23 20
37 23 20
37 23 20
37 23 20
37 23 20
37 23 20
37 23 20
37 23 20
37 23 20
37 23 20
37 23 20
37 23 20
37 23 20
37 23 20
37 23 20
37 23 20
37 23 20
37 23 20
37 23 20
37 23 20
37 23 20
37 23 20
37 23 20
37 23 20
37 23 20
37 23 20
37 23 20
37 23 20
37 23 20
37 23 20
37 23 20
37 23 20
37 23 20
37 23 20
37 23 20
37 23 20
37 23 20
37 23 20
37 23 20
37 23 20
37 23 20
37 23 20
37 23 20
37 23 20
37 23 20
37 23 20
37 24 20
37 24 20
37 24 20
37 24 20
37 24 20
37 24 20
37 24 20
37 24 20
37 24 20
37 24 20
37 24 20
37 24 20
37 24 20
37 24 20
37 24 20
37 24 20
37 24 20
37 24 20
37 24 20
37 24 20
37 24 20
37 24 20
37 24 20
37 24 20
37 24 20
37 24 20
37 24 20
37 24 20
37 24 20
37 24 20
37 24 20
37 24 20
37 24 20
37 24 20
37 24 20
37 24 20
37 24 20
37 24 20
37 24 20
37 24 20
37 24 20
37 24 20
37 24 20
37 24 20
37 24 20
37 24 20
37 24 20
37 24 20
37 24 20
37 24 20
37 24 20
37 24 20
37 24 20
37 24 20
37 24 20
37 24 20
37 24 20
37 24 20
37 24 20
37 24 20
37 24 20
37 24 20
37 24 20
37 24 20
37 24 20
37 24 20
37 24 20
37 24 20
37 24 20
37 24 20
37 24 20
37 24 20
37 24 20
37 24 20
37 24 20
37 24 20
37 24 20
37 24 20
37 24 20
37 24 20
37 24 20
37 24 20
37 24 20
37 24 20
37 24 20
37 24 20
37 24 20
37 24 20
37 24 20
37 24 20
37 24 20
37 24 20
37 24 20
37 24 20
37 24 20
37 24 20
37 24 20
37 24 20
37 24 20
37 24 20
37 24 20
37 24 20
37 24 20
37 24 20
37 24 20
37 24 20
37 24 20
37 24 20
37 24 20
37 24 20
37 24 20
37 24 20
37 24 20
37 24 20
37 24 20
37 24 20
37 24 20
37 24 20
37 24 20
37 24 20
37 24 20
37 24 20
37 24 20
37 24 20
37 24 20
37 24 20
37 24 20
37 24 20
37 24 20
37 25 20
37 25 20
37 25 20
37 25 20
37 25 20
37 25 20
37 25 20
37 25 20
37 25 20
37 25 20
37 25 20
37 25 20
37 25 20
37 25 20
37 25 20
37 25 20
37 25 20
37 25 20
37 25 20
37 25 20
37 25 20
37 25 20
37 25 20
37 25 20
37 25 20
37 25 20
37 25 20
37 25 20
37 25 20
37 25 20
37 25 20
37 25 20
37 25 20
37 25 20
37 25 20
37 25 20
37 25 20
37 25 20
37 25 20
37 25 20
37 25 20
37 25 20
37 25 20
37 25 20
37 25 20
37 25 20
37 25 20
37 25 20
37 25 20
37 25 20
37 25 20
37 25 20
37 25 20
37 25 20
37 25 20
37 25 20
37 25 20
37 25 20
37 25 20
37 25 20
37 25 20
37 25 20
37 25 20
37 25 20
37 25 20
37 25 20
37 25 20
37 25 20
37 25 20
37 25 20
37 25 20
37 25 20
37 25 20
37 25 20
37 25 20
37 25 20
37 25 20
37 25 20
37 25 20
37 25 20
37 25 20
37 25 20
37 25 20
37 25 20
37 25 20
37 25 20
37 25 20
37 25 20
37 25 20
37 25 20
37 25 20
37 25 20
37 25 20
37 25 20
37 25 20
37 25 20
37 25 20
37 25 20
37 25 20
37 25 20
37 25 20
37 25 20
37 25 20
37 25 20
37 25 20
37 25 20
37 25 20
37 25 20
37 25 20
37 25 20
37 25 20
37 25 20
37 25 20
37 25 20
37 25 20
37 25 20
37 25 20
37 25 20
37 25 20
37 25 20
37 25 20
37 25 20
37 25 20
37 25 20
37 25 20
37 25 20
37 25 20
37 26 20
37 26 20
37 26 20
37 26 20
37 26 20
37 26 20
37 26 20
37 26 20
37 26 20
37 26 20
37 26 20
37 26 20
37 26 20
37 26 20
37 26 20
37 26 20
37 26 20
37 26 20
37 26 20
37 26 20
37 26 20
37 26 20
37 26 20
37 26 20
37 26 20
37 26 20
37 26 20
37 26 20
37 26 20
37 26 20
37 26 20
37 26 20
37 26 20
37 26 20
37 26 20
37 26 20
37 26 20
37 26 20
37 26 20
37 26 20
37 26 20
37 26 20
37 26 20
37 26 20
37 26 20
37 26 20
37 26 20
37 26 20
37 26 20
37 26 20
37 26 20
37 26 20
37 26 20
37 26 20
37 26 20
37 26 20
37 26 20
37 26 20
37 26 20
37 26 20
37 26 20
37 26 20
37 26 20
37 26 20
37 26 20
37 26 20
37 26 20
37 26 20
37 26 20
37 26 20
37 26 20
37 26 20
37 26 20
37 26 20
37 26 20
37 26 20
37 26 20
37 26 20
37 26 20
37 26 20
37 26 20
37 26 20
37 26 20
37 26 20
37 26 20
37 26 20
37 26 20
37 26 20
37 26 20
37 26 20
37 26 20
37 26 20
37 26 20
37 26 20
37 26 20
37 26 20
37 26 20
37 26 20
37 26 20
37 26 20
37 26 20
37 26 20
37 26 20
37 26 20
37 26 20
37 26 20
37 26 20
37 26 20
37 26 20
37 26 20
37 26 20
37 26 20
37 26 20
37 26 20
37 26 20
37 26 20
37 26 20
37 26 20
37 26 20
37 26 20
37 26 20
37 26 20
37 26 20
37 26 20
37 26 20
37 27 20
37 27 20
37 27 20
37 27 20
37 27 20
37 27 20
37 27 20
37 27 20
37 27 20
37 27 20
37 27 20
37 27 20
37 27 20
37 27 20
37 27 20
37 27 20
37 27 20
37 27 20
37 27 20
37 27 20
37 27 20
37 27 20
37 27 20
37 27 20
37 27 20
37 27 20
37 27 20
37 27 20
37 27 20
37 27 20
37 27 20
37 27 20
37 27 20
37 27 20
37 27 20
37 27 20
37 27 20
37 27 20
37 27 20
37 27 20
37 27 20
37 27 20
37 27 20
37 27 20
37 27 20
37 27 20
37 27 20
37 27 20
37 27 20
37 27 20
37 27 20
37 27 20
37 27 20
37 27 20
37 27 20
37 27 20
37 27 20
37 27 20
37 27 20
37 27 20
37 27 20
37 27 20
37 27 20
37 27 20
37 27 20
37 27 20
37 27 20
37 27 20
37 27 20
37 27 20
37 27 20
37 27 20
37 27 20
37 27 20
37 27 20
37 27 20
37 27 20
37 27 20
37 27 20
37 27 20
37 27 20
37 27 20
37 27 20
37 27 20
37 27 20
37 27 20
37 27 20
37 27 20
37 27 20
37 27 20
37 27 20
37 27 20
37 27 20
37 27 20
37 27 20
37 27 20
37 27 20
37 27 20
37 27 20
37 27 20
37 27 20
37 27 20
37 27 20
37 27 20
37 27 20
37 27 20
37 27 20
37 27 20
37 27 20
37 27 20
37 27 20
37 27 20
37 27 20
37 27 20
37 27 20
37 27 20
37 27 20
37 27 20
37 27 20
37 27 20
37 27 20
37 27 20
37 28 20
37 28 20
37 28 20
37 28 20
37 28 20
37 28 20
37 28 20
37 28 20
37 28 20
37 28 20
37 28 20
37 28 20
37 28 20
37 28 20
37 28 20
37 28 20
37 28 20
37 28 20
37 28 20
37 28 20
37 28 20
37 28 20
37 28 20
37 28 20
37 28 20
37 28 20
37 28 20
37 28 20
37 28 20
37 28 20
37 28 20
37 28 20
37 28 20
37 28 20
37 28 20
37 28 20
37 28 20
37 28 20
37 28 20
37 28 20
37 28 20
37 28 20
37 28 20
37 28 20
37 28 20
37 28 20
37 28 20
37 28 20
37 28 20
37 28 20
37 28 20
37 28 20
37 28 20
37 28 20
37 28 20
37 28 20
37 28 20
37 28 20
37 28 20
37 28 20
37 28 20
37 28 20
37 28 20
37 28 20
37 28 20
37 28 20
37 28 20
37 28 20
37 28 20
37 28 20
37 28 20
37 28 20
37 28 20
37 28 20
37 28 20
37 28 20
37 28 20
37 28 20
37 28 20
37 28 20
37 28 20
37 28 20
37 28 20
37 28 20
37 28 20
37 28 20
37 28 20
37 28 20
37 28 20
37 28 20
37 28 20
37 28 20
37 28 20
37 28 20
37 28 20
37 28 20
37 28 20
37 28 20
37 28 20
37 28 20
37 28 20
37 28 20
37 28 20
37 28 20
37 28 20
37 28 20
37 28 20
37 28 20
37 28 20
37 28 20
37 28 20
37 28 20
37 28 20
37 28 20
37 28 20
37 28 20
37 28 20
37 28 20
37 29 20
37 29 20
37 29 20
37 29 20
37 29 20
37 29 20
37 29 20
37 29 20
37 29 20
37 29 20
37 29 20
37 29 20
37 29 20
37 29 20
37 29 20
37 29 20
37 29 20
37 29 20
37 29 20
37 29 20
37 29 20
37 29 20
37 29 20
37 29 20
37 29 20
37 29 20
37 29 20
37 29 20
37 29 20
37 29 20
37 29 20
37 29 20
37 29 20
37 29 20
37 29 20
37 29 20
37 29 20
37 29 20
37 29 20
37 29 20
37 29 20
37 29 20
37 29 20
37 29 20
37 29 20
37 29 20
37 29 20
37 29 20
37 29 20
37 29 20
37 29 20
37 29 20
37 29 20
37 29 20
37 29 20
37 29 20
37 29 20
37 29 20
37 29 20
37 29 20
37 29 20
37 29 20
37 29 20
37 29 20
37 29 20
37 29 20
37 29 20
37 29 20
37 29 20
37 29 20
37 29 20
37 29 20
37 29 20
37 29 20
37 29 20
37 29 20
37 29 20
37 29 20
37 29 20
37 29 20
37 29 20
37 29 20
37 29 20
37 29 20
37 29 20
37 29 20
37 29 20
37 29 20
37 29 20
37 29 20
37 29 20
37 29 20
37 29 20
37 29 20
37 29 20
37 29 20
37 29 20
37 29 20
37 29 20
37 29 20
37 29 20
37 29 20
37 29 20
37 29 20
37 29 20
37 29 20
37 29 20
37 29 20
37 29 20
37 29 20
37 29 20
37 29 20
37 29 20
37 30 20
37 30 20
37 30 20
37 30 20
37 30 20
37 30 20
37 30 20
37 30 20
37 30 20
37 30 20
37 30 20
37 30 20
37 30 20
37 30 20
37 30 20
37 30 20
37 30 20
37 30 20
37 30 20
37 30 20
37 30 20
37 30 20
37 30 20
37 30 20
37 30 20
37 30 20
37 30 20
37 30 20
37 30 20
37 30 20
37 30 20
37 30 20
37 30 20
37 30 20
37 30 20
37 30 20
37 30 20
37 30 20
37 30 20
37 30 20
37 30 20
37 30 20
37 30 20
37 30 20
37 30 20
37 30 20
37 30 20
37 30 20
37 30 20
37 30 20
37 30 20
37 30 20
37 30 20
37 30 20
37 30 20
37 30 20
37 30 20
37 30 20
37 30 20
37 30 20
37 30 20
37 30 20
37 30 20
37 30 20
37 30 20
37 30 20
37 30 20
37 30 20
37 30 20
37 30 20
37 30 20
37 30 20
37 30 20
37 30 20
37 30 20
37 30 20
37 30 20
37 30 20
37 30 20
37 30 20
37 30 20
37 30 20
37 30 20
37 30 20
37 30 20
37 30 20
37 30 20
37 30 20
37 30 20
37 30 20
37 30 20
37 30 20
37 30 20
37 30 20
37 30 20
37 30 20
37 30 20
37 30 20
37 30 20
37 30 20
37 30 20
37 30 20
37 30 20
37 30 20
37 30 20
37 31 20
37 31 20
37 31 20
37 31 20
37 31 20
37 31 20
37 31 20
37 31 20
37 31 20
37 31 20
37 31 20
37 31 20
37 31 20
37 31 20
37 31 20
37 31 20
37 31 20
37 31 20
37 31 20
37 31 20
37 31 20
37 31 20
37 31 20
37 31 20
37 31 20
37 31 20
37 31 20
37 31 20
37 31 20
37 31 20
37 31 20
37 31 20
37 31 20
37 31 20
37 31 20
37 31 20
37 31 20
37 31 20
37 31 20
37 31 20
37 31 20
37 31 20
37 31 20
37 31 20
37 31 20
37 31 20
37 31 20
37 31 20
37 31 20
37 31 20
37 31 20
37 31 20
37 31 20
37 31 20
37 31 20
37 31 20
37 31 20
37 31 20
37 31 20
37 31 20
37 31 20
37 31 20
37 31 20
37 31 20
37 31 20
37 31 20
37 31 20
37 31 20
37 31 20
37 31 20
37 31 20
37 31 20
37 31 20
37 31 20
37 31 20
37 31 20
37 31 20
37 31 20
37 31 20
37 31 20
37 31 20
37 31 20
37 31 20
37 31 20
37 31 20
37 31 20
37 31 20
37 31 20
37 31 20
37 31 20
37 31 20
37 31 20
37 31 20
37 31 20
37 31 20
37 31 20
37 32 20
37 32 20
37 32 20
37 32 20
37 32 20
37 32 20
37 32 20
37 32 20
37 32 20
37 32 20
37 32 20
37 32 20
37 32 20
37 32 20
37 32 20
37 32 20
37 32 20
37 32 20
37 32 20
37 32 20
37 32 20
37 32 20
37 32 20
37 32 20
37 32 20
37 32 20
37 32 20
37 32 20
37 32 20
37 32 20
37 32 20
37 32 20
37 32 20
37 32 20
37 32 20
37 32 20
37 32 20
37 32 20
37 32 20
37 32 20
37 32 20
37 32 20
37 32 20
37 32 20
37 32 20
37 32 20
37 32 20
37 32 20
37 32 20
37 32 20
37 32 20
37 32 20
37 32 20
37 32 20
37 32 20
37 32 20
37 32 20
37 32 20
37 32 20
37 32 20
37 32 20
37 32 20
37 32 20
37 32 20
37 32 20
37 32 20
37 32 20
37 32 20
37 32 20
37 32 20
37 32 20
37 32 20
37 32 20
37 32 20
37 32 20
37 32 20
37 32 20
37 32 20
37 32 20
37 32 20
37 32 20
37 32 20
37 32 20
37 32 20
37 32 20
37 33 20
37 33 20
37 33 20
37 33 20
37 33 20
37 33 20
37 33 20
37 33 20
37 33 20
37 33 20
37 33 20
37 33 20
37 33 20
37 33 20
37 33 20
37 33 20
37 33 20
37 33 20
37 33 20
37 33 20
37 33 20
37 33 20
37 33 20
37 33 20
37 33 20
37 33 20
37 33 20
37 33 20
37 33 20
37 33 20
37 33 20
37 33 20
37 33 20
37 33 20
37 33 20
37 33 20
37 33 20
37 33 20
37 33 20
37 33 20
37 33 20
37 33 20
37 33 20
37 33 20
37 33 20
37 33 20
37 33 20
37 33 20
37 33 20
37 33 20
37 33 20
37 33 20
37 33 20
37 33 20
37 33 20
37 33 20
37 33 20
37 33 20
37 33 20
37 33 20
37 33 20
37 33 20
37 33 20
37 33 20
37 33 20
37 33 20
37 33 20
37 33 20
37 33 20
37 33 20
37 33 20
37 33 20
37 33 20
37 34 20
37 34 20
37 34 20
37 34 20
37 34 20
37 34 20
37 34 20
37 34 20
37 34 20
37 34 20
37 34 20
37 34 20
37 34 20
37 34 20
37 34 20
37 34 20
37 34 20
37 34 20
37 34 20
37 34 20
37 34 20
37 34 20
37 34 20
37 34 20
37 34 20
37 34 20
37 34 20
37 34 20
37 34 20
37 34 20
37 34 20
37 34 20
37 34 20
37 34 20
37 34 20
37 34 20
37 34 20
37 34 20
37 34 20
37 34 20
37 34 20
37 34 20
37 34 20
37 34 20
37 34 20
37 34 20
37 34 20
37 34 20
37 34 20
37 34 20
37 34 20
37 34 20
37 34 20
37 34 20
37 34 20
37 34 20
37 34 20
37 34 20
37 34 20
37 34 20
37 34 20
37 35 20
37 35 20
37 35 20
37 35 20
37 35 20
37 35 20
37 35 20
37 35 20
37 35 20
37 35 20
37 35 20
37 35 20
37 35 20
37 35 20
37 35 20
37 35 20
37 35 20
37 35 20
37 35 20
37 35 20
37 35 20
37 35 20
37 35 20
37 35 20
37 35 20
37 35 20
37 35 20
37 35 20
37 35 20
37 35 20
37 35 20
37 35 20
37 35 20
37 35 20
37 35 20
37 35 20
37 35 20
37 35 20
37 35 20
37 35 20
37 35 20
37 35 20
37 35 20
37 35 20
37 35 20
37 35 20
37 35 20
37 35 20
37 35 20
37 35 20
37 36 20
37 36 20
37 36 20
37 36 20
37 36 20
37 36 20
37 36 20
37 36 20
37 36 20
37 36 20
37 36 20
37 36 20
37 36 20
37 36 20
37 36 20
37 36 20
37 36 20
37 36 20
37 36 20
37 36 20
37 36 20
37 36 20
37 36 20
37 36 20
37 36 20
37 36 20
37 36 20
37 36 20
37 36 20
37 36 20
37 36 20
37 36 20
37 36 20
37 36 20
37 36 20
37 36 20
37 36 20
37 36 20
37 36 20
37 36 20
37 36 20
37 37 20
37 37 20
37 37 20
37 37 20
37 37 20
37 37 20
37 37 20
37 37 20
37 37 20
37 37 20
37 37 20
37 37 20
37 37 20
37 37 20
37 37 20
37 37 20
37 37 20
37 37 20
37 37 20
37 37 20
37 37 20
37 37 20
37 37 20
37 37 20
37 37 20
37 37 20
37 37 20
37 37 20
37 37 20
37 37 20
37 37 20
37 37 20
37 37 20
37 38 20
37 38 20
37 38 20
37 38 20
37 38 20
37 38 20
37 38 20
37 38 20
37 38 20
37 38 20
37 38 20
37 38 20
37 38 20
37 38 20
37 38 20
37 38 20
37 38 20
37 38 20
37 38 20
37 38 20
37 38 20
37 38 20
37 38 20
37 38 20
37 38 20
37 38 20
37 38 20
37 39 20
37 39 20
37 39 20
37 39 20
37 39 20
37 39 20
37 39 20
37 39 20
37 39 20
37 39 20
37 39 20
37 39 20
37 39 20
37 39 20
37 39 20
37 39 20
37 39 20
37 39 20
37 39 20
37 39 20
37 39 20
37 39 20
37 40 20
37 40 20
37 40 20
37 40 20
37 40 20
37 40 20
37 40 20
37 40 20
37 40 20
37 40 20
37 40 20
37 40 20
37 40 20
37 40 20
37 40 20
37 40 20
37 40 20
37 40 20
37 41 20
37 41 20
37 41 20
37 41 20
37 41 20
37 41 20
37 41 20
37 41 20
37 41 20
37 41 20
37 41 20
37 41 20
37 41 20
37 41 20
37 41 20
37 42 20
37 42 20
37 42 20
37 42 20
37 42 20
37 42 20
37 42 20
37 42 20
37 42 20
37 42 20
37 42 20
37 42 20
37 42 20
37 43 20
37 43 20
37 43 20
37 43 20
37 43 20
37 43 20
37 43 20
37 43 20
37 43 20
37 43 20
37 43 20
37 43 20
36 43 20
36 43 20
36 43 20
36 43 20
36 43 20
36 43 20
36 43 20
36 43 20
36 43 20
36 43 20
36 43 20
36 43 20
36 43 20
35 43 20
35 43 20
35 43 20
35 43 20
35 43 20
35 43 20
35 43 20
35 43 20
35 43 20
35 43 20
35 43 20
35 43 20
35 43 20
35 43 20
34 43 20
34 43 20
34 43 20
34 43 20
34 43 20
34 43 20
34 43 20
34 43 20
34 43 20
34 43 20
34 43 20
34 43 20
34 43 20
34 43 20
33 43 20
33 43 20
33 43 20
33 43 20
33 43 20
33 43 20
33 43 20
33 43 20
33 43 20
33 43 20
33 43 20
33 43 20
33 43 20
33 43 20
32 43 20
32 43 20
32 43 20
32 43 20
32 43 20
32 43 20
32 43 20
32 43 20
32 43 20
32 43 20
32 43 20
32 43 20
32 43 20
32 43 20
31 43 20
31 43 20
31 43 20
31 43 20
31 43 20
31 43 20
31 43 20
31 43 20
31 43 20
31 43 20
31 43 20
31 43 20
31 43 20
30 43 20
30 43 20
30 43 20
30 43 20
30 43 20
30 43 20
30 43 20
30 43 20
30 43 20
30 43 20
30 43 20
30 43 20
29 43 20
29 43 20
29 43 20
29 43 20
29 43 20
29 43 20
29 43 20
29 43 20
29 43 20
29 43 20
28 43 20
28 43 20
28 43 20
28 43 20
28 43 20
28 43 20
28 43 20
28 43 20
28 43 20
27 43 20
27 43 20
27 43 20
27 43 20
27 43 20
27 43 20
27 43 20
26 43 20
26 43 20
26 43 20
26 43 20
26 43 20
26 43 20
25 43 20
25 43 20
25 43 20
25 43 20
25 43 20
24 43 20
24 43 20
24 43 20
24 43 20
23 43 20
23 43 20
23 43 20
23 43 20
22 43 20
22 43 20
22 43 20
21 43 20
21 43 20
21 43 20
20 43 20
20 43 20
20 43 20
20 44 20
20 44 20
20 45 20
20 45 20
20 46 20
20 46 20
20 47 20
20 47 20
20 48 20
20 48 20
20 50 20
20 50 20
20 51 20
20 51 20
20 52 20
20 52 20
20 52 20
20 53 20
20 53 20
20 53 20
20 54 20
20 54 20
20 54 20
20 54 20
