158 5 20
84 47 20
84 47 20
84 47 20
84 47 20
84 47 20
84 47 20
84 47 20
84 47 20
84 47 20
84 47 20
84 47 20
84 47 20
84 47 20
84 47 20
84 47 20
84 47 20
84 47 20
84 47 20
143 132 20
34 41 20
34 41 20
95 161 20
95 161 20
95 161 20
95 161 20
95 161 20
95 161 20
95 161 20
95 161 20
95 161 20
95 161 20
95 161 20
95 161 20
95 161 20
95 161 20
95 161 20
95 161 20
95 161 20
95 161 20
95 161 20
95 161 20
95 161 20
95 161 20
95 161 20
95 161 20
95 161 20
95 161 20
95 161 20
95 161 20
95 161 20
95 161 20
95 161 20
95 161 20
95 161 20
95 161 20
95 161 20
95 161 20
95 161 20
95 161 20
95 161 20
95 161 20
95 161 20
95 161 20
95 161 20
95 161 20
95 161 20
95 161 20
95 161 20
95 161 20
95 161 20
95 161 20
95 161 20
95 161 20
95 161 20
95 161 20
95 161 20
10 172 20
10 172 20
197 93 20
168 178 20
168 178 20
10 91 20
186 93 20
186 104 20
95 150 20
95 150 20
95 150 20
95 150 20
95 150 20
95 150 20
95 150 20
95 150 20
95 150 20
95 150 20
95 150 20
95 150 20
95 150 20
95 150 20
95 150 20
95 150 20
95 150 20
95 150 20
95 150 20
95 150 20
84 161 20
84 161 20
84 161 20
84 161 20
84 161 20
84 161 20
84 161 20
84 161 20
84 161 20
84 161 20
84 161 20
84 161 20
84 161 20
84 161 20
84 161 20
84 161 20
84 161 20
84 161 20
84 161 20
84 161 20
106 161 20
106 161 20
106 161 20
106 161 20
106 161 20
106 161 20
106 161 20
106 161 20
106 161 20
106 161 20
106 161 20
106 161 20
106 161 20
106 161 20
106 161 20
106 161 20
106 161 20
106 161 20
106 161 20
106 161 20
95 172 20
95 172 20
95 172 20
95 172 20
95 172 20
95 172 20
84 172 20
84 172 20
84 172 20
84 172 20
84 172 20
84 172 20
73 172 20
73 172 20
73 172 20
73 172 20
73 172 20
73 172 20
73 172 20
73 172 20
73 172 20
73 172 20
73 172 20
73 172 20
73 172 20
73 172 20
73 172 20
73 172 20
73 172 20
73 161 20
73 161 20
73 161 20
73 161 20
73 161 20
73 161 20
73 161 20
73 161 20
73 161 20
73 161 20
73 161 20
73 161 20
73 161 20
73 161 20
73 161 20
73 161 20
73 161 20
73 150 20
73 150 20
73 150 20
73 150 20
73 150 20
73 150 20
73 150 20
73 150 20
73 150 20
73 150 20
73 139 20
143 121 20
143 121 20
154 121 20
165 121 20
168 167 20
168 167 20
168 167 20
168 167 20
168 167 20
168 167 20
168 167 20
168 167 20
168 167 20
168 167 20
168 167 20
168 167 20
168 167 20
168 167 20
168 167 20
168 167 20
168 167 20
168 167 20
168 167 20
168 167 20
179 178 20
179 178 20
179 178 20
179 178 20
179 178 20
179 178 20
179 178 20
179 178 20
179 178 20
179 178 20
179 178 20
179 178 20
179 178 20
179 178 20
179 178 20
179 178 20
179 178 20
179 178 20
179 167 20
179 167 20
179 167 20
179 167 20
179 167 20
179 167 20
179 167 20
179 167 20
179 167 20
179 167 20
179 167 20
179 167 20
179 167 20
179 167 20
179 167 20
179 167 20
179 167 20
179 167 20
179 167 20
179 167 20
179 189 20
179 189 20
179 189 20
179 189 20
179 189 20
179 189 20
179 189 20
179 189 20
179 189 20
179 189 20
179 189 20
179 189 20
179 189 20
179 189 20
179 189 20
179 189 20
179 189 20
179 189 20
179 189 20
168 189 20
168 189 20
168 189 20
168 189 20
168 189 20
168 189 20
168 189 20
168 189 20
157 189 20
157 189 20
157 189 20
157 189 20
157 189 20
157 189 20
157 189 20
157 189 20
157 189 20
157 189 20
157 189 20
157 189 20
157 189 20
157 189 20
157 189 20
157 189 20
157 189 20
157 189 20
157 189 20
157 178 20
157 178 20
157 178 20
157 178 20
157 167 20
157 167 20
157 167 20
157 167 20
157 167 20
157 167 20
157 167 20
157 167 20
157 167 20
157 156 20
157 156 20
157 156 20
157 156 20
157 156 20
157 156 20
157 156 20
157 156 20
157 156 20
157 156 20
157 156 20
157 156 20
157 145 20
157 145 20
157 145 20
157 145 20
157 145 20
157 145 20
157 134 20
168 134 20
168 134 20
168 134 20
168 134 20
168 134 20
179 134 20
179 134 20
179 134 20
179 134 20
179 134 20
179 134 20
179 134 20
179 134 20
179 134 20
179 134 20
179 134 20
179 134 20
179 134 20
179 134 20
179 134 20
179 134 20
179 134 20
179 134 20
179 134 20
179 134 20
168 145 20
168 145 20
168 145 20
168 145 20
168 145 20
168 145 20
168 145 20
168 145 20
168 145 20
168 145 20
168 145 20
168 145 20
168 145 20
168 145 20
168 145 20
168 145 20
168 145 20
168 145 20
168 145 20
168 145 20
146 145 20
146 145 20
146 145 20
135 145 20
135 145 20
135 145 20
135 145 20
135 145 20
135 145 20
135 145 20
135 145 20
135 145 20
135 145 20
135 145 20
135 145 20
135 134 20
135 134 20
84 58 20
84 69 20
84 69 20
84 69 20
84 69 20
84 69 20
84 69 20
84 80 20
84 80 20
84 80 20
84 80 20
84 80 20
84 80 20
84 80 20
84 80 20
84 80 20
84 80 20
84 80 20
84 80 20
84 80 20
84 80 20
84 80 20
84 80 20
84 80 20
84 80 20
84 80 20
84 80 20
73 69 20
73 69 20
73 69 20
73 69 20
73 69 20
73 69 20
73 69 20
73 69 20
73 69 20
73 69 20
73 69 20
73 69 20
73 69 20
73 69 20
73 69 20
73 69 20
73 69 20
73 69 20
73 69 20
73 69 20
95 69 20
95 80 20
95 80 20
95 80 20
95 80 20
95 80 20
95 80 20
95 80 20
95 91 20
95 91 20
95 91 20
95 91 20
95 91 20
95 91 20
95 91 20
95 91 20
95 91 20
95 91 20
95 91 20
95 91 20
95 91 20
95 91 20
95 91 20
95 91 20
95 91 20
95 91 20
95 102 20
95 102 20
95 102 20
95 102 20
95 102 20
95 102 20
95 102 20
95 102 20
95 102 20
95 102 20
95 102 20
95 102 20
95 102 20
95 102 20
95 102 20
95 102 20
95 113 20
95 113 20
95 113 20
95 124 20
95 124 20
84 124 20
21 91 20
21 91 20
21 91 20
21 91 20
21 91 20
21 91 20
21 91 20
21 91 20
21 91 20
21 91 20
21 91 20
21 91 20
21 91 20
21 91 20
21 91 20
21 91 20
21 91 20
21 91 20
21 91 20
21 91 20
10 102 20
10 102 20
21 102 20
21 102 20
21 102 20
21 102 20
21 102 20
21 102 20
21 102 20
21 102 20
21 102 20
21 102 20
21 102 20
21 102 20
21 102 20
21 102 20
21 102 20
21 102 20
21 102 20
21 102 20
21 102 20
21 102 20
10 113 20
10 113 20
10 113 20
10 113 20
10 113 20
10 113 20
10 113 20
10 113 20
10 113 20
10 113 20
21 113 20
21 113 20
21 113 20
21 113 20
21 113 20
21 113 20
21 113 20
21 113 20
21 113 20
21 113 20
21 113 20
21 113 20
21 113 20
32 113 20
32 113 20
32 113 20
32 113 20
32 113 20
32 113 20
43 113 20
43 113 20
54 113 20
54 113 20
65 113 20
65 113 20
65 113 20
65 113 20
65 113 20
65 113 20
65 113 20
76 113 20
76 113 20
76 113 20
76 113 20
76 113 20
158 16 20
158 27 20
158 27 20
158 27 20
158 27 20
158 27 20
158 27 20
158 27 20
158 27 20
158 27 20
158 38 20
158 38 20
158 38 20
158 38 20
158 38 20
158 38 20
158 38 20
158 38 20
158 38 20
158 38 20
158 38 20
158 38 20
158 38 20
158 38 20
158 38 20
158 38 20
158 38 20
158 38 20
158 38 20
158 38 20
169 27 20
169 27 20
169 27 20
169 27 20
169 27 20
169 27 20
169 27 20
169 27 20
169 27 20
169 27 20
169 27 20
169 27 20
169 27 20
169 27 20
169 27 20
169 27 20
169 27 20
169 27 20
169 27 20
169 27 20
147 27 20
147 38 20
147 38 20
147 38 20
147 38 20
147 49 20
147 49 20
147 49 20
147 49 20
147 49 20
147 49 20
147 49 20
147 49 20
147 49 20
147 49 20
147 49 20
147 49 20
147 49 20
147 49 20
147 49 20
147 49 20
147 49 20
147 49 20
147 49 20
147 49 20
136 38 20
136 49 20
136 60 20
136 60 20
136 60 20
136 60 20
136 60 20
136 60 20
136 60 20
136 60 20
136 60 20
136 60 20
136 60 20
136 60 20
136 60 20
136 60 20
136 60 20
136 60 20
136 60 20
136 71 20
136 71 20
136 71 20
136 71 20
136 71 20
136 71 20
136 71 20
136 71 20
136 71 20
136 71 20
136 71 20
136 71 20
136 71 20
136 71 20
136 71 20
136 71 20
136 71 20
136 71 20
136 71 20
136 71 20
147 60 20
147 60 20
147 60 20
147 60 20
147 60 20
147 60 20
147 60 20
147 60 20
147 60 20
147 60 20
147 60 20
147 60 20
147 60 20
147 71 20
147 71 20
147 82 20
147 82 20
147 82 20
147 93 20
147 93 20
147 93 20
147 93 20
147 93 20
147 93 20
147 93 20
147 93 20
147 93 20
147 93 20
147 93 20
147 93 20
147 93 20
147 93 20
147 93 20
147 93 20
147 93 20
147 93 20
147 93 20
147 93 20
158 82 20
158 82 20
158 82 20
158 82 20
158 82 20
158 82 20
158 93 20
158 93 20
158 93 20
158 93 20
158 93 20
158 93 20
158 93 20
158 93 20
158 93 20
158 93 20
158 93 20
158 93 20
158 93 20
158 93 20
158 93 20
158 93 20
158 93 20
158 93 20
158 93 20
158 93 20
169 82 20
169 82 20
169 82 20
169 82 20
169 93 20
169 93 20
169 93 20
21 172 20
21 172 20
32 172 20
32 172 20
32 172 20
32 172 20
32 172 20
32 172 20
32 172 20
32 172 20
32 172 20
43 172 20
43 172 20
43 172 20
43 172 20
43 172 20
43 172 20
43 172 20
43 172 20
43 172 20
43 172 20
43 172 20
43 172 20
43 172 20
43 172 20
43 172 20
43 172 20
43 172 20
43 172 20
43 172 20
43 172 20
32 161 20
32 161 20
32 161 20
43 161 20
43 161 20
43 161 20
43 161 20
43 161 20
43 161 20
43 161 20
43 161 20
43 161 20
43 161 20
43 161 20
54 161 20
54 161 20
54 161 20
54 161 20
54 161 20
54 161 20
54 161 20
54 161 20
54 161 20
54 161 20
54 161 20
54 161 20
54 161 20
54 161 20
54 161 20
54 161 20
54 161 20
54 161 20
54 161 20
54 161 20
43 150 20
43 150 20
43 150 20
43 150 20
43 150 20
43 150 20
43 150 20
43 150 20
43 150 20
54 150 20
54 150 20
54 150 20
54 150 20
54 150 20
54 150 20
54 150 20
54 150 20
54 150 20
54 150 20
54 150 20
54 150 20
54 150 20
54 150 20
54 150 20
54 150 20
54 150 20
54 150 20
54 150 20
54 150 20
43 139 20
43 139 20
43 139 20
43 139 20
43 139 20
43 139 20
43 139 20
43 139 20
43 139 20
43 139 20
43 139 20
43 139 20
43 139 20
43 139 20
43 139 20
43 139 20
43 139 20
43 139 20
43 139 20
43 139 20
32 150 20
32 139 20
32 139 20
32 139 20
32 139 20
32 139 20
32 139 20
32 139 20
32 139 20
32 139 20
32 139 20
32 139 20
32 139 20
32 139 20
32 139 20
32 139 20
32 139 20
32 139 20
32 139 20
32 139 20
32 139 20
21 150 20
21 150 20
21 139 20
21 139 20
21 139 20
21 139 20
21 139 20
21 139 20
21 139 20
21 139 20
21 139 20
21 139 20
21 139 20
21 139 20
21 139 20
21 139 20
21 139 20
21 139 20
21 139 20
21 139 20
21 139 20
21 139 20
10 150 20
10 150 20
10 150 20
10 150 20
10 150 20
10 150 20
10 150 20
10 150 20
10 150 20
10 150 20
10 150 20
10 150 20
10 139 20
10 139 20
10 139 20
10 139 20
10 139 20
10 139 20
10 139 20
10 139 20
10 139 20
10 139 20
10 139 20
10 139 20
10 139 20
10 139 20
10 139 20
10 139 20
10 139 20
10 139 20
10 139 20
10 139 20
10 161 20
10 161 20
21 161 20
32 183 20
32 183 20
32 183 20
32 183 20
32 183 20
32 183 20
43 183 20
43 183 20
43 183 20
43 183 20
43 183 20
43 183 20
43 183 20
43 183 20
43 183 20
43 183 20
43 183 20
43 183 20
43 183 20
43 183 20
43 183 20
43 183 20
43 183 20
43 183 20
43 183 20
43 183 20
21 183 20
21 183 20
21 183 20
21 183 20
21 183 20
21 183 20
21 183 20
21 183 20
10 183 20
10 183 20
10 183 20
10 183 20
10 183 20
10 183 20
10 183 20
10 183 20
10 183 20
10 183 20
10 183 20
10 183 20
10 183 20
10 183 20
10 183 20
10 183 20
10 183 20
10 183 20
10 183 20
10 183 20
21 194 20
21 194 20
21 194 20
21 194 20
21 194 20
21 194 20
21 194 20
21 194 20
21 194 20
21 194 20
32 194 20
32 194 20
43 194 20
43 194 20
43 194 20
43 194 20
43 194 20
43 194 20
43 194 20
43 194 20
43 194 20
43 194 20
43 194 20
43 194 20
54 194 20
54 194 20
54 194 20
54 194 20
54 194 20
54 194 20
54 194 20
54 194 20
54 194 20
54 194 20
54 194 20
54 194 20
54 194 20
54 194 20
54 194 20
54 194 20
54 194 20
54 194 20
54 194 20
54 194 20
10 194 20
10 194 20
10 194 20
10 194 20
10 194 20
10 194 20
10 194 20
10 194 20
10 194 20
10 194 20
10 194 20
10 194 20
10 194 20
10 194 20
10 194 20
10 194 20
10 194 20
10 194 20
10 194 20
10 194 20
34 52 20
34 63 20
34 63 20
34 63 20
34 63 20
34 63 20
34 63 20
34 63 20
34 63 20
34 63 20
34 63 20
34 63 20
34 63 20
34 63 20
34 63 20
34 63 20
34 63 20
34 63 20
34 63 20
34 63 20
45 63 20
45 63 20
45 63 20
45 63 20
45 63 20
45 63 20
45 74 20
45 74 20
45 74 20
45 74 20
45 74 20
45 74 20
45 74 20
45 74 20
45 74 20
45 74 20
45 74 20
45 74 20
45 74 20
45 74 20
45 74 20
45 74 20
45 74 20
45 74 20
45 74 20
45 74 20
56 63 20
56 63 20
56 74 20
56 74 20
56 74 20
56 74 20
56 74 20
56 74 20
56 74 20
56 74 20
56 74 20
56 74 20
56 74 20
56 74 20
56 74 20
56 74 20
56 74 20
56 74 20
56 74 20
56 74 20
56 74 20
56 74 20
56 52 20
67 52 20
67 52 20
67 52 20
67 41 20
56 41 20
45 41 20
45 52 20
45 30 20
56 30 20
67 30 20
67 30 20
78 30 20
78 30 20
78 30 20
78 30 20
78 30 20
78 30 20
78 30 20
78 30 20
78 30 20
78 30 20
78 30 20
78 30 20
78 30 20
78 30 20
78 30 20
78 30 20
78 30 20
78 30 20
89 30 20
89 30 20
89 30 20
89 30 20
89 30 20
89 30 20
89 30 20
89 30 20
89 30 20
89 30 20
89 30 20
89 30 20
89 30 20
89 30 20
89 30 20
89 30 20
89 30 20
89 30 20
89 30 20
89 30 20
78 19 20
78 19 20
89 19 20
89 19 20
89 19 20
89 19 20
89 19 20
89 19 20
89 19 20
89 19 20
89 19 20
89 19 20
89 19 20
89 19 20
89 19 20
89 19 20
89 19 20
89 19 20
89 19 20
89 19 20
89 19 20
89 19 20
67 19 20
56 19 20
45 19 20
45 19 20
45 19 20
45 19 20
45 19 20
45 19 20
45 19 20
45 19 20
45 19 20
45 19 20
45 19 20
45 19 20
45 19 20
45 19 20
45 19 20
45 19 20
45 19 20
45 19 20
45 19 20
45 19 20
56 8 20
56 8 20
67 8 20
78 8 20
89 8 20
100 8 20
100 8 20
100 8 20
100 8 20
100 8 20
100 8 20
100 8 20
100 8 20
100 8 20
100 8 20
100 8 20
100 8 20
100 8 20
100 8 20
100 8 20
100 8 20
100 8 20
100 8 20
100 8 20
100 8 20
45 8 20
45 8 20
45 8 20
45 8 20
45 8 20
45 8 20
45 8 20
45 8 20
45 8 20
45 8 20
45 8 20
45 8 20
45 8 20
45 8 20
45 8 20
45 8 20
45 8 20
45 8 20
45 8 20
45 8 20
34 30 20
34 30 20
34 30 20
34 30 20
34 30 20
34 30 20
34 30 20
34 30 20
34 30 20
34 30 20
34 30 20
34 30 20
34 30 20
34 30 20
23 30 20
23 30 20
23 30 20
23 30 20
23 30 20
23 30 20
23 30 20
23 30 20
23 30 20
23 30 20
23 30 20
23 30 20
23 30 20
23 30 20
23 30 20
23 30 20
23 30 20
23 30 20
23 30 20
23 30 20
34 19 20
34 19 20
34 19 20
34 19 20
34 19 20
34 19 20
34 19 20
34 19 20
34 19 20
34 19 20
34 19 20
34 19 20
34 19 20
34 19 20
34 19 20
34 19 20
34 19 20
34 19 20
34 19 20
34 19 20
34 74 20
34 74 20
34 74 20
34 74 20
34 74 20
34 74 20
34 74 20
34 74 20
34 74 20
34 74 20
34 74 20
34 74 20
34 74 20
34 74 20
34 74 20
34 74 20
34 74 20
34 74 20
34 74 20
34 74 20
23 63 20
23 63 20
23 63 20
23 63 20
23 63 20
23 63 20
23 63 20
23 63 20
23 63 20
23 63 20
23 63 20
23 63 20
23 63 20
23 63 20
23 63 20
23 63 20
23 63 20
23 63 20
23 63 20
23 63 20
23 52 20
23 52 20
23 52 20
23 52 20
23 52 20
23 52 20
23 52 20
23 52 20
23 52 20
23 52 20
23 52 20
23 52 20
23 52 20
23 52 20
23 52 20
23 52 20
23 52 20
23 52 20
23 52 20
23 52 20
23 41 20
23 41 20
23 41 20
23 41 20
23 41 20
23 41 20
23 41 20
23 41 20
23 41 20
23 41 20
23 41 20
23 41 20
23 41 20
23 41 20
23 41 20
23 41 20
23 41 20
23 41 20
23 41 20
23 41 20
35 41 20
36 41 17
37 41 15
38 41 13
39 41 11
40 41 10
40 41 10
41 41 17
42 41 15
43 41 13
44 41 11
46 41 10
47 41 10
48 41 10
49 41 10
50 41 10
51 41 10
52 41 10
53 41 10
54 41 10
55 41 10
57 41 10
58 41 10
59 41 10
60 41 10
61 41 10
62 41 10
62 41 10
63 41 17
64 41 15
65 41 13
66 41 11
66 41 11
67 42 19
67 42 19
67 43 20
67 43 20
67 44 20
67 44 20
67 45 20
67 45 20
67 46 20
67 46 20
67 47 20
67 47 20
67 47 20
68 47 20
68 47 20
68 47 20
68 47 20
69 47 20
69 47 20
69 47 20
69 47 20
69 47 20
70 47 20
70 47 20
70 47 20
70 47 20
70 47 20
70 47 20
70 47 20
71 47 20
71 47 20
71 47 20
71 47 20
71 47 20
71 47 20
71 47 20
71 47 20
71 47 20
71 47 20
72 47 20
72 47 20
72 47 20
72 47 20
72 47 20
72 47 20
72 47 20
72 47 20
72 47 20
72 47 20
72 47 20
72 47 20
72 47 20
73 47 20
73 47 20
73 47 20
73 47 20
73 47 20
73 47 20
73 47 20
73 47 20
73 47 20
73 47 20
73 47 20
73 47 20
73 47 20
73 47 20
73 47 20
73 47 20
73 48 20
73 48 20
73 48 20
73 48 20
73 48 20
73 48 20
73 48 20
73 48 20
73 48 20
73 48 20
73 48 20
73 48 20
73 48 20
73 48 20
73 48 20
73 48 20
73 49 20
73 49 20
73 49 20
73 49 20
73 49 20
73 49 20
73 49 20
73 49 20
73 49 20
73 49 20
73 49 20
73 49 20
73 49 20
73 49 20
73 49 20
73 49 20
73 50 20
73 50 20
73 50 20
73 50 20
73 50 20
73 50 20
73 50 20
73 50 20
73 50 20
73 50 20
73 50 20
73 50 20
73 50 20
73 50 20
73 50 20
73 50 20
73 51 20
73 51 20
73 51 20
73 51 20
73 51 20
73 51 20
73 51 20
73 51 20
73 51 20
73 51 20
73 51 20
73 51 20
73 51 20
73 51 20
73 51 20
73 52 20
73 52 20
73 52 20
73 52 20
73 52 20
73 52 20
73 52 20
73 52 20
73 52 20
73 52 20
73 52 20
73 52 20
73 52 20
74 52 20
74 52 20
74 52 20
74 52 20
74 52 20
74 52 20
74 52 20
74 52 20
74 52 20
74 52 20
74 52 20
74 52 20
74 52 20
74 52 20
75 52 20
75 52 20
75 52 20
75 52 20
75 52 20
75 52 20
75 52 20
75 52 20
75 52 20
75 52 20
75 52 20
75 52 20
75 52 20
75 52 20
76 52 20
76 52 20
76 52 20
76 52 20
76 52 20
76 52 20
76 52 20
76 52 20
76 52 20
76 52 20
76 52 20
76 52 20
76 52 20
76 52 20
77 52 20
77 52 20
77 52 20
77 52 20
77 52 20
77 52 20
77 52 20
77 52 20
77 52 20
77 52 20
77 52 20
77 52 20
77 52 20
78 52 20
78 52 20
78 52 20
78 52 20
78 52 20
78 52 20
78 52 20
78 52 20
78 52 20
78 52 20
78 52 20
78 53 20
78 53 20
78 53 20
78 53 20
78 53 20
78 53 20
78 53 20
78 53 20
78 53 20
78 54 20
78 54 20
78 54 20
78 54 20
78 54 20
78 54 20
78 54 20
78 55 20
78 55 20
78 55 20
78 55 20
78 55 20
78 56 20
78 56 20
78 56 20
78 56 20
78 56 20
78 57 20
78 57 20
78 57 20
78 57 20
78 58 20
78 58 20
78 58 20
78 58 20
79 58 20
79 58 20
79 58 20
80 58 20
80 58 20
81 58 20
81 58 20
82 58 20
82 58 20
83 58 20
84 59 17
84 60 15
84 60 15
84 61 20
84 62 17
85 62 15
86 62 13
87 62 11
87 62 11
88 62 19
89 62 16
89 63 14
89 64 12
89 65 10
89 65 10
89 66 17
89 67 15
89 68 13
89 68 13
89 69 20
90 69 17
91 69 15
92 69 13
93 69 11
94 69 10
94 69 10
95 70 17
95 71 15
95 72 13
95 73 11
95 73 11
95 74 19
95 75 16
95 75 16
95 76 20
95 76 20
95 77 20
95 77 20
95 78 20
95 78 20
95 78 20
95 79 20
95 79 20
95 79 20
95 79 20
95 79 20
95 81 20
95 81 20
95 81 20
95 81 20
95 81 20
95 81 20
95 81 20
95 81 20
95 81 20
95 81 20
95 82 20
95 82 20
95 82 20
95 82 20
95 82 20
95 82 20
95 82 20
95 82 20
95 82 20
95 82 20
95 82 20
95 82 20
95 82 20
95 83 20
95 83 20
95 83 20
95 83 20
95 83 20
95 83 20
95 83 20
95 83 20
95 83 20
95 83 20
95 83 20
95 83 20
95 83 20
95 83 20
95 83 20
95 83 20
95 84 20
95 84 20
95 84 20
95 84 20
95 84 20
95 84 20
95 84 20
95 84 20
95 84 20
95 84 20
95 84 20
95 84 20
95 84 20
95 84 20
95 84 20
95 84 20
95 84 20
95 84 20
95 85 20
95 85 20
95 85 20
95 85 20
95 85 20
95 85 20
95 85 20
95 85 20
95 85 20
95 85 20
95 85 20
95 85 20
95 85 20
95 85 20
95 85 20
95 85 20
95 85 20
95 85 20
95 85 20
95 86 20
95 86 20
95 86 20
95 86 20
95 86 20
95 86 20
95 86 20
95 86 20
95 86 20
95 86 20
95 86 20
95 86 20
95 86 20
95 86 20
95 86 20
95 86 20
95 86 20
95 86 20
95 86 20
95 87 20
95 87 20
95 87 20
95 87 20
95 87 20
95 87 20
95 87 20
95 87 20
95 87 20
95 87 20
95 87 20
95 87 20
95 87 20
95 87 20
95 87 20
95 87 20
95 87 20
95 87 20
95 87 20
95 88 20
95 88 20
95 88 20
95 88 20
95 88 20
95 88 20
95 88 20
95 88 20
95 88 20
95 88 20
95 88 20
95 88 20
95 88 20
95 88 20
95 88 20
95 88 20
95 88 20
95 88 20
95 89 20
95 89 20
95 89 20
95 89 20
95 89 20
95 89 20
95 89 20
95 89 20
95 89 20
95 89 20
95 89 20
95 89 20
95 89 20
95 89 20
95 89 20
95 89 20
95 89 20
95 90 20
95 90 20
95 90 20
95 90 20
95 90 20
95 90 20
95 90 20
95 90 20
95 90 20
95 90 20
95 90 20
95 90 20
95 90 20
95 90 20
95 90 20
95 90 20
95 90 20
95 92 20
95 92 20
95 92 20
95 92 20
95 92 20
95 92 20
95 92 20
95 92 20
95 92 20
95 92 20
95 92 20
95 92 20
95 92 20
95 92 20
95 92 20
95 92 20
95 92 20
95 92 20
95 92 20
95 93 20
95 93 20
95 93 20
95 93 20
95 93 20
95 93 20
95 93 20
95 93 20
95 93 20
95 93 20
95 93 20
95 93 20
95 93 20
95 93 20
95 93 20
95 93 20
95 93 20
95 93 20
95 93 20
95 93 20
95 93 20
95 94 20
95 94 20
95 94 20
95 94 20
95 94 20
95 94 20
95 94 20
95 94 20
95 94 20
95 94 20
95 94 20
95 94 20
95 94 20
95 94 20
95 94 20
95 94 20
95 94 20
95 94 20
95 94 20
95 94 20
95 94 20
95 94 20
95 94 20
95 95 20
95 95 20
95 95 20
95 95 20
95 95 20
95 95 20
95 95 20
95 95 20
95 95 20
95 95 20
95 95 20
95 95 20
95 95 20
95 95 20
95 95 20
95 95 20
95 95 20
95 95 20
95 95 20
95 95 20
95 95 20
95 95 20
95 95 20
95 95 20
95 95 20
95 95 20
95 96 20
95 96 20
95 96 20
95 96 20
95 96 20
95 96 20
95 96 20
95 96 20
95 96 20
95 96 20
95 96 20
95 96 20
95 96 20
95 96 20
95 96 20
95 96 20
95 96 20
95 96 20
95 96 20
95 96 20
95 96 20
95 96 20
95 96 20
95 96 20
95 96 20
95 96 20
95 96 20
95 97 20
95 97 20
95 97 20
95 97 20
95 97 20
95 97 20
95 97 20
95 97 20
95 97 20
95 97 20
95 97 20
95 97 20
95 97 20
95 97 20
95 97 20
95 97 20
95 97 20
95 97 20
95 97 20
95 97 20
95 97 20
95 97 20
95 97 20
95 97 20
95 97 20
95 97 20
95 97 20
95 97 20
95 98 20
95 98 20
95 98 20
95 98 20
95 98 20
95 98 20
95 98 20
95 98 20
95 98 20
95 98 20
95 98 20
95 98 20
95 98 20
95 98 20
95 98 20
95 98 20
95 98 20
95 98 20
95 98 20
95 98 20
95 98 20
95 98 20
95 98 20
95 98 20
95 98 20
95 98 20
95 98 20
95 98 20
95 99 20
95 99 20
95 99 20
95 99 20
95 99 20
95 99 20
95 99 20
95 99 20
95 99 20
95 99 20
95 99 20
95 99 20
95 99 20
95 99 20
95 99 20
95 99 20
95 99 20
95 99 20
95 99 20
95 99 20
95 99 20
95 99 20
95 99 20
95 99 20
95 99 20
95 99 20
95 100 20
95 100 20
95 100 20
95 100 20
95 100 20
95 100 20
95 100 20
95 100 20
95 100 20
95 100 20
95 100 20
95 100 20
95 100 20
95 100 20
95 100 20
95 100 20
95 100 20
95 100 20
95 100 20
95 100 20
95 100 20
95 100 20
95 100 20
95 101 20
95 101 20
95 101 20
95 101 20
95 101 20
95 101 20
95 101 20
95 101 20
95 101 20
95 101 20
95 101 20
95 101 20
95 101 20
95 101 20
95 101 20
95 101 20
95 101 20
95 101 20
95 101 20
95 103 20
95 103 20
95 103 20
95 103 20
95 103 20
95 103 20
95 103 20
95 103 20
95 103 20
95 103 20
95 103 20
95 103 20
95 103 20
95 104 20
95 104 20
95 104 20
95 104 20
95 104 20
95 104 20
95 104 20
95 104 20
95 104 20
95 104 20
95 104 20
95 105 20
95 105 20
95 105 20
95 105 20
95 105 20
95 105 20
95 105 20
95 105 20
95 105 20
95 106 20
95 106 20
95 106 20
95 106 20
95 106 20
95 106 20
95 106 20
95 106 20
95 107 20
95 107 20
95 107 20
95 107 20
95 107 20
95 107 20
95 108 20
95 108 20
95 108 20
95 108 20
95 108 20
95 109 20
95 109 20
95 109 20
95 109 20
95 109 20
95 110 20
95 110 20
95 110 20
95 110 20
95 111 20
95 111 20
95 111 20
95 111 20
95 112 20
95 112 20
95 112 20
95 114 20
95 114 20
95 114 20
95 115 20
95 115 20
95 116 20
95 116 20
95 117 20
95 117 20
95 118 20
95 118 20
94 118 20
94 118 20
93 118 20
92 118 17
92 118 17
91 118 20
90 118 17
89 118 15
88 118 13
87 118 11
87 118 11
86 118 19
85 118 16
84 118 14
84 119 12
84 120 10
84 120 10
84 121 17
84 122 15
84 123 13
83 124 11
82 124 10
82 124 10
81 124 17
80 124 15
79 124 13
79 125 11
79 126 10
79 126 10
79 127 17
79 128 15
79 129 13
79 130 11
79 130 11
79 131 19
79 132 16
10 171 20
10 171 20
10 170 20
10 170 20
10 169 20
10 169 20
10 168 20
10 168 20
11 168 20
11 168 20
12 168 20
12 168 20
13 168 20
13 168 20
14 168 20
14 168 20
14 167 20
14 167 20
15 167 20
15 167 20
15 166 20
15 166 20
15 165 20
15 165 20
15 164 20
15 164 20
15 163 20
15 163 20
15 162 20
15 161 17
15 161 17
16 161 20
17 161 17
18 161 15
19 161 13
19 161 13
20 161 20
21 160 17
21 159 15
21 158 13
21 158 13
21 157 20
21 156 17
21 155 15
21 155 15
22 155 20
23 155 17
24 155 15
24 155 15
25 155 20
26 155 17
26 155 17
27 155 20
28 155 17
28 155 17
28 154 20
28 153 17
28 153 17
28 152 20
28 151 17
28 151 17
28 150 20
28 150 20
29 150 20
30 150 17
30 150 17
31 150 20
32 149 17
32 149 17
32 148 20
32 148 20
32 147 20
32 147 20
32 146 20
32 146 20
32 145 20
32 145 20
32 145 20
32 144 20
32 144 20
32 144 20
32 144 20
33 144 20
33 144 20
33 144 20
33 144 20
34 144 20
34 144 20
34 144 20
34 144 20
35 144 20
35 144 20
35 144 20
35 144 20
35 144 20
36 144 20
36 144 20
36 144 20
36 144 20
36 144 20
36 144 20
37 144 20
37 144 20
37 144 20
37 144 20
37 144 20
37 144 20
37 144 20
38 144 20
38 144 20
38 144 20
38 144 20
38 144 20
38 144 20
38 144 20
38 144 20
38 144 20
38 144 20
39 144 20
39 144 20
39 144 20
39 144 20
39 144 20
39 144 20
39 144 20
39 144 20
39 144 20
39 144 20
39 144 20
39 144 20
39 144 20
40 144 20
40 144 20
40 144 20
40 144 20
40 144 20
40 144 20
40 144 20
40 144 20
40 144 20
40 144 20
40 144 20
40 144 20
40 144 20
40 144 20
40 144 20
40 144 20
40 144 20
40 144 20
40 144 20
41 144 20
41 144 20
41 144 20
41 144 20
41 144 20
41 144 20
41 144 20
41 144 20
41 144 20
41 144 20
41 144 20
41 144 20
41 144 20
41 144 20
41 144 20
41 144 20
41 144 20
41 144 20
41 144 20
41 144 20
41 144 20
41 144 20
41 144 20
41 144 20
41 144 20
42 144 20
42 144 20
42 144 20
42 144 20
42 144 20
42 144 20
42 144 20
42 144 20
42 144 20
42 144 20
42 144 20
42 144 20
42 144 20
42 144 20
42 144 20
42 144 20
42 144 20
42 144 20
42 144 20
42 144 20
42 144 20
42 144 20
42 144 20
42 144 20
42 144 20
42 144 20
42 144 20
42 144 20
42 144 20
42 144 20
42 144 20
43 144 20
43 144 20
43 144 20
43 144 20
43 144 20
43 144 20
43 144 20
43 144 20
43 144 20
43 144 20
43 144 20
43 144 20
43 144 20
43 144 20
43 144 20
43 144 20
43 144 20
43 144 20
43 144 20
43 144 20
43 144 20
43 144 20
43 144 20
43 144 20
43 144 20
43 144 20
43 144 20
43 144 20
43 144 20
43 144 20
43 144 20
43 144 20
43 144 20
43 144 20
43 144 20
43 144 20
43 144 20
43 144 20
43 144 20
44 144 20
44 144 20
44 144 20
44 144 20
44 144 20
44 144 20
44 144 20
44 144 20
44 144 20
44 144 20
44 144 20
44 144 20
44 144 20
44 144 20
44 144 20
44 144 20
44 144 20
44 144 20
44 144 20
44 144 20
44 144 20
44 144 20
44 144 20
44 144 20
44 144 20
44 144 20
44 144 20
44 144 20
44 144 20
44 144 20
44 144 20
44 144 20
44 144 20
44 144 20
44 144 20
44 144 20
44 144 20
44 144 20
44 144 20
44 144 20
44 144 20
44 144 20
44 144 20
44 144 20
44 144 20
44 144 20
45 144 20
45 144 20
45 144 20
45 144 20
45 144 20
45 144 20
45 144 20
45 144 20
45 144 20
45 144 20
45 144 20
45 144 20
45 144 20
45 144 20
45 144 20
45 144 20
45 144 20
45 144 20
45 144 20
45 144 20
45 144 20
45 144 20
45 144 20
45 144 20
45 144 20
45 144 20
45 144 20
45 144 20
45 144 20
45 144 20
45 144 20
45 144 20
45 144 20
45 144 20
45 144 20
45 144 20
45 144 20
45 144 20
45 144 20
45 144 20
45 144 20
45 144 20
45 144 20
45 144 20
45 144 20
45 144 20
45 144 20
45 144 20
45 144 20
45 144 20
45 144 20
45 144 20
45 144 20
45 144 20
46 144 20
46 144 20
46 144 20
46 144 20
46 144 20
46 144 20
46 144 20
46 144 20
46 144 20
46 144 20
46 144 20
46 144 20
46 144 20
46 144 20
46 144 20
46 144 20
46 144 20
46 144 20
46 144 20
46 144 20
46 144 20
46 144 20
46 144 20
46 144 20
46 144 20
46 144 20
46 144 20
46 144 20
46 144 20
46 144 20
46 144 20
46 144 20
46 144 20
46 144 20
46 144 20
46 144 20
46 144 20
46 144 20
46 144 20
46 144 20
46 144 20
46 144 20
46 144 20
46 144 20
46 144 20
46 144 20
46 144 20
46 144 20
46 144 20
46 144 20
46 144 20
46 144 20
46 144 20
46 144 20
46 144 20
46 144 20
46 144 20
46 144 20
46 144 20
46 144 20
46 144 20
47 144 20
47 144 20
47 144 20
47 144 20
47 144 20
47 144 20
47 144 20
47 144 20
47 144 20
47 144 20
47 144 20
47 144 20
47 144 20
47 144 20
47 144 20
47 144 20
47 144 20
47 144 20
47 144 20
47 144 20
47 144 20
47 144 20
47 144 20
47 144 20
47 144 20
47 144 20
47 144 20
47 144 20
47 144 20
47 144 20
47 144 20
47 144 20
47 144 20
47 144 20
47 144 20
47 144 20
47 144 20
47 144 20
47 144 20
47 144 20
47 144 20
47 144 20
47 144 20
47 144 20
47 144 20
47 144 20
47 144 20
47 144 20
47 144 20
47 144 20
47 144 20
47 144 20
47 144 20
47 144 20
47 144 20
47 144 20
47 144 20
47 144 20
47 144 20
47 144 20
47 144 20
47 144 20
47 144 20
47 144 20
47 144 20
47 144 20
47 144 20
48 144 20
48 144 20
48 144 20
48 144 20
48 144 20
48 144 20
48 144 20
48 144 20
48 144 20
48 144 20
48 144 20
48 144 20
48 144 20
48 144 20
48 144 20
48 144 20
48 144 20
48 144 20
48 144 20
48 144 20
48 144 20
48 144 20
48 144 20
48 144 20
48 144 20
48 144 20
48 144 20
48 144 20
48 144 20
48 144 20
48 144 20
48 144 20
48 144 20
48 144 20
48 144 20
48 144 20
48 144 20
48 144 20
48 144 20
48 144 20
48 144 20
48 144 20
48 144 20
48 144 20
48 144 20
48 144 20
48 144 20
48 144 20
48 144 20
48 144 20
48 144 20
48 144 20
48 144 20
48 144 20
48 144 20
48 144 20
48 144 20
48 144 20
48 144 20
48 144 20
48 144 20
48 144 20
48 144 20
48 144 20
48 144 20
48 144 20
48 144 20
48 144 20
48 144 20
48 144 20
49 144 20
49 144 20
49 144 20
49 144 20
49 144 20
49 144 20
49 144 20
49 144 20
49 144 20
49 144 20
49 144 20
49 144 20
49 144 20
49 144 20
49 144 20
49 144 20
49 144 20
49 144 20
49 144 20
49 144 20
49 144 20
49 144 20
49 144 20
49 144 20
49 144 20
49 144 20
49 144 20
49 144 20
49 144 20
49 144 20
49 144 20
49 144 20
49 144 20
49 144 20
49 144 20
49 144 20
49 144 20
49 144 20
49 144 20
49 144 20
49 144 20
49 144 20
49 144 20
49 144 20
49 144 20
49 144 20
49 144 20
49 144 20
49 144 20
49 144 20
49 144 20
49 144 20
49 144 20
49 144 20
49 144 20
49 144 20
49 144 20
49 144 20
49 144 20
49 144 20
49 144 20
49 144 20
49 144 20
49 144 20
49 144 20
49 144 20
49 144 20
49 144 20
49 144 20
50 144 20
50 144 20
50 144 20
50 144 20
50 144 20
50 144 20
50 144 20
50 144 20
50 144 20
50 144 20
50 144 20
50 144 20
50 144 20
50 144 20
50 144 20
50 144 20
50 144 20
50 144 20
50 144 20
50 144 20
50 144 20
50 144 20
50 144 20
50 144 20
50 144 20
50 144 20
50 144 20
50 144 20
50 144 20
50 144 20
50 144 20
50 144 20
50 144 20
50 144 20
50 144 20
50 144 20
50 144 20
50 144 20
50 144 20
50 144 20
50 144 20
50 144 20
50 144 20
50 144 20
50 144 20
50 144 20
50 144 20
50 144 20
50 144 20
50 144 20
50 144 20
50 144 20
50 144 20
50 144 20
50 144 20
50 144 20
50 144 20
50 144 20
50 144 20
50 144 20
50 144 20
50 144 20
50 144 20
50 144 20
50 144 20
51 144 20
51 144 20
51 144 20
51 144 20
51 144 20
51 144 20
51 144 20
51 144 20
51 144 20
51 144 20
51 144 20
51 144 20
51 144 20
51 144 20
51 144 20
51 144 20
51 144 20
51 144 20
51 144 20
51 144 20
51 144 20
51 144 20
51 144 20
51 144 20
51 144 20
51 144 20
51 144 20
51 144 20
51 144 20
51 144 20
51 144 20
51 144 20
51 144 20
51 144 20
51 144 20
51 144 20
51 144 20
51 144 20
51 144 20
51 144 20
51 144 20
51 144 20
51 144 20
51 144 20
51 144 20
51 144 20
51 144 20
51 144 20
51 144 20
51 144 20
51 144 20
51 144 20
51 144 20
51 144 20
51 144 20
51 144 20
51 144 20
51 144 20
52 144 20
52 144 20
52 144 20
52 144 20
52 144 20
52 144 20
52 144 20
52 144 20
52 144 20
52 144 20
52 144 20
52 144 20
52 144 20
52 144 20
52 144 20
52 144 20
52 144 20
52 144 20
52 144 20
52 144 20
52 144 20
52 144 20
52 144 20
52 144 20
52 144 20
52 144 20
52 144 20
52 144 20
52 144 20
52 144 20
52 144 20
52 144 20
52 144 20
52 144 20
52 144 20
52 144 20
52 144 20
52 144 20
52 144 20
52 144 20
52 144 20
52 144 20
52 144 20
52 144 20
52 144 20
52 144 20
52 144 20
52 144 20
52 144 20
53 144 20
53 144 20
53 144 20
53 144 20
53 144 20
53 144 20
53 144 20
53 144 20
53 144 20
53 144 20
53 144 20
53 144 20
53 144 20
53 144 20
53 144 20
53 144 20
53 144 20
53 144 20
53 144 20
53 144 20
53 144 20
53 144 20
53 144 20
53 144 20
53 144 20
53 144 20
53 144 20
53 144 20
53 144 20
53 144 20
53 144 20
53 144 20
53 144 20
53 144 20
53 144 20
53 144 20
53 144 20
53 144 20
53 144 20
53 144 20
54 144 20
54 144 20
54 144 20
54 144 20
54 144 20
54 144 20
54 144 20
54 144 20
54 144 20
54 144 20
54 144 20
54 144 20
54 144 20
54 144 20
54 144 20
54 144 20
54 144 20
54 144 20
54 144 20
54 144 20
54 144 20
54 144 20
54 144 20
54 144 20
54 144 20
54 144 20
54 144 20
54 144 20
54 144 20
54 144 20
54 144 20
55 144 20
55 144 20
55 144 20
55 144 20
55 144 20
55 144 20
55 144 20
55 144 20
55 144 20
55 144 20
55 144 20
55 144 20
55 144 20
55 144 20
55 144 20
55 144 20
55 144 20
55 144 20
55 144 20
55 144 20
55 144 20
55 144 20
55 144 20
56 144 20
56 144 20
56 144 20
56 144 20
56 144 20
56 144 20
56 144 20
56 144 20
56 144 20
56 144 20
56 144 20
56 144 20
56 144 20
56 144 20
56 144 20
56 144 20
56 144 20
57 144 20
57 144 20
57 144 20
57 144 20
57 144 20
57 144 20
57 144 20
57 144 20
57 144 20
57 144 20
57 144 20
57 144 20
57 144 20
58 144 20
58 144 20
58 144 20
58 144 20
58 144 20
58 144 20
58 144 20
58 144 20
58 144 20
59 144 20
59 144 20
59 144 20
59 144 20
59 144 20
59 144 20
59 144 20
60 144 20
60 144 20
60 144 20
60 144 20
60 144 20
61 144 20
61 144 20
61 144 20
61 144 20
62 144 20
62 144 20
62 144 20
62 144 20
63 144 20
63 144 20
63 144 20
64 144 20
64 144 20
64 144 20
65 144 20
65 144 20
65 144 20
66 144 20
66 144 20
66 144 20
67 144 20
67 144 20
67 144 20
67 143 20
67 143 20
67 142 20
67 142 20
67 141 20
67 140 17
67 139 15
68 139 13
69 139 11
69 139 11
70 139 19
71 139 16
72 139 14
73 138 12
73 137 10
73 137 10
73 136 17
73 135 15
73 134 13
73 133 11
73 132 10
73 132 10
74 132 17
75 132 15
76 132 13
77 132 11
77 132 11
78 132 19
157 5 17
156 5 15
155 5 13
154 5 11
153 5 10
152 5 10
152 6 10
152 7 10
152 8 10
152 9 10
152 10 10
152 11 10
152 12 10
152 13 10
152 14 10
152 14 10
152 15 17
152 16 15
152 17 13
152 18 11
152 18 11
152 19 19
152 20 16
152 21 14
152 21 14
151 21 20
150 21 17
149 21 15
148 21 13
147 21 11
147 21 11
147 22 19
147 23 16
147 24 14
147 24 14
147 25 20
147 26 17
146 27 15
145 27 13
144 27 11
143 27 10
143 27 10
142 27 17
142 28 15
142 29 13
142 30 11
142 31 10
142 32 10
142 33 10
142 33 10
142 34 17
142 35 15
142 36 13
142 37 11
142 37 11
142 38 19
142 39 16
142 40 14
142 40 14
142 41 20
142 41 20
142 42 20
142 42 20
142 43 20
142 43 20
142 44 20
142 44 20
142 44 20
142 45 20
142 45 20
142 45 20
142 46 20
142 46 20
142 46 20
142 46 20
142 47 20
142 47 20
142 47 20
142 47 20
142 48 20
142 48 20
142 48 20
142 48 20
142 48 20
142 49 20
142 49 20
142 49 20
142 49 20
142 49 20
142 50 20
142 50 20
142 50 20
142 50 20
142 50 20
142 51 20
142 51 20
142 51 20
142 51 20
142 51 20
142 52 20
142 52 20
142 52 20
142 52 20
142 52 20
142 53 20
142 53 20
142 53 20
142 53 20
142 53 20
142 54 20
142 54 20
142 54 20
142 54 20
142 54 20
142 54 20
142 55 20
142 55 20
142 55 20
142 55 20
142 55 20
142 55 20
142 56 20
142 56 20
142 56 20
142 56 20
142 56 20
142 56 20
142 56 20
142 57 20
142 57 20
142 57 20
142 57 20
142 57 20
142 57 20
142 57 20
142 58 20
142 58 20
142 58 20
142 58 20
142 58 20
142 58 20
142 58 20
142 58 20
142 59 20
142 59 20
142 59 20
142 59 20
142 59 20
142 59 20
142 59 20
142 59 20
142 59 20
142 60 20
142 60 20
142 60 20
142 60 20
142 60 20
142 60 20
142 60 20
142 60 20
142 60 20
142 60 20
142 61 20
142 61 20
142 61 20
142 61 20
142 61 20
142 61 20
142 61 20
142 61 20
142 61 20
142 61 20
142 62 20
142 62 20
142 62 20
142 62 20
142 62 20
142 62 20
142 62 20
142 62 20
142 62 20
142 62 20
142 62 20
142 63 20
142 63 20
142 63 20
142 63 20
142 63 20
142 63 20
142 63 20
142 63 20
142 63 20
142 63 20
142 63 20
142 64 20
142 64 20
142 64 20
142 64 20
142 64 20
142 64 20
142 64 20
142 64 20
142 64 20
142 64 20
142 65 20
142 65 20
142 65 20
142 65 20
142 65 20
142 65 20
142 65 20
142 65 20
142 65 20
142 65 20
142 66 20
142 66 20
142 66 20
142 66 20
142 66 20
142 66 20
142 66 20
142 66 20
142 66 20
142 67 20
142 67 20
142 67 20
142 67 20
142 67 20
142 67 20
142 67 20
142 68 20
142 68 20
142 68 20
142 68 20
142 68 20
142 68 20
142 69 20
142 69 20
142 69 20
142 69 20
142 69 20
142 70 20
142 70 20
142 70 20
142 70 20
142 71 20
142 71 20
142 71 20
142 71 20
143 71 20
143 71 20
143 71 20
144 71 20
144 71 20
144 71 20
145 71 20
145 71 20
145 71 20
146 71 20
146 71 20
147 72 20
147 72 20
147 73 20
147 73 20
147 74 20
147 74 20
147 75 20
147 75 20
147 76 20
147 76 20
147 77 20
147 77 20
147 78 20
147 78 20
147 79 20
147 79 20
147 80 20
147 80 20
147 81 20
147 81 20
148 82 20
148 82 20
148 82 20
149 82 20
149 82 20
149 82 20
150 82 20
150 82 20
150 82 20
150 82 20
151 82 20
151 82 20
151 82 20
151 82 20
152 82 20
152 82 20
152 82 20
152 82 20
152 82 20
153 82 20
153 82 20
153 82 20
153 82 20
153 82 20
153 82 20
154 82 20
154 82 20
154 82 20
154 82 20
154 82 20
154 82 20
155 82 20
155 82 20
155 82 20
155 82 20
155 82 20
155 82 20
155 82 20
156 82 20
156 82 20
156 82 20
156 82 20
156 82 20
156 82 20
156 82 20
157 82 20
157 82 20
157 82 20
157 82 20
157 82 20
157 82 20
157 82 20
159 82 20
159 82 20
159 82 20
159 82 20
159 82 20
159 82 20
160 82 20
160 82 20
160 82 20
160 82 20
160 82 20
160 82 20
161 82 20
161 82 20
161 82 20
161 82 20
161 82 20
162 82 20
162 82 20
162 82 20
162 82 20
162 82 20
163 82 20
163 82 20
163 82 20
163 82 20
163 82 20
163 83 20
163 83 20
163 83 20
163 83 20
163 83 20
163 84 20
163 84 20
163 84 20
163 84 20
163 84 20
163 85 20
163 85 20
163 85 20
163 85 20
163 85 20
163 85 20
163 86 20
163 86 20
163 86 20
163 86 20
163 86 20
163 86 20
163 86 20
163 87 20
163 87 20
163 87 20
163 87 20
163 87 20
163 87 20
163 87 20
163 87 20
163 87 20
163 88 20
163 88 20
163 88 20
163 88 20
163 88 20
163 88 20
163 88 20
163 88 20
163 88 20
163 88 20
163 88 20
163 89 20
163 89 20
163 89 20
163 89 20
163 89 20
163 89 20
163 89 20
163 89 20
163 89 20
163 89 20
163 89 20
163 89 20
163 90 20
163 90 20
163 90 20
163 90 20
163 90 20
163 90 20
163 90 20
163 90 20
163 90 20
163 90 20
163 90 20
163 90 20
163 90 20
163 90 20
163 91 20
163 91 20
163 91 20
163 91 20
163 91 20
163 91 20
163 91 20
163 91 20
163 91 20
163 91 20
163 91 20
163 91 20
163 91 20
163 91 20
163 91 20
163 92 20
163 92 20
163 92 20
163 92 20
163 92 20
163 92 20
163 92 20
163 92 20
163 92 20
163 92 20
163 92 20
163 92 20
163 92 20
163 92 20
163 92 20
163 93 20
163 93 20
163 93 20
163 93 20
163 93 20
163 93 20
163 93 20
163 93 20
163 93 20
163 93 20
163 93 20
163 93 20
163 93 20
163 93 20
163 93 20
164 93 20
164 93 20
164 93 20
164 93 20
164 93 20
164 93 20
164 93 20
164 93 20
164 93 20
164 93 20
164 93 20
164 93 20
165 93 20
165 93 20
165 93 20
165 93 20
165 93 20
165 93 20
165 93 20
165 93 20
165 93 20
166 93 20
166 93 20
166 93 20
166 93 20
166 93 20
166 93 20
166 93 20
167 93 20
167 93 20
167 93 20
167 93 20
167 93 20
168 93 20
168 93 20
168 93 20
168 93 20
169 94 20
169 94 20
169 94 20
169 95 20
169 95 20
169 95 20
169 96 20
169 96 20
169 96 20
169 97 20
169 97 20
169 98 20
169 98 20
169 99 20
169 99 20
170 99 20
170 99 20
171 99 20
172 99 17
173 99 15
174 99 13
174 100 11
174 100 11
174 101 19
174 102 16
174 103 14
174 104 12
174 105 10
174 105 10
174 106 17
174 107 15
174 108 13
174 109 11
10 92 17
10 92 17
10 93 20
10 93 20
10 94 20
10 94 20
10 95 20
10 95 20
11 95 20
11 95 20
12 95 20
12 95 20
12 95 20
13 95 20
13 95 20
13 95 20
13 95 20
14 95 20
14 95 20
14 95 20
14 95 20
14 95 20
14 95 20
14 95 20
15 95 20
15 95 20
15 95 20
15 95 20
15 95 20
15 95 20
15 95 20
15 95 20
15 95 20
15 95 20
15 95 20
16 95 20
16 95 20
16 95 20
16 95 20
16 95 20
16 95 20
16 95 20
16 95 20
16 95 20
16 95 20
16 95 20
16 95 20
16 95 20
16 95 20
16 95 20
16 95 20
16 95 20
16 96 20
16 96 20
16 96 20
16 96 20
16 96 20
16 96 20
16 96 20
16 96 20
16 96 20
16 96 20
16 96 20
16 96 20
16 96 20
16 96 20
16 96 20
16 97 20
16 97 20
16 97 20
16 97 20
16 97 20
16 97 20
16 97 20
16 97 20
16 97 20
16 97 20
16 97 20
16 97 20
16 97 20
16 98 20
16 98 20
16 98 20
16 98 20
16 98 20
16 98 20
16 98 20
16 98 20
16 98 20
16 98 20
16 98 20
16 98 20
16 99 20
16 99 20
16 99 20
16 99 20
16 99 20
16 99 20
16 99 20
16 99 20
16 99 20
16 99 20
16 100 20
16 100 20
16 100 20
16 100 20
16 100 20
16 100 20
16 100 20
16 100 20
16 100 20
16 101 20
16 101 20
16 101 20
16 101 20
16 101 20
16 101 20
16 101 20
16 101 20
16 101 20
16 102 20
16 102 20
16 102 20
16 102 20
16 102 20
16 102 20
16 102 20
16 102 20
16 103 20
16 103 20
16 103 20
16 103 20
16 103 20
16 103 20
16 103 20
16 103 20
16 104 20
16 104 20
16 104 20
16 104 20
16 104 20
16 104 20
16 104 20
16 105 20
16 105 20
16 105 20
16 105 20
16 105 20
16 105 20
16 106 20
16 106 20
16 106 20
16 106 20
16 106 20
16 107 20
16 107 20
16 107 20
16 107 20
16 107 20
17 107 20
17 107 20
17 107 20
17 107 20
17 107 20
17 107 20
17 107 20
18 107 20
18 107 20
18 107 20
18 107 20
18 107 20
18 107 20
18 107 20
18 107 20
18 107 20
19 107 20
19 107 20
19 107 20
19 107 20
19 107 20
19 107 20
19 107 20
19 107 20
19 107 20
19 107 20
19 107 20
19 107 20
19 107 20
20 107 20
20 107 20
20 107 20
20 107 20
20 107 20
20 107 20
20 107 20
20 107 20
20 107 20
20 107 20
20 107 20
20 107 20
20 107 20
20 107 20
20 107 20
20 107 20
20 107 20
21 107 20
21 107 20
21 107 20
21 107 20
21 107 20
21 107 20
21 107 20
21 107 20
21 107 20
21 107 20
21 107 20
21 107 20
21 107 20
21 107 20
21 107 20
21 107 20
21 107 20
21 107 20
21 107 20
21 107 20
21 107 20
21 107 20
22 107 20
22 107 20
22 107 20
22 107 20
22 107 20
22 107 20
22 107 20
22 107 20
22 107 20
22 107 20
22 107 20
22 107 20
22 107 20
22 107 20
22 107 20
22 107 20
22 107 20
22 107 20
22 107 20
22 107 20
22 107 20
22 107 20
22 107 20
22 107 20
22 107 20
22 107 20
23 107 20
23 107 20
23 107 20
23 107 20
23 107 20
23 107 20
23 107 20
23 107 20
23 107 20
23 107 20
23 107 20
23 107 20
23 107 20
23 107 20
23 107 20
23 107 20
23 107 20
23 107 20
23 107 20
23 107 20
23 107 20
23 107 20
23 107 20
23 107 20
23 107 20
23 107 20
23 107 20
23 107 20
23 107 20
23 107 20
24 107 20
24 107 20
24 107 20
24 107 20
24 107 20
24 107 20
24 107 20
24 107 20
24 107 20
24 107 20
24 107 20
24 107 20
24 107 20
24 107 20
24 107 20
24 107 20
24 107 20
24 107 20
24 107 20
24 107 20
24 107 20
24 107 20
24 107 20
24 107 20
24 107 20
24 107 20
24 107 20
24 107 20
24 107 20
24 107 20
24 107 20
24 107 20
25 107 20
25 107 20
25 107 20
25 107 20
25 107 20
25 107 20
25 107 20
25 107 20
25 107 20
25 107 20
25 107 20
25 107 20
25 107 20
25 107 20
25 107 20
25 107 20
25 107 20
25 107 20
25 107 20
25 107 20
25 107 20
25 107 20
25 107 20
25 107 20
25 107 20
25 107 20
25 107 20
25 107 20
25 107 20
25 107 20
25 107 20
25 107 20
25 107 20
26 107 20
26 107 20
26 107 20
26 107 20
26 107 20
26 107 20
26 107 20
26 107 20
26 107 20
26 107 20
26 107 20
26 107 20
26 107 20
26 107 20
26 107 20
26 107 20
26 107 20
26 107 20
26 107 20
26 107 20
26 107 20
26 107 20
26 107 20
26 107 20
26 107 20
26 107 20
26 107 20
26 107 20
26 107 20
26 107 20
26 107 20
26 107 20
26 107 20
27 107 20
27 107 20
27 107 20
27 107 20
27 107 20
27 107 20
27 107 20
27 107 20
27 107 20
27 107 20
27 107 20
27 107 20
27 107 20
27 107 20
27 107 20
27 107 20
27 107 20
27 107 20
27 107 20
27 107 20
27 107 20
27 107 20
27 107 20
27 107 20
27 107 20
27 107 20
27 107 20
27 107 20
27 107 20
27 107 20
27 107 20
28 107 20
28 107 20
28 107 20
28 107 20
28 107 20
28 107 20
28 107 20
28 107 20
28 107 20
28 107 20
28 107 20
28 107 20
28 107 20
28 107 20
28 107 20
28 107 20
28 107 20
28 107 20
28 107 20
28 107 20
28 107 20
28 107 20
28 107 20
28 107 20
28 107 20
28 107 20
28 107 20
28 107 20
28 107 20
28 107 20
29 107 20
29 107 20
29 107 20
29 107 20
29 107 20
29 107 20
29 107 20
29 107 20
29 107 20
29 107 20
29 107 20
29 107 20
29 107 20
29 107 20
29 107 20
29 107 20
29 107 20
29 107 20
29 107 20
29 107 20
29 107 20
29 107 20
29 107 20
29 107 20
29 107 20
29 107 20
29 107 20
30 107 20
30 107 20
30 107 20
30 107 20
30 107 20
30 107 20
30 107 20
30 107 20
30 107 20
30 107 20
30 107 20
30 107 20
30 107 20
30 107 20
30 107 20
30 107 20
30 107 20
30 107 20
30 107 20
30 107 20
30 107 20
30 107 20
30 107 20
30 107 20
31 107 20
31 107 20
31 107 20
31 107 20
31 107 20
31 107 20
31 107 20
31 107 20
31 107 20
31 107 20
31 107 20
31 107 20
31 107 20
31 107 20
31 107 20
31 107 20
31 107 20
31 107 20
31 107 20
31 107 20
31 107 20
32 107 20
32 107 20
32 107 20
32 107 20
32 107 20
32 107 20
32 107 20
32 107 20
32 107 20
32 107 20
32 107 20
32 107 20
32 107 20
32 107 20
32 107 20
32 107 20
32 107 20
32 107 20
33 107 20
33 107 20
33 107 20
33 107 20
33 107 20
33 107 20
33 107 20
33 107 20
33 107 20
33 107 20
33 107 20
33 107 20
33 107 20
33 107 20
33 107 20
34 107 20
34 107 20
34 107 20
34 107 20
34 107 20
34 107 20
34 107 20
34 107 20
34 107 20
34 107 20
34 107 20
34 107 20
34 107 20
35 107 20
35 107 20
35 107 20
35 107 20
35 107 20
35 107 20
35 107 20
35 107 20
35 107 20
35 107 20
35 107 20
36 107 20
36 107 20
36 107 20
36 107 20
36 107 20
36 107 20
36 107 20
36 107 20
36 107 20
36 107 20
37 107 20
37 107 20
37 107 20
37 107 20
37 107 20
37 107 20
37 107 20
37 107 20
37 107 20
37 108 20
37 108 20
37 108 20
37 108 20
37 108 20
37 108 20
37 108 20
37 108 20
37 109 20
37 109 20
37 109 20
37 109 20
37 109 20
37 109 20
37 110 20
37 110 20
37 110 20
37 110 20
37 110 20
37 110 20
37 111 20
37 111 20
37 111 20
37 111 20
37 111 20
37 112 20
37 112 20
37 112 20
37 112 20
37 112 20
37 113 20
37 113 20
37 113 20
37 113 20
38 113 20
38 113 20
38 113 20
38 113 20
39 113 20
39 113 20
39 113 20
40 113 20
40 113 20
40 113 20
41 113 20
41 113 20
42 113 20
42 113 20
44 113 20
45 113 17
45 113 17
46 113 20
47 113 17
48 113 15
49 113 13
49 113 13
50 113 20
51 113 17
52 113 15
52 113 15
53 113 20
53 113 20
54 114 20
54 114 20
54 115 20
54 116 17
54 116 17
54 117 20
54 118 17
55 118 15
55 118 15
56 118 20
57 118 17
57 118 17
58 118 20
58 118 20
59 118 20
59 118 20
60 118 20
60 118 20
61 118 20
61 118 20
62 118 20
62 118 20
63 118 20
63 118 20
64 118 20
64 118 20
65 118 20
65 118 20
66 118 20
66 118 20
67 118 20
67 118 20
68 118 20
69 118 17
69 118 17
70 118 20
71 118 17
71 118 17
72 118 20
73 118 17
73 118 17
73 119 20
74 119 17
75 119 15
76 119 13
76 119 13
77 119 20
78 119 17
79 119 15
80 119 13
81 119 11
81 119 11
82 119 19
83 119 16
84 48 20
84 48 20
84 48 20
84 48 20
84 48 20
84 48 20
84 48 20
84 48 20
84 48 20
84 48 20
84 48 20
84 48 20
84 48 20
84 48 20
84 49 20
84 49 20
84 49 20
84 49 20
84 49 20
84 49 20
84 49 20
84 49 20
84 49 20
84 49 20
84 49 20
84 50 20
84 50 20
84 50 20
84 50 20
84 50 20
84 50 20
84 50 20
84 50 20
84 51 20
84 51 20
84 51 20
84 51 20
84 51 20
84 51 20
84 52 20
84 52 20
84 52 20
84 52 20
84 53 20
84 53 20
84 53 20
84 54 20
84 54 20
84 55 20
84 55 20
84 56 20
84 56 20
84 57 20
167 178 20
167 178 20
166 178 20
166 178 20
165 178 20
165 178 20
164 178 20
164 178 20
164 178 20
164 177 20
164 177 20
164 176 20
164 176 20
164 175 20
164 175 20
164 174 20
164 174 20
164 173 20
164 173 20
164 172 20
164 172 20
164 172 20
163 172 20
163 172 20
163 172 20
163 171 20
163 171 20
163 171 20
163 170 20
163 170 20
163 170 20
163 170 20
163 169 20
163 169 20
163 169 20
163 169 20
163 169 20
163 169 20
163 168 20
163 168 20
163 168 20
163 168 20
163 168 20
163 168 20
163 168 20
163 168 20
163 167 20
163 167 20
163 167 20
163 167 20
163 167 20
163 167 20
163 167 20
163 167 20
163 167 20
163 167 20
163 167 20
163 166 20
163 166 20
163 166 20
163 166 20
163 166 20
163 166 20
163 166 20
163 166 20
163 166 20
163 166 20
163 166 20
163 166 20
163 166 20
163 166 20
163 166 20
163 166 20
163 165 20
163 165 20
163 165 20
163 165 20
163 165 20
163 165 20
163 165 20
163 165 20
163 165 20
163 165 20
163 165 20
163 165 20
163 165 20
163 165 20
163 165 20
163 165 20
163 165 20
163 165 20
163 165 20
163 165 20
163 165 20
163 164 20
163 164 20
163 164 20
163 164 20
163 164 20
163 164 20
163 164 20
163 164 20
163 164 20
163 164 20
163 164 20
163 164 20
163 164 20
163 164 20
163 164 20
163 164 20
163 164 20
163 164 20
163 164 20
163 164 20
163 164 20
163 164 20
163 164 20
163 164 20
163 164 20
163 164 20
163 163 20
163 163 20
163 163 20
163 163 20
163 163 20
163 163 20
163 163 20
163 163 20
163 163 20
163 163 20
163 163 20
163 163 20
163 163 20
163 163 20
163 163 20
163 163 20
163 163 20
163 163 20
163 163 20
163 163 20
163 163 20
163 163 20
163 163 20
163 163 20
163 163 20
163 163 20
163 163 20
163 163 20
163 163 20
163 163 20
163 162 20
163 162 20
163 162 20
163 162 20
163 162 20
163 162 20
163 162 20
163 162 20
163 162 20
163 162 20
163 162 20
163 162 20
163 162 20
163 162 20
163 162 20
163 162 20
163 162 20
163 162 20
163 162 20
163 162 20
163 162 20
163 162 20
163 162 20
163 162 20
163 162 20
163 162 20
163 162 20
163 162 20
163 162 20
163 162 20
163 162 20
163 162 20
163 162 20
163 162 20
163 161 20
163 161 20
163 161 20
163 161 20
163 161 20
163 161 20
163 161 20
163 161 20
163 161 20
163 161 20
163 161 20
163 161 20
163 161 20
163 161 20
163 161 20
163 161 20
163 161 20
163 161 20
163 161 20
163 161 20
163 161 20
163 161 20
163 161 20
163 161 20
163 161 20
163 161 20
163 161 20
163 161 20
163 161 20
163 161 20
163 161 20
163 161 20
163 161 20
163 161 20
163 161 20
163 161 20
163 161 20
163 160 20
163 160 20
163 160 20
163 160 20
163 160 20
163 160 20
163 160 20
163 160 20
163 160 20
163 160 20
163 160 20
163 160 20
163 160 20
163 160 20
163 160 20
163 160 20
163 160 20
163 160 20
163 160 20
163 160 20
163 160 20
163 160 20
163 160 20
163 160 20
163 160 20
163 160 20
163 160 20
163 160 20
163 160 20
163 160 20
163 160 20
163 160 20
163 160 20
163 160 20
163 160 20
163 160 20
163 160 20
163 160 20
163 160 20
163 160 20
163 159 20
163 159 20
163 159 20
163 159 20
163 159 20
163 159 20
163 159 20
163 159 20
163 159 20
163 159 20
163 159 20
163 159 20
163 159 20
163 159 20
163 159 20
163 159 20
163 159 20
163 159 20
163 159 20
163 159 20
163 159 20
163 159 20
163 159 20
163 159 20
163 159 20
163 159 20
163 159 20
163 159 20
163 159 20
163 159 20
163 159 20
163 159 20
163 159 20
163 159 20
163 159 20
163 159 20
163 159 20
163 159 20
163 159 20
163 159 20
163 159 20
163 158 20
163 158 20
163 158 20
163 158 20
163 158 20
163 158 20
163 158 20
163 158 20
163 158 20
163 158 20
163 158 20
163 158 20
163 158 20
163 158 20
163 158 20
163 158 20
163 158 20
163 158 20
163 158 20
163 158 20
163 158 20
163 158 20
163 158 20
163 158 20
163 158 20
163 158 20
163 158 20
163 158 20
163 158 20
163 158 20
163 158 20
163 158 20
163 158 20
163 158 20
163 158 20
163 158 20
163 158 20
163 158 20
163 158 20
163 158 20
163 158 20
163 158 20
163 157 20
163 157 20
163 157 20
163 157 20
163 157 20
163 157 20
163 157 20
163 157 20
163 157 20
163 157 20
163 157 20
163 157 20
163 157 20
163 157 20
163 157 20
163 157 20
163 157 20
163 157 20
163 157 20
163 157 20
163 157 20
163 157 20
163 157 20
163 157 20
163 157 20
163 157 20
163 157 20
163 157 20
163 157 20
163 157 20
163 157 20
163 157 20
163 157 20
163 157 20
163 157 20
163 157 20
163 157 20
163 157 20
163 157 20
163 157 20
163 157 20
163 156 20
163 156 20
163 156 20
163 156 20
163 156 20
163 156 20
163 156 20
163 156 20
163 156 20
163 156 20
163 156 20
163 156 20
163 156 20
163 156 20
163 156 20
163 156 20
163 156 20
163 156 20
163 156 20
163 156 20
163 156 20
163 156 20
163 156 20
163 156 20
163 156 20
163 156 20
163 156 20
163 156 20
163 156 20
163 156 20
163 156 20
163 156 20
163 156 20
163 156 20
163 156 20
163 156 20
163 156 20
163 156 20
163 156 20
163 156 20
163 155 20
163 155 20
163 155 20
163 155 20
163 155 20
163 155 20
163 155 20
163 155 20
163 155 20
163 155 20
163 155 20
163 155 20
163 155 20
163 155 20
163 155 20
163 155 20
163 155 20
163 155 20
163 155 20
163 155 20
163 155 20
163 155 20
163 155 20
163 155 20
163 155 20
163 155 20
163 155 20
163 155 20
163 155 20
163 155 20
163 155 20
163 155 20
163 155 20
163 155 20
163 155 20
163 155 20
163 155 20
163 155 20
163 155 20
163 154 20
163 154 20
163 154 20
163 154 20
163 154 20
163 154 20
163 154 20
163 154 20
163 154 20
163 154 20
163 154 20
163 154 20
163 154 20
163 154 20
163 154 20
163 154 20
163 154 20
163 154 20
163 154 20
163 154 20
163 154 20
163 154 20
163 154 20
163 154 20
163 154 20
163 154 20
163 154 20
163 154 20
163 154 20
163 154 20
163 154 20
163 154 20
163 154 20
163 154 20
163 154 20
163 154 20
163 154 20
163 154 20
163 153 20
163 153 20
163 153 20
163 153 20
163 153 20
163 153 20
163 153 20
163 153 20
163 153 20
163 153 20
163 153 20
163 153 20
163 153 20
163 153 20
163 153 20
163 153 20
163 153 20
163 153 20
163 153 20
163 153 20
163 153 20
163 153 20
163 153 20
163 153 20
163 153 20
163 153 20
163 153 20
163 153 20
163 153 20
163 153 20
163 153 20
163 153 20
163 153 20
163 153 20
163 153 20
163 153 20
163 153 20
163 153 20
163 152 20
163 152 20
163 152 20
163 152 20
163 152 20
163 152 20
163 152 20
163 152 20
163 152 20
163 152 20
163 152 20
163 152 20
163 152 20
163 152 20
163 152 20
163 152 20
163 152 20
163 152 20
163 152 20
163 152 20
163 152 20
163 152 20
163 152 20
163 152 20
163 152 20
163 152 20
163 152 20
163 152 20
163 152 20
163 152 20
163 152 20
163 152 20
163 152 20
163 152 20
163 152 20
163 152 20
163 152 20
163 152 20
163 151 20
163 151 20
163 151 20
163 151 20
163 151 20
163 151 20
163 151 20
163 151 20
163 151 20
163 151 20
163 151 20
163 151 20
163 151 20
163 151 20
163 151 20
163 151 20
163 151 20
163 151 20
163 151 20
163 151 20
163 151 20
163 151 20
163 151 20
163 151 20
163 151 20
163 151 20
163 151 20
163 151 20
163 151 20
163 151 20
163 151 20
163 151 20
163 151 20
163 151 20
163 151 20
163 151 20
163 151 20
163 151 20
163 151 20
163 150 20
163 150 20
163 150 20
163 150 20
163 150 20
163 150 20
163 150 20
163 150 20
163 150 20
163 150 20
163 150 20
163 150 20
163 150 20
163 150 20
163 150 20
163 150 20
163 150 20
163 150 20
163 150 20
163 150 20
163 150 20
163 150 20
163 150 20
163 150 20
163 150 20
163 150 20
163 150 20
163 150 20
163 150 20
163 150 20
163 150 20
163 150 20
163 150 20
163 150 20
163 150 20
163 150 20
163 150 20
163 150 20
163 150 20
163 149 20
163 149 20
163 149 20
163 149 20
163 149 20
163 149 20
163 149 20
163 149 20
163 149 20
163 149 20
163 149 20
163 149 20
163 149 20
163 149 20
163 149 20
163 149 20
163 149 20
163 149 20
163 149 20
163 149 20
163 149 20
163 149 20
163 149 20
163 149 20
163 149 20
163 149 20
163 149 20
163 149 20
163 149 20
163 149 20
163 149 20
163 149 20
163 149 20
163 149 20
163 149 20
163 149 20
163 149 20
163 149 20
163 149 20
163 148 20
163 148 20
163 148 20
163 148 20
163 148 20
163 148 20
163 148 20
163 148 20
163 148 20
163 148 20
163 148 20
163 148 20
163 148 20
163 148 20
163 148 20
163 148 20
163 148 20
163 148 20
163 148 20
163 148 20
163 148 20
163 148 20
163 148 20
163 148 20
163 148 20
163 148 20
163 148 20
163 148 20
163 148 20
163 148 20
163 148 20
163 148 20
163 148 20
163 148 20
163 148 20
163 148 20
163 148 20
163 148 20
163 147 20
163 147 20
163 147 20
163 147 20
163 147 20
163 147 20
163 147 20
163 147 20
163 147 20
163 147 20
163 147 20
163 147 20
163 147 20
163 147 20
163 147 20
163 147 20
163 147 20
163 147 20
163 147 20
163 147 20
163 147 20
163 147 20
163 147 20
163 147 20
163 147 20
163 147 20
163 147 20
163 147 20
163 147 20
163 147 20
163 147 20
163 147 20
163 147 20
163 147 20
163 147 20
163 147 20
163 146 20
163 146 20
163 146 20
163 146 20
163 146 20
163 146 20
163 146 20
163 146 20
163 146 20
163 146 20
163 146 20
163 146 20
163 146 20
163 146 20
163 146 20
163 146 20
163 146 20
163 146 20
163 146 20
163 146 20
163 146 20
163 146 20
163 146 20
163 146 20
163 146 20
163 146 20
163 146 20
163 146 20
163 146 20
163 146 20
163 146 20
163 146 20
163 146 20
163 146 20
163 145 20
163 145 20
163 145 20
163 145 20
163 145 20
163 145 20
163 145 20
163 145 20
163 145 20
163 145 20
163 145 20
163 145 20
163 145 20
163 145 20
163 145 20
163 145 20
163 145 20
163 145 20
163 145 20
163 145 20
163 145 20
163 145 20
163 145 20
163 145 20
163 145 20
163 145 20
163 145 20
163 145 20
163 145 20
163 145 20
163 145 20
163 144 20
163 144 20
163 144 20
163 144 20
163 144 20
163 144 20
163 144 20
163 144 20
163 144 20
163 144 20
163 144 20
163 144 20
163 144 20
163 144 20
163 144 20
163 144 20
163 144 20
163 144 20
163 144 20
163 144 20
163 144 20
163 144 20
163 144 20
163 144 20
163 144 20
163 144 20
163 144 20
163 144 20
163 143 20
163 143 20
163 143 20
163 143 20
163 143 20
163 143 20
163 143 20
163 143 20
163 143 20
163 143 20
163 143 20
163 143 20
163 143 20
163 143 20
163 143 20
163 143 20
163 143 20
163 143 20
163 143 20
163 143 20
163 143 20
163 143 20
163 143 20
163 143 20
163 142 20
163 142 20
163 142 20
163 142 20
163 142 20
163 142 20
163 142 20
163 142 20
163 142 20
163 142 20
163 142 20
163 142 20
163 142 20
163 142 20
163 142 20
163 142 20
163 142 20
163 142 20
163 142 20
163 141 20
163 141 20
163 141 20
163 141 20
163 141 20
163 141 20
163 141 20
163 141 20
163 141 20
163 141 20
163 141 20
163 141 20
163 141 20
163 141 20
163 141 20
163 140 20
163 140 20
163 140 20
163 140 20
163 140 20
163 140 20
163 140 20
163 140 20
163 140 20
163 140 20
162 140 20
162 140 20
162 140 20
162 140 20
162 140 20
162 140 20
162 140 20
161 140 20
161 140 20
161 140 20
161 140 20
161 140 20
161 139 20
161 139 20
161 139 20
161 139 20
161 138 20
161 138 20
161 138 20
161 137 20
161 137 20
161 136 20
161 136 20
161 135 20
161 134 17
161 133 15
161 132 13
161 131 11
161 131 11
161 130 19
161 129 16
161 128 14
161 127 12
161 126 10
161 126 10
161 125 17
161 124 15
161 123 13
161 122 11
161 121 10
161 121 10
162 121 17
163 121 15
164 121 13
165 120 11
165 119 10
165 118 10
165 118 10
165 117 17
165 116 15
165 115 13
166 115 11
166 115 11
167 115 19
168 115 16
168 114 14
168 113 12
168 112 10
168 112 10
168 111 17
168 110 15
168 109 13
168 109 13
169 109 20
170 109 17
171 109 15
172 109 13
173 109 11
143 131 17
143 130 15
143 129 13
143 128 11
143 128 11
144 128 19
145 128 16
146 128 14
147 128 12
148 128 10
148 128 10
149 128 17
149 127 15
150 127 13
151 127 11
151 127 11
152 127 19
153 127 16
154 127 14
155 127 12
155 128 10
155 128 10
156 128 17
157 128 15
158 128 13
159 128 11
160 128 10
160 128 10
95 162 20
95 162 20
95 162 20
95 162 20
95 162 20
95 162 20
95 162 20
95 162 20
95 162 20
95 162 20
95 162 20
95 162 20
95 162 20
95 162 20
95 162 20
95 162 20
95 162 20
95 162 20
95 162 20
95 162 20
95 162 20
95 162 20
95 162 20
95 162 20
95 162 20
95 162 20
95 162 20
95 162 20
95 162 20
95 162 20
95 162 20
95 162 20
95 162 20
95 162 20
95 162 20
95 162 20
95 162 20
95 162 20
95 162 20
95 162 20
95 162 20
95 162 20
95 162 20
95 162 20
95 162 20
95 162 20
95 162 20
95 162 20
95 162 20
95 162 20
95 163 20
95 163 20
95 163 20
95 163 20
95 163 20
95 163 20
95 163 20
95 163 20
95 163 20
95 163 20
95 163 20
95 163 20
95 163 20
95 163 20
95 163 20
95 163 20
95 163 20
95 163 20
95 163 20
95 163 20
95 163 20
95 163 20
95 163 20
95 163 20
95 163 20
95 163 20
95 163 20
95 163 20
95 163 20
95 163 20
95 163 20
95 163 20
95 163 20
95 163 20
95 163 20
95 163 20
95 163 20
95 163 20
95 163 20
95 163 20
95 163 20
95 163 20
95 163 20
95 163 20
95 163 20
95 164 20
95 164 20
95 164 20
95 164 20
95 164 20
95 164 20
95 164 20
95 164 20
95 164 20
95 164 20
95 164 20
95 164 20
95 164 20
95 164 20
95 164 20
95 164 20
95 164 20
95 164 20
95 164 20
95 164 20
95 164 20
95 164 20
95 164 20
95 164 20
95 164 20
95 164 20
95 164 20
95 164 20
95 164 20
95 164 20
95 164 20
95 164 20
95 164 20
95 164 20
95 164 20
95 164 20
95 164 20
95 164 20
95 164 20
95 165 20
95 165 20
95 165 20
95 165 20
95 165 20
95 165 20
95 165 20
95 165 20
95 165 20
95 165 20
95 165 20
95 165 20
95 165 20
95 165 20
95 165 20
95 165 20
95 165 20
95 165 20
95 165 20
95 165 20
95 165 20
95 165 20
95 165 20
95 165 20
95 165 20
95 165 20
95 165 20
95 165 20
95 165 20
95 165 20
95 165 20
95 165 20
95 165 20
95 166 20
95 166 20
95 166 20
95 166 20
95 166 20
95 166 20
95 166 20
95 166 20
95 166 20
95 166 20
95 166 20
95 166 20
95 166 20
95 166 20
95 166 20
95 166 20
95 166 20
95 166 20
95 166 20
95 166 20
95 166 20
95 166 20
95 166 20
95 166 20
95 166 20
95 166 20
95 166 20
94 166 20
94 166 20
94 166 20
94 166 20
94 166 20
94 166 20
94 166 20
94 166 20
94 166 20
94 166 20
94 166 20
94 166 20
94 166 20
94 166 20
94 166 20
94 166 20
94 166 20
94 166 20
94 166 20
94 166 20
94 166 20
94 166 20
94 166 20
94 166 20
94 166 20
94 166 20
94 166 20
94 166 20
93 166 20
93 166 20
93 166 20
93 166 20
93 166 20
93 166 20
93 166 20
93 166 20
93 166 20
93 166 20
93 166 20
93 166 20
93 166 20
93 166 20
93 166 20
93 166 20
93 166 20
93 166 20
93 166 20
93 166 20
93 166 20
93 166 20
93 166 20
93 166 20
93 166 20
93 166 20
93 166 20
93 166 20
93 166 20
92 166 20
92 166 20
92 166 20
92 166 20
92 166 20
92 166 20
92 166 20
92 166 20
92 166 20
92 166 20
92 166 20
92 166 20
92 166 20
92 166 20
92 166 20
92 166 20
92 166 20
92 166 20
92 166 20
92 166 20
92 166 20
92 166 20
92 166 20
92 166 20
92 166 20
92 166 20
92 166 20
92 166 20
92 166 20
92 166 20
92 166 20
91 166 20
91 166 20
91 166 20
91 166 20
91 166 20
91 166 20
91 166 20
91 166 20
91 166 20
91 166 20
91 166 20
91 166 20
91 166 20
91 166 20
91 166 20
91 166 20
91 166 20
91 166 20
91 166 20
91 166 20
91 166 20
91 166 20
91 166 20
91 166 20
91 166 20
91 166 20
91 166 20
91 166 20
91 166 20
91 166 20
91 166 20
90 166 20
90 166 20
90 166 20
90 166 20
90 166 20
90 166 20
90 166 20
90 166 20
90 166 20
90 166 20
90 166 20
90 166 20
90 166 20
90 166 20
90 166 20
90 166 20
90 166 20
90 166 20
90 166 20
90 166 20
90 166 20
90 166 20
90 166 20
90 166 20
90 166 20
90 166 20
90 166 20
90 166 20
90 166 20
90 166 20
90 166 20
89 166 20
89 166 20
89 166 20
89 166 20
89 166 20
89 166 20
89 166 20
89 166 20
89 166 20
89 166 20
89 166 20
89 166 20
89 166 20
89 166 20
89 166 20
89 166 20
89 166 20
89 166 20
89 166 20
89 166 20
89 166 20
89 166 20
89 166 20
89 166 20
89 166 20
89 166 20
89 166 20
89 166 20
89 166 20
88 166 20
88 166 20
88 166 20
88 166 20
88 166 20
88 166 20
88 166 20
88 166 20
88 166 20
88 166 20
88 166 20
88 166 20
88 166 20
88 166 20
88 166 20
88 166 20
88 166 20
88 166 20
88 166 20
88 166 20
88 166 20
88 166 20
88 166 20
88 166 20
88 166 20
88 166 20
87 166 20
87 166 20
87 166 20
87 166 20
87 166 20
87 166 20
87 166 20
87 166 20
87 166 20
87 166 20
87 166 20
87 166 20
87 166 20
87 166 20
87 166 20
87 166 20
87 166 20
87 166 20
87 166 20
87 166 20
87 166 20
87 166 20
87 166 20
86 166 20
86 166 20
86 166 20
86 166 20
86 166 20
86 166 20
86 166 20
86 166 20
86 166 20
86 166 20
86 166 20
86 166 20
86 166 20
86 166 20
86 166 20
86 166 20
86 166 20
86 166 20
86 166 20
86 166 20
85 166 20
85 166 20
85 166 20
85 166 20
85 166 20
85 166 20
85 166 20
85 166 20
85 166 20
85 166 20
85 166 20
85 166 20
85 166 20
85 166 20
85 166 20
85 166 20
85 166 20
85 166 20
84 166 20
84 166 20
84 166 20
84 166 20
84 166 20
84 166 20
84 166 20
84 166 20
84 166 20
84 166 20
84 166 20
84 166 20
84 166 20
84 166 20
84 166 20
84 166 20
84 166 20
84 166 20
83 166 20
83 166 20
83 166 20
83 166 20
83 166 20
83 166 20
83 166 20
83 166 20
83 166 20
83 166 20
83 166 20
83 166 20
83 166 20
83 166 20
83 166 20
83 166 20
83 166 20
83 166 20
82 166 20
82 166 20
82 166 20
82 166 20
82 166 20
82 166 20
82 166 20
82 166 20
82 166 20
82 166 20
82 166 20
82 166 20
82 166 20
82 166 20
82 166 20
82 166 20
82 166 20
82 166 20
81 166 20
81 166 20
81 166 20
81 166 20
81 166 20
81 166 20
81 166 20
81 166 20
81 166 20
81 166 20
81 166 20
81 166 20
81 166 20
81 166 20
81 166 20
81 166 20
81 166 20
81 166 20
81 166 20
80 166 20
80 166 20
80 166 20
80 166 20
80 166 20
80 166 20
80 166 20
80 166 20
80 166 20
80 166 20
80 166 20
80 166 20
80 166 20
80 166 20
80 166 20
80 166 20
80 166 20
80 166 20
80 166 20
80 166 20
80 166 20
79 166 20
79 166 20
79 166 20
79 166 20
79 166 20
79 166 20
79 166 20
79 166 20
79 166 20
79 166 20
79 166 20
79 166 20
79 166 20
79 166 20
79 166 20
79 166 20
79 166 20
79 166 20
79 166 20
79 166 20
79 166 20
79 166 20
79 165 20
79 165 20
79 165 20
79 165 20
79 165 20
79 165 20
79 165 20
79 165 20
79 165 20
79 165 20
79 165 20
79 165 20
79 165 20
79 165 20
79 165 20
79 165 20
79 165 20
79 165 20
79 165 20
79 165 20
79 165 20
79 165 20
79 164 20
79 164 20
79 164 20
79 164 20
79 164 20
79 164 20
79 164 20
79 164 20
79 164 20
79 164 20
79 164 20
79 164 20
79 164 20
79 164 20
79 164 20
79 164 20
79 164 20
79 164 20
79 164 20
79 164 20
79 164 20
79 164 20
79 163 20
79 163 20
79 163 20
79 163 20
79 163 20
79 163 20
79 163 20
79 163 20
79 163 20
79 163 20
79 163 20
79 163 20
79 163 20
79 163 20
79 163 20
79 163 20
79 163 20
79 163 20
79 163 20
79 163 20
79 163 20
79 163 20
79 162 20
79 162 20
79 162 20
79 162 20
79 162 20
79 162 20
79 162 20
79 162 20
79 162 20
79 162 20
79 162 20
79 162 20
79 162 20
79 162 20
79 162 20
79 162 20
79 162 20
79 162 20
79 162 20
79 162 20
79 162 20
79 162 20
79 161 20
79 161 20
79 161 20
79 161 20
79 161 20
79 161 20
79 161 20
79 161 20
79 161 20
79 161 20
79 161 20
79 161 20
79 161 20
79 161 20
79 161 20
79 161 20
79 161 20
79 161 20
79 161 20
79 161 20
79 161 20
79 161 20
79 161 20
79 160 20
79 160 20
79 160 20
79 160 20
79 160 20
79 160 20
79 160 20
79 160 20
79 160 20
79 160 20
79 160 20
79 160 20
79 160 20
79 160 20
79 160 20
79 160 20
79 160 20
79 160 20
79 160 20
79 160 20
79 160 20
79 160 20
79 160 20
79 160 20
79 159 20
79 159 20
79 159 20
79 159 20
79 159 20
79 159 20
79 159 20
79 159 20
79 159 20
79 159 20
79 159 20
79 159 20
79 159 20
79 159 20
79 159 20
79 159 20
79 159 20
79 159 20
79 159 20
79 159 20
79 159 20
79 159 20
79 159 20
79 159 20
79 158 20
79 158 20
79 158 20
79 158 20
79 158 20
79 158 20
79 158 20
79 158 20
79 158 20
79 158 20
79 158 20
79 158 20
79 158 20
79 158 20
79 158 20
79 158 20
79 158 20
79 158 20
79 158 20
79 158 20
79 158 20
79 158 20
79 158 20
79 158 20
79 157 20
79 157 20
79 157 20
79 157 20
79 157 20
79 157 20
79 157 20
79 157 20
79 157 20
79 157 20
79 157 20
79 157 20
79 157 20
79 157 20
79 157 20
79 157 20
79 157 20
79 157 20
79 157 20
79 157 20
79 157 20
79 157 20
79 157 20
79 157 20
79 157 20
79 156 20
79 156 20
79 156 20
79 156 20
79 156 20
79 156 20
79 156 20
79 156 20
79 156 20
79 156 20
79 156 20
79 156 20
79 156 20
79 156 20
79 156 20
79 156 20
79 156 20
79 156 20
79 156 20
79 156 20
79 156 20
79 156 20
79 156 20
79 156 20
79 156 20
79 155 20
79 155 20
79 155 20
79 155 20
79 155 20
79 155 20
79 155 20
79 155 20
79 155 20
79 155 20
79 155 20
79 155 20
79 155 20
79 155 20
79 155 20
79 155 20
79 155 20
79 155 20
79 155 20
79 155 20
79 155 20
79 155 20
79 155 20
79 155 20
79 154 20
79 154 20
79 154 20
79 154 20
79 154 20
79 154 20
79 154 20
79 154 20
79 154 20
79 154 20
79 154 20
79 154 20
79 154 20
79 154 20
79 154 20
79 154 20
79 154 20
79 154 20
79 154 20
79 154 20
79 154 20
79 154 20
79 154 20
79 153 20
79 153 20
79 153 20
79 153 20
79 153 20
79 153 20
79 153 20
79 153 20
79 153 20
79 153 20
79 153 20
79 153 20
79 153 20
79 153 20
79 153 20
79 153 20
79 153 20
79 153 20
79 153 20
79 153 20
79 153 20
79 153 20
79 152 20
79 152 20
79 152 20
79 152 20
79 152 20
79 152 20
79 152 20
79 152 20
79 152 20
79 152 20
79 152 20
79 152 20
79 152 20
79 152 20
79 152 20
79 152 20
79 152 20
79 152 20
79 152 20
79 152 20
79 151 20
79 151 20
79 151 20
79 151 20
79 151 20
79 151 20
79 151 20
79 151 20
79 151 20
79 151 20
79 151 20
79 151 20
79 151 20
79 151 20
79 151 20
79 151 20
79 151 20
79 151 20
79 150 20
79 150 20
79 150 20
79 150 20
79 150 20
79 150 20
79 150 20
79 150 20
79 150 20
79 150 20
79 150 20
79 150 20
79 150 20
79 150 20
79 150 20
79 149 20
79 149 20
79 149 20
79 149 20
79 149 20
79 149 20
79 149 20
79 149 20
79 149 20
79 149 20
79 149 20
79 149 20
79 148 20
79 148 20
79 148 20
79 148 20
79 148 20
79 148 20
79 148 20
79 148 20
79 148 20
79 148 20
79 147 20
79 147 20
79 147 20
79 147 20
79 147 20
79 147 20
79 147 20
79 146 20
79 146 20
79 146 20
79 146 20
79 146 20
79 145 20
79 145 20
79 145 20
79 145 20
79 144 20
79 144 20
79 144 20
79 143 20
79 143 20
79 142 20
79 142 20
79 141 20
79 141 20
79 140 20
79 140 20
79 139 20
78 139 17
77 139 15
77 139 15
76 139 20
75 139 17
74 139 15
196 93 17
195 93 15
194 93 13
193 93 11
192 93 10
191 93 10
190 93 10
189 93 10
188 93 10
187 93 10
185 93 10
184 93 10
183 93 10
182 93 10
181 93 10
180 93 10
179 93 10
178 93 10
177 93 10
177 93 10
176 93 17
175 93 15
174 93 13
173 93 11
173 93 11
172 93 19
171 93 16
171 93 16
170 93 20
170 93 20
