114 19 20
114 19 20
114 19 20
114 19 20
114 19 20
114 19 20
114 19 20
114 19 20
114 19 20
114 19 20
114 19 20
114 19 20
114 19 20
114 19 20
114 19 20
114 19 20
114 19 20
114 19 20
114 19 20
114 19 20
114 19 20
114 19 20
114 19 20
114 19 20
114 19 20
114 19 20
114 19 20
114 19 20
114 19 20
114 19 20
114 19 20
114 19 20
114 19 20
114 19 20
114 19 20
114 19 20
114 19 20
114 19 20
114 19 20
114 19 20
114 19 20
114 19 20
114 19 20
114 19 20
114 19 20
114 19 20
114 19 20
114 19 20
114 19 20
114 19 20
37 148 20
54 198 20
54 198 20
54 198 20
137 74 20
37 137 20
37 126 20
37 126 20
37 115 20
37 115 20
37 115 20
37 115 20
37 115 20
37 115 20
37 115 20
37 104 20
37 104 20
37 104 20
37 104 20
37 104 20
37 104 20
37 104 20
37 104 20
37 104 20
37 104 20
37 104 20
37 104 20
37 104 20
37 104 20
37 104 20
54 187 20
54 187 20
54 176 20
54 176 20
54 176 20
54 165 20
54 165 20
54 165 20
54 165 20
54 165 20
54 165 20
54 165 20
54 165 20
54 165 20
54 165 20
54 165 20
54 165 20
54 165 20
54 165 20
54 165 20
54 154 20
54 154 20
54 154 20
54 154 20
54 154 20
54 154 20
54 154 20
54 154 20
54 143 20
54 143 20
54 143 20
54 143 20
54 143 20
54 143 20
54 143 20
54 143 20
54 143 20
54 143 20
54 132 20
54 132 20
54 132 20
54 132 20
54 121 20
54 121 20
54 121 20
54 110 20
54 110 20
54 110 20
126 74 20
115 74 20
104 74 20
104 74 20
104 74 20
104 74 20
104 74 20
104 74 20
104 74 20
104 74 20
104 74 20
104 74 20
93 74 20
93 74 20
93 74 20
93 74 20
93 74 20
93 74 20
93 74 20
93 74 20
93 74 20
93 74 20
93 74 20
93 74 20
93 74 20
93 74 20
93 74 20
93 74 20
93 74 20
93 74 20
93 74 20
93 74 20
104 85 20
104 85 20
104 85 20
104 85 20
104 85 20
104 85 20
104 85 20
104 85 20
104 85 20
104 85 20
104 85 20
104 85 20
104 85 20
104 85 20
104 85 20
104 85 20
104 85 20
104 85 20
104 85 20
104 85 20
104 63 20
104 63 20
104 63 20
104 63 20
93 63 20
93 63 20
93 63 20
93 63 20
93 63 20
93 63 20
93 63 20
93 63 20
93 63 20
93 63 20
93 63 20
93 63 20
93 63 20
82 63 20
82 63 20
82 63 20
82 63 20
82 63 20
82 63 20
82 63 20
82 63 20
82 63 20
82 63 20
82 63 20
82 63 20
82 63 20
82 63 20
82 63 20
82 63 20
82 63 20
82 63 20
82 63 20
82 63 20
93 52 20
93 52 20
93 52 20
93 52 20
93 52 20
93 52 20
93 52 20
82 52 20
82 52 20
82 52 20
82 52 20
82 52 20
82 52 20
82 52 20
82 52 20
82 52 20
82 52 20
82 52 20
82 52 20
82 52 20
82 52 20
82 52 20
82 52 20
71 52 20
71 52 20
71 52 20
71 52 20
71 52 20
71 52 20
71 52 20
71 52 20
71 52 20
71 52 20
71 52 20
71 52 20
71 52 20
71 52 20
71 52 20
71 52 20
71 52 20
71 52 20
71 52 20
71 52 20
82 41 20
82 41 20
82 41 20
82 41 20
82 41 20
82 41 20
82 41 20
82 41 20
82 41 20
82 41 20
82 41 20
82 41 20
82 41 20
82 41 20
82 41 20
82 41 20
82 41 20
82 41 20
82 41 20
82 41 20
93 41 20
93 41 20
93 41 20
93 41 20
93 41 20
93 41 20
93 41 20
93 41 20
93 41 20
93 41 20
93 41 20
93 41 20
93 41 20
93 41 20
93 41 20
93 41 20
93 41 20
93 41 20
93 41 20
93 41 20
104 52 20
104 52 20
104 52 20
104 52 20
104 52 20
104 52 20
104 52 20
104 52 20
104 41 20
104 41 20
104 41 20
104 41 20
104 41 20
104 41 20
104 41 20
104 41 20
104 41 20
104 30 20
104 30 20
104 30 20
104 30 20
104 30 20
104 30 20
104 30 20
104 30 20
104 30 20
104 30 20
104 30 20
104 30 20
104 30 20
104 30 20
104 30 20
104 30 20
104 30 20
104 30 20
104 30 20
104 30 20
115 41 20
115 41 20
115 41 20
115 41 20
115 41 20
115 41 20
115 52 20
115 52 20
115 52 20
115 52 20
115 63 20
126 63 20
126 52 20
126 52 20
126 41 20
126 41 20
126 41 20
126 41 20
126 41 20
126 30 20
126 30 20
126 30 20
126 30 20
126 30 20
126 30 20
126 30 20
126 30 20
126 30 20
126 30 20
126 30 20
126 30 20
126 30 20
126 30 20
126 30 20
126 30 20
126 30 20
126 30 20
126 30 20
126 30 20
137 41 20
137 41 20
137 41 20
137 41 20
137 41 20
137 41 20
137 41 20
137 41 20
137 41 20
137 41 20
137 41 20
137 41 20
137 41 20
137 41 20
137 41 20
137 41 20
137 41 20
137 41 20
137 41 20
137 41 20
137 52 20
137 52 20
137 52 20
137 52 20
137 52 20
137 52 20
137 52 20
137 52 20
137 52 20
137 52 20
137 52 20
137 52 20
137 52 20
137 63 20
137 63 20
137 63 20
148 63 20
148 63 20
148 74 20
148 85 20
148 85 20
137 85 20
126 85 20
126 85 20
126 85 20
126 85 20
115 85 20
115 85 20
115 85 20
115 85 20
115 85 20
115 85 20
115 85 20
115 85 20
115 96 20
115 96 20
115 96 20
115 96 20
115 96 20
115 96 20
115 96 20
115 96 20
115 96 20
115 96 20
115 96 20
115 96 20
115 96 20
115 96 20
115 96 20
115 96 20
115 96 20
115 96 20
115 96 20
115 96 20
126 96 20
126 96 20
126 96 20
126 96 20
126 96 20
126 96 20
126 96 20
126 96 20
126 96 20
126 107 20
126 107 20
126 107 20
126 107 20
126 107 20
126 107 20
126 107 20
126 107 20
126 107 20
126 107 20
126 107 20
126 107 20
126 107 20
126 107 20
126 107 20
126 107 20
126 107 20
126 107 20
126 107 20
126 107 20
137 96 20
137 96 20
137 96 20
137 96 20
137 107 20
137 107 20
137 107 20
137 107 20
137 107 20
137 107 20
137 107 20
137 107 20
137 107 20
137 107 20
137 107 20
137 107 20
137 107 20
137 107 20
137 107 20
137 118 20
137 118 20
137 118 20
137 118 20
137 118 20
137 118 20
137 118 20
137 118 20
137 118 20
137 118 20
137 118 20
137 118 20
137 118 20
137 118 20
137 118 20
137 118 20
137 118 20
137 118 20
137 118 20
137 118 20
148 107 20
148 107 20
148 107 20
148 107 20
148 107 20
148 107 20
148 107 20
148 107 20
148 107 20
148 107 20
148 107 20
148 107 20
148 107 20
148 107 20
148 107 20
148 107 20
148 96 20
148 96 20
148 96 20
148 96 20
148 96 20
159 96 20
159 96 20
159 96 20
159 96 20
159 96 20
159 96 20
159 96 20
159 96 20
159 96 20
159 85 20
159 85 20
159 74 20
159 74 20
159 74 20
159 74 20
159 74 20
159 63 20
159 63 20
159 63 20
159 63 20
159 63 20
159 52 20
159 52 20
159 52 20
159 52 20
159 52 20
159 52 20
159 52 20
159 52 20
159 52 20
159 52 20
159 52 20
159 52 20
159 52 20
159 52 20
159 52 20
159 52 20
159 52 20
159 52 20
148 52 20
148 52 20
148 52 20
148 52 20
148 52 20
148 52 20
148 52 20
148 52 20
148 52 20
148 52 20
148 41 20
148 41 20
148 41 20
148 41 20
148 41 20
148 41 20
148 41 20
148 41 20
148 41 20
148 41 20
148 41 20
148 41 20
148 41 20
148 41 20
148 41 20
148 41 20
148 41 20
148 41 20
148 41 20
148 41 20
159 41 20
159 41 20
159 41 20
159 41 20
159 41 20
159 41 20
159 41 20
159 41 20
159 41 20
159 41 20
159 41 20
159 41 20
159 41 20
159 41 20
159 41 20
159 41 20
159 41 20
159 41 20
159 41 20
159 41 20
170 52 20
170 52 20
170 52 20
170 52 20
170 52 20
170 52 20
170 52 20
170 52 20
170 52 20
170 52 20
170 52 20
170 52 20
170 52 20
170 52 20
170 52 20
170 52 20
170 52 20
170 52 20
170 52 20
170 52 20
170 63 20
170 63 20
170 63 20
170 63 20
170 63 20
170 63 20
170 74 20
170 74 20
170 74 20
170 74 20
170 74 20
170 74 20
170 74 20
170 85 20
170 85 20
170 85 20
170 85 20
170 85 20
170 85 20
170 85 20
170 96 20
170 96 20
170 96 20
170 96 20
170 96 20
170 96 20
170 96 20
170 96 20
170 96 20
170 96 20
170 96 20
170 96 20
170 96 20
170 96 20
170 96 20
170 96 20
170 96 20
170 96 20
170 96 20
170 96 20
181 85 20
181 85 20
181 85 20
181 85 20
181 85 20
181 85 20
181 85 20
181 85 20
181 85 20
181 85 20
181 85 20
181 85 20
181 85 20
181 85 20
181 85 20
181 85 20
181 85 20
181 85 20
181 85 20
181 85 20
181 74 20
181 74 20
181 74 20
181 74 20
181 74 20
181 74 20
181 74 20
181 74 20
181 74 20
181 74 20
181 74 20
181 74 20
181 74 20
181 74 20
181 74 20
181 74 20
181 63 20
181 63 20
181 63 20
181 63 20
181 63 20
181 63 20
181 63 20
181 63 20
181 63 20
181 63 20
181 52 20
181 52 20
181 52 20
181 52 20
181 52 20
181 52 20
181 52 20
181 52 20
181 52 20
181 52 20
181 52 20
181 52 20
181 52 20
181 52 20
181 52 20
181 52 20
181 52 20
181 52 20
181 52 20
181 52 20
192 63 20
192 63 20
192 63 20
192 63 20
192 63 20
192 63 20
192 63 20
192 63 20
192 63 20
192 63 20
192 63 20
192 63 20
192 63 20
192 63 20
192 63 20
192 63 20
192 63 20
192 63 20
192 63 20
192 63 20
192 74 20
192 74 20
192 74 20
192 74 20
192 74 20
192 74 20
192 74 20
192 74 20
192 74 20
192 74 20
192 74 20
192 74 20
192 74 20
192 74 20
192 74 20
192 74 20
192 74 20
192 85 20
192 85 20
192 85 20
192 85 20
192 85 20
192 85 20
192 85 20
192 85 20
192 85 20
192 85 20
192 85 20
192 85 20
192 85 20
192 85 20
192 85 20
192 85 20
192 85 20
192 96 20
192 96 20
192 96 20
192 96 20
192 96 20
192 96 20
192 96 20
192 96 20
192 96 20
192 96 20
192 96 20
181 96 20
181 96 20
181 96 20
181 96 20
181 96 20
181 96 20
181 96 20
181 96 20
181 96 20
181 96 20
181 96 20
181 96 20
181 96 20
181 96 20
181 96 20
181 96 20
181 96 20
181 96 20
181 96 20
181 96 20
192 107 20
192 107 20
192 107 20
192 107 20
192 107 20
192 107 20
192 107 20
192 107 20
192 107 20
192 107 20
192 107 20
192 107 20
192 107 20
192 107 20
192 107 20
192 107 20
192 107 20
192 107 20
192 107 20
192 107 20
159 107 20
159 107 20
159 107 20
159 107 20
159 107 20
159 107 20
159 107 20
159 107 20
159 107 20
159 107 20
159 118 20
159 118 20
159 118 20
159 118 20
159 118 20
159 118 20
159 118 20
159 118 20
159 118 20
159 118 20
159 118 20
159 118 20
159 118 20
159 118 20
159 118 20
159 118 20
159 118 20
159 118 20
159 118 20
159 118 20
170 107 20
170 107 20
170 107 20
170 107 20
170 107 20
170 107 20
170 107 20
170 107 20
170 107 20
170 107 20
170 107 20
170 107 20
170 107 20
170 107 20
170 107 20
170 107 20
170 107 20
170 107 20
170 107 20
170 107 20
148 118 20
148 118 20
148 118 20
148 118 20
148 118 20
148 118 20
148 118 20
148 118 20
148 118 20
148 118 20
148 118 20
148 118 20
148 118 20
148 118 20
148 118 20
148 118 20
148 118 20
148 118 20
148 118 20
148 118 20
115 30 20
115 30 20
115 30 20
115 30 20
115 30 20
115 30 20
115 30 20
115 30 20
115 30 20
115 30 20
115 30 20
115 30 20
115 30 20
103 19 20
103 19 20
103 19 20
103 19 20
103 19 20
103 19 20
103 19 20
103 19 20
103 19 20
103 19 20
103 19 20
103 19 20
103 19 20
103 19 20
103 19 20
103 19 20
103 19 20
103 19 20
103 19 20
103 19 20
125 19 20
125 19 20
125 19 20
125 19 20
125 19 20
125 19 20
125 19 20
125 19 20
125 19 20
125 19 20
125 19 20
125 19 20
125 19 20
125 19 20
125 19 20
125 19 20
125 19 20
125 19 20
125 19 20
125 19 20
114 8 20
114 8 20
114 8 20
114 8 20
114 8 20
114 8 20
114 8 20
114 8 20
114 8 20
114 8 20
114 8 20
114 8 20
114 8 20
114 8 20
114 8 20
114 8 20
114 8 20
114 8 20
114 8 20
114 8 20
114 20 20
114 20 20
114 20 20
114 20 20
114 20 20
114 20 20
114 20 20
114 20 20
114 20 20
114 20 20
114 20 20
114 20 20
114 20 20
114 20 20
114 20 20
114 20 20
114 20 20
114 20 20
114 20 20
114 20 20
114 20 20
114 20 20
114 20 20
114 20 20
114 20 20
114 20 20
114 20 20
114 20 20
114 20 20
114 20 20
114 20 20
114 20 20
114 20 20
114 20 20
114 20 20
114 20 20
114 20 20
114 20 20
114 20 20
114 20 20
114 20 20
114 20 20
114 20 20
114 20 20
114 20 20
114 20 20
114 20 20
114 21 20
114 21 20
114 21 20
114 21 20
114 21 20
114 21 20
114 21 20
114 21 20
114 21 20
114 21 20
114 21 20
114 21 20
114 21 20
114 21 20
114 21 20
114 21 20
114 21 20
114 21 20
114 21 20
114 21 20
114 21 20
114 21 20
114 21 20
114 21 20
114 21 20
114 21 20
114 21 20
114 21 20
114 21 20
114 21 20
114 21 20
114 21 20
114 21 20
114 21 20
114 21 20
114 21 20
114 21 20
114 21 20
114 21 20
114 21 20
114 21 20
114 21 20
114 21 20
114 21 20
114 22 20
114 22 20
114 22 20
114 22 20
114 22 20
114 22 20
114 22 20
114 22 20
114 22 20
114 22 20
114 22 20
114 22 20
114 22 20
114 22 20
114 22 20
114 22 20
114 22 20
114 22 20
114 22 20
114 22 20
114 22 20
114 22 20
114 22 20
114 22 20
114 22 20
114 22 20
114 22 20
114 22 20
114 22 20
114 22 20
114 22 20
114 22 20
114 22 20
114 22 20
114 22 20
114 22 20
114 22 20
114 22 20
114 22 20
114 23 20
114 23 20
114 23 20
114 23 20
114 23 20
114 23 20
114 23 20
114 23 20
114 23 20
114 23 20
114 23 20
114 23 20
114 23 20
114 23 20
114 23 20
114 23 20
114 23 20
114 23 20
114 23 20
114 23 20
114 23 20
114 23 20
114 23 20
114 23 20
114 23 20
114 23 20
114 23 20
114 23 20
114 23 20
114 23 20
114 23 20
114 23 20
114 23 20
114 23 20
114 24 20
114 24 20
114 24 20
114 24 20
114 24 20
114 24 20
114 24 20
114 24 20
114 24 20
114 24 20
114 24 20
114 24 20
114 24 20
114 24 20
114 24 20
114 24 20
114 24 20
114 24 20
114 24 20
114 24 20
114 24 20
114 24 20
114 24 20
114 24 20
114 24 20
114 24 20
114 24 20
114 24 20
114 24 20
114 25 20
114 25 20
114 25 20
114 25 20
114 25 20
114 25 20
114 25 20
114 25 20
114 25 20
114 25 20
114 25 20
114 25 20
114 25 20
114 25 20
114 25 20
114 25 20
114 25 20
114 25 20
114 25 20
114 25 20
114 25 20
114 25 20
114 25 20
114 25 20
114 25 20
114 26 20
114 26 20
114 26 20
114 26 20
114 26 20
114 26 20
114 26 20
114 26 20
114 26 20
114 26 20
114 26 20
114 26 20
114 26 20
114 26 20
114 26 20
114 26 20
114 26 20
114 26 20
114 26 20
114 26 20
114 26 20
114 27 20
114 27 20
114 27 20
114 27 20
114 27 20
114 27 20
114 27 20
114 27 20
114 27 20
114 27 20
114 27 20
114 27 20
114 27 20
114 27 20
114 27 20
114 27 20
114 27 20
114 28 20
114 28 20
114 28 20
114 28 20
114 28 20
114 28 20
114 28 20
114 28 20
114 28 20
114 28 20
114 28 20
114 28 20
114 28 20
114 28 20
114 28 20
114 29 20
114 29 20
114 29 20
114 29 20
114 29 20
114 29 20
114 29 20
114 29 20
114 29 20
114 29 20
114 29 20
114 29 20
114 29 20
114 30 20
114 30 20
114 30 20
114 30 20
114 30 20
114 30 20
114 30 20
114 30 20
114 30 20
114 30 20
114 30 20
114 30 20
115 31 20
115 31 20
115 31 20
115 31 20
115 31 20
115 31 20
115 31 20
115 31 20
115 31 20
115 31 20
115 31 20
115 31 20
115 31 20
115 32 20
115 32 20
115 32 20
115 32 20
115 32 20
115 32 20
115 32 20
115 32 20
115 32 20
115 32 20
115 32 20
115 32 20
115 33 20
115 33 20
115 33 20
115 33 20
115 33 20
115 33 20
115 33 20
115 33 20
115 33 20
115 33 20
115 33 20
115 34 20
115 34 20
115 34 20
115 34 20
115 34 20
115 34 20
115 34 20
115 34 20
115 34 20
115 34 20
115 34 20
115 35 20
115 35 20
115 35 20
115 35 20
115 35 20
115 35 20
115 35 20
115 35 20
115 35 20
115 35 20
115 36 20
115 36 20
115 36 20
115 36 20
115 36 20
115 36 20
115 36 20
115 36 20
115 36 20
115 37 20
115 37 20
115 37 20
115 37 20
115 37 20
115 37 20
115 37 20
115 37 20
115 38 20
115 38 20
115 38 20
115 38 20
115 38 20
115 38 20
115 38 20
115 39 20
115 39 20
115 39 20
115 39 20
115 39 20
115 39 20
115 39 20
115 40 20
115 40 20
115 40 20
115 40 20
115 40 20
115 40 20
115 42 20
115 42 20
115 42 20
115 42 20
115 42 20
115 42 20
115 43 20
115 43 20
115 43 20
115 43 20
115 43 20
115 43 20
115 44 20
115 44 20
115 44 20
115 44 20
115 44 20
115 44 20
115 45 20
115 45 20
115 45 20
115 45 20
115 45 20
115 45 20
115 46 20
115 46 20
115 46 20
115 46 20
115 46 20
115 46 20
114 46 20
114 46 20
114 46 20
114 46 20
114 46 20
114 46 20
113 46 20
113 46 20
113 46 20
113 46 20
113 46 20
113 46 20
112 46 20
112 46 20
112 46 20
112 46 20
112 46 20
111 46 20
111 46 20
111 46 20
111 46 20
111 46 20
110 46 20
110 46 20
110 46 20
110 46 20
110 46 20
109 46 20
109 46 20
109 46 20
109 46 20
109 46 20
108 46 20
108 46 20
108 46 20
108 46 20
108 46 20
107 46 20
107 46 20
107 46 20
107 46 20
107 46 20
107 46 20
106 46 20
106 46 20
106 46 20
106 46 20
106 46 20
106 46 20
106 46 20
105 46 20
105 46 20
105 46 20
105 46 20
105 46 20
105 46 20
105 46 20
105 46 20
105 46 20
104 46 20
104 46 20
104 46 20
104 46 20
104 46 20
104 46 20
104 46 20
104 46 20
104 46 20
104 46 20
104 46 20
103 46 20
103 46 20
103 46 20
103 46 20
103 46 20
103 46 20
103 46 20
103 46 20
103 46 20
103 46 20
103 46 20
103 46 20
103 46 20
102 46 20
102 46 20
102 46 20
102 46 20
102 46 20
102 46 20
102 46 20
102 46 20
102 46 20
102 46 20
102 46 20
102 46 20
102 46 20
102 46 20
102 46 20
101 46 20
101 46 20
101 46 20
101 46 20
101 46 20
101 46 20
101 46 20
101 46 20
101 46 20
101 46 20
101 46 20
101 46 20
101 46 20
101 46 20
101 46 20
101 46 20
101 46 20
100 46 20
100 46 20
100 46 20
100 46 20
100 46 20
100 46 20
100 46 20
100 46 20
100 46 20
100 46 20
100 46 20
100 46 20
100 46 20
100 46 20
100 46 20
100 46 20
100 46 20
100 46 20
99 46 20
99 46 20
99 46 20
99 46 20
99 46 20
99 46 20
99 46 20
99 46 20
99 46 20
99 46 20
99 46 20
99 46 20
99 46 20
99 46 20
99 46 20
99 46 20
99 46 20
99 46 20
98 46 20
98 46 20
98 46 20
98 46 20
98 46 20
98 46 20
98 46 20
98 46 20
98 46 20
98 46 20
98 46 20
98 46 20
98 46 20
98 46 20
98 46 20
98 46 20
98 46 20
97 46 20
97 46 20
97 46 20
97 46 20
97 46 20
97 46 20
97 46 20
97 46 20
97 46 20
97 46 20
97 46 20
97 46 20
97 46 20
97 46 20
97 46 20
96 46 20
96 46 20
96 46 20
96 46 20
96 46 20
96 46 20
96 46 20
96 46 20
96 46 20
96 46 20
96 46 20
96 46 20
96 46 20
96 46 20
95 46 20
95 46 20
95 46 20
95 46 20
95 46 20
95 46 20
95 46 20
95 46 20
95 46 20
95 46 20
95 46 20
95 46 20
95 46 20
94 46 20
94 46 20
94 46 20
94 46 20
94 46 20
94 46 20
94 46 20
94 46 20
94 46 20
94 46 20
94 46 20
94 46 20
93 46 20
93 46 20
93 46 20
93 46 20
93 46 20
93 46 20
93 46 20
93 46 20
93 46 20
93 46 20
93 46 20
93 46 20
92 46 20
92 46 20
92 46 20
92 46 20
92 46 20
92 46 20
92 46 20
92 46 20
92 46 20
92 46 20
92 46 20
92 46 20
91 46 20
91 46 20
91 46 20
91 46 20
91 46 20
91 46 20
91 46 20
91 46 20
91 46 20
91 46 20
91 46 20
90 46 20
90 46 20
90 46 20
90 46 20
90 46 20
90 46 20
90 46 20
90 46 20
90 46 20
90 46 20
90 46 20
89 46 20
89 46 20
89 46 20
89 46 20
89 46 20
89 46 20
89 46 20
89 46 20
89 46 20
89 46 20
89 46 20
88 46 20
88 46 20
88 46 20
88 46 20
88 46 20
88 46 20
88 46 20
88 46 20
88 46 20
88 46 20
88 46 20
88 46 20
87 46 20
87 46 20
87 46 20
87 46 20
87 46 20
87 46 20
87 46 20
87 46 20
87 46 20
87 46 20
87 46 20
87 46 20
87 46 20
86 46 20
86 46 20
86 46 20
86 46 20
86 46 20
86 46 20
86 46 20
86 46 20
86 46 20
86 46 20
86 46 20
86 46 20
86 46 20
86 46 20
86 46 20
85 46 20
85 46 20
85 46 20
85 46 20
85 46 20
85 46 20
85 46 20
85 46 20
85 46 20
85 46 20
85 46 20
85 46 20
85 46 20
85 46 20
85 46 20
85 46 20
85 46 20
85 46 20
84 46 20
84 46 20
84 46 20
84 46 20
84 46 20
84 46 20
84 46 20
84 46 20
84 46 20
84 46 20
84 46 20
84 46 20
84 46 20
84 46 20
84 46 20
84 46 20
84 46 20
84 46 20
84 46 20
84 46 20
84 46 20
84 46 20
83 46 20
83 46 20
83 46 20
83 46 20
83 46 20
83 46 20
83 46 20
83 46 20
83 46 20
83 46 20
83 46 20
83 46 20
83 46 20
83 46 20
83 46 20
83 46 20
83 46 20
83 46 20
83 46 20
83 46 20
83 46 20
83 46 20
83 46 20
83 46 20
83 46 20
83 46 20
82 46 20
82 46 20
82 46 20
82 46 20
82 46 20
82 46 20
82 46 20
82 46 20
82 46 20
82 46 20
82 46 20
82 46 20
82 46 20
82 46 20
82 46 20
82 46 20
82 46 20
82 46 20
82 46 20
82 46 20
82 46 20
82 46 20
82 46 20
82 46 20
82 46 20
82 46 20
82 46 20
82 46 20
82 46 20
82 46 20
81 46 20
81 46 20
81 46 20
81 46 20
81 46 20
81 46 20
81 46 20
81 46 20
81 46 20
81 46 20
81 46 20
81 46 20
81 46 20
81 46 20
81 46 20
81 46 20
81 46 20
81 46 20
81 46 20
81 46 20
81 46 20
81 46 20
81 46 20
81 46 20
81 46 20
81 46 20
81 46 20
81 46 20
81 46 20
81 46 20
81 46 20
81 46 20
81 46 20
80 46 20
80 46 20
80 46 20
80 46 20
80 46 20
80 46 20
80 46 20
80 46 20
80 46 20
80 46 20
80 46 20
80 46 20
80 46 20
80 46 20
80 46 20
80 46 20
80 46 20
80 46 20
80 46 20
80 46 20
80 46 20
80 46 20
80 46 20
80 46 20
80 46 20
80 46 20
80 46 20
80 46 20
80 46 20
80 46 20
80 46 20
80 46 20
80 46 20
80 46 20
80 46 20
80 46 20
79 46 20
79 46 20
79 46 20
79 46 20
79 46 20
79 46 20
79 46 20
79 46 20
79 46 20
79 46 20
79 46 20
79 46 20
79 46 20
79 46 20
79 46 20
79 46 20
79 46 20
79 46 20
79 46 20
79 46 20
79 46 20
79 46 20
79 46 20
79 46 20
79 46 20
79 46 20
79 46 20
79 46 20
79 46 20
79 46 20
79 46 20
79 46 20
79 46 20
79 46 20
79 46 20
79 46 20
79 46 20
79 46 20
79 46 20
79 46 20
78 46 20
78 46 20
78 46 20
78 46 20
78 46 20
78 46 20
78 46 20
78 46 20
78 46 20
78 46 20
78 46 20
78 46 20
78 46 20
78 46 20
78 46 20
78 46 20
78 46 20
78 46 20
78 46 20
78 46 20
78 46 20
78 46 20
78 46 20
78 46 20
78 46 20
78 46 20
78 46 20
78 46 20
78 46 20
78 46 20
78 46 20
78 46 20
78 46 20
78 46 20
78 46 20
78 46 20
78 46 20
78 46 20
78 46 20
78 46 20
78 46 20
78 46 20
78 46 20
78 46 20
77 46 20
77 46 20
77 46 20
77 46 20
77 46 20
77 46 20
77 46 20
77 46 20
77 46 20
77 46 20
77 46 20
77 46 20
77 46 20
77 46 20
77 46 20
77 46 20
77 46 20
77 46 20
77 46 20
77 46 20
77 46 20
77 46 20
77 46 20
77 46 20
77 46 20
77 46 20
77 46 20
77 46 20
77 46 20
77 46 20
77 46 20
77 46 20
77 46 20
77 46 20
77 46 20
77 46 20
77 46 20
77 46 20
77 46 20
77 46 20
77 46 20
77 46 20
77 46 20
77 46 20
77 46 20
77 46 20
77 46 20
77 46 20
76 46 20
76 46 20
76 46 20
76 46 20
76 46 20
76 46 20
76 46 20
76 46 20
76 46 20
76 46 20
76 46 20
76 46 20
76 46 20
76 46 20
76 46 20
76 46 20
76 46 20
76 46 20
76 46 20
76 46 20
76 46 20
76 46 20
76 46 20
76 46 20
76 46 20
76 46 20
76 46 20
76 46 20
76 46 20
76 46 20
76 46 20
76 46 20
76 46 20
76 46 20
76 46 20
76 46 20
76 46 20
76 46 20
76 46 20
76 46 20
76 46 20
76 46 20
76 46 20
76 46 20
76 46 20
76 46 20
76 46 20
76 46 20
76 46 20
76 46 20
76 46 20
75 46 20
75 46 20
75 46 20
75 46 20
75 46 20
75 46 20
75 46 20
75 46 20
75 46 20
75 46 20
75 46 20
75 46 20
75 46 20
75 46 20
75 46 20
75 46 20
75 46 20
75 46 20
75 46 20
75 46 20
75 46 20
75 46 20
75 46 20
75 46 20
75 46 20
75 46 20
75 46 20
75 46 20
75 46 20
75 46 20
75 46 20
75 46 20
75 46 20
75 46 20
75 46 20
75 46 20
75 46 20
75 46 20
75 46 20
75 46 20
75 46 20
75 46 20
75 46 20
75 46 20
75 46 20
75 46 20
75 46 20
75 46 20
75 46 20
75 46 20
75 46 20
74 46 20
74 46 20
74 46 20
74 46 20
74 46 20
74 46 20
74 46 20
74 46 20
74 46 20
74 46 20
74 46 20
74 46 20
74 46 20
74 46 20
74 46 20
74 46 20
74 46 20
74 46 20
74 46 20
74 46 20
74 46 20
74 46 20
74 46 20
74 46 20
74 46 20
74 46 20
74 46 20
74 46 20
74 46 20
74 46 20
74 46 20
74 46 20
74 46 20
74 46 20
74 46 20
74 46 20
74 46 20
74 46 20
74 46 20
74 46 20
74 46 20
74 46 20
74 46 20
74 46 20
74 46 20
74 46 20
74 46 20
74 46 20
74 46 20
73 46 20
73 46 20
73 46 20
73 46 20
73 46 20
73 46 20
73 46 20
73 46 20
73 46 20
73 46 20
73 46 20
73 46 20
73 46 20
73 46 20
73 46 20
73 46 20
73 46 20
73 46 20
73 46 20
73 46 20
73 46 20
73 46 20
73 46 20
73 46 20
73 46 20
73 46 20
73 46 20
73 46 20
73 46 20
73 46 20
73 46 20
73 46 20
73 46 20
73 46 20
73 46 20
73 46 20
73 46 20
73 46 20
73 46 20
73 46 20
73 46 20
73 46 20
73 46 20
73 46 20
73 46 20
72 46 20
72 46 20
72 46 20
72 46 20
72 46 20
72 46 20
72 46 20
72 46 20
72 46 20
72 46 20
72 46 20
72 46 20
72 46 20
72 46 20
72 46 20
72 46 20
72 46 20
72 46 20
72 46 20
72 46 20
72 46 20
72 46 20
72 46 20
72 46 20
72 46 20
72 46 20
72 46 20
72 46 20
72 46 20
72 46 20
72 46 20
72 46 20
72 46 20
72 46 20
72 46 20
72 46 20
72 46 20
72 46 20
72 46 20
71 46 20
71 46 20
71 46 20
71 46 20
71 46 20
71 46 20
71 46 20
71 46 20
71 46 20
71 46 20
71 46 20
71 46 20
71 46 20
71 46 20
71 46 20
71 46 20
71 46 20
71 46 20
71 46 20
71 46 20
71 46 20
71 46 20
71 46 20
71 46 20
71 46 20
71 46 20
71 46 20
71 46 20
71 46 20
71 46 20
71 46 20
71 46 20
71 46 20
70 46 20
70 46 20
70 46 20
70 46 20
70 46 20
70 46 20
70 46 20
70 46 20
70 46 20
70 46 20
70 46 20
70 46 20
70 46 20
70 46 20
70 46 20
70 46 20
70 46 20
70 46 20
70 46 20
70 46 20
70 46 20
70 46 20
70 46 20
70 46 20
70 46 20
70 46 20
70 46 20
69 46 20
69 46 20
69 46 20
69 46 20
69 46 20
69 46 20
69 46 20
69 46 20
69 46 20
69 46 20
69 46 20
69 46 20
69 46 20
69 46 20
69 46 20
69 46 20
69 46 20
69 46 20
69 46 20
69 46 20
69 46 20
69 46 20
69 46 20
68 46 20
68 46 20
68 46 20
68 46 20
68 46 20
68 46 20
68 46 20
68 46 20
68 46 20
68 46 20
68 46 20
68 46 20
68 46 20
68 46 20
68 46 20
68 46 20
68 46 20
68 46 20
68 46 20
67 46 20
67 46 20
67 46 20
67 46 20
67 46 20
67 46 20
67 46 20
67 46 20
67 46 20
67 46 20
67 46 20
67 46 20
67 46 20
67 46 20
67 46 20
67 46 20
66 46 20
66 46 20
66 46 20
66 46 20
66 46 20
66 46 20
66 46 20
66 46 20
66 46 20
66 46 20
66 46 20
66 46 20
66 46 20
66 46 20
65 46 20
65 46 20
65 46 20
65 46 20
65 46 20
65 46 20
65 46 20
65 46 20
65 46 20
65 46 20
65 46 20
65 46 20
64 46 20
64 46 20
64 46 20
64 46 20
64 46 20
64 46 20
64 46 20
64 46 20
64 46 20
64 46 20
64 46 20
63 46 20
63 46 20
63 46 20
63 46 20
63 46 20
63 46 20
63 46 20
63 46 20
63 46 20
63 46 20
63 46 20
62 46 20
62 46 20
62 46 20
62 46 20
62 46 20
62 46 20
62 46 20
62 46 20
62 46 20
62 46 20
62 46 20
61 46 20
61 46 20
61 46 20
61 46 20
61 46 20
61 46 20
61 46 20
61 46 20
61 46 20
61 46 20
61 46 20
60 46 20
60 46 20
60 46 20
60 46 20
60 46 20
60 46 20
60 46 20
60 46 20
60 46 20
60 46 20
59 46 20
59 46 20
59 46 20
59 46 20
59 46 20
59 46 20
59 46 20
59 46 20
59 46 20
58 46 20
58 46 20
58 46 20
58 46 20
58 46 20
58 46 20
58 46 20
58 46 20
57 46 20
57 46 20
57 46 20
57 46 20
57 46 20
57 46 20
56 46 20
56 46 20
56 46 20
56 46 20
56 46 20
55 46 20
55 46 20
55 46 20
55 46 20
54 46 20
54 46 20
54 46 20
53 46 20
53 46 20
52 46 20
52 46 20
51 46 20
51 46 20
50 46 20
49 46 17
49 46 17
48 46 20
47 46 17
46 46 15
46 46 15
45 46 20
44 46 17
43 46 15
43 46 15
42 46 20
41 46 17
40 46 15
40 45 13
40 45 13
39 45 20
38 45 17
37 45 15
36 45 13
35 45 11
34 45 10
34 45 10
34 44 17
34 43 15
34 42 13
34 41 11
34 41 11
34 40 19
34 39 16
34 39 16
136 74 17
135 74 15
134 74 13
134 74 13
133 74 20
133 73 17
133 72 15
133 71 13
133 71 13
133 70 20
132 70 17
131 70 15
130 70 13
130 70 13
129 70 20
128 70 17
127 70 15
126 70 13
126 69 11
126 69 11
126 68 19
126 67 16
126 66 14
126 66 14
126 65 20
126 64 17
126 64 17
125 63 20
124 63 17
124 63 17
123 63 20
122 63 17
122 63 17
121 63 20
120 63 17
120 63 17
119 63 20
118 63 17
118 63 17
117 63 20
116 63 17
116 63 17
115 62 20
115 61 17
115 61 17
115 60 20
115 59 17
115 59 17
115 58 20
115 58 20
115 57 20
115 57 20
115 56 20
115 56 20
115 55 20
115 55 20
115 54 20
115 54 20
115 54 20
115 53 20
115 53 20
115 53 20
115 51 20
115 51 20
115 51 20
115 51 20
115 51 20
115 50 20
115 50 20
115 50 20
115 50 20
115 50 20
115 50 20
115 49 20
115 49 20
115 49 20
115 49 20
115 49 20
115 49 20
115 48 20
115 48 20
115 48 20
115 48 20
115 48 20
115 48 20
115 48 20
115 47 20
115 47 20
115 47 20
115 47 20
115 47 20
115 47 20
54 197 20
54 197 20
54 197 20
54 196 20
54 196 20
54 196 20
54 195 20
54 195 20
54 195 20
54 194 20
54 194 20
54 194 20
54 194 20
54 193 20
54 193 20
54 193 20
54 193 20
54 192 20
54 192 20
54 192 20
54 192 20
54 191 20
54 191 20
54 191 20
54 191 20
54 190 20
54 190 20
54 190 20
54 189 20
54 189 20
54 189 20
54 188 20
54 188 20
54 188 20
54 186 20
54 186 20
54 185 20
54 185 20
54 184 20
54 184 20
54 183 20
54 183 20
54 182 20
54 182 20
54 181 20
54 181 20
54 180 20
54 180 20
54 179 20
54 179 20
54 179 20
54 178 20
54 178 20
54 178 20
54 177 20
54 177 20
54 177 20
54 175 20
54 175 20
54 175 20
54 174 20
54 174 20
54 174 20
54 174 20
54 173 20
54 173 20
54 173 20
54 173 20
54 172 20
54 172 20
54 172 20
54 172 20
54 171 20
54 171 20
54 171 20
54 171 20
54 171 20
54 170 20
54 170 20
54 170 20
54 170 20
54 170 20
54 169 20
54 169 20
54 169 20
54 169 20
54 169 20
54 169 20
54 169 20
54 168 20
54 168 20
54 168 20
54 168 20
54 168 20
54 168 20
54 168 20
54 168 20
54 167 20
54 167 20
54 167 20
54 167 20
54 167 20
54 167 20
54 167 20
54 167 20
54 167 20
54 167 20
54 166 20
54 166 20
54 166 20
54 166 20
54 166 20
54 166 20
54 166 20
54 166 20
54 166 20
54 166 20
54 166 20
54 166 20
54 164 20
54 164 20
54 164 20
54 164 20
54 164 20
54 164 20
54 164 20
54 164 20
54 164 20
54 164 20
54 164 20
54 164 20
54 164 20
54 164 20
54 164 20
54 164 20
54 164 20
54 163 20
54 163 20
54 163 20
54 163 20
54 163 20
54 163 20
54 163 20
54 163 20
54 163 20
54 163 20
54 163 20
54 163 20
54 163 20
54 163 20
54 163 20
54 163 20
54 163 20
54 163 20
54 163 20
54 162 20
54 162 20
54 162 20
54 162 20
54 162 20
54 162 20
54 162 20
54 162 20
54 162 20
54 162 20
54 162 20
54 162 20
54 162 20
54 162 20
54 162 20
54 162 20
54 162 20
54 162 20
54 162 20
54 161 20
54 161 20
54 161 20
54 161 20
54 161 20
54 161 20
54 161 20
54 161 20
54 161 20
54 161 20
54 161 20
54 161 20
54 161 20
54 161 20
54 161 20
54 161 20
54 161 20
54 161 20
54 160 20
54 160 20
54 160 20
54 160 20
54 160 20
54 160 20
54 160 20
54 160 20
54 160 20
54 160 20
54 160 20
54 160 20
54 160 20
54 160 20
54 160 20
54 160 20
54 160 20
54 159 20
54 159 20
54 159 20
54 159 20
54 159 20
54 159 20
54 159 20
54 159 20
54 159 20
54 159 20
54 159 20
54 159 20
54 159 20
54 159 20
54 159 20
54 158 20
54 158 20
54 158 20
54 158 20
54 158 20
54 158 20
54 158 20
54 158 20
54 158 20
54 158 20
54 158 20
54 158 20
54 158 20
54 157 20
54 157 20
54 157 20
54 157 20
54 157 20
54 157 20
54 157 20
54 157 20
54 157 20
54 157 20
54 157 20
54 157 20
54 156 20
54 156 20
54 156 20
54 156 20
54 156 20
54 156 20
54 156 20
54 156 20
54 156 20
54 156 20
54 156 20
54 155 20
54 155 20
54 155 20
54 155 20
54 155 20
54 155 20
54 155 20
54 155 20
54 155 20
54 155 20
54 153 20
54 153 20
54 153 20
54 153 20
54 153 20
54 153 20
54 153 20
54 152 20
54 152 20
54 152 20
54 152 20
54 152 20
54 152 20
54 152 20
54 151 20
54 151 20
54 151 20
54 151 20
54 151 20
54 151 20
54 150 20
54 150 20
54 150 20
54 150 20
54 150 20
54 150 20
54 149 20
54 149 20
54 149 20
54 149 20
54 149 20
54 149 20
54 148 20
54 148 20
54 148 20
54 148 20
54 148 20
54 148 20
54 148 20
54 147 20
54 147 20
54 147 20
54 147 20
54 147 20
54 147 20
54 147 20
54 146 20
54 146 20
54 146 20
54 146 20
54 146 20
54 146 20
54 146 20
54 146 20
54 145 20
54 145 20
54 145 20
54 145 20
54 145 20
54 145 20
54 145 20
54 145 20
54 145 20
54 144 20
54 144 20
54 144 20
54 144 20
54 144 20
54 144 20
54 144 20
54 144 20
54 144 20
54 144 20
54 142 20
54 142 20
54 142 20
54 142 20
54 142 20
54 142 20
54 142 20
54 142 20
54 142 20
54 142 20
54 142 20
54 141 20
54 141 20
54 141 20
54 141 20
54 141 20
54 141 20
54 141 20
54 141 20
54 141 20
54 141 20
54 141 20
54 141 20
54 140 20
54 140 20
54 140 20
54 140 20
54 140 20
54 140 20
54 140 20
54 140 20
54 140 20
54 140 20
54 140 20
54 140 20
54 139 20
54 139 20
54 139 20
54 139 20
54 139 20
54 139 20
54 139 20
54 139 20
54 139 20
54 139 20
54 139 20
54 139 20
54 138 20
54 138 20
54 138 20
54 138 20
54 138 20
54 138 20
54 138 20
54 138 20
54 138 20
54 138 20
54 138 20
54 138 20
54 137 20
54 137 20
54 137 20
54 137 20
54 137 20
54 137 20
54 137 20
54 137 20
54 137 20
54 137 20
54 136 20
54 136 20
54 136 20
54 136 20
54 136 20
54 136 20
54 136 20
54 136 20
54 136 20
54 135 20
54 135 20
54 135 20
54 135 20
54 135 20
54 135 20
54 135 20
54 134 20
54 134 20
54 134 20
54 134 20
54 134 20
54 134 20
54 133 20
54 133 20
54 133 20
54 133 20
54 131 20
54 131 20
54 131 20
54 130 20
54 130 20
54 130 20
54 129 20
54 129 20
54 128 20
54 128 20
54 127 20
54 127 20
54 126 20
54 126 20
54 125 20
54 125 20
54 124 20
54 124 20
54 124 20
54 123 20
54 123 20
54 123 20
54 122 20
54 122 20
54 122 20
54 120 20
54 120 20
54 120 20
54 119 20
54 119 20
54 119 20
54 118 20
54 118 20
54 118 20
54 117 20
54 117 20
54 116 20
54 116 20
54 115 20
54 115 20
54 114 20
54 114 20
54 113 20
54 113 20
54 112 20
54 112 20
54 111 20
54 111 20
53 110 20
53 110 20
52 110 20
52 110 20
51 110 20
51 110 20
50 110 20
50 110 20
50 110 20
49 110 20
49 110 20
49 110 20
48 110 20
48 110 20
48 110 20
48 110 20
48 109 20
48 109 20
48 109 20
48 109 20
48 108 20
48 108 20
48 108 20
48 107 20
48 107 20
48 107 20
48 107 20
48 106 20
48 106 20
48 106 20
48 106 20
48 105 20
48 105 20
48 105 20
48 105 20
48 104 20
48 104 20
48 104 20
48 104 20
48 103 20
48 103 20
48 103 20
48 103 20
48 103 20
48 102 20
48 102 20
48 102 20
48 102 20
48 102 20
48 101 20
48 101 20
48 101 20
48 101 20
48 101 20
48 101 20
48 101 20
48 100 20
48 100 20
48 100 20
48 100 20
48 100 20
48 100 20
48 100 20
48 100 20
48 100 20
48 99 20
48 99 20
48 99 20
48 99 20
48 99 20
48 99 20
48 99 20
48 99 20
48 99 20
48 99 20
48 99 20
48 98 20
48 98 20
48 98 20
48 98 20
48 98 20
48 98 20
48 98 20
48 98 20
48 98 20
48 98 20
48 98 20
48 98 20
48 98 20
48 98 20
48 98 20
48 97 20
48 97 20
48 97 20
48 97 20
48 97 20
48 97 20
48 97 20
48 97 20
48 97 20
48 97 20
48 97 20
48 97 20
48 97 20
48 97 20
48 97 20
48 97 20
48 97 20
48 97 20
48 97 20
48 96 20
48 96 20
48 96 20
48 96 20
48 96 20
48 96 20
48 96 20
48 96 20
48 96 20
48 96 20
48 96 20
48 96 20
48 96 20
48 96 20
48 96 20
48 96 20
48 96 20
48 96 20
48 96 20
48 96 20
48 96 20
48 96 20
48 96 20
48 96 20
48 95 20
48 95 20
48 95 20
48 95 20
48 95 20
48 95 20
48 95 20
48 95 20
48 95 20
48 95 20
48 95 20
48 95 20
48 95 20
48 95 20
48 95 20
48 95 20
48 95 20
48 95 20
48 95 20
48 95 20
48 95 20
48 95 20
48 95 20
48 95 20
48 95 20
48 95 20
48 95 20
48 95 20
48 94 20
48 94 20
48 94 20
48 94 20
48 94 20
48 94 20
48 94 20
48 94 20
48 94 20
48 94 20
48 94 20
48 94 20
48 94 20
48 94 20
48 94 20
48 94 20
48 94 20
48 94 20
48 94 20
48 94 20
48 94 20
48 94 20
48 94 20
48 94 20
48 94 20
48 94 20
48 94 20
48 94 20
48 94 20
48 94 20
48 94 20
37 147 17
37 146 15
37 145 13
37 145 13
37 144 20
38 144 17
38 144 17
39 144 20
39 144 20
40 144 20
40 144 20
41 144 20
41 144 20
42 144 20
42 144 20
43 144 20
43 144 20
43 143 20
43 143 20
43 142 20
43 142 20
43 141 20
43 141 20
43 140 20
43 140 20
43 139 20
43 139 20
43 138 20
43 138 20
43 137 20
43 137 20
43 136 20
43 136 20
43 135 20
43 135 20
43 134 20
43 134 20
43 133 20
43 133 20
43 132 20
43 132 20
43 131 20
43 131 20
43 130 20
43 130 20
43 129 20
43 129 20
43 128 20
43 128 20
43 127 20
43 127 20
43 126 20
43 126 20
43 125 20
43 125 20
43 124 20
43 124 20
43 123 20
43 123 20
43 122 20
43 122 20
43 121 20
43 121 20
43 120 20
43 120 20
43 119 20
43 119 20
43 118 20
43 118 20
43 118 20
43 117 20
43 117 20
43 117 20
43 116 20
43 116 20
43 116 20
43 116 20
44 116 20
44 116 20
44 116 20
44 116 20
45 116 20
45 116 20
45 116 20
45 116 20
45 116 20
46 116 20
46 116 20
46 116 20
46 116 20
47 116 20
47 116 20
47 116 20
47 116 20
48 116 20
48 116 20
48 116 20
48 116 20
48 117 20
48 117 20
48 117 20
49 117 20
49 117 20
49 117 20
50 117 20
50 117 20
50 117 20
51 117 20
51 117 20
52 117 20
52 117 20
53 117 20
53 117 20
