46 142 20
103 68 20
42 190 20
191 24 20
66 42 20
85 170 20
85 170 20
111 15 20
191 35 20
191 35 20
191 35 20
191 35 20
191 35 20
191 35 20
191 35 20
191 35 20
191 35 20
191 46 20
191 46 20
191 46 20
191 46 20
191 46 20
191 46 20
191 46 20
191 46 20
191 46 20
191 46 20
191 57 20
191 57 20
191 57 20
191 57 20
191 57 20
191 57 20
191 57 20
191 57 20
191 57 20
191 57 20
191 57 20
191 57 20
191 57 20
191 57 20
191 57 20
191 57 20
191 57 20
191 57 20
191 57 20
191 57 20
180 46 20
180 46 20
180 46 20
180 46 20
180 46 20
180 46 20
180 46 20
180 46 20
180 46 20
180 46 20
180 46 20
180 46 20
180 46 20
180 46 20
180 46 20
180 46 20
180 46 20
180 46 20
180 46 20
180 46 20
180 35 20
180 35 20
180 35 20
180 35 20
180 35 20
180 35 20
180 35 20
180 35 20
180 35 20
180 35 20
180 35 20
169 35 20
169 35 20
169 35 20
169 35 20
169 35 20
169 35 20
169 35 20
169 35 20
169 35 20
169 35 20
169 35 20
169 35 20
169 35 20
169 35 20
169 35 20
169 35 20
169 35 20
169 35 20
169 35 20
169 35 20
180 24 20
180 24 20
180 24 20
180 24 20
180 24 20
180 24 20
169 24 20
169 24 20
169 24 20
169 24 20
158 24 20
158 35 20
158 35 20
158 35 20
158 46 20
158 46 20
158 46 20
158 46 20
158 46 20
158 46 20
158 46 20
158 46 20
158 46 20
158 46 20
158 46 20
158 46 20
158 46 20
158 46 20
158 46 20
158 46 20
158 46 20
158 46 20
158 46 20
158 46 20
147 35 20
147 35 20
147 35 20
147 46 20
147 46 20
147 46 20
147 46 20
147 46 20
147 46 20
147 46 20
147 46 20
147 57 20
147 57 20
147 57 20
147 68 20
147 68 20
147 68 20
147 68 20
147 68 20
147 79 20
147 79 20
147 79 20
147 79 20
147 79 20
147 79 20
147 79 20
147 79 20
147 79 20
147 79 20
147 79 20
147 79 20
147 90 20
147 90 20
147 90 20
147 90 20
147 90 20
147 90 20
147 90 20
147 90 20
147 90 20
147 90 20
147 90 20
147 90 20
147 90 20
147 90 20
147 90 20
147 90 20
147 90 20
147 90 20
147 90 20
147 90 20
158 79 20
158 79 20
158 90 20
158 90 20
158 90 20
158 90 20
158 90 20
158 90 20
158 90 20
158 90 20
158 90 20
158 90 20
158 90 20
158 90 20
158 90 20
158 90 20
158 90 20
158 90 20
158 90 20
158 90 20
158 90 20
158 90 20
169 79 20
169 79 20
169 79 20
169 90 20
169 90 20
169 90 20
169 90 20
169 90 20
169 90 20
169 90 20
169 90 20
169 90 20
169 90 20
169 90 20
169 90 20
169 101 20
169 101 20
169 112 20
169 123 20
169 123 20
169 123 20
96 170 20
96 170 20
96 170 20
96 170 20
96 170 20
96 170 20
96 170 20
96 170 20
96 170 20
96 170 20
96 170 20
96 170 20
96 170 20
96 170 20
96 170 20
96 170 20
96 170 20
96 170 20
96 170 20
96 170 20
85 159 20
85 159 20
85 159 20
85 159 20
85 159 20
85 159 20
96 159 20
96 159 20
96 159 20
96 159 20
96 159 20
96 159 20
96 159 20
96 159 20
96 159 20
96 159 20
96 159 20
96 159 20
107 159 20
107 159 20
107 159 20
107 159 20
107 159 20
107 159 20
107 159 20
107 159 20
107 159 20
107 159 20
107 159 20
107 159 20
107 159 20
107 159 20
107 159 20
107 159 20
107 159 20
107 159 20
107 159 20
107 159 20
96 148 20
96 148 20
107 148 20
107 148 20
107 148 20
107 148 20
107 148 20
107 148 20
118 148 20
118 148 20
118 148 20
118 148 20
118 148 20
118 148 20
118 148 20
118 148 20
118 148 20
118 148 20
118 148 20
118 148 20
118 148 20
118 148 20
118 148 20
118 148 20
118 148 20
118 148 20
118 148 20
118 148 20
107 137 20
107 137 20
118 137 20
118 137 20
118 137 20
118 137 20
118 137 20
118 137 20
118 137 20
118 137 20
118 137 20
118 137 20
118 137 20
118 137 20
118 137 20
118 137 20
118 137 20
118 137 20
118 137 20
118 137 20
118 137 20
129 137 20
129 137 20
129 137 20
140 137 20
140 137 20
151 137 20
151 137 20
151 137 20
151 137 20
151 137 20
151 137 20
151 137 20
151 137 20
151 137 20
151 137 20
151 137 20
151 137 20
151 137 20
151 137 20
151 137 20
151 137 20
151 137 20
151 137 20
151 137 20
151 137 20
140 148 20
140 148 20
151 148 20
151 148 20
151 148 20
162 148 20
57 142 20
57 142 20
57 142 20
68 142 20
68 142 20
68 142 20
68 142 20
68 142 20
68 142 20
68 142 20
68 142 20
68 142 20
68 142 20
68 142 20
68 142 20
68 142 20
68 142 20
68 142 20
68 142 20
68 142 20
68 142 20
68 142 20
68 142 20
57 153 20
57 153 20
57 153 20
57 153 20
68 153 20
68 153 20
68 153 20
68 153 20
68 153 20
68 153 20
68 153 20
68 153 20
68 153 20
68 153 20
68 153 20
68 153 20
68 153 20
68 153 20
68 153 20
68 153 20
68 153 20
68 153 20
68 153 20
68 153 20
57 164 20
57 164 20
57 164 20
57 164 20
57 164 20
57 164 20
57 164 20
57 164 20
57 164 20
57 164 20
57 164 20
57 164 20
57 164 20
57 164 20
57 164 20
57 164 20
57 164 20
57 164 20
57 164 20
57 164 20
46 153 20
46 164 20
46 164 20
46 175 20
57 175 20
57 175 20
57 175 20
57 175 20
57 175 20
57 175 20
57 175 20
57 175 20
57 175 20
68 175 20
68 175 20
68 175 20
68 175 20
68 175 20
68 175 20
68 175 20
68 175 20
68 175 20
68 175 20
68 175 20
68 175 20
68 175 20
68 175 20
68 175 20
68 175 20
68 175 20
68 164 20
68 164 20
68 164 20
68 164 20
68 164 20
68 164 20
68 164 20
68 164 20
68 164 20
68 164 20
68 164 20
68 164 20
68 164 20
68 164 20
68 164 20
68 164 20
68 164 20
68 164 20
68 164 20
68 164 20
68 186 20
68 186 20
68 186 20
68 186 20
68 186 20
68 186 20
68 186 20
68 186 20
68 186 20
68 186 20
68 186 20
79 186 20
90 186 20
90 186 20
101 186 20
101 186 20
101 186 20
101 186 20
101 186 20
101 186 20
101 186 20
101 186 20
101 186 20
101 186 20
101 186 20
101 186 20
101 186 20
101 186 20
101 186 20
101 186 20
101 186 20
101 186 20
101 186 20
101 186 20
90 197 20
90 197 20
90 197 20
90 197 20
101 197 20
101 197 20
101 197 20
101 197 20
101 197 20
101 197 20
101 197 20
101 197 20
101 197 20
101 197 20
101 197 20
101 197 20
101 197 20
101 197 20
101 197 20
101 197 20
101 197 20
101 197 20
101 197 20
101 197 20
79 197 20
79 197 20
68 197 20
68 197 20
68 197 20
68 197 20
68 197 20
68 197 20
68 197 20
68 197 20
68 197 20
68 197 20
68 197 20
68 197 20
68 197 20
68 197 20
68 197 20
57 197 20
57 197 20
57 197 20
57 197 20
57 197 20
57 197 20
57 197 20
57 197 20
57 197 20
57 197 20
57 197 20
57 197 20
57 197 20
57 197 20
57 197 20
57 197 20
57 197 20
57 197 20
57 197 20
57 197 20
57 186 20
35 175 20
35 164 20
35 153 20
35 142 20
35 142 20
35 142 20
35 142 20
35 142 20
35 142 20
35 142 20
35 142 20
35 131 20
35 131 20
35 131 20
35 131 20
35 131 20
35 131 20
35 131 20
35 131 20
35 131 20
35 131 20
35 131 20
35 131 20
35 131 20
35 131 20
35 131 20
35 131 20
35 131 20
35 131 20
35 131 20
35 131 20
24 142 20
24 142 20
24 142 20
24 142 20
24 142 20
24 142 20
24 142 20
24 142 20
24 142 20
24 142 20
24 142 20
24 142 20
24 142 20
24 142 20
24 142 20
24 142 20
24 142 20
24 142 20
24 153 20
24 153 20
24 153 20
24 153 20
24 164 20
24 164 20
24 164 20
24 164 20
24 164 20
24 164 20
24 164 20
24 164 20
24 164 20
24 164 20
24 175 20
24 175 20
24 186 20
35 186 20
35 197 20
46 197 20
46 197 20
24 197 20
24 197 20
24 197 20
24 197 20
13 197 20
13 197 20
13 197 20
13 197 20
13 197 20
13 197 20
13 197 20
13 197 20
13 197 20
13 197 20
13 197 20
13 197 20
13 197 20
13 197 20
13 197 20
13 197 20
13 197 20
13 197 20
13 197 20
13 197 20
13 186 20
13 186 20
13 186 20
13 186 20
13 186 20
13 175 20
13 175 20
13 175 20
13 175 20
13 175 20
13 175 20
13 175 20
13 175 20
13 175 20
13 175 20
13 175 20
13 175 20
13 175 20
13 175 20
13 175 20
13 175 20
13 175 20
13 175 20
13 175 20
13 175 20
2 186 20
2 186 20
2 175 20
2 175 20
2 175 20
2 175 20
2 175 20
2 175 20
2 175 20
2 175 20
2 175 20
2 175 20
2 175 20
2 164 20
2 164 20
2 164 20
2 164 20
2 164 20
2 164 20
2 164 20
2 164 20
2 164 20
2 164 20
2 164 20
2 164 20
2 164 20
2 164 20
2 164 20
2 164 20
2 164 20
2 164 20
2 164 20
13 164 20
13 164 20
13 164 20
13 164 20
13 164 20
13 164 20
13 164 20
13 164 20
13 164 20
13 164 20
13 164 20
13 164 20
13 164 20
13 164 20
13 164 20
13 164 20
13 164 20
13 164 20
13 164 20
13 164 20
2 153 20
2 153 20
13 153 20
13 153 20
13 142 20
13 131 20
13 131 20
13 131 20
13 131 20
13 131 20
13 131 20
13 131 20
13 131 20
13 131 20
13 131 20
24 131 20
24 131 20
24 131 20
24 131 20
24 131 20
24 131 20
24 131 20
24 131 20
24 131 20
24 131 20
24 131 20
24 131 20
24 131 20
24 131 20
24 131 20
24 131 20
24 131 20
24 131 20
24 131 20
24 131 20
13 120 20
13 120 20
13 120 20
13 120 20
13 120 20
13 120 20
13 120 20
13 120 20
13 120 20
13 120 20
13 120 20
13 120 20
13 120 20
13 120 20
13 120 20
13 120 20
13 120 20
13 120 20
13 120 20
13 120 20
2 131 20
2 142 20
2 120 20
2 120 20
2 120 20
2 120 20
2 109 20
2 109 20
2 109 20
2 109 20
2 109 20
2 109 20
2 109 20
2 109 20
2 109 20
2 109 20
2 109 20
2 109 20
2 109 20
2 109 20
2 109 20
2 109 20
2 109 20
2 109 20
2 109 20
2 109 20
2 197 20
2 197 20
2 197 20
2 197 20
2 197 20
2 197 20
2 197 20
2 197 20
2 197 20
57 131 20
57 131 20
57 131 20
57 131 20
57 131 20
57 131 20
57 131 20
57 131 20
57 131 20
57 131 20
57 131 20
57 131 20
57 131 20
57 131 20
57 131 20
57 131 20
57 131 20
57 131 20
57 131 20
57 131 20
46 131 20
46 131 20
46 131 20
46 131 20
46 131 20
46 131 20
46 131 20
46 131 20
46 120 20
46 120 20
57 120 20
57 120 20
68 120 20
68 120 20
68 120 20
68 120 20
68 120 20
68 120 20
68 120 20
68 120 20
68 120 20
68 120 20
68 120 20
68 120 20
68 120 20
68 120 20
68 120 20
68 120 20
68 120 20
68 120 20
68 120 20
68 120 20
57 109 20
57 109 20
68 109 20
68 109 20
68 109 20
68 109 20
68 109 20
79 109 20
90 109 20
90 109 20
101 109 20
101 109 20
101 109 20
101 109 20
101 109 20
112 109 20
112 109 20
112 109 20
112 109 20
112 109 20
123 109 20
123 109 20
123 109 20
123 109 20
123 109 20
123 109 20
123 109 20
123 109 20
123 109 20
123 109 20
134 109 20
134 109 20
134 109 20
134 109 20
134 109 20
134 109 20
134 109 20
134 109 20
134 109 20
134 109 20
134 109 20
134 109 20
134 109 20
134 109 20
134 109 20
134 109 20
134 109 20
134 109 20
134 109 20
134 109 20
123 120 20
123 120 20
123 120 20
123 120 20
134 120 20
134 120 20
134 120 20
134 120 20
134 120 20
134 120 20
134 120 20
134 120 20
134 120 20
134 120 20
134 120 20
134 120 20
145 120 20
145 120 20
145 120 20
145 120 20
145 120 20
145 120 20
145 120 20
145 120 20
145 120 20
145 120 20
145 120 20
145 120 20
145 120 20
145 120 20
145 120 20
145 120 20
145 120 20
145 120 20
145 120 20
145 120 20
112 120 20
112 120 20
112 120 20
112 120 20
112 120 20
112 120 20
112 120 20
112 120 20
112 120 20
101 120 20
101 120 20
101 120 20
101 120 20
101 120 20
90 120 20
90 120 20
90 131 20
90 131 20
90 131 20
90 131 20
90 131 20
90 131 20
90 131 20
90 131 20
90 131 20
90 131 20
90 131 20
90 131 20
90 131 20
90 131 20
90 131 20
90 131 20
90 131 20
90 131 20
90 131 20
90 131 20
79 120 20
79 120 20
79 120 20
79 120 20
79 120 20
79 120 20
79 120 20
79 120 20
79 120 20
79 120 20
79 120 20
79 120 20
79 120 20
79 120 20
79 120 20
79 120 20
79 120 20
79 120 20
79 120 20
79 120 20
123 98 20
134 98 20
134 98 20
134 98 20
134 98 20
134 98 20
134 98 20
134 98 20
134 98 20
134 98 20
134 98 20
134 98 20
145 98 20
145 98 20
145 98 20
145 98 20
145 98 20
145 98 20
145 98 20
145 98 20
145 98 20
145 98 20
145 98 20
145 98 20
145 98 20
145 98 20
145 98 20
145 98 20
145 98 20
145 98 20
145 98 20
145 98 20
134 87 20
134 87 20
134 87 20
134 87 20
134 87 20
134 87 20
134 87 20
134 87 20
134 87 20
134 87 20
134 87 20
134 87 20
134 87 20
134 87 20
134 87 20
134 87 20
134 87 20
123 87 20
123 87 20
123 87 20
112 87 20
112 87 20
112 87 20
112 87 20
112 98 20
112 98 20
112 98 20
101 98 20
101 98 20
101 98 20
101 98 20
101 98 20
101 98 20
101 98 20
101 98 20
101 98 20
101 98 20
101 98 20
101 98 20
101 98 20
101 98 20
101 98 20
101 98 20
101 98 20
101 98 20
101 98 20
101 98 20
101 87 20
101 87 20
101 87 20
101 87 20
101 87 20
101 87 20
101 87 20
101 87 20
101 87 20
101 87 20
101 87 20
101 87 20
101 87 20
101 87 20
101 87 20
101 87 20
101 87 20
101 87 20
101 87 20
101 87 20
112 76 20
112 76 20
123 76 20
123 76 20
123 76 20
134 76 20
134 76 20
134 76 20
134 76 20
134 76 20
134 76 20
134 76 20
134 76 20
134 76 20
134 76 20
134 76 20
134 76 20
134 76 20
134 76 20
134 76 20
134 76 20
134 76 20
134 76 20
134 76 20
134 76 20
123 65 20
134 65 20
134 65 20
134 65 20
134 65 20
134 65 20
134 65 20
134 65 20
134 65 20
134 65 20
134 54 20
123 54 20
112 54 20
112 65 20
101 54 20
90 54 20
90 65 20
90 65 20
90 65 20
90 76 20
90 76 20
90 76 20
90 76 20
90 76 20
90 76 20
90 76 20
90 76 20
90 76 20
90 76 20
90 76 20
90 76 20
90 76 20
90 76 20
90 76 20
90 76 20
90 76 20
90 76 20
90 76 20
90 76 20
79 65 20
79 65 20
79 65 20
79 65 20
79 65 20
79 65 20
79 65 20
79 65 20
79 65 20
79 65 20
79 65 20
79 76 20
79 76 20
79 76 20
79 76 20
79 76 20
79 76 20
79 76 20
79 76 20
79 76 20
79 76 20
79 76 20
79 76 20
79 76 20
79 76 20
79 76 20
79 76 20
79 76 20
79 76 20
79 76 20
79 76 20
68 65 20
68 65 20
68 76 20
68 76 20
68 76 20
68 76 20
68 76 20
68 76 20
68 76 20
68 76 20
68 76 20
68 76 20
68 76 20
68 76 20
68 76 20
68 76 20
68 76 20
68 76 20
68 76 20
68 76 20
68 76 20
68 76 20
57 65 20
57 65 20
57 65 20
57 76 20
57 76 20
57 76 20
57 76 20
57 76 20
57 76 20
57 76 20
57 76 20
57 76 20
57 76 20
57 76 20
57 76 20
57 76 20
57 76 20
57 76 20
57 76 20
57 76 20
57 76 20
57 76 20
57 76 20
46 65 20
46 65 20
46 65 20
46 65 20
46 65 20
46 76 20
46 76 20
46 76 20
46 76 20
46 76 20
46 76 20
46 76 20
46 76 20
46 76 20
46 76 20
46 76 20
46 76 20
46 76 20
46 76 20
46 76 20
46 76 20
46 76 20
46 76 20
46 76 20
46 76 20
35 65 20
35 65 20
35 65 20
35 65 20
35 65 20
35 65 20
35 65 20
35 65 20
35 65 20
35 76 20
35 76 20
35 87 20
46 87 20
46 87 20
46 87 20
46 87 20
46 87 20
46 87 20
46 87 20
46 87 20
46 87 20
46 87 20
46 87 20
46 87 20
46 87 20
46 87 20
46 87 20
46 87 20
46 87 20
46 87 20
46 87 20
46 87 20
35 98 20
46 98 20
46 98 20
57 98 20
57 98 20
57 98 20
57 98 20
57 98 20
57 98 20
57 98 20
57 98 20
57 98 20
57 98 20
57 98 20
57 98 20
57 98 20
57 98 20
57 98 20
57 98 20
57 98 20
57 98 20
57 98 20
57 98 20
46 109 20
35 109 20
35 120 20
35 120 20
35 120 20
35 120 20
35 120 20
35 120 20
35 120 20
35 120 20
35 120 20
35 120 20
35 120 20
24 120 20
24 120 20
24 120 20
24 120 20
24 120 20
24 120 20
24 120 20
24 120 20
24 120 20
24 120 20
24 120 20
24 120 20
24 120 20
24 120 20
24 120 20
24 120 20
24 120 20
24 120 20
24 120 20
24 120 20
24 109 20
24 109 20
24 109 20
24 109 20
24 109 20
13 109 20
13 109 20
13 109 20
13 109 20
13 109 20
13 109 20
13 109 20
13 109 20
13 109 20
13 109 20
13 109 20
13 109 20
13 109 20
13 109 20
13 109 20
13 109 20
13 109 20
13 109 20
13 109 20
13 109 20
24 98 20
13 98 20
13 98 20
13 98 20
13 98 20
13 98 20
2 98 20
2 87 20
13 87 20
24 87 20
24 76 20
13 76 20
13 76 20
2 76 20
2 76 20
2 76 20
2 65 20
2 65 20
2 65 20
13 65 20
13 65 20
13 65 20
13 65 20
13 65 20
13 65 20
13 65 20
13 65 20
13 65 20
13 65 20
13 65 20
13 65 20
13 65 20
13 65 20
13 65 20
13 65 20
13 65 20
13 65 20
13 65 20
13 65 20
2 54 20
13 54 20
13 54 20
13 54 20
13 54 20
13 54 20
13 54 20
13 54 20
13 54 20
13 54 20
13 54 20
13 54 20
13 54 20
13 54 20
13 54 20
13 54 20
13 54 20
13 54 20
13 54 20
24 54 20
24 54 20
24 54 20
24 54 20
24 54 20
24 54 20
24 54 20
24 54 20
35 54 20
35 54 20
46 54 20
46 54 20
57 54 20
68 54 20
79 54 20
79 43 20
79 43 20
90 43 20
101 43 20
112 43 20
123 43 20
134 43 20
134 32 20
134 32 20
134 32 20
134 32 20
134 32 20
134 32 20
134 32 20
134 32 20
134 32 20
134 32 20
134 32 20
134 32 20
134 32 20
134 32 20
134 32 20
134 32 20
134 32 20
134 32 20
134 32 20
134 32 20
123 32 20
112 32 20
101 32 20
90 32 20
90 32 20
90 32 20
90 32 20
90 32 20
90 32 20
90 32 20
90 32 20
90 32 20
90 32 20
90 32 20
90 32 20
90 32 20
90 32 20
90 32 20
90 32 20
90 32 20
90 32 20
90 32 20
90 32 20
101 21 20
90 21 20
90 21 20
90 21 20
90 21 20
90 21 20
90 21 20
90 21 20
90 21 20
90 21 20
90 21 20
90 21 20
90 21 20
90 21 20
90 21 20
90 21 20
90 21 20
79 21 20
79 21 20
79 21 20
79 21 20
79 21 20
79 21 20
79 21 20
79 21 20
79 21 20
79 21 20
79 21 20
79 21 20
79 21 20
79 21 20
79 21 20
79 21 20
79 21 20
79 21 20
79 21 20
79 21 20
90 10 20
90 10 20
90 10 20
101 10 20
79 10 20
79 10 20
79 10 20
79 10 20
79 10 20
79 10 20
79 10 20
79 10 20
79 10 20
68 10 20
68 21 20
68 21 20
68 21 20
68 21 20
68 21 20
68 21 20
68 21 20
68 21 20
68 21 20
68 32 20
68 32 20
79 32 20
79 32 20
79 32 20
79 32 20
79 32 20
79 32 20
79 32 20
79 32 20
79 32 20
79 32 20
57 32 20
57 32 20
57 32 20
57 32 20
57 32 20
57 32 20
57 32 20
57 43 20
46 43 20
46 43 20
35 43 20
35 43 20
35 43 20
35 43 20
35 43 20
35 43 20
35 43 20
35 43 20
35 43 20
35 43 20
35 43 20
35 43 20
35 43 20
35 43 20
35 43 20
35 43 20
35 43 20
35 43 20
35 43 20
35 43 20
46 32 20
46 32 20
46 32 20
46 32 20
46 32 20
46 32 20
46 32 20
46 32 20
46 32 20
46 32 20
46 32 20
46 32 20
46 32 20
46 32 20
46 32 20
46 32 20
46 32 20
46 32 20
46 32 20
46 32 20
57 21 20
57 21 20
57 21 20
57 21 20
57 21 20
57 21 20
57 21 20
57 21 20
57 21 20
57 21 20
57 21 20
57 21 20
57 21 20
57 21 20
57 21 20
57 21 20
57 21 20
57 21 20
57 21 20
57 21 20
57 10 20
57 10 20
46 10 20
46 10 20
46 10 20
46 10 20
46 10 20
46 10 20
46 10 20
46 10 20
46 10 20
46 10 20
46 10 20
46 10 20
46 10 20
46 10 20
46 10 20
46 10 20
46 10 20
46 10 20
46 10 20
46 10 20
123 21 20
123 21 20
123 21 20
123 21 20
123 21 20
123 21 20
123 21 20
123 21 20
123 21 20
134 21 20
134 21 20
134 21 20
134 21 20
134 21 20
134 21 20
134 21 20
134 21 20
134 21 20
134 21 20
134 21 20
134 21 20
134 21 20
134 21 20
134 21 20
134 21 20
134 21 20
134 21 20
134 21 20
134 21 20
123 10 20
134 10 20
134 10 20
134 10 20
134 10 20
134 10 20
134 10 20
134 10 20
145 10 20
145 10 20
145 10 20
145 10 20
145 10 20
145 10 20
145 10 20
145 10 20
145 21 20
145 21 20
145 21 20
145 21 20
145 21 20
145 21 20
156 10 20
156 10 20
167 10 20
167 10 20
167 10 20
167 10 20
167 10 20
167 10 20
167 10 20
167 10 20
167 10 20
167 10 20
167 10 20
167 10 20
167 10 20
167 10 20
167 10 20
167 10 20
167 10 20
167 10 20
167 10 20
167 10 20
24 65 20
24 65 20
24 65 20
24 43 20
24 43 20
24 43 20
24 43 20
24 43 20
24 43 20
24 43 20
24 43 20
24 43 20
24 43 20
24 43 20
24 43 20
13 43 20
2 43 20
2 32 20
2 32 20
2 32 20
2 32 20
2 32 20
2 32 20
2 32 20
13 32 20
24 32 20
24 32 20
24 32 20
24 32 20
24 32 20
24 32 20
24 32 20
24 32 20
24 32 20
24 32 20
24 32 20
24 32 20
24 32 20
24 32 20
24 32 20
24 32 20
24 32 20
35 32 20
35 32 20
35 32 20
35 32 20
35 32 20
35 32 20
35 32 20
35 32 20
35 32 20
35 32 20
35 32 20
35 32 20
35 32 20
35 32 20
35 32 20
35 32 20
35 32 20
35 32 20
35 32 20
35 32 20
24 21 20
24 21 20
24 21 20
24 21 20
24 21 20
24 21 20
24 21 20
24 21 20
24 21 20
24 21 20
24 21 20
24 21 20
24 21 20
24 21 20
24 21 20
24 21 20
24 21 20
24 21 20
24 21 20
24 21 20
13 21 20
13 21 20
13 21 20
13 21 20
13 21 20
13 21 20
13 21 20
13 21 20
13 21 20
13 21 20
13 21 20
13 21 20
13 21 20
13 21 20
13 21 20
13 21 20
13 21 20
13 21 20
13 21 20
13 21 20
2 21 20
2 21 20
2 21 20
2 21 20
2 21 20
2 21 20
2 21 20
2 21 20
2 21 20
2 21 20
2 21 20
2 21 20
2 21 20
2 21 20
2 21 20
2 21 20
2 21 20
2 21 20
2 21 20
2 21 20
101 76 20
101 76 20
101 76 20
90 98 20
90 98 20
90 98 20
90 98 20
90 98 20
90 98 20
90 98 20
90 98 20
90 98 20
90 98 20
90 98 20
90 98 20
90 98 20
90 98 20
90 98 20
90 98 20
90 98 20
90 98 20
79 98 20
79 98 20
79 98 20
79 98 20
79 98 20
79 98 20
79 98 20
79 98 20
79 98 20
79 98 20
79 98 20
79 98 20
79 98 20
79 98 20
79 98 20
79 98 20
68 98 20
68 98 20
68 98 20
68 98 20
68 98 20
68 98 20
68 98 20
68 98 20
68 98 20
68 98 20
68 98 20
68 98 20
68 98 20
68 98 20
68 98 20
68 98 20
68 98 20
68 98 20
68 98 20
68 98 20
79 87 20
79 87 20
79 87 20
79 87 20
79 87 20
79 87 20
79 87 20
79 87 20
79 87 20
79 87 20
79 87 20
79 87 20
79 87 20
79 87 20
79 87 20
79 87 20
79 87 20
79 87 20
79 87 20
79 87 20
90 87 20
90 87 20
90 87 20
90 87 20
90 87 20
90 87 20
90 87 20
90 87 20
90 87 20
90 87 20
90 87 20
90 87 20
90 87 20
90 87 20
90 87 20
90 87 20
90 87 20
90 87 20
90 87 20
90 87 20
111 4 20
66 43 20
66 44 17
66 45 15
66 46 13
66 47 11
66 48 10
67 48 10
68 48 10
68 49 10
68 50 10
69 50 10
69 51 10
70 51 10
70 52 10
71 52 10
72 52 10
73 52 10
74 52 10
75 52 10
76 52 10
77 52 10
78 52 10
79 52 10
80 52 10
81 52 10
82 52 10
83 52 10
83 52 10
84 52 17
85 52 15
86 52 13
87 52 11
88 52 10
88 52 10
89 52 17
90 52 15
91 52 13
92 52 11
93 52 10
94 52 10
95 52 10
96 52 10
97 52 10
98 52 10
99 52 10
100 52 10
101 52 10
102 52 10
103 52 10
104 52 10
105 52 10
106 52 10
106 53 10
106 54 10
107 54 10
108 54 10
109 54 10
110 54 10
111 54 10
113 54 10
114 54 10
115 54 10
116 54 10
117 54 10
118 54 10
119 54 10
120 54 10
121 54 10
122 54 10
124 54 10
125 54 10
126 54 10
127 54 10
128 54 10
129 54 10
130 54 10
131 54 10
132 54 10
133 54 10
135 54 10
135 54 10
136 54 17
137 54 15
138 54 13
139 54 11
139 54 11
139 55 19
140 55 16
141 55 14
141 55 14
141 56 20
142 56 17
142 56 17
142 57 20
142 57 20
143 57 20
143 57 20
144 57 20
144 57 20
145 57 20
145 57 20
146 57 20
146 57 20
146 57 20
147 58 20
147 58 20
147 58 20
147 58 20
147 59 20
147 59 20
147 59 20
147 59 20
147 59 20
147 60 20
147 60 20
147 60 20
147 60 20
147 60 20
147 60 20
147 61 20
147 61 20
147 61 20
147 61 20
147 61 20
147 61 20
147 61 20
147 62 20
147 62 20
147 62 20
147 62 20
147 62 20
147 62 20
147 62 20
147 62 20
147 63 20
147 63 20
147 63 20
147 63 20
147 63 20
147 63 20
147 63 20
147 63 20
147 63 20
147 64 20
147 64 20
147 64 20
147 64 20
147 64 20
147 64 20
147 64 20
147 64 20
147 64 20
147 65 20
147 65 20
147 65 20
147 65 20
147 65 20
147 65 20
147 65 20
147 65 20
147 65 20
147 66 20
147 66 20
147 66 20
147 66 20
147 66 20
147 66 20
147 66 20
147 66 20
147 67 20
147 67 20
147 67 20
147 67 20
147 67 20
147 67 20
147 67 20
147 69 20
147 69 20
147 69 20
147 69 20
147 70 20
147 70 20
147 70 20
147 71 20
147 71 20
147 71 20
147 72 20
147 72 20
147 72 20
147 73 20
147 73 20
147 73 20
147 74 20
147 74 20
147 74 20
147 75 20
147 75 20
147 75 20
147 75 20
147 76 20
147 76 20
147 76 20
147 76 20
147 76 20
147 77 20
147 77 20
147 77 20
147 77 20
147 77 20
147 77 20
147 78 20
147 78 20
147 78 20
147 78 20
147 78 20
147 78 20
147 78 20
147 78 20
147 78 20
148 78 20
148 78 20
148 78 20
148 78 20
148 78 20
148 79 20
148 79 20
148 79 20
148 79 20
148 79 20
148 79 20
148 79 20
149 79 20
149 79 20
149 79 20
149 79 20
150 79 20
150 79 20
150 79 20
151 79 20
151 79 20
152 79 20
152 79 20
153 79 20
153 79 20
154 79 20
154 79 20
155 79 20
155 79 20
156 79 20
156 79 20
157 79 20
157 79 20
159 79 20
159 79 20
160 79 20
160 79 20
161 79 20
161 79 20
161 79 20
162 79 20
162 79 20
162 79 20
163 79 20
163 79 20
163 79 20
164 79 20
164 79 20
164 79 20
164 79 20
165 79 20
165 79 20
165 79 20
166 79 20
166 79 20
166 79 20
167 79 20
167 79 20
167 79 20
168 79 20
168 79 20
168 79 20
169 80 20
169 80 20
169 80 20
169 81 20
169 81 20
169 81 20
169 82 20
169 82 20
169 82 20
169 83 20
169 83 20
169 83 20
169 84 20
169 84 20
169 84 20
169 85 20
169 85 20
169 85 20
169 85 20
169 86 20
169 86 20
169 86 20
169 86 20
169 86 20
169 86 20
169 87 20
169 87 20
169 87 20
169 87 20
169 87 20
169 87 20
169 87 20
169 88 20
169 88 20
169 88 20
169 88 20
169 88 20
169 88 20
169 88 20
169 88 20
169 88 20
169 89 20
169 89 20
169 89 20
169 89 20
169 89 20
169 89 20
169 89 20
169 89 20
169 89 20
169 89 20
169 89 20
169 91 20
169 91 20
169 91 20
169 91 20
169 91 20
169 91 20
169 91 20
169 91 20
169 91 20
169 91 20
169 91 20
169 91 20
169 92 20
169 92 20
169 92 20
169 92 20
169 92 20
169 92 20
169 92 20
169 92 20
169 92 20
169 92 20
169 92 20
169 92 20
169 93 20
169 93 20
169 93 20
169 93 20
169 93 20
169 93 20
169 93 20
169 93 20
169 93 20
169 93 20
169 94 20
169 94 20
169 94 20
169 94 20
169 94 20
169 94 20
169 94 20
169 94 20
169 94 20
169 95 20
169 95 20
169 95 20
169 95 20
169 95 20
169 95 20
169 95 20
169 96 20
169 96 20
169 96 20
169 96 20
169 96 20
169 97 20
169 97 20
169 97 20
169 97 20
169 98 20
169 98 20
169 98 20
169 99 20
169 99 20
169 99 20
169 100 20
169 100 20
169 100 20
169 102 20
169 102 20
169 103 20
169 103 20
169 104 20
169 104 20
169 105 20
169 105 20
169 106 20
169 106 20
169 107 20
169 107 20
169 108 20
169 108 20
169 109 20
169 110 17
169 111 15
169 113 13
169 114 11
169 114 11
169 115 19
169 116 16
169 117 14
169 118 12
169 118 12
169 119 20
169 120 17
169 120 17
169 121 20
169 121 20
170 121 20
171 121 17
172 121 15
173 121 13
174 121 11
175 121 10
176 121 10
177 121 10
178 121 10
179 121 10
180 121 10
181 121 10
182 121 10
183 121 10
184 121 10
185 121 10
186 121 10
187 121 10
188 121 10
110 15 20
109 15 17
108 15 15
107 15 13
106 15 11
105 15 10
105 15 10
104 15 17
103 15 15
102 15 13
102 15 13
101 15 20
101 16 17
101 16 17
101 17 20
101 18 17
101 19 15
101 19 15
101 20 20
101 22 17
101 22 17
101 23 20
101 23 20
101 24 20
101 24 20
101 25 20
101 25 20
101 26 20
101 26 20
101 27 20
101 27 20
101 28 20
101 28 20
101 29 20
101 29 20
101 30 20
101 30 20
101 31 20
101 31 20
101 33 20
101 34 17
101 35 15
101 36 13
101 37 11
101 38 10
101 39 10
101 40 10
101 41 10
101 42 10
101 44 10
101 45 10
101 46 10
101 47 10
101 48 10
101 49 10
101 50 10
101 51 10
146 58 20
146 58 20
146 58 20
104 68 20
105 68 17
106 68 15
107 68 13
108 68 11
109 68 10
110 68 10
111 68 10
112 68 10
112 67 10
112 66 10
112 64 10
112 63 10
112 62 10
112 61 10
112 60 10
112 59 10
112 58 10
112 57 10
112 56 10
112 55 10
41 190 20
40 190 17
39 190 15
38 190 13
37 190 11
36 190 10
35 190 10
35 189 10
35 188 10
35 187 10
35 185 10
35 184 10
35 183 10
35 182 10
35 181 10
35 180 10
35 179 10
35 178 10
35 177 10
35 176 10
36 175 10
37 175 10
37 174 10
37 173 10
37 172 10
37 171 10
37 170 10
37 169 10
37 168 10
37 167 10
37 167 10
37 166 17
37 165 15
37 164 13
37 163 11
37 163 11
37 162 19
37 161 16
37 160 14
37 159 12
37 159 12
37 158 20
37 157 17
37 156 15
37 155 13
38 155 11
38 155 11
39 155 19
40 155 16
41 155 14
41 155 14
42 155 20
43 155 17
44 155 15
44 155 15
45 155 20
46 155 17
46 154 15
46 152 13
46 151 11
46 151 11
46 150 19
46 149 16
46 148 14
46 147 12
46 146 10
46 146 10
46 145 17
46 144 15
46 143 13
46 143 13
46 141 20
46 140 17
46 140 17
46 139 20
46 139 20
46 138 20
46 138 20
46 137 20
46 137 20
46 136 20
46 136 20
46 136 20
46 135 20
46 135 20
46 135 20
46 134 20
46 134 20
46 134 20
46 134 20
46 133 20
46 133 20
46 133 20
46 133 20
46 133 20
46 132 20
46 132 20
46 132 20
46 132 20
46 132 20
46 132 20
46 132 20
46 130 20
46 130 20
46 130 20
46 130 20
46 130 20
46 130 20
46 130 20
46 130 20
46 130 20
46 130 20
46 129 20
46 129 20
46 129 20
46 129 20
46 129 20
46 129 20
46 129 20
46 129 20
46 129 20
46 129 20
46 128 20
46 128 20
46 128 20
46 128 20
46 128 20
46 128 20
46 128 20
46 128 20
46 128 20
46 128 20
46 127 20
46 127 20
46 127 20
46 127 20
46 127 20
46 127 20
46 127 20
46 127 20
46 127 20
46 127 20
46 126 20
46 126 20
46 126 20
46 126 20
46 126 20
46 126 20
46 126 20
46 126 20
46 126 20
46 125 20
46 125 20
46 125 20
46 125 20
46 125 20
46 125 20
46 125 20
46 124 20
46 124 20
46 124 20
46 124 20
46 124 20
46 124 20
46 123 20
46 123 20
46 123 20
46 123 20
46 122 20
46 122 20
46 122 20
46 121 20
46 121 20
46 119 20
46 118 17
46 117 15
46 116 13
46 115 11
46 115 11
46 114 19
46 113 16
46 112 14
46 111 12
46 111 12
46 110 20
46 108 17
46 107 15
45 107 13
44 107 11
44 107 11
43 107 19
42 107 16
41 107 14
40 107 12
39 107 10
38 107 10
37 107 10
37 106 10
37 105 10
37 104 10
37 103 10
37 102 10
37 101 10
36 101 10
36 100 10
35 100 10
35 99 10
35 97 10
35 96 10
35 95 10
35 94 10
35 93 10
35 92 10
35 91 10
35 90 10
35 89 10
35 88 10
35 86 10
35 85 10
35 84 10
35 84 10
35 83 17
35 82 15
35 81 13
35 81 13
35 80 20
35 79 17
35 79 17
35 78 20
35 78 20
35 77 20
35 77 20
35 75 20
35 75 20
35 75 20
35 74 20
35 74 20
35 74 20
35 74 20
35 73 20
35 73 20
35 73 20
35 73 20
35 72 20
35 72 20
35 72 20
35 72 20
35 72 20
35 71 20
35 71 20
35 71 20
35 71 20
35 71 20
35 70 20
35 70 20
35 70 20
35 70 20
35 70 20
35 70 20
35 69 20
35 69 20
35 69 20
35 69 20
35 69 20
35 69 20
35 69 20
35 68 20
35 68 20
35 68 20
35 68 20
35 68 20
35 68 20
35 68 20
35 67 20
35 67 20
35 67 20
35 67 20
35 67 20
35 67 20
35 67 20
35 67 20
35 66 20
35 66 20
35 66 20
35 66 20
35 66 20
35 66 20
35 66 20
35 66 20
35 64 20
35 64 20
35 64 20
35 64 20
35 64 20
35 64 20
35 64 20
35 64 20
35 64 20
35 63 20
35 63 20
35 63 20
35 63 20
35 63 20
35 63 20
35 63 20
35 63 20
35 63 20
35 63 20
35 62 20
35 62 20
35 62 20
35 62 20
35 62 20
35 62 20
35 62 20
35 62 20
35 62 20
35 62 20
35 62 20
35 61 20
35 61 20
35 61 20
35 61 20
35 61 20
35 61 20
35 61 20
35 61 20
35 61 20
35 61 20
35 61 20
35 60 20
35 60 20
35 60 20
35 60 20
35 60 20
35 60 20
35 60 20
35 60 20
35 60 20
35 60 20
35 59 20
35 59 20
35 59 20
35 59 20
35 59 20
35 59 20
35 59 20
35 59 20
35 58 20
35 58 20
35 58 20
35 58 20
35 58 20
35 58 20
35 58 20
35 57 20
35 57 20
35 57 20
35 57 20
35 57 20
35 56 20
35 56 20
35 56 20
35 56 20
35 55 20
35 55 20
35 55 20
36 54 20
36 54 20
37 54 20
37 54 20
37 54 20
38 54 20
38 54 20
38 54 20
39 54 20
39 54 20
39 54 20
40 54 20
40 54 20
40 54 20
41 54 20
41 54 20
41 54 20
42 54 20
42 54 20
43 54 20
43 54 20
44 54 20
44 54 20
45 54 20
45 54 20
47 54 20
48 54 17
49 54 15
49 54 15
50 54 20
51 54 17
52 54 15
53 54 13
54 54 11
54 54 11
55 54 19
56 54 16
58 54 14
59 54 12
60 54 10
60 53 10
60 52 10
61 52 10
62 52 10
63 52 10
64 52 10
65 52 10
66 52 10
67 52 10
68 52 10
69 52 10
36 55 20
36 55 20
36 55 20
85 171 20
85 171 20
85 172 20
85 172 20
85 173 20
85 174 17
85 174 17
85 175 20
85 176 17
85 177 15
85 178 13
85 179 11
85 180 10
85 180 10
85 181 17
85 182 15
85 183 13
85 184 11
85 185 10
85 185 10
85 186 17
84 186 15
83 186 13
82 186 11
82 186 11
81 186 19
80 186 16
78 186 14
78 186 14
77 186 20
77 186 20
76 186 20
76 186 20
75 186 20
75 186 20
75 186 20
74 186 20
74 186 20
74 186 20
74 186 20
73 186 20
73 186 20
73 186 20
73 186 20
73 186 20
72 186 20
72 186 20
72 186 20
72 186 20
72 186 20
72 186 20
71 186 20
71 186 20
71 186 20
71 186 20
71 186 20
71 186 20
71 186 20
70 186 20
70 186 20
70 186 20
70 186 20
70 186 20
70 186 20
70 186 20
70 186 20
69 186 20
69 186 20
69 186 20
69 186 20
69 186 20
69 186 20
69 186 20
69 186 20
69 186 20
69 186 20
67 186 20
67 186 20
67 186 20
67 186 20
67 186 20
67 186 20
67 186 20
67 186 20
67 186 20
67 186 20
67 186 20
67 186 20
67 186 20
66 186 20
66 186 20
66 186 20
66 186 20
66 186 20
66 186 20
66 186 20
66 186 20
66 186 20
66 186 20
66 186 20
66 186 20
66 186 20
66 186 20
66 186 20
65 186 20
65 186 20
65 186 20
65 186 20
65 186 20
65 186 20
65 186 20
65 186 20
65 186 20
65 186 20
65 186 20
65 186 20
65 186 20
65 186 20
64 186 20
64 186 20
64 186 20
64 186 20
64 186 20
64 186 20
64 186 20
64 186 20
64 186 20
64 186 20
64 186 20
64 186 20
64 186 20
63 186 20
63 186 20
63 186 20
63 186 20
63 186 20
63 186 20
63 186 20
63 186 20
63 186 20
63 186 20
62 186 20
62 186 20
62 186 20
62 186 20
62 186 20
62 186 20
61 186 20
61 186 20
61 186 20
61 186 20
60 186 20
60 186 20
60 186 20
59 186 20
59 186 20
58 186 20
57 185 17
57 184 15
57 183 13
57 183 13
57 182 20
57 181 17
57 181 17
57 180 20
57 180 20
57 179 20
57 179 20
57 178 20
57 178 20
57 178 20
57 177 20
57 177 20
57 177 20
57 177 20
57 176 20
57 176 20
57 176 20
57 176 20
57 176 20
57 176 20
56 176 20
56 176 20
56 176 20
56 176 20
56 176 20
56 175 20
56 175 20
56 175 20
56 175 20
56 175 20
56 175 20
56 175 20
56 175 20
55 175 20
55 175 20
55 175 20
55 175 20
55 175 20
55 175 20
55 175 20
55 175 20
54 175 20
54 175 20
54 175 20
54 175 20
54 175 20
54 175 20
54 175 20
53 175 20
53 175 20
53 175 20
53 175 20
53 175 20
53 175 20
52 175 20
52 175 20
52 175 20
52 175 20
52 175 20
51 175 20
51 175 20
51 175 20
51 175 20
50 175 20
50 175 20
50 175 20
49 175 20
49 175 20
49 175 20
48 175 20
48 175 20
47 175 20
47 175 20
45 175 20
44 175 17
43 175 15
42 175 13
41 175 11
40 175 10
39 175 10
38 175 10
190 24 20
189 24 17
188 24 15
187 24 13
187 24 13
186 24 20
185 24 17
185 24 17
184 24 20
184 24 20
183 24 20
183 24 20
182 24 20
182 24 20
182 24 20
181 24 20
181 24 20
181 24 20
181 24 20
179 24 20
179 24 20
179 24 20
179 24 20
179 24 20
179 24 20
179 24 20
179 24 20
178 24 20
178 24 20
178 24 20
178 24 20
178 24 20
178 24 20
178 24 20
178 24 20
178 24 20
178 24 20
178 24 20
177 24 20
177 24 20
177 24 20
177 24 20
177 24 20
177 24 20
177 24 20
177 24 20
177 24 20
177 24 20
177 24 20
177 24 20
177 24 20
176 24 20
176 24 20
176 24 20
176 24 20
176 24 20
176 24 20
176 24 20
176 24 20
176 24 20
176 24 20
176 24 20
176 24 20
176 24 20
176 24 20
175 24 20
175 24 20
175 24 20
175 24 20
175 24 20
175 24 20
175 24 20
175 24 20
175 24 20
175 24 20
175 24 20
175 24 20
175 24 20
175 24 20
174 24 20
174 24 20
174 24 20
174 24 20
174 24 20
174 24 20
174 24 20
174 24 20
174 24 20
174 24 20
174 24 20
174 24 20
174 24 20
173 24 20
173 24 20
173 24 20
173 24 20
173 24 20
173 24 20
173 24 20
173 24 20
173 24 20
173 24 20
173 24 20
172 24 20
172 24 20
172 24 20
172 24 20
172 24 20
172 24 20
172 24 20
172 24 20
172 24 20
171 24 20
171 24 20
171 24 20
171 24 20
171 24 20
171 24 20
171 24 20
170 24 20
170 24 20
170 24 20
170 24 20
170 24 20
170 24 20
168 24 20
168 24 20
168 24 20
167 24 20
167 24 20
166 24 20
166 24 20
165 24 20
164 24 17
163 24 15
162 24 13
161 24 11
161 24 11
160 24 19
159 24 16
158 25 14
158 26 12
158 27 10
158 27 10
158 28 17
158 29 15
158 30 13
158 31 11
158 31 11
158 32 19
158 33 16
158 33 16
158 34 20
158 34 20
157 35 20
157 35 20
157 35 20
156 35 20
156 35 20
156 35 20
155 35 20
155 35 20
155 35 20
154 35 20
154 35 20
154 35 20
153 35 20
153 35 20
153 35 20
152 35 20
152 35 20
152 35 20
151 35 20
151 35 20
151 35 20
150 35 20
150 35 20
150 35 20
149 35 20
149 35 20
149 35 20
148 35 20
148 35 20
148 35 20
147 36 20
147 36 20
147 36 20
147 36 20
147 37 20
147 37 20
147 37 20
147 37 20
147 37 20
147 38 20
147 38 20
147 38 20
147 38 20
147 38 20
147 38 20
147 39 20
147 39 20
147 39 20
147 39 20
147 39 20
147 39 20
147 39 20
147 40 20
147 40 20
147 40 20
147 40 20
147 40 20
147 40 20
147 40 20
147 40 20
147 41 20
147 41 20
147 41 20
147 41 20
147 41 20
147 41 20
147 41 20
147 41 20
147 41 20
147 41 20
147 42 20
147 42 20
147 42 20
147 42 20
147 42 20
147 42 20
147 42 20
147 42 20
147 42 20
147 42 20
147 42 20
146 42 20
146 42 20
146 42 20
146 42 20
146 42 20
146 42 20
146 42 20
146 42 20
146 42 20
146 42 20
146 42 20
146 43 20
146 43 20
146 43 20
146 43 20
146 43 20
146 43 20
146 43 20
146 43 20
146 43 20
146 43 20
146 43 20
145 43 20
145 43 20
145 43 20
145 43 20
145 43 20
145 43 20
145 43 20
145 43 20
145 43 20
145 43 20
145 43 20
145 44 20
145 44 20
145 44 20
145 44 20
145 44 20
145 44 20
145 44 20
145 44 20
145 44 20
145 44 20
145 45 20
145 45 20
145 45 20
145 45 20
145 45 20
145 45 20
145 45 20
145 45 20
145 45 20
145 46 20
145 46 20
145 46 20
145 46 20
145 46 20
145 46 20
145 46 20
145 46 20
145 47 20
145 47 20
145 47 20
145 47 20
145 47 20
145 47 20
145 48 20
145 48 20
145 48 20
145 48 20
145 48 20
144 48 20
144 48 20
144 48 20
144 48 20
144 48 20
143 48 20
143 48 20
143 48 20
143 48 20
142 48 20
142 48 20
142 48 20
141 48 20
141 48 20
141 48 20
140 48 20
140 48 20
139 48 20
139 48 20
139 49 20
139 49 20
139 50 20
139 51 17
139 51 17
139 52 20
139 53 17
