94 14 20
12 94 20
12 94 20
12 94 20
105 14 20
105 25 20
105 36 20
105 36 20
105 36 20
105 36 20
105 36 20
105 47 20
105 47 20
105 47 20
105 47 20
105 47 20
105 47 20
105 47 20
105 47 20
105 47 20
105 47 20
105 47 20
105 47 20
105 47 20
105 47 20
105 47 20
105 47 20
105 47 20
105 47 20
105 47 20
105 47 20
116 36 20
116 36 20
116 36 20
116 36 20
116 36 20
116 36 20
116 36 20
116 36 20
116 36 20
116 36 20
116 47 20
116 47 20
116 47 20
116 47 20
116 47 20
116 58 20
116 69 20
116 80 20
116 80 20
116 80 20
116 80 20
116 80 20
116 80 20
116 80 20
116 80 20
116 80 20
116 80 20
116 80 20
116 80 20
116 80 20
116 80 20
116 80 20
116 80 20
116 91 20
116 91 20
116 91 20
23 94 20
34 94 20
34 94 20
34 94 20
34 94 20
34 94 20
34 94 20
34 94 20
34 94 20
34 94 20
34 94 20
34 94 20
34 94 20
34 94 20
34 94 20
34 94 20
34 94 20
34 94 20
34 94 20
34 94 20
34 94 20
23 105 20
34 105 20
34 105 20
34 105 20
34 105 20
34 105 20
34 105 20
34 105 20
34 105 20
34 105 20
34 105 20
34 105 20
34 105 20
34 105 20
34 105 20
34 105 20
34 105 20
34 105 20
34 105 20
34 105 20
34 105 20
23 116 20
23 116 20
23 116 20
23 116 20
23 116 20
23 116 20
23 116 20
23 116 20
23 116 20
23 116 20
23 116 20
23 116 20
23 116 20
23 116 20
34 116 20
34 116 20
34 116 20
34 116 20
34 116 20
34 116 20
34 116 20
34 116 20
45 116 20
45 116 20
45 116 20
45 116 20
45 116 20
56 116 20
67 116 20
78 116 20
78 116 20
78 116 20
78 116 20
78 116 20
78 116 20
78 116 20
78 116 20
78 116 20
78 116 20
78 116 20
78 116 20
78 116 20
78 116 20
78 116 20
78 116 20
89 116 20
89 116 20
89 116 20
89 116 20
89 116 20
89 116 20
89 116 20
89 116 20
89 116 20
89 116 20
100 116 20
100 116 20
100 116 20
100 116 20
100 116 20
100 116 20
100 116 20
100 116 20
100 116 20
100 116 20
100 116 20
100 116 20
100 116 20
100 116 20
100 116 20
100 116 20
100 116 20
100 116 20
100 116 20
100 116 20
89 105 20
89 105 20
13 94 20
13 94 20
14 94 20
14 94 20
15 94 20
16 94 17
17 94 15
18 94 13
19 94 11
20 94 10
20 94 10
21 94 17
22 94 15
23 95 13
23 96 11
23 97 10
23 98 10
23 99 10
23 100 10
23 101 10
23 102 10
23 103 10
23 104 10
23 104 10
23 106 17
23 107 15
23 108 13
23 108 13
23 109 20
23 109 20
23 110 20
23 110 20
23 111 20
23 111 20
23 111 20
23 112 20
23 112 20
23 112 20
23 112 20
23 113 20
23 113 20
23 113 20
23 113 20
23 113 20
23 114 20
23 114 20
23 114 20
23 114 20
23 114 20
23 114 20
23 114 20
23 115 20
23 115 20
23 115 20
23 115 20
23 115 20
23 115 20
23 115 20
23 115 20
23 115 20
23 115 20
24 115 20
24 115 20
24 115 20
24 115 20
24 115 20
24 115 20
24 115 20
24 115 20
24 115 20
24 116 20
24 116 20
24 116 20
24 116 20
24 116 20
24 116 20
24 116 20
24 116 20
24 116 20
24 116 20
24 116 20
24 116 20
25 116 20
25 116 20
25 116 20
25 116 20
25 116 20
25 116 20
25 116 20
25 116 20
25 116 20
25 116 20
26 116 20
26 116 20
26 116 20
26 116 20
26 116 20
26 116 20
26 116 20
26 116 20
26 116 20
27 116 20
27 116 20
27 116 20
27 116 20
27 116 20
27 116 20
27 116 20
27 116 20
27 116 20
28 116 20
28 116 20
28 116 20
28 116 20
28 116 20
28 116 20
28 116 20
28 116 20
29 116 20
29 116 20
29 116 20
29 116 20
29 116 20
29 116 20
29 116 20
29 116 20
30 116 20
30 116 20
30 116 20
30 116 20
30 116 20
30 116 20
30 116 20
30 116 20
31 116 20
31 116 20
31 116 20
31 116 20
31 116 20
31 116 20
31 116 20
31 116 20
32 116 20
32 116 20
32 116 20
32 116 20
32 116 20
32 116 20
32 116 20
32 116 20
33 116 20
33 116 20
33 116 20
33 116 20
33 116 20
33 116 20
33 116 20
33 116 20
35 116 20
35 116 20
35 116 20
35 116 20
35 116 20
35 116 20
35 116 20
35 116 20
35 116 20
36 116 20
36 116 20
36 116 20
36 116 20
36 116 20
36 116 20
36 116 20
36 116 20
36 116 20
37 116 20
37 116 20
37 116 20
37 116 20
37 116 20
37 116 20
37 116 20
37 116 20
37 116 20
37 116 20
38 116 20
38 116 20
38 116 20
38 116 20
38 116 20
38 116 20
38 116 20
38 116 20
38 116 20
38 116 20
38 116 20
39 116 20
39 116 20
39 116 20
39 116 20
39 116 20
39 116 20
39 116 20
39 116 20
39 116 20
39 116 20
39 116 20
40 116 20
40 116 20
40 116 20
40 116 20
40 116 20
40 116 20
40 116 20
40 116 20
40 116 20
40 116 20
40 116 20
41 116 20
41 116 20
41 116 20
41 116 20
41 116 20
41 116 20
41 116 20
41 116 20
41 116 20
41 116 20
41 116 20
42 116 20
42 116 20
42 116 20
42 116 20
42 116 20
42 116 20
42 116 20
42 116 20
42 116 20
42 116 20
43 116 20
43 116 20
43 116 20
43 116 20
43 116 20
43 116 20
43 116 20
43 116 20
44 116 20
44 116 20
44 116 20
44 116 20
44 116 20
44 116 20
44 116 20
46 116 20
46 116 20
46 116 20
46 116 20
47 116 20
47 116 20
47 116 20
48 116 20
48 116 20
49 116 20
50 116 17
51 116 15
52 116 13
53 116 11
54 116 10
54 116 10
55 116 17
57 116 15
58 116 13
59 116 11
60 116 10
61 116 10
62 116 10
62 116 10
63 116 17
64 116 15
65 116 13
66 116 11
66 116 11
68 116 19
69 116 16
69 116 16
70 116 20
70 116 20
71 116 20
71 116 20
72 116 20
72 116 20
72 116 20
73 116 20
73 116 20
73 116 20
73 116 20
74 116 20
74 116 20
74 116 20
74 116 20
74 116 20
74 116 20
75 116 20
75 116 20
75 116 20
75 116 20
75 116 20
75 116 20
75 116 20
75 116 20
75 116 20
76 116 20
76 116 20
76 116 20
76 116 20
76 116 20
76 116 20
76 116 20
76 116 20
76 116 20
76 116 20
76 116 20
77 116 20
77 116 20
77 116 20
77 116 20
77 116 20
77 116 20
77 116 20
77 116 20
77 116 20
77 116 20
77 116 20
77 116 20
77 116 20
77 116 20
79 116 20
79 116 20
79 116 20
79 116 20
79 116 20
79 116 20
79 116 20
79 116 20
79 116 20
79 116 20
79 116 20
79 116 20
79 116 20
79 116 20
79 116 20
79 116 20
80 116 20
80 116 20
80 116 20
80 116 20
80 116 20
80 116 20
80 116 20
80 116 20
80 116 20
80 116 20
80 116 20
80 116 20
80 116 20
80 116 20
80 116 20
80 116 20
81 116 20
81 116 20
81 116 20
81 116 20
81 116 20
81 116 20
81 116 20
81 116 20
81 116 20
81 116 20
81 116 20
81 116 20
81 116 20
81 116 20
81 116 20
82 116 20
82 116 20
82 116 20
82 116 20
82 116 20
82 116 20
82 116 20
82 116 20
82 116 20
82 116 20
82 116 20
82 116 20
82 116 20
82 116 20
83 116 20
83 116 20
83 116 20
83 116 20
83 116 20
83 116 20
83 116 20
83 116 20
83 116 20
83 116 20
83 116 20
83 116 20
83 116 20
84 116 20
84 116 20
84 116 20
84 116 20
84 116 20
84 116 20
84 116 20
84 116 20
84 116 20
84 116 20
84 116 20
84 116 20
85 116 20
85 116 20
85 116 20
85 116 20
85 116 20
85 116 20
85 116 20
85 116 20
85 116 20
85 116 20
85 116 20
86 116 20
86 116 20
86 116 20
86 116 20
86 116 20
86 116 20
86 116 20
86 116 20
86 116 20
86 116 20
87 116 20
87 116 20
87 116 20
87 116 20
87 116 20
87 116 20
87 116 20
87 116 20
87 116 20
87 116 20
88 116 20
88 116 20
88 116 20
88 116 20
88 116 20
88 116 20
88 116 20
88 116 20
88 116 20
88 116 20
89 115 20
89 115 20
89 115 20
89 115 20
89 115 20
89 115 20
89 115 20
89 115 20
89 115 20
89 114 20
89 114 20
89 114 20
89 114 20
89 114 20
89 114 20
89 114 20
89 113 20
89 113 20
89 113 20
89 113 20
89 113 20
89 113 20
89 112 20
89 112 20
89 112 20
89 112 20
89 112 20
89 111 20
89 111 20
89 111 20
89 111 20
89 110 20
89 110 20
89 110 20
89 109 20
89 109 20
89 109 20
89 108 20
89 108 20
89 107 20
89 107 20
89 106 20
89 106 20
90 105 20
90 105 20
90 104 20
91 104 17
91 103 15
92 103 13
92 102 11
92 102 11
93 102 19
93 101 16
94 101 14
94 100 12
95 100 10
95 100 10
95 99 17
96 99 15
96 98 13
97 98 11
97 97 10
98 97 10
98 97 10
98 96 17
99 96 15
100 96 13
95 14 20
96 14 17
97 14 15
98 14 13
99 14 11
99 14 11
100 14 19
101 14 16
102 14 14
103 14 12
103 14 12
104 14 20
105 15 17
105 16 15
105 17 13
105 18 11
105 19 10
105 19 10
105 20 17
105 21 15
105 22 13
105 23 11
105 23 11
105 24 19
105 26 16
105 27 14
105 27 14
105 28 20
105 29 17
105 29 17
105 30 20
105 31 17
105 31 17
105 32 20
105 32 20
105 33 20
105 33 20
105 34 20
105 34 20
105 35 20
105 35 20
105 35 20
106 36 20
106 36 20
106 36 20
106 36 20
107 36 20
107 36 20
107 36 20
107 36 20
108 36 20
108 36 20
108 36 20
108 36 20
109 36 20
109 36 20
109 36 20
109 36 20
110 36 20
110 36 20
110 36 20
110 36 20
111 36 20
111 36 20
111 36 20
111 36 20
111 36 20
112 36 20
112 36 20
112 36 20
112 36 20
112 36 20
112 36 20
113 36 20
113 36 20
113 36 20
113 36 20
113 36 20
113 36 20
114 36 20
114 36 20
114 36 20
114 36 20
114 36 20
114 36 20
114 36 20
115 36 20
115 36 20
115 36 20
115 36 20
115 36 20
115 36 20
115 36 20
115 36 20
115 36 20
116 37 20
116 37 20
116 37 20
116 37 20
116 37 20
116 37 20
116 37 20
116 37 20
116 38 20
116 38 20
116 38 20
116 38 20
116 38 20
116 38 20
116 38 20
116 39 20
116 39 20
116 39 20
116 39 20
116 39 20
116 39 20
116 40 20
116 40 20
116 40 20
116 40 20
116 40 20
116 41 20
116 41 20
116 41 20
116 41 20
116 41 20
116 42 20
116 42 20
116 42 20
116 42 20
116 42 20
116 43 20
116 43 20
116 43 20
116 43 20
116 43 20
116 44 20
116 44 20
116 44 20
116 44 20
116 44 20
116 45 20
116 45 20
116 45 20
116 45 20
116 45 20
116 46 20
116 46 20
116 46 20
116 46 20
116 46 20
116 48 20
116 48 20
116 48 20
116 48 20
116 48 20
116 49 20
116 49 20
116 49 20
116 49 20
116 49 20
116 50 20
116 50 20
116 50 20
116 50 20
116 51 20
116 51 20
116 51 20
116 51 20
116 52 20
116 52 20
116 52 20
116 53 20
116 53 20
116 53 20
116 54 20
116 54 20
116 55 20
116 55 20
116 56 20
116 56 20
116 57 20
116 59 17
116 60 15
116 61 13
116 62 11
116 63 10
116 64 10
116 65 10
116 66 10
116 67 10
116 68 10
116 70 10
116 70 10
116 71 17
116 72 15
116 73 13
116 73 13
116 74 20
116 74 20
116 75 20
116 75 20
116 75 20
116 76 20
116 76 20
116 76 20
116 76 20
116 76 20
116 77 20
116 77 20
116 77 20
116 77 20
116 77 20
116 77 20
116 77 20
116 77 20
116 78 20
116 78 20
116 78 20
116 78 20
116 78 20
116 78 20
116 78 20
116 78 20
116 78 20
116 78 20
116 78 20
116 79 20
116 79 20
116 79 20
116 79 20
116 79 20
116 79 20
116 79 20
116 79 20
116 79 20
116 79 20
116 79 20
116 79 20
116 79 20
116 79 20
116 81 20
116 81 20
116 81 20
116 81 20
116 81 20
116 81 20
116 81 20
116 81 20
116 81 20
116 81 20
116 81 20
116 81 20
116 81 20
116 81 20
116 81 20
116 81 20
116 82 20
116 82 20
116 82 20
116 82 20
116 82 20
116 82 20
116 82 20
116 82 20
116 82 20
116 82 20
116 82 20
116 82 20
116 82 20
116 82 20
116 82 20
116 82 20
116 83 20
116 83 20
116 83 20
116 83 20
116 83 20
116 83 20
116 83 20
116 83 20
116 83 20
116 83 20
116 83 20
116 83 20
116 83 20
116 83 20
116 83 20
116 84 20
116 84 20
116 84 20
116 84 20
116 84 20
116 84 20
116 84 20
116 84 20
116 84 20
116 84 20
116 84 20
116 84 20
116 84 20
116 85 20
116 85 20
116 85 20
116 85 20
116 85 20
116 85 20
116 85 20
116 85 20
116 85 20
116 85 20
116 86 20
116 86 20
116 86 20
116 86 20
116 86 20
116 86 20
116 86 20
116 86 20
116 87 20
116 87 20
116 87 20
116 87 20
116 87 20
116 87 20
116 88 20
116 88 20
116 88 20
116 88 20
116 88 20
116 89 20
116 89 20
116 89 20
116 89 20
116 90 20
116 90 20
116 90 20
115 91 20
115 91 20
115 91 20
114 91 20
114 91 20
114 91 20
114 91 20
113 91 20
113 91 20
113 91 20
113 91 20
113 91 20
112 91 20
112 91 20
112 91 20
112 91 20
112 91 20
112 91 20
112 91 20
111 91 20
111 91 20
111 91 20
111 91 20
111 91 20
111 91 20
111 91 20
111 91 20
110 91 20
110 91 20
110 91 20
110 91 20
110 91 20
110 91 20
110 91 20
110 91 20
110 91 20
109 91 20
109 91 20
109 91 20
109 91 20
109 91 20
109 91 20
109 91 20
109 91 20
109 91 20
108 91 20
108 91 20
108 91 20
108 91 20
108 91 20
108 91 20
108 91 20
108 91 20
108 91 20
107 91 20
107 91 20
107 91 20
107 91 20
107 91 20
107 91 20
107 91 20
107 91 20
107 91 20
106 91 20
106 91 20
106 91 20
106 91 20
106 91 20
106 91 20
106 91 20
106 91 20
105 91 20
105 91 20
105 91 20
105 91 20
105 91 20
105 91 20
104 91 20
104 91 20
104 91 20
104 91 20
104 91 20
103 91 20
103 91 20
103 91 20
103 91 20
102 91 20
102 91 20
102 91 20
101 91 20
101 91 20
100 91 20
100 91 20
100 92 20
100 93 17
100 94 15
100 95 13
