31 116 20
31 116 20
127 122 20
127 122 20
62 30 20
62 30 20
62 30 20
194 57 20
194 57 20
127 133 20
127 133 20
127 133 20
127 144 20
127 144 20
127 144 20
127 144 20
127 144 20
127 144 20
127 144 20
127 155 20
127 155 20
127 155 20
127 155 20
127 155 20
127 155 20
127 155 20
127 155 20
127 155 20
127 155 20
127 155 20
127 155 20
127 155 20
127 155 20
127 155 20
127 155 20
127 155 20
127 155 20
127 155 20
127 155 20
138 144 20
138 144 20
138 144 20
138 144 20
138 144 20
138 144 20
138 144 20
138 144 20
138 144 20
138 144 20
138 144 20
138 144 20
138 144 20
138 144 20
138 144 20
138 144 20
138 144 20
138 144 20
138 144 20
138 144 20
116 144 20
116 144 20
116 155 20
116 155 20
116 155 20
116 155 20
116 155 20
116 155 20
116 155 20
116 166 20
116 166 20
116 166 20
116 166 20
116 166 20
116 166 20
116 166 20
116 166 20
116 166 20
116 166 20
116 166 20
116 166 20
116 166 20
116 166 20
116 166 20
116 166 20
116 166 20
116 166 20
116 166 20
127 166 20
127 166 20
127 166 20
127 166 20
127 166 20
127 166 20
127 166 20
127 166 20
127 166 20
127 166 20
127 166 20
127 166 20
127 166 20
127 166 20
127 166 20
127 177 20
127 177 20
127 177 20
127 177 20
127 177 20
127 177 20
127 177 20
127 177 20
127 177 20
127 177 20
127 177 20
127 177 20
127 177 20
127 177 20
127 177 20
127 177 20
127 177 20
127 177 20
127 177 20
127 177 20
138 166 20
138 166 20
138 166 20
138 166 20
138 166 20
138 166 20
138 166 20
138 166 20
138 166 20
138 166 20
138 166 20
138 166 20
138 166 20
138 166 20
138 166 20
138 166 20
138 166 20
138 166 20
138 166 20
138 166 20
116 177 20
116 177 20
116 177 20
116 177 20
116 177 20
116 177 20
116 177 20
116 177 20
116 177 20
116 177 20
116 177 20
116 177 20
116 177 20
116 177 20
116 177 20
116 177 20
116 177 20
116 177 20
116 177 20
116 177 20
105 166 20
105 166 20
105 166 20
105 166 20
105 166 20
105 166 20
105 166 20
105 166 20
105 166 20
105 166 20
105 166 20
105 166 20
105 166 20
105 166 20
105 166 20
105 166 20
105 166 20
105 166 20
105 166 20
105 166 20
105 155 20
105 155 20
105 155 20
105 155 20
105 155 20
105 155 20
105 155 20
105 155 20
105 155 20
105 155 20
105 155 20
94 155 20
94 155 20
94 155 20
94 155 20
94 155 20
94 155 20
94 155 20
94 155 20
94 155 20
94 155 20
94 155 20
94 155 20
94 155 20
94 155 20
94 155 20
94 155 20
94 155 20
94 155 20
94 155 20
94 155 20
105 144 20
105 144 20
94 144 20
94 144 20
94 144 20
94 144 20
94 144 20
94 144 20
94 144 20
94 144 20
94 144 20
94 144 20
94 144 20
94 144 20
83 144 20
83 144 20
83 144 20
83 144 20
83 144 20
83 144 20
83 144 20
83 144 20
83 144 20
83 144 20
83 144 20
83 144 20
83 144 20
83 144 20
83 144 20
83 144 20
83 144 20
83 144 20
83 144 20
83 144 20
94 133 20
94 133 20
94 133 20
94 133 20
105 133 20
105 133 20
116 133 20
116 122 20
105 122 20
105 122 20
94 122 20
94 122 20
94 122 20
94 122 20
94 122 20
94 122 20
94 122 20
83 122 20
83 122 20
83 122 20
83 122 20
83 122 20
83 122 20
83 122 20
83 122 20
83 122 20
83 122 20
83 122 20
83 122 20
83 122 20
83 122 20
83 122 20
83 122 20
83 122 20
83 122 20
83 122 20
83 122 20
94 111 20
94 111 20
94 111 20
94 111 20
94 111 20
94 111 20
94 111 20
94 111 20
94 111 20
94 111 20
94 111 20
94 111 20
94 111 20
94 111 20
94 111 20
94 111 20
94 111 20
94 111 20
94 111 20
94 111 20
105 111 20
105 111 20
105 111 20
105 111 20
105 111 20
116 111 20
116 111 20
127 111 20
127 111 20
138 111 20
138 111 20
138 111 20
138 122 20
138 122 20
138 122 20
138 122 20
138 122 20
138 122 20
138 122 20
138 133 20
138 133 20
138 133 20
138 133 20
138 133 20
138 133 20
138 133 20
138 133 20
138 133 20
138 133 20
138 133 20
138 133 20
138 133 20
138 133 20
138 133 20
138 133 20
138 133 20
138 133 20
138 133 20
138 133 20
149 122 20
149 122 20
149 122 20
149 122 20
149 122 20
149 122 20
149 122 20
149 122 20
149 122 20
149 122 20
149 122 20
149 122 20
149 122 20
149 122 20
149 122 20
149 122 20
149 122 20
149 122 20
149 122 20
149 122 20
149 111 20
149 111 20
149 111 20
149 111 20
149 111 20
149 111 20
149 111 20
149 111 20
149 111 20
149 111 20
149 111 20
149 111 20
149 111 20
149 111 20
149 111 20
149 111 20
149 100 20
149 100 20
149 100 20
149 100 20
149 100 20
149 100 20
149 100 20
138 100 20
138 100 20
127 100 20
127 100 20
116 100 20
116 100 20
116 100 20
116 100 20
116 100 20
105 100 20
105 100 20
105 100 20
105 100 20
105 100 20
105 100 20
105 100 20
105 100 20
105 100 20
105 100 20
105 100 20
105 100 20
105 100 20
105 100 20
105 100 20
105 100 20
105 100 20
105 100 20
105 100 20
105 100 20
116 89 20
116 89 20
116 89 20
116 89 20
116 89 20
116 89 20
116 89 20
116 89 20
116 89 20
116 89 20
116 89 20
116 89 20
116 89 20
116 89 20
116 89 20
116 89 20
127 89 20
127 89 20
138 89 20
149 89 20
149 89 20
149 89 20
149 78 20
138 78 20
138 78 20
127 78 20
127 78 20
127 78 20
127 78 20
127 78 20
127 78 20
116 78 20
116 78 20
116 78 20
116 78 20
116 78 20
116 78 20
116 78 20
116 78 20
116 78 20
116 78 20
116 78 20
116 78 20
116 78 20
116 78 20
116 78 20
116 78 20
105 78 20
105 78 20
105 78 20
105 78 20
105 78 20
105 78 20
105 78 20
105 78 20
105 78 20
105 78 20
105 78 20
105 78 20
105 78 20
105 78 20
105 78 20
105 78 20
105 78 20
105 78 20
105 78 20
105 78 20
116 67 20
116 67 20
116 67 20
116 67 20
116 67 20
116 67 20
116 67 20
116 67 20
116 67 20
116 67 20
116 67 20
116 67 20
116 67 20
116 67 20
116 67 20
116 67 20
116 67 20
116 67 20
116 67 20
116 67 20
127 67 20
127 67 20
127 67 20
127 67 20
127 67 20
127 67 20
127 67 20
127 67 20
127 67 20
127 67 20
127 67 20
127 67 20
127 67 20
127 67 20
127 67 20
127 67 20
127 67 20
127 67 20
127 67 20
127 67 20
138 67 20
138 67 20
138 67 20
138 67 20
138 67 20
138 67 20
138 67 20
138 67 20
138 67 20
138 67 20
149 67 20
149 67 20
149 56 20
149 56 20
149 56 20
149 56 20
149 56 20
149 56 20
149 56 20
149 56 20
149 56 20
149 56 20
149 56 20
149 56 20
138 56 20
138 56 20
138 56 20
138 56 20
138 56 20
138 56 20
138 56 20
138 56 20
138 56 20
138 56 20
138 56 20
138 56 20
138 56 20
138 56 20
138 56 20
138 56 20
138 56 20
138 56 20
138 56 20
138 56 20
149 45 20
149 45 20
149 45 20
149 45 20
149 45 20
149 45 20
149 45 20
149 45 20
149 45 20
149 45 20
149 45 20
149 45 20
149 45 20
149 45 20
149 45 20
149 45 20
149 45 20
149 45 20
149 45 20
149 45 20
160 56 20
160 56 20
160 56 20
160 56 20
160 56 20
160 56 20
160 56 20
160 67 20
160 67 20
160 78 20
160 78 20
160 89 20
160 89 20
160 89 20
160 89 20
160 89 20
160 89 20
160 89 20
160 100 20
160 100 20
160 100 20
160 100 20
160 100 20
160 100 20
160 100 20
160 100 20
160 100 20
160 100 20
160 100 20
160 100 20
160 100 20
160 100 20
160 100 20
160 100 20
160 100 20
160 100 20
160 100 20
160 100 20
171 89 20
171 89 20
171 89 20
171 89 20
171 89 20
171 89 20
171 89 20
171 89 20
171 89 20
171 89 20
171 89 20
171 89 20
171 89 20
171 89 20
171 89 20
171 89 20
171 89 20
171 89 20
171 89 20
171 89 20
171 78 20
171 78 20
171 78 20
171 78 20
171 67 20
171 67 20
171 56 20
171 56 20
171 56 20
171 45 20
171 45 20
171 45 20
171 45 20
171 45 20
160 45 20
160 45 20
160 45 20
160 45 20
160 45 20
160 45 20
160 45 20
160 45 20
160 45 20
160 45 20
160 45 20
160 45 20
160 45 20
160 45 20
160 45 20
160 45 20
160 45 20
160 45 20
160 45 20
160 45 20
171 34 20
171 34 20
171 34 20
171 34 20
171 34 20
171 34 20
171 34 20
171 34 20
171 34 20
171 34 20
171 34 20
171 34 20
171 34 20
171 34 20
160 34 20
160 34 20
160 34 20
160 34 20
160 34 20
160 34 20
160 34 20
160 34 20
160 34 20
160 34 20
160 34 20
160 34 20
160 34 20
160 34 20
160 34 20
160 34 20
160 34 20
160 34 20
160 34 20
160 34 20
171 23 20
171 23 20
171 23 20
171 23 20
171 23 20
171 23 20
171 23 20
171 23 20
171 23 20
171 23 20
171 23 20
171 23 20
171 23 20
171 23 20
171 23 20
171 23 20
171 23 20
171 23 20
171 23 20
171 23 20
182 34 20
182 34 20
182 34 20
182 34 20
182 34 20
182 45 20
182 45 20
182 56 20
182 67 20
182 67 20
182 78 20
182 78 20
182 78 20
182 78 20
182 78 20
182 78 20
182 78 20
182 78 20
182 78 20
182 78 20
182 78 20
182 89 20
182 89 20
182 89 20
182 89 20
182 89 20
182 89 20
182 89 20
182 89 20
182 89 20
182 89 20
182 89 20
182 89 20
182 89 20
182 89 20
182 89 20
182 89 20
182 89 20
182 89 20
182 89 20
182 89 20
193 78 20
193 78 20
193 78 20
193 78 20
193 78 20
193 78 20
193 78 20
193 78 20
193 78 20
193 78 20
193 78 20
193 78 20
193 78 20
193 78 20
193 78 20
193 78 20
193 78 20
193 78 20
193 78 20
193 78 20
193 67 20
193 67 20
193 67 20
193 67 20
193 67 20
193 45 20
193 45 20
193 45 20
193 34 20
193 34 20
193 23 20
193 23 20
193 23 20
193 23 20
182 23 20
182 23 20
182 23 20
182 23 20
182 23 20
182 23 20
182 23 20
182 23 20
182 23 20
182 23 20
182 23 20
182 23 20
182 23 20
182 23 20
182 23 20
182 23 20
182 23 20
182 23 20
182 23 20
182 23 20
193 12 20
193 12 20
193 12 20
193 12 20
193 12 20
193 12 20
193 12 20
193 12 20
193 12 20
193 12 20
193 12 20
182 12 20
182 12 20
182 12 20
182 12 20
182 12 20
182 12 20
182 12 20
182 12 20
182 12 20
182 12 20
182 12 20
182 12 20
182 12 20
182 12 20
182 12 20
182 12 20
182 12 20
182 12 20
182 12 20
182 12 20
193 1 20
193 1 20
193 1 20
193 1 20
193 1 20
193 1 20
193 1 20
193 1 20
193 1 20
193 1 20
193 1 20
193 1 20
193 1 20
193 1 20
193 1 20
193 1 20
193 1 20
193 1 20
193 1 20
193 1 20
105 89 20
105 89 20
105 89 20
105 89 20
105 89 20
105 89 20
105 89 20
105 89 20
105 89 20
105 89 20
105 89 20
105 89 20
105 89 20
105 89 20
105 89 20
105 89 20
105 89 20
105 89 20
105 89 20
105 89 20
160 111 20
160 111 20
160 111 20
160 111 20
160 111 20
160 111 20
160 111 20
160 111 20
160 111 20
160 111 20
160 111 20
160 111 20
160 111 20
160 111 20
160 111 20
160 111 20
160 111 20
160 111 20
160 111 20
160 111 20
83 133 20
83 133 20
83 133 20
83 133 20
83 133 20
83 133 20
83 133 20
83 133 20
83 133 20
83 133 20
83 133 20
83 133 20
72 133 20
72 133 20
72 133 20
72 133 20
72 133 20
72 133 20
72 133 20
72 133 20
72 133 20
72 133 20
72 133 20
72 133 20
72 133 20
72 133 20
72 133 20
72 133 20
72 133 20
72 133 20
72 133 20
72 133 20
42 116 20
42 116 20
53 116 20
53 116 20
53 116 20
53 116 20
53 116 20
53 116 20
53 116 20
53 116 20
53 116 20
53 116 20
53 116 20
53 116 20
53 116 20
53 116 20
53 116 20
53 116 20
53 116 20
64 116 20
64 116 20
64 116 20
64 116 20
64 116 20
64 116 20
64 116 20
64 116 20
64 116 20
64 116 20
64 116 20
64 116 20
64 116 20
64 116 20
64 116 20
64 116 20
64 116 20
64 116 20
64 116 20
64 116 20
53 127 20
53 127 20
53 127 20
53 127 20
53 127 20
64 127 20
64 127 20
64 127 20
64 127 20
64 127 20
64 127 20
64 127 20
64 127 20
64 127 20
64 127 20
64 127 20
64 127 20
64 127 20
64 127 20
64 127 20
64 138 20
64 138 20
64 138 20
64 138 20
64 138 20
64 138 20
64 138 20
64 138 20
64 138 20
64 138 20
64 138 20
64 138 20
64 138 20
64 138 20
64 138 20
64 138 20
64 138 20
64 138 20
64 138 20
64 138 20
53 138 20
53 138 20
53 138 20
53 138 20
53 138 20
53 138 20
53 138 20
53 149 20
53 149 20
53 149 20
53 149 20
53 149 20
53 149 20
53 149 20
53 149 20
53 149 20
53 149 20
53 149 20
53 149 20
53 149 20
53 149 20
53 149 20
53 149 20
53 149 20
53 149 20
53 149 20
53 149 20
42 138 20
42 138 20
42 138 20
42 138 20
42 138 20
42 149 20
42 149 20
42 149 20
42 149 20
42 149 20
42 149 20
42 149 20
42 149 20
42 149 20
42 149 20
42 149 20
42 149 20
42 149 20
42 149 20
42 160 20
42 160 20
42 160 20
42 160 20
42 160 20
42 160 20
42 160 20
42 160 20
42 160 20
42 160 20
42 160 20
42 160 20
42 160 20
42 160 20
42 160 20
42 160 20
42 160 20
42 160 20
42 160 20
42 160 20
31 149 20
31 149 20
31 160 20
31 160 20
31 160 20
31 160 20
31 160 20
31 160 20
31 160 20
31 160 20
31 160 20
31 160 20
31 160 20
31 160 20
31 160 20
31 171 20
31 171 20
31 171 20
31 171 20
31 171 20
31 171 20
31 171 20
31 171 20
31 171 20
31 171 20
31 171 20
31 171 20
31 171 20
31 171 20
31 171 20
31 171 20
31 171 20
31 171 20
31 171 20
31 171 20
20 160 20
20 160 20
20 160 20
20 160 20
20 160 20
20 160 20
20 160 20
20 160 20
20 160 20
20 160 20
20 160 20
20 160 20
20 160 20
20 160 20
20 171 20
20 171 20
20 171 20
20 171 20
20 171 20
20 171 20
20 171 20
20 171 20
20 171 20
20 171 20
20 171 20
20 171 20
20 171 20
20 171 20
20 171 20
20 171 20
20 171 20
20 171 20
20 171 20
20 171 20
9 160 20
9 160 20
9 160 20
9 160 20
9 160 20
9 160 20
9 160 20
9 160 20
9 160 20
9 160 20
9 160 20
9 160 20
9 160 20
9 160 20
9 160 20
9 160 20
9 160 20
9 160 20
9 160 20
9 160 20
20 149 20
20 149 20
20 149 20
20 149 20
20 149 20
9 149 20
9 149 20
9 149 20
9 149 20
9 149 20
9 149 20
9 149 20
9 149 20
9 138 20
20 138 20
31 138 20
31 127 20
42 127 20
42 127 20
20 127 20
9 127 20
9 116 20
20 116 20
20 105 20
31 105 20
31 105 20
31 105 20
42 105 20
42 105 20
42 105 20
42 105 20
42 105 20
42 105 20
42 105 20
42 105 20
42 105 20
42 105 20
42 105 20
42 105 20
42 105 20
42 105 20
42 105 20
42 105 20
42 105 20
42 105 20
42 105 20
42 105 20
31 94 20
31 94 20
31 94 20
31 94 20
31 94 20
31 94 20
31 94 20
31 94 20
31 94 20
31 94 20
31 94 20
31 94 20
31 94 20
31 94 20
31 94 20
31 94 20
31 94 20
42 94 20
42 94 20
42 94 20
42 94 20
42 94 20
42 94 20
42 94 20
42 94 20
42 94 20
42 94 20
42 94 20
42 94 20
42 94 20
42 94 20
42 94 20
42 94 20
42 94 20
42 94 20
42 94 20
42 94 20
20 94 20
20 94 20
20 94 20
20 94 20
20 94 20
20 94 20
20 94 20
20 94 20
20 94 20
20 94 20
20 94 20
9 94 20
9 94 20
9 105 20
9 105 20
9 83 20
9 83 20
9 83 20
9 83 20
9 83 20
9 83 20
9 83 20
9 83 20
9 83 20
9 83 20
9 83 20
9 83 20
9 83 20
9 83 20
9 83 20
9 83 20
9 83 20
9 83 20
9 83 20
9 83 20
20 83 20
20 83 20
20 83 20
20 83 20
20 83 20
20 83 20
20 83 20
20 83 20
20 83 20
20 83 20
20 83 20
20 83 20
20 83 20
20 83 20
20 83 20
20 83 20
20 83 20
31 83 20
31 83 20
31 83 20
31 83 20
31 83 20
31 83 20
31 83 20
31 83 20
31 83 20
31 83 20
31 83 20
31 83 20
31 83 20
31 83 20
31 83 20
31 83 20
31 83 20
31 83 20
31 83 20
31 83 20
20 72 20
20 72 20
20 72 20
20 72 20
20 72 20
20 72 20
20 72 20
20 72 20
20 72 20
20 72 20
20 72 20
20 72 20
20 72 20
20 72 20
20 72 20
20 72 20
20 72 20
20 72 20
20 72 20
20 72 20
53 105 20
53 105 20
53 105 20
53 105 20
53 105 20
53 105 20
53 105 20
53 105 20
53 105 20
53 105 20
53 105 20
53 105 20
53 105 20
53 105 20
53 105 20
53 105 20
53 105 20
53 105 20
53 105 20
53 105 20
62 41 20
62 41 20
62 41 20
62 52 20
62 52 20
62 52 20
62 52 20
62 52 20
62 52 20
62 52 20
62 52 20
62 52 20
62 63 20
62 63 20
62 63 20
62 63 20
62 63 20
62 63 20
62 63 20
62 63 20
62 63 20
62 63 20
62 63 20
62 63 20
62 63 20
62 63 20
62 63 20
62 63 20
62 63 20
62 63 20
62 63 20
62 63 20
73 52 20
73 52 20
73 52 20
73 63 20
73 63 20
73 63 20
73 63 20
73 63 20
73 63 20
73 63 20
73 63 20
73 63 20
73 63 20
73 63 20
73 74 20
73 74 20
73 74 20
73 74 20
73 74 20
73 74 20
73 74 20
73 74 20
73 74 20
73 74 20
73 74 20
73 74 20
73 74 20
73 74 20
73 74 20
73 74 20
73 74 20
73 74 20
73 74 20
73 74 20
84 63 20
84 63 20
84 63 20
84 63 20
84 63 20
84 63 20
84 63 20
84 63 20
84 63 20
84 74 20
84 74 20
84 74 20
84 74 20
84 74 20
84 74 20
84 74 20
84 74 20
84 74 20
84 74 20
84 74 20
84 74 20
84 74 20
84 74 20
84 74 20
84 74 20
84 74 20
84 74 20
84 74 20
84 74 20
95 63 20
95 63 20
95 63 20
95 63 20
95 63 20
95 63 20
95 63 20
95 63 20
95 63 20
95 63 20
95 63 20
95 63 20
95 63 20
95 63 20
95 63 20
95 63 20
95 63 20
95 74 20
95 74 20
95 74 20
95 74 20
95 74 20
95 74 20
95 74 20
95 74 20
95 74 20
95 74 20
95 74 20
95 74 20
95 74 20
95 74 20
95 74 20
95 74 20
95 74 20
95 74 20
95 74 20
95 74 20
106 63 20
106 63 20
106 63 20
106 63 20
106 63 20
106 63 20
106 63 20
106 63 20
106 63 20
106 63 20
106 63 20
106 63 20
106 63 20
106 63 20
106 63 20
106 63 20
106 63 20
106 63 20
106 63 20
106 63 20
95 52 20
95 52 20
95 52 20
106 52 20
106 52 20
106 52 20
106 52 20
106 52 20
106 52 20
106 52 20
106 52 20
106 52 20
106 52 20
106 52 20
106 52 20
106 52 20
106 52 20
106 52 20
106 52 20
106 52 20
106 52 20
106 52 20
106 52 20
84 52 20
84 52 20
84 41 20
84 41 20
84 41 20
84 41 20
84 41 20
84 41 20
95 41 20
95 41 20
95 41 20
95 41 20
95 41 20
95 41 20
95 41 20
95 41 20
95 41 20
95 41 20
95 41 20
95 41 20
95 41 20
95 41 20
95 41 20
95 41 20
95 41 20
95 41 20
95 41 20
95 41 20
73 41 20
73 30 20
73 30 20
84 30 20
84 30 20
84 30 20
84 30 20
95 30 20
95 30 20
95 30 20
95 30 20
95 30 20
95 30 20
95 30 20
95 30 20
95 30 20
95 30 20
95 30 20
95 30 20
95 30 20
95 30 20
95 30 20
95 30 20
95 30 20
95 30 20
95 30 20
95 30 20
84 19 20
84 19 20
84 19 20
84 19 20
84 19 20
84 19 20
84 19 20
84 19 20
84 19 20
95 19 20
95 19 20
95 19 20
95 19 20
95 19 20
95 19 20
95 19 20
95 19 20
95 19 20
95 19 20
95 19 20
95 19 20
95 19 20
95 19 20
95 19 20
106 19 20
106 19 20
106 19 20
106 19 20
106 19 20
106 19 20
106 19 20
106 19 20
106 19 20
106 19 20
106 19 20
106 19 20
106 19 20
106 19 20
106 19 20
106 19 20
106 19 20
106 19 20
106 19 20
106 19 20
95 8 20
95 8 20
95 8 20
95 8 20
95 8 20
95 8 20
95 8 20
95 8 20
95 8 20
95 8 20
95 8 20
95 8 20
95 8 20
95 8 20
95 8 20
95 8 20
95 8 20
95 8 20
95 8 20
95 8 20
73 19 20
73 19 20
62 19 20
62 19 20
51 19 20
51 19 20
51 19 20
51 19 20
51 19 20
51 19 20
51 30 20
51 30 20
51 30 20
51 41 20
51 41 20
51 41 20
51 41 20
51 41 20
51 41 20
51 41 20
51 41 20
51 41 20
51 41 20
51 52 20
51 52 20
51 52 20
51 52 20
51 52 20
51 52 20
51 52 20
51 52 20
51 52 20
51 52 20
51 52 20
51 52 20
51 52 20
51 52 20
51 52 20
51 52 20
51 52 20
51 52 20
51 52 20
51 52 20
40 41 20
40 41 20
40 41 20
40 41 20
40 41 20
40 41 20
40 41 20
40 41 20
40 41 20
40 41 20
40 41 20
40 41 20
40 41 20
40 41 20
40 41 20
40 41 20
40 41 20
40 41 20
40 41 20
40 41 20
40 30 20
40 30 20
40 30 20
40 30 20
40 30 20
40 30 20
40 30 20
40 30 20
40 30 20
40 30 20
40 30 20
40 30 20
40 30 20
40 30 20
40 30 20
40 30 20
40 30 20
29 30 20
29 30 20
29 30 20
29 30 20
29 30 20
29 30 20
29 30 20
29 30 20
29 30 20
29 30 20
29 30 20
29 30 20
29 30 20
29 30 20
29 30 20
29 30 20
29 30 20
29 30 20
29 30 20
29 30 20
40 19 20
40 19 20
40 19 20
40 19 20
40 19 20
40 19 20
40 19 20
40 19 20
40 19 20
40 19 20
40 19 20
40 19 20
29 19 20
29 19 20
29 19 20
29 19 20
29 19 20
29 19 20
29 19 20
29 19 20
29 19 20
29 19 20
29 19 20
29 19 20
29 19 20
29 19 20
29 19 20
29 19 20
29 19 20
29 19 20
29 19 20
29 19 20
40 8 20
40 8 20
40 8 20
40 8 20
40 8 20
40 8 20
40 8 20
40 8 20
40 8 20
40 8 20
40 8 20
40 8 20
40 8 20
40 8 20
40 8 20
40 8 20
40 8 20
40 8 20
40 8 20
40 8 20
51 8 20
51 8 20
51 8 20
51 8 20
51 8 20
51 8 20
51 8 20
51 8 20
51 8 20
51 8 20
51 8 20
62 8 20
62 8 20
73 8 20
73 8 20
84 8 20
84 8 20
156 191 10
156 191 10
156 191 10
134 191 10
134 191 10
134 191 10
134 191 10
134 191 10
134 191 10
145 180 10
145 180 10
145 180 10
145 180 10
145 180 10
145 180 10
167 191 10
167 191 10
167 191 10
156 180 10
156 180 10
156 180 10
156 180 10
156 180 10
156 180 10
123 191 10
123 191 10
123 191 10
123 191 10
123 191 10
123 191 10
63 30 20
63 30 20
63 30 20
64 30 20
64 30 20
64 30 20
65 30 20
65 30 20
65 30 20
66 30 20
66 30 20
66 30 20
67 30 20
67 30 20
67 30 20
68 30 20
68 30 20
68 31 20
68 31 20
68 31 20
68 32 20
68 32 20
68 32 20
69 32 20
69 32 20
70 32 20
70 32 20
70 33 20
70 33 20
71 33 20
71 33 20
71 34 20
71 34 20
71 35 20
71 35 20
71 36 20
71 36 20
71 37 20
71 38 17
71 38 17
71 39 20
72 39 17
73 39 15
73 40 13
73 40 13
73 42 20
73 43 17
73 44 15
73 44 15
73 45 20
73 45 20
73 46 20
73 46 20
73 47 20
73 47 20
73 48 20
73 48 20
74 48 20
74 48 20
74 49 20
74 49 20
75 49 20
75 49 20
75 50 20
75 50 20
76 50 20
76 50 20
77 50 20
77 50 20
78 50 20
78 50 20
79 50 20
79 50 20
80 50 20
80 50 20
81 50 20
81 50 20
81 51 20
82 51 17
82 51 17
82 52 20
82 52 20
83 52 20
83 52 20
85 52 20
85 52 20
86 52 20
86 52 20
87 52 20
87 52 20
87 52 20
88 52 20
88 52 20
88 52 20
89 52 20
89 52 20
89 52 20
90 52 20
90 52 20
90 52 20
91 52 20
91 52 20
91 52 20
92 52 20
92 52 20
92 52 20
93 52 20
93 52 20
93 52 20
94 52 20
94 52 20
94 52 20
95 53 20
95 53 20
95 53 20
95 54 20
95 54 20
95 54 20
95 54 20
95 55 20
95 55 20
95 55 20
95 55 20
95 56 20
95 56 20
95 56 20
95 56 20
95 56 20
95 57 20
95 57 20
95 57 20
95 57 20
95 57 20
95 57 20
95 58 20
95 58 20
95 58 20
95 58 20
95 58 20
95 58 20
95 58 20
95 59 20
95 59 20
95 59 20
95 59 20
95 59 20
95 59 20
95 59 20
95 59 20
95 60 20
95 60 20
95 60 20
95 60 20
95 60 20
95 60 20
95 60 20
95 60 20
95 60 20
95 60 20
95 60 20
95 61 20
95 61 20
95 61 20
95 61 20
95 61 20
95 61 20
95 61 20
95 61 20
95 61 20
95 61 20
95 61 20
95 61 20
95 61 20
95 62 20
95 62 20
95 62 20
95 62 20
95 62 20
95 62 20
95 62 20
95 62 20
95 62 20
95 62 20
95 62 20
95 62 20
95 62 20
95 62 20
95 62 20
96 63 20
96 63 20
96 63 20
96 63 20
96 63 20
96 63 20
96 63 20
96 63 20
96 63 20
96 63 20
96 63 20
96 63 20
96 63 20
96 63 20
96 63 20
96 63 20
97 63 20
97 63 20
97 63 20
97 63 20
97 63 20
97 63 20
97 63 20
97 63 20
97 63 20
97 63 20
97 63 20
97 63 20
97 63 20
97 63 20
97 63 20
97 63 20
97 64 20
97 64 20
97 64 20
97 64 20
97 64 20
97 64 20
97 64 20
97 64 20
97 64 20
97 64 20
97 64 20
97 64 20
97 64 20
97 64 20
97 64 20
97 64 20
97 64 20
98 64 20
98 64 20
98 64 20
98 64 20
98 64 20
98 64 20
98 64 20
98 64 20
98 64 20
98 64 20
98 64 20
98 64 20
98 64 20
98 64 20
98 64 20
98 64 20
98 64 20
98 64 20
98 65 20
98 65 20
98 65 20
98 65 20
98 65 20
98 65 20
98 65 20
98 65 20
98 65 20
98 65 20
98 65 20
98 65 20
98 65 20
98 65 20
98 65 20
98 65 20
98 65 20
98 65 20
98 65 20
98 65 20
98 66 20
98 66 20
98 66 20
98 66 20
98 66 20
98 66 20
98 66 20
98 66 20
98 66 20
98 66 20
98 66 20
98 66 20
98 66 20
98 66 20
98 66 20
98 66 20
98 66 20
98 66 20
98 66 20
98 66 20
98 66 20
99 66 20
99 66 20
99 66 20
99 66 20
99 66 20
99 66 20
99 66 20
99 66 20
99 66 20
99 66 20
99 66 20
99 66 20
99 66 20
99 66 20
99 66 20
99 66 20
99 66 20
99 66 20
99 66 20
99 66 20
99 66 20
99 66 20
99 66 20
99 67 20
99 67 20
99 67 20
99 67 20
99 67 20
99 67 20
99 67 20
99 67 20
99 67 20
99 67 20
99 67 20
99 67 20
99 67 20
99 67 20
99 67 20
99 67 20
99 67 20
99 67 20
99 67 20
99 67 20
99 67 20
99 67 20
99 67 20
99 68 20
99 68 20
99 68 20
99 68 20
99 68 20
99 68 20
99 68 20
99 68 20
99 68 20
99 68 20
99 68 20
99 68 20
99 68 20
99 68 20
99 68 20
99 68 20
99 68 20
99 68 20
99 68 20
99 68 20
99 68 20
99 68 20
99 68 20
100 68 20
100 68 20
100 68 20
100 68 20
100 68 20
100 68 20
100 68 20
100 68 20
100 68 20
100 68 20
100 68 20
100 68 20
100 68 20
100 68 20
100 68 20
100 68 20
100 68 20
100 68 20
100 68 20
100 68 20
100 68 20
100 68 20
100 68 20
100 68 20
100 68 20
100 69 20
100 69 20
100 69 20
100 69 20
100 69 20
100 69 20
100 69 20
100 69 20
100 69 20
100 69 20
100 69 20
100 69 20
100 69 20
100 69 20
100 69 20
100 69 20
100 69 20
100 69 20
100 69 20
100 69 20
100 69 20
100 69 20
100 69 20
100 69 20
100 69 20
101 69 20
101 69 20
101 69 20
101 69 20
101 69 20
101 69 20
101 69 20
101 69 20
101 69 20
101 69 20
101 69 20
101 69 20
101 69 20
101 69 20
101 69 20
101 69 20
101 69 20
101 69 20
101 69 20
101 69 20
101 69 20
101 69 20
101 69 20
101 69 20
101 69 20
102 69 20
102 69 20
102 69 20
102 69 20
102 69 20
102 69 20
102 69 20
102 69 20
102 69 20
102 69 20
102 69 20
102 69 20
102 69 20
102 69 20
102 69 20
102 69 20
102 69 20
102 69 20
102 69 20
102 69 20
102 69 20
102 69 20
102 69 20
102 69 20
102 69 20
103 69 20
103 69 20
103 69 20
103 69 20
103 69 20
103 69 20
103 69 20
103 69 20
103 69 20
103 69 20
103 69 20
103 69 20
103 69 20
103 69 20
103 69 20
103 69 20
103 69 20
103 69 20
103 69 20
103 69 20
103 69 20
103 69 20
103 69 20
104 69 20
104 69 20
104 69 20
104 69 20
104 69 20
104 69 20
104 69 20
104 69 20
104 69 20
104 69 20
104 69 20
104 69 20
104 69 20
104 69 20
104 69 20
104 69 20
104 69 20
104 69 20
104 69 20
104 69 20
104 69 20
105 69 20
105 69 20
105 69 20
105 69 20
105 69 20
105 69 20
105 69 20
105 69 20
105 69 20
105 69 20
105 69 20
105 69 20
105 69 20
105 69 20
105 69 20
105 69 20
105 69 20
105 69 20
105 69 20
105 70 20
105 70 20
105 70 20
105 70 20
105 70 20
105 70 20
105 70 20
105 70 20
105 70 20
105 70 20
105 70 20
105 70 20
105 70 20
105 70 20
105 70 20
105 70 20
105 70 20
105 70 20
106 70 20
106 70 20
106 70 20
106 70 20
106 70 20
106 70 20
106 70 20
106 70 20
106 70 20
106 70 20
106 70 20
106 70 20
106 70 20
106 70 20
106 70 20
106 70 20
106 70 20
106 71 20
106 71 20
106 71 20
106 71 20
106 71 20
106 71 20
106 71 20
106 71 20
106 71 20
106 71 20
106 71 20
106 71 20
106 71 20
106 71 20
106 71 20
106 71 20
106 72 20
106 72 20
106 72 20
106 72 20
106 72 20
106 72 20
106 72 20
106 72 20
106 72 20
106 72 20
106 72 20
106 72 20
106 72 20
106 72 20
106 72 20
107 72 20
107 72 20
107 72 20
107 72 20
107 72 20
107 72 20
107 72 20
107 72 20
107 72 20
107 72 20
107 72 20
107 72 20
107 72 20
107 72 20
107 72 20
108 72 20
108 72 20
108 72 20
108 72 20
108 72 20
108 72 20
108 72 20
108 72 20
108 72 20
108 72 20
108 72 20
108 72 20
108 72 20
108 72 20
108 72 20
108 72 20
109 72 20
109 72 20
109 72 20
109 72 20
109 72 20
109 72 20
109 72 20
109 72 20
109 72 20
109 72 20
109 72 20
109 72 20
109 72 20
109 72 20
109 72 20
109 72 20
109 72 20
110 72 20
110 72 20
110 72 20
110 72 20
110 72 20
110 72 20
110 72 20
110 72 20
110 72 20
110 72 20
110 72 20
110 72 20
110 72 20
110 72 20
110 72 20
110 72 20
110 72 20
110 72 20
110 72 20
110 73 20
110 73 20
110 73 20
110 73 20
110 73 20
110 73 20
110 73 20
110 73 20
110 73 20
110 73 20
110 73 20
110 73 20
110 73 20
110 73 20
110 73 20
110 73 20
110 73 20
110 73 20
110 73 20
111 73 20
111 73 20
111 73 20
111 73 20
111 73 20
111 73 20
111 73 20
111 73 20
111 73 20
111 73 20
111 73 20
111 73 20
111 73 20
111 73 20
111 73 20
111 73 20
111 73 20
111 73 20
111 73 20
111 74 20
111 74 20
111 74 20
111 74 20
111 74 20
111 74 20
111 74 20
111 74 20
111 74 20
111 74 20
111 74 20
111 74 20
111 74 20
111 74 20
111 74 20
111 74 20
111 74 20
111 74 20
111 74 20
111 74 20
111 74 20
112 74 20
112 74 20
112 74 20
112 74 20
112 74 20
112 74 20
112 74 20
112 74 20
112 74 20
112 74 20
112 74 20
112 74 20
112 74 20
112 74 20
112 74 20
112 74 20
112 74 20
112 74 20
112 74 20
112 74 20
112 75 20
112 75 20
112 75 20
112 75 20
112 75 20
112 75 20
112 75 20
112 75 20
112 75 20
112 75 20
112 75 20
112 75 20
112 75 20
112 75 20
112 75 20
112 75 20
112 75 20
112 75 20
112 75 20
112 75 20
112 75 20
112 75 20
113 75 20
113 75 20
113 75 20
113 75 20
113 75 20
113 75 20
113 75 20
113 75 20
113 75 20
113 75 20
113 75 20
113 75 20
113 75 20
113 75 20
113 75 20
113 75 20
113 75 20
113 75 20
113 75 20
113 75 20
113 76 20
113 76 20
113 76 20
113 76 20
113 76 20
113 76 20
113 76 20
113 76 20
113 76 20
113 76 20
113 76 20
113 76 20
113 76 20
113 76 20
113 76 20
113 76 20
113 76 20
113 76 20
113 76 20
113 76 20
113 76 20
113 76 20
113 76 20
114 76 20
114 76 20
114 76 20
114 76 20
114 76 20
114 76 20
114 76 20
114 76 20
114 76 20
114 76 20
114 76 20
114 76 20
114 76 20
114 76 20
114 76 20
114 76 20
114 76 20
114 76 20
114 76 20
114 77 20
114 77 20
114 77 20
114 77 20
114 77 20
114 77 20
114 77 20
114 77 20
114 77 20
114 77 20
114 77 20
114 77 20
114 77 20
114 77 20
114 77 20
114 77 20
114 77 20
114 77 20
114 77 20
114 77 20
114 77 20
114 77 20
115 77 20
115 77 20
115 77 20
115 77 20
115 77 20
115 77 20
115 77 20
115 77 20
115 77 20
115 77 20
115 77 20
115 77 20
115 77 20
115 77 20
115 77 20
115 77 20
115 77 20
115 77 20
115 78 20
115 78 20
115 78 20
115 78 20
115 78 20
115 78 20
115 78 20
115 78 20
115 78 20
115 78 20
115 78 20
115 78 20
115 78 20
115 78 20
115 78 20
115 78 20
115 78 20
115 78 20
115 78 20
115 78 20
117 78 20
117 78 20
117 78 20
117 78 20
117 78 20
117 78 20
117 78 20
117 78 20
117 78 20
117 78 20
117 78 20
117 78 20
118 78 20
118 78 20
118 78 20
118 78 20
118 78 20
118 78 20
118 78 20
118 78 20
118 78 20
119 78 20
119 78 20
119 78 20
119 78 20
119 78 20
119 78 20
119 78 20
120 78 20
120 78 20
120 78 20
120 78 20
120 78 20
120 78 20
121 78 20
121 78 20
121 78 20
121 78 20
121 78 20
121 78 20
122 78 20
122 78 20
122 78 20
122 78 20
122 78 20
122 78 20
123 78 20
123 78 20
123 78 20
123 78 20
123 78 20
123 78 20
124 78 20
124 78 20
124 78 20
124 78 20
124 78 20
124 78 20
125 78 20
125 78 20
125 78 20
125 78 20
125 78 20
125 78 20
126 78 20
126 78 20
126 78 20
126 78 20
126 78 20
126 78 20
127 79 20
127 79 20
127 79 20
127 79 20
127 79 20
127 80 20
127 80 20
127 80 20
127 80 20
127 81 20
127 81 20
127 81 20
127 81 20
127 82 20
127 82 20
127 82 20
127 83 20
127 83 20
127 83 20
127 84 20
127 84 20
127 84 20
127 85 20
127 85 20
127 85 20
127 86 20
127 86 20
127 86 20
127 87 20
127 87 20
127 87 20
127 88 20
127 88 20
127 90 20
127 90 20
127 91 20
127 91 20
127 92 20
127 92 20
127 93 20
127 93 20
127 94 20
127 94 20
127 95 20
127 95 20
127 96 20
127 96 20
127 97 20
127 97 20
127 98 20
127 98 20
127 99 20
127 99 20
127 101 20
127 101 20
127 102 20
127 102 20
127 103 20
127 103 20
127 104 20
127 104 20
127 105 20
127 105 20
127 106 20
127 106 20
127 107 20
127 107 20
127 108 20
127 108 20
127 109 20
127 109 20
126 109 20
126 109 20
126 110 20
126 110 20
126 111 20
126 111 20
126 112 20
126 112 20
125 112 20
125 113 17
125 114 15
125 115 13
125 115 13
125 116 20
125 117 17
125 118 15
125 119 13
125 119 13
125 120 20
124 120 17
123 120 15
122 120 13
122 120 13
122 121 20
121 121 17
121 122 15
121 122 15
121 123 20
120 123 17
120 123 17
119 123 20
119 124 17
119 124 17
118 124 20
117 124 17
117 124 17
117 125 20
116 125 17
116 125 17
116 126 20
116 127 17
116 128 15
116 129 13
116 129 13
116 130 20
116 131 17
116 132 15
116 132 15
116 134 20
116 135 17
116 135 17
116 136 20
116 136 20
116 137 20
116 137 20
116 138 20
116 138 20
116 139 20
116 139 20
116 140 20
116 140 20
116 141 20
116 141 20
116 142 20
116 142 20
116 143 20
116 143 20
116 145 20
116 145 20
116 146 20
116 146 20
116 146 20
116 147 20
116 147 20
116 147 20
116 148 20
116 148 20
116 148 20
116 148 20
116 149 20
116 149 20
116 149 20
116 149 20
116 149 20
116 150 20
116 150 20
116 150 20
116 150 20
116 150 20
116 151 20
116 151 20
116 151 20
116 151 20
116 151 20
116 151 20
116 152 20
116 152 20
116 152 20
116 152 20
116 152 20
116 152 20
116 152 20
116 153 20
116 153 20
116 153 20
116 153 20
116 153 20
116 153 20
116 153 20
116 154 20
116 154 20
116 154 20
116 154 20
116 154 20
116 154 20
116 154 20
116 156 20
116 156 20
116 156 20
116 156 20
116 156 20
116 156 20
116 156 20
116 157 20
116 157 20
116 157 20
116 157 20
116 157 20
116 157 20
116 158 20
116 158 20
116 158 20
116 158 20
116 158 20
116 158 20
116 159 20
116 159 20
116 159 20
116 159 20
116 159 20
116 159 20
116 160 20
116 160 20
116 160 20
116 160 20
116 160 20
116 160 20
116 161 20
116 161 20
116 161 20
116 161 20
116 161 20
116 161 20
116 161 20
116 162 20
116 162 20
116 162 20
116 162 20
116 162 20
116 162 20
116 162 20
116 162 20
116 162 20
116 163 20
116 163 20
116 163 20
116 163 20
116 163 20
116 163 20
116 163 20
116 163 20
116 163 20
116 163 20
116 163 20
116 164 20
116 164 20
116 164 20
116 164 20
116 164 20
116 164 20
116 164 20
116 164 20
116 164 20
116 164 20
116 164 20
116 164 20
116 164 20
116 165 20
116 165 20
116 165 20
116 165 20
116 165 20
116 165 20
116 165 20
116 165 20
116 165 20
116 165 20
116 165 20
116 165 20
116 165 20
116 165 20
116 165 20
116 165 20
117 165 20
117 165 20
117 165 20
117 165 20
117 165 20
117 165 20
117 165 20
117 165 20
117 165 20
117 165 20
117 165 20
117 165 20
117 165 20
117 165 20
117 165 20
117 166 20
117 166 20
117 166 20
117 166 20
117 166 20
117 166 20
117 166 20
117 166 20
117 166 20
117 166 20
117 166 20
117 166 20
117 166 20
117 166 20
117 166 20
117 166 20
117 166 20
117 166 20
118 166 20
118 166 20
118 166 20
118 166 20
118 166 20
118 166 20
118 166 20
118 166 20
118 166 20
118 166 20
118 166 20
118 166 20
118 166 20
118 166 20
118 166 20
118 166 20
118 166 20
119 166 20
119 166 20
119 166 20
119 166 20
119 166 20
119 166 20
119 166 20
119 166 20
119 166 20
119 166 20
119 166 20
119 166 20
119 166 20
119 166 20
119 166 20
119 166 20
119 166 20
119 166 20
120 166 20
120 166 20
120 166 20
120 166 20
120 166 20
120 166 20
120 166 20
120 166 20
120 166 20
120 166 20
120 166 20
120 166 20
120 166 20
120 166 20
120 166 20
120 166 20
120 166 20
120 166 20
121 166 20
121 166 20
121 166 20
121 166 20
121 166 20
121 166 20
121 166 20
121 166 20
121 166 20
121 166 20
121 166 20
121 166 20
121 166 20
121 166 20
121 166 20
121 166 20
121 166 20
121 166 20
121 166 20
122 166 20
122 166 20
122 166 20
122 166 20
122 166 20
122 166 20
122 166 20
122 166 20
122 166 20
122 166 20
122 166 20
122 166 20
122 166 20
122 166 20
122 166 20
122 166 20
122 166 20
122 166 20
122 166 20
122 166 20
123 166 20
123 166 20
123 166 20
123 166 20
123 166 20
123 166 20
123 166 20
123 166 20
123 166 20
123 166 20
123 166 20
123 166 20
123 166 20
123 166 20
123 166 20
123 166 20
123 166 20
123 166 20
123 166 20
123 166 20
124 166 20
124 166 20
124 166 20
124 166 20
124 166 20
124 166 20
124 166 20
124 166 20
124 166 20
124 166 20
124 166 20
124 166 20
124 166 20
124 166 20
124 166 20
124 166 20
124 166 20
124 166 20
124 166 20
125 166 20
125 166 20
125 166 20
125 166 20
125 166 20
125 166 20
125 166 20
125 166 20
125 166 20
125 166 20
125 166 20
125 166 20
125 166 20
125 166 20
125 166 20
125 166 20
125 166 20
125 166 20
126 166 20
126 166 20
126 166 20
126 166 20
126 166 20
126 166 20
126 166 20
126 166 20
126 166 20
126 166 20
126 166 20
126 166 20
126 166 20
126 166 20
126 166 20
126 166 20
126 166 20
127 167 20
127 167 20
127 167 20
127 167 20
127 167 20
127 167 20
127 167 20
127 167 20
127 167 20
127 167 20
127 167 20
127 167 20
127 167 20
127 167 20
128 167 20
128 167 20
128 167 20
128 167 20
128 167 20
128 167 20
128 167 20
128 167 20
128 167 20
128 167 20
128 167 20
128 167 20
128 167 20
128 168 20
128 168 20
128 168 20
128 168 20
128 168 20
128 168 20
128 168 20
128 168 20
128 168 20
128 168 20
128 168 20
128 168 20
129 168 20
129 168 20
129 168 20
129 168 20
129 168 20
129 168 20
129 168 20
129 168 20
129 168 20
129 168 20
129 168 20
129 169 20
129 169 20
129 169 20
129 169 20
129 169 20
129 169 20
129 169 20
129 169 20
129 169 20
129 169 20
129 169 20
129 169 20
130 169 20
130 169 20
130 169 20
130 169 20
130 169 20
130 169 20
130 169 20
130 169 20
130 169 20
130 169 20
130 169 20
130 169 20
130 170 20
130 170 20
130 170 20
130 170 20
130 170 20
130 170 20
130 170 20
130 170 20
130 170 20
130 170 20
130 170 20
130 170 20
130 170 20
130 170 20
131 170 20
131 170 20
131 170 20
131 170 20
131 170 20
131 170 20
131 170 20
131 170 20
131 170 20
131 170 20
131 170 20
131 170 20
131 170 20
131 170 20
131 170 20
131 171 20
131 171 20
131 171 20
131 171 20
131 171 20
131 171 20
131 171 20
131 171 20
131 171 20
131 171 20
131 171 20
131 171 20
131 171 20
131 171 20
131 171 20
131 171 20
131 171 20
132 171 20
132 171 20
132 171 20
132 171 20
132 171 20
132 171 20
132 171 20
132 171 20
132 171 20
132 171 20
132 171 20
132 171 20
132 171 20
132 171 20
132 171 20
132 171 20
132 171 20
132 171 20
132 171 20
132 172 20
132 172 20
132 172 20
132 172 20
132 172 20
132 172 20
132 172 20
132 172 20
132 172 20
132 172 20
132 172 20
132 172 20
132 172 20
132 172 20
132 172 20
132 172 20
132 172 20
132 172 20
132 172 20
132 172 20
133 172 20
133 172 20
133 172 20
133 172 20
133 172 20
133 172 20
133 172 20
133 172 20
133 172 20
133 172 20
133 172 20
133 172 20
133 172 20
133 172 20
133 172 20
133 172 20
133 172 20
133 172 20
133 172 20
133 172 20
133 172 20
133 172 20
133 173 20
133 173 20
133 173 20
133 173 20
133 173 20
133 173 20
133 173 20
133 173 20
133 173 20
133 173 20
133 173 20
133 173 20
133 173 20
133 173 20
133 173 20
133 173 20
133 173 20
133 173 20
133 173 20
133 173 20
133 173 20
133 173 20
134 173 20
134 173 20
134 173 20
134 173 20
134 173 20
134 173 20
134 173 20
134 173 20
134 173 20
134 173 20
134 173 20
134 173 20
134 173 20
134 173 20
134 173 20
134 173 20
134 173 20
134 173 20
134 173 20
134 173 20
134 173 20
134 173 20
134 173 20
134 174 20
134 174 20
134 174 20
134 174 20
134 174 20
134 174 20
134 174 20
134 174 20
134 174 20
134 174 20
134 174 20
134 174 20
134 174 20
134 174 20
134 174 20
134 174 20
134 174 20
134 174 20
134 174 20
134 174 20
134 174 20
135 174 20
135 174 20
135 174 20
135 174 20
135 174 20
135 174 20
135 174 20
135 174 20
135 174 20
135 174 20
135 174 20
135 174 20
135 174 20
135 174 20
135 174 20
135 174 20
135 174 20
135 174 20
135 174 20
135 174 20
135 174 20
135 174 20
135 174 20
135 175 20
135 175 20
135 175 20
135 175 20
135 175 20
135 175 20
135 175 20
135 175 20
135 175 20
135 175 20
135 175 20
135 175 20
135 175 20
135 175 20
135 175 20
135 175 20
135 175 20
135 175 20
135 175 20
136 175 20
136 175 20
136 175 20
136 175 20
136 175 20
136 175 20
136 175 20
136 175 20
136 175 20
136 175 20
136 175 20
136 175 20
136 175 20
136 175 20
136 175 20
136 175 20
136 175 20
136 175 20
136 175 20
136 175 20
136 175 20
136 176 20
136 176 20
136 176 20
136 176 20
136 176 20
136 176 20
136 176 20
136 176 20
136 176 20
136 176 20
136 176 20
136 176 20
136 176 20
136 176 20
136 176 20
136 176 20
136 176 20
136 177 20
136 177 20
136 177 20
136 177 20
136 177 20
136 177 20
136 177 20
136 177 20
136 177 20
136 177 20
136 177 20
136 177 20
136 177 20
136 178 20
136 178 20
136 178 20
136 178 20
136 178 20
136 178 20
136 178 20
136 178 20
136 178 20
136 178 20
136 179 20
136 179 20
136 179 20
136 179 20
136 179 20
136 179 20
136 179 20
136 179 20
136 180 20
136 180 20
136 180 20
136 180 20
136 180 20
136 180 20
136 180 20
136 181 20
136 181 20
136 181 20
136 181 20
136 181 20
136 181 20
136 182 20
136 182 20
136 182 20
136 182 20
136 182 20
136 183 20
136 183 20
136 183 20
136 183 20
136 183 20
136 183 20
137 183 20
137 183 20
137 183 20
137 183 20
137 183 20
137 183 20
137 184 20
137 184 20
137 184 20
137 184 20
137 184 20
137 184 20
138 184 20
138 184 20
138 184 20
138 184 20
138 184 20
138 184 20
138 185 20
138 185 20
138 185 20
138 185 20
138 185 20
138 185 20
139 185 20
139 185 20
139 185 20
139 185 20
139 185 20
139 185 20
139 186 20
139 186 20
139 186 20
139 186 20
139 186 20
139 186 20
140 186 20
140 186 20
140 186 20
140 186 20
140 186 20
140 187 20
140 187 20
140 187 20
140 187 20
140 187 20
141 187 20
141 187 20
141 187 20
141 187 20
141 187 20
141 188 20
141 188 20
141 188 20
141 188 20
142 188 20
142 188 20
142 188 20
142 188 20
142 189 20
142 189 20
142 189 20
143 189 20
143 189 20
143 189 20
144 189 20
144 189 20
144 189 20
144 190 20
144 190 20
144 190 20
145 190 20
145 190 20
145 191 20
145 191 20
31 117 20
31 118 17
31 119 15
31 120 13
31 120 13
31 121 20
31 122 17
31 123 15
31 124 13
31 124 13
31 125 20
31 126 17
32 127 15
33 127 13
33 127 13
34 127 20
35 127 17
36 127 15
36 127 15
37 127 20
38 127 17
38 127 17
39 127 20
39 127 20
40 127 20
40 127 20
41 127 20
41 127 20
43 127 20
43 127 20
44 127 20
44 127 20
45 127 20
45 127 20
46 127 20
46 127 20
46 127 20
47 127 20
47 127 20
47 127 20
48 127 20
48 127 20
48 127 20
49 127 20
49 127 20
49 127 20
50 127 20
50 127 20
50 127 20
50 127 20
51 127 20
51 127 20
51 127 20
51 127 20
52 127 20
52 127 20
52 127 20
52 127 20
52 127 20
54 127 20
54 127 20
54 127 20
54 127 20
54 127 20
55 127 20
55 127 20
55 127 20
55 127 20
55 127 20
55 127 20
56 127 20
56 127 20
56 127 20
56 127 20
56 127 20
56 127 20
57 127 20
57 127 20
57 127 20
57 127 20
57 127 20
57 127 20
58 127 20
58 127 20
58 127 20
58 127 20
58 127 20
58 127 20
58 127 20
59 127 20
59 127 20
59 127 20
59 127 20
59 127 20
59 127 20
59 127 20
60 127 20
60 127 20
60 127 20
60 127 20
60 127 20
60 127 20
60 127 20
60 127 20
61 127 20
61 127 20
61 127 20
61 127 20
61 127 20
61 127 20
61 127 20
61 127 20
61 127 20
62 127 20
62 127 20
62 127 20
62 127 20
62 127 20
62 127 20
62 127 20
62 127 20
62 127 20
62 127 20
62 127 20
63 127 20
63 127 20
63 127 20
63 127 20
63 127 20
63 127 20
63 127 20
63 127 20
63 127 20
63 127 20
63 127 20
63 127 20
64 128 20
64 128 20
64 128 20
64 128 20
64 128 20
64 128 20
64 128 20
64 128 20
64 128 20
64 128 20
64 128 20
64 128 20
64 128 20
64 128 20
64 129 20
64 129 20
64 129 20
64 129 20
64 129 20
64 129 20
64 129 20
64 129 20
64 129 20
64 129 20
64 129 20
64 129 20
64 129 20
64 129 20
64 129 20
64 130 20
64 130 20
64 130 20
64 130 20
64 130 20
64 130 20
64 130 20
64 130 20
64 130 20
64 130 20
64 130 20
64 130 20
64 130 20
64 130 20
64 130 20
64 130 20
65 130 20
65 130 20
65 130 20
65 130 20
65 130 20
65 130 20
65 130 20
65 130 20
65 130 20
65 130 20
65 130 20
65 130 20
65 130 20
65 130 20
65 130 20
65 130 20
65 130 20
65 130 20
65 130 20
65 130 20
66 130 20
66 130 20
66 130 20
66 130 20
66 130 20
66 130 20
66 130 20
66 130 20
66 130 20
66 130 20
66 130 20
66 130 20
66 130 20
66 130 20
66 130 20
66 130 20
66 130 20
66 130 20
66 130 20
66 130 20
66 130 20
66 130 20
66 130 20
66 130 20
66 130 20
67 130 20
67 130 20
67 130 20
67 130 20
67 130 20
67 130 20
67 130 20
67 130 20
67 130 20
67 130 20
67 130 20
67 130 20
67 130 20
67 130 20
67 130 20
67 130 20
67 130 20
67 130 20
67 130 20
67 130 20
67 130 20
67 130 20
67 130 20
67 130 20
67 130 20
67 130 20
67 130 20
67 130 20
67 130 20
67 130 20
67 130 20
68 130 20
68 130 20
68 130 20
68 130 20
68 130 20
68 130 20
68 130 20
68 130 20
68 130 20
68 130 20
68 130 20
68 130 20
68 130 20
68 130 20
68 130 20
68 130 20
68 130 20
68 130 20
68 130 20
68 130 20
68 130 20
68 130 20
68 130 20
68 130 20
68 130 20
68 130 20
68 130 20
68 130 20
68 130 20
68 130 20
68 130 20
68 130 20
68 130 20
68 130 20
68 130 20
68 130 20
69 130 20
69 130 20
69 130 20
69 130 20
69 130 20
69 130 20
69 130 20
69 130 20
69 130 20
69 130 20
69 130 20
69 130 20
69 130 20
69 130 20
69 130 20
69 130 20
69 130 20
69 130 20
69 130 20
69 130 20
69 130 20
69 130 20
69 130 20
69 130 20
69 130 20
69 130 20
69 130 20
69 130 20
69 130 20
69 130 20
69 130 20
69 130 20
69 130 20
69 130 20
69 130 20
69 130 20
69 130 20
69 130 20
70 130 20
70 130 20
70 130 20
70 130 20
70 130 20
70 130 20
70 130 20
70 130 20
70 130 20
70 130 20
70 130 20
70 130 20
70 130 20
70 130 20
70 130 20
70 130 20
70 130 20
70 130 20
70 130 20
70 130 20
70 130 20
70 130 20
70 130 20
70 130 20
70 130 20
70 130 20
70 130 20
70 130 20
70 130 20
70 130 20
70 130 20
70 130 20
70 130 20
70 130 20
70 130 20
70 130 20
70 130 20
70 130 20
71 130 20
71 130 20
71 130 20
71 130 20
71 130 20
71 130 20
71 130 20
71 130 20
71 130 20
71 130 20
71 130 20
71 130 20
71 130 20
71 130 20
71 130 20
71 130 20
71 130 20
71 130 20
71 130 20
71 130 20
71 130 20
71 130 20
71 130 20
71 130 20
71 130 20
71 130 20
71 130 20
71 130 20
71 130 20
71 130 20
71 130 20
71 130 20
71 130 20
71 130 20
71 130 20
71 130 20
72 130 20
72 130 20
72 130 20
72 130 20
72 130 20
72 130 20
72 130 20
72 130 20
72 130 20
72 130 20
72 130 20
72 130 20
72 130 20
72 130 20
72 130 20
72 130 20
72 130 20
72 130 20
72 130 20
72 130 20
72 130 20
72 130 20
72 130 20
72 130 20
72 130 20
72 130 20
72 130 20
72 130 20
72 130 20
72 130 20
72 130 20
72 130 20
72 130 20
73 130 20
73 130 20
73 130 20
73 130 20
73 130 20
73 130 20
73 130 20
73 130 20
73 130 20
73 130 20
73 130 20
73 130 20
73 130 20
73 130 20
73 130 20
73 130 20
73 130 20
73 130 20
73 130 20
73 130 20
73 130 20
73 130 20
73 130 20
73 130 20
73 130 20
73 130 20
73 130 20
73 130 20
73 130 20
73 130 20
73 130 20
74 130 20
74 130 20
74 130 20
74 130 20
74 130 20
74 130 20
74 130 20
74 130 20
74 130 20
74 130 20
74 130 20
74 130 20
74 130 20
74 130 20
74 130 20
74 130 20
74 130 20
74 130 20
74 130 20
74 130 20
74 130 20
74 130 20
74 130 20
74 130 20
74 130 20
74 130 20
74 130 20
74 130 20
74 130 20
74 130 20
74 130 20
75 130 20
75 130 20
75 130 20
75 130 20
75 130 20
75 130 20
75 130 20
75 130 20
75 130 20
75 130 20
75 130 20
75 130 20
75 130 20
75 130 20
75 130 20
75 130 20
75 130 20
75 130 20
75 130 20
75 130 20
75 130 20
75 130 20
75 130 20
75 130 20
75 130 20
75 130 20
75 130 20
75 130 20
75 130 20
75 130 20
75 130 20
76 130 20
76 130 20
76 130 20
76 130 20
76 130 20
76 130 20
76 130 20
76 130 20
76 130 20
76 130 20
76 130 20
76 130 20
76 130 20
76 130 20
76 130 20
76 130 20
76 130 20
76 130 20
76 130 20
76 130 20
76 130 20
76 130 20
76 130 20
76 130 20
76 130 20
76 130 20
76 130 20
76 130 20
76 130 20
76 130 20
76 130 20
76 130 20
77 130 20
77 130 20
77 130 20
77 130 20
77 130 20
77 130 20
77 130 20
77 130 20
77 130 20
77 130 20
77 130 20
77 130 20
77 130 20
77 130 20
77 130 20
77 130 20
77 130 20
77 130 20
77 130 20
77 130 20
77 130 20
77 130 20
77 130 20
77 130 20
77 130 20
77 130 20
77 130 20
77 130 20
77 130 20
77 130 20
77 130 20
77 130 20
77 130 20
78 130 20
78 130 20
78 130 20
78 130 20
78 130 20
78 130 20
78 130 20
78 130 20
78 130 20
78 130 20
78 130 20
78 130 20
78 130 20
78 130 20
78 130 20
78 130 20
78 130 20
78 130 20
78 130 20
78 130 20
78 130 20
78 130 20
78 130 20
78 130 20
78 130 20
78 130 20
78 130 20
78 130 20
78 130 20
78 130 20
78 130 20
78 130 20
78 130 20
79 130 20
79 130 20
79 130 20
79 130 20
79 130 20
79 130 20
79 130 20
79 130 20
79 130 20
79 130 20
79 130 20
79 130 20
79 130 20
79 130 20
79 130 20
79 130 20
79 130 20
79 130 20
79 130 20
79 130 20
79 130 20
79 130 20
79 130 20
79 130 20
79 130 20
79 130 20
79 130 20
79 130 20
79 130 20
79 130 20
79 130 20
79 130 20
80 130 20
80 130 20
80 130 20
80 130 20
80 130 20
80 130 20
80 130 20
80 130 20
80 130 20
80 130 20
80 130 20
80 130 20
80 130 20
80 130 20
80 130 20
80 130 20
80 130 20
80 130 20
80 130 20
80 130 20
80 130 20
80 130 20
80 130 20
80 130 20
80 130 20
80 130 20
80 130 20
80 130 20
80 130 20
81 130 20
81 130 20
81 130 20
81 130 20
81 130 20
81 130 20
81 130 20
81 130 20
81 130 20
81 130 20
81 130 20
81 130 20
81 130 20
81 130 20
81 130 20
81 130 20
81 130 20
81 130 20
81 130 20
81 130 20
81 130 20
81 130 20
81 130 20
81 130 20
82 130 20
82 130 20
82 130 20
82 130 20
82 130 20
82 130 20
82 130 20
82 130 20
82 130 20
82 130 20
82 130 20
82 130 20
82 130 20
82 130 20
82 130 20
82 130 20
82 130 20
82 130 20
82 130 20
82 130 20
83 130 20
83 130 20
83 130 20
83 130 20
83 130 20
83 130 20
83 130 20
83 130 20
83 130 20
83 130 20
83 130 20
83 130 20
83 130 20
83 130 20
83 130 20
83 130 20
83 131 20
83 131 20
83 131 20
83 131 20
83 131 20
83 131 20
83 131 20
83 131 20
83 131 20
83 131 20
83 131 20
83 131 20
83 131 20
83 131 20
83 131 20
83 132 20
83 132 20
83 132 20
83 132 20
83 132 20
83 132 20
83 132 20
83 132 20
83 132 20
83 132 20
83 132 20
83 132 20
83 132 20
84 133 20
84 133 20
84 133 20
84 133 20
84 133 20
84 133 20
84 133 20
84 133 20
84 133 20
85 133 20
85 133 20
85 133 20
85 133 20
85 133 20
85 133 20
85 133 20
86 133 20
86 133 20
86 133 20
86 133 20
86 133 20
87 133 20
87 133 20
87 133 20
87 133 20
88 133 20
88 133 20
88 133 20
88 133 20
89 133 20
89 133 20
89 133 20
89 133 20
90 133 20
90 133 20
90 133 20
90 133 20
91 133 20
91 133 20
91 133 20
91 133 20
92 133 20
92 133 20
92 133 20
92 133 20
93 133 20
93 133 20
93 133 20
93 133 20
95 133 20
95 133 20
95 133 20
96 133 20
96 133 20
96 133 20
97 133 20
97 133 20
97 133 20
98 133 20
98 133 20
99 133 20
99 133 20
100 133 20
100 133 20
101 133 20
101 133 20
102 133 20
102 133 20
103 133 20
103 133 20
104 133 20
104 133 20
106 133 20
106 133 20
107 133 20
107 133 20
108 133 20
109 133 17
110 133 15
110 133 15
110 134 20
111 134 17
112 134 15
112 134 15
113 134 20
114 134 17
115 134 15
115 134 15
126 167 20
126 167 20
126 167 20
126 167 20
126 167 20
126 167 20
126 167 20
126 167 20
126 167 20
126 167 20
126 167 20
126 167 20
126 167 20
126 167 20
126 167 20
193 57 20
193 57 20
192 57 20
192 57 20
191 57 20
191 57 20
190 57 20
190 57 20
189 57 20
189 57 20
188 57 20
188 57 20
187 57 20
187 57 20
186 57 20
186 57 20
185 57 20
185 57 20
184 57 20
184 57 20
183 57 20
182 57 17
182 57 17
181 57 20
181 58 17
181 58 17
180 58 20
180 58 20
180 59 20
180 59 20
180 60 20
180 60 20
180 61 20
180 61 20
180 62 20
180 62 20
180 63 20
180 63 20
180 64 20
180 64 20
179 64 20
179 64 20
179 65 20
179 65 20
178 65 20
178 65 20
177 65 20
177 65 20
176 65 20
176 65 20
175 65 20
175 65 20
174 65 20
174 65 20
173 65 20
173 65 20
172 65 20
172 65 20
171 65 20
171 65 20
171 66 20
171 66 20
170 66 20
170 66 20
170 67 20
170 67 20
169 67 20
169 67 20
168 67 20
168 67 20
167 67 20
167 67 20
166 67 20
166 67 20
165 67 20
165 67 20
164 67 20
164 67 20
164 67 20
163 67 20
163 67 20
163 67 20
162 67 20
162 67 20
162 67 20
161 67 20
161 67 20
161 67 20
160 68 20
160 68 20
160 69 20
160 69 20
159 69 20
159 69 20
158 69 20
158 69 20
157 69 20
157 69 20
156 69 20
156 69 20
155 69 20
155 70 17
155 70 17
155 71 20
155 72 17
155 72 17
154 72 20
154 73 17
154 73 17
154 74 20
154 74 20
154 75 20
154 75 20
153 75 20
153 75 20
152 75 20
151 75 17
151 76 15
151 76 15
150 76 20
149 76 17
149 77 15
149 77 15
148 78 20
147 78 17
147 78 17
147 79 20
147 79 20
147 80 20
147 80 20
146 80 20
146 80 20
145 80 20
145 80 20
144 80 20
144 80 20
143 80 20
143 80 20
143 81 20
143 81 20
142 81 20
142 81 20
142 82 20
142 82 20
141 82 20
141 82 20
140 82 20
140 82 20
139 82 20
138 82 17
138 82 17
137 82 20
136 82 17
135 82 15
135 82 15
134 82 20
133 82 17
133 82 17
132 82 20
132 82 20
131 82 20
131 82 20
130 82 20
130 82 20
129 82 20
129 82 20
128 82 20
128 82 20
128 82 20
127 121 17
127 121 17
127 120 20
127 120 20
126 120 20
