67 37 20
190 162 20
67 48 20
67 48 20
67 48 20
67 48 20
67 48 20
67 48 20
67 59 20
67 59 20
67 59 20
67 59 20
67 59 20
67 59 20
67 59 20
67 59 20
67 59 20
67 59 20
67 59 20
67 59 20
67 59 20
67 59 20
67 59 20
67 59 20
67 59 20
67 59 20
67 59 20
67 59 20
56 48 20
56 48 20
56 48 20
56 48 20
56 48 20
56 48 20
56 48 20
56 48 20
56 48 20
56 48 20
56 48 20
56 48 20
56 48 20
56 48 20
56 48 20
56 48 20
56 48 20
56 48 20
56 48 20
56 48 20
78 48 20
78 48 20
78 59 20
78 59 20
78 59 20
78 59 20
78 59 20
78 59 20
78 59 20
78 59 20
78 59 20
78 59 20
78 59 20
78 59 20
78 59 20
78 59 20
78 59 20
78 59 20
78 70 20
78 70 20
78 70 20
78 70 20
78 70 20
78 70 20
78 70 20
78 70 20
78 70 20
78 70 20
78 70 20
78 70 20
78 70 20
78 70 20
78 70 20
78 70 20
78 70 20
78 70 20
78 70 20
78 70 20
89 59 20
89 59 20
89 59 20
89 59 20
89 59 20
89 59 20
89 59 20
89 59 20
89 59 20
89 59 20
89 59 20
89 59 20
89 59 20
89 59 20
89 59 20
89 59 20
89 59 20
89 59 20
89 59 20
89 59 20
78 37 20
78 26 20
67 26 20
56 26 20
56 37 20
56 37 20
56 37 20
56 37 20
56 37 20
56 37 20
56 37 20
56 37 20
56 37 20
56 37 20
56 37 20
56 37 20
56 37 20
45 37 20
45 37 20
45 37 20
45 37 20
45 37 20
45 37 20
45 37 20
45 37 20
45 37 20
45 37 20
45 37 20
45 37 20
45 37 20
45 37 20
45 37 20
45 37 20
45 37 20
45 37 20
45 37 20
45 37 20
45 26 20
45 26 20
45 26 20
45 26 20
45 26 20
45 26 20
45 26 20
45 26 20
45 26 20
45 26 20
45 26 20
45 26 20
45 26 20
45 26 20
45 26 20
45 26 20
45 26 20
45 26 20
45 26 20
45 26 20
56 15 20
56 15 20
56 15 20
56 15 20
56 15 20
56 15 20
56 15 20
56 15 20
45 15 20
45 15 20
45 15 20
45 15 20
45 15 20
45 15 20
45 15 20
45 15 20
45 15 20
45 15 20
45 15 20
45 15 20
45 15 20
45 15 20
45 15 20
45 15 20
45 15 20
45 15 20
45 15 20
45 15 20
56 4 20
56 4 20
56 4 20
56 4 20
56 4 20
56 4 20
56 4 20
56 4 20
56 4 20
56 4 20
56 4 20
56 4 20
56 4 20
56 4 20
56 4 20
56 4 20
56 4 20
56 4 20
56 4 20
56 4 20
67 15 20
67 15 20
67 4 20
67 4 20
67 4 20
67 4 20
67 4 20
67 4 20
67 4 20
67 4 20
67 4 20
78 4 20
78 15 20
89 15 20
89 15 20
89 15 20
89 26 20
89 26 20
89 26 20
89 26 20
89 37 20
89 48 20
89 48 20
89 48 20
89 48 20
89 48 20
100 48 20
100 48 20
100 48 20
100 48 20
100 48 20
100 48 20
100 48 20
100 48 20
100 48 20
100 48 20
100 48 20
100 48 20
100 48 20
100 48 20
100 48 20
100 48 20
100 48 20
100 48 20
100 48 20
100 48 20
100 37 20
100 37 20
100 37 20
100 37 20
100 37 20
100 37 20
100 37 20
100 37 20
100 37 20
100 26 20
100 26 20
100 26 20
100 26 20
100 26 20
100 26 20
100 26 20
100 26 20
100 26 20
100 26 20
100 26 20
100 26 20
100 26 20
100 26 20
100 26 20
100 26 20
100 26 20
100 26 20
100 26 20
100 26 20
111 37 20
111 37 20
111 37 20
111 37 20
111 37 20
111 37 20
111 37 20
111 37 20
111 37 20
111 37 20
111 37 20
111 37 20
111 37 20
111 37 20
111 37 20
111 37 20
111 37 20
111 37 20
111 37 20
111 37 20
89 4 20
89 4 20
100 4 20
100 4 20
100 4 20
100 4 20
100 4 20
100 4 20
100 4 20
100 4 20
100 4 20
100 4 20
100 4 20
100 4 20
100 4 20
100 4 20
100 4 20
100 4 20
100 4 20
100 4 20
100 4 20
100 4 20
100 15 20
100 15 20
100 15 20
100 15 20
100 15 20
100 15 20
100 15 20
100 15 20
100 15 20
100 15 20
100 15 20
100 15 20
100 15 20
100 15 20
100 15 20
100 15 20
100 15 20
100 15 20
100 15 20
100 15 20
179 162 20
168 162 20
168 162 20
157 162 20
157 162 20
146 162 20
135 162 20
135 162 20
135 162 20
124 162 20
124 162 20
124 162 20
124 162 20
124 162 20
124 162 20
124 162 20
124 162 20
124 162 20
124 162 20
124 162 20
124 162 20
124 162 20
124 162 20
124 162 20
124 162 20
124 162 20
124 162 20
124 162 20
124 162 20
135 151 20
135 151 20
135 151 20
135 151 20
135 151 20
135 151 20
135 151 20
135 151 20
135 151 20
135 151 20
135 151 20
135 151 20
135 151 20
135 151 20
135 151 20
135 151 20
135 151 20
135 151 20
135 151 20
135 151 20
135 173 20
124 173 20
124 173 20
124 173 20
113 173 20
113 173 20
113 173 20
113 173 20
113 173 20
113 173 20
113 173 20
113 173 20
113 173 20
113 173 20
113 173 20
113 173 20
113 173 20
113 173 20
113 173 20
113 173 20
113 173 20
102 173 20
102 173 20
102 173 20
102 173 20
102 173 20
102 173 20
102 173 20
102 173 20
102 173 20
102 173 20
102 173 20
102 173 20
102 173 20
102 173 20
102 173 20
102 173 20
102 173 20
102 173 20
102 173 20
102 173 20
113 162 20
113 162 20
113 162 20
113 162 20
113 162 20
113 162 20
113 162 20
113 162 20
113 162 20
113 162 20
113 162 20
113 162 20
113 162 20
113 162 20
113 162 20
113 162 20
113 162 20
113 162 20
113 162 20
113 162 20
113 184 20
113 184 20
113 184 20
113 184 20
113 184 20
113 184 20
113 184 20
113 184 20
113 184 20
113 184 20
113 184 20
113 184 20
113 184 20
113 184 20
113 184 20
113 184 20
113 184 20
113 184 20
113 184 20
113 184 20
124 184 20
124 184 20
124 184 20
124 184 20
124 184 20
124 184 20
124 184 20
124 184 20
124 184 20
124 184 20
124 184 20
124 184 20
124 184 20
124 184 20
124 184 20
124 184 20
124 195 20
124 195 20
124 195 20
124 195 20
124 195 20
124 195 20
124 195 20
124 195 20
124 195 20
124 195 20
124 195 20
124 195 20
124 195 20
124 195 20
124 195 20
124 195 20
124 195 20
124 195 20
124 195 20
124 195 20
135 184 20
135 184 20
135 195 20
135 195 20
135 195 20
135 195 20
135 195 20
135 195 20
135 195 20
135 195 20
135 195 20
135 195 20
135 195 20
135 195 20
135 195 20
135 195 20
135 195 20
135 195 20
135 195 20
135 195 20
135 195 20
135 195 20
146 184 20
146 173 20
157 173 20
157 184 20
157 195 20
157 195 20
157 195 20
146 195 20
146 195 20
168 195 20
168 195 20
168 195 20
168 195 20
168 195 20
168 195 20
168 195 20
168 195 20
168 195 20
168 195 20
168 195 20
168 195 20
168 195 20
168 195 20
168 195 20
168 195 20
168 195 20
168 195 20
168 195 20
168 195 20
168 184 20
168 184 20
168 184 20
168 173 20
179 173 20
179 173 20
179 184 20
179 184 20
179 184 20
179 184 20
179 184 20
179 184 20
179 184 20
179 184 20
179 184 20
179 184 20
179 184 20
179 184 20
179 184 20
179 184 20
179 184 20
179 184 20
179 184 20
179 184 20
179 184 20
179 184 20
190 173 20
190 173 20
190 173 20
190 173 20
190 173 20
190 173 20
190 184 20
190 184 20
190 184 20
190 184 20
190 184 20
190 184 20
190 184 20
190 184 20
190 184 20
190 184 20
190 184 20
190 184 20
190 184 20
190 184 20
190 184 20
190 184 20
190 184 20
190 184 20
190 184 20
190 184 20
146 151 20
146 151 20
146 151 20
146 151 20
146 151 20
146 151 20
146 151 20
146 151 20
146 151 20
146 151 20
146 151 20
146 151 20
146 151 20
146 151 20
146 151 20
146 151 20
146 151 20
146 151 20
146 151 20
146 140 20
146 140 20
146 140 20
146 140 20
146 140 20
146 140 20
146 140 20
146 140 20
146 140 20
146 140 20
146 140 20
146 140 20
146 140 20
146 140 20
146 140 20
146 140 20
146 140 20
146 140 20
146 140 20
146 140 20
157 151 20
157 151 20
157 151 20
157 151 20
157 151 20
157 151 20
157 151 20
157 151 20
157 151 20
157 151 20
157 151 20
157 151 20
157 151 20
157 151 20
157 151 20
157 151 20
157 151 20
157 151 20
157 151 20
157 151 20
168 151 20
168 151 20
168 151 20
168 151 20
168 151 20
168 151 20
168 151 20
168 151 20
168 151 20
168 151 20
168 151 20
168 151 20
168 151 20
168 151 20
168 151 20
168 151 20
168 151 20
168 151 20
168 151 20
168 151 20
179 151 20
179 151 20
179 140 20
179 140 20
179 140 20
179 140 20
179 140 20
179 140 20
179 140 20
179 140 20
179 140 20
179 140 20
179 140 20
179 140 20
179 140 20
179 140 20
179 140 20
179 140 20
179 140 20
179 140 20
179 140 20
179 140 20
190 151 20
190 140 20
190 140 20
190 140 20
190 129 20
190 129 20
190 129 20
190 129 20
190 129 20
190 129 20
190 129 20
190 129 20
190 129 20
190 129 20
190 129 20
190 129 20
190 129 20
190 129 20
190 129 20
190 129 20
190 129 20
190 129 20
190 129 20
190 129 20
26 134 10
26 134 10
4 134 10
4 134 10
4 134 10
4 134 10
4 134 10
4 134 10
15 145 10
15 145 10
15 145 10
15 123 10
15 123 10
15 123 10
15 123 10
15 123 10
15 123 10
37 134 10
37 134 10
26 145 10
26 145 10
26 145 10
26 145 10
26 123 10
26 123 10
26 123 10
26 123 10
4 145 10
4 145 10
4 145 10
4 145 10
4 145 10
4 123 10
4 123 10
4 123 10
4 123 10
4 123 10
4 123 10
15 156 10
15 156 10
15 156 10
15 156 10
15 156 10
15 156 10
4 123 10
4 123 10
4 123 10
4 123 10
4 123 10
4 123 10
15 112 10
15 112 10
15 112 10
15 112 10
15 112 10
15 112 10
48 134 10
48 134 10
37 145 10
37 145 10
37 145 10
37 145 10
37 123 10
37 123 10
26 156 10
26 156 10
26 156 10
26 156 10
26 156 10
26 156 10
26 112 10
26 112 10
26 112 10
26 112 10
26 112 10
26 112 10
4 156 10
4 156 10
4 156 10
4 156 10
4 156 10
4 156 10
4 112 10
4 112 10
4 112 10
4 112 10
4 112 10
4 112 10
26 156 10
26 156 10
26 156 10
26 156 10
26 156 10
26 156 10
4 156 10
4 156 10
4 156 10
4 156 10
4 156 10
4 156 10
26 156 10
26 156 10
26 156 10
26 156 10
26 156 10
26 156 10
4 156 10
4 156 10
4 156 10
4 156 10
4 156 10
4 156 10
15 167 10
15 167 10
15 167 10
15 167 10
15 167 10
15 167 10
26 112 10
26 112 10
26 112 10
26 112 10
26 112 10
26 112 10
4 112 10
4 112 10
4 112 10
4 112 10
4 112 10
4 112 10
26 112 10
26 112 10
26 112 10
26 112 10
26 112 10
26 112 10
4 112 10
4 112 10
4 112 10
4 112 10
4 112 10
4 112 10
15 101 10
15 101 10
15 101 10
15 101 10
15 101 10
15 101 10
59 134 10
59 134 10
59 134 10
59 134 10
59 134 10
59 134 10
48 145 10
48 145 10
48 123 10
48 123 10
48 123 10
37 156 10
37 156 10
37 156 10
37 156 10
37 156 10
37 156 10
37 112 10
37 112 10
37 112 10
37 156 10
37 156 10
37 156 10
37 156 10
37 156 10
37 156 10
37 156 10
37 156 10
37 156 10
37 156 10
37 156 10
37 156 10
26 167 10
26 167 10
26 167 10
26 167 10
26 167 10
26 167 10
26 101 10
26 101 10
26 101 10
26 101 10
26 101 10
26 101 10
4 167 10
4 167 10
4 167 10
4 167 10
4 167 10
4 167 10
4 101 10
4 101 10
4 101 10
4 101 10
4 101 10
4 101 10
37 156 10
37 156 10
37 156 10
37 156 10
37 156 10
37 156 10
37 156 10
37 156 10
37 156 10
37 156 10
37 156 10
37 156 10
26 167 10
26 167 10
26 167 10
26 167 10
26 167 10
26 167 10
4 167 10
4 167 10
4 167 10
4 167 10
4 167 10
4 167 10
37 156 10
37 156 10
37 156 10
37 156 10
37 156 10
37 156 10
26 167 10
26 167 10
26 167 10
26 167 10
26 167 10
26 167 10
4 167 10
4 167 10
4 167 10
4 167 10
4 167 10
4 167 10
26 167 10
26 167 10
26 167 10
26 167 10
26 167 10
26 167 10
4 167 10
4 167 10
4 167 10
4 167 10
4 167 10
4 167 10
15 178 10
15 178 10
15 178 10
15 178 10
15 178 10
15 178 10
26 101 10
26 101 10
26 101 10
26 101 10
26 101 10
26 101 10
4 101 10
26 101 10
26 101 10
26 101 10
26 101 10
26 101 10
26 101 10
26 101 10
26 101 10
26 101 10
26 101 10
26 101 10
26 101 10
15 90 10
15 90 10
15 90 10
70 134 10
70 134 10
70 134 10
70 134 10
70 134 10
70 134 10
59 145 10
59 145 10
59 145 10
59 145 10
59 145 10
59 145 10
59 123 10
59 123 10
59 123 10
59 123 10
59 123 10
59 123 10
59 145 10
59 145 10
48 156 10
48 156 10
48 156 10
48 156 10
48 156 10
48 156 10
59 123 10
59 123 10
59 123 10
59 123 10
59 123 10
59 123 10
48 112 10
48 112 10
48 156 10
48 156 10
48 156 10
48 156 10
48 156 10
48 156 10
48 156 10
48 156 10
48 156 10
48 156 10
48 156 10
48 156 10
37 167 10
37 167 10
37 167 10
37 167 10
37 167 10
37 167 10
59 123 10
59 123 10
59 123 10
59 123 10
59 123 10
59 123 10
37 101 10
37 101 10
37 101 10
37 101 10
37 101 10
37 101 10
48 156 10
48 156 10
48 156 10
48 156 10
48 156 10
48 156 10
48 156 10
48 156 10
48 156 10
48 156 10
48 156 10
48 156 10
37 167 10
37 167 10
37 167 10
37 167 10
37 167 10
37 167 10
48 156 10
48 156 10
48 156 10
48 156 10
48 156 10
48 156 10
37 167 10
37 167 10
37 167 10
37 167 10
37 167 10
37 167 10
37 167 10
37 167 10
37 167 10
37 167 10
37 167 10
37 167 10
26 178 10
26 178 10
26 178 10
26 178 10
26 178 10
26 178 10
59 123 10
59 123 10
59 123 10
59 123 10
59 123 10
59 123 10
37 101 10
26 90 10
26 90 10
26 90 10
26 90 10
26 90 10
26 90 10
4 178 10
4 178 10
4 178 10
4 178 10
4 178 10
4 90 10
4 90 10
48 156 10
48 156 10
48 156 10
48 156 10
37 167 10
37 167 10
37 167 10
37 167 10
37 167 10
37 167 10
37 167 10
37 167 10
37 167 10
37 167 10
37 167 10
37 167 10
37 167 10
37 167 10
37 167 10
37 167 10
37 167 10
37 167 10
26 178 10
26 178 10
26 178 10
26 178 10
26 178 10
26 178 10
37 167 10
37 167 10
37 167 10
37 167 10
37 167 10
37 167 10
37 167 10
37 167 10
37 167 10
37 167 10
37 167 10
37 167 10
26 178 10
26 178 10
26 178 10
26 178 10
26 178 10
26 178 10
37 167 10
37 167 10
37 167 10
37 167 10
37 167 10
37 167 10
26 178 10
26 178 10
26 178 10
26 178 10
26 178 10
26 178 10
26 178 10
26 178 10
26 178 10
26 178 10
26 178 10
26 178 10
15 189 10
15 189 10
15 189 10
15 189 10
59 123 10
59 123 10
59 123 10
59 123 10
59 123 10
59 123 10
26 90 10
26 90 10
26 90 10
26 90 10
26 90 10
26 90 10
26 90 10
26 90 10
26 90 10
26 90 10
26 90 10
26 90 10
26 90 10
26 90 10
26 90 10
26 90 10
26 90 10
26 90 10
26 90 10
15 79 10
15 79 10
15 79 10
15 79 10
15 79 10
189 162 20
188 162 17
187 162 15
186 162 13
185 162 11
185 162 11
184 162 19
183 162 16
182 162 14
181 162 12
180 162 10
180 162 10
178 162 17
177 162 15
177 163 13
177 164 11
177 164 11
176 164 19
175 164 16
174 164 14
174 165 12
174 166 10
174 166 10
174 167 17
173 167 15
173 168 13
172 168 11
172 168 11
171 168 19
170 168 16
170 169 14
170 169 14
170 170 20
169 170 17
169 170 17
169 171 20
168 171 17
168 171 17
167 171 20
167 172 17
167 172 17
166 172 20
166 173 17
166 173 17
165 173 20
164 173 17
163 173 15
162 173 13
162 173 13
161 173 20
160 173 17
159 173 15
158 173 13
156 173 11
155 173 10
154 173 10
153 173 10
152 173 10
151 173 10
150 173 10
149 173 10
148 173 10
148 173 10
147 173 17
145 173 15
144 173 13
143 173 11
142 173 10
141 173 10
140 173 10
139 173 10
138 173 10
138 173 10
137 173 17
136 173 15
134 173 13
133 173 11
133 173 11
132 173 19
131 173 16
130 173 14
130 173 14
129 173 20
128 173 17
128 173 17
127 173 20
127 173 20
126 173 20
126 173 20
125 173 20
125 173 20
123 173 20
123 173 20
123 173 20
122 173 20
122 173 20
122 173 20
122 173 20
121 173 20
121 173 20
121 173 20
121 173 20
121 173 20
120 173 20
120 173 20
120 173 20
120 173 20
120 173 20
120 173 20
119 173 20
119 173 20
119 173 20
119 173 20
119 173 20
119 173 20
119 173 20
118 173 20
118 173 20
118 173 20
118 173 20
118 173 20
118 173 20
118 173 20
118 173 20
118 173 20
117 173 20
117 173 20
117 173 20
117 173 20
117 173 20
117 173 20
117 173 20
117 173 20
117 173 20
117 173 20
116 173 20
116 173 20
116 173 20
116 173 20
116 173 20
116 173 20
116 173 20
116 173 20
116 173 20
116 173 20
116 173 20
116 173 20
115 173 20
115 173 20
115 173 20
115 173 20
115 173 20
115 173 20
115 173 20
115 173 20
115 173 20
115 173 20
115 173 20
115 173 20
115 173 20
115 173 20
114 173 20
114 173 20
114 173 20
114 173 20
114 173 20
114 173 20
114 173 20
114 173 20
114 173 20
114 173 20
114 173 20
114 173 20
114 173 20
114 173 20
114 173 20
114 173 20
112 173 20
112 173 20
112 173 20
112 173 20
112 173 20
112 173 20
112 173 20
112 173 20
112 173 20
112 173 20
112 173 20
112 173 20
112 173 20
112 173 20
112 173 20
112 173 20
112 173 20
112 173 20
112 173 20
112 172 20
112 172 20
112 172 20
112 172 20
112 172 20
112 172 20
112 172 20
112 172 20
112 172 20
112 172 20
112 172 20
112 172 20
112 172 20
112 172 20
112 172 20
112 172 20
112 172 20
112 172 20
112 172 20
112 172 20
112 172 20
112 172 20
112 171 20
112 171 20
112 171 20
112 171 20
112 171 20
112 171 20
112 171 20
112 171 20
112 171 20
112 171 20
112 171 20
112 171 20
112 171 20
112 171 20
112 171 20
112 171 20
112 171 20
112 171 20
112 171 20
112 171 20
112 171 20
112 171 20
112 171 20
112 171 20
111 171 20
111 171 20
111 171 20
111 171 20
111 171 20
111 171 20
111 171 20
111 171 20
111 171 20
111 171 20
111 171 20
111 171 20
111 171 20
111 171 20
111 171 20
111 171 20
111 171 20
111 171 20
111 171 20
111 171 20
111 171 20
111 171 20
111 171 20
111 171 20
111 171 20
111 171 20
111 171 20
110 171 20
110 171 20
110 171 20
110 171 20
110 171 20
110 171 20
110 171 20
110 171 20
110 171 20
110 171 20
110 171 20
110 171 20
110 171 20
110 171 20
110 171 20
110 171 20
110 171 20
110 171 20
110 171 20
110 171 20
110 171 20
110 171 20
110 171 20
110 171 20
110 171 20
110 171 20
110 171 20
110 171 20
110 171 20
110 170 20
110 170 20
110 170 20
110 170 20
110 170 20
110 170 20
110 170 20
110 170 20
110 170 20
110 170 20
110 170 20
110 170 20
110 170 20
110 170 20
110 170 20
110 170 20
110 170 20
110 170 20
110 170 20
110 170 20
110 170 20
110 170 20
110 170 20
110 170 20
110 170 20
110 170 20
110 170 20
110 170 20
110 170 20
110 170 20
110 170 20
110 170 20
110 170 20
109 170 20
109 170 20
109 170 20
109 170 20
109 170 20
109 170 20
109 170 20
109 170 20
109 170 20
109 170 20
109 170 20
109 170 20
109 170 20
109 170 20
109 170 20
109 170 20
109 170 20
109 170 20
109 170 20
109 170 20
109 170 20
109 170 20
109 170 20
109 170 20
109 170 20
109 170 20
109 170 20
109 170 20
109 170 20
109 170 20
109 170 20
109 170 20
109 170 20
109 170 20
109 170 20
109 170 20
109 169 20
109 169 20
109 169 20
109 169 20
109 169 20
109 169 20
109 169 20
109 169 20
109 169 20
109 169 20
109 169 20
109 169 20
109 169 20
109 169 20
109 169 20
109 169 20
109 169 20
109 169 20
109 169 20
109 169 20
109 169 20
109 169 20
109 169 20
109 169 20
109 169 20
109 169 20
109 169 20
109 169 20
109 169 20
109 169 20
109 169 20
109 169 20
109 169 20
109 169 20
109 169 20
109 169 20
109 169 20
109 169 20
109 169 20
108 169 20
108 169 20
108 169 20
108 169 20
108 169 20
108 169 20
108 169 20
108 169 20
108 169 20
108 169 20
108 169 20
108 169 20
108 169 20
108 169 20
108 169 20
108 169 20
108 169 20
108 169 20
108 169 20
108 169 20
108 169 20
108 169 20
108 169 20
108 169 20
108 169 20
108 169 20
108 169 20
108 169 20
108 169 20
108 169 20
108 169 20
108 169 20
108 169 20
108 169 20
108 169 20
108 169 20
108 169 20
108 169 20
108 169 20
108 169 20
108 169 20
108 168 20
108 168 20
108 168 20
108 168 20
108 168 20
108 168 20
108 168 20
108 168 20
108 168 20
108 168 20
108 168 20
108 168 20
108 168 20
108 168 20
108 168 20
108 168 20
108 168 20
108 168 20
108 168 20
108 168 20
108 168 20
108 168 20
108 168 20
108 168 20
108 168 20
108 168 20
108 168 20
108 168 20
108 168 20
108 168 20
108 168 20
108 168 20
108 168 20
108 168 20
108 168 20
108 168 20
108 168 20
108 168 20
108 168 20
108 168 20
108 168 20
108 168 20
108 168 20
107 168 20
107 168 20
107 168 20
107 168 20
107 168 20
107 168 20
107 168 20
107 168 20
107 168 20
107 168 20
107 168 20
107 168 20
107 168 20
107 168 20
107 168 20
107 168 20
107 168 20
107 168 20
107 168 20
107 168 20
107 168 20
107 168 20
107 168 20
107 168 20
107 168 20
107 168 20
107 168 20
107 168 20
107 168 20
107 168 20
107 168 20
107 168 20
107 168 20
107 168 20
107 168 20
107 168 20
107 168 20
107 168 20
107 168 20
107 168 20
107 168 20
107 168 20
107 168 20
107 168 20
107 167 20
107 167 20
107 167 20
107 167 20
107 167 20
107 167 20
107 167 20
107 167 20
107 167 20
107 167 20
107 167 20
107 167 20
107 167 20
107 167 20
107 167 20
107 167 20
107 167 20
107 167 20
107 167 20
107 167 20
107 167 20
107 167 20
107 167 20
107 167 20
107 167 20
107 167 20
107 167 20
107 167 20
107 167 20
107 167 20
107 167 20
107 167 20
107 167 20
107 167 20
107 167 20
107 167 20
107 167 20
107 167 20
107 167 20
107 167 20
107 167 20
107 167 20
107 167 20
107 167 20
106 167 20
106 167 20
106 167 20
106 167 20
106 167 20
106 167 20
106 167 20
106 167 20
106 167 20
106 167 20
106 167 20
106 167 20
106 167 20
106 167 20
106 167 20
106 167 20
106 167 20
106 167 20
106 167 20
106 167 20
106 167 20
106 167 20
106 167 20
106 167 20
106 167 20
106 167 20
106 167 20
106 167 20
106 167 20
106 167 20
106 167 20
106 167 20
106 167 20
106 167 20
106 167 20
106 167 20
106 167 20
106 167 20
106 167 20
106 167 20
106 167 20
106 167 20
106 167 20
106 167 20
106 166 20
106 166 20
106 166 20
106 166 20
106 166 20
106 166 20
106 166 20
106 166 20
106 166 20
106 166 20
106 166 20
106 166 20
106 166 20
106 166 20
106 166 20
106 166 20
106 166 20
106 166 20
106 166 20
106 166 20
106 166 20
106 166 20
106 166 20
106 166 20
106 166 20
106 166 20
106 166 20
106 166 20
106 166 20
106 166 20
106 166 20
106 166 20
106 166 20
106 166 20
106 166 20
106 166 20
106 166 20
106 166 20
106 166 20
106 166 20
106 166 20
106 166 20
106 166 20
106 166 20
106 166 20
105 166 20
105 166 20
105 166 20
105 166 20
105 166 20
105 166 20
105 166 20
105 166 20
105 166 20
105 166 20
105 166 20
105 166 20
105 166 20
105 166 20
105 166 20
105 166 20
105 166 20
105 166 20
105 166 20
105 166 20
105 166 20
105 166 20
105 166 20
105 166 20
105 166 20
105 166 20
105 166 20
105 166 20
105 166 20
105 166 20
105 166 20
105 166 20
105 166 20
105 166 20
105 166 20
105 166 20
105 166 20
105 166 20
105 166 20
105 166 20
105 166 20
105 166 20
105 165 20
105 165 20
105 165 20
105 165 20
105 165 20
105 165 20
105 165 20
105 165 20
105 165 20
105 165 20
105 165 20
105 165 20
105 165 20
105 165 20
105 165 20
105 165 20
105 165 20
105 165 20
105 165 20
105 165 20
105 165 20
105 165 20
105 165 20
105 165 20
105 165 20
105 165 20
105 165 20
105 165 20
105 165 20
105 165 20
105 165 20
105 165 20
105 165 20
105 165 20
105 165 20
105 165 20
105 165 20
105 165 20
105 165 20
105 165 20
105 165 20
105 165 20
105 165 20
105 165 20
104 165 20
104 165 20
104 165 20
104 165 20
104 165 20
104 165 20
104 165 20
104 165 20
104 165 20
104 165 20
104 165 20
104 165 20
104 165 20
104 165 20
104 165 20
104 165 20
104 165 20
104 165 20
104 165 20
104 165 20
104 165 20
104 165 20
104 165 20
104 165 20
104 165 20
104 165 20
104 165 20
104 165 20
104 165 20
104 165 20
104 165 20
104 165 20
104 165 20
104 165 20
104 165 20
104 165 20
104 165 20
104 165 20
104 165 20
104 165 20
104 164 20
104 164 20
104 164 20
104 164 20
104 164 20
104 164 20
104 164 20
104 164 20
104 164 20
104 164 20
104 164 20
104 164 20
104 164 20
104 164 20
104 164 20
104 164 20
104 164 20
104 164 20
104 164 20
104 164 20
104 164 20
104 164 20
104 164 20
104 164 20
104 164 20
104 164 20
104 164 20
104 164 20
104 164 20
104 164 20
104 164 20
104 164 20
104 164 20
104 164 20
104 164 20
104 164 20
104 164 20
104 164 20
104 164 20
104 164 20
104 164 20
104 164 20
103 164 20
103 164 20
103 164 20
103 164 20
103 164 20
103 164 20
103 164 20
103 164 20
103 164 20
103 164 20
103 164 20
103 164 20
103 164 20
103 164 20
103 164 20
103 164 20
103 164 20
103 164 20
103 164 20
103 164 20
103 164 20
103 164 20
103 164 20
103 164 20
103 164 20
103 164 20
103 164 20
103 164 20
103 164 20
103 164 20
103 164 20
103 164 20
103 164 20
103 164 20
103 164 20
103 164 20
103 163 20
103 163 20
103 163 20
103 163 20
103 163 20
103 163 20
103 163 20
103 163 20
103 163 20
103 163 20
103 163 20
103 163 20
103 163 20
103 163 20
103 163 20
103 163 20
103 163 20
103 163 20
103 163 20
103 163 20
103 163 20
103 163 20
103 163 20
103 163 20
103 163 20
103 163 20
103 163 20
103 163 20
103 163 20
103 163 20
103 163 20
103 163 20
103 163 20
103 163 20
103 163 20
103 163 20
103 163 20
102 163 20
102 163 20
102 163 20
102 163 20
102 163 20
102 163 20
102 163 20
102 163 20
102 163 20
102 163 20
102 163 20
102 163 20
102 163 20
102 163 20
102 163 20
102 163 20
102 163 20
102 163 20
102 163 20
102 163 20
102 163 20
102 163 20
102 163 20
102 163 20
102 163 20
102 163 20
102 163 20
102 163 20
102 163 20
102 163 20
102 162 20
102 162 20
102 162 20
102 162 20
102 162 20
102 162 20
102 162 20
102 162 20
102 162 20
102 162 20
102 162 20
102 162 20
102 162 20
102 162 20
102 162 20
102 162 20
102 162 20
102 162 20
102 162 20
102 162 20
102 162 20
102 162 20
102 162 20
102 162 20
102 162 20
102 162 20
102 162 20
102 162 20
102 162 20
102 162 20
101 162 20
101 162 20
101 162 20
101 162 20
101 162 20
101 162 20
101 162 20
101 162 20
101 162 20
101 162 20
101 162 20
101 162 20
101 162 20
101 162 20
101 162 20
101 162 20
101 162 20
101 162 20
101 162 20
101 162 20
101 162 20
101 162 20
101 162 20
101 161 20
101 161 20
101 161 20
101 161 20
101 161 20
101 161 20
101 161 20
101 161 20
101 161 20
101 161 20
101 161 20
101 161 20
101 161 20
101 161 20
101 161 20
101 161 20
101 161 20
101 161 20
101 161 20
101 161 20
101 161 20
101 161 20
101 161 20
100 161 20
100 161 20
100 161 20
100 161 20
100 161 20
100 161 20
100 161 20
100 161 20
100 161 20
100 161 20
100 161 20
100 161 20
100 161 20
100 161 20
100 161 20
100 161 20
99 161 20
99 161 20
99 161 20
99 161 20
99 161 20
99 161 20
99 161 20
99 161 20
99 161 20
99 161 20
99 161 20
99 161 20
98 161 20
98 161 20
98 161 20
98 161 20
98 161 20
98 161 20
98 161 20
98 161 20
98 161 20
97 161 20
97 161 20
97 161 20
97 161 20
97 161 20
97 161 20
97 161 20
96 161 20
96 161 20
96 161 20
96 161 20
96 161 20
95 161 20
95 161 20
95 161 20
95 161 20
94 161 20
94 161 20
94 161 20
93 161 20
93 161 20
93 161 20
92 161 20
92 161 20
91 161 20
91 161 20
90 161 20
90 161 20
90 161 20
89 161 20
89 161 20
89 161 20
88 161 20
88 161 20
88 161 20
88 161 20
87 161 20
87 161 20
87 161 20
87 161 20
87 161 20
86 161 20
86 161 20
86 161 20
86 161 20
86 161 20
86 161 20
85 161 20
85 161 20
85 161 20
85 161 20
85 161 20
85 161 20
85 161 20
85 161 20
84 161 20
84 161 20
84 161 20
84 161 20
84 161 20
84 161 20
84 161 20
84 161 20
84 161 20
84 161 20
84 161 20
83 161 20
83 161 20
83 161 20
83 161 20
83 161 20
83 161 20
83 161 20
83 161 20
83 161 20
83 161 20
83 161 20
83 161 20
83 161 20
83 161 20
83 161 20
82 161 20
82 161 20
82 161 20
82 161 20
82 161 20
82 161 20
82 161 20
82 161 20
82 161 20
82 161 20
82 161 20
82 161 20
82 161 20
82 161 20
82 161 20
82 161 20
82 161 20
82 161 20
81 161 20
81 161 20
81 161 20
81 161 20
81 161 20
81 161 20
81 161 20
81 161 20
81 161 20
81 161 20
81 161 20
81 161 20
81 161 20
81 161 20
81 161 20
81 161 20
81 161 20
81 161 20
81 161 20
81 161 20
81 161 20
80 161 20
80 161 20
80 161 20
80 161 20
80 161 20
80 161 20
80 161 20
80 161 20
80 161 20
80 161 20
80 161 20
80 161 20
80 161 20
80 161 20
80 161 20
80 161 20
80 161 20
80 161 20
80 161 20
80 161 20
80 161 20
80 161 20
79 161 20
79 161 20
79 161 20
79 161 20
79 161 20
79 161 20
79 161 20
79 161 20
79 161 20
79 161 20
79 161 20
79 161 20
79 161 20
79 161 20
79 161 20
79 161 20
79 161 20
79 161 20
79 161 20
79 161 20
79 161 20
79 161 20
79 161 20
78 161 20
78 161 20
78 161 20
78 161 20
78 161 20
78 161 20
78 161 20
78 161 20
78 161 20
78 161 20
78 161 20
78 161 20
78 161 20
78 161 20
78 161 20
78 161 20
78 161 20
78 161 20
78 161 20
78 161 20
78 161 20
78 161 20
78 161 20
77 161 20
77 161 20
77 161 20
77 161 20
77 161 20
77 161 20
77 161 20
77 161 20
77 161 20
77 161 20
77 161 20
77 161 20
77 161 20
77 161 20
77 161 20
77 161 20
77 161 20
77 161 20
77 161 20
77 161 20
77 161 20
77 161 20
76 161 20
76 161 20
76 161 20
76 161 20
76 161 20
76 161 20
76 161 20
76 161 20
76 161 20
76 161 20
76 161 20
76 161 20
76 161 20
76 161 20
76 161 20
76 161 20
76 161 20
76 161 20
76 161 20
76 161 20
76 161 20
76 161 20
75 161 20
75 161 20
75 161 20
75 161 20
75 161 20
75 161 20
75 161 20
75 161 20
75 161 20
75 161 20
75 161 20
75 161 20
75 161 20
75 161 20
75 161 20
75 161 20
75 161 20
75 161 20
75 161 20
75 161 20
75 161 20
75 161 20
75 161 20
74 161 20
74 161 20
74 161 20
74 161 20
74 161 20
74 161 20
74 161 20
74 161 20
74 161 20
74 161 20
74 161 20
74 161 20
74 161 20
74 161 20
74 161 20
74 161 20
74 161 20
74 161 20
74 161 20
74 161 20
74 161 20
74 161 20
74 161 20
74 161 20
74 161 20
74 161 20
73 161 20
73 161 20
73 161 20
73 161 20
73 161 20
73 161 20
73 161 20
73 161 20
73 161 20
73 161 20
73 161 20
73 161 20
73 161 20
73 161 20
73 161 20
73 161 20
73 161 20
73 161 20
73 161 20
73 161 20
73 161 20
73 161 20
73 161 20
73 161 20
73 161 20
73 161 20
73 161 20
73 161 20
73 161 20
73 161 20
73 161 20
72 161 20
72 161 20
72 161 20
72 161 20
72 161 20
72 161 20
72 161 20
72 161 20
72 161 20
72 161 20
72 161 20
72 161 20
72 161 20
72 161 20
72 161 20
72 161 20
72 161 20
72 161 20
72 161 20
72 161 20
72 161 20
72 161 20
72 161 20
72 161 20
72 161 20
72 161 20
72 161 20
72 161 20
72 161 20
72 161 20
72 161 20
72 161 20
72 161 20
72 161 20
72 161 20
72 161 20
72 161 20
71 161 20
71 161 20
71 161 20
71 161 20
71 161 20
71 161 20
71 161 20
71 161 20
71 161 20
71 161 20
71 161 20
71 161 20
71 161 20
71 161 20
71 161 20
71 161 20
71 161 20
71 161 20
71 161 20
71 161 20
71 161 20
71 161 20
71 161 20
71 161 20
71 161 20
71 161 20
71 161 20
71 161 20
71 161 20
71 161 20
71 161 20
71 161 20
71 161 20
71 161 20
71 161 20
71 161 20
71 161 20
71 161 20
71 161 20
71 161 20
71 161 20
71 161 20
71 161 20
71 161 20
71 161 20
71 161 20
71 160 20
71 160 20
71 160 20
71 160 20
71 160 20
71 160 20
71 160 20
71 160 20
71 160 20
71 160 20
71 160 20
71 160 20
71 160 20
71 160 20
71 160 20
71 160 20
71 160 20
71 160 20
71 160 20
71 160 20
71 160 20
71 160 20
71 160 20
71 160 20
71 160 20
71 160 20
71 160 20
71 160 20
71 160 20
71 160 20
71 160 20
71 160 20
71 160 20
71 160 20
71 160 20
71 160 20
71 160 20
71 160 20
71 160 20
71 160 20
71 160 20
71 160 20
71 159 20
71 159 20
71 159 20
71 159 20
71 159 20
71 159 20
71 159 20
71 159 20
71 159 20
71 159 20
71 159 20
71 159 20
71 159 20
71 159 20
71 159 20
71 159 20
71 159 20
71 159 20
71 159 20
71 159 20
71 159 20
71 159 20
71 159 20
71 159 20
71 159 20
71 159 20
71 159 20
71 159 20
71 159 20
71 159 20
71 159 20
71 159 20
71 159 20
71 159 20
71 159 20
71 159 20
71 159 20
71 159 20
71 159 20
71 159 20
71 159 20
71 158 20
71 158 20
71 158 20
71 158 20
71 158 20
71 158 20
71 158 20
71 158 20
71 158 20
71 158 20
71 158 20
71 158 20
71 158 20
71 158 20
71 158 20
71 158 20
71 158 20
71 158 20
71 158 20
71 158 20
71 158 20
71 158 20
71 158 20
71 158 20
71 158 20
71 158 20
71 158 20
71 158 20
71 158 20
71 158 20
71 158 20
71 158 20
71 158 20
71 158 20
71 158 20
71 158 20
71 158 20
71 158 20
71 158 20
71 158 20
71 158 20
71 157 20
71 157 20
71 157 20
71 157 20
71 157 20
71 157 20
71 157 20
71 157 20
71 157 20
71 157 20
71 157 20
71 157 20
71 157 20
71 157 20
71 157 20
71 157 20
71 157 20
71 157 20
71 157 20
71 157 20
71 157 20
71 157 20
71 157 20
71 157 20
71 157 20
71 157 20
71 157 20
71 157 20
71 157 20
71 157 20
71 157 20
71 157 20
71 157 20
71 157 20
71 157 20
71 157 20
71 157 20
71 157 20
71 157 20
71 157 20
71 157 20
71 157 20
70 157 20
70 157 20
70 157 20
70 157 20
70 157 20
70 157 20
70 157 20
70 157 20
70 157 20
70 157 20
70 157 20
70 157 20
70 157 20
70 157 20
70 157 20
70 157 20
70 157 20
70 157 20
70 157 20
70 157 20
70 157 20
70 157 20
70 157 20
70 157 20
70 157 20
70 157 20
70 157 20
70 157 20
70 157 20
70 157 20
70 157 20
70 157 20
70 157 20
70 157 20
70 157 20
70 157 20
70 157 20
70 157 20
70 157 20
70 157 20
70 157 20
70 157 20
70 157 20
70 157 20
70 157 20
70 157 20
70 157 20
70 157 20
70 156 20
70 156 20
70 156 20
70 156 20
70 156 20
70 156 20
70 156 20
70 156 20
70 156 20
70 156 20
70 156 20
70 156 20
70 156 20
70 156 20
70 156 20
70 156 20
70 156 20
70 156 20
70 156 20
70 156 20
70 156 20
70 156 20
70 156 20
70 156 20
70 156 20
70 156 20
70 156 20
70 156 20
70 156 20
70 156 20
70 156 20
70 156 20
70 156 20
70 156 20
70 156 20
70 156 20
70 156 20
70 156 20
70 156 20
70 156 20
70 156 20
70 156 20
70 156 20
70 156 20
70 156 20
70 156 20
70 156 20
70 156 20
70 156 20
69 156 20
69 156 20
69 156 20
69 156 20
69 156 20
69 156 20
69 156 20
69 156 20
69 156 20
69 156 20
69 156 20
69 156 20
69 156 20
69 156 20
69 156 20
69 156 20
69 156 20
69 156 20
69 156 20
69 156 20
69 156 20
69 156 20
69 156 20
69 156 20
69 156 20
69 156 20
69 156 20
69 156 20
69 156 20
69 156 20
69 156 20
69 156 20
69 156 20
69 156 20
69 156 20
69 156 20
69 156 20
69 156 20
69 156 20
69 156 20
69 156 20
69 156 20
69 156 20
69 156 20
69 156 20
69 156 20
69 156 20
69 156 20
69 156 20
69 156 20
69 156 20
69 156 20
69 156 20
69 155 20
69 155 20
69 155 20
69 155 20
69 155 20
69 155 20
69 155 20
69 155 20
69 155 20
69 155 20
69 155 20
69 155 20
69 155 20
69 155 20
69 155 20
69 155 20
69 155 20
69 155 20
69 155 20
69 155 20
69 155 20
69 155 20
69 155 20
69 155 20
69 155 20
69 155 20
69 155 20
69 155 20
69 155 20
69 155 20
69 155 20
69 155 20
69 155 20
69 155 20
69 155 20
69 155 20
69 155 20
69 155 20
69 155 20
69 155 20
69 155 20
69 155 20
69 155 20
69 155 20
69 155 20
69 155 20
69 155 20
69 155 20
69 155 20
69 155 20
69 155 20
69 155 20
69 155 20
68 155 20
68 155 20
68 155 20
68 155 20
68 155 20
68 155 20
68 155 20
68 155 20
68 155 20
68 155 20
68 155 20
68 155 20
68 155 20
68 155 20
68 155 20
68 155 20
68 155 20
68 155 20
68 155 20
68 155 20
68 155 20
68 155 20
68 155 20
68 155 20
68 155 20
68 155 20
68 155 20
68 155 20
68 155 20
68 155 20
68 155 20
68 155 20
68 155 20
68 155 20
68 155 20
68 155 20
68 155 20
68 155 20
68 155 20
68 155 20
68 155 20
68 155 20
68 155 20
68 155 20
68 155 20
68 155 20
68 155 20
68 155 20
68 155 20
68 155 20
68 155 20
68 155 20
68 155 20
68 155 20
68 154 20
68 154 20
68 154 20
68 154 20
68 154 20
68 154 20
68 154 20
68 154 20
68 154 20
68 154 20
68 154 20
68 154 20
68 154 20
68 154 20
68 154 20
68 154 20
68 154 20
68 154 20
68 154 20
68 154 20
68 154 20
68 154 20
68 154 20
68 154 20
68 154 20
68 154 20
68 154 20
68 154 20
68 154 20
68 154 20
68 154 20
68 154 20
68 154 20
68 154 20
68 154 20
68 154 20
68 154 20
68 154 20
68 154 20
68 154 20
68 154 20
68 154 20
68 154 20
68 154 20
68 154 20
68 154 20
68 154 20
68 154 20
68 154 20
68 154 20
68 154 20
68 154 20
68 154 20
67 154 20
67 154 20
67 154 20
67 154 20
67 154 20
67 154 20
67 154 20
67 154 20
67 154 20
67 154 20
67 154 20
67 154 20
67 154 20
67 154 20
67 154 20
67 154 20
67 154 20
67 154 20
67 154 20
67 154 20
67 154 20
67 154 20
67 154 20
67 154 20
67 154 20
67 154 20
67 154 20
67 154 20
67 154 20
67 154 20
67 154 20
67 154 20
67 154 20
67 154 20
67 154 20
67 154 20
67 154 20
67 154 20
67 154 20
67 154 20
67 154 20
67 154 20
67 154 20
67 154 20
67 154 20
67 154 20
67 154 20
67 154 20
67 154 20
67 154 20
67 153 20
67 153 20
67 153 20
67 153 20
67 153 20
67 153 20
67 153 20
67 153 20
67 153 20
67 153 20
67 153 20
67 153 20
67 153 20
67 153 20
67 153 20
67 153 20
67 153 20
67 153 20
67 153 20
67 153 20
67 153 20
67 153 20
67 153 20
67 153 20
67 153 20
67 153 20
67 153 20
67 153 20
67 153 20
67 153 20
67 153 20
67 153 20
67 153 20
67 153 20
67 153 20
67 153 20
67 153 20
67 153 20
67 153 20
67 153 20
67 153 20
67 153 20
67 153 20
67 153 20
67 153 20
67 153 20
67 153 20
67 153 20
66 153 20
66 153 20
66 153 20
66 153 20
66 153 20
66 153 20
66 153 20
66 153 20
66 153 20
66 153 20
66 153 20
66 153 20
66 153 20
66 153 20
66 153 20
66 153 20
66 153 20
66 153 20
66 153 20
66 153 20
66 153 20
66 153 20
66 153 20
66 153 20
66 153 20
66 153 20
66 153 20
66 153 20
66 153 20
66 153 20
66 153 20
66 153 20
66 153 20
66 153 20
66 153 20
66 153 20
66 153 20
66 153 20
66 153 20
66 153 20
66 153 20
66 153 20
66 153 20
66 152 20
66 152 20
66 152 20
66 152 20
66 152 20
66 152 20
66 152 20
66 152 20
66 152 20
66 152 20
66 152 20
66 152 20
66 152 20
66 152 20
66 152 20
66 152 20
66 152 20
66 152 20
66 152 20
66 152 20
66 152 20
66 152 20
66 152 20
66 152 20
66 152 20
66 152 20
66 152 20
66 152 20
66 152 20
66 152 20
66 152 20
66 152 20
66 152 20
66 152 20
66 152 20
66 152 20
66 152 20
66 152 20
66 152 20
66 152 20
66 152 20
65 152 20
65 152 20
65 152 20
65 152 20
65 152 20
65 152 20
65 152 20
65 152 20
65 152 20
65 152 20
65 152 20
65 152 20
65 152 20
65 152 20
65 152 20
65 152 20
65 152 20
65 152 20
65 152 20
65 152 20
65 152 20
65 152 20
65 152 20
65 152 20
65 152 20
65 152 20
65 152 20
65 152 20
65 152 20
65 152 20
65 152 20
65 152 20
65 152 20
65 152 20
65 152 20
65 151 20
65 151 20
65 151 20
65 151 20
65 151 20
65 151 20
65 151 20
65 151 20
65 151 20
65 151 20
65 151 20
65 151 20
65 151 20
65 151 20
65 151 20
65 151 20
65 151 20
65 151 20
65 151 20
65 151 20
65 151 20
65 151 20
65 151 20
65 151 20
65 151 20
65 151 20
65 151 20
65 151 20
65 151 20
65 151 20
65 151 20
65 151 20
65 151 20
64 151 20
64 151 20
64 151 20
64 151 20
64 151 20
64 151 20
64 151 20
64 151 20
64 151 20
64 151 20
64 151 20
64 151 20
64 151 20
64 151 20
64 151 20
64 151 20
64 151 20
64 151 20
64 151 20
64 151 20
64 151 20
64 151 20
64 151 20
64 151 20
64 151 20
64 151 20
64 151 20
64 150 20
64 150 20
64 150 20
64 150 20
64 150 20
64 150 20
64 150 20
64 150 20
64 150 20
64 150 20
64 150 20
64 150 20
64 150 20
64 150 20
64 150 20
64 150 20
64 150 20
64 150 20
64 150 20
64 150 20
64 150 20
64 150 20
64 150 20
64 150 20
64 150 20
64 150 20
63 150 20
63 150 20
63 150 20
63 150 20
63 150 20
63 150 20
63 150 20
63 150 20
63 150 20
63 150 20
63 150 20
63 150 20
63 150 20
63 150 20
63 150 20
63 150 20
63 150 20
63 150 20
63 150 20
63 150 20
62 150 20
62 150 20
62 150 20
62 150 20
62 150 20
62 150 20
62 150 20
62 150 20
62 150 20
62 150 20
62 150 20
62 150 20
62 150 20
62 150 20
62 150 20
61 150 20
61 150 20
61 150 20
61 150 20
61 150 20
61 150 20
61 150 20
61 150 20
61 150 20
61 150 20
61 150 20
61 150 20
60 150 20
60 150 20
60 150 20
60 150 20
60 150 20
60 150 20
60 150 20
60 150 20
60 150 20
60 150 20
59 150 20
59 150 20
59 150 20
59 150 20
59 150 20
59 150 20
59 150 20
59 150 20
59 149 20
59 149 20
59 149 20
59 149 20
59 149 20
59 149 20
59 149 20
59 148 20
59 148 20
59 148 20
59 148 20
59 148 20
59 148 20
59 147 20
59 147 20
59 147 20
59 147 20
59 147 20
59 146 20
59 146 20
59 146 20
59 146 20
59 146 20
58 145 20
58 145 20
58 145 20
57 145 20
57 145 20
57 145 20
56 145 20
56 145 20
55 145 20
55 145 20
54 145 20
54 145 20
53 145 20
53 145 20
52 145 20
51 145 17
50 145 15
50 145 15
49 145 20
47 145 17
46 145 15
46 145 15
45 145 20
44 145 17
44 145 17
43 145 20
43 145 20
42 145 20
42 145 20
41 145 20
41 145 20
40 145 20
40 145 20
39 145 20
39 145 20
38 145 20
38 145 20
36 145 20
36 145 20
36 145 20
35 145 20
35 145 20
35 145 20
34 145 20
34 145 20
34 145 20
33 145 20
33 145 20
33 145 20
32 145 20
32 145 20
32 145 20
31 145 20
31 145 20
31 145 20
30 145 20
30 145 20
30 145 20
29 145 20
29 145 20
29 145 20
28 145 20
28 145 20
28 145 20
27 145 20
27 145 20
26 144 20
26 144 20
26 143 20
26 143 20
26 142 20
26 142 20
26 141 20
26 141 20
26 140 20
26 139 17
26 139 17
26 138 20
26 137 17
26 136 15
26 135 13
25 134 11
25 134 11
24 134 19
23 134 16
22 134 14
21 134 12
21 134 12
20 134 20
19 134 17
18 134 15
17 134 13
17 134 13
16 134 20
15 134 17
15 134 17
67 38 20
67 39 17
67 39 17
67 40 20
67 40 20
67 41 20
67 41 20
67 42 20
67 42 20
67 43 20
67 43 20
67 44 20
67 44 20
67 45 20
67 45 20
67 45 20
67 46 20
67 46 20
67 46 20
67 46 20
67 47 20
67 47 20
67 47 20
67 47 20
67 47 20
67 49 20
67 49 20
67 49 20
67 49 20
67 49 20
67 49 20
67 49 20
67 49 20
67 49 20
67 50 20
67 50 20
67 50 20
67 50 20
67 50 20
67 50 20
67 50 20
67 50 20
67 50 20
67 50 20
67 50 20
67 50 20
67 51 20
67 51 20
67 51 20
67 51 20
67 51 20
67 51 20
67 51 20
67 51 20
67 51 20
67 51 20
67 51 20
67 51 20
67 51 20
67 51 20
67 51 20
67 51 20
67 51 20
67 52 20
67 52 20
67 52 20
67 52 20
67 52 20
67 52 20
67 52 20
67 52 20
67 52 20
67 52 20
67 52 20
67 52 20
67 52 20
67 52 20
67 52 20
67 52 20
67 52 20
67 52 20
67 52 20
67 52 20
67 52 20
67 52 20
67 53 20
67 53 20
67 53 20
67 53 20
67 53 20
67 53 20
67 53 20
67 53 20
67 53 20
67 53 20
67 53 20
67 53 20
67 53 20
67 53 20
67 53 20
67 53 20
67 53 20
67 53 20
67 53 20
67 53 20
67 53 20
67 53 20
67 53 20
67 53 20
67 53 20
67 53 20
67 53 20
67 53 20
66 53 20
66 53 20
66 53 20
66 53 20
66 53 20
66 53 20
66 53 20
66 53 20
66 53 20
66 53 20
66 53 20
66 53 20
66 53 20
66 53 20
66 53 20
66 53 20
66 53 20
66 53 20
66 53 20
66 53 20
66 53 20
66 53 20
66 53 20
66 53 20
66 53 20
66 53 20
66 53 20
66 53 20
66 53 20
66 53 20
66 53 20
66 53 20
66 53 20
65 53 20
65 53 20
65 53 20
65 53 20
65 53 20
65 53 20
65 53 20
65 53 20
65 53 20
65 53 20
65 53 20
65 53 20
65 53 20
65 53 20
65 53 20
65 53 20
65 53 20
65 53 20
65 53 20
65 53 20
65 53 20
65 53 20
65 53 20
65 53 20
65 53 20
65 53 20
65 53 20
65 53 20
65 53 20
65 53 20
65 53 20
65 53 20
65 53 20
65 53 20
65 53 20
65 53 20
65 53 20
65 53 20
65 53 20
64 53 20
64 53 20
64 53 20
64 53 20
64 53 20
64 53 20
64 53 20
64 53 20
64 53 20
64 53 20
64 53 20
64 53 20
64 53 20
64 53 20
64 53 20
64 53 20
64 53 20
64 53 20
64 53 20
64 53 20
64 53 20
64 53 20
64 53 20
64 53 20
64 53 20
64 53 20
64 53 20
64 53 20
64 53 20
64 53 20
64 53 20
64 53 20
64 53 20
64 53 20
64 53 20
64 53 20
64 53 20
64 53 20
64 53 20
64 53 20
64 53 20
64 53 20
64 53 20
63 53 20
63 53 20
63 53 20
63 53 20
63 53 20
63 53 20
63 53 20
63 53 20
63 53 20
63 53 20
63 53 20
63 53 20
63 53 20
63 53 20
63 53 20
63 53 20
63 53 20
63 53 20
63 53 20
63 53 20
63 53 20
63 53 20
63 53 20
63 53 20
63 53 20
63 53 20
63 53 20
63 53 20
63 53 20
63 53 20
63 53 20
63 53 20
63 53 20
63 53 20
63 53 20
63 53 20
63 53 20
63 53 20
63 53 20
63 53 20
63 53 20
63 53 20
63 53 20
63 53 20
63 53 20
63 53 20
63 53 20
62 53 20
62 53 20
62 53 20
62 53 20
62 53 20
62 53 20
62 53 20
62 53 20
62 53 20
62 53 20
62 53 20
62 53 20
62 53 20
62 53 20
62 53 20
62 53 20
62 53 20
62 53 20
62 53 20
62 53 20
62 53 20
62 53 20
62 53 20
62 53 20
62 53 20
62 53 20
62 53 20
62 53 20
62 53 20
62 53 20
62 53 20
62 53 20
62 53 20
62 53 20
62 53 20
62 53 20
62 53 20
62 53 20
62 53 20
62 53 20
62 53 20
62 53 20
62 53 20
62 53 20
62 53 20
62 53 20
62 53 20
62 53 20
62 53 20
61 53 20
61 53 20
61 53 20
61 53 20
61 53 20
61 53 20
61 53 20
61 53 20
61 53 20
61 53 20
61 53 20
61 53 20
61 53 20
61 53 20
61 53 20
61 53 20
61 53 20
61 53 20
61 53 20
61 53 20
61 53 20
61 53 20
61 53 20
61 53 20
61 53 20
61 53 20
61 53 20
61 53 20
61 53 20
61 53 20
61 53 20
61 53 20
61 53 20
61 53 20
61 53 20
61 53 20
61 53 20
61 53 20
61 53 20
61 53 20
61 53 20
61 53 20
61 53 20
61 53 20
61 53 20
61 53 20
61 53 20
61 53 20
61 53 20
61 53 20
61 53 20
61 54 20
61 54 20
61 54 20
61 54 20
61 54 20
61 54 20
61 54 20
61 54 20
61 54 20
61 54 20
61 54 20
61 54 20
61 54 20
61 54 20
61 54 20
61 54 20
61 54 20
61 54 20
61 54 20
61 54 20
61 54 20
61 54 20
61 54 20
61 54 20
61 54 20
61 54 20
61 54 20
61 54 20
61 54 20
61 54 20
61 54 20
61 54 20
61 54 20
61 54 20
61 54 20
61 54 20
61 54 20
61 54 20
61 54 20
61 54 20
61 54 20
61 54 20
61 54 20
61 54 20
61 54 20
61 54 20
61 54 20
61 54 20
61 54 20
61 54 20
61 54 20
61 54 20
61 54 20
61 54 20
61 54 20
60 54 20
60 54 20
60 54 20
60 54 20
60 54 20
60 54 20
60 54 20
60 54 20
60 54 20
60 54 20
60 54 20
60 54 20
60 54 20
60 54 20
60 54 20
60 54 20
60 54 20
60 54 20
60 54 20
60 54 20
60 54 20
60 54 20
60 54 20
60 54 20
60 54 20
60 54 20
60 54 20
60 54 20
60 54 20
60 54 20
60 54 20
60 54 20
60 54 20
60 54 20
60 54 20
60 54 20
60 54 20
60 54 20
60 54 20
60 54 20
60 54 20
60 54 20
60 54 20
60 54 20
60 54 20
60 54 20
60 54 20
60 54 20
60 54 20
60 54 20
60 54 20
60 54 20
60 54 20
60 54 20
60 54 20
60 54 20
60 55 20
60 55 20
60 55 20
60 55 20
60 55 20
60 55 20
60 55 20
60 55 20
60 55 20
60 55 20
60 55 20
60 55 20
60 55 20
60 55 20
60 55 20
60 55 20
60 55 20
60 55 20
60 55 20
60 55 20
60 55 20
60 55 20
60 55 20
60 55 20
60 55 20
60 55 20
60 55 20
60 55 20
60 55 20
60 55 20
60 55 20
60 55 20
60 55 20
60 55 20
60 55 20
60 55 20
60 55 20
60 55 20
60 55 20
60 55 20
60 55 20
60 55 20
60 55 20
60 55 20
60 55 20
60 55 20
60 55 20
60 55 20
60 55 20
60 55 20
60 55 20
60 55 20
60 55 20
60 55 20
60 55 20
60 55 20
60 55 20
60 55 20
59 55 20
59 55 20
59 55 20
59 55 20
59 55 20
59 55 20
59 55 20
59 55 20
59 55 20
59 55 20
59 55 20
59 55 20
59 55 20
59 55 20
59 55 20
59 55 20
59 55 20
59 55 20
59 55 20
59 55 20
59 55 20
59 55 20
59 55 20
59 55 20
59 55 20
59 55 20
59 55 20
59 55 20
59 55 20
59 55 20
59 55 20
59 55 20
59 55 20
59 55 20
59 55 20
59 55 20
59 55 20
59 55 20
59 55 20
59 55 20
59 55 20
59 55 20
59 55 20
59 55 20
59 55 20
59 55 20
59 55 20
59 55 20
59 55 20
59 55 20
59 55 20
59 55 20
59 55 20
59 55 20
59 55 20
59 55 20
59 55 20
59 55 20
59 56 20
59 56 20
59 56 20
59 56 20
59 56 20
59 56 20
59 56 20
59 56 20
59 56 20
59 56 20
59 56 20
59 56 20
59 56 20
59 56 20
59 56 20
59 56 20
59 56 20
59 56 20
59 56 20
59 56 20
59 56 20
59 56 20
59 56 20
59 56 20
59 56 20
59 56 20
59 56 20
59 56 20
59 56 20
59 56 20
59 56 20
59 56 20
59 56 20
59 56 20
59 56 20
59 56 20
59 56 20
59 56 20
59 56 20
59 56 20
59 56 20
59 56 20
59 56 20
59 56 20
59 56 20
59 56 20
59 56 20
59 56 20
59 56 20
59 56 20
59 56 20
59 56 20
59 56 20
59 56 20
59 56 20
59 56 20
59 56 20
58 56 20
58 56 20
58 56 20
58 56 20
58 56 20
58 56 20
58 56 20
58 56 20
58 56 20
58 56 20
58 56 20
58 56 20
58 56 20
58 56 20
58 56 20
58 56 20
58 56 20
58 56 20
58 56 20
58 56 20
58 56 20
58 56 20
58 56 20
58 56 20
58 56 20
58 56 20
58 56 20
58 56 20
58 56 20
58 56 20
58 56 20
58 56 20
58 56 20
58 56 20
58 56 20
58 56 20
58 56 20
58 56 20
58 56 20
58 56 20
58 56 20
58 56 20
58 56 20
58 56 20
58 56 20
58 56 20
58 56 20
58 56 20
58 56 20
58 56 20
58 56 20
58 56 20
58 56 20
58 56 20
58 56 20
58 56 20
58 56 20
58 56 20
58 57 20
58 57 20
58 57 20
58 57 20
58 57 20
58 57 20
58 57 20
58 57 20
58 57 20
58 57 20
58 57 20
58 57 20
58 57 20
58 57 20
58 57 20
58 57 20
58 57 20
58 57 20
58 57 20
58 57 20
58 57 20
58 57 20
58 57 20
58 57 20
58 57 20
58 57 20
58 57 20
58 57 20
58 57 20
58 57 20
58 57 20
58 57 20
58 57 20
58 57 20
58 57 20
58 57 20
58 57 20
58 57 20
58 57 20
58 57 20
58 57 20
58 57 20
58 57 20
58 57 20
58 57 20
58 57 20
58 57 20
58 57 20
58 57 20
58 57 20
58 57 20
58 57 20
58 57 20
57 57 20
57 57 20
57 57 20
57 57 20
57 57 20
57 57 20
57 57 20
57 57 20
57 57 20
57 57 20
57 57 20
57 57 20
57 57 20
57 57 20
57 57 20
57 57 20
57 57 20
57 57 20
57 57 20
57 57 20
57 57 20
57 57 20
57 57 20
57 57 20
57 57 20
57 57 20
57 57 20
57 57 20
57 57 20
57 57 20
57 57 20
57 57 20
57 57 20
57 57 20
57 57 20
57 57 20
57 57 20
57 57 20
57 57 20
57 57 20
57 57 20
57 57 20
57 57 20
57 57 20
57 57 20
57 57 20
57 57 20
57 57 20
57 57 20
57 57 20
57 57 20
57 57 20
57 57 20
57 57 20
57 58 20
57 58 20
57 58 20
57 58 20
57 58 20
57 58 20
57 58 20
57 58 20
57 58 20
57 58 20
57 58 20
57 58 20
57 58 20
57 58 20
57 58 20
57 58 20
57 58 20
57 58 20
57 58 20
57 58 20
57 58 20
57 58 20
57 58 20
57 58 20
57 58 20
57 58 20
57 58 20
57 58 20
57 58 20
57 58 20
57 58 20
57 58 20
57 58 20
57 58 20
57 58 20
57 58 20
57 58 20
57 58 20
57 58 20
57 58 20
57 58 20
57 58 20
57 58 20
57 58 20
57 58 20
57 58 20
56 58 20
56 58 20
56 58 20
56 58 20
56 58 20
56 58 20
56 58 20
56 58 20
56 58 20
56 58 20
56 58 20
56 58 20
56 58 20
56 58 20
56 58 20
56 58 20
56 58 20
56 58 20
56 58 20
56 58 20
56 58 20
56 58 20
56 58 20
56 58 20
56 58 20
56 58 20
56 58 20
56 58 20
56 58 20
56 58 20
56 58 20
56 58 20
56 58 20
56 58 20
56 58 20
56 58 20
56 58 20
56 58 20
56 58 20
56 58 20
56 58 20
56 58 20
56 58 20
56 58 20
56 58 20
56 58 20
56 58 20
56 58 20
56 58 20
56 59 20
56 59 20
56 59 20
56 59 20
56 59 20
56 59 20
56 59 20
56 59 20
56 59 20
56 59 20
56 59 20
56 59 20
56 59 20
56 59 20
56 59 20
56 59 20
56 59 20
56 59 20
56 59 20
56 59 20
56 59 20
56 59 20
56 59 20
56 59 20
56 59 20
56 59 20
56 59 20
56 59 20
56 59 20
56 59 20
56 59 20
56 59 20
56 59 20
56 59 20
56 59 20
56 59 20
56 59 20
56 59 20
56 59 20
55 59 20
55 59 20
55 59 20
55 59 20
55 59 20
55 59 20
55 59 20
55 59 20
55 59 20
55 59 20
55 59 20
55 59 20
55 59 20
55 59 20
55 59 20
55 59 20
55 59 20
55 59 20
55 59 20
55 59 20
55 59 20
55 59 20
55 59 20
55 59 20
55 59 20
55 59 20
55 59 20
55 59 20
55 59 20
55 59 20
55 59 20
55 59 20
55 59 20
55 59 20
55 59 20
55 59 20
55 59 20
55 59 20
55 59 20
55 59 20
55 59 20
55 59 20
55 59 20
55 60 20
55 60 20
55 60 20
55 60 20
55 60 20
55 60 20
55 60 20
55 60 20
55 60 20
55 60 20
55 60 20
55 60 20
55 60 20
55 60 20
55 60 20
55 60 20
55 60 20
55 60 20
55 60 20
55 60 20
55 60 20
55 60 20
55 60 20
55 60 20
55 60 20
55 60 20
55 60 20
55 60 20
55 60 20
55 60 20
55 60 20
55 60 20
54 60 20
54 60 20
54 60 20
54 60 20
54 60 20
54 60 20
54 60 20
54 60 20
54 60 20
54 60 20
54 60 20
54 60 20
54 60 20
54 60 20
54 60 20
54 60 20
54 60 20
54 60 20
54 60 20
54 60 20
54 60 20
54 60 20
54 60 20
54 60 20
54 60 20
54 60 20
54 60 20
54 60 20
54 60 20
54 60 20
54 60 20
54 60 20
54 60 20
54 60 20
54 60 20
54 60 20
54 60 20
53 60 20
53 60 20
53 60 20
53 60 20
53 60 20
53 60 20
53 60 20
53 60 20
53 60 20
53 60 20
53 60 20
53 60 20
53 60 20
53 60 20
53 60 20
53 60 20
53 60 20
53 60 20
53 60 20
53 60 20
53 60 20
53 60 20
53 60 20
53 60 20
53 60 20
53 60 20
53 60 20
53 60 20
53 60 20
53 60 20
53 60 20
53 60 20
53 60 20
53 60 20
53 60 20
53 60 20
53 60 20
53 60 20
53 60 20
53 60 20
53 60 20
53 60 20
53 60 20
53 60 20
53 60 20
52 60 20
52 60 20
52 60 20
52 60 20
52 60 20
52 60 20
52 60 20
52 60 20
52 60 20
52 60 20
52 60 20
52 60 20
52 60 20
52 60 20
52 60 20
52 60 20
52 60 20
52 60 20
52 60 20
52 60 20
52 60 20
52 60 20
52 60 20
52 60 20
52 60 20
52 60 20
52 60 20
52 60 20
52 60 20
52 60 20
52 60 20
52 60 20
52 60 20
52 60 20
52 60 20
52 60 20
52 60 20
52 60 20
52 60 20
52 60 20
52 60 20
52 60 20
52 60 20
52 60 20
52 60 20
52 60 20
52 60 20
52 60 20
52 60 20
52 60 20
52 60 20
52 60 20
52 60 20
52 60 20
52 60 20
52 60 20
52 60 20
51 60 20
51 60 20
51 60 20
51 60 20
51 60 20
51 60 20
51 60 20
51 60 20
51 60 20
51 60 20
51 60 20
51 60 20
51 60 20
51 60 20
51 60 20
51 60 20
51 60 20
51 60 20
51 60 20
51 60 20
51 60 20
51 60 20
51 60 20
51 60 20
51 60 20
51 60 20
51 60 20
51 60 20
51 60 20
51 60 20
51 60 20
51 60 20
51 60 20
51 60 20
51 60 20
51 60 20
51 60 20
51 60 20
51 60 20
51 60 20
51 60 20
51 60 20
51 60 20
51 60 20
51 60 20
51 60 20
51 60 20
51 60 20
51 60 20
51 60 20
51 60 20
51 60 20
51 60 20
51 60 20
51 60 20
51 60 20
51 60 20
51 60 20
51 60 20
51 60 20
51 60 20
51 60 20
51 60 20
51 60 20
51 60 20
51 60 20
51 60 20
51 60 20
51 60 20
51 60 20
51 60 20
51 60 20
50 60 20
50 60 20
50 60 20
50 60 20
50 60 20
50 60 20
50 60 20
50 60 20
50 60 20
50 60 20
50 60 20
50 60 20
50 60 20
50 60 20
50 60 20
50 60 20
50 60 20
50 60 20
50 60 20
50 60 20
50 60 20
50 60 20
50 60 20
50 60 20
50 60 20
50 60 20
50 60 20
50 60 20
50 60 20
50 60 20
50 60 20
50 60 20
50 60 20
50 60 20
50 60 20
50 60 20
50 60 20
50 60 20
50 60 20
50 60 20
50 60 20
50 60 20
50 60 20
50 60 20
50 60 20
50 60 20
50 60 20
50 60 20
50 60 20
50 60 20
50 60 20
50 60 20
50 60 20
50 60 20
50 60 20
50 60 20
50 60 20
50 60 20
50 60 20
50 60 20
50 60 20
50 60 20
50 60 20
50 60 20
50 60 20
50 60 20
50 60 20
50 60 20
50 60 20
50 60 20
50 60 20
50 60 20
50 60 20
50 60 20
50 60 20
50 60 20
50 60 20
50 60 20
50 60 20
50 60 20
50 60 20
50 60 20
50 60 20
50 60 20
50 60 20
50 60 20
50 60 20
50 60 20
50 60 20
49 60 20
49 60 20
49 60 20
49 60 20
49 60 20
49 60 20
49 60 20
49 60 20
49 60 20
49 60 20
49 60 20
49 60 20
49 60 20
49 60 20
49 60 20
49 60 20
49 60 20
49 60 20
49 60 20
49 60 20
49 60 20
49 60 20
49 60 20
49 60 20
49 60 20
49 60 20
49 60 20
49 60 20
49 60 20
49 60 20
49 60 20
49 60 20
49 60 20
49 60 20
49 60 20
49 60 20
49 60 20
49 60 20
49 60 20
49 60 20
49 60 20
49 60 20
49 60 20
49 60 20
49 60 20
49 60 20
49 60 20
49 60 20
49 60 20
49 60 20
49 60 20
49 60 20
49 60 20
49 60 20
49 60 20
49 60 20
49 60 20
49 60 20
49 60 20
49 60 20
49 60 20
49 60 20
49 60 20
49 60 20
49 60 20
49 60 20
49 60 20
49 60 20
49 60 20
49 60 20
49 60 20
49 60 20
49 60 20
49 60 20
49 60 20
49 60 20
49 60 20
49 60 20
49 60 20
49 60 20
49 60 20
49 60 20
49 60 20
49 60 20
49 60 20
49 60 20
49 60 20
49 60 20
49 60 20
49 60 20
49 60 20
49 60 20
49 60 20
49 60 20
49 60 20
49 60 20
49 60 20
49 60 20
49 60 20
49 60 20
49 60 20
49 60 20
49 60 20
49 60 20
49 60 20
49 60 20
49 60 20
49 61 20
49 61 20
49 61 20
49 61 20
49 61 20
49 61 20
49 61 20
49 61 20
49 61 20
49 61 20
49 61 20
49 61 20
49 61 20
49 61 20
49 61 20
49 61 20
49 61 20
49 61 20
49 61 20
49 61 20
49 61 20
49 61 20
49 61 20
49 61 20
49 61 20
49 61 20
49 61 20
49 61 20
49 61 20
49 61 20
49 61 20
49 61 20
49 61 20
49 61 20
49 61 20
49 61 20
49 61 20
49 61 20
49 61 20
49 61 20
49 61 20
49 61 20
49 61 20
49 61 20
49 61 20
49 61 20
49 61 20
49 61 20
49 61 20
49 61 20
49 61 20
49 61 20
49 61 20
49 61 20
49 61 20
49 61 20
49 61 20
49 61 20
49 61 20
49 61 20
49 61 20
49 61 20
49 61 20
49 61 20
49 61 20
49 61 20
49 61 20
49 61 20
49 61 20
49 61 20
49 61 20
49 61 20
49 61 20
49 61 20
49 61 20
49 61 20
49 61 20
49 61 20
49 61 20
49 61 20
49 61 20
49 61 20
49 61 20
49 61 20
49 61 20
49 61 20
49 62 20
49 62 20
49 62 20
49 62 20
49 62 20
49 62 20
49 62 20
49 62 20
49 62 20
49 62 20
49 62 20
49 62 20
49 62 20
49 62 20
49 62 20
49 62 20
49 62 20
49 62 20
49 62 20
49 62 20
49 62 20
49 62 20
49 62 20
49 62 20
49 62 20
49 62 20
49 62 20
49 62 20
49 62 20
49 62 20
49 62 20
49 62 20
49 62 20
49 62 20
49 62 20
49 62 20
49 62 20
49 62 20
49 62 20
49 62 20
49 62 20
49 62 20
49 62 20
49 62 20
49 62 20
49 62 20
49 62 20
49 62 20
49 62 20
49 62 20
49 62 20
49 62 20
49 62 20
49 62 20
49 62 20
49 62 20
49 62 20
49 62 20
49 62 20
49 62 20
49 62 20
49 62 20
49 62 20
49 62 20
49 62 20
49 63 20
49 63 20
49 63 20
49 63 20
49 63 20
49 63 20
49 63 20
49 63 20
49 63 20
49 63 20
49 63 20
49 63 20
49 63 20
49 63 20
49 63 20
49 63 20
49 63 20
49 63 20
49 63 20
49 63 20
49 63 20
49 63 20
49 63 20
49 63 20
49 63 20
49 63 20
49 63 20
49 63 20
49 63 20
49 63 20
49 63 20
49 63 20
49 63 20
49 63 20
49 63 20
49 63 20
49 63 20
49 63 20
49 63 20
49 63 20
49 63 20
49 63 20
49 63 20
49 63 20
49 63 20
49 63 20
49 63 20
49 64 20
49 64 20
49 64 20
49 64 20
49 64 20
49 64 20
49 64 20
49 64 20
49 64 20
49 64 20
49 64 20
49 64 20
49 64 20
49 64 20
49 64 20
49 64 20
49 64 20
49 64 20
49 64 20
49 64 20
49 64 20
49 64 20
49 64 20
49 64 20
49 64 20
49 64 20
49 64 20
49 64 20
49 64 20
49 64 20
49 64 20
49 64 20
49 64 20
49 65 20
49 65 20
49 65 20
49 65 20
49 65 20
49 65 20
49 65 20
49 65 20
49 65 20
49 65 20
49 65 20
49 65 20
49 65 20
49 65 20
49 65 20
49 65 20
49 65 20
49 65 20
49 65 20
49 65 20
49 65 20
49 65 20
49 65 20
49 66 20
49 66 20
49 66 20
49 66 20
49 66 20
49 66 20
49 66 20
49 66 20
49 66 20
49 66 20
49 66 20
49 66 20
49 66 20
49 66 20
49 66 20
49 66 20
49 66 20
49 67 20
49 67 20
49 67 20
49 67 20
49 67 20
49 67 20
49 67 20
49 67 20
49 67 20
49 67 20
49 67 20
49 67 20
49 67 20
49 68 20
49 68 20
49 68 20
49 68 20
49 68 20
49 68 20
49 68 20
49 68 20
49 68 20
49 68 20
49 68 20
49 69 20
49 69 20
49 69 20
49 69 20
49 69 20
49 69 20
49 69 20
49 69 20
49 69 20
49 69 20
49 70 20
49 70 20
49 70 20
49 70 20
49 70 20
49 70 20
49 70 20
49 70 20
49 70 20
49 71 20
49 71 20
49 71 20
49 71 20
49 71 20
49 71 20
49 71 20
49 71 20
49 71 20
49 72 20
49 72 20
49 72 20
49 72 20
49 72 20
49 72 20
49 72 20
49 72 20
49 72 20
49 73 20
49 73 20
49 73 20
49 73 20
49 73 20
49 73 20
49 73 20
49 73 20
49 74 20
49 74 20
49 74 20
49 74 20
49 74 20
49 74 20
49 74 20
49 74 20
49 74 20
49 75 20
49 75 20
49 75 20
49 75 20
49 75 20
49 75 20
49 75 20
49 75 20
49 75 20
49 76 20
49 76 20
49 76 20
49 76 20
49 76 20
49 76 20
49 76 20
49 76 20
49 76 20
49 76 20
49 77 20
49 77 20
49 77 20
49 77 20
49 77 20
49 77 20
49 77 20
49 77 20
49 77 20
49 77 20
49 78 20
49 78 20
49 78 20
49 78 20
49 78 20
49 78 20
49 78 20
49 78 20
49 78 20
49 78 20
49 79 20
49 79 20
49 79 20
49 79 20
49 79 20
49 79 20
49 79 20
49 79 20
49 79 20
49 79 20
49 80 20
49 80 20
49 80 20
49 80 20
49 80 20
49 80 20
49 80 20
49 80 20
49 80 20
49 80 20
49 81 20
49 81 20
49 81 20
49 81 20
49 81 20
49 81 20
49 81 20
49 81 20
49 81 20
49 82 20
49 82 20
49 82 20
49 82 20
49 82 20
49 82 20
49 82 20
49 82 20
49 83 20
49 83 20
49 83 20
49 83 20
49 83 20
49 83 20
49 83 20
49 84 20
49 84 20
49 84 20
49 84 20
49 84 20
49 84 20
49 84 20
49 85 20
49 85 20
49 85 20
49 85 20
49 85 20
49 85 20
49 86 20
49 86 20
49 86 20
49 86 20
49 86 20
49 86 20
49 87 20
49 87 20
49 87 20
49 87 20
49 87 20
49 87 20
49 88 20
49 88 20
49 88 20
49 88 20
49 88 20
49 88 20
49 89 20
49 89 20
49 89 20
49 89 20
49 89 20
48 89 20
48 89 20
48 89 20
48 89 20
48 89 20
48 90 20
48 90 20
48 90 20
48 90 20
48 90 20
47 90 20
47 90 20
47 90 20
47 90 20
47 90 20
47 91 20
47 91 20
47 91 20
47 91 20
46 91 20
46 91 20
46 91 20
46 91 20
46 92 20
46 92 20
46 92 20
46 92 20
45 92 20
45 92 20
45 92 20
45 92 20
45 93 20
45 93 20
45 93 20
44 93 20
44 93 20
44 93 20
44 93 20
44 94 20
44 94 20
44 94 20
43 94 20
43 94 20
43 94 20
43 94 20
43 95 20
43 95 20
43 95 20
42 95 20
42 95 20
42 95 20
42 95 20
42 96 20
42 96 20
42 96 20
42 96 20
42 97 20
42 97 20
42 97 20
42 97 20
42 98 20
42 98 20
42 98 20
42 99 20
42 99 20
42 99 20
42 100 20
42 100 20
42 100 20
42 101 20
42 101 20
42 101 20
41 101 20
41 101 20
41 101 20
40 101 20
40 101 20
40 101 20
39 101 20
39 101 20
39 101 20
38 101 20
38 101 20
38 101 20
38 101 20
37 102 20
37 102 20
37 102 20
37 103 20
37 103 20
37 103 20
37 104 20
37 104 20
37 104 20
37 105 20
37 105 20
37 105 20
37 106 20
37 106 20
37 106 20
37 107 20
37 107 20
37 107 20
37 108 20
37 108 20
37 108 20
37 109 20
37 109 20
37 109 20
37 110 20
37 110 20
37 111 20
37 111 20
37 113 20
37 113 20
37 114 20
37 115 17
37 116 15
37 116 15
37 117 20
37 118 17
37 119 15
37 119 15
37 120 20
37 121 17
37 121 17
37 122 20
36 123 17
36 123 17
35 123 20
34 123 17
34 123 17
33 123 20
32 123 17
32 123 17
31 123 20
31 123 20
30 123 20
30 123 20
29 123 20
29 123 20
28 123 20
28 123 20
27 123 20
27 123 20
26 124 20
26 124 20
26 125 20
26 125 20
26 126 20
26 127 17
26 128 15
25 128 13
25 129 11
25 129 11
25 130 19
25 131 16
25 132 14
25 133 12
