157 29 20
157 29 20
83 69 20
83 69 20
38 3 20
62 185 20
12 194 20
117 124 20
117 124 20
117 124 20
117 124 20
117 124 20
117 124 20
117 124 20
117 124 20
117 124 20
117 124 20
117 124 20
117 124 20
117 124 20
117 124 20
117 124 20
117 124 20
117 124 20
117 124 20
22 114 20
83 142 20
49 3 20
60 3 20
60 3 20
60 3 20
60 3 20
60 3 20
60 3 20
60 3 20
71 3 20
71 3 20
71 3 20
71 3 20
71 3 20
71 3 20
71 3 20
117 113 20
117 113 20
117 113 20
117 113 20
117 113 20
117 113 20
117 113 20
117 102 20
117 102 20
117 102 20
117 102 20
117 102 20
117 102 20
117 102 20
117 102 20
117 102 20
117 102 20
117 102 20
117 102 20
117 102 20
117 102 20
117 102 20
117 102 20
117 102 20
117 102 20
117 102 20
117 102 20
128 113 20
128 102 20
128 91 20
146 29 20
146 29 20
146 29 20
146 29 20
146 29 20
146 29 20
146 29 20
146 29 20
146 29 20
146 29 20
146 29 20
146 29 20
146 29 20
146 29 20
135 29 20
135 29 20
135 29 20
135 29 20
135 29 20
135 29 20
135 29 20
135 29 20
135 29 20
135 29 20
135 29 20
135 29 20
135 29 20
135 29 20
135 29 20
135 29 20
135 29 20
135 29 20
135 29 20
135 29 20
146 40 20
146 40 20
146 40 20
146 40 20
146 40 20
146 40 20
146 40 20
135 40 20
135 40 20
135 40 20
135 40 20
135 40 20
135 40 20
135 40 20
135 40 20
135 40 20
135 40 20
135 40 20
135 40 20
135 51 20
135 62 20
135 73 20
83 58 20
83 47 20
83 36 20
83 36 20
83 36 20
83 36 20
83 36 20
83 25 20
83 25 20
83 25 20
83 25 20
83 25 20
83 25 20
83 25 20
83 25 20
83 25 20
83 25 20
83 25 20
83 25 20
83 25 20
83 25 20
83 25 20
83 25 20
83 25 20
83 25 20
83 25 20
83 25 20
72 36 20
72 36 20
72 36 20
72 36 20
72 36 20
72 36 20
72 36 20
72 36 20
72 36 20
72 36 20
72 36 20
72 36 20
72 36 20
72 36 20
72 36 20
72 36 20
72 36 20
72 36 20
72 36 20
72 36 20
94 36 20
94 36 20
94 36 20
94 36 20
94 36 20
94 36 20
94 36 20
94 36 20
94 36 20
94 36 20
94 36 20
94 36 20
94 36 20
94 36 20
94 36 20
94 36 20
94 36 20
94 36 20
94 36 20
94 36 20
72 47 20
72 47 20
72 58 20
72 69 20
72 80 20
83 80 20
83 80 20
83 80 20
83 80 20
83 80 20
83 80 20
83 80 20
83 80 20
83 80 20
83 80 20
83 80 20
83 80 20
83 80 20
83 80 20
83 80 20
83 80 20
83 80 20
83 80 20
83 80 20
83 80 20
72 91 20
72 91 20
72 91 20
72 91 20
72 91 20
72 91 20
72 91 20
72 91 20
72 91 20
83 91 20
83 91 20
83 91 20
83 91 20
83 91 20
94 91 20
94 91 20
94 91 20
94 91 20
94 91 20
94 91 20
94 91 20
94 91 20
94 91 20
94 91 20
94 91 20
94 91 20
94 91 20
94 91 20
94 91 20
94 91 20
94 91 20
94 91 20
94 91 20
94 91 20
83 102 20
94 102 20
94 102 20
105 102 20
105 102 20
105 102 20
105 102 20
105 102 20
105 102 20
105 102 20
105 102 20
105 102 20
105 102 20
105 102 20
105 102 20
105 102 20
105 102 20
105 102 20
105 102 20
105 102 20
105 102 20
105 102 20
105 102 20
94 113 20
105 113 20
105 113 20
105 113 20
105 113 20
105 113 20
105 113 20
105 113 20
105 113 20
105 113 20
105 113 20
105 113 20
105 113 20
105 113 20
105 113 20
105 113 20
105 113 20
105 113 20
105 113 20
105 113 20
105 113 20
83 113 20
72 113 20
72 113 20
72 113 20
72 113 20
72 113 20
72 113 20
72 113 20
72 113 20
72 113 20
72 113 20
72 113 20
72 113 20
72 113 20
72 113 20
72 113 20
72 113 20
72 113 20
72 113 20
72 113 20
72 113 20
83 124 20
83 124 20
83 124 20
83 124 20
83 124 20
83 124 20
83 124 20
83 124 20
83 124 20
83 124 20
83 124 20
94 124 20
94 124 20
94 124 20
94 124 20
94 124 20
94 124 20
94 124 20
94 124 20
94 124 20
94 124 20
94 124 20
94 124 20
94 124 20
94 124 20
94 124 20
94 124 20
94 124 20
94 124 20
94 124 20
94 124 20
72 124 20
72 124 20
72 124 20
72 124 20
72 124 20
72 124 20
72 124 20
72 124 20
72 124 20
72 124 20
72 124 20
72 124 20
72 124 20
72 124 20
72 124 20
72 124 20
72 124 20
72 124 20
72 124 20
72 124 20
83 135 20
83 135 20
83 135 20
94 135 20
94 135 20
94 135 20
94 135 20
94 135 20
94 135 20
94 135 20
94 135 20
94 135 20
94 135 20
94 135 20
94 135 20
94 135 20
94 135 20
94 135 20
94 135 20
94 135 20
94 135 20
94 135 20
94 135 20
72 135 20
72 135 20
61 135 20
61 135 20
61 135 20
61 135 20
61 124 20
61 124 20
61 124 20
61 113 20
61 113 20
61 113 20
61 113 20
61 113 20
61 113 20
61 113 20
61 113 20
61 113 20
61 113 20
61 113 20
61 113 20
61 113 20
61 113 20
61 113 20
61 113 20
61 113 20
61 113 20
61 113 20
61 113 20
50 124 20
50 124 20
50 124 20
50 124 20
50 124 20
50 124 20
50 124 20
50 124 20
50 124 20
50 113 20
50 113 20
50 113 20
50 113 20
50 113 20
50 113 20
50 113 20
50 113 20
50 113 20
50 113 20
50 113 20
50 113 20
50 113 20
50 113 20
50 113 20
50 113 20
50 113 20
50 113 20
50 113 20
50 113 20
39 124 20
39 124 20
39 124 20
39 124 20
39 124 20
39 124 20
39 124 20
39 124 20
39 124 20
39 124 20
39 124 20
39 124 20
39 124 20
39 124 20
39 124 20
39 124 20
39 124 20
39 124 20
39 124 20
39 124 20
50 135 20
50 135 20
50 135 20
50 135 20
50 135 20
50 135 20
50 135 20
50 135 20
50 135 20
50 135 20
50 135 20
50 135 20
50 135 20
50 135 20
50 135 20
50 135 20
50 135 20
50 135 20
50 135 20
50 135 20
61 146 20
61 146 20
61 146 20
61 146 20
61 146 20
61 146 20
61 146 20
61 146 20
61 146 20
61 146 20
61 146 20
61 146 20
61 146 20
61 146 20
61 146 20
61 146 20
61 146 20
61 146 20
61 146 20
61 146 20
72 146 20
72 157 20
83 157 20
83 157 20
83 157 20
83 157 20
83 157 20
83 157 20
83 157 20
83 157 20
83 157 20
94 157 20
94 157 20
94 157 20
94 157 20
94 157 20
94 157 20
94 157 20
94 157 20
94 157 20
94 157 20
94 157 20
94 157 20
94 157 20
94 157 20
94 157 20
94 157 20
94 157 20
94 157 20
94 157 20
94 157 20
83 168 20
83 168 20
83 168 20
83 168 20
83 168 20
83 168 20
83 168 20
83 168 20
83 168 20
83 168 20
83 168 20
83 168 20
83 168 20
83 168 20
83 168 20
83 168 20
83 168 20
83 168 20
83 168 20
83 168 20
61 157 20
61 157 20
61 157 20
61 157 20
50 157 20
50 157 20
50 157 20
50 157 20
50 157 20
50 157 20
50 157 20
50 157 20
50 157 20
50 157 20
50 157 20
50 157 20
50 157 20
50 157 20
50 157 20
50 157 20
50 157 20
50 157 20
50 157 20
50 157 20
61 168 20
61 168 20
61 168 20
61 168 20
61 168 20
61 168 20
61 168 20
61 168 20
61 168 20
61 168 20
61 168 20
61 168 20
61 168 20
61 168 20
61 168 20
61 168 20
61 168 20
61 168 20
61 168 20
61 168 20
72 168 20
72 168 20
72 168 20
72 168 20
72 168 20
72 168 20
72 168 20
72 168 20
72 168 20
72 168 20
72 168 20
72 168 20
72 168 20
72 168 20
72 168 20
72 168 20
72 168 20
72 168 20
72 168 20
72 168 20
72 102 20
72 102 20
72 102 20
72 102 20
72 102 20
72 102 20
72 102 20
72 102 20
72 102 20
72 102 20
72 102 20
72 102 20
72 102 20
72 102 20
72 102 20
72 102 20
72 102 20
72 102 20
72 102 20
72 102 20
61 91 20
61 80 20
61 69 20
61 69 20
61 69 20
61 69 20
61 69 20
61 58 20
61 58 20
61 58 20
61 58 20
61 58 20
61 58 20
61 58 20
61 58 20
61 58 20
61 58 20
61 58 20
61 58 20
61 58 20
61 58 20
61 58 20
61 58 20
61 58 20
61 58 20
61 58 20
61 58 20
50 69 20
50 69 20
50 69 20
50 69 20
50 69 20
50 69 20
50 69 20
50 69 20
50 69 20
50 69 20
50 69 20
50 69 20
50 69 20
50 69 20
50 69 20
50 69 20
50 69 20
50 69 20
50 69 20
50 69 20
50 80 20
50 80 20
50 80 20
50 80 20
50 91 20
50 91 20
50 91 20
50 91 20
39 91 20
39 91 20
39 91 20
39 91 20
39 91 20
39 91 20
39 91 20
39 91 20
39 91 20
39 91 20
39 91 20
39 80 20
39 69 20
39 69 20
39 69 20
39 69 20
39 69 20
39 69 20
39 69 20
39 69 20
39 69 20
39 69 20
39 69 20
39 58 20
39 58 20
39 58 20
39 58 20
39 58 20
39 58 20
39 58 20
39 58 20
39 58 20
39 58 20
39 58 20
39 58 20
39 58 20
39 58 20
39 58 20
39 58 20
39 58 20
39 58 20
39 58 20
39 58 20
28 69 20
28 58 20
28 58 20
28 58 20
28 58 20
28 58 20
28 58 20
28 58 20
28 58 20
28 58 20
28 58 20
28 47 20
28 47 20
28 47 20
28 47 20
39 47 20
50 47 20
61 47 20
61 36 20
61 36 20
61 36 20
61 36 20
61 36 20
61 36 20
61 36 20
61 36 20
61 36 20
61 36 20
61 36 20
61 36 20
61 25 20
61 25 20
61 25 20
61 25 20
61 25 20
61 25 20
61 25 20
61 25 20
72 25 20
72 25 20
72 25 20
72 25 20
72 25 20
72 25 20
72 25 20
72 25 20
72 25 20
72 25 20
72 25 20
72 25 20
72 25 20
72 25 20
72 25 20
72 25 20
72 25 20
72 25 20
72 25 20
72 25 20
61 14 20
61 14 20
33 114 20
33 114 20
33 114 20
33 103 20
33 103 20
33 103 20
33 103 20
33 103 20
33 103 20
33 103 20
33 103 20
73 185 20
73 185 20
73 185 20
73 185 20
73 185 20
73 185 20
84 185 20
84 185 20
84 185 20
84 185 20
95 185 20
95 174 20
95 174 20
95 174 20
95 174 20
95 174 20
95 174 20
95 174 20
95 174 20
95 174 20
95 174 20
106 174 20
106 163 20
106 163 20
106 163 20
106 163 20
106 163 20
106 152 20
106 152 20
106 141 20
106 141 20
106 141 20
106 141 20
106 141 20
106 141 20
106 141 20
106 141 20
106 141 20
106 141 20
106 141 20
106 141 20
106 141 20
106 141 20
106 141 20
106 141 20
106 141 20
106 141 20
106 141 20
106 141 20
117 152 20
117 152 20
117 152 20
117 152 20
117 152 20
117 141 20
117 141 20
117 141 20
117 141 20
117 141 20
117 141 20
117 141 20
117 141 20
117 141 20
117 141 20
117 141 20
117 141 20
117 141 20
117 141 20
117 141 20
117 141 20
117 141 20
117 141 20
117 141 20
117 141 20
128 152 20
128 152 20
128 152 20
128 152 20
128 152 20
128 152 20
128 152 20
128 152 20
128 152 20
128 152 20
128 152 20
128 152 20
128 152 20
128 152 20
128 152 20
128 152 20
128 152 20
128 152 20
128 152 20
128 152 20
117 163 20
117 163 20
117 163 20
117 163 20
128 163 20
128 163 20
128 163 20
128 163 20
128 163 20
128 163 20
128 163 20
128 163 20
128 163 20
128 163 20
128 163 20
128 163 20
128 163 20
128 163 20
128 163 20
128 163 20
128 163 20
128 163 20
128 163 20
128 163 20
117 174 20
117 174 20
117 174 20
117 174 20
117 174 20
117 174 20
117 174 20
117 174 20
117 174 20
117 174 20
117 174 20
117 174 20
117 174 20
117 174 20
117 174 20
128 174 20
128 174 20
128 174 20
128 174 20
128 174 20
128 174 20
128 174 20
128 174 20
128 174 20
128 174 20
128 174 20
128 174 20
128 174 20
128 174 20
128 174 20
128 174 20
128 174 20
128 174 20
128 174 20
128 174 20
117 185 20
117 185 20
128 185 20
128 185 20
128 185 20
128 185 20
128 185 20
128 185 20
128 185 20
128 185 20
128 185 20
128 185 20
128 185 20
128 185 20
128 185 20
128 185 20
128 185 20
128 185 20
128 185 20
128 185 20
128 185 20
128 185 20
106 185 20
106 196 20
106 196 20
106 196 20
106 196 20
106 196 20
106 196 20
106 196 20
106 196 20
106 196 20
106 196 20
106 196 20
106 196 20
106 196 20
106 196 20
106 196 20
106 196 20
106 196 20
106 196 20
106 196 20
106 196 20
117 196 20
117 196 20
117 196 20
117 196 20
117 196 20
117 196 20
117 196 20
117 196 20
117 196 20
117 196 20
117 196 20
117 196 20
117 196 20
117 196 20
117 196 20
117 196 20
117 196 20
117 196 20
117 196 20
117 196 20
95 196 20
84 196 20
73 196 20
62 196 20
51 196 20
51 196 20
51 196 20
51 196 20
51 196 20
51 196 20
51 196 20
51 196 20
51 196 20
51 196 20
51 196 20
51 196 20
51 196 20
51 185 20
51 185 20
51 185 20
51 185 20
51 174 20
51 174 20
51 174 20
40 174 20
40 174 20
40 174 20
40 174 20
40 174 20
40 174 20
40 163 20
40 152 20
40 152 20
40 152 20
40 152 20
40 152 20
40 152 20
40 152 20
40 152 20
40 152 20
40 152 20
40 152 20
40 152 20
40 152 20
40 152 20
40 152 20
40 152 20
40 152 20
40 152 20
40 152 20
40 152 20
29 163 20
29 152 20
29 141 20
29 141 20
29 141 20
29 141 20
29 141 20
29 141 20
29 141 20
29 141 20
29 141 20
29 141 20
29 141 20
29 141 20
29 141 20
29 141 20
29 141 20
29 141 20
29 141 20
29 141 20
29 130 20
29 130 20
29 130 20
29 130 20
29 130 20
18 130 20
7 130 20
7 130 20
7 130 20
7 130 20
7 130 20
7 130 20
7 130 20
7 130 20
7 130 20
7 130 20
7 130 20
7 130 20
7 130 20
7 130 20
7 130 20
7 130 20
7 130 20
7 130 20
7 130 20
7 130 20
18 141 20
7 141 20
7 141 20
7 141 20
7 141 20
7 141 20
7 141 20
7 141 20
7 141 20
7 141 20
7 141 20
7 141 20
7 152 20
7 152 20
7 152 20
7 152 20
7 152 20
7 152 20
7 152 20
7 152 20
7 152 20
7 152 20
7 152 20
7 152 20
7 152 20
7 152 20
7 152 20
7 152 20
7 152 20
7 152 20
7 152 20
7 152 20
18 152 20
18 163 20
7 163 20
7 163 20
7 163 20
7 163 20
7 163 20
7 163 20
7 163 20
7 163 20
7 163 20
7 163 20
7 163 20
7 163 20
7 163 20
7 163 20
7 174 20
7 174 20
7 174 20
18 174 20
29 174 20
29 185 20
29 185 20
29 185 20
29 185 20
29 185 20
29 185 20
29 185 20
29 185 20
40 185 20
40 185 20
40 185 20
40 185 20
40 185 20
40 185 20
40 185 20
40 185 20
40 185 20
40 185 20
40 185 20
40 185 20
40 185 20
40 185 20
40 185 20
40 185 20
40 185 20
40 185 20
40 185 20
40 185 20
18 185 20
18 185 20
7 185 20
7 185 20
7 185 20
7 185 20
7 185 20
7 185 20
7 185 20
7 185 20
7 185 20
7 185 20
7 185 20
7 185 20
7 185 20
7 185 20
7 185 20
7 185 20
7 185 20
7 185 20
7 185 20
7 185 20
29 196 20
40 196 20
40 196 20
40 196 20
40 196 20
40 196 20
40 196 20
40 196 20
40 196 20
40 196 20
40 196 20
40 196 20
40 196 20
40 196 20
40 196 20
40 196 20
40 196 20
40 141 20
40 141 20
40 141 20
40 141 20
40 141 20
40 141 20
40 141 20
40 141 20
40 141 20
40 141 20
40 141 20
40 141 20
40 141 20
40 141 20
40 141 20
40 141 20
40 141 20
40 141 20
40 141 20
40 141 20
1 194 20
1 194 20
1 194 20
1 194 20
1 194 20
1 194 20
1 194 20
1 194 20
1 194 20
1 194 20
1 194 20
1 194 20
1 194 20
1 194 20
1 194 20
1 194 20
1 194 20
1 194 20
1 194 20
1 194 20
12 193 20
12 193 20
12 192 20
12 192 20
13 192 20
13 191 17
13 191 17
14 191 20
14 190 17
14 190 17
15 190 20
16 190 17
17 190 15
18 190 13
18 189 11
18 189 11
18 188 19
18 187 16
18 187 16
18 186 20
18 186 20
18 184 20
18 184 20
18 183 20
18 183 20
18 182 20
18 181 17
18 180 15
18 179 13
18 178 11
18 177 10
18 177 10
18 176 17
18 175 15
19 174 13
19 173 11
20 173 10
20 172 10
20 171 10
20 170 10
20 169 10
20 168 10
20 167 10
20 166 10
20 165 10
20 164 10
20 163 10
20 162 10
20 161 10
20 160 10
20 159 10
20 158 10
20 157 10
20 156 10
20 155 10
20 154 10
20 153 10
20 153 10
19 153 17
19 152 15
18 151 13
18 150 11
18 149 10
18 149 10
18 148 17
18 147 15
18 146 13
18 145 11
18 145 11
18 144 19
18 143 16
18 142 14
18 140 12
18 140 12
18 139 20
18 138 17
18 137 15
18 137 15
18 136 20
18 135 17
18 135 17
18 134 20
18 133 17
18 133 17
18 132 20
18 131 17
18 131 17
19 130 20
20 130 17
21 130 15
22 130 13
22 130 13
22 129 20
22 128 17
22 127 15
22 126 13
22 125 11
22 124 10
22 124 10
22 123 17
22 122 15
22 121 13
22 120 11
22 119 10
22 118 10
22 117 10
22 116 10
22 115 10
23 114 10
24 114 10
25 114 10
26 114 10
26 114 10
27 114 17
28 114 15
29 114 13
29 114 13
30 114 20
31 114 17
31 114 17
32 114 20
32 114 20
33 113 20
33 113 20
33 113 20
33 112 20
33 112 20
33 112 20
33 111 20
33 111 20
33 111 20
33 110 20
33 110 20
33 110 20
33 110 20
33 109 20
33 109 20
33 109 20
33 109 20
33 108 20
33 108 20
33 108 20
33 108 20
33 107 20
33 107 20
33 107 20
33 107 20
33 107 20
33 106 20
33 106 20
33 106 20
33 106 20
33 106 20
33 106 20
33 105 20
33 105 20
33 105 20
33 105 20
33 105 20
33 105 20
33 105 20
33 104 20
33 104 20
33 104 20
33 104 20
33 104 20
33 104 20
33 104 20
33 102 20
33 102 20
33 102 20
33 102 20
33 102 20
33 102 20
33 102 20
33 102 20
33 102 20
33 101 20
33 101 20
33 101 20
33 101 20
33 101 20
33 101 20
33 101 20
33 101 20
33 101 20
33 100 20
33 100 20
33 100 20
33 100 20
33 100 20
33 100 20
33 100 20
33 100 20
33 100 20
34 100 20
34 100 20
34 100 20
34 100 20
34 100 20
34 100 20
34 100 20
34 100 20
34 100 20
34 100 20
34 100 20
34 100 20
34 99 20
34 99 20
34 99 20
34 99 20
34 99 20
34 99 20
34 99 20
34 99 20
34 99 20
34 99 20
34 99 20
35 99 20
35 99 20
35 99 20
35 99 20
35 99 20
35 99 20
35 99 20
35 99 20
35 99 20
35 99 20
35 99 20
35 99 20
35 99 20
35 99 20
35 99 20
35 98 20
35 98 20
35 98 20
35 98 20
35 98 20
35 98 20
35 98 20
35 98 20
35 98 20
35 98 20
35 98 20
35 98 20
35 98 20
35 97 20
35 97 20
35 97 20
35 97 20
35 97 20
35 97 20
35 97 20
35 97 20
35 97 20
35 97 20
35 97 20
35 97 20
36 97 20
36 97 20
36 97 20
36 97 20
36 97 20
36 97 20
36 97 20
36 97 20
36 97 20
36 97 20
36 97 20
36 97 20
36 97 20
36 97 20
36 97 20
36 97 20
37 97 20
37 97 20
37 97 20
37 97 20
37 97 20
37 97 20
37 97 20
37 97 20
37 97 20
37 97 20
37 97 20
37 97 20
37 97 20
37 97 20
37 97 20
37 97 20
37 97 20
37 97 20
37 97 20
37 97 20
37 97 20
37 97 20
37 96 20
37 96 20
37 96 20
37 96 20
37 96 20
37 96 20
37 96 20
37 96 20
37 96 20
37 96 20
37 96 20
37 96 20
37 96 20
37 96 20
37 96 20
37 96 20
37 96 20
37 96 20
38 96 20
38 96 20
38 96 20
38 96 20
38 96 20
38 96 20
38 96 20
38 96 20
38 96 20
38 96 20
38 96 20
38 96 20
38 96 20
38 96 20
38 96 20
38 96 20
38 96 20
38 96 20
38 96 20
38 96 20
38 96 20
38 96 20
38 96 20
38 96 20
38 95 20
38 95 20
38 95 20
38 95 20
38 95 20
38 95 20
38 95 20
38 95 20
38 95 20
38 95 20
38 95 20
38 95 20
38 95 20
38 95 20
38 95 20
38 95 20
38 95 20
38 95 20
38 95 20
38 95 20
39 95 20
39 95 20
39 95 20
39 95 20
39 95 20
39 95 20
39 95 20
39 95 20
39 95 20
39 95 20
39 95 20
39 95 20
39 95 20
39 95 20
39 95 20
39 95 20
39 95 20
39 95 20
39 95 20
39 95 20
39 95 20
39 95 20
39 95 20
39 95 20
39 95 20
39 95 20
39 94 20
39 94 20
39 94 20
39 94 20
39 94 20
39 94 20
39 94 20
39 94 20
39 94 20
39 94 20
39 94 20
39 94 20
39 94 20
39 94 20
39 94 20
39 94 20
39 94 20
39 94 20
39 94 20
39 94 20
39 94 20
39 93 20
39 93 20
39 93 20
39 93 20
39 93 20
39 93 20
39 93 20
39 93 20
39 93 20
39 93 20
39 93 20
39 93 20
39 93 20
39 93 20
39 93 20
39 93 20
39 93 20
39 93 20
39 92 20
39 92 20
39 92 20
39 92 20
39 92 20
39 92 20
39 92 20
39 92 20
39 92 20
39 92 20
39 92 20
39 92 20
39 92 20
39 92 20
39 90 20
39 90 20
39 90 20
39 90 20
39 90 20
39 90 20
39 90 20
39 90 20
39 89 20
39 89 20
39 89 20
39 89 20
39 89 20
39 89 20
39 88 20
39 88 20
39 88 20
39 88 20
39 88 20
39 87 20
39 87 20
39 87 20
39 86 20
39 86 20
39 86 20
39 85 20
39 85 20
39 84 20
39 84 20
39 83 20
39 83 20
39 82 20
40 82 17
40 82 17
41 82 20
41 82 20
42 82 20
42 82 20
43 82 20
43 82 20
43 82 20
44 82 20
44 82 20
44 82 20
44 82 20
45 82 20
45 82 20
45 82 20
45 82 20
46 82 20
46 82 20
46 82 20
46 82 20
47 82 20
47 82 20
47 82 20
47 82 20
48 82 20
48 82 20
48 82 20
49 82 20
49 82 20
49 82 20
50 82 20
50 82 20
51 82 20
51 82 20
52 82 20
52 82 20
53 82 20
54 82 17
55 82 15
56 82 13
57 82 11
58 82 10
58 82 10
59 82 17
60 82 15
61 82 13
62 82 11
63 82 10
63 81 10
64 81 10
64 80 10
65 80 10
65 79 10
66 79 10
66 78 10
67 78 10
68 78 10
69 78 10
70 78 10
71 78 10
72 78 10
72 77 10
72 76 10
72 75 10
72 74 10
72 73 10
72 72 10
72 71 10
72 70 10
72 68 10
72 67 10
72 67 10
72 66 17
72 65 15
72 64 13
72 63 11
72 63 11
72 62 19
72 61 16
72 60 14
72 59 12
72 59 12
72 57 20
72 56 17
72 55 15
72 54 13
72 53 11
72 53 11
72 52 19
72 51 16
72 50 14
72 49 12
72 49 12
72 48 20
71 47 17
71 47 17
70 47 20
70 47 20
69 47 20
69 47 20
68 47 20
68 47 20
67 47 20
67 47 20
66 47 20
66 47 20
65 47 20
65 47 20
64 47 20
64 47 20
63 47 20
62 47 17
61 46 15
61 45 13
61 45 13
61 44 20
61 43 17
61 43 17
61 42 20
61 42 20
61 41 20
61 41 20
61 40 20
61 40 20
61 40 20
61 39 20
61 39 20
61 39 20
61 39 20
61 38 20
61 38 20
61 38 20
61 38 20
61 38 20
61 38 20
61 37 20
61 37 20
61 37 20
61 37 20
61 37 20
61 37 20
61 37 20
61 37 20
61 37 20
61 35 20
61 35 20
61 35 20
61 35 20
61 35 20
61 35 20
61 35 20
61 35 20
61 35 20
61 35 20
61 35 20
61 35 20
61 35 20
61 35 20
61 35 20
61 34 20
61 34 20
61 34 20
61 34 20
61 34 20
61 34 20
61 34 20
61 34 20
61 34 20
61 34 20
61 34 20
61 34 20
61 34 20
61 34 20
61 34 20
61 34 20
61 34 20
61 34 20
61 34 20
61 33 20
61 33 20
61 33 20
61 33 20
61 33 20
61 33 20
61 33 20
61 33 20
61 33 20
61 33 20
61 33 20
61 33 20
61 33 20
61 33 20
61 33 20
61 33 20
61 33 20
61 33 20
61 33 20
61 33 20
61 33 20
61 32 20
61 32 20
61 32 20
61 32 20
61 32 20
61 32 20
61 32 20
61 32 20
61 32 20
61 32 20
61 32 20
61 32 20
61 32 20
61 32 20
61 32 20
61 32 20
61 32 20
61 32 20
61 32 20
61 32 20
61 32 20
61 32 20
61 32 20
61 31 20
61 31 20
61 31 20
61 31 20
61 31 20
61 31 20
61 31 20
61 31 20
61 31 20
61 31 20
61 31 20
61 31 20
61 31 20
61 31 20
61 31 20
61 31 20
61 31 20
61 31 20
61 31 20
61 31 20
61 31 20
61 31 20
61 31 20
61 31 20
61 30 20
61 30 20
61 30 20
61 30 20
61 30 20
61 30 20
61 30 20
61 30 20
61 30 20
61 30 20
61 30 20
61 30 20
61 30 20
61 30 20
61 30 20
61 30 20
61 30 20
61 30 20
61 30 20
61 30 20
61 30 20
61 30 20
61 30 20
61 29 20
61 29 20
61 29 20
61 29 20
61 29 20
61 29 20
61 29 20
61 29 20
61 29 20
61 29 20
61 29 20
61 29 20
61 29 20
61 29 20
61 29 20
61 29 20
61 29 20
61 29 20
61 29 20
61 29 20
61 29 20
61 28 20
61 28 20
61 28 20
61 28 20
61 28 20
61 28 20
61 28 20
61 28 20
61 28 20
61 28 20
61 28 20
61 28 20
61 28 20
61 28 20
61 28 20
61 28 20
61 28 20
61 27 20
61 27 20
61 27 20
61 27 20
61 27 20
61 27 20
61 27 20
61 27 20
61 27 20
61 27 20
61 27 20
61 27 20
61 27 20
61 27 20
61 26 20
61 26 20
61 26 20
61 26 20
61 26 20
61 26 20
61 26 20
61 26 20
61 26 20
61 26 20
61 24 20
61 24 20
61 24 20
61 24 20
61 24 20
61 23 20
61 23 20
61 23 20
61 23 20
61 22 20
61 22 20
61 22 20
61 21 20
61 21 20
61 20 20
61 20 20
61 19 20
61 19 20
61 18 20
61 18 20
61 17 20
61 17 20
61 16 20
61 16 20
61 15 20
61 15 20
61 13 20
61 13 20
61 12 20
61 12 20
61 11 20
61 11 20
61 11 20
61 10 20
61 10 20
61 10 20
61 9 20
61 9 20
61 9 20
61 9 20
61 8 20
61 8 20
61 8 20
61 8 20
61 8 20
61 7 20
61 7 20
61 7 20
61 7 20
61 7 20
61 6 20
61 6 20
61 6 20
61 6 20
61 6 20
61 6 20
61 5 20
61 5 20
61 5 20
61 5 20
61 5 20
61 5 20
61 5 20
61 4 20
61 4 20
61 4 20
61 4 20
61 4 20
61 4 20
61 4 20
61 4 20
61 3 20
61 3 20
61 3 20
61 3 20
61 3 20
61 3 20
61 3 20
61 3 20
62 3 20
62 3 20
62 3 20
62 3 20
62 3 20
62 3 20
62 3 20
62 3 20
62 3 20
63 3 20
63 3 20
63 3 20
63 3 20
63 3 20
63 3 20
63 3 20
63 3 20
63 3 20
63 3 20
64 3 20
64 3 20
64 3 20
64 3 20
64 3 20
64 3 20
64 3 20
64 3 20
64 3 20
64 3 20
64 3 20
65 3 20
65 3 20
65 3 20
65 3 20
65 3 20
65 3 20
65 3 20
65 3 20
65 3 20
65 3 20
65 3 20
65 3 20
66 3 20
66 3 20
66 3 20
66 3 20
66 3 20
66 3 20
66 3 20
66 3 20
66 3 20
66 3 20
66 3 20
66 3 20
66 3 20
67 3 20
67 3 20
67 3 20
67 3 20
67 3 20
67 3 20
67 3 20
67 3 20
67 3 20
67 3 20
67 3 20
67 3 20
67 3 20
68 3 20
68 3 20
68 3 20
68 3 20
68 3 20
68 3 20
68 3 20
68 3 20
68 3 20
68 3 20
68 3 20
68 3 20
69 3 20
69 3 20
69 3 20
69 3 20
69 3 20
69 3 20
69 3 20
69 3 20
69 3 20
69 3 20
70 3 20
70 3 20
70 3 20
70 3 20
70 3 20
70 3 20
70 3 20
70 3 20
70 3 20
72 3 20
72 3 20
72 3 20
72 3 20
72 3 20
73 3 20
73 3 20
73 3 20
73 3 20
74 3 20
74 3 20
74 3 20
75 3 20
75 3 20
76 3 20
76 3 20
77 3 20
78 3 17
78 4 15
78 5 13
78 5 13
78 6 20
78 6 20
78 7 20
78 7 20
79 7 20
61 185 20
60 185 17
59 185 15
58 185 13
57 185 11
57 185 11
56 185 19
55 185 16
54 185 14
54 185 14
53 185 20
53 185 20
52 185 20
52 185 20
51 184 20
51 184 20
51 184 20
51 184 20
51 183 20
51 183 20
51 183 20
51 182 20
51 182 20
51 182 20
51 181 20
51 181 20
51 181 20
51 180 20
51 180 20
51 180 20
51 179 20
51 179 20
51 179 20
51 178 20
51 178 20
51 178 20
51 177 20
51 177 20
51 177 20
51 176 20
51 176 20
51 176 20
51 175 20
51 175 20
51 175 20
50 174 20
50 174 20
50 174 20
49 174 20
49 174 20
49 174 20
49 174 20
48 174 20
48 174 20
48 174 20
48 174 20
47 174 20
47 174 20
47 174 20
47 174 20
46 174 20
46 174 20
46 174 20
46 174 20
45 174 20
45 174 20
45 174 20
45 174 20
45 174 20
44 174 20
44 174 20
44 174 20
44 174 20
44 174 20
43 174 20
43 174 20
43 174 20
43 174 20
43 174 20
43 174 20
42 174 20
42 174 20
42 174 20
42 174 20
42 174 20
42 174 20
41 174 20
41 174 20
41 174 20
41 174 20
41 174 20
41 174 20
40 173 20
40 173 20
40 173 20
40 173 20
40 172 20
40 172 20
40 172 20
39 172 20
39 172 20
38 172 20
38 172 20
37 172 20
37 172 20
36 172 20
36 172 20
35 172 20
34 172 17
33 172 15
32 172 13
31 172 11
30 172 10
30 172 10
29 172 17
28 172 15
27 172 13
26 172 11
25 172 10
24 172 10
23 172 10
22 172 10
21 172 10
19 131 10
19 131 10
71 48 20
83 141 20
83 140 17
83 139 15
83 138 13
83 138 13
83 137 20
83 137 20
83 136 20
83 136 20
83 134 20
83 134 20
83 134 20
83 134 20
83 133 20
83 133 20
83 133 20
83 133 20
83 133 20
83 132 20
83 132 20
83 132 20
83 132 20
83 132 20
83 132 20
83 132 20
83 131 20
83 131 20
83 131 20
83 131 20
83 131 20
83 131 20
83 131 20
83 131 20
83 131 20
83 130 20
83 130 20
83 130 20
83 130 20
83 130 20
83 130 20
83 130 20
83 130 20
83 130 20
83 130 20
83 130 20
83 130 20
83 129 20
83 129 20
83 129 20
83 129 20
83 129 20
83 129 20
83 129 20
83 129 20
83 129 20
83 129 20
83 129 20
83 129 20
83 129 20
83 129 20
83 128 20
83 128 20
83 128 20
83 128 20
83 128 20
83 128 20
83 128 20
83 128 20
83 128 20
83 128 20
83 128 20
83 128 20
83 128 20
83 128 20
83 128 20
83 128 20
83 127 20
83 127 20
83 127 20
83 127 20
83 127 20
83 127 20
83 127 20
83 127 20
83 127 20
83 127 20
83 127 20
83 127 20
83 127 20
83 127 20
83 127 20
83 127 20
83 126 20
83 126 20
83 126 20
83 126 20
83 126 20
83 126 20
83 126 20
83 126 20
83 126 20
83 126 20
83 126 20
83 126 20
83 126 20
83 126 20
83 126 20
83 125 20
83 125 20
83 125 20
83 125 20
83 125 20
83 125 20
83 125 20
83 125 20
83 125 20
83 125 20
83 125 20
83 125 20
83 125 20
83 123 20
83 123 20
83 123 20
83 123 20
83 123 20
83 123 20
83 123 20
83 123 20
83 123 20
83 122 20
83 122 20
83 122 20
83 122 20
83 122 20
83 122 20
83 122 20
83 121 20
83 121 20
83 121 20
83 121 20
83 121 20
83 120 20
83 120 20
83 120 20
83 120 20
83 119 20
83 119 20
83 119 20
83 118 20
83 118 20
83 117 20
83 117 20
83 116 20
83 115 17
83 114 15
83 112 13
83 111 11
83 110 10
83 110 10
83 109 17
83 108 15
83 107 13
83 106 11
83 105 10
83 105 10
83 104 17
83 103 15
83 101 13
83 101 13
83 100 20
83 99 17
83 99 17
83 98 20
83 98 20
83 97 20
83 97 20
83 96 20
83 96 20
83 95 20
83 95 20
83 94 20
83 94 20
83 94 20
83 93 20
83 93 20
83 93 20
83 92 20
83 92 20
83 92 20
83 92 20
82 91 20
82 91 20
82 91 20
82 91 20
82 91 20
81 91 20
81 91 20
81 91 20
81 91 20
80 91 20
80 91 20
80 91 20
80 91 20
79 91 20
79 91 20
79 91 20
79 91 20
79 91 20
78 91 20
78 91 20
78 91 20
78 91 20
78 91 20
77 91 20
77 91 20
77 91 20
77 91 20
77 91 20
77 91 20
76 91 20
76 91 20
76 91 20
76 91 20
76 91 20
76 91 20
76 91 20
75 91 20
75 91 20
75 91 20
75 91 20
75 91 20
75 91 20
75 91 20
75 91 20
74 91 20
74 91 20
74 91 20
74 91 20
74 91 20
74 91 20
74 91 20
74 91 20
73 91 20
73 91 20
73 91 20
73 91 20
73 91 20
73 91 20
73 91 20
73 91 20
73 91 20
72 90 20
72 90 20
72 90 20
72 90 20
72 90 20
72 90 20
72 89 20
72 89 20
72 89 20
72 89 20
72 88 20
72 88 20
72 88 20
72 87 20
72 87 20
72 86 20
72 86 20
72 85 20
72 84 17
72 83 15
72 82 13
72 81 11
72 79 10
82 69 20
81 69 17
80 69 15
79 69 13
78 69 11
78 70 10
78 70 10
77 70 17
76 70 15
75 70 13
74 70 11
73 70 10
156 29 20
156 29 20
155 29 20
155 29 20
154 29 20
154 29 20
153 29 20
153 29 20
152 29 20
152 29 20
152 29 20
151 29 20
151 29 20
151 29 20
150 29 20
150 29 20
150 29 20
150 29 20
149 29 20
149 29 20
149 29 20
149 29 20
149 29 20
148 29 20
148 29 20
148 29 20
148 29 20
148 29 20
148 29 20
148 29 20
147 29 20
147 29 20
147 29 20
147 29 20
147 29 20
147 29 20
147 29 20
147 29 20
147 29 20
147 29 20
147 30 20
147 30 20
147 30 20
147 30 20
147 30 20
147 30 20
147 30 20
147 30 20
147 30 20
147 30 20
147 30 20
147 30 20
146 30 20
146 30 20
146 30 20
146 30 20
146 30 20
146 30 20
146 30 20
146 30 20
146 30 20
146 30 20
146 30 20
146 30 20
146 30 20
146 30 20
146 30 20
146 30 20
146 30 20
146 31 20
146 31 20
146 31 20
146 31 20
146 31 20
146 31 20
146 31 20
146 31 20
146 31 20
146 31 20
146 31 20
146 31 20
146 31 20
146 31 20
146 31 20
146 31 20
146 31 20
146 31 20
146 31 20
146 31 20
146 32 20
146 32 20
146 32 20
146 32 20
146 32 20
146 32 20
146 32 20
146 32 20
146 32 20
146 32 20
146 32 20
146 32 20
146 32 20
146 32 20
146 32 20
146 32 20
146 32 20
146 32 20
146 32 20
146 32 20
146 32 20
146 32 20
146 32 20
146 33 20
146 33 20
146 33 20
146 33 20
146 33 20
146 33 20
146 33 20
146 33 20
146 33 20
146 33 20
146 33 20
146 33 20
146 33 20
146 33 20
146 33 20
146 33 20
146 33 20
146 33 20
146 33 20
146 33 20
146 33 20
146 33 20
146 33 20
146 33 20
146 34 20
146 34 20
146 34 20
146 34 20
146 34 20
146 34 20
146 34 20
146 34 20
146 34 20
146 34 20
146 34 20
146 34 20
146 34 20
146 34 20
146 34 20
146 34 20
146 34 20
146 34 20
146 34 20
146 34 20
146 34 20
146 34 20
146 34 20
146 34 20
146 35 20
146 35 20
146 35 20
146 35 20
146 35 20
146 35 20
146 35 20
146 35 20
146 35 20
146 35 20
146 35 20
146 35 20
146 35 20
146 35 20
146 35 20
146 35 20
146 35 20
146 35 20
146 35 20
146 35 20
146 35 20
146 35 20
146 36 20
146 36 20
146 36 20
146 36 20
146 36 20
146 36 20
146 36 20
146 36 20
146 36 20
146 36 20
146 36 20
146 36 20
146 36 20
146 36 20
146 36 20
146 36 20
146 36 20
146 36 20
146 36 20
146 37 20
146 37 20
146 37 20
146 37 20
146 37 20
146 37 20
146 37 20
146 37 20
146 37 20
146 37 20
146 37 20
146 37 20
146 37 20
146 37 20
146 37 20
146 37 20
146 38 20
146 38 20
146 38 20
146 38 20
146 38 20
146 38 20
146 38 20
146 38 20
146 38 20
146 38 20
146 38 20
146 38 20
146 38 20
146 39 20
146 39 20
146 39 20
146 39 20
146 39 20
146 39 20
146 39 20
146 39 20
146 39 20
146 39 20
145 40 20
145 40 20
145 40 20
145 40 20
145 40 20
145 40 20
145 40 20
145 40 20
145 40 20
145 40 20
144 40 20
144 40 20
144 40 20
144 40 20
144 40 20
144 40 20
144 40 20
144 40 20
144 40 20
144 40 20
144 40 20
144 40 20
144 40 20
144 40 20
143 40 20
143 40 20
143 40 20
143 40 20
143 40 20
143 40 20
143 40 20
143 40 20
143 40 20
143 40 20
143 40 20
143 40 20
143 40 20
143 40 20
143 40 20
143 40 20
143 40 20
143 40 20
142 40 20
142 40 20
142 40 20
142 40 20
142 40 20
142 40 20
142 40 20
142 40 20
142 40 20
142 40 20
142 40 20
142 40 20
142 40 20
142 40 20
142 40 20
142 40 20
142 40 20
142 40 20
142 40 20
142 40 20
142 40 20
141 40 20
141 40 20
141 40 20
141 40 20
141 40 20
141 40 20
141 40 20
141 40 20
141 40 20
141 40 20
141 40 20
141 40 20
141 40 20
141 40 20
141 40 20
141 40 20
141 40 20
141 40 20
141 40 20
141 40 20
141 40 20
141 40 20
141 40 20
141 40 20
140 40 20
140 40 20
140 40 20
140 40 20
140 40 20
140 40 20
140 40 20
140 40 20
140 40 20
140 40 20
140 40 20
140 40 20
140 40 20
140 40 20
140 40 20
140 40 20
140 40 20
140 40 20
140 40 20
140 40 20
140 40 20
140 40 20
140 40 20
140 40 20
140 40 20
139 40 20
139 40 20
139 40 20
139 40 20
139 40 20
139 40 20
139 40 20
139 40 20
139 40 20
139 40 20
139 40 20
139 40 20
139 40 20
139 40 20
139 40 20
139 40 20
139 40 20
139 40 20
139 40 20
139 40 20
139 40 20
139 40 20
139 40 20
139 40 20
139 40 20
138 40 20
138 40 20
138 40 20
138 40 20
138 40 20
138 40 20
138 40 20
138 40 20
138 40 20
138 40 20
138 40 20
138 40 20
138 40 20
138 40 20
138 40 20
138 40 20
138 40 20
138 40 20
138 40 20
138 40 20
138 40 20
138 40 20
138 40 20
137 40 20
137 40 20
137 40 20
137 40 20
137 40 20
137 40 20
137 40 20
137 40 20
137 40 20
137 40 20
137 40 20
137 40 20
137 40 20
137 40 20
137 40 20
137 40 20
137 40 20
137 40 20
137 40 20
137 40 20
136 40 20
136 40 20
136 40 20
136 40 20
136 40 20
136 40 20
136 40 20
136 40 20
136 40 20
136 40 20
136 40 20
136 40 20
136 40 20
136 40 20
136 40 20
136 40 20
136 41 20
136 41 20
136 41 20
136 41 20
136 41 20
136 41 20
136 41 20
136 41 20
136 41 20
136 41 20
136 41 20
135 41 20
135 41 20
135 41 20
135 41 20
135 41 20
135 41 20
135 41 20
135 41 20
135 41 20
135 42 20
135 42 20
135 42 20
135 42 20
135 42 20
135 42 20
135 43 20
135 43 20
135 43 20
135 43 20
135 43 20
135 44 20
135 44 20
135 44 20
135 44 20
135 45 20
135 45 20
135 45 20
135 46 20
135 46 20
135 47 20
135 47 20
135 48 20
135 48 20
135 49 20
135 49 20
135 50 20
135 52 17
135 53 15
135 54 13
135 54 13
135 55 20
135 56 17
135 57 15
135 58 13
135 59 11
135 60 10
135 60 10
135 61 17
135 63 15
135 64 13
135 65 11
135 66 10
135 66 10
135 67 17
135 68 15
135 69 13
135 70 11
135 71 10
135 71 10
135 72 17
135 74 15
135 75 13
136 75 11
136 76 10
136 76 10
137 76 17
137 77 15
138 77 13
138 78 11
138 78 11
138 79 19
138 80 16
139 80 14
139 81 12
139 81 12
117 123 20
117 123 20
117 123 20
117 123 20
117 123 20
117 123 20
117 123 20
117 123 20
117 123 20
117 123 20
117 123 20
117 123 20
117 122 20
117 122 20
117 122 20
117 122 20
117 122 20
117 122 20
117 122 20
117 122 20
117 122 20
117 121 20
117 121 20
117 121 20
117 121 20
117 121 20
117 121 20
117 120 20
117 120 20
117 120 20
117 120 20
117 120 20
117 119 20
117 119 20
117 119 20
117 119 20
117 118 20
117 118 20
117 118 20
117 118 20
117 117 20
117 117 20
117 117 20
117 117 20
117 116 20
117 116 20
117 116 20
117 116 20
117 115 20
117 115 20
117 115 20
117 115 20
117 114 20
117 114 20
117 114 20
117 114 20
117 114 20
118 113 20
118 113 20
118 113 20
118 113 20
118 113 20
119 113 20
119 113 20
119 113 20
119 113 20
120 113 20
120 113 20
120 113 20
121 113 20
121 113 20
122 113 20
122 113 20
123 113 20
124 113 17
125 113 15
126 113 13
127 113 11
128 112 10
128 111 10
128 110 10
128 109 10
128 108 10
128 107 10
128 106 10
128 106 10
128 105 17
128 104 15
128 103 13
128 101 11
128 101 11
128 100 19
128 99 16
128 98 14
128 97 12
128 96 10
128 96 10
128 95 17
128 94 15
128 93 13
128 92 11
129 91 10
129 90 10
130 90 10
130 89 10
131 89 10
131 88 10
132 88 10
132 87 10
132 86 10
132 85 10
132 84 10
132 83 10
132 82 10
132 81 10
132 80 10
133 80 10
134 80 10
135 80 10
136 80 10
136 80 10
137 80 17
39 3 20
40 3 17
41 3 15
42 3 13
43 3 11
44 3 10
45 3 10
46 3 10
47 3 10
48 3 10
50 3 10
50 3 10
51 3 17
52 3 15
53 3 13
53 3 13
54 3 20
54 3 20
55 3 20
55 3 20
56 3 20
56 3 20
56 3 20
57 3 20
57 3 20
57 3 20
57 3 20
58 3 20
58 3 20
58 3 20
58 3 20
58 3 20
59 3 20
59 3 20
59 3 20
59 3 20
59 3 20
59 3 20
