136 70 60
65 7 60
0 173 60
0 173 60
0 173 60
190 27 60
192 123 60
192 123 60
192 123 60
11 173 60
11 173 60
22 173 60
22 173 60
33 173 60
33 173 60
33 173 60
44 173 60
44 173 60
44 173 60
44 173 60
55 173 60
55 173 60
55 173 60
55 173 60
55 173 60
55 173 60
66 173 60
66 173 60
66 173 60
66 173 60
66 173 60
66 173 60
66 173 60
55 162 60
55 162 60
55 162 60
66 162 60
66 162 60
66 162 60
66 162 60
66 162 60
66 162 60
66 162 60
44 162 60
44 162 60
44 162 60
44 162 60
44 162 60
44 162 60
33 162 60
33 162 60
33 162 60
22 162 60
22 162 60
11 162 60
11 162 60
0 162 60
0 162 60
0 162 60
0 151 60
0 151 60
0 151 60
0 151 60
11 151 60
11 151 60
22 151 60
22 151 60
33 151 60
33 151 60
33 151 60
33 151 60
44 151 60
44 151 60
44 151 60
44 151 60
44 151 60
44 151 60
44 151 60
33 140 60
33 140 60
33 140 60
33 140 60
33 140 60
33 140 60
33 140 60
22 140 60
22 140 60
22 140 60
11 140 60
11 140 60
11 140 60
0 140 60
0 140 60
0 140 60
0 140 60
0 140 60
0 129 60
0 129 60
0 129 60
0 129 60
0 129 60
0 129 60
11 129 60
11 129 60
11 129 60
11 129 60
11 129 60
11 129 60
11 129 60
0 118 60
0 118 60
0 118 60
0 118 60
0 118 60
11 118 60
11 118 60
11 118 60
11 118 60
11 118 60
11 118 60
11 118 60
0 107 60
0 107 60
11 107 60
11 107 60
11 107 60
11 107 60
11 107 60
11 107 60
11 107 60
0 96 60
11 96 60
11 96 60
11 96 60
11 96 60
11 96 60
22 96 60
22 96 60
22 96 60
22 96 60
22 96 60
22 96 60
22 96 60
11 85 60
11 85 60
22 85 60
22 85 60
22 85 60
22 85 60
22 85 60
22 85 60
22 85 60
0 85 60
0 74 60
11 74 60
22 74 60
22 74 60
22 74 60
33 74 60
33 74 60
33 74 60
33 74 60
33 74 60
33 74 60
33 85 60
33 85 60
33 85 60
33 85 60
33 85 60
33 85 60
33 85 60
44 74 60
44 74 60
44 74 60
44 74 60
44 74 60
44 74 60
44 74 60
33 63 60
33 63 60
33 63 60
44 63 60
44 63 60
44 63 60
44 63 60
44 63 60
44 63 60
44 63 60
22 63 60
22 63 60
22 63 60
11 63 60
0 63 60
0 52 60
11 52 60
22 52 60
33 52 60
33 52 60
44 52 60
44 52 60
44 52 60
44 52 60
44 52 60
55 52 60
55 52 60
55 52 60
55 52 60
55 52 60
55 52 60
55 52 60
44 41 60
55 41 60
55 41 60
55 41 60
66 41 60
66 41 60
66 41 60
66 41 60
66 41 60
66 41 60
66 41 60
55 30 60
66 30 60
77 30 60
77 30 60
77 41 60
77 41 60
77 41 60
77 41 60
77 41 60
77 41 60
77 41 60
88 30 60
88 30 60
88 30 60
88 30 60
88 30 60
88 30 60
88 30 60
77 19 60
88 19 60
99 19 60
99 19 60
99 19 60
99 30 60
99 30 60
99 30 60
99 30 60
99 30 60
99 30 60
99 30 60
110 19 60
110 19 60
110 30 60
110 30 60
110 30 60
110 30 60
110 30 60
110 30 60
110 30 60
110 8 60
110 8 60
99 8 60
88 8 60
77 8 60
121 8 60
121 8 60
121 19 60
121 19 60
121 19 60
121 19 60
121 19 60
121 19 60
121 30 60
121 30 60
121 30 60
121 30 60
121 30 60
121 30 60
121 30 60
132 19 60
132 19 60
132 19 60
132 30 60
132 30 60
132 30 60
132 41 60
132 41 60
132 41 60
132 41 60
132 41 60
132 41 60
132 52 60
132 52 60
132 63 60
121 63 60
121 63 60
121 63 60
121 63 60
121 63 60
121 74 60
121 74 60
121 74 60
121 85 60
121 96 60
121 96 60
121 107 60
121 107 60
121 107 60
121 107 60
121 107 60
121 107 60
121 118 60
121 118 60
121 118 60
121 118 60
121 118 60
121 118 60
121 118 60
110 107 60
110 107 60
110 107 60
110 107 60
110 107 60
110 107 60
110 107 60
132 107 60
132 107 60
132 107 60
132 107 60
132 107 60
132 107 60
132 107 60
110 96 60
110 96 60
110 96 60
110 96 60
99 96 60
99 96 60
99 96 60
99 96 60
99 96 60
99 96 60
99 96 60
110 85 60
110 85 60
99 85 60
99 85 60
99 85 60
99 85 60
99 85 60
99 85 60
99 85 60
110 74 60
110 74 60
110 74 60
110 74 60
99 74 60
99 74 60
99 74 60
99 74 60
99 74 60
99 74 60
99 74 60
110 63 60
110 63 60
110 63 60
110 63 60
110 63 60
110 63 60
110 63 60
132 96 60
132 85 60
143 85 60
143 96 60
143 96 60
143 107 60
143 107 60
143 107 60
143 107 60
143 107 60
143 118 60
143 118 60
143 118 60
143 118 60
143 118 60
143 118 60
143 118 60
154 107 60
154 107 60
154 107 60
154 107 60
154 107 60
154 107 60
154 118 60
154 118 60
154 118 60
154 118 60
154 118 60
154 118 60
154 118 60
154 96 60
154 85 60
154 74 60
143 74 60
143 63 60
143 52 60
143 41 60
143 30 60
143 30 60
143 19 60
143 8 60
143 8 60
132 8 60
132 8 60
132 8 60
154 8 60
154 19 60
154 30 60
154 41 60
154 52 60
154 63 60
165 63 60
165 74 60
165 85 60
165 96 60
165 96 60
165 96 60
165 107 60
165 107 60
165 107 60
165 107 60
165 107 60
165 107 60
165 107 60
176 96 60
176 96 60
176 96 60
176 96 60
176 96 60
176 96 60
176 96 60
176 85 60
176 85 60
176 74 60
176 74 60
176 63 60
176 52 60
165 52 60
165 41 60
165 30 60
165 19 60
165 8 60
176 8 60
176 19 60
176 30 60
176 41 60
187 41 60
187 52 60
187 63 60
187 63 60
187 74 60
187 74 60
187 74 60
187 74 60
187 85 60
187 85 60
187 85 60
187 85 60
187 85 60
187 85 60
187 85 60
198 74 60
198 74 60
198 74 60
198 74 60
198 74 60
198 74 60
198 74 60
198 63 60
198 63 60
198 63 60
198 63 60
198 63 60
198 63 60
198 52 60
198 52 60
198 52 60
198 41 60
198 30 60
198 19 60
187 19 60
187 8 60
198 8 60
121 52 60
121 52 60
121 52 60
121 52 60
121 52 60
121 52 60
121 52 60
121 41 60
121 41 60
121 41 60
121 41 60
121 41 60
121 41 60
121 41 60
66 19 60
55 19 60
44 19 60
44 30 60
33 30 60
33 41 60
22 41 60
11 41 60
0 41 60
0 30 60
11 30 60
22 30 60
22 19 60
33 19 60
33 8 60
44 8 60
55 8 60
22 8 60
11 8 60
11 8 60
11 19 60
0 19 60
0 8 60
22 129 60
22 129 60
22 129 60
22 129 60
22 129 60
22 129 60
22 129 60
55 151 60
55 151 60
55 151 60
55 151 60
55 151 60
55 151 60
55 151 60
55 184 60
55 184 60
55 184 60
66 184 60
66 184 60
66 184 60
66 184 60
66 184 60
66 184 60
77 184 60
77 184 60
88 184 60
88 184 60
88 184 60
88 184 60
88 184 60
88 184 60
88 184 60
77 173 60
77 173 60
77 173 60
88 173 60
181 123 60
181 123 60
181 123 60
170 123 60
170 123 60
170 123 60
170 123 60
170 123 60
170 123 60
170 123 60
181 134 60
181 134 60
181 134 60
181 134 60
181 134 60
181 134 60
181 134 60
181 112 60
181 112 60
181 112 60
181 112 60
181 112 60
192 112 60
192 112 60
192 112 60
192 112 60
192 112 60
192 112 60
192 112 60
192 134 60
192 134 60
192 134 60
192 145 60
192 145 60
192 145 60
192 145 60
192 145 60
181 145 60
181 145 60
181 145 60
181 145 60
181 145 60
181 145 60
181 145 60
192 156 60
192 156 60
192 156 60
192 156 60
192 156 60
192 156 60
192 156 60
190 26 83
190 25 69
190 24 57
190 23 48
190 22 40
190 21 34
190 20 29
190 19 24
190 18 20
190 17 17
190 16 15
190 16 15
190 15 25
190 14 21
189 14 18
189 14 18
188 14 30
187 14 25
186 14 21
185 14 18
185 14 18
184 14 30
183 14 25
182 14 21
181 14 18
180 14 15
179 14 13
178 14 11
177 14 10
177 14 10
176 14 17
175 14 15
174 14 13
173 14 11
172 14 10
171 14 10
170 14 10
170 14 10
169 14 17
168 14 15
167 14 13
166 14 11
166 14 11
165 14 19
164 14 16
163 14 14
162 14 12
162 14 12
161 14 20
160 14 17
159 14 15
159 13 13
159 13 13
158 13 22
157 13 19
156 13 16
156 13 16
155 13 27
154 13 23
154 12 19
154 12 19
154 11 32
154 10 27
154 10 27
154 9 45
153 8 38
153 8 38
152 8 63
151 8 52
151 8 52
150 8 86
149 8 71
149 8 71
148 8 118
147 8 98
147 8 98
146 8 150
145 8 124
144 8 103
142 8 85
141 8 71
141 8 71
140 8 118
139 8 98
138 8 81
137 8 67
137 8 67
136 8 111
135 8 92
135 8 92
134 8 150
133 8 124
133 8 124
131 8 150
131 8 150
130 8 150
130 8 150
129 8 150
129 8 150
128 8 150
128 8 150
127 8 150
127 8 150
126 8 150
126 8 150
125 8 150
125 8 150
124 8 150
124 8 150
123 8 150
122 8 124
122 8 124
120 8 150
119 8 124
118 8 103
118 8 103
117 8 150
116 8 124
115 8 103
115 8 103
114 8 150
113 8 124
112 8 103
111 8 85
111 8 85
109 8 141
108 8 117
107 8 97
106 8 81
105 8 67
104 8 56
103 8 47
103 8 47
102 8 78
101 8 65
100 8 54
100 8 54
98 8 90
97 8 75
96 8 62
95 8 52
94 8 43
93 8 36
92 8 30
91 8 25
90 8 21
89 8 18
87 8 15
86 8 13
85 8 11
85 8 11
84 8 19
83 8 16
82 8 14
81 8 12
80 8 10
80 8 10
79 8 17
78 8 15
76 8 13
75 8 11
74 8 10
74 8 10
73 8 17
72 8 15
71 8 13
70 8 11
69 8 10
68 8 10
67 8 10
66 8 10
65 8 10
64 8 10
64 9 10
64 10 10
63 10 10
63 11 10
62 11 10
62 11 10
61 11 17
61 12 15
61 13 13
60 13 11
60 14 10
60 14 10
59 14 17
58 14 15
57 14 13
56 14 11
55 14 10
55 14 10
54 14 17
53 14 15
52 14 13
51 14 11
51 14 11
50 14 19
49 14 16
48 14 14
48 14 14
47 14 24
46 14 20
45 14 17
45 14 17
44 14 29
43 14 24
43 14 24
42 14 40
41 14 34
40 14 29
40 14 29
39 14 48
38 14 40
37 14 34
37 14 34
36 14 57
35 14 48
34 14 40
34 14 40
33 14 67
32 14 56
31 14 47
30 14 39
29 14 33
28 14 28
28 14 28
27 14 47
27 15 39
27 16 33
27 17 28
27 18 24
27 19 20
27 20 17
27 21 15
27 22 13
27 23 11
27 23 11
27 24 19
26 24 16
25 24 14
24 24 12
24 24 12
23 24 20
22 24 17
21 24 15
21 24 15
20 24 25
19 24 21
18 24 18
17 24 15
17 24 15
16 24 25
15 24 21
14 24 18
13 24 15
12 24 13
11 24 11
11 24 11
10 24 19
9 24 16
8 24 14
7 24 12
6 24 10
6 24 10
5 24 17
5 25 15
5 26 13
5 26 13
5 27 22
5 28 19
5 29 16
5 30 14
5 31 12
5 32 10
5 32 10
5 33 17
5 34 15
5 35 13
5 36 11
5 37 10
5 38 10
5 39 10
5 40 10
5 41 10
5 42 10
5 42 10
5 43 17
5 44 15
5 45 13
5 46 11
5 47 10
5 47 10
5 48 17
5 49 15
5 50 13
5 51 11
5 52 10
5 52 10
5 53 17
5 54 15
5 55 13
5 56 11
5 57 10
5 57 10
5 58 17
5 59 15
5 60 13
5 61 11
5 61 11
5 62 19
5 63 16
5 64 14
5 65 12
5 65 12
5 66 20
5 67 17
5 68 15
5 68 15
5 69 25
4 69 21
3 69 18
2 69 15
2 69 15
1 69 25
0 69 21
0 70 18
0 71 15
0 71 15
0 72 25
0 73 21
0 75 18
0 76 15
0 76 15
0 77 25
0 78 21
0 79 18
0 79 18
0 80 30
0 81 25
0 81 25
0 82 42
0 83 35
0 83 35
0 84 58
0 86 48
0 86 48
0 87 80
0 88 67
0 89 56
0 90 47
0 91 39
0 91 39
0 92 65
0 93 54
0 94 45
0 95 38
0 97 32
0 97 32
0 98 53
0 99 44
0 100 37
0 101 31
0 101 31
0 102 52
0 103 43
0 103 43
0 104 71
0 105 59
0 105 59
0 106 98
0 108 81
0 108 81
0 109 134
0 109 134
0 110 150
0 110 150
0 111 150
0 111 150
0 112 150
0 112 150
0 113 150
0 113 150
0 114 150
0 114 150
0 114 150
0 115 150
0 115 150
0 115 150
0 116 150
0 116 150
0 117 150
0 117 150
0 119 150
0 119 150
0 120 150
0 120 150
0 121 150
0 121 150
0 122 150
0 122 150
0 123 150
0 123 150
0 124 150
0 124 150
0 125 150
0 125 150
0 126 150
0 126 150
0 127 150
0 127 150
0 128 150
0 128 150
0 130 150
0 130 150
0 130 150
0 131 150
0 131 150
0 131 150
0 132 150
0 132 150
0 132 150
0 133 150
0 133 150
0 133 150
0 134 150
0 134 150
0 134 150
0 135 150
0 135 150
0 135 150
0 136 150
0 136 150
0 136 150
0 137 150
0 137 150
0 138 150
0 138 150
0 139 150
0 139 150
1 140 150
1 140 150
2 140 150
2 140 150
3 140 150
3 140 150
4 140 150
4 140 150
5 140 150
6 140 124
6 140 124
7 140 150
8 140 124
9 140 103
9 140 103
10 140 150
11 141 124
11 142 103
11 142 103
11 143 150
11 144 124
11 145 103
11 145 103
11 146 150
11 147 124
11 148 103
11 148 103
11 149 150
11 150 124
11 152 103
11 152 103
11 153 150
12 153 124
13 153 103
13 153 103
13 154 150
13 155 124
13 155 124
13 156 150
14 156 124
14 156 124
15 156 150
16 156 124
16 156 124
16 157 150
16 158 124
16 159 103
16 160 85
16 161 71
16 162 59
16 163 49
16 163 49
16 164 81
16 165 67
16 166 56
16 167 47
16 168 39
16 168 39
17 168 65
17 169 54
17 170 45
17 170 45
17 171 75
17 172 62
17 172 62
17 173 103
18 173 85
18 173 85
19 173 141
20 173 117
21 173 97
23 173 81
23 173 81
24 173 134
25 173 111
26 173 92
26 173 92
27 173 150
28 173 124
28 173 124
29 173 150
30 173 124
30 173 124
31 173 150
32 173 124
32 173 124
34 173 150
35 173 124
35 173 124
36 173 150
37 173 124
37 173 124
38 173 150
39 173 124
39 173 124
40 173 150
40 173 150
41 173 150
41 173 150
42 173 150
42 173 150
43 173 150
43 173 150
45 173 150
45 173 150
46 173 150
46 173 150
47 173 150
47 173 150
47 173 150
48 173 150
48 173 150
48 173 150
49 173 150
49 173 150
49 173 150
50 173 150
50 173 150
50 173 150
51 173 150
51 173 150
51 173 150
52 173 150
52 173 150
52 173 150
53 173 150
53 173 150
53 173 150
54 173 150
54 173 150
54 173 150
55 174 150
55 174 150
55 174 150
55 175 150
55 175 150
55 176 150
55 176 150
55 177 150
55 177 150
55 178 150
55 178 150
55 179 150
55 179 150
55 180 150
55 180 150
55 181 150
55 181 150
55 182 150
55 183 124
55 183 124
56 184 150
57 184 124
58 184 103
58 184 103
59 184 150
60 184 124
60 184 124
61 184 150
61 184 150
62 184 150
62 184 150
63 184 150
63 184 150
64 184 150
64 184 150
65 184 150
65 184 150
67 184 150
67 184 150
67 184 150
68 184 150
68 184 150
69 184 150
69 184 150
70 184 150
70 184 150
71 184 150
71 184 150
72 184 150
72 184 150
73 184 150
73 184 150
74 184 150
75 184 124
76 184 103
76 184 103
77 183 150
77 182 124
77 181 103
77 181 103
77 180 150
77 179 124
77 179 124
77 178 150
77 177 124
77 177 124
77 176 150
77 175 124
77 175 124
77 174 150
78 173 124
78 173 124
79 173 150
80 173 124
81 173 103
82 173 85
83 173 71
84 173 59
85 173 49
85 173 49
86 173 81
87 173 67
89 173 56
90 173 47
91 173 39
92 173 33
92 173 33
93 173 55
93 172 46
94 172 38
94 171 32
94 171 32
95 171 53
95 170 44
96 170 37
96 170 37
96 169 62
97 169 52
98 169 43
98 169 43
99 169 71
100 169 59
101 169 49
101 169 49
1 139 124
1 139 124
10 141 103
10 141 103
54 174 150
54 174 150
54 174 150
78 174 49
78 174 49
78 174 49
191 123 150
190 123 124
190 123 124
189 123 150
188 123 124
188 123 124
187 123 150
186 123 124
186 123 124
185 123 150
184 123 124
184 123 124
183 123 150
182 123 124
182 123 124
181 122 150
181 122 150
181 121 150
181 121 150
181 120 150
181 119 124
181 119 124
181 118 150
181 117 124
181 117 124
181 116 150
181 116 150
181 115 150
181 115 150
181 114 150
181 114 150
181 113 150
181 113 150
180 112 150
180 112 150
180 111 150
180 111 150
180 110 150
180 110 150
179 110 150
179 110 150
178 110 150
178 110 150
178 109 150
178 109 150
178 109 150
177 109 150
177 109 150
177 109 150
177 108 150
177 108 150
177 108 150
176 108 150
176 108 150
176 108 150
176 107 150
176 107 150
176 107 150
175 107 150
175 107 150
175 107 150
175 106 150
175 106 150
175 106 150
174 106 150
174 106 150
174 106 150
174 105 150
174 105 150
174 105 150
173 105 150
173 105 150
173 105 150
173 104 150
173 104 150
173 104 150
172 104 150
172 104 150
172 104 150
172 103 150
172 103 150
172 103 150
171 103 150
171 103 150
171 103 150
171 102 150
171 102 150
171 102 150
170 102 150
170 102 150
170 102 150
170 101 150
170 101 150
170 101 150
170 100 150
170 100 150
170 100 150
170 99 150
170 99 150
170 99 150
170 98 150
170 98 150
170 97 150
170 97 150
170 96 150
170 96 150
169 96 150
169 96 150
168 96 150
168 96 150
167 96 150
167 96 150
166 96 150
166 96 150
165 95 150
165 94 124
165 94 124
165 93 150
165 92 124
165 91 103
165 90 85
165 89 71
165 88 59
165 87 49
165 86 41
165 84 34
165 83 29
165 82 24
165 81 20
165 80 17
165 80 17
165 79 29
165 78 24
165 77 20
165 77 20
165 76 34
165 75 29
165 73 24
165 72 20
165 72 20
165 71 34
165 70 29
165 69 24
165 68 20
165 67 17
165 66 15
165 65 13
165 64 11
165 64 11
165 62 19
165 61 16
165 60 14
165 59 12
165 58 10
165 58 10
165 57 17
165 56 15
165 55 13
165 54 11
165 54 11
165 53 19
165 51 16
165 50 14
165 49 12
165 48 10
165 48 10
165 47 17
165 46 15
165 45 13
165 44 11
165 43 10
165 43 10
165 42 17
165 40 15
165 39 13
165 38 11
165 37 10
165 37 10
165 36 17
165 35 15
165 34 13
165 33 11
165 32 10
165 31 10
165 29 10
165 28 10
165 28 10
165 27 17
165 26 15
165 25 13
165 24 11
165 23 10
165 23 10
165 22 17
165 21 15
165 20 13
166 20 11
166 19 10
166 19 10
166 18 17
166 17 15
166 16 13
166 15 11
166 15 11
137 70 86
138 70 71
139 70 59
140 70 49
141 70 41
142 70 34
143 70 29
143 70 29
144 70 48
145 70 40
146 70 34
147 70 29
148 70 24
149 70 20
150 70 17
151 70 15
151 70 15
152 70 25
153 70 21
154 70 18
154 70 18
155 70 30
156 70 25
157 70 21
157 70 21
158 70 35
159 70 29
159 71 24
160 71 20
160 71 20
161 71 34
162 71 29
163 71 24
164 71 20
164 71 20
1 173 150
2 173 124
3 173 103
4 173 85
5 173 71
6 173 59
6 173 59
7 173 98
8 173 81
9 173 67
9 173 67
10 173 111
12 173 92
12 173 92
13 173 150
14 173 124
15 173 103
15 173 103
16 173 150
