82 25 50
180 11 50
180 11 50
180 11 50
180 11 50
180 11 50
180 11 50
180 11 50
180 11 50
180 11 50
180 11 50
180 11 50
180 11 50
180 11 50
180 11 50
180 11 50
180 11 50
180 11 50
64 5 50
34 53 50
34 53 50
34 53 50
162 89 50
162 89 50
162 89 50
162 89 50
162 89 50
162 89 50
162 89 50
162 89 50
162 89 50
162 89 50
162 89 50
162 89 50
162 89 50
162 89 50
162 89 50
162 89 50
162 89 50
162 89 50
162 89 50
162 89 50
162 89 50
162 89 50
162 89 50
162 89 50
162 89 50
162 89 50
162 89 50
64 119 50
64 119 50
103 172 50
52 68 50
16 162 50
16 162 50
16 162 50
181 101 50
93 25 50
93 25 50
93 25 50
93 25 50
93 25 50
93 25 50
93 25 50
93 25 50
82 36 50
82 36 50
93 36 50
93 36 50
93 36 50
93 36 50
93 36 50
93 36 50
93 36 50
93 36 50
82 47 50
82 47 50
82 47 50
82 47 50
82 47 50
82 47 50
82 47 50
82 47 50
71 36 50
71 36 50
71 36 50
71 36 50
71 36 50
71 36 50
71 36 50
71 47 50
71 47 50
71 47 50
71 47 50
71 47 50
71 47 50
71 47 50
71 47 50
71 25 50
71 25 50
60 25 50
60 25 50
60 25 50
60 36 50
60 36 50
60 36 50
60 36 50
60 36 50
60 36 50
60 36 50
60 36 50
49 25 50
49 25 50
49 25 50
49 36 50
49 36 50
49 36 50
49 36 50
49 47 50
49 47 50
49 47 50
49 47 50
49 47 50
49 47 50
49 47 50
49 47 50
38 36 50
38 36 50
38 36 50
38 36 50
38 36 50
38 36 50
38 36 50
38 36 50
38 25 50
38 25 50
38 25 50
38 25 50
38 25 50
38 25 50
27 25 50
27 25 50
27 25 50
27 25 50
27 25 50
27 25 50
27 25 50
27 25 50
38 14 50
38 14 50
49 14 50
60 14 50
71 14 50
82 14 50
93 14 50
104 14 50
104 14 50
104 14 50
104 14 50
104 14 50
104 14 50
104 25 50
104 25 50
104 25 50
104 25 50
104 25 50
104 25 50
104 25 50
104 25 50
115 14 50
115 14 50
115 14 50
115 14 50
75 119 50
75 119 50
75 119 50
75 119 50
75 119 50
75 119 50
75 119 50
75 119 50
64 108 50
64 108 50
64 108 50
64 108 50
64 108 50
64 108 50
64 108 50
64 108 50
64 130 50
75 130 50
75 130 50
86 130 50
86 130 50
86 130 50
86 130 50
86 130 50
86 130 50
86 130 50
86 130 50
75 141 50
86 141 50
97 141 50
97 141 50
97 141 50
97 141 50
97 141 50
97 141 50
97 141 50
97 130 50
97 130 50
97 130 50
97 130 50
97 130 50
97 130 50
97 130 50
97 130 50
108 141 50
108 141 50
108 141 50
108 141 50
108 141 50
108 141 50
108 141 50
108 141 50
97 152 50
97 152 50
108 152 50
108 152 50
108 152 50
108 152 50
108 152 50
108 152 50
108 152 50
119 152 50
119 152 50
119 152 50
119 152 50
119 152 50
119 152 50
119 152 50
119 152 50
108 163 50
108 163 50
108 163 50
119 163 50
119 163 50
119 163 50
130 163 50
130 163 50
130 152 50
130 152 50
130 152 50
130 152 50
130 152 50
130 152 50
130 152 50
130 152 50
130 174 50
130 174 50
119 174 50
119 185 50
119 185 50
130 185 50
130 185 50
130 185 50
130 185 50
130 185 50
130 185 50
130 185 50
130 185 50
108 185 50
108 185 50
108 185 50
97 185 50
97 185 50
97 185 50
97 185 50
97 185 50
97 185 50
97 185 50
97 185 50
108 196 50
108 196 50
108 196 50
108 196 50
108 196 50
108 196 50
108 196 50
108 196 50
119 196 50
119 196 50
119 196 50
130 196 50
130 196 50
130 196 50
130 196 50
130 196 50
130 196 50
130 196 50
130 196 50
141 174 50
141 174 50
141 174 50
141 174 50
141 174 50
141 174 50
141 174 50
141 174 50
141 163 50
141 163 50
141 163 50
141 163 50
141 152 50
141 152 50
141 152 50
141 141 50
141 141 50
141 141 50
141 141 50
141 141 50
141 141 50
141 141 50
141 141 50
152 152 50
152 152 50
152 152 50
152 152 50
152 152 50
152 152 50
152 152 50
152 152 50
152 163 50
152 163 50
152 163 50
152 163 50
152 163 50
152 163 50
152 163 50
152 163 50
97 163 50
86 163 50
86 152 50
75 152 50
75 152 50
75 152 50
64 152 50
64 152 50
64 152 50
64 152 50
64 152 50
64 152 50
64 152 50
64 152 50
75 163 50
75 163 50
75 163 50
75 163 50
75 163 50
75 163 50
75 163 50
75 163 50
86 174 50
86 174 50
86 174 50
86 174 50
86 174 50
86 174 50
86 174 50
86 174 50
64 141 50
53 141 50
53 141 50
53 141 50
53 141 50
53 141 50
53 141 50
53 141 50
53 141 50
53 130 50
53 130 50
53 119 50
53 119 50
53 108 50
53 108 50
53 108 50
53 108 50
53 108 50
53 108 50
53 108 50
53 108 50
42 119 50
42 119 50
42 119 50
42 119 50
42 119 50
42 119 50
42 119 50
42 119 50
42 130 50
42 130 50
42 130 50
42 130 50
42 130 50
42 130 50
42 130 50
31 130 50
31 130 50
31 130 50
31 130 50
31 130 50
31 130 50
31 130 50
31 130 50
42 141 50
42 141 50
42 141 50
42 141 50
42 141 50
42 141 50
42 141 50
42 141 50
34 64 50
34 64 50
34 64 50
34 64 50
34 64 50
34 64 50
34 64 50
34 64 50
23 53 50
23 53 50
23 53 50
23 53 50
23 53 50
23 53 50
23 53 50
23 53 50
151 89 50
151 89 50
151 89 50
151 89 50
151 89 50
151 89 50
151 89 50
151 89 50
162 78 50
162 78 50
162 78 50
162 78 50
151 78 50
151 78 50
151 78 50
151 78 50
151 78 50
151 78 50
151 78 50
151 78 50
162 67 50
162 67 50
162 67 50
162 67 50
162 67 50
151 67 50
151 67 50
140 67 50
140 67 50
140 67 50
140 67 50
140 67 50
140 67 50
140 67 50
140 67 50
151 56 50
151 56 50
151 56 50
151 56 50
151 56 50
151 56 50
151 56 50
151 56 50
162 56 50
162 56 50
162 56 50
162 56 50
162 56 50
162 56 50
162 56 50
162 56 50
173 67 50
173 67 50
173 67 50
173 67 50
173 67 50
173 67 50
173 67 50
173 67 50
173 78 50
173 78 50
173 78 50
173 78 50
173 78 50
173 78 50
173 78 50
173 78 50
162 100 50
162 100 50
162 100 50
162 100 50
162 100 50
162 100 50
162 100 50
162 100 50
173 89 50
173 89 50
173 89 50
173 89 50
173 89 50
173 89 50
173 89 50
173 100 50
173 111 50
173 111 50
173 111 50
173 111 50
173 111 50
162 111 50
162 111 50
162 111 50
162 111 50
162 111 50
162 111 50
162 111 50
162 111 50
173 122 50
173 122 50
173 122 50
173 122 50
173 122 50
173 122 50
173 122 50
173 122 50
184 111 50
184 111 50
184 111 50
184 122 50
184 122 50
184 122 50
184 122 50
184 122 50
184 122 50
184 122 50
184 122 50
195 111 50
195 111 50
195 111 50
195 111 50
195 111 50
195 111 50
195 111 50
195 111 50
184 89 50
184 78 50
184 78 50
184 78 50
184 78 50
184 78 50
184 78 50
184 78 50
184 78 50
195 89 50
195 78 50
195 78 50
195 67 50
195 67 50
195 67 50
195 67 50
195 67 50
184 67 50
184 67 50
184 67 50
184 67 50
184 67 50
184 67 50
184 67 50
184 67 50
195 56 50
195 56 50
195 56 50
195 56 50
195 56 50
195 56 50
195 56 50
195 56 50
195 100 50
63 68 50
63 68 50
74 68 50
74 68 50
74 68 50
74 68 50
85 68 50
85 68 50
85 68 50
85 68 50
85 68 50
85 68 50
85 68 50
85 68 50
74 57 50
74 57 50
74 57 50
74 57 50
74 57 50
74 57 50
74 57 50
74 57 50
74 79 50
74 79 50
74 79 50
74 79 50
74 79 50
74 79 50
74 79 50
74 79 50
63 57 50
63 57 50
63 57 50
63 57 50
63 57 50
63 57 50
63 57 50
63 46 50
63 46 50
63 46 50
63 46 50
63 46 50
63 46 50
63 46 50
63 46 50
52 57 50
41 57 50
41 57 50
41 46 50
41 46 50
41 46 50
169 11 50
169 11 50
158 11 50
147 11 50
147 11 50
147 22 50
136 22 50
27 162 50
38 162 50
38 162 50
38 162 50
38 162 50
38 162 50
38 162 50
38 162 50
38 162 50
27 151 50
27 151 50
27 151 50
27 151 50
27 151 50
27 151 50
27 151 50
27 151 50
27 173 50
27 173 50
27 173 50
27 173 50
27 173 50
27 173 50
27 173 50
27 173 50
16 151 50
16 151 50
16 151 50
16 151 50
16 151 50
16 140 50
16 140 50
16 140 50
16 140 50
16 140 50
16 140 50
16 140 50
16 140 50
5 151 50
5 151 50
5 151 50
5 151 50
5 151 50
5 151 50
5 151 50
5 151 50
5 162 50
5 162 50
5 162 50
5 162 50
5 162 50
5 162 50
5 162 50
5 162 50
16 173 50
16 173 50
16 173 50
16 173 50
16 173 50
5 173 50
5 173 50
5 173 50
5 173 50
5 173 50
5 173 50
5 173 50
5 173 50
16 184 50
16 184 50
16 184 50
16 184 50
16 184 50
16 184 50
16 184 50
27 184 50
27 184 50
27 184 50
27 184 50
27 184 50
27 184 50
27 184 50
27 184 50
5 184 50
5 184 50
5 184 50
5 184 50
5 184 50
5 184 50
5 184 50
5 184 50
16 195 50
16 195 50
16 195 50
16 195 50
27 195 50
27 195 50
27 195 50
27 195 50
27 195 50
38 195 50
38 195 50
38 195 50
38 195 50
38 195 50
38 195 50
38 195 50
38 195 50
5 195 50
5 195 50
5 195 50
5 195 50
5 195 50
5 195 50
5 195 50
5 195 50
17 162 80
17 162 80
18 162 80
19 162 67
20 162 56
20 162 56
21 162 80
22 162 67
23 162 56
24 162 47
25 162 39
26 162 33
26 162 33
27 161 55
27 160 46
27 160 46
27 159 76
27 159 76
27 158 80
27 158 80
27 157 80
27 157 80
28 157 80
28 157 80
28 157 80
29 157 80
29 157 80
29 157 80
29 157 80
30 157 80
30 157 80
30 157 80
30 157 80
30 157 80
31 157 80
31 157 80
31 157 80
31 157 80
31 157 80
31 157 80
32 157 80
32 157 80
32 157 80
32 157 80
32 157 80
32 157 80
32 157 80
32 156 80
32 156 80
32 156 80
32 156 80
32 156 80
32 156 80
32 156 80
32 156 80
32 156 80
33 156 80
33 156 80
33 156 80
33 156 80
33 156 80
33 156 80
33 156 80
33 156 80
33 156 80
33 156 80
33 155 80
33 155 80
33 155 80
33 155 80
33 155 80
33 155 80
33 155 80
33 155 80
33 155 80
33 155 80
33 155 80
33 155 80
34 155 80
34 155 80
34 155 80
34 155 80
34 155 80
34 155 80
34 155 80
34 155 80
34 155 80
34 155 80
34 155 80
34 155 80
34 155 80
34 154 80
34 154 80
34 154 80
34 154 80
34 154 80
34 154 80
34 154 80
34 154 80
34 154 80
34 154 80
34 154 80
34 154 80
34 154 80
34 154 80
34 154 80
35 154 80
35 154 80
35 154 80
35 154 80
35 154 80
35 154 80
35 154 80
35 154 80
35 154 80
35 154 80
35 154 80
35 154 80
35 154 80
35 154 80
35 154 80
35 154 80
35 153 80
35 153 80
35 153 80
35 153 80
35 153 80
35 153 80
35 153 80
35 153 80
35 153 80
35 153 80
35 153 80
35 153 80
35 153 80
35 153 80
35 153 80
35 153 80
35 153 80
35 152 80
35 152 80
35 152 80
35 152 80
35 152 80
35 152 80
35 152 80
35 152 80
35 152 80
35 152 80
35 152 80
35 152 80
35 152 80
35 152 80
35 152 80
35 152 80
35 152 80
35 151 80
35 151 80
35 151 80
35 151 80
35 151 80
35 151 80
35 151 80
35 151 80
35 151 80
35 151 80
35 151 80
35 151 80
35 151 80
35 151 80
35 151 80
35 151 80
35 151 80
35 151 80
35 150 80
35 150 80
35 150 80
35 150 80
35 150 80
35 150 80
35 150 80
35 150 80
35 150 80
35 150 80
35 150 80
35 150 80
35 150 80
35 150 80
35 150 80
35 150 80
35 150 80
35 150 80
35 149 80
35 149 80
35 149 80
35 149 80
35 149 80
35 149 80
35 149 80
35 149 80
35 149 80
35 149 80
35 149 80
35 149 80
35 149 80
35 149 80
35 149 80
35 149 80
35 149 80
35 149 80
35 149 80
35 148 80
35 148 80
35 148 80
35 148 80
35 148 80
35 148 80
35 148 80
35 148 80
35 148 80
35 148 80
35 148 80
35 148 80
35 148 80
35 148 80
35 148 80
35 148 80
35 148 80
35 148 80
35 148 80
35 148 80
35 148 80
35 147 80
35 147 80
35 147 80
35 147 80
35 147 80
35 147 80
35 147 80
35 147 80
35 147 80
35 147 80
35 147 80
35 147 80
35 147 80
35 147 80
35 147 80
35 147 80
35 147 80
35 147 80
35 147 80
35 147 80
35 147 80
35 147 80
35 147 80
35 146 80
35 146 80
35 146 80
35 146 80
35 146 80
35 146 80
35 146 80
35 146 80
35 146 80
35 146 80
35 146 80
35 146 80
35 146 80
35 146 80
35 146 80
35 146 80
35 146 80
35 146 80
35 146 80
35 146 80
35 146 80
35 146 80
35 146 80
35 146 80
35 146 80
35 145 80
35 145 80
35 145 80
35 145 80
35 145 80
35 145 80
35 145 80
35 145 80
35 145 80
35 145 80
35 145 80
35 145 80
35 145 80
35 145 80
35 145 80
35 145 80
35 145 80
35 145 80
35 145 80
35 145 80
35 145 80
35 145 80
35 145 80
35 145 80
35 145 80
35 145 80
35 144 80
35 144 80
35 144 80
35 144 80
35 144 80
35 144 80
35 144 80
35 144 80
35 144 80
35 144 80
35 144 80
35 144 80
35 144 80
35 144 80
35 144 80
35 144 80
35 144 80
35 144 80
35 144 80
35 144 80
35 144 80
35 144 80
35 144 80
35 144 80
35 144 80
35 144 80
35 144 80
35 143 80
35 143 80
35 143 80
35 143 80
35 143 80
35 143 80
35 143 80
35 143 80
35 143 80
35 143 80
35 143 80
35 143 80
35 143 80
35 143 80
35 143 80
35 143 80
35 143 80
35 143 80
35 143 80
35 143 80
35 143 80
35 143 80
35 143 80
35 143 80
35 143 80
35 143 80
35 142 80
35 142 80
35 142 80
35 142 80
35 142 80
35 142 80
35 142 80
35 142 80
35 142 80
35 142 80
35 142 80
35 142 80
35 142 80
35 142 80
35 142 80
35 142 80
35 142 80
35 142 80
35 142 80
35 142 80
35 142 80
35 142 80
35 142 80
35 142 80
35 141 80
35 141 80
35 141 80
35 141 80
35 141 80
35 141 80
35 141 80
35 141 80
35 141 80
35 141 80
35 141 80
35 141 80
35 141 80
35 141 80
35 141 80
35 141 80
35 141 80
35 141 80
35 141 80
35 141 80
35 141 80
35 140 80
35 140 80
35 140 80
35 140 80
35 140 80
35 140 80
35 140 80
35 140 80
35 140 80
35 140 80
35 140 80
35 140 80
35 140 80
35 140 80
35 140 80
35 140 80
35 140 80
35 140 80
35 140 80
35 139 80
35 139 80
35 139 80
35 139 80
35 139 80
35 139 80
35 139 80
35 139 80
35 139 80
35 139 80
35 139 80
35 139 80
35 139 80
35 139 80
35 139 80
35 139 80
35 139 80
35 138 80
35 138 80
35 138 80
35 138 80
35 138 80
35 138 80
35 138 80
35 138 80
35 138 80
35 138 80
35 138 80
35 138 80
35 138 80
35 138 80
35 138 80
35 138 80
35 137 80
35 137 80
35 137 80
35 137 80
35 137 80
35 137 80
35 137 80
35 137 80
35 137 80
35 137 80
35 137 80
35 137 80
35 137 80
35 137 80
35 137 80
35 136 80
35 136 80
35 136 80
35 136 80
35 136 80
35 136 80
35 136 80
35 136 80
35 136 80
35 136 80
35 136 80
35 136 80
35 136 80
35 136 80
36 136 80
36 136 80
36 136 80
36 136 80
36 136 80
36 136 80
36 136 80
36 136 80
36 136 80
36 136 80
36 136 80
36 136 80
36 136 80
36 136 80
36 136 80
36 135 80
36 135 80
36 135 80
36 135 80
36 135 80
36 135 80
36 135 80
36 135 80
36 135 80
36 135 80
36 135 80
36 135 80
36 135 80
36 135 80
37 135 80
37 135 80
37 135 80
37 135 80
37 135 80
37 135 80
37 135 80
37 135 80
37 135 80
37 135 80
37 135 80
37 135 80
37 135 80
37 135 80
37 134 80
37 134 80
37 134 80
37 134 80
37 134 80
37 134 80
37 134 80
37 134 80
37 134 80
37 134 80
37 134 80
37 134 80
37 134 80
38 134 80
38 134 80
38 134 80
38 134 80
38 134 80
38 134 80
38 134 80
38 134 80
38 134 80
38 134 80
38 134 80
38 134 80
38 134 80
38 133 80
38 133 80
38 133 80
38 133 80
38 133 80
38 133 80
38 133 80
38 133 80
38 133 80
38 133 80
38 133 80
39 133 80
39 133 80
39 133 80
39 133 80
39 133 80
39 133 80
39 133 80
39 133 80
39 133 80
39 133 80
39 133 80
39 132 80
39 132 80
39 132 80
39 132 80
39 132 80
39 132 80
39 132 80
39 132 80
39 132 80
40 132 80
40 132 80
40 132 80
40 132 80
40 132 80
40 132 80
40 132 80
40 132 80
40 132 80
40 131 80
40 131 80
40 131 80
40 131 80
40 131 80
40 131 80
41 131 80
41 131 80
41 131 80
41 131 80
41 131 80
41 131 80
41 130 80
41 130 80
41 130 80
41 130 80
43 130 80
43 130 80
43 130 80
43 130 80
44 130 80
44 130 80
44 130 80
44 130 80
45 130 80
45 130 80
45 130 80
45 130 80
46 130 80
46 130 80
46 130 80
47 130 80
47 130 80
47 130 80
48 130 80
48 130 80
49 130 80
49 130 80
50 130 80
50 130 80
51 130 80
51 130 80
52 130 80
52 130 80
54 130 80
55 130 67
56 130 56
57 130 47
58 130 39
59 130 33
60 130 28
61 130 24
62 130 20
62 130 20
63 130 34
64 131 29
64 132 24
64 133 20
64 133 20
64 134 34
64 135 29
64 136 24
64 136 24
64 137 40
64 138 34
64 139 29
65 139 24
66 139 20
66 139 20
67 139 34
68 139 29
69 139 24
70 139 20
71 139 17
72 139 15
73 139 13
73 139 13
74 139 22
75 139 19
75 140 16
76 141 14
77 141 12
77 141 12
78 141 20
79 141 17
80 141 15
81 141 13
82 141 11
83 141 10
83 141 10
84 141 17
85 141 15
87 141 13
87 141 13
88 141 22
88 141 22
89 141 37
90 141 31
90 141 31
91 141 52
92 141 43
92 141 43
93 141 71
93 141 71
94 141 80
94 141 80
95 141 80
95 141 80
95 141 80
96 141 80
96 141 80
96 141 80
98 141 80
98 141 80
98 141 80
98 141 80
98 141 80
98 141 80
99 141 80
99 141 80
99 141 80
99 141 80
99 141 80
99 141 80
99 141 80
100 141 80
100 141 80
100 141 80
100 141 80
100 141 80
100 141 80
100 141 80
100 141 80
101 141 80
101 141 80
101 141 80
101 141 80
101 141 80
101 141 80
101 141 80
101 141 80
101 141 80
101 141 80
102 141 80
102 141 80
102 141 80
102 141 80
102 141 80
102 141 80
102 141 80
102 141 80
102 141 80
102 141 80
102 141 80
102 141 80
102 141 80
102 140 80
102 140 80
102 140 80
102 140 80
102 140 80
102 140 80
102 140 80
102 140 80
102 140 80
102 140 80
102 140 80
102 140 80
102 140 80
102 139 80
102 139 80
102 139 80
102 139 80
102 139 80
102 139 80
102 139 80
102 139 80
102 139 80
102 139 80
102 139 80
102 139 80
102 138 80
102 138 80
102 138 80
102 138 80
102 138 80
102 138 80
102 138 80
102 138 80
102 138 80
102 138 80
102 138 80
102 137 80
102 137 80
102 137 80
102 137 80
102 137 80
102 137 80
102 137 80
102 137 80
102 137 80
102 137 80
102 136 80
102 136 80
102 136 80
102 136 80
102 136 80
102 136 80
102 136 80
102 136 80
102 136 80
102 135 80
102 135 80
102 135 80
102 135 80
102 135 80
102 135 80
102 135 80
102 135 80
103 135 80
103 135 80
103 135 80
103 135 80
103 135 80
103 135 80
103 135 80
103 135 80
103 135 80
103 134 80
103 134 80
103 134 80
103 134 80
103 134 80
103 134 80
103 134 80
103 134 80
104 134 80
104 134 80
104 134 80
104 134 80
104 134 80
104 134 80
104 134 80
104 134 80
104 134 80
104 133 80
104 133 80
104 133 80
104 133 80
104 133 80
104 133 80
104 133 80
104 133 80
105 133 80
105 133 80
105 133 80
105 133 80
105 133 80
105 133 80
105 133 80
105 133 80
105 132 80
105 132 80
105 132 80
105 132 80
105 132 80
105 132 80
105 132 80
106 132 80
106 132 80
106 132 80
106 132 80
106 132 80
106 132 80
107 132 80
107 132 80
107 132 80
107 132 80
107 132 80
107 132 80
108 132 80
108 132 80
108 132 80
108 132 80
108 132 80
108 131 80
108 131 80
108 131 80
108 131 80
109 131 80
109 131 80
109 131 80
109 131 80
109 130 80
109 130 80
109 130 80
109 130 80
110 130 80
110 130 80
110 130 80
110 129 80
110 129 80
110 129 80
111 129 80
111 129 80
111 129 80
111 128 80
111 128 80
111 128 80
112 128 80
112 128 80
112 128 80
112 127 80
112 127 80
112 127 80
113 127 80
113 127 80
113 126 80
113 126 80
114 126 80
114 126 80
114 125 80
115 125 67
115 124 56
116 124 47
116 123 39
117 123 33
117 122 28
118 122 24
118 121 20
119 121 17
119 120 15
120 120 13
120 120 13
64 6 57
64 7 48
64 8 40
64 9 34
64 10 29
64 11 24
64 12 20
64 13 17
64 14 15
65 14 13
65 14 13
66 14 22
67 14 19
68 14 16
68 14 16
69 14 27
70 14 23
70 14 23
72 14 38
73 14 32
74 14 27
74 14 27
75 14 45
76 14 38
77 14 32
78 14 27
78 14 27
79 14 45
80 14 38
81 14 32
83 14 27
83 14 27
84 14 45
85 14 38
86 14 32
86 14 32
87 14 53
88 14 44
89 14 37
89 14 37
90 14 62
91 14 52
92 14 43
94 14 36
94 14 36
95 14 60
96 14 50
96 14 50
97 14 80
97 14 80
98 14 80
98 14 80
99 14 80
99 14 80
100 14 80
100 14 80
100 14 80
101 14 80
101 14 80
101 14 80
102 14 80
102 14 80
102 14 80
102 14 80
103 14 80
103 14 80
103 14 80
103 14 80
105 14 80
105 14 80
105 14 80
105 14 80
106 14 80
106 14 80
106 14 80
106 14 80
107 14 80
107 14 80
107 14 80
108 14 80
108 14 80
108 14 80
109 14 80
109 14 80
109 14 80
110 14 80
110 14 80
110 14 80
111 14 80
111 14 80
111 14 80
112 14 80
112 14 80
112 14 80
113 14 80
113 14 80
113 14 80
114 14 80
114 14 80
114 14 80
115 15 80
115 15 80
115 15 80
115 16 80
115 16 80
115 16 80
115 17 80
115 17 80
115 17 80
116 17 80
116 17 80
116 17 80
116 18 80
116 18 80
116 18 80
117 18 80
117 18 80
117 18 80
117 19 80
117 19 80
117 19 80
118 19 80
118 19 80
118 19 80
118 20 80
118 20 80
118 20 80
119 20 80
119 20 80
119 20 80
119 21 80
119 21 80
119 21 80
120 21 80
120 21 80
120 21 80
120 22 80
120 22 80
120 22 80
121 22 80
121 22 80
121 23 80
121 23 80
122 23 80
122 23 80
122 24 80
122 24 80
123 24 80
123 25 67
123 26 56
123 26 56
123 27 80
180 101 80
179 101 67
178 101 56
177 101 47
176 101 39
175 101 33
174 101 28
174 101 28
173 101 47
173 102 39
173 102 39
173 103 65
173 103 65
173 104 80
173 104 80
173 105 80
173 105 80
173 106 80
173 106 80
173 107 80
173 107 80
173 107 80
173 108 80
173 108 80
173 108 80
173 109 80
173 109 80
173 109 80
173 110 80
173 110 80
173 110 80
173 112 80
173 112 80
173 112 80
172 112 80
172 112 80
172 112 80
172 113 80
172 113 80
172 113 80
171 113 80
171 113 80
171 113 80
171 113 80
171 114 80
171 114 80
171 114 80
170 114 80
170 114 80
170 114 80
170 114 80
169 114 80
169 114 80
169 114 80
169 114 80
169 114 80
168 114 80
168 114 80
168 114 80
168 114 80
168 114 80
168 114 80
167 114 80
167 114 80
167 114 80
167 114 80
167 114 80
167 114 80
167 114 80
167 114 80
166 114 80
166 114 80
166 114 80
166 114 80
166 114 80
166 114 80
166 114 80
166 114 80
166 114 80
165 114 80
165 114 80
165 114 80
165 114 80
165 114 80
165 114 80
165 114 80
165 114 80
165 114 80
165 114 80
164 114 80
164 114 80
164 114 80
164 114 80
164 114 80
164 114 80
164 114 80
164 114 80
164 114 80
164 114 80
163 114 80
163 114 80
163 114 80
163 114 80
163 114 80
163 114 80
163 114 80
163 114 80
163 114 80
163 114 80
162 114 80
162 114 80
162 114 80
162 114 80
162 114 80
162 114 80
162 114 80
162 114 80
162 114 80
162 114 80
161 114 80
161 114 80
161 114 80
161 114 80
161 114 80
161 114 80
161 114 80
161 114 80
161 114 80
161 114 80
160 114 80
160 114 80
160 114 80
160 114 80
160 114 80
160 114 80
160 114 80
160 114 80
160 114 80
160 114 80
159 114 80
159 114 80
159 114 80
159 114 80
159 114 80
159 114 80
159 114 80
159 114 80
159 114 80
158 114 80
158 114 80
158 114 80
158 114 80
158 114 80
158 114 80
158 114 80
158 114 80
158 114 80
157 114 80
157 114 80
157 114 80
157 114 80
157 114 80
157 114 80
157 114 80
157 114 80
157 114 80
157 114 80
156 114 80
156 114 80
156 114 80
156 114 80
156 114 80
156 114 80
156 114 80
156 114 80
156 114 80
156 114 80
156 114 80
155 114 80
155 114 80
155 114 80
155 114 80
155 114 80
155 114 80
155 114 80
155 114 80
155 114 80
155 114 80
155 114 80
155 114 80
154 114 80
154 114 80
154 114 80
154 114 80
154 114 80
154 114 80
154 114 80
154 114 80
154 114 80
154 114 80
154 114 80
154 114 80
154 114 80
154 114 80
153 114 80
153 114 80
153 114 80
153 114 80
153 114 80
153 114 80
153 114 80
153 114 80
153 114 80
153 114 80
153 114 80
153 114 80
153 114 80
153 114 80
152 114 80
152 114 80
152 114 80
152 114 80
152 114 80
152 114 80
152 114 80
152 114 80
152 114 80
152 114 80
152 114 80
152 114 80
152 114 80
152 114 80
151 114 80
151 114 80
151 114 80
151 114 80
151 114 80
151 114 80
151 114 80
151 114 80
151 114 80
151 114 80
151 114 80
151 114 80
151 114 80
151 114 80
150 114 80
150 114 80
150 114 80
150 114 80
150 114 80
150 114 80
150 114 80
150 114 80
150 114 80
150 114 80
150 114 80
150 114 80
150 114 80
149 114 80
149 114 80
149 114 80
149 114 80
149 114 80
149 114 80
149 114 80
149 114 80
149 114 80
149 114 80
149 114 80
148 114 80
148 114 80
148 114 80
148 114 80
148 114 80
148 114 80
148 114 80
148 114 80
148 114 80
147 114 80
147 114 80
147 114 80
147 114 80
147 114 80
147 114 80
147 114 80
146 114 80
146 114 80
146 114 80
146 114 80
146 114 80
146 114 80
145 114 80
145 114 80
145 114 80
145 114 80
145 114 80
144 114 80
144 114 80
144 114 80
144 114 80
143 114 80
143 114 80
143 114 80
143 114 80
142 114 80
142 114 80
142 114 80
141 114 80
141 114 80
141 114 80
140 114 80
140 114 80
140 114 80
139 114 80
139 114 80
139 114 80
138 114 80
138 114 80
138 114 80
137 114 80
137 114 80
136 114 80
136 114 80
135 114 80
134 114 67
133 114 56
132 114 47
131 114 39
130 114 33
129 114 28
128 114 24
127 114 20
126 114 17
125 114 15
124 114 13
124 114 13
123 114 22
122 114 19
122 114 19
121 114 32
121 114 32
120 114 53
120 115 44
120 116 37
120 117 31
120 118 26
120 119 22
179 11 80
179 11 80
179 11 80
179 11 80
179 11 80
179 11 80
179 11 80
179 11 80
179 11 80
179 11 80
178 11 80
178 11 80
178 11 80
178 11 80
178 11 80
178 11 80
178 11 80
178 11 80
178 11 80
177 11 80
177 11 80
177 11 80
177 11 80
177 11 80
177 11 80
177 11 80
177 11 80
176 11 80
176 11 80
176 11 80
176 11 80
176 11 80
176 11 80
176 11 80
176 11 80
175 11 80
175 11 80
175 11 80
175 11 80
175 11 80
175 11 80
174 11 80
174 11 80
174 11 80
174 11 80
174 11 80
173 11 80
173 11 80
173 11 80
173 11 80
172 11 80
172 11 80
172 11 80
171 11 80
171 11 80
171 11 80
170 11 80
170 11 80
168 11 80
167 11 67
166 11 56
165 11 47
164 11 39
163 11 33
162 11 28
161 11 24
160 11 20
159 11 17
157 11 15
156 11 13
156 11 13
155 11 22
154 11 19
153 11 16
153 11 16
152 11 27
151 11 23
151 11 23
150 11 38
149 11 32
149 11 32
148 11 53
147 12 44
147 13 37
147 14 31
147 15 26
147 16 22
147 17 19
147 18 16
147 18 16
147 19 27
147 20 23
147 20 23
147 21 38
146 22 32
146 22 32
145 22 53
144 22 44
143 22 37
142 22 31
141 22 26
140 22 22
140 22 22
139 22 37
138 22 31
137 22 26
135 22 22
134 22 19
134 22 19
133 22 32
132 22 27
131 22 23
130 22 19
130 22 19
129 22 32
128 22 27
128 22 27
127 22 45
126 22 38
126 22 38
125 22 63
125 22 63
124 22 80
124 22 80
123 22 80
123 22 80
122 22 80
122 22 80
52 67 62
52 66 52
52 65 43
52 64 36
52 63 30
52 62 25
52 61 21
52 61 21
52 60 35
52 59 29
52 58 24
52 58 24
51 57 40
50 57 34
49 57 29
49 57 29
48 57 48
47 57 40
46 57 34
46 57 34
45 57 57
44 57 48
43 57 40
43 57 40
42 57 67
41 56 56
41 56 56
41 55 80
41 54 67
41 53 56
41 52 47
41 52 47
41 51 78
41 50 65
41 50 65
41 49 80
41 49 80
41 48 80
41 48 80
41 47 80
41 47 80
42 46 80
42 46 80
42 45 80
42 45 80
42 45 80
43 45 80
43 45 80
43 45 80
43 44 80
43 44 80
43 44 80
43 43 80
43 43 80
43 43 80
43 43 80
43 42 80
43 42 80
43 42 80
43 42 80
44 42 80
44 42 80
44 42 80
44 42 80
44 41 80
44 41 80
44 41 80
44 41 80
45 41 80
45 41 80
45 41 80
45 41 80
46 41 80
46 41 80
46 41 80
46 41 80
46 40 80
46 40 80
46 40 80
46 40 80
47 40 80
47 40 80
47 40 80
47 40 80
47 39 80
47 39 80
47 39 80
47 39 80
48 39 80
48 39 80
48 39 80
48 39 80
48 38 80
48 38 80
48 38 80
48 38 80
48 37 80
48 37 80
48 37 80
49 37 80
49 37 80
49 37 80
49 37 80
49 35 80
49 35 80
49 35 80
49 34 80
49 34 80
49 34 80
49 33 80
49 33 80
49 33 80
49 32 80
49 32 80
49 31 80
49 31 80
49 31 80
49 30 80
49 30 80
49 30 80
49 29 80
49 29 80
49 29 80
49 28 80
49 28 80
49 28 80
49 27 80
49 27 80
49 26 80
49 26 80
49 24 80
49 24 80
49 23 80
49 22 67
49 21 56
49 20 47
50 20 39
51 20 33
52 20 28
53 20 24
54 20 20
55 20 17
55 20 17
56 20 29
57 20 24
58 20 20
58 20 20
58 19 34
58 18 29
58 17 24
58 16 20
58 15 17
58 15 17
58 14 29
59 14 24
61 14 20
62 14 17
63 14 15
63 14 15
114 15 80
114 15 80
114 15 80
163 89 80
163 89 80
163 89 80
163 89 80
163 89 80
163 89 80
163 89 80
163 89 80
163 89 80
163 89 80
163 89 80
163 89 80
163 89 80
163 89 80
163 89 80
163 89 80
163 89 80
164 89 80
164 89 80
164 89 80
164 89 80
164 89 80
164 89 80
164 89 80
164 89 80
164 89 80
164 89 80
164 89 80
164 89 80
164 89 80
164 89 80
164 89 80
165 89 80
165 89 80
165 89 80
165 89 80
165 89 80
165 89 80
165 89 80
165 89 80
165 89 80
165 89 80
165 89 80
165 89 80
165 89 80
165 89 80
166 89 80
166 89 80
166 89 80
166 89 80
166 89 80
166 89 80
166 89 80
166 89 80
166 89 80
166 89 80
166 89 80
166 89 80
166 89 80
167 89 80
167 89 80
167 89 80
167 89 80
167 89 80
167 89 80
167 89 80
167 89 80
167 89 80
167 89 80
167 89 80
167 89 80
168 89 80
168 89 80
168 89 80
168 89 80
168 89 80
168 89 80
168 89 80
168 89 80
168 89 80
168 89 80
168 89 80
169 89 80
169 89 80
169 89 80
169 89 80
169 89 80
169 89 80
169 89 80
169 89 80
169 89 80
169 89 80
170 89 80
170 89 80
170 89 80
170 89 80
170 89 80
170 89 80
170 89 80
170 89 80
171 89 80
171 89 80
171 89 80
171 89 80
171 89 80
171 89 80
171 89 80
172 89 80
172 89 80
172 89 80
172 89 80
172 89 80
172 89 80
173 90 80
173 90 80
173 90 80
173 90 80
173 91 80
173 91 80
173 91 80
173 92 80
173 92 80
173 93 80
173 93 80
173 94 80
173 94 80
173 95 80
174 95 67
175 95 56
176 95 47
177 95 39
178 95 33
179 95 28
180 95 24
181 95 20
181 96 17
181 97 15
181 98 13
181 98 13
181 99 22
181 100 19
35 53 80
35 53 80
36 53 80
36 53 80
37 53 80
37 53 80
38 53 80
38 53 80
39 53 80
40 53 67
103 171 72
103 170 60
103 169 50
103 168 42
103 167 35
103 166 29
103 165 24
103 164 20
103 164 20
103 163 34
102 163 29
101 163 24
100 163 20
99 163 17
98 163 15
96 163 13
96 163 13
95 163 22
94 163 19
93 163 16
92 163 14
91 163 12
91 163 12
90 163 20
89 163 17
88 163 15
88 163 15
88 162 25
88 161 21
88 160 18
88 159 15
88 159 15
88 158 25
88 157 21
88 156 18
88 156 18
88 155 30
88 154 25
88 153 21
88 152 18
88 152 18
87 152 30
86 151 25
86 150 21
86 149 18
86 148 15
86 148 15
86 147 25
85 147 21
84 147 18
83 147 15
83 147 15
82 147 25
81 147 21
80 147 18
80 147 18
80 146 30
80 145 25
80 144 21
80 143 18
80 142 15
64 120 80
64 121 67
64 122 56
64 123 47
64 124 39
64 125 33
64 126 28
64 127 24
64 128 20
64 129 17
64 129 17
82 24 66
82 23 55
82 22 46
82 21 38
82 20 32
82 19 27
82 19 27
82 18 45
82 17 38
82 16 32
82 15 27
