85 128 30
85 128 30
85 128 30
85 128 30
114 48 30
47 59 30
161 15 30
86 182 30
86 182 30
86 182 30
86 182 30
122 198 30
122 198 30
161 26 30
161 26 30
161 26 30
161 26 30
161 26 30
161 37 30
161 37 30
161 37 30
161 37 30
161 37 30
161 37 30
161 48 30
125 48 30
136 48 30
136 48 30
136 48 30
136 48 30
136 48 30
136 48 30
136 48 30
136 48 30
136 48 30
136 48 30
136 48 30
136 48 30
136 48 30
136 48 30
125 59 30
125 59 30
125 59 30
125 59 30
136 59 30
136 59 30
147 59 30
122 187 30
122 187 30
122 187 30
122 187 30
122 187 30
122 176 30
122 176 30
122 176 30
122 176 30
122 176 30
122 176 30
122 176 30
133 176 30
133 176 30
133 176 30
133 176 30
133 176 30
133 176 30
133 176 30
133 176 30
133 176 30
133 176 30
133 176 30
133 176 30
133 176 30
133 176 30
122 165 30
133 165 30
133 165 30
133 165 30
133 165 30
133 165 30
133 165 30
144 165 30
144 165 30
144 165 30
144 165 30
144 165 30
96 128 30
107 128 30
107 128 30
107 128 30
107 128 30
107 128 30
118 128 30
118 128 30
118 128 30
118 128 30
118 128 30
118 128 30
118 128 30
118 128 30
118 128 30
129 128 30
140 128 30
151 128 30
151 128 30
151 128 30
151 128 30
151 128 30
151 128 30
151 128 30
151 128 30
151 128 30
151 128 30
151 128 30
151 139 30
97 182 30
97 182 30
108 182 30
108 171 30
108 160 30
108 149 30
119 149 30
130 149 30
141 149 30
58 59 30
69 59 30
80 59 30
91 59 30
91 59 30
91 59 30
91 59 30
91 59 30
91 59 30
91 59 30
91 59 30
102 59 30
102 59 30
102 59 30
102 59 30
102 59 30
102 59 30
102 59 30
102 59 30
102 59 30
48 59 31
49 59 26
50 59 22
51 59 19
52 59 16
53 59 14
54 59 12
55 59 10
56 59 10
57 59 10
59 59 10
60 59 10
61 59 10
62 59 10
63 59 10
64 59 10
65 59 10
66 59 10
67 59 10
68 59 10
70 59 10
71 59 10
72 59 10
73 59 10
74 59 10
74 59 10
75 59 17
76 59 15
77 59 13
78 59 11
78 59 11
79 59 19
81 59 16
81 59 16
82 59 27
83 59 23
83 59 23
84 59 38
85 59 32
85 59 32
86 59 53
86 59 53
87 59 60
87 59 60
88 59 60
88 59 60
89 59 60
89 59 60
89 59 60
90 59 60
90 59 60
90 59 60
90 59 60
92 59 60
92 59 60
92 59 60
92 59 60
92 59 60
93 59 60
93 59 60
93 59 60
93 59 60
93 59 60
94 59 60
94 59 60
94 59 60
94 59 60
94 59 60
94 59 60
95 59 60
95 59 60
95 59 60
95 59 60
95 59 60
95 59 60
96 59 60
96 59 60
96 59 60
96 59 60
96 59 60
96 59 60
97 59 60
97 59 60
97 59 60
97 59 60
97 59 60
97 59 60
98 59 60
98 59 60
98 59 60
98 59 60
98 59 60
98 59 60
99 59 60
99 59 60
99 59 60
99 59 60
99 59 60
99 59 60
100 59 60
100 59 60
100 59 60
100 59 60
100 59 60
101 59 60
101 59 60
101 59 60
101 59 60
101 59 60
103 59 60
103 59 60
103 59 60
103 59 60
103 58 60
103 58 60
103 58 60
103 58 60
104 58 60
104 58 60
104 58 60
104 58 60
104 58 60
104 57 60
104 57 60
104 57 60
104 57 60
104 57 60
105 57 60
105 57 60
105 57 60
105 57 60
105 57 60
105 56 60
105 56 60
105 56 60
105 56 60
106 56 60
106 56 60
106 56 60
106 56 60
106 55 60
106 55 60
106 55 60
107 55 60
107 55 60
107 55 60
107 54 60
107 54 60
108 54 60
108 54 60
108 53 60
109 53 50
109 52 42
110 52 35
110 51 29
111 51 24
111 50 20
112 50 17
113 50 15
113 49 13
113 49 13
114 49 22
115 48 19
116 48 16
117 48 14
118 48 12
118 48 12
119 48 20
120 48 17
121 48 15
122 48 13
122 48 13
123 48 22
124 48 19
125 49 16
125 49 16
125 50 27
125 50 27
125 51 45
125 52 38
125 53 32
125 53 32
125 54 53
125 55 44
125 56 37
125 56 37
125 57 60
125 57 60
125 58 60
125 58 60
126 59 60
126 59 60
127 59 60
127 59 60
128 59 60
128 59 60
129 59 60
129 59 60
130 59 60
130 59 60
131 59 60
131 59 60
132 59 60
132 59 60
133 59 60
133 59 60
134 59 60
134 59 60
135 59 60
135 59 60
137 59 60
138 59 50
139 59 42
140 59 35
141 59 29
142 59 24
143 59 20
144 59 17
145 59 15
146 59 13
148 59 11
149 59 10
150 59 10
151 59 10
152 59 10
153 59 10
154 59 10
155 59 10
156 59 10
157 59 10
158 59 10
159 59 10
160 59 10
161 59 10
162 59 10
163 59 10
164 59 10
164 59 10
165 59 17
166 59 15
167 59 13
87 182 60
87 182 60
88 182 60
88 182 60
89 182 60
89 182 60
90 182 60
90 182 60
91 182 60
92 182 50
92 182 50
93 182 60
94 182 50
95 182 42
95 182 42
96 182 60
98 182 50
99 182 42
100 182 35
101 182 29
102 182 24
103 182 20
104 182 17
105 182 15
106 182 13
107 182 11
107 182 11
108 181 19
108 180 16
108 179 14
108 178 12
108 177 10
108 177 10
108 176 17
108 175 15
108 174 13
108 173 11
108 172 10
108 172 10
108 170 17
108 169 15
108 168 13
108 167 11
108 166 10
108 165 10
108 164 10
108 163 10
108 162 10
108 161 10
108 159 10
108 158 10
108 157 10
108 156 10
108 155 10
108 154 10
108 153 10
108 152 10
108 151 10
108 150 10
109 149 10
110 149 10
111 149 10
112 149 10
113 149 10
114 149 10
115 149 10
116 149 10
117 149 10
118 149 10
120 149 10
121 149 10
122 149 10
123 149 10
124 149 10
125 149 10
126 149 10
126 149 10
127 149 17
128 149 15
129 149 13
131 149 11
132 149 10
133 149 10
134 149 10
135 149 10
136 149 10
137 149 10
138 149 10
138 149 10
139 149 17
140 149 15
142 149 13
142 150 11
142 151 10
142 151 10
142 152 17
142 153 15
142 154 13
142 155 11
142 155 11
142 156 19
142 157 16
143 157 14
143 158 12
143 158 12
144 158 20
144 159 17
144 159 17
145 159 29
146 159 24
147 159 20
148 159 17
149 159 15
150 159 13
86 128 60
86 128 60
87 128 60
88 128 50
89 128 42
90 128 35
91 128 29
92 128 24
93 128 20
94 128 17
94 128 17
95 128 29
97 128 24
97 128 24
98 128 40
98 128 40
99 128 60
100 128 50
100 128 50
101 128 60
101 128 60
102 128 60
102 128 60
103 128 60
103 128 60
104 128 60
104 128 60
105 128 60
105 128 60
106 128 60
106 128 60
108 128 60
108 128 60
108 128 60
108 128 60
109 128 60
109 128 60
109 128 60
109 128 60
110 128 60
110 128 60
110 128 60
110 128 60
110 128 60
111 128 60
111 128 60
111 128 60
111 128 60
111 128 60
111 128 60
112 128 60
112 128 60
112 128 60
112 128 60
112 128 60
112 128 60
112 128 60
113 128 60
113 128 60
113 128 60
113 128 60
113 128 60
113 128 60
113 128 60
114 128 60
114 128 60
114 128 60
114 128 60
114 128 60
114 128 60
114 128 60
115 128 60
115 128 60
115 128 60
115 128 60
115 128 60
115 128 60
116 128 60
116 128 60
116 128 60
116 128 60
116 128 60
116 128 60
117 128 60
117 128 60
117 128 60
117 128 60
117 128 60
119 128 60
119 128 60
119 128 60
119 128 60
119 128 60
120 128 60
120 128 60
120 128 60
120 128 60
120 128 60
121 128 60
121 128 60
121 128 60
121 128 60
121 128 60
122 128 60
122 128 60
122 128 60
122 128 60
122 128 60
123 128 60
123 128 60
123 128 60
123 128 60
124 128 60
124 128 60
124 128 60
125 128 60
125 128 60
126 128 60
126 128 60
127 128 60
128 128 50
130 128 42
131 128 35
132 128 29
133 128 24
133 128 24
134 128 40
135 128 34
136 128 29
137 128 24
137 128 24
138 128 40
139 128 34
141 128 29
142 128 24
142 128 24
143 128 40
144 128 34
144 128 34
145 128 57
145 128 57
146 128 60
146 128 60
147 128 60
147 128 60
147 128 60
148 128 60
148 128 60
148 128 60
148 128 60
149 128 60
149 128 60
149 128 60
149 128 60
149 128 60
149 129 60
149 129 60
149 129 60
149 129 60
150 129 60
150 129 60
150 129 60
150 129 60
150 130 60
150 130 60
150 130 60
151 130 60
151 130 60
151 130 60
151 131 60
151 131 60
151 132 60
151 132 60
151 133 60
151 133 60
151 134 60
151 134 60
151 135 60
151 136 50
151 137 42
151 138 35
150 139 29
149 139 24
148 139 20
148 140 17
148 141 15
148 142 13
148 143 11
148 144 10
147 144 10
146 144 10
145 144 10
144 144 10
143 144 10
142 144 10
142 145 10
142 146 10
142 147 10
142 147 10
142 148 17
122 197 60
122 196 50
122 195 42
122 195 42
122 194 60
122 193 50
122 192 42
122 192 42
122 191 60
122 190 50
122 190 50
122 189 60
122 189 60
122 188 60
122 188 60
122 188 60
122 186 60
122 186 60
122 186 60
122 185 60
122 185 60
122 185 60
122 184 60
122 184 60
122 184 60
122 183 60
122 183 60
122 183 60
122 182 60
122 182 60
122 182 60
121 182 60
121 182 60
121 182 60
120 182 60
120 182 60
119 182 60
119 182 60
118 182 60
118 182 60
117 182 60
116 182 50
115 182 42
114 182 35
114 181 29
113 181 24
112 181 20
111 181 17
110 181 15
109 181 13
124 49 37
161 16 54
161 17 45
161 18 38
161 19 32
161 20 27
161 20 27
161 21 45
161 22 38
161 22 38
161 23 60
161 24 50
161 24 50
161 25 60
161 25 60
161 27 60
161 27 60
161 27 60
161 28 60
161 28 60
161 28 60
161 29 60
161 29 60
161 29 60
161 30 60
161 30 60
161 30 60
161 31 60
161 31 60
161 31 60
161 32 60
161 32 60
161 32 60
161 33 60
161 33 60
161 33 60
161 34 60
161 34 60
161 34 60
161 35 60
161 35 60
161 35 60
161 35 60
161 36 60
161 36 60
161 36 60
161 36 60
161 38 60
161 38 60
161 38 60
161 39 60
161 39 60
161 40 60
161 40 60
161 41 60
161 42 50
161 43 42
161 44 35
161 44 35
161 45 58
161 46 48
161 47 40
161 49 34
161 50 29
161 51 24
161 52 20
161 53 17
161 54 15
161 55 13
161 56 11
161 57 10
161 57 10
161 58 17
