1000 41 29
3154 3553 3857 5110 5121 6388 6842 7218 8088 9726 10071 11869 15812 19147 19780 25334 27705 28948 29913 35018 36739 38818 45484 45930 48116 60030 77166 97153 124792
1089 1864 2254 2470 3874 5519 5943 6006 6425 13316 14335 14979 16306 17867 25224 27734 28382 29282 30497 32829 36082 42320 46556 49566 51984 76735 86519 97572 112482
1533 1922 3637 3986 5652 7485 7801 8773 10915 11297 13071 14012 15985 18438 22560 23186 25520 25905 26648 29653 33265 34256 39365 52826 61143 61301 89402 98384 102659
383 407 643 1149 1638 1969 2365 3137 3233 3718 4753 6703 10093 12302 14706 16348 23074 27915 31687 35926 38495 40495 41762 47181 47542 52818 80990 81783 109199
896 1636 2532 6410 6673 6894 7337 9204 12690 13027 13328 13484 14854 16193 17725 18086 19282 23569 26476 30483 30647 37337 45026 46809 48037 49343 49888 62689 112394
14 574 1985 2627 3173 5549 5889 7857 8576 8984 9603 9759 12048 13200 14219 19589 21897 22600 27869 31177 35749 51510 52541 64404 67623 72790 76530 83379 111852
1 179 364 6123 6602 10159 10552 10681 11360 13223 14179 14649 19414 20048 21126 21679 26857 29803 32917 34351 34515 36556 39526 47055 55732 66993 69052 83876 87517
417 855 6852 6999 9120 9230 9459 10418 13125 13445 15854 16222 17774 18209 20497 21711 21749 24774 37400 38195 42500 44397 47523 59099 59742 59828 67858 75213 99703
145 606 2700 4361 6785 6928 7345 8836 11768 14385 15059 17644 17902 19666 24932 28243 28772 29295 35408 40075 43721 45636 48046 50275 59047 62290 80749 85673 94537
106 327 403 504 933 1382 1805 1981 2085 3834 4486 4971 5109 6879 9367 11116 13916 16236 30745 33342 37272 40792 44499 60561 63261 66986 75615 84856 140437
302 802 2917 3814 4980 4992 5259 10873 11819 13966 16194 18281 23648 24219 26304 31075 31976 33851 37251 41145 43612 49606 52434 52536 56952 63893 74941 78947 83560
370 2406 3077 4575 6349 6705 8550 8843 11041 13080 14003 14297 17073 17257 21092 21166 23985 26180 28286 31297 31584 38211 40257 61486 61532 62294 63973 68600 91651
1236 1518 1976 2948 5015 5788 7018 9386 9792 10029 11417 12196 13171 15597 15841 18473 21781 24429 27595 27726 38519 39251 45740 47510 57214 67904 73902 121043 145617
71 376 4547 5549 6698 7393 8632 9362 11241 13897 15511 16058 16082 16229 16583 18283 18880 29250 30350 38316 44568 44735 45188 48216 48322 50229 51457 84540 135541
912 1478 1796 2044 2977 3316 3657 9397 11931 18147 18793 21110 21897 22304 24155 31492 34867 35384 36186 37608 39120 49400 56424 60194 61670 62849 67354 76955 83724
1528 1620 3951 4220 4612 6389 6822 9330 10004 11907 13351 14733 15606 19016 19035 29612 30414 32722 35399 35497 37306 38230 43691 53979 58995 59160 59182 66254 72246
851 1166 1577 4072 5089 6531 8182 8508 10683 12111 13967 16936 17564 17744 18688 19163 20371 22515 23664 31835 34231 41505 52335 57767 69285 75145 78735 83109 104176
369 1316 1957 2469 4552 5113 5297 5527 5950 7932 8930 10755 16156 16777 21153 25133 28924 31259 31772 32261 34958 36626 39640 50941 51978 59136 84265 116568 148847
516 690 963 1023 1098 5298 6775 11049 11261 11348 11472 13258 13318 14917 17403 17960 19382 27924 35445 39254 39609 40870 42040 42692 44080 48463 59277 105289 133117
719 1913 3454 3522 3919 8273 9361 9875 11223 12097 12173 16358 16459 17220 20413 23732 24851 27140 27451 28654 28858 33421 35520 38841 60389 62587 63748 68155 98180
1639 1743 2440 2529 3239 3935 4224 4289 4321 9510 10613 11292 18420 18700 19332 21326 21928 23845 24230 25015 27841 28298 33776 45015 50471 63940 88410 91072 113716
2110 3537 5375 7617 7626 8144 8349 10977 11167 11288 16576 16846 18026 18928 19629 22294 24879 25033 25496 27115 28895 34336 38494 42122 46757 47817 72176 82759 206085
622 1578 1583 2658 4670 6492 7651 7948 10208 10984 12375 18708 20855 24961 25316 26233 26938 28415 34865 35259 38846 41034 47144 47933 52076 55507 58091 85332 109684
1193 1582 3960 6259 8491 8645 9888 12782 13119 14138 14454 17981 18033 21943 22630 23196 24631 30175 33333 33503 35585 38763 41008 41618 48400 50172 55389 65864 81883
658 988 1354 3174 4040 4424 5654 5658 6701 6794 7310 7691 8582 11956 13177 18165 22431 22519 23088 25752 31280 32733 33164 33811 42958 81818 82525 103769 124873
2449 5257 6654 7018 8820 11931 13177 15442 15480 19204 19542 19990 23831 24849 27341 30394 30819 30998 31646 36725 36960 39242 43156 49657 52127 60421 66731 68106 74837
340 1788 3788 3991 4850 5552 6331 6894 7476 9904 13230 13756 14619 14826 15844 16350 17544 22835 24233 26464 29861 41389 44454 45369 45826 59500 84491 86586 112920
328 1797 2836 2980 5216 5743 6787 6846 8982 9232 10021 10193 11772 15026 16875 25035 26919 27208 27222 35931 42950 47203 49093 49154 52089 75654 76212 94964 135741
97 338 1464 1511 1878 2620 4832 6589 7131 8077 10865 12053 13020 13333 14898 15148 15618 16185 20497 20842 31357 34887 37010 58694 60653 69452 80481 89957 105827
463 1342 1433 1858 2165 2703 2802 3715 3786 5537 8574 9472 9691 13095 13410 15378 19806 26133 30555 38192 42051 46917 51554 64466 71162 74480 79825 105990 163478
1960 2256 2765 3404 4616 4893 8457 9552 16201 16593 17085 18639 20096 20527 22635 24694 25490 27916 32974 34119 38554 38883 41737 45950 66632 72373 77292 86543 87026
1654 2913 3987 5973 7435 8513 10520 10858 11474 12734 12950 15694 17544 17887 22292 22692 24164 27438 30618 33800 37692 42380 49933 52525 58173 68263 71416 85958 89857
23 1260 1396 2782 3193 4163 4731 6990 7091 9682 11890 12510 12526 15464 16787 18787 18876 24126 32452 34454 35068 36000 45725 50096 57889 58716 58966 65387 157484
1025 3192 6995 7310 7885 8376 9718 10254 10907 13978 14041 15755 17592 19540 20098 20490 25857 26770 27913 29402 29699 35161 42115 44810 49386 53574 61441 63667 135759
1007 3197 3279 7587 7732 8315 9459 9876 10653 14070 14273 15344 17089 18981 22182 24156 26506 26927 27224 29735 32418 32553 39378 46569 48889 50285 59123 68685 112430
545 1774 2152 3098 4245 4620 5787 7164 7323 8786 9058 13466 14279 14744 16117 17963 20114 22414 22674 23010 26776 43279 44298 50774 60902 75881 80624 117521 133483
4318 4807 6461 7060 9063 9670 10055 11737 11876 13131 16358 18323 21426 21577 23638 27682 28019 29462 29959 30057 32421 35972 36970 43253 47618 48928 56796 68126 130215
693 1021 7001 7259 7381 7709 7806 8333 13268 13970 15922 17015 18082 20777 22229 27512 32050 33904 37811 38333 43922 49559 50683 51272 57036 61390 73079 73811 74514
1161 2057 3049 5708 5872 8110 9021 10131 11811 11985 13262 14462 16173 16926 17463 18089 24050 28555 29681 29957 31444 33944 46104 48453 50848 52399 63092 68401 86997
255 692 713 1206 2748 4600 6701 9189 11528 11550 12238 14099 17086 19119 20308 20342 20794 23757 25968 28303 33594 40304 44333 45186 50639 61358 66011 98831 128312
567 714 1100 1557 2871 3900 4419 4502 6055 7923 8493 8848 9938 10468 15594 16301 20289 20755 22069 25645 31384 38831 40816 51013 57465 58755 63709 90693 167211
