1000 19 28
284 5279 6761 7223 7599 12200 12206 14563 14666 16674 16952 16956 18229 20590 23389 23549 23846 33102 35744 38584 45908 47467 58545 64743 66973 79805 86639 86964
381 2886 3073 3496 4446 5610 9071 9280 10668 11907 13643 13804 14825 20767 24710 25978 26389 29152 31858 34658 34753 36019 37648 38301 38419 52542 82094 115769
254 815 1080 3483 6202 6645 7346 9484 13568 13583 14145 14641 15338 19363 20842 24640 26303 27286 28624 32402 33682 34682 40328 52738 57342 75423 97160 177739
1323 1341 2834 3960 4670 7914 9117 9402 10395 11297 11478 12252 16178 22152 23407 24289 26715 30573 35029 35358 36056 37330 51935 54587 62723 81583 90621 101676
464 1263 1426 1603 6820 10815 10919 11611 15554 19613 20591 21123 21936 23511 27231 28773 28903 31096 35047 35150 36602 41298 45899 51553 57531 67541 71770 88375
143 1306 1984 3813 5746 8514 9243 13091 13119 13221 13342 16212 16484 17323 18821 28901 30025 31528 32064 43958 48777 49876 50100 52053 52573 62091 83262 105464
1535 2189 2575 3340 4198 6382 8881 9422 10275 11242 13597 14421 17202 19075 21387 24171 27639 32743 33185 35683 40605 47220 57948 59819 67435 67796 91961 118105
514 694 1608 2865 4142 4789 5634 6092 6308 8261 10545 12499 12592 13733 13997 15170 18629 23090 24798 24905 33152 47409 48997 49168 49806 51336 83717 85848
61 3258 4479 6589 7223 8366 8617 9013 9020 9563 9772 9855 11006 13220 14040 20853 26740 32365 35770 38467 41374 42282 45251 48024 51852 55476 110877 126449
83 140 809 4033 4087 4657 7774 8572 14471 14523 14628 16163 19831 20179 21568 23838 31690 32190 34392 35545 39786 41509 56346 58827 73631 92438 101973 109543
309 783 3129 3860 7244 10629 16061 16651 17139 17597 18094 18497 18868 19146 20641 21822 22440 26991 27769 28071 29193 32915 37577 46378 48280 49935 59300 148940
273 397 3168 5851 7426 7564 8667 10271 12167 14885 15112 16803 19944 21179 21288 21745 22537 24384 26430 27949 28224 36568 46111 46565 54728 61409 79784 112613
1590 2615 2631 3171 3254 3766 4717 4962 5366 6205 11066 13558 14385 14716 20764 21622 23850 26252 26752 30056 31299 31917 38009 40480 51858 55272 76525 127490
300 1012 1499 1736 2122 2398 3182 4749 5990 7718 8338 11165 14237 15378 16339 21870 21922 21969 24031 24775 27070 32248 37955 40152 42448 99823 103982 180206
366 5596 7099 8657 8714 8930 9086 10928 11783 12088 13610 13857 13899 14347 16764 18259 19887 20335 22653 26604 29939 32527 35853 39002 41786 46260 52101 123271
397 1074 2624 4981 6624 7612 8155 8167 9220 11210 12745 14764 15717 16135 16321 18489 26383 27898 35522 37360 38832 43466 47046 56259 57888 72036 79630 151003
1313 1587 2337 3512 3763 4867 5346 8491 11961 13652 13742 15032 19365 22207 30528 36223 36990 38057 40657 47825 48903 49524 54242 61092 63906 66343 67061 102882
29 104 593 1291 1631 2877 3871 6877 7367 7657 7967 9455 11556 12244 12692 12750 15474 15838 19421 20585 29313 46568 59981 68284 74544 96365 130104 140177
2431 2514 3192 3436 3439 4480 6594 9458 9459 14564 20260 20794 23660 24484 24755 25252 25569 25934 26048 27182 29757 30232 46322 49298 56288 87955 103188 106447
