1000 49 38
140 899 1604 2704 2818 2886 3175 4561 6888 8338 10537 13023 13266 13318 13824 15128 15178 16227 16319 17498 19049 19287 19810 20085 21727 22028 23373 27116 28268 32262 39608 40158 43525 45336 54353 54517 66290 86264
283 567 1777 2227 2973 4254 5262 5678 6054 7264 7630 8896 9177 9578 10960 11253 13416 13642 13757 15163 15983 16407 18916 20388 20475 22002 25458 30024 30382 30604 30997 31833 33986 35122 47336 52115 70426 120463
568 659 993 1263 2032 2316 3716 4292 4422 6913 7897 8205 8893 10249 11787 12874 13665 13905 15894 16042 19249 19277 19280 19409 19839 21015 21194 22845 23481 24947 25116 33302 33830 33913 34514 55080 57976 81340
290 922 1203 1809 2313 2327 3004 3383 8128 8479 8533 9525 9610 10122 10925 11125 12934 13793 14629 15906 19027 19756 20724 21585 22247 25399 26360 26523 28981 29650 31584 43860 45089 47774 60968 66882 72316 95581
22 602 1182 1798 1960 2615 3009 3174 4416 4891 7670 9563 9879 10023 10928 11445 11885 13238 13914 15579 15876 16545 16988 23779 25176 30700 33085 36548 36807 38657 39557 40381 46992 59229 60727 66234 69867 95493
489 1980 2915 3203 3389 4775 4851 6543 7122 7411 8703 9018 9232 10793 10931 12189 12451 12522 15346 15710 16864 17601 20293 21735 21743 22147 23058 25134 26613 26843 29660 31367 32064 33727 40106 53856 69038 89343
828 1918 2248 3516 3733 5309 6806 6833 7129 7813 8183 8279 8384 8456 8918 9138 10383 12510 13721 14560 15741 16362 17030 17360 18656 20797 21836 24177 25396 25857 31240 32464 32829 39108 47187 49792 52657 84588
619 1437 1478 2898 2916 2945 3012 4580 4976 5689 6351 6845 8023 8324 8508 9984 10800 12098 12421 12671 14978 15474 18447 18785 21588 22332 25328 25442 26319 27983 33403 34121 35442 43057 44556 53894 61901 73661
195 1503 1543 2079 2134 3448 3476 3782 4551 5634 6194 6503 7124 7203 8690 9185 10326 10647 10790 11034 11076 12584 14121 16022 16674 19021 22732 22905 26186 26711 29076 45123 46075 46556 46762 47773 49555 107441
1414 1576 3690 4261 6914 7014 7253 8103 8457 8867 9108 9863 10233 10239 10602 10725 11439 14931 15518 16818 17330 17463 17819 19009 19413 21080 21936 29744 31888 37970 41764 47034 47867 51986 52023 57752 80030 85506
194 363 661 774 1985 2152 2838 4882 6098 6404 6467 6852 9878 10031 10361 11767 11995 12148 13262 13337 13430 14412 14546 15007 17702 19992 20454 20570 25708 26089 27685 30503 31194 48222 52904 69124 79179 82976
130 2352 2504 2781 4338 4701 4930 5163 5690 5801 6785 7458 8781 9598 9825 10198 10430 12367 13746 13764 14044 14255 16812 19733 20620 25958 26600 29979 31389 33158 44194 48248 54911 55604 58877 63378 75190 81157
364 1443 1685 2061 2336 2598 3968 4044 4264 4347 5338 8714 9781 10746 10812 10895 11558 12312 15033 17681 19434 20511 20720 20976 24100 24427 25914 29130 30160 40759 48867 50355 51097 51215 51690 57397 58564 89336
225 581 868 972 1248 1997 2804 3507 4192 6447 7356 7627 7810 8754 9296 9563 9597 10700 11057 11195 11722 14081 19046 22613 28790 31406 35906 40984 41878 41931 42143 42474 48413 49227 60454 61246 67669 70303
74 602 903 1012 1148 1810 3987 4065 4786 5565 6201 6558 6641 7178 8303 9906 11834 12178 13678 15105 18537 19116 19246 21468 27426 31483 33576 34615 35812 41914 43944 44656 47971 52779 59639 63336 69259 79687
100 900 1504 1742 2372 2413 2584 2987 3796 4929 6135 6645 6659 6861 7965 8399 8592 9215 9636 10009 11248 12145 12657 14238 18061 18694 20999 27819 27860 29370 31792 42175 46790 47785 53972 66740 78015 107337
751 1114 1270 1800 3021 3051 3992 4181 4325 5433 5473 5540 6337 6402 7649 7954 8963 9081 9520 10744 15762 17866 19428 19852 21566 22594 24607 26238 26894 28376 38249 39710 41247 47771 49740 53393 72363 77667
19 233 1343 1474 1600 2123 2362 2803 2909 4221 4712 5686 6712 7532 7637 7902 7976 8358 10863 14837 14989 18499 18567 21292 22963 24351 24778 32421 35206 35977 37450 43507 45094 51882 69791 85330 87363 107313
208 691 2488 2897 3834 5686 7575 9580 9887 10189 10308 10586 10884 11529 13043 13130 13591 14013 14797 15470 16107 18238 20010 21444 22811 23276 24297 24500 25665 27260 28829 29532 31878 40156 42594 43300 49220 58472
419 1486 2163 2371 2405 3172 3205 3281 4204 4700 4932 5109 6912 6966 7089 7716 7864 7946 8453 9475 10312 11185 12965 14758 17775 18036 21678 26174 29150 34139 38004 41982 43086 44984 51915 65447 67159 104729
118 722 834 917 2235 3238 4083 4239 6375 6466 6774 9455 10374 11417 11472 11716 12353 14241 14438 15039 16428 17353 18594 18802 21231 21933 24838 25706 28659 32784 33098 34019 35785 42229 54665 55595 58935 83282
127 560 837 1583 2022 2472 2619 4499 4889 5141 6774 7761 9146 9272 10075 10262 13339 14676 16464 16941 18649 19652 21055 21278 25341 32268 32864 35795 38883 40003 40520 41150 44193 45988 46957 50942 70023 75272
753 1229 1513 2507 2923 3304 4300 4849 5388 5963 6141 6461 7243 8243 9158 10032 11979 13401 13468 13957 14164 16121 17976 18251 20837 21421 27466 28573 28629 29456 33288 35215 41067 44874 46163 46961 57236 79152
976 1026 1042 1308 2184 6303 7277 7994 9366 9554 10728 11069 11705 13210 13899 14223 14390 15436 15638 15648 16235 16315 17713 19663 19967 21599 23989 25973 29543 29764 31597 32767 33043 36474 47923 48799 50816 58189
7 64 1541 1683 3280 4065 4502 5226 7393 7466 8453 8633 8799 8903 9161 10491 11621 11829 11942 12183 12333 12384 14278 15107 16081 17500 20121 20245 25689 33439 39150 44737 45735 48031 67504 68685 72444 75428
272 1006 1703 3312 4765 5762 10242 10313 10476 11078 11333 11522 12189 13224 14376 16649 19381 19823 20144 20602 21564 22769 22948 23396 24865 26644 27332 28322 30178 32077 35303 36035 40489 43568 43927 45079 49050 53792
37 819 1140 2533 3080 3211 4640 6960 7098 7226 7684 9201 9437 10196 11697 12421 15898 16188 16326 16446 18108 18252 20664 22349 24458 24647 31147 31707 34392 35830 42255 51331 53275 56000 61777 63089 63260 75609
64 1420 2012 2667 3163 3734 4266 4763 4925 5985 6377 6525 7546 8040 8192 10603 11639 11936 12401 13266 13488 15431 16447 17273 18532 18605 21430 22061 25380 25555 34709 39423 40657 41108 43896 53821 59407 84358
29 1095 1232 1410 1686 1703 3367 3676 4758 5123 7158 7504 8087 8761 9197 10267 10485 10512 10839 13950 15257 15994 20197 24989 26484 27122 29935 31367 33218 39950 42537 42699 43018 50880 54682 58146 62462 69769
191 599 1375 1651 2156 2261 3186 3603 4001 6722 7861 8817 11707 12334 14995 16001 16155 18771 18873 20456 21022 21590 22404 23617 24616 25386 27726 29858 30366 31140 35043 35837 40104 48487 52925 58818 66373 67209
5 307 473 1157 1288 1497 2870 3448 5709 6742 7056 7736 8329 8584 8625 9984 10701 10822 13239 15506 15674 18748 22262 24699 29417 29995 31731 37032 40486 44322 44495 45479 49683 53434 57320 60679 72609 82655
421 875 1058 1649 2029 3088 3325 6196 6539 8371 9900 12280 12928 14308 14839 14892 15050 17320 17334 17383 18256 18496 19039 22669 25464 27267 28036 29397 32880 35630 38650 39582 39990 40179 41031 47149 51801 60511
1107 1350 1943 2242 2920 3335 4336 5392 5425 5534 6347 9149 10382 10556 10639 10797 11651 13183 13946 14156 15379 16743 23033 24207 25557 26114 26680 28129 35540 36773 40349 41990 48358 55493 56948 59582 67280 120879
768 1234 1774 2214 4243 5433 5603 6943 6993 7027 7095 7684 8602 10843 11867 12497 12960 13510 15467 16378 20510 21735 22864 23242 24067 24286 25920 27066 29862 31365 36415 44590 44864 48121 55337 55536 103452 105108
506 589 1348 1419 1535 1546 2223 2417 3703 5593 6775 8352 8528 9305 9920 11288 12815 13063 13225 14930 18462 20706 20962 21926 24283 24472 25354 28316 29165 31507 33489 38020 44864 49982 51492 58284 70160 132966
70 542 1453 1903 2041 2338 3539 4088 5641 5985 7094 7478 7490 7546 7969 7989 9413 9550 11553 12040 14113 15661 18438 20156 20733 22073 27242 27248 28777 31016 44301 48078 55384 56333 61124 64077 69992 95623
1314 1448 2101 2415 3864 4194 4303 4608 4645 8260 8845 9646 9832 10314 12160 12646 13292 13587 13613 16465 17635 20083 21998 22358 22617 24763 26048 26957 29422 29879 31456 37219 44091 47995 48627 55426 56240 62169
153 862 1496 2025 3218 4768 5136 7557 8317 8518 8805 9018 9684 10536 11135 11402 12750 14640 17321 18207 18761 19646 20274 21907 21938 22681 23503 24936 28224 28393 29940 31293 33354 38760 39619 46549 60029 62618
2013 3301 3477 3890 5104 5534 5604 5826 6470 7152 8079 9007 9569 11438 12570 13757 14370 15314 15884 16768 17909 19344 19811 23160 24195 27471 27555 28579 30634 32785 36155 36256 41010 52163 52478 52598 53729 73384
556 665 955 1006 2519 2814 3361 4055 4499 4524 5049 5191 6324 8046 8061 8415 9199 9521 9549 11766 13566 15252 16588 19031 20822 22481 27745 29364 31609 35038 37210 38166 40356 44218 44663 47993 53682 82558
585 614 979 1615 2135 3464 3513 4487 4955 5036 5216 5559 5597 6603 7026 7168 8317 9545 9771 10020 11655 12278 14743 18663 20337 21431 21663 25360 26205 31002 39036 40966 41667 43663 45442 51284 70835 80806
318 516 784 1341 1624 2769 2847 3449 4301 5267 5990 6913 6926 7315 7516 8076 8729 10627 11549 12279 14310 19501 21511 23565 25885 27224 29406 36611 39502 42688 44222 45678 47070 48824 49548 60886 61642 70077
317 1089 1281 1511 2316 4078 4294 4906 5254 5406 5593 6063 6455 7590 8036 8195 9644 9679 13840 14796 15480 15753 17194 19836 20790 22446 22550 22764 23208 23902 26027 30438 42994 43832 50777 52137 57742 95393
174 762 883 1203 1563 1749 2033 2693 3190 3881 4025 4741 7666 7878 13525 14994 17099 17189 17536 18068 19141 21749 22450 25485 25787 26438 26566 28709 37401 39963 42686 45354 49093 56008 58075 72089 78195 79555
73 947 1182 2070 6675 6730 6781 6977 11065 11185 11202 13054 13780 14811 16382 16908 17280 17295 17822 18650 20726 21108 21144 21842 27246 29575 30038 30507 34165 38446 38634 39556 43770 47493 48856 49545 51912 78648
69 210 483 1476 3897 4009 4257 4533 5186 5857 6034 6339 9590 9923 10428 10480 12270 14303 14443 17110 17536 18836 21871 25453 26668 26900 28862 32078 33834 37872 45508 45530 51705 52882 56682 57025 64817 96728
707 1239 2071 2857 3172 3366 4548 5196 5263 5276 6920 7128 7175 9322 10029 12547 12939 13172 13358 13448 14266 14499 14800 16589 17475 17932 18422 21910 23242 26903 30337 32229 33217 34416 36290 41532 63277 130268
1321 1802 3780 4065 4097 4374 5066 6182 6287 7231 7326 7635 7647 9263 9888 13205 13937 14252 14416 14477 14747 14914 15293 15372 15428 15537 18888 19531 20737 22233 22601 26300 31136 33126 43948 49267 74771 112314
293 467 1003 1400 1915 2387 3476 4415 5142 5702 6254 6732 8014 9944 11838 12597 12967 16013 17280 18592 19801 20947 22487 23432 23484 23670 23957 24681 26657 29335 34132 35515 35581 42357 55299 57120 64081 101250
