1000 24 35
488 1330 3885 4387 4427 5154 6566 7219 7286 7323 9032 9900 11104 12067 13379 13810 13942 14693 16193 17625 25778 27061 27200 27530 27834 28898 29153 31489 35738 38132 39713 46629 46643 57083 62193
49 265 1357 2454 2546 2822 4510 4813 5046 6310 8508 8727 10642 12076 12340 12405 12804 13437 13515 13870 13897 14657 15749 18239 19484 29792 31623 33027 34820 35111 35242 47806 55766 62494 72911
77 1441 1661 2368 2578 2847 2944 3272 4228 4269 5197 5826 6984 7976 7991 8717 10048 10381 12660 12789 15823 17592 22910 23405 24683 26806 29992 30435 36893 37599 48016 73721 85202 96036 99806
333 498 1403 1792 1967 2017 2384 2509 4052 4255 5180 6092 7515 11179 11856 13970 16344 17080 17831 19896 22815 25023 25036 27213 27790 30938 30978 32742 32963 41740 48913 59471 97251 101430 101824
1020 1396 1500 2253 2575 3344 3397 4029 4463 5723 8238 9422 9800 12566 13081 13169 15560 15567 15833 16026 16232 17243 17388 18201 21228 21764 26029 28791 29462 30818 34708 37072 64132 106779 124292
969 1266 2852 3194 3644 3944 4863 9640 9675 10000 12388 15679 15985 16216 16695 17125 18564 19742 20681 21212 22813 23909 24164 30659 34281 35218 39153 39225 42007 42401 43586 46918 50561 53600 55459
379 1236 1998 4140 5213 5260 5701 6688 6825 7598 9585 10356 11683 12030 12345 14085 14469 17497 18195 19406 22240 22536 24148 24257 26703 29208 30591 31068 32835 34288 34912 45540 47830 56984 69534
55 309 2496 2659 4139 5260 5863 6053 6054 6443 6812 8246 10489 11484 11938 17045 18777 19421 20274 20325 20823 21464 24065 26725 27934 29610 30680 32768 32810 46571 55249 61397 70883 84487 89660
1748 3878 4389 4816 4975 5153 5460 6144 6323 7132 9839 10022 10724 11076 11412 11891 12555 12916 15719 16494 19082 19722 20022 21688 21766 23188 34194 35719 38880 42718 50043 57898 58806 61407 62201
207 797 4467 5336 5779 6360 6633 6726 7044 7221 7266 9265 9615 10094 13104 13766 14037 14043 16256 16313 19478 27172 27725 28720 29932 30530 31173 33778 37029 37074 37763 46105 60829 104838 106593
1207 1411 1837 3054 3458 4803 4984 5289 6253 6866 7702 8951 9578 10480 12211 13504 13792 14111 14503 18106 20876 25240 26937 27367 27495 27816 32313 40360 43217 45468 47288 51218 79711 97475 111890
34 125 505 553 734 1232 1518 2086 3367 3652 5333 5670 7542 9491 15412 16105 19262 20816 22807 23473 24295 24401 26816 27234 28357 30988 31268 34307 35147 44481 46795 51591 54508 67309 69252
93 253 1246 1459 1750 2579 3498 4011 4789 4938 6449 10549 10810 11275 17992 18208 19208 20371 20442 21208 23677 27544 27871 28995 30897 31104 31162 31264 38088 39688 40298 40610 43986 52867 136877
1928 2795 3219 3740 4137 4895 7614 8168 8216 9656 10689 11036 12372 12624 12760 14763 15435 15774 15807 16820 19391 20134 25449 27065 30819 31627 33247 36936 40951 43645 52804 53688 55356 58352 78180
389 920 1018 2897 6113 6257 7862 8562 9268 9693 10068 11757 11884 12151 12195 12594 13771 14400 15579 16071 16316 17565 18504 24304 24398 27802 27884 28932 30370 40914 43064 48616 58149 60215 85395
1342 1806 2195 2543 3107 3109 3569 4236 6057 6664 7000 8559 9228 11100 11379 12907 13267 13451 14361 16068 16420 16744 16768 17842 19000 21962 25350 26204 28036 30311 31001 41384 49710 60226 110701
916 1682 2057 3351 5090 5722 5985 6474 6849 7164 7232 10299 10618 12458 14305 14436 15389 16951 19559 21348 21532 23889 26065 35289 37946 38293 39816 41026 41200 44158 44515 46320 48694 57975 112339
3172 3321 4281 4325 4477 4638 5354 5771 5997 6785 7076 7344 7712 8977 9419 10445 12061 12987 13379 14129 15054 16970 17093 19369 19467 19994 26153 26188 27692 29002 40126 41078 49424 76343 80542
624 1006 1112 1745 2725 4262 4299 4907 5288 7803 8345 9440 10909 14059 15544 15995 16457 17570 18088 20608 22726 26440 27151 32408 32524 33689 35983 37983 38359 39725 48036 69695 71866 74851 79399
240 753 2067 2768 3270 5869 8437 8634 9291 11753 15436 18953 19040 19406 19411 19526 21719 22412 23026 24369 24855 25653 28817 29565 35786 37187 39845 42220 42646 49293 49478 52375 52599 55998 58902
2024 2391 2569 4292 5037 5153 6960 7706 7982 8399 9323 10007 10091 10268 10479 12431 12822 16248 18539 18768 18820 19715 20289 21572 22401 24378 26383 26535 29488 37407 38863 39664 42353 43654 122903
305 1046 1677 1848 2473 3204 3264 3298 3482 7087 7839 9123 10458 11222 11614 11847 14803 15396 15643 16207 17425 17676 20670 22864 23495 24045 26095 35472 39665 40268 50212 50219 51970 57805 62149
676 1382 1874 2768 3419 3866 4674 5857 6082 6654 6856 7918 8008 10984 11947 13921 16072 17283 18598 19240 20574 21125 23237 26077 27787 31675 35467 38134 39418 40933 46083 49257 66034 80184 94204
380 1221 2119 2719 4019 4831 6173 7266 7798 8515 8580 9399 9570 10324 12228 12754 12968 13099 14233 14914 15307 17278 20930 23674 24395 27331 34612 38464 43979 44258 52122 57636 59609 65016 102917
