1000 31 21
707 1689 2285 6585 9475 9728 20745 22287 25078 25176 26470 27831 28346 38382 50323 62754 76345 76674 91554 114106 138458
3019 11183 12970 13124 13505 14880 15632 16273 16533 22657 27836 29121 34192 43162 52148 55210 79232 81511 89269 105326 150876
1253 1300 1341 8546 9054 10426 11813 12799 13599 17840 18856 21442 21907 27942 52414 55629 76898 81351 92119 119292 238141
78 627 3075 3187 8079 11379 12442 14371 25264 28321 30271 32346 32587 35771 54837 55804 66995 67615 84844 107712 143177
2643 7102 8007 10421 12481 13803 14103 17894 22281 23264 27254 28853 30366 35669 37369 39491 61680 75882 85748 97663 111020
2882 3340 3555 7876 14901 16057 18470 19388 28406 35337 35579 35688 36509 44267 44614 45352 58679 60849 84928 101605 134008
5573 7390 13027 13590 14035 16654 22427 23811 24554 25609 29300 31949 41741 45794 46966 60164 62102 71755 73679 111418 138499
1792 4402 7527 8783 13978 16193 16286 22863 24088 28896 31176 31602 38426 38812 48121 50067 57318 63084 78282 115669 153422
2820 4180 5037 8342 8671 9389 10063 13163 18547 40129 40177 41483 41559 41903 65708 72286 74321 76261 91436 95208 137406
64 1443 2388 4041 6896 8570 10917 16631 18238 23553 27447 28994 35657 40635 54531 55205 58241 71515 90189 99801 180520
994 1000 1332 4351 5990 10971 12779 14408 25586 30319 35438 43939 44353 45223 48437 48874 48971 87544 89494 89622 119562
1541 1743 1803 2948 3706 6978 7222 9713 15248 21967 26713 31604 33079 34232 45944 63329 72080 76228 87014 104251 129045
1006 5975 6634 11226 12761 14560 24314 26820 35244 39753 42583 43017 44634 45206 45536 49060 49828 53156 58446 62068 65296
947 1461 5176 11772 12427 15302 15677 16853 19842 21257 27416 36030 37892 41673 41942 44574 44983 47087 75036 88806 118683
835 4160 4718 7766 9821 14447 17523 23595 24900 30281 39026 39663 42562 46820 47425 61244 63368 77769 80747 85412 94411
5152 7519 11001 12719 15265 18626 20750 23659 23779 29091 31144 34335 41070 46316 48608 53648 60197 60633 67507 75298 84816
145 2772 3892 4544 5925 8208 8782 9064 11051 11386 18399 21153 22384 24593 31037 35563 51024 53441 59776 110948 297027
727 2922 2953 4087 4399 6942 8993 17865 17988 18075 19169 20007 29517 33481 47904 61084 79568 118453 123799 128328 145651
960 1998 9492 9929 11036 15260 17813 21781 24934 25856 26995 34077 38371 53994 56152 63506 68412 68508 70241 75710 81381
5248 6335 9481 10763 12822 15901 21965 22331 24599 27440 28139 30929 37460 51252 51436 54793 61480 65574 71486 75334 177875
2681 2695 3283 4612 6583 6873 8717 11513 20438 22583 22938 23207 32376 51494 52560 59601 67800 92921 93981 98627 108654
1016 3255 3595 3823 6856 7445 8111 16477 17267 19320 25539 32372 40618 50851 50950 51367 55219 58515 75390 98341 109869
3906 6111 6715 12778 14054 14584 14794 16402 17199 19605 22058 26272 48475 52852 57264 64273 65431 67182 71058 72866 96217
1073 1458 4453 6760 12608 13620 15442 16668 17102 21693 21740 23663 24248 36689 47144 50568 55787 81132 86025 93756 124737
1862 2863 3349 4522 5619 12705 12720 12902 18285 23632 24829 27456 35568 44090 60752 60885 64558 69462 85751 87612 96215
114 2390 6938 9097 10652 13225 15265 15823 17105 23268 38701 40168 42429 47815 50732 63056 74392 76502 87797 89013 116465
958 7311 10651 10966 13836 14527 14659 16856 16936 17678 22237 27604 32376 36452 37484 44097 69830 79182 82004 130596 134736
8548 9565 10160 10320 11794 14707 17019 19805 23218 28819 29826 36366 37827 39913 42601 45571 55136 55568 73071 74543 80630
1663 3936 4351 4977 7335 7798 8743 13376 17477 18063 19386 20598 21669 26786 31933 57598 65691 86388 90437 106794 190735
772 791 3420 7179 8949 9621 13030 28726 32576 33928 34583 36819 38061 48253 59669 66476 67890 76286 77684 96627 142530
1835 5619 6225 9991 10522 13201 14693 15252 16109 21965 26719 29658 38592 41931 45387 54545 56434 57962 61579 78103 115579
