1000 40 11
11419 13050 18057 27619 36956 43985 113474 130598 148342 154874 181821
82 4454 21418 26097 31230 92271 125317 129045 135247 141339 166077
5491 22250 30324 56217 61028 71327 75605 77299 134577 164090 207109
14066 17849 18826 21723 29348 35650 60315 71227 111623 245471 290273
3240 15437 30262 48328 48908 56294 64450 81714 139129 154776 243852
5855 13250 13876 31950 40772 58900 93511 107303 133923 139360 217963
16452 31339 33429 40517 47670 57176 57374 58080 83302 208960 223492
2331 6157 18294 22461 40915 82615 101258 114498 139829 178159 184589
1025 7671 14340 14588 25524 32652 45796 78585 135804 194137 379311
7086 47819 49500 61387 65910 78365 87330 87574 106791 118831 184881
290 16737 16951 18954 36401 48289 53282 121933 156807 159221 213339
2818 3075 5112 17611 29465 43120 65984 69393 150469 180863 229741
18150 43828 43893 47868 70172 84969 92060 92390 120275 139320 161698
4057 14210 14376 16938 31219 44393 66949 68242 116538 168119 264176
5543 11533 17377 38787 39491 82867 105372 106867 139561 155309 166211
1301 5626 32763 40828 41761 47463 56822 75377 93309 94940 409202
13816 17262 31008 31955 45256 69924 70786 73178 133949 134623 207910
408 8142 10152 40571 63374 71935 78537 111137 130870 140528 170229
3319 17332 24929 27649 35394 39534 40603 42147 88704 107435 395395
2305 6366 8579 9846 34164 36031 48192 53446 206570 232476 242359
12434 23019 27721 35273 35373 79760 89084 103120 158067 167547 178466
5002 10804 22209 25108 29217 34730 75833 126253 132774 188132 227995
9931 13517 16834 52719 61970 62775 97870 107831 124333 130515 241544
11847 15112 38388 41566 41822 55193 71915 88869 131380 165351 227765
19180 21914 25656 26183 32603 71687 80590 114961 132300 150637 168743
14325 25917 29573 34334 38017 62948 83013 108596 111297 116892 193536
5434 15554 25267 38517 47519 54575 68955 95631 137397 137466 204102
42 23399 39815 40700 44041 57814 63406 84787 90233 167265 220975
2628 4132 7851 23178 68393 69022 93366 99305 133037 151188 258581
11467 13918 19391 30399 32448 54311 70972 76171 103750 156550 325160
10243 21849 30086 33340 50406 62541 77852 87109 94933 98666 336724
6040 13497 25157 27555 31921 40212 56707 95395 118308 171569 279453
4233 18297 19483 21011 29026 38215 70260 77177 154825 194621 277267
745 26082 29872 30910 43362 56251 65816 75578 141761 154652 188198
644 6048 10998 12268 17346 20472 21033 82309 106930 207100 350997
9285 11998 15418 24713 48300 52370 73198 76734 134470 190910 209649
2224 8496 10602 22095 25715 47957 92007 103434 153056 156548 207718
1162 2367 6545 21180 37152 49425 55442 92040 154577 170111 226150
2911 7955 13462 22471 28565 34971 113471 125486 144915 198122 221174
299 2878 16631 33512 39985 54570 55661 112013 156228 181068 195640
