1000 23 41
437 1699 2120 2384 3217 3516 4262 4620 5097 5110 5311 5927 6327 8490 8769 10637 11841 12618 13650 14589 19419 19474 20348 21678 23018 23145 24386 24873 25315 28704 32844 32923 35165 35628 38971 43094 46320 55474 71156 84601 108083
175 914 2736 3108 3738 4247 4284 4453 5928 5972 6412 7132 7357 8847 9125 9538 11013 11747 13763 15080 15831 16918 16918 19872 20143 21194 22199 28023 28122 28216 33218 33248 38185 42730 43043 47039 49936 54750 57524 90882 133677
558 1216 1559 1764 2141 2431 2669 2835 3505 3873 4546 5189 6785 8735 8881 9297 10486 11125 13285 13349 16366 16940 17917 21481 22187 23498 24676 27485 29359 31424 33898 34732 36399 43729 45770 47064 49134 49894 53857 85858 136248
39 82 862 2459 3330 3702 5303 6938 7273 7552 7758 8003 8720 9066 9204 9318 11481 13222 13276 13913 15480 17157 17241 17587 21848 22341 26166 28908 31009 34721 35648 36225 39968 45445 47928 50977 51378 59445 63498 72744 88566
120 892 1032 1176 2828 3205 3502 4018 4053 4999 5751 7119 7643 8304 10504 10830 12591 13015 13966 15467 16002 16048 16179 16827 17753 18370 19131 23892 25412 26682 27020 29851 32185 33667 37062 44171 61797 72213 72782 105847 134359
717 1355 1560 1979 2624 2964 3049 4542 5819 7334 7673 8388 10030 10078 10276 11294 11342 13919 15804 17497 17774 20177 24300 25827 25943 27207 28874 29947 31607 32729 34181 36038 36839 38273 39216 39449 52241 56876 57109 74781 78602
45 2117 3226 3529 3903 4876 5120 5230 6182 6196 6281 6593 6849 7361 7635 8631 9700 10195 11996 12422 12679 13692 14377 14446 15287 21396 22581 22696 25751 27701 27722 27807 30207 34306 38448 55496 55987 68511 92626 104901 122167
553 591 723 1289 2202 2745 3277 3445 4282 4392 5174 6715 9690 12573 12918 12993 13812 14600 15538 17248 18162 20030 22785 24300 26536 29157 29217 29399 29777 30949 31614 33670 33700 38061 39829 49381 52201 66223 66779 69674 79666
278 737 2744 4441 4558 5129 5568 5978 6338 6653 7134 7440 10505 11487 11801 11972 12787 14975 15459 18637 18640 18787 19725 22730 23654 23901 24356 27604 27945 29682 31669 32191 39296 39407 42684 52220 56152 56526 59143 65019 70714
510 1763 1929 2061 2669 2866 3290 4177 4692 4716 7172 8020 8449 9321 9370 10346 12610 14305 14425 16423 17298 17645 18856 18878 21444 21499 22672 27027 27379 28307 30106 30806 32584 37265 39705 41375 44612 50557 52556 115845 118031
64 610 1275 1591 2689 2775 3419 4496 5285 5985 6080 7541 7735 7744 9409 9703 10961 13496 13644 13760 13771 13887 14107 15423 16555 17235 19709 22888 27031 34488 35083 39097 41907 42584 44861 50593 55351 63546 67065 69509 120591
51 1415 1859 2407 3203 3536 4414 4521 4822 6091 7121 7558 8750 9243 9528 9623 11220 12414 12617 13294 14757 17307 18405 18453 20349 23456 24376 25891 27970 32052 36927 37243 39789 43609 45482 45975 46104 47137 55469 69468 126689
360 442 845 973 1056 3998 4304 5364 5700 6263 6515 7145 7262 7459 7735 7776 8030 9289 11591 12121 12626 12777 15778 20019 21447 22693 23100 25624 29835 34881 38857 39435 40212 43454 45159 45295 58989 61765 63806 85169 115872
202 1011 1323 1593 3613 4914 5607 5990 6135 6170 6705 7343 8259 9072 9075 9711 9996 10589 11095 16397 16805 17476 17764 19613 20049 20641 20953 21153 28899 29964 32731 34868 40783 41169 43904 45443 60735 68507 76009 80918 81844
1955 2280 3061 3914 4625 4955 5060 5774 5959 8709 8718 8803 10525 10603 11472 11858 14850 16900 17791 18141 18986 19653 19758 20598 21755 23775 25835 26183 29922 31748 33600 35250 35575 35758 39393 49351 50913 55952 61841 66463 84901
1157 1195 1250 1921 2064 3600 4462 5397 5960 6366 6415 8628 8769 9023 9904 10421 11586 12654 13011 13121 13920 14382 18598 22703 23503 23885 25092 25688 30963 32808 35347 36828 39616 43858 45192 45804 50186 67024 67834 75851 78490
264 440 503 1611 2068 3073 4912 5130 6190 8304 8726 9087 10004 10976 11074 12260 13593 14329 14519 15785 16102 16487 18249 19357 19841 20057 24142 24364 27447 28812 34201 35120 35607 40527 44513 46483 48089 50958 54125 80915 121972
2561 4703 4877 5377 5619 6477 6824 8584 9137 9586 11013 12111 12589 12725 12862 13370 13880 15846 16823 20158 21252 21918 22582 23330 24451 26282 28563 29890 29992 30314 30589 35007 35665 35674 36046 42647 42751 47225 47322 57542 105848
163 239 449 1372 1444 1668 2395 2780 3091 3199 5421 5643 6483 8175 8758 10875 12251 12789 15642 16837 17624 17674 17696 17871 18366 19807 20236 25188 26268 27193 29255 30227 33024 33675 40173 40351 53593 54838 62599 69162 198768
534 1480 2116 2374 2547 2762 4397 6951 7241 8657 8716 9063 9909 12042 12640 15436 15837 17198 17739 18362 19782 21966 23737 23882 25372 31015 31355 32275 34647 35961 36178 36348 36927 37903 39334 39439 39898 43696 47409 50206 104592
192 195 1375 1957 2001 2877 3181 3590 4116 5268 5664 6523 6802 8802 11557 14338 14795 15145 15815 16147 16317 16586 17542 18221 19024 20837 22746 30795 31647 33925 34819 39032 40464 46748 47423 49718 50824 53664 65418 73563 92405
2316 2520 3586 4214 4374 5212 5296 6874 10127 10447 10495 10892 10929 11080 12192 12414 13028 16188 16455 17202 20218 20643 20740 21633 22906 24473 25976 28763 29310 31570 32719 33404 35328 35569 39777 41443 45306 47530 66189 70188 71262
387 907 1220 1479 1794 3095 3111 3735 5920 5930 6864 7022 7317 7948 8651 9063 9603 11904 12104 12323 13543 13752 16269 17738 17893 18753 19081 20306 25671 31011 39257 40459 40489 41055 45094 50104 53912 64325 81739 86124 122412
