1000 33 26
2301 4010 5945 6361 6688 7977 8774 17301 18651 21364 21844 24253 41403 43279 44621 45827 47001 49139 50336 54994 55458 57204 64638 72836 85569 86403
295 4058 4408 5953 9881 12117 13938 15579 21224 21365 21930 22821 24095 27145 28610 29307 30245 30823 35475 54058 58461 58939 65057 69240 94152 149718
1081 3515 5065 6064 8131 8376 11750 14005 15385 15757 16351 22887 36886 37364 38950 40293 43757 46499 49271 50017 51590 53935 54635 78155 86806 103036
146 4231 5491 9218 9285 10162 10546 15631 17986 19940 20660 23745 29731 31172 32117 35434 35987 44648 51208 51818 56892 57124 64977 72132 97374 119789
938 2943 6676 12473 15516 16054 17869 18353 18425 19857 25687 26859 29190 29660 33566 38117 41705 46945 51908 52304 52445 52672 60561 68909 81391 86317
339 3857 5425 8438 8918 9749 11823 13103 16083 16797 18167 19791 22678 25344 27901 29076 31097 33698 41141 51297 55551 61928 84466 88245 93524 144220
147 865 1478 8631 8658 9558 11391 11659 17125 18549 18855 20452 24939 26032 30129 33507 34573 39549 40281 48103 50474 52008 58407 71501 86360 166331
2057 2241 7209 8749 9023 12680 12722 13297 13373 13806 15595 18611 20434 22969 23292 25952 29845 31382 44267 52295 53084 65860 73896 73939 90770 138126
647 3466 8982 12051 12135 12897 15066 15977 16933 18712 19917 21911 23897 25147 26066 30659 36730 39972 41532 45855 48148 52934 59957 86485 115377 161827
872 2056 6389 6681 6735 15001 15456 15908 16520 19721 20000 22388 26295 28672 29654 32404 34988 44986 47585 53755 54725 56386 58485 60171 61957 197831
4066 4339 4619 7524 7951 8174 14328 15411 17055 17236 17493 19568 21067 24147 31779 36081 36092 44114 46801 48242 52400 54032 74920 90872 112820 125188
946 972 4391 6153 7026 7455 8698 12326 13937 15808 16839 17986 20851 22678 26210 28873 35837 36626 43523 51074 53127 60519 78452 84708 97941 120202
65 679 4191 4442 4632 7199 9429 13018 15211 15346 18807 18940 24917 35465 35504 39486 40712 45071 46304 47577 52657 62344 71011 93268 93910 102535
4464 4676 10976 11102 11406 12403 13292 14632 16884 18018 20507 20836 25126 26095 28392 29549 32221 32638 34245 35643 36241 45193 74223 85794 117684 142145
2021 2060 2828 3375 4637 5573 5672 12613 13697 13727 13796 14935 25934 26167 28528 31958 36488 36830 43342 49414 50693 50816 69524 85944 121915 136734
1496 2946 2981 3792 4546 9207 11294 12223 13791 15583 18201 18673 19547 19679 20536 24290 25699 31135 31185 40725 40728 43382 43846 55654 80946 311701
2453 3093 3878 5735 7067 11129 11567 15706 16305 19483 20790 21659 24513 25396 34880 46535 47734 53579 54907 58183 58574 59397 60725 67322 78036 120560
2008 2979 3224 6629 6890 8405 12619 13920 14150 16002 17266 21085 21141 22587 25887 26035 28469 35237 35326 44694 68613 71903 84856 91424 124603 132685
1993 2095 2299 3071 4594 6214 7329 7499 8315 18023 21293 22428 33103 33376 34909 39284 41586 42427 46722 47023 63612 70766 72888 77170 92450 94831
1065 2190 2453 3562 4519 8426 8472 10913 12524 18401 21690 26753 31188 32203 33831 35396 40660 42666 51921 55967 58651 66589 77119 77626 82784 130479
1353 3881 3933 4378 5320 5396 6595 9331 10258 12660 17678 24792 26013 39212 40482 43471 44539 47194 49081 53916 56440 57446 64307 83213 94422 96552
176 3063 3780 8244 10728 12607 14497 21182 21527 23936 24217 25063 27529 35050 40880 41541 41607 43100 45382 49415 51145 53207 55776 66614 78185 80124
569 798 1467 1998 6450 7570 7672 8124 9650 10054 13708 13715 17904 23796 23854 25584 29360 36156 36630 43796 67701 72675 81266 91699 126636 172533
2259 5238 5624 6522 8625 9572 11278 11791 12506 13791 16483 16816 23326 28394 29873 31272 45469 52889 54130 58391 59109 69090 70168 83095 84229 100441
1038 2687 5194 8512 10905 12838 15648 16518 16577 16683 19013 24207 25044 25085 27030 27707 29569 30684 31935 32464 36865 37865 61589 65081 90672 203993
4611 4773 6351 9229 13612 13698 14909 16465 17868 18365 20191 20852 21363 26693 27072 27483 28690 36236 51007 51703 58200 69536 70978 78949 82629 89263
1017 2589 3196 3392 4348 5539 8495 10343 12938 13273 14669 15525 19801 21249 21983 23827 34500 35508 39513 45156 46411 49389 53557 64654 132487 216853
1474 2508 3392 5767 6019 6179 6798 7203 7474 16285 19481 21544 21607 21912 24145 36221 37285 37997 39877 47492 48027 72552 77584 79365 122189 129961
38 2021 4814 5334 7444 7470 7624 12153 15012 15421 19880 25006 25305 30634 30673 36069 41020 41544 42601 44650 60339 61072 68941 76607 78058 126974
72 697 1845 2796 2818 3886 8483 8484 16262 16731 20884 24101 28532 33959 34672 41321 42403 42868 45521 48923 55173 70587 74933 85967 86634 89743
1130 1885 3210 7398 9379 12363 13664 13960 16680 17813 21658 23725 27594 31600 32379 34259 34502 45274 46133 57463 59498 67799 68024 78861 85767 98131
462 3538 3882 5992 6205 7042 11571 16010 16472 17201 24869 28508 28647 34058 35755 36043 39604 41520 42038 48470 48602 60460 72373 84640 91094 139443
1583 3173 4204 7479 9017 9240 10658 10674 18672 20588 20720 24892 25036 25666 27135 32957 39421 42391 51868 54679 55728 60945 61387 81999 83588 94976
