1000 39 5
45347 45611 98365 223851 363738
33871 40347 178857 240310 276440
1605 40473 84248 241323 458263
17753 29421 76558 334442 389705
14852 33455 49336 96332 546600
26069 50420 102904 207851 401523
4593 77190 144937 224165 288292
26950 43092 121237 274975 372750
56038 69466 130420 209859 267580
51634 78268 144781 181834 310333
16904 112363 132157 216485 264385
67241 70549 165468 235992 276122
35599 61548 70677 104369 624139
31705 50296 66123 354476 384594
24496 26545 78985 168556 604599
12793 72195 138963 141883 407206
812 17954 106518 150452 603017
45471 79804 90453 94072 500500
50734 86187 189667 226405 279967
453 30073 109761 177396 456329
16413 114877 122006 141255 405395
60513 98730 104612 137691 343334
88852 92924 145035 245043 266274
7958 21868 48982 317470 397034
55098 72146 95250 96345 419944
23137 78350 154017 251599 312802
7540 132845 166968 183990 379717
7165 45692 186879 255662 376475
81046 106942 140578 214520 341313
52722 90829 177500 177730 291187
89743 148622 182416 204460 217649
2208 58118 98155 242229 360674
60626 83554 86608 127863 424951
53018 53845 99948 101321 500779
2053 3084 31734 79255 756844
6842 37932 64488 111780 570193
11685 26967 47487 67176 717659
77126 104270 117423 194602 267095
39857 44608 49790 261427 460845
