1000 24 47
310 676 693 1001 1077 1336 2155 2166 2191 2529 2874 3174 3558 3706 4032 4224 4620 4915 4940 6381 6518 7133 9155 11001 13026 15495 15504 16344 16990 20485 24674 24870 25439 27386 31856 31938 32643 35749 39491 41013 42385 50209 53331 53368 77168 78115 100816
1757 1862 1879 2166 2387 2702 3765 4567 5767 6442 6631 7061 7154 9015 9566 9716 9788 9893 10264 10572 11491 11568 13489 14074 14561 14860 15497 16926 18331 18962 21902 23566 25378 26641 26798 27486 31965 41588 43487 43774 46302 48743 49959 51674 52399 68689 76893
834 1627 1911 2384 3204 3212 3371 3773 4686 5013 5027 5293 6253 6452 7611 8586 8758 8794 8991 9050 9181 9233 9622 10801 10992 12006 12040 12134 16583 17074 18006 18983 19751 22878 23273 28632 32640 35150 35280 38608 39826 41419 49370 51963 61946 93138 124650
192 379 396 805 1151 1276 1693 2176 2649 2924 3036 3762 3937 6169 7081 8010 8694 9050 9916 9966 10937 11969 12089 13058 15129 16907 17727 17982 18737 20087 22317 23225 24828 25420 26532 30665 32670 33379 41900 42987 45264 51110 53149 53799 58503 65609 95683
8 120 351 369 887 1488 2714 3394 3974 5064 5199 5893 6447 6522 6752 7052 7079 7147 7387 13075 13727 13794 14477 14637 15230 15570 16880 18256 19996 21129 23893 24251 25444 26252 28342 28591 28791 29272 34131 37533 38672 38898 42851 48558 56869 70657 124164
327 893 1493 2825 3935 4114 4166 4408 4551 5440 5902 6037 7430 7514 7842 8442 8878 10258 10267 10676 11446 12886 13615 14162 14309 14411 14573 16329 16765 18219 20088 21230 21838 22922 24438 27168 28633 29889 31691 37955 44884 45555 48587 50369 53220 55321 153431
150 700 1080 1440 1666 2425 2613 3640 4002 4369 5081 5151 5655 7159 7983 8319 8371 9972 10746 12098 12378 12402 12628 12830 13310 13588 13676 14485 16110 16276 16523 17510 17856 19946 21414 26734 28592 34076 38458 39808 43599 44400 46820 59079 73649 95320 111137
531 641 1525 1781 2750 3040 3228 4331 4451 4730 4933 6259 6497 6955 6969 7028 9496 10057 10388 11532 11604 11803 12296 13258 13849 15844 16695 17617 18303 23085 23766 24467 26307 28406 30034 32065 32464 33878 36267 38593 45587 47315 51692 59274 60307 68153 71994
780 894 1003 1188 1913 2833 3029 3502 3522 4471 4914 5025 5287 5770 6675 7177 7356 7439 7511 7620 8505 9086 10153 11213 11902 14061 15572 15647 15716 17441 17783 18087 21838 32341 33005 33466 35487 38249 39528 40813 42788 43716 53145 60944 62786 88362 105522
25 347 556 1096 1874 1875 1919 2091 2330 3461 4429 4725 5278 6616 7517 10010 10670 10679 11721 13477 13707 14165 14238 14267 14718 15010 16215 16561 16991 19040 19324 19415 20432 23454 30097 34766 35122 38102 38819 41358 41890 50112 56324 62347 66976 68639 74520
365 630 681 809 1054 1064 1848 2320 3786 3788 4397 5632 5705 5840 8055 8742 9062 9351 9774 10688 10981 12442 13079 13756 14195 15290 15587 15995 17660 18279 18964 19980 25274 25945 26890 29462 31498 35391 37751 40969 42616 48432 57502 60564 61563 74712 77922
307 577 1003 1251 2164 2273 3635 4192 4440 4632 4746 4962 5596 6053 8694 9404 9473 9968 10198 11326 11405 14139 17981 18568 19137 19157 19921 20355 20925 22195 22219 23476 23800 25266 29686 31482 33395 37041 39597 39935 40164 44542 46798 49399 57533 58094 73643
39 167 819 1169 1357 2046 2694 3261 3387 3564 3655 4055 4245 5535 6389 7305 7464 9153 9399 9612 10248 12149 12819 13459 14437 14991 16541 19116 23863 24774 25506 26437 26989 27261 29922 30412 30831 34142 35910 36311 38615 43736 49431 56329 64391 72758 95837
670 746 1509 1564 1646 2190 2676 2928 3802 4491 5217 5777 6021 6371 6595 7444 7685 8135 11217 11961 14078 16723 17499 19894 20974 21023 22743 23148 25341 25830 25909 25976 26275 28125 28735 28888 31054 35848 38110 38599 42381 42672 44176 45542 46617 61371 75544
728 1134 1166 1670 1874 2578 2930 3216 3798 4355 4992 5966 9120 10714 10771 11029 11155 11685 11759 12231 12771 13457 14942 15574 16620 19074 19323 19813 20945 21622 22232 22611 23606 23729 26503 28163 29120 31751 34888 35073 36359 37229 39070 39179 54402 56977 132198
189 727 1123 1424 1884 2344 2556 2771 3684 3833 4787 5186 5453 7078 7192 8399 8791 9820 10397 10727 11263 11416 11824 12252 13228 13339 13910 14170 14238 16072 18629 21024 21096 22836 24238 28080 38973 41771 42274 42718 46036 48046 51398 60275 62961 71394 104162
128 338 1788 1799 2056 4231 4473 4483 5165 6857 7921 8343 8497 8676 8986 9095 9267 9474 10427 12001 12422 16192 16979 17313 17366 17461 17497 19094 19687 20203 22576 23377 24408 24727 24750 25978 27320 31656 32526 34358 41664 44696 46568 52948 55166 82418 90943
709 1056 2939 3904 4480 5487 6400 7063 7090 7871 8028 8212 9382 9630 10618 11505 11868 12015 12554 12929 14156 14573 15659 16225 17531 17631 19559 22700 22908 23185 24881 26304 26404 27636 28581 28892 29947 31268 32235 32821 35984 37808 38491 39713 60138 61931 70146
231 252 362 760 1047 1527 2270 2798 3216 3280 3342 3610 4011 4783 5507 5651 6381 7190 7474 8100 9410 10383 12341 12984 13323 14243 16133 16517 16673 19336 22078 22310 28023 31099 31142 35977 38673 38775 40062 42943 47605 58162 61398 64916 65299 69331 71793
1060 1814 2045 2928 4593 4923 5397 5588 5597 5691 5765 6539 6651 6687 7751 8092 8953 11929 12945 13128 13549 13978 14038 14278 16506 17006 18538 18637 20250 21167 21586 22246 22543 23683 25687 27938 30468 36395 40648 41729 44849 47839 52387 52812 53836 65896 69473
714 1045 1051 1062 1127 1169 2665 2744 2940 3030 4863 6162 6271 6531 8760 8821 8930 9048 11820 12324 12358 12790 13247 14160 14336 14349 15099 17396 19462 20020 21510 21686 22635 24464 30053 30265 36081 39072 40788 41783 44880 46998 48281 54676 55409 62644 104652
587 808 1012 1882 1918 2163 2528 3055 3321 3345 3646 3891 4830 6236 6507 6877 7019 9189 10532 11227 11826 12202 13536 13665 14482 15032 18866 19310 19724 19728 21005 24379 24754 28385 28660 33034 33208 36117 38382 40045 40121 47243 50008 51177 55272 86697 96342
113 966 1185 1426 3124 3595 4119 4703 5170 6173 6416 7867 7964 8385 9002 10312 10389 11214 11298 11612 11958 12209 13753 14284 15265 15415 15606 18101 18105 20187 21876 21952 22154 23019 25601 25634 27393 29067 29099 30318 40879 43451 47635 69450 74395 74545 85225
410 877 1351 1458 2071 2754 3221 6000 6285 6639 6666 7831 8364 9599 12022 12281 12585 12716 12770 12968 13408 15227 15329 17347 18429 18479 19358 21497 23399 24139 24235 24971 25642 25729 26454 26681 27229 30548 30644 34564 35834 36520 41677 41963 52842 72868 85185
