1000 27 29
714 1645 1906 4546 4989 8953 9539 10201 10983 15630 16210 17631 18111 19149 22157 26346 28703 30236 35116 35147 35929 40443 42050 45903 55806 63981 67423 81523 149822
1140 2488 2617 3384 4323 5068 8171 8529 8962 10121 12206 12355 15192 15924 16345 18959 19009 22841 29001 37321 42592 42962 45581 46736 50619 63531 81415 88955 217508
1628 3193 3254 3490 5063 5690 6203 7179 9050 13534 14130 24114 32713 33798 38684 39231 39350 42870 49988 50255 50309 50656 54380 54387 55331 55988 60206 60260 64302
729 3126 3442 7096 7606 9593 10577 13570 17916 20839 22638 23811 23826 25952 32775 33942 34011 37230 37477 39171 42088 44132 47637 47943 52214 52381 65691 74661 94916
414 445 1098 3007 4161 4717 6020 8028 9967 11686 16290 16937 20005 21349 21388 22249 26129 32142 33422 34613 42762 42865 48228 50486 61744 74170 98260 101670 129311
292 1806 4600 6015 8364 8979 9439 12553 12997 15467 16750 19068 21215 21278 24356 25128 28244 29469 29540 29677 32206 46281 47095 52324 53713 63777 83229 104675 135074
1276 2641 2694 4751 6063 6687 9287 10226 13387 13781 14001 18366 21323 22219 27701 28216 28942 29666 30141 36499 40146 48267 51693 54722 57845 60341 66726 90194 117672
350 689 1524 1853 8256 8538 8903 10912 11157 11361 13679 14690 18346 21410 22796 27207 27443 29490 46314 46768 47364 51799 53732 58814 59031 63454 65637 93397 95569
633 2760 4218 4383 5616 7447 8011 10363 12206 16193 16302 18684 22291 26214 27725 28366 31779 32986 33966 35961 36975 39849 49082 51897 53663 58614 74167 83812 136003
1336 3497 4779 5718 9156 9318 9739 13863 14296 18769 20633 21386 22184 27353 30852 31779 32641 35465 36043 38015 39389 41253 42408 44402 47522 62318 62361 85816 100722
2 101 2274 2288 4103 5035 5379 5790 13499 13944 17372 19967 20150 22399 24024 24742 26763 27622 29026 31500 33068 33602 34616 35710 35878 93517 108970 114331 136154
310 2736 3160 4738 6849 10594 12144 13113 13603 13805 16897 20658 23798 24141 25599 25979 26476 29554 30396 30599 32691 33924 38520 50709 51581 55297 56115 107539 139391
127 269 1436 2509 6339 6605 6680 8817 11009 12078 12854 13902 16213 19398 20316 22028 26850 27047 28869 36881 40563 53572 65364 68268 72465 85919 92800 94331 95421
1012 2876 3199 8719 8990 11455 13902 14048 15515 15709 19185 19739 20248 20993 24010 27203 31052 33002 33112 33938 37434 42016 43596 44862 49375 53084 95971 102195 116277
174 4421 5061 5993 7495 8326 11122 13335 14027 16873 19000 19760 23125 24095 24636 25975 26286 34432 44951 46176 46971 50934 53051 55284 66067 68243 70642 72866 84108
1323 1744 1764 2305 8733 9524 9943 10902 13217 15452 17085 17243 18214 18250 25937 30754 33090 33291 36655 37047 42438 44441 50692 52713 54521 65607 69198 93806 101626
1138 1602 2050 4612 5459 6762 7952 8212 8307 11715 15404 18621 18826 20382 20566 22280 22283 23653 24761 25384 29763 39520 42302 47159 69224 71185 74060 115014 144791
4038 4226 6405 8512 8685 11986 13920 14645 15826 16130 16148 18583 20244 28892 28894 31610 32799 34486 36156 46175 47004 53235 53612 53984 55539 58305 61846 69245 73378
987 1168 2272 2867 4281 4799 7108 8599 12230 12359 12933 13301 17561 21285 22582 25204 26360 27494 29120 30669 35109 41000 45437 45675 46437 58041 61905 113093 163935
4415 4806 4863 6211 8113 8352 11855 12514 13596 13906 20771 23978 26501 27349 30170 32411 33601 34076 34130 34222 40228 45634 46567 49464 57037 66179 74900 79717 85255
98 172 2353 3982 4696 5869 8697 9355 9613 11582 13908 14867 19778 20667 23124 24664 24926 25905 30425 34999 38978 45973 46830 47348 60027 60637 80942 92737 144336
229 386 399 790 1197 8731 9776 14910 15744 15796 16548 18024 18406 19498 20698 20908 25003 26613 26797 28798 31362 40079 40261 43383 54144 68969 76621 118383 143880
327 1254 2462 2613 4451 5338 5538 6137 7971 11060 11806 16403 16431 17490 23919 31218 31875 33557 36466 36489 51268 53016 54109 54169 69471 78852 83575 92439 106478
726 739 1210 2477 9862 10055 12931 13742 14027 14427 15116 15523 15962 16380 16863 18013 23623 29055 32848 39845 40135 45226 47514 53625 54824 63704 84801 103039 121616
330 384 1765 2958 3097 4453 4636 7148 8239 12304 13200 15182 22104 24504 27805 30030 32896 36365 44061 49498 54167 54986 55443 57912 59994 60008 63052 64749 130164
849 1242 1853 3417 3942 6293 6537 7283 9098 9412 9885 13174 14568 16140 17084 18012 18905 19781 19888 20385 23595 27492 54269 60641 64274 68487 72523 156791 161004
552 3762 5721 7027 9007 10595 11499 12824 15587 15763 17503 20729 21637 23134 30859 34667 34924 37586 41252 41305 42381 42886 43712 43794 52831 53271 55788 73902 119883
