1000 27 10
17813 30531 39572 44323 58314 64798 75546 91276 135464 168044
3206 31510 39507 69932 96761 109998 116098 132242 133347 150847
9251 25179 29630 43797 56426 77123 136744 146730 152605 157634
29648 34621 46471 48349 50000 53225 84665 128705 161729 178163
22948 28254 46773 47578 48002 73524 78379 81713 97969 201660
795 4161 11142 21598 36900 61580 94220 115254 158832 245653
14966 19596 25265 41102 44354 61883 81991 119356 152484 197394
8192 12885 52461 54166 63357 80026 81262 87980 113869 274003
9391 19215 20627 43311 81527 84862 86297 120417 130683 166105
17364 18353 20163 21982 31464 42152 69558 97427 126565 277577
4447 11346 21862 27025 49580 58469 59593 75552 81778 372391
2401 10467 16113 58727 58758 112370 112849 138185 153637 175425
12276 15333 19407 31007 35594 39882 53201 115518 241982 287698
11241 25238 28183 43065 52766 53521 102927 110084 111641 322286
1906 4700 29253 38179 51330 53966 55493 109131 242802 247854
120 15243 25121 36584 36719 47074 77070 136759 175008 186408
1919 5034 11150 12271 25181 40571 59416 112201 225260 256175
9002 12472 20894 33659 66258 68799 75545 123440 127117 243530
9340 10006 12147 20140 53306 55881 63128 63573 194320 223428
4601 7232 11044 61133 68995 82401 84054 93451 112301 203881
1073 6749 8709 54292 77000 101657 107859 114354 137228 215022
28152 43362 46278 50216 68724 78004 97740 109786 128032 132046
14464 30753 33572 47723 61494 69395 76804 79355 159806 264367
147 884 1074 30096 32442 96063 112065 114859 151257 164886
10152 17147 28104 30710 38550 55152 99661 104790 153562 211382
589 21096 22526 60860 81370 84019 90870 119587 128597 141409
15541 22963 34557 79832 86862 96592 107009 111817 141139 163244
