1000 50 45
141 187 281 549 791 918 1197 1413 2132 2140 2217 2693 2785 3714 3948 4839 6543 7032 7227 7827 9841 10465 11337 11703 18297 18391 18457 22463 24081 27508 30116 32990 33546 34384 36046 37313 43758 43860 44228 44608 52487 65075 69961 73937 88850
774 1373 1844 1900 1955 2254 2386 2485 4427 4731 4827 6917 7273 8118 8465 8928 9491 10290 10424 17960 18140 18800 20144 23789 24732 25106 27628 28105 28638 29389 30434 30466 30687 32381 37438 39064 39670 41161 41329 44716 45022 47704 48208 50224 57855
708 1671 2646 3014 3099 3212 3547 4614 4780 6721 7557 8504 8891 9300 10186 11022 11685 11917 13475 14006 15868 16258 17279 17489 17753 18918 20003 20973 21031 21453 23661 25350 30674 36324 36533 39563 41974 43038 44916 46120 46579 54271 55722 56273 67316
69 938 1205 2031 3044 4489 4751 6406 7065 7387 7726 8875 8937 9208 9399 11738 12404 12573 13026 13706 13915 16076 16715 16856 17468 18204 21530 22025 24702 24869 26134 29606 30013 30276 30612 30768 31629 36312 38182 40886 42672 43238 52059 70861 93891
535 1201 1626 3380 3597 3651 3695 4108 4815 5823 6094 6271 6381 6386 6857 7920 8800 9029 11231 12262 12654 12863 13668 13736 16941 17254 20670 21625 22273 24145 24752 24974 27758 27783 27972 30118 30429 32736 35286 35509 44291 56371 73168 86355 117120
138 1630 1891 1998 3036 3259 3262 3991 4111 4948 6931 8072 9349 11474 12369 12763 13036 14274 14515 14561 15083 15984 17170 17755 17933 19626 19859 20158 20233 20653 22208 23402 23444 27487 27883 28133 28817 29542 34635 35901 43547 57811 66670 97731 97918
709 717 1247 3106 3340 3699 3834 4922 5275 6932 7300 7333 8135 9053 11021 11105 11336 13189 14338 15355 16909 17025 17179 19249 19994 20004 20679 21725 22001 22375 23069 23144 25487 26390 28939 29023 30041 35021 37503 39312 41880 44388 44809 74114 112604
693 827 879 924 1271 2750 3022 3414 3558 3658 3913 4127 7335 7843 8127 11818 11849 12939 13307 14308 15387 15729 16294 17024 17201 18270 18859 18894 19246 19912 21673 23118 24060 24147 24307 24679 29903 31620 40396 44559 53403 53899 62610 92549 102565
198 291 653 1168 1196 1541 1688 1795 3405 3728 4643 6122 6696 7794 8945 9167 9242 12351 13162 14317 14701 15643 15827 15891 16805 17010 17616 19838 21634 25177 25571 26834 28024 29660 31232 31710 37533 38706 39099 47668 55877 63813 65066 70533 78263
665 814 1337 1413 1725 2091 2166 2196 2239 2762 3213 3853 4175 5264 6990 7901 9624 9662 12429 12640 12906 15369 17481 17835 19001 19493 20128 20157 21724 21996 22587 29405 32402 33893 35503 36365 37814 40192 42853 47106 48459 51257 65048 76554 78300
139 1182 2165 2707 3102 3331 3882 3970 4067 4558 4730 6006 8229 8801 9114 9656 10123 11052 11237 11911 12911 13539 17560 18882 19383 19841 20552 20626 20847 21155 21470 21535 23709 23761 24687 25332 26856 30135 33638 39636 55077 66266 67032 104195 108928
102 228 647 1560 1649 2969 2997 3217 4224 4292 5064 5607 5618 8370 8448 9061 9113 9708 9935 11271 12230 12522 14201 14310 14683 14896 18217 18747 19476 20210 20451 21266 25027 28437 29188 30466 32729 36902 41553 44138 54283 63832 78493 94601 99981
594 882 954 1962 2403 2681 2852 3447 4102 5337 5874 6061 6854 8658 9168 10635 10743 11161 13661 14138 14559 15760 15962 16476 16564 17156 17226 17396 17546 18689 19957 23234 25906 26751 28070 30650 35367 36022 37709 42767 44224 49441 61537 86433 119649
131 247 700 709 731 779 1237 1486 3018 4304 4898 5400 5479 6179 8705 8796 9899 10148 10827 12707 13253 13627 14080 14653 14772 18237 19514 19805 21201 22828 28063 28185 32904 34353 36533 37221 38469 44082 46023 47663 47970 49948 55646 77327 82225
162 491 1272 1947 2173 2348 2371 3391 4284 5275 5711 5912 6043 6366 7350 7824 8650 8727 8822 9094 9533 10601 12718 13506 14078 14206 15477 16836 17073 18495 19190 19539 21570 22950 25091 26339 30690 33996 45956 52932 55225 80432 81622 91826 114124
1187 1261 2653 3097 3175 4052 4455 5092 5314 6163 6199 6470 8020 8100 8342 8709 9147 9400 11277 13879 14890 15939 16081 16328 18049 19737 21223 21508 25294 25902 25945 26889 27730 28857 29229 33022 38080 39937 43540 44458 46132 51214 69409 74149 79624
93 302 1350 1682 1987 2177 2291 3174 3492 3644 3695 3837 6099 6178 6187 7128 9521 9615 10889 11542 11760 14296 15647 17530 17916 18102 18820 21272 23410 27319 27858 30670 31948 32881 34009 39429 40147 40501 40508 48218 48697 49917 52746 76916 98379
31 464 846 1493 2762 2978 3302 3511 4045 4115 4173 4291 4376 4762 4833 5025 5120 6415 6522 6708 8438 9219 9642 10476 13056 14101 14495 15825 17596 17680 18554 22057 26663 31632 37132 40719 43933 44590 45538 52370 62538 73025 82527 83985 102268
673 1019 1291 2103 2117 2615 2795 3741 4855 5873 5905 6450 6695 9800 10571 11940 12020 12570 12653 13622 13866 14737 15058 18180 18453 19381 20642 22026 24662 24960 29196 29356 31872 34482 34706 35420 36522 37734 38032 38117 45017 46948 56867 69382 81171
921 1406 1512 2607 3472 3480 3914 4211 6095 6159 6434 7052 8806 9470 10811 11597 12644 12751 13350 13551 14292 14763 16945 17380 18532 18789 21036 21542 21687 23925 23981 25131 26681 27918 28222 32298 33713 35749 40096 44730 53742 57440 59148 68173 75902
1612 1746 2302 2520 2886 3097 3214 3292 3633 4142 4672 5041 5327 6103 6991 8497 8876 9492 10991 11288 11330 12896 15047 15803 16014 23596 25645 25994 26445 26715 26829 27504 27615 28036 29959 31295 32076 32894 33086 34694 40039 55083 65145 65770 122021
53 326 423 1224 1853 2786 2938 2951 3046 3381 4597 4704 5012 5032 5418 6325 6530 6602 6612 6982 6993 9293 12027 13233 14369 17526 20150 21211 26636 28166 28361 29695 31373 33961 34545 35052 36609 49538 53400 54014 56527 61767 63062 76254 77435
11 963 1427 1486 1760 2095 2369 3668 4048 4231 4485 5298 6259 8580 8796 8947 9274 9465 11636 12028 12497 12593 13819 14061 14524 15290 16772 17396 17693 18016 22629 23092 23435 23925 26659 29308 30368 33821 35671 47257 50048 54161 65487 70755 156267
1351 1531 3294 3987 4113 4665 5118 5505 6470 6927 8049 8150 8312 8670 8783 8823 9065 9238 9461 10948 11600 13227 13280 13717 14850 16324 18490 19972 21988 24363 26250 27912 28005 30428 30701 30749 37331 43879 44881 46145 48286 53446 65134 66536 77082
95 1556 2206 2233 2354 3476 4116 5519 5834 5903 7741 7802 8093 8760 10173 10809 11417 11720 13705 13840 13900 15327 17873 20489 21342 21479 21605 23311 24285 24892 24904 25080 25381 29155 29522 31974 32817 36131 38550 39712 40194 47013 64896 74532 98200
414 934 1020 1264 2558 2892 4542 5480 5629 7964 8173 8674 9892 10382 11150 11565 11835 13347 13981 14949 15030 16357 17592 18086 19427 20307 23221 24251 26606 27367 28705 29268 29674 29881 32388 33059 34275 35002 37609 43535 47814 56159 59158 61617 64412
172 173 928 3306 4126 5216 5384 5509 5538 6181 6909 7197 7248 8592 8957 9325 10195 11894 12107 12954 13573 15312 15375 15698 17364 18619 18950 20702 21169 25440 26145 27488 28171 28271 34381 34647 35758 37687 38575 40138 52880 53158 53808 78860 79575
113 442 1524 1531 1558 2649 3302 4476 6064 6520 6635 7095 7508 7948 8684 9402 9607 10362 11180 11470 13542 14123 14712 14954 16055 17787 19505 20115 21062 23323 24528 25237 25565 27345 30204 30713 36152 36612 36875 39219 58557 59150 77381 87436 87683
97 492 547 723 862 1730 1825 2446 2594 3232 3800 3969 4564 6980 7693 8310 9398 11192 13148 13292 13379 13466 14001 17856 17858 23329 24398 25246 26037 28730 29708 30585 30952 32840 33747 36870 37681 41501 44343 45550 49279 54441 57843 64133 71507
142 576 659 781 962 985 2938 3073 4601 4911 6978 7570 8793 8921 9349 9458 10193 10865 10936 11607 11641 13441 13558 13883 13918 17044 17793 19632 21168 22043 22118 24833 27443 27828 27850 31871 32374 36604 40513 43474 55594 59738 61681 91142 109598
1599 1785 2554 3041 3130 3300 4114 4190 4675 5280 5763 6695 7039 7269 7653 8595 9592 9725 10937 11309 12285 12893 12923 14200 14879 14908 15389 19918 20799 21250 21402 26449 31311 34439 35865 38731 41310 45639 48593 49430 59970 60706 62033 62775 79671
141 442 990 1573 2179 2326 3719 4001 4470 4574 4894 5348 6298 6586 7995 8693 9136 10834 11081 16488 17121 17171 17537 18927 19727 19942 22650 22684 24213 24746 26270 29574 29742 30862 32072 33143 34508 35954 41023 41453 46217 51990 61192 75180 76982
510 640 715 882 2315 2925 3223 3277 3866 5512 6706 7695 8047 8636 9435 10019 10081 10713 11430 11780 12374 14206 14268 14854 16661 17115 17901 18903 20978 26297 27139 27190 27289 28706 30400 31318 33710 38200 41782 42657 48641 58533 59131 67364 116464
605 1183 1631 1992 2066 2600 2916 3921 5030 5830 6511 7183 7349 9029 9126 9562 9621 11387 11768 12503 15201 15596 15981 19160 19390 19937 20523 21328 21411 24555 24914 25733 30002 34133 35779 36037 40084 40456 41723 47757 50681 53274 55604 62699 77408
423 672 795 995 1325 2035 2377 3464 3464 3531 5040 5454 5939 6415 9941 10092 10731 10855 11816 11882 12123 14370 16229 16308 17200 17610 23109 23143 23515 23759 24475 25087 27621 28014 29096 31329 31335 33556 34744 35915 43243 44905 48620 72692 157649
93 308 1156 2333 3294 3963 4632 5234 5984 7081 8050 8943 9508 9850 10648 10885 11469 12138 12630 12688 13541 14628 15377 15428 15825 15929 16087 16171 16792 17282 18948 22021 23083 25038 34097 34115 41125 41655 42697 51220 52528 53555 55047 59817 100847
622 1832 2453 2756 3335 3622 3896 4119 5133 5252 5418 5840 6434 6724 6872 7258 7446 7732 7759 10409 11509 11738 11749 14522 14758 15028 16441 17766 19274 19659 20094 20480 20858 22598 29865 29914 36465 36625 37797 48602 51342 57688 72731 91233 127087
118 1219 1405 1477 1579 1994 2190 2597 3576 4810 5238 5371 5799 5859 6039 6699 7066 8132 8175 8640 9785 10253 10509 11550 12249 14866 16882 17539 20589 26576 26643 28325 31385 31592 34309 35751 35778 37246 42445 48108 49802 54269 54797 62538 147344
188 336 1069 2157 2198 3430 3907 4262 5224 5820 6935 8772 8923 8940 9093 9806 9973 10443 10606 10822 11420 11903 12380 14501 15087 17103 17670 18041 18908 22544 26429 27545 28592 32961 35432 37392 39584 45115 45570 48005 51233 52076 53784 66951 104153
127 200 247 773 1369 1722 1952 2100 2685 3197 3623 3843 4434 4768 6558 8795 9809 9984 12043 12276 12424 12979 13508 14163 14807 17152 19762 20078 20476 20575 21392 22648 23606 27252 28231 35382 35649 36820 46645 47711 53067 53612 76989 90754 103851
425 459 478 669 720 966 1298 1654 2239 2918 3354 4574 6166 6309 6436 7184 7946 8180 10585 10588 10787 13004 13249 16549 17550 19309 19828 25013 26851 28482 29988 31926 33067 35443 36656 38646 39882 40088 40294 42384 52388 63528 63618 65222 86542
607 1319 1517 1580 1655 3382 4137 4736 4792 4945 6410 7291 8170 8316 9222 9309 9415 9893 10205 10505 12938 15927 17151 18656 19428 19452 20785 20823 21479 24685 25662 26919 27838 30161 34646 36466 36541 38294 40405 41937 60182 60329 61208 61396 75943
1186 1343 3001 3531 3740 5069 5707 6687 6749 7066 7396 7903 8605 9335 9558 10968 10970 11435 11521 11563 13225 13443 13667 14153 14680 17280 19199 19383 19806 20440 20776 20833 24480 25494 25976 30124 33134 33983 39342 40119 45090 45677 57005 65877 160522
587 738 1035 1701 2454 2746 2952 5426 5938 6554 7120 7215 8170 8785 9008 10126 11296 13814 13860 14088 14370 15390 15747 16325 19441 21542 21678 22624 25006 26534 27618 27677 31933 34526 36240 36806 37802 39925 42634 42744 47501 53968 59551 62482 67149
6 86 435 591 1031 1101 1161 1266 1804 2321 3072 3681 4546 8009 8672 8979 9566 9882 11631 11645 12171 12207 12457 12495 15010 15604 15671 17231 19426 19695 20123 20620 24850 25800 26757 27396 31098 31760 45827 46904 54791 57824 61841 91387 157801
781 834 1240 1672 2322 2977 4146 4671 4679 5425 6488 8549 8765 9265 9404 9785 9967 10893 11891 12863 12918 12987 13368 13945 14838 15082 15365 15964 17363 18308 20436 23391 27834 30898 31518 37772 39405 43383 47039 47826 49057 53206 54934 66426 108233
289 705 1149 2086 2102 2712 2819 2947 3214 3652 4308 4669 5521 7320 7563 7936 8049 8548 9879 10852 10862 12763 12969 14219 14903 16748 17563 18530 19378 20249 20829 21243 22124 29356 33592 33696 34384 37134 37772 38989 63331 63979 67438 67900 125400
127 658 1546 1810 1985 2007 2802 3117 3731 4985 5265 5298 5787 6683 7697 7738 7769 7924 9991 10232 10922 12950 17546 18798 19498 19913 20153 20169 22184 22499 22700 28726 29314 29995 31598 32326 32427 33849 39999 42137 49164 63072 71512 76257 81580
194 1140 1352 2748 2955 3417 4243 4399 4496 4757 4825 5295 6001 6321 6717 7129 7631 8725 10112 10892 11743 12456 13008 13457 14035 15637 19413 19760 22022 22860 24898 25359 28713 29604 32195 34812 34942 38998 47566 53150 54206 65465 67246 74167 80978
883 1151 1400 2265 2324 2581 4049 4691 5166 7017 7410 8281 8993 10513 11077 11349 12318 12506 12637 13537 13650 14822 16705 17117 22447 22508 25137 25627 26319 27483 27643 27815 28085 29624 32171 32438 34419 39762 39975 40924 46902 49274 51477 51958 81878
