1000 30 44
889 1363 2799 3095 3209 3503 3787 4023 6135 6868 6935 7067 7342 7850 9156 9667 10937 11327 12467 12985 13661 13790 14377 15891 16009 17530 21029 22448 23111 24551 26826 27212 28586 29823 33511 35667 38890 40488 41092 46979 58692 63136 81438 85834
129 1172 2546 2741 2853 3128 4207 4416 5221 5353 6080 7530 7627 8067 8234 9110 9542 11234 11985 12294 12661 14516 15366 17969 18881 19259 21760 22034 22137 23421 28151 30970 32591 34156 34538 35367 40748 40839 41591 43774 46025 48972 60208 68425
351 710 998 1735 1736 2230 3272 3363 4071 4810 4826 4921 5184 5955 8091 8243 11461 11886 12640 13517 13831 14374 15119 16111 19241 19705 22711 23237 23580 25530 27130 27219 29026 29698 35291 36965 38722 40778 47016 48690 51742 61567 69099 98450
801 812 874 1093 1710 1968 3554 3655 3896 4008 4204 4522 4902 5586 5595 5740 6032 8337 8637 13958 16210 17951 18595 18804 20006 20337 20506 20721 21293 21396 23025 23717 27145 37982 38066 39697 41339 41412 42388 49759 50683 52707 72434 90545
524 1318 1953 1965 2469 2491 3133 5587 5791 6155 6748 7146 7301 8929 10165 10273 11051 11511 12169 13394 13986 14083 14596 16418 17157 18776 19825 19867 19914 22026 22988 23374 28345 28984 30771 35066 37857 39052 50023 51570 53929 59133 61474 79579
677 972 1311 1441 1548 1595 2001 2228 2904 3227 3766 3961 4593 5303 6904 10484 10565 11305 11482 11785 12824 13462 15204 15240 17171 17328 17459 18222 18553 19924 23252 24812 27229 35986 41247 45783 46903 47087 47548 49355 53492 62000 63205 69026
437 555 939 1025 1315 2207 2539 2871 4206 6404 6422 8286 9152 9889 10376 10517 10908 11307 11591 12078 12637 12894 14122 15107 16674 18704 19466 19835 21294 25461 25529 26908 29184 29199 30101 31502 32863 34069 46400 47071 54526 59994 78785 95714
1326 1528 1844 1929 3940 4033 4426 4550 4867 5863 6148 6156 6406 6768 7414 7785 7959 10555 11787 12037 12353 13878 14136 14870 14910 14923 15611 15703 16089 17794 18085 22765 24539 26027 28423 35467 36546 43684 53313 58658 67101 79512 80388 87748
92 603 772 1605 1730 2130 2238 2271 2809 3308 4028 4341 4932 6736 11056 11649 12176 13464 14100 16493 18076 18164 18965 20397 21213 21413 21721 21940 22360 24146 26229 27200 27427 27944 28433 29912 29922 36739 41494 45149 58435 65200 71307 110377
531 1290 1306 2709 2721 4082 4931 5179 5206 5303 5331 5711 6061 6647 6942 7063 7645 9766 10978 11115 12284 13001 14929 17791 18431 18720 19010 19352 20432 22795 23724 26570 29123 29533 30868 32072 35818 38093 44542 51007 56831 57259 58304 99385
190 286 330 577 1612 2078 2145 3203 3209 4038 4757 6782 7027 7323 8743 9749 10134 10150 11865 12945 15736 16042 16592 16756 17180 21749 22008 22055 22322 28918 29242 31836 32770 32770 33590 34483 37231 40008 40166 42688 45862 46835 60705 90130
225 270 536 566 755 2109 2138 2567 2731 3395 3410 3472 3918 4006 5199 5297 6353 10189 10371 10473 11374 12172 12300 13985 18056 18107 19084 23789 24385 25657 27234 27246 29124 29593 30769 35698 45967 47247 52005 58632 60869 68975 72228 86486
1620 1818 1906 1932 2398 2580 2654 3471 4146 4534 4536 4536 6083 7189 7526 7896 8130 8686 9126 11183 12356 12574 13321 13699 13991 16579 19474 21227 22006 22088 23001 23375 23647 26025 27277 30547 32359 37139 47386 49694 57828 60540 104036 106854
633 1225 1747 2153 2259 3234 3944 4681 5431 5962 6065 6127 7499 7849 10247 10559 11133 11150 11183 12867 14940 14990 18110 19153 19441 20421 21812 23451 24184 24839 25801 26092 26129 29448 33060 34981 36461 39208 39216 43673 46101 52789 71341 92686
424 1781 1990 2283 2738 2775 3168 4668 4756 5117 6008 6141 6518 6691 7119 7121 7303 7473 7851 8283 8308 9020 9946 11424 13344 13852 14406 15732 15863 15920 17339 17460 21739 23018 34765 35316 40113 42487 44442 45677 46764 60086 73642 198532
2133 2753 3922 4108 4222 4263 4284 5454 6098 6269 7405 7502 7799 8014 9371 9396 10976 11484 12107 12359 12750 12914 12968 14430 15645 16972 16985 17523 18182 21904 22275 23258 24847 24998 27172 32026 37110 43122 49356 50498 54604 56882 85274 93878
312 872 2115 2412 2752 2843 3186 3218 3812 5469 5791 6891 6919 7760 7821 8124 8954 9288 11590 12077 12264 12326 12859 15199 17717 17786 18869 20394 20485 20501 30513 31260 31676 32538 34019 34270 41721 43544 54126 55434 56532 64607 75282 89384
561 1515 2755 2828 3196 3814 3999 4091 6014 6655 7237 7673 7866 8378 9510 10964 11401 11750 12337 14321 14687 15777 16102 17560 18649 20639 21293 21642 22896 23257 23495 26445 27601 34068 36392 37116 37128 37400 38533 43464 48485 49173 57590 90571
220 724 991 1023 1229 2428 2610 4509 4647 4664 7194 7494 8069 8833 10111 10293 10604 11778 12285 13146 13553 15041 15575 16012 16751 17127 18486 19419 19441 19970 20505 23491 30453 33297 34048 34092 35410 37766 44412 46483 48442 51526 91917 99743
334 1025 1310 2105 2432 4178 5467 5827 6270 8231 8636 9360 9932 10369 10944 11920 12941 13746 14836 16041 16115 16745 18768 18894 19751 19829 21276 21573 22704 24776 25288 26658 27964 30003 34613 34805 36127 36153 39362 45946 48068 48203 49861 105721
384 554 609 1325 1327 1403 1731 3190 3268 5946 6799 7065 7066 8186 9698 9964 11179 11703 12938 14823 15060 15977 18757 18943 19337 19887 19921 20092 20869 21455 22408 22593 23843 27326 32420 33256 41057 44640 46067 52321 64175 69411 74452 94250
481 2031 2264 2484 2675 2751 2865 3560 4013 4876 5591 6951 7190 8667 9380 10820 10854 11846 13100 13653 14050 15245 17024 18569 18603 19724 20736 21133 21830 25070 25917 29126 29868 30839 36946 37464 37763 44028 49212 52079 60199 65984 68815 75655
613 1857 2131 2394 2679 2749 5240 5683 6005 6597 6825 7433 7557 7704 8012 9276 10725 10780 11597 11649 12073 12256 12995 15218 15813 16289 16432 19984 22354 24458 24673 24854 25299 26320 27862 29045 32974 42545 50902 51754 58176 65401 74258 107360
351 1067 1552 1925 2661 2772 2888 3147 3384 4096 4286 4422 6506 9538 9940 12442 12480 12630 12963 13667 14300 16938 16980 18034 19764 21738 22491 23268 25874 26577 32347 32592 32799 33089 33915 34253 35959 40010 40071 40557 45771 54725 55188 63194
189 269 674 811 1553 2786 3816 6349 6350 6692 6825 6853 7318 8008 8816 10627 11708 12009 12352 14319 14984 17078 18850 19275 20991 21971 22012 22100 24318 24423 25591 27702 27869 28467 32564 32969 33952 37951 38678 38761 44955 54491 56062 83615
19 369 1831 1845 2089 2912 3051 3135 3607 4382 5718 5781 5784 5967 7481 8185 8398 8708 9067 9499 10044 10091 10294 10383 10871 15015 15882 16719 17220 20488 25934 29143 31441 31552 32238 34160 41075 46456 48680 56649 63840 64677 83497 84428
190 2441 2573 3200 5088 5214 5358 5802 7140 7219 7589 9187 10116 10184 10375 10792 12393 12798 12843 14185 14293 14422 18630 20538 23475 23582 24444 24506 24787 25276 25909 26890 27437 27665 27856 30670 30754 33409 39403 45631 50113 53801 73945 74700
265 648 1430 1539 3068 3283 3865 4235 5571 7368 8903 9374 9393 10015 10049 10627 11316 12941 14275 15065 18125 20448 20793 22155 22508 22612 23753 24066 24326 24487 25559 26325 28038 30704 31395 32649 33381 34077 34904 36169 40545 50962 58153 81531
9 121 779 1715 1736 2154 2180 2438 4652 5387 5421 5580 8514 8597 9413 11145 11152 12494 14684 14757 15703 15836 16043 16827 17737 22133 22560 23736 23940 25913 26230 30929 33704 34755 35320 36067 39437 44804 44860 45092 47366 60868 69040 77348
108 654 915 971 2444 4741 5040 5414 6078 6210 6796 7081 7329 7778 8044 9584 10129 12624 12935 13330 13755 14013 14668 15136 16387 16456 22267 24619 25034 26281 27352 27787 29387 29415 38226 40302 42125 42722 45140 50335 53796 56941 70536 74372
