1000 23 26
1463 1528 2663 5064 5764 7975 15302 15443 16414 16628 18570 22139 25600 30449 32213 34061 35675 37188 38092 41225 63685 69204 73628 108737 110673 117249
2652 4536 5769 6268 6921 7761 8259 9706 10506 11032 13674 14883 17731 24694 25488 29077 30397 31869 37796 43022 49671 59831 61372 104570 109942 165885
1593 1598 6113 8326 8852 10014 10143 16047 16386 17537 23584 25119 28309 29306 31447 35641 39975 40751 44801 46677 50835 65562 79905 84876 87812 109232
1584 5345 5891 6212 10203 11075 15285 16682 22230 22380 23942 24413 35544 38469 42022 43310 45419 49182 50125 51399 54689 57340 61442 66633 74897 104724
3438 3941 5439 7881 8103 11112 11748 12184 12451 15162 20223 20961 23614 30006 33248 36426 39445 55966 58011 59720 63100 64610 66857 74552 91574 102804
610 1706 1862 4026 9537 9683 10189 14133 14366 20662 21836 25491 27156 27750 29012 33358 34520 35632 47617 55389 55878 58940 67218 95846 102103 114430
859 1950 2307 3490 5990 9928 12106 13980 14090 15794 17821 18034 24675 26260 31095 31118 32087 34315 37307 41512 43820 53256 72518 75068 88409 160760
3449 5782 8990 9260 11997 14248 15497 16923 17118 17384 23987 24193 25814 27869 28857 30584 34748 38183 38308 53196 55230 57649 59705 84566 97515 102722
835 2744 2913 5603 6209 8253 8695 9587 10009 12700 12837 13850 18174 24487 26476 28159 32091 34167 43027 44492 52883 60198 85078 85127 121867 129090
2442 8076 9694 10703 11455 11913 13150 13249 13402 16505 17760 19765 22421 22869 24533 26047 28240 40430 41372 42297 48584 63665 76532 76611 94062 122450
882 2792 6021 12339 13440 14589 15404 16451 19134 20802 24481 25102 25178 25278 27029 27833 28594 41059 42619 53355 57426 61763 67525 88005 89051 133673
720 1558 1892 4117 4973 5441 7047 8985 10394 11000 15518 17718 17880 22361 29864 33628 34049 35124 40450 41950 60583 65218 66701 84608 86341 162467
478 689 1484 3161 3767 8058 8690 11007 11780 19576 20172 23221 25966 27605 27662 32472 33781 34667 36838 49599 51367 61027 78676 80772 107822 149446
1096 1926 6131 6514 9566 11487 12268 13766 13996 17420 23840 25927 30769 31257 34624 34905 39383 40401 40632 42379 45598 55629 69244 77757 80108 177172
510 5688 7266 8898 9672 10002 12041 15065 15458 16186 21802 24130 28793 29116 30500 31209 34062 34504 37902 59375 60236 64079 77018 85806 86028 97330
541 2829 4112 9104 10120 11174 11544 11756 12098 14170 14253 17015 17034 19719 24784 27138 35397 39554 42075 43931 46601 57703 69984 80221 99352 219546
4136 4218 5021 6753 8228 10853 11430 18242 19718 21389 23049 23769 24827 27420 31744 33698 39393 48324 48812 48909 53656 54368 65480 71422 80604 83185
918 5365 5394 5593 7593 10214 10494 13331 14830 17460 18963 19841 20924 30521 33094 33942 40801 41772 47588 50429 53302 60447 67868 79115 106230 134227
3960 4127 5284 6972 10542 10892 10942 11411 14578 15526 18281 28068 28698 37462 39172 40728 42474 43217 53264 57326 57379 59095 62576 71248 85539 118582
2155 3352 3680 4605 6410 7077 7174 8881 12559 13411 13887 20115 20652 23811 25790 29038 41797 45517 45844 49861 52688 62965 82037 108526 114285 124696
1035 1292 1417 2473 4370 5965 10115 10992 11831 13353 14989 17277 26771 27077 30076 32751 33435 35328 37643 41464 42191 53689 66767 93596 125026 158674
460 1352 2642 4469 5844 6523 7377 7549 8842 9860 13228 14094 17461 20874 22764 25143 37047 37435 41522 41844 56692 77411 89722 96584 108683 191542
2970 4745 6072 6888 7369 8215 11988 13084 15736 17513 20824 29784 30608 30999 32980 34754 41433 41435 44686 48288 51711 55373 64896 72944 101712 106079
