1000 9 12
1611 2194 19841 23612 42606 53511 62722 64602 81476 91022 93341 189349
3198 6105 23140 23194 24345 25349 52447 58714 75758 118514 144509 185417
15770 25821 27963 34856 35589 37244 60489 68583 106755 107051 117851 184851
12457 17331 20959 22207 23071 37229 56250 85085 85689 91100 131645 215154
7052 7607 10583 10640 23036 48137 51617 69016 79894 95685 135050 143843
3417 7089 11897 22770 25174 25555 68378 84153 101511 116150 116464 118136
3764 7146 12709 14147 16497 24034 44025 50583 58284 78575 159385 238578
7314 8662 20473 23021 26028 41822 50291 55238 93625 113854 130794 141500
1628 3239 3788 3917 34503 53266 64598 68264 90734 159560 175420 208372
