1000 36 32
404 1549 1941 2939 3494 4502 5494 6629 8729 9262 12311 15046 17191 23031 23399 26878 27873 31455 32401 39637 43504 44008 45249 45608 48394 49510 53449 57514 58980 60949 65701 111532
51 447 1589 7539 8226 8610 9030 9420 10428 11615 11789 12687 12881 14664 15611 16715 16870 21621 22420 24346 27963 38302 40403 46600 47720 58003 61932 64118 72700 87588 97090 106466
101 199 871 4136 6406 6576 7734 8769 8878 11790 12703 13495 14722 16112 19619 26220 27255 31875 32501 35209 36978 41666 44740 46409 47276 48165 49535 58096 61045 75678 79114 105134
172 243 644 5957 7201 7656 8353 9883 10626 11715 12385 12923 15572 16662 16736 19700 23998 24450 28416 32167 35300 35802 36295 54994 55846 56208 58331 62315 63824 72568 92233 96696
4366 7817 9148 9593 9746 10591 11829 11858 14973 15344 15579 17516 17753 19069 20409 20666 21017 21211 27679 28205 28523 29349 36068 36785 36965 39986 41140 41734 65916 93013 105385 113607
2 1137 2672 4087 5968 6624 8018 8743 9112 9337 10621 13945 14433 15467 16937 16942 17390 18334 19506 20419 29760 30306 40279 42372 43347 58932 63237 64756 72945 81880 106806 111880
846 1331 2856 3363 3504 3551 4007 5488 9894 12975 13019 13637 21211 21643 21996 21999 25047 26139 28149 33202 38205 39122 44685 48032 48813 52536 54522 69816 69842 72267 79010 96305
1158 1284 1286 1817 3941 4046 6364 7018 12084 12747 14392 14669 19082 20896 22259 22661 23400 25851 27580 34592 35902 36725 39293 40073 51169 53332 67893 69737 70681 74065 75622 79301
1751 1836 2397 4623 6836 8238 8855 11239 12375 13309 15296 15350 16827 17836 20907 21151 24032 25665 25737 32185 36391 40030 40587 50652 53372 53791 57663 61338 63139 71925 77284 83519
343 680 3941 4369 7284 7720 8433 11704 12228 12951 15247 16138 16543 18934 19408 19515 19657 30121 34458 38914 41382 41763 47520 50471 51411 51700 52976 57839 58555 62866 63586 103074
688 969 1336 4809 7438 8544 9143 9269 10544 10802 13216 14537 15033 17107 18652 19149 21368 21745 23722 27226 37010 37729 39762 39848 43318 46704 50530 72281 84483 88884 93335 97502
941 2673 3340 3614 3689 4392 5156 5785 7435 8625 8798 10552 13508 15029 15193 15563 15995 21949 24523 24684 34622 39497 43504 47196 48566 49291 52130 68538 69717 82223 91248 131720
360 451 1316 1751 4304 5285 6241 7330 9366 9827 10911 11389 11709 15057 15159 17320 18308 19478 19720 20236 20599 22349 24081 27224 27828 34985 54032 66473 84163 93750 157500 162193
461 1009 1243 2963 5331 6079 9404 10240 10462 10919 13329 13810 14607 15348 16963 20240 20353 22047 23171 23527 27530 27936 34005 34238 41406 46961 48252 54690 73874 91453 111571 135447
790 1664 4968 5750 5860 6571 8891 9499 10857 10959 12614 13967 14718 15223 15223 21549 22534 23550 28227 30866 33155 38443 41141 46386 52031 53437 54582 56370 62455 77295 87745 99470
654 1357 2024 2104 2733 3981 5024 5876 6433 6481 10251 10609 10891 14326 15381 16166 23850 25486 26597 31899 36095 40317 40536 42686 47762 54895 55083 60323 62714 64984 90144 147014
2661 2776 4857 5601 6821 6920 7492 8429 8807 10685 10887 12222 15429 15705 15864 15979 17950 19121 21045 26615 29801 30714 33898 38962 44068 54745 62084 65294 66654 72369 95250 134737
361 905 1031 2356 3326 3363 6754 7572 10723 11513 13123 13883 16122 16210 16915 16944 20925 21906 23515 24112 24400 28839 34755 35988 42970 44975 48833 52993 62794 88036 130902 157312
37 519 1680 1857 2023 2195 3683 3756 3903 7009 7178 9222 9486 14502 19658 21127 22823 25452 26678 30226 31358 40790 45191 45912 50419 57462 60278 62982 81338 83491 103078 105311
495 1247 2851 3484 4687 9068 9763 10111 11990 12516 16141 19476 19670 19987 20701 21129 27476 28730 31083 32126 36532 36839 41836 44624 49060 53813 58214 62077 63616 71326 76957 87386
738 1988 2129 2301 3448 4026 4276 5074 5718 7945 8746 9674 9816 10046 12140 12603 15136 18098 28082 30517 33939 34431 39190 45663 49779 51095 64007 71039 71142 77077 115067 123820
535 584 1878 3378 3706 4114 6818 7951 10832 11142 12008 12704 13229 13817 16391 17879 18456 21603 23523 24346 27697 27857 33166 39928 49318 53474 60441 69765 75938 81107 95121 129223
1081 1817 3409 5597 7418 8456 8794 11134 11653 12372 13075 13142 13579 13789 14721 20695 23478 27229 30049 31467 33092 34574 39179 47905 48101 58792 62416 68329 70700 73214 79178 81878
3442 4121 4319 4880 5615 9423 9991 10232 10781 11339 11438 14441 21257 22342 22856 24260 24301 28187 29488 30682 31838 32230 32681 33625 44461 48258 56104 57284 62412 63321 64866 139544
824 1546 2056 2418 2525 3150 3354 4184 6796 9871 10907 12403 13738 13754 15737 16266 18366 22243 24730 25109 26910 39997 40645 42684 43979 48413 49470 51965 57424 72540 85133 200558
912 2692 3518 3564 3887 4312 4678 5609 9297 11386 12837 15024 15386 17568 18555 22087 27579 29658 30769 31805 35129 45185 47890 49815 51655 54111 57126 60924 67521 68131 70074 86948
624 2990 3687 4735 6340 6777 6878 7700 7822 8906 11268 12018 19776 20248 20903 21134 24890 26973 27479 27655 29994 31289 36415 37104 39457 61149 61739 63040 78766 87302 90518 99722
653 971 1448 3012 3168 3516 3520 4743 5105 6594 11195 14168 17020 17701 23986 24577 27258 30260 32006 32012 33215 34613 37904 38391 40820 40835 58445 60822 71016 72671 97087 134612
251 373 2124 2128 2149 3656 4435 7164 8011 9203 10193 12148 20115 21196 23021 23284 23588 23690 27177 28121 31787 32230 44682 45871 47728 58961 59662 67465 67844 72217 88117 94630
2061 2351 2935 3549 5285 5556 6317 9506 12541 12913 14701 14730 15116 16032 17801 19672 20530 20626 23133 24532 25006 25868 27921 32611 36041 44093 55350 61921 78422 81266 107701 148235
791 3538 4000 4096 7561 8167 11350 11711 12596 14386 14390 14415 14509 24035 24329 24817 26198 26909 29530 35561 36597 37897 38361 42798 42895 47440 48999 50993 59129 69005 98052 100109
1164 1325 3302 4450 4537 4774 5033 7430 8828 9128 10383 11106 12083 13078 13233 16623 17108 17472 18272 20181 30243 33843 40248 45130 50449 52323 64407 65875 71262 77667 83842 160511
1866 2255 2649 4628 4961 5663 6153 6317 8319 8581 8711 9318 9505 20392 21373 21528 28439 30560 33896 35528 35670 36162 42022 42205 45027 49169 55969 61320 61324 77741 81134 112701
502 624 1188 1315 2272 3902 5125 7861 8123 8242 9132 11266 12606 14544 15091 15129 17624 18591 20010 24402 27035 29723 31800 49586 56559 69671 71514 74366 75102 76755 104650 122939
2229 3022 3493 5268 5388 6303 8344 9771 9900 13076 13815 14406 15008 15407 17509 22530 23528 23857 26254 26547 33136 33406 39387 39784 39954 56807 58138 68325 68704 76008 78578 106762
612 1858 2485 3259 4452 4453 4641 4737 5232 5535 5624 12056 14218 15119 15663 16409 19781 20073 20794 26268 36503 38732 39532 42512 44673 54179 57099 59747 62862 77129 116864 130329
