1000 49 8
46025 48262 61161 72568 111308 118560 193626 254497
46645 47314 61216 96636 124688 149949 170560 227440
14865 24883 43217 82029 95947 109784 198804 319372
9091 36318 86983 122741 140749 155647 158793 242097
47389 53043 85179 92325 151146 162102 165692 185662
962 6259 12820 22077 58425 84965 150281 536569
7820 19713 59257 70448 72276 110243 182884 385194
6751 12653 30715 38082 166814 205599 221772 238574
41906 54779 82462 87319 95345 137112 177269 190756
6741 16658 24146 91626 102801 158341 178450 288128
44362 56638 77367 86226 99690 144216 210292 231983
12065 22927 53966 89845 96224 153702 154728 300237
4409 5086 23530 88165 88646 170903 233453 290340
3825 38080 65977 70730 111401 182560 206881 256852
27489 33515 45273 52958 58475 64563 280008 339818
2595 33409 36920 57114 72849 88645 179819 396362
22274 42009 52452 57899 95867 105348 111793 381898
9982 26643 36984 88728 96274 97076 147041 402586
11536 24054 24926 56953 71706 79659 225170 417282
12063 14180 23743 42701 44054 132267 290316 335275
7893 21339 24562 61136 119559 127239 255830 328804
13695 38878 40633 104898 126544 131876 158170 293724
8040 28092 40291 83666 90896 109713 261873 294863
21948 47108 47268 57644 100835 191295 223341 223739
11138 37759 44496 71909 72237 121906 217660 310071
11566 18241 25691 35308 49780 90216 149122 522548
5823 11885 57571 66203 107863 141707 172174 313297
14627 30852 31816 68845 75600 121370 183859 377618
3696 43048 46561 54125 92370 216264 219890 238242
7604 75499 80004 90978 113354 119589 162807 259723
15744 32039 39596 70582 74313 92372 240875 300536
5294 8217 17976 41579 60131 185328 276245 292558
3068 10285 13130 45838 55057 101507 148909 512847
3031 32001 35719 53011 69015 156232 275205 302697
1821 5552 16264 21434 107853 132566 188221 461192
1043 14106 73840 83971 98509 163582 183746 249211
1171 1173 26476 63088 80903 100522 204742 397151
6381 7095 13030 84878 141931 196338 229645 242868
599 13255 15734 44933 78127 105340 293384 375328
22723 64627 75768 85185 115210 116071 146973 260059
591 33496 50936 55667 149348 164606 209282 249690
35739 55438 55885 95654 138241 141759 150603 219289
23126 37246 45397 49636 105272 116293 154915 374014
17960 29453 67080 82850 102691 152629 170808 271413
306 35520 37465 45839 53849 82342 94633 538943
12611 35918 54937 55581 93052 123712 179847 376253
6093 9244 13647 14851 124373 125015 230629 377073
8548 12710 28587 52956 97839 98335 135555 489171
4420 75293 84203 99634 107611 111152 149199 238945
