1000 49 23
3035 3473 4431 6902 9649 10351 10451 16002 17831 21996 23086 23577 38678 42200 46589 47002 58114 61279 77486 83382 89536 117900 142580
383 985 4893 7852 14549 14842 15149 15964 17665 19910 20014 22657 23444 24382 25462 27340 30604 43024 59246 82091 102893 136517 214951
527 934 1676 4802 7347 7411 8616 10401 11828 21233 22768 25454 32148 38663 41779 43957 66029 74466 84910 102597 111012 117539 129898
48 1084 4458 4711 9265 9559 9718 11849 13593 21468 22718 25111 34049 35113 47920 54984 58958 67452 73048 86972 95802 115139 139852
1007 1558 3275 7755 8932 11718 14786 15071 18361 21548 22370 25830 27318 35758 41338 41401 58199 70747 77262 82923 90071 96153 147273
136 3504 3626 6479 8646 8788 9164 9332 10098 10321 14539 18868 19056 31200 34880 36592 43411 58525 62086 71697 72433 165780 212766
726 4589 4774 9611 11106 12029 18926 22539 24640 26371 29722 35709 36675 36881 46495 49395 65846 68461 69003 76053 87609 103560 114873
1098 4056 5694 8548 8927 9716 10629 11869 13880 14103 14231 14632 16345 25797 27485 30969 52269 53372 65851 87129 111092 138096 240162
1620 2177 2644 4433 5440 7018 10025 11006 17164 19700 21857 23254 31161 32759 43287 48530 52926 53728 56764 97824 108325 142915 147678
4672 7124 7643 8405 9039 9560 24252 24741 25720 27654 27732 32178 35666 41552 48080 49464 50411 54570 68735 86955 92929 107343 111259
874 3628 4836 6103 6230 20323 23168 23660 24829 25537 25693 33462 37241 38608 38731 44243 48388 48399 58546 72294 74449 121799 142197
3417 3792 3809 4878 7207 13925 16013 16235 17374 22395 32685 34638 34887 40396 42371 57819 64302 77473 80442 86860 95101 99131 107172
5429 5961 6696 7466 7593 8396 9984 13792 18329 22024 22791 37837 38550 41459 43309 47193 52127 58709 60371 74842 99531 114078 146634
980 1406 3167 4805 6103 10107 10988 15830 18237 20438 27925 31479 39454 40055 46650 48413 50391 53620 86828 94066 95748 107005 107374
1096 1522 8011 8448 12227 13158 16056 19700 20491 21679 22237 25492 27822 27897 28185 32237 33911 54106 75988 90166 93406 119700 177335
3844 4880 6585 7026 9850 13359 14431 16618 27063 35861 36630 38965 42131 44310 44656 46157 47906 59684 71267 93174 96391 96435 97151
1769 2535 4984 5964 9353 15806 16479 18656 25970 26295 31275 36912 41084 41188 45776 47087 53338 54285 71259 76064 80579 83245 151894
2824 3555 3728 4119 4126 10534 18257 20775 23289 25271 29758 31235 32419 32450 35307 38108 54897 59299 66548 94542 94735 101136 158320
338 4527 5883 11770 11868 13878 16011 17373 18773 18904 20283 22970 24696 26567 28033 29670 38821 44013 89618 92446 93086 135812 202120
2298 8024 12100 13970 18437 18945 20996 24139 27239 28975 30566 32886 35509 44784 48663 54855 57498 63259 63907 72876 78515 89641 113728
3648 3983 9033 9282 10453 15750 15927 16023 17390 21301 26651 29513 36410 38512 46785 47749 57579 70304 74090 76438 76612 100676 157152
3541 5965 5967 6898 7094 9503 13245 17370 21439 22454 23488 31085 32058 33666 42017 43831 52008 53021 65999 85574 96773 112274 140222
922 2614 5402 7259 10554 11010 11945 12979 13529 13563 17648 18980 26522 35416 42900 49571 55922 56201 59196 90127 90356 115562 188096
1110 2922 6284 9732 10136 13380 16296 18630 20392 20791 29047 29784 31673 35253 51841 53935 58222 58901 61012 63947 74382 79866 165155
217 230 5133 5402 6693 6743 10961 15649 23065 24365 25377 25641 30535 31497 32784 35186 38703 46958 50650 71170 94655 110489 240052
3428 10142 13623 13753 14114 16117 17456 18101 25637 28047 28564 28983 30004 32876 37943 38307 45204 47693 54696 77203 95040 104893 136647
639 786 1426 1607 1927 4063 8567 16414 21983 23524 23695 24500 28322 28343 30237 32573 35609 38757 43193 47453 108077 154212 233605
1632 8025 12439 12578 13222 16150 16928 17413 19291 28023 31262 32480 33745 35396 35916 42798 47518 51441 51963 62020 96124 98090 160231
910 5459 5637 6013 8940 12090 12953 20182 20631 24586 26133 27333 32323 47227 47289 50242 58649 64551 66439 73847 91445 128624 133623
1353 1967 3080 4484 4954 5276 7166 7640 14758 21269 23514 27159 29388 42888 45098 60802 63067 64941 73478 76107 94009 103542 181387
1163 1976 2396 2913 7023 7325 12904 13568 13797 14844 25856 26457 29635 30894 42506 45129 51172 53099 53940 67677 73703 146528 204083
1433 4328 6885 8228 9535 12967 14545 15177 15640 16644 25609 26977 30596 45190 54738 56699 62352 62598 71515 72881 73025 96175 130925
3158 6847 8459 11961 12949 20254 20759 23360 31072 33836 42199 43095 44315 46332 49068 49993 59267 59808 66153 72303 72831 91014 95418
1035 1856 1883 11649 11970 12110 12507 12729 13168 16220 18733 22518 29441 30128 34068 40319 42620 46127 55788 87128 93281 124224 246981
155 1272 4299 4581 7977 13428 14238 15254 16115 17754 26967 34242 42231 44189 45430 48288 59293 63778 72565 85165 91694 104599 116878
674 894 2497 4555 8162 10247 10703 13532 18934 20659 24923 25757 33319 33354 36192 39615 40711 43794 48146 69680 107124 161666 190700
1447 1836 9445 9605 9961 15954 20486 25538 31673 34003 37679 40273 41378 44269 49282 51473 52059 54501 54609 55807 74802 96214 132738
446 1099 5865 6096 6151 8420 8629 11033 11895 11902 13606 15128 16980 18183 18485 22279 52115 53331 69614 71301 107890 177650 206818
901 1717 12354 15580 15910 16444 17775 19761 23655 25136 27498 29226 31616 37039 37703 39611 49061 57772 75956 77096 87566 100929 139874
2303 3770 4132 5150 7311 14358 15490 22286 23321 23339 25446 26866 30669 37772 46107 56431 58239 60473 70008 72845 80954 103591 124795
3488 3738 4840 5322 7689 8423 10291 25572 26895 30081 30113 30691 31199 35063 36235 45290 46292 47570 70835 79498 84295 100931 156161
241 1775 3886 5029 10076 12743 14938 16696 17750 18908 21126 29602 32197 34720 35101 37736 39167 46577 55984 59544 109177 134197 174816
3462 3987 8459 12368 13666 15768 17412 18869 20782 23541 23774 26398 28046 31743 41608 43287 44480 63338 86119 91888 95086 104454 144270
2001 2035 2345 2615 3047 6930 11542 12547 14603 26429 33704 38194 40322 41027 46779 47225 62424 71651 71882 77112 110138 111237 120075
5839 8654 10154 13251 13290 14212 15076 16634 17331 18425 31516 32461 32677 34888 40072 42869 48984 62234 67904 78650 101381 101459 101679
117 445 1494 1634 3841 11597 11693 14542 16373 17597 21694 21794 32730 35624 38200 63715 65366 74264 78360 85522 110875 112463 133407
959 2950 3004 3585 3927 6101 6822 12508 19619 20344 20348 29777 33099 39060 41670 47371 55920 64887 67324 79270 103742 137713 145628
1514 1837 2001 2760 4867 5525 6134 7874 8105 11528 12019 14040 17877 19833 49024 72574 76258 78500 80455 83124 85911 124287 141611
511 5176 6031 7833 8391 9401 10474 11662 15360 26769 27552 27770 32793 33365 44308 53821 58295 67212 75173 83800 93798 106861 124252
