1000 46 27
117 3742 5609 6278 7721 8096 10206 10436 11450 12928 14259 15185 17766 23202 30914 32319 36094 36826 44006 44147 52349 53281 69263 72419 80002 128569 129933
708 759 1244 6641 7135 11693 13249 13679 14887 16842 22748 23599 24251 24264 26391 28531 40727 42932 43645 50094 54848 55561 61412 66853 70081 98582 126829
2612 4271 4406 5279 6696 7320 8812 11243 12129 14653 15593 16787 16839 17940 23021 24208 31885 35358 39301 42471 45767 56046 59970 60861 88492 98115 145692
436 1172 5457 9960 12208 13930 16458 16875 18894 20464 26562 26708 30226 31193 32152 32430 32575 32962 33260 37845 38602 54884 65159 73656 78017 95894 97990
1095 3877 5918 6074 6333 10479 10560 11758 12052 12808 12991 13285 22956 27931 28889 29537 37031 40883 41642 44160 44311 51986 55789 57283 63568 133626 163845
861 1471 2604 4799 7429 9649 10554 12260 13013 16499 22860 24664 25267 31292 31668 33199 37625 37722 38756 42781 43998 47711 49948 50905 92710 102309 116643
2673 4775 5981 9373 11932 12727 14814 15720 18259 19356 19561 21324 21521 24041 25313 26532 32768 34060 37473 37693 38282 42000 50936 69695 90766 99289 122239
726 834 2329 2755 3276 11411 13959 15549 16071 16285 16520 17996 23238 24087 28488 28883 29923 32704 36318 37975 38011 42120 46587 68428 71598 111587 172236
2291 2407 2681 4592 6548 6824 8418 9039 13436 13752 14200 14913 16719 20886 38092 43323 45785 48924 51937 53902 58143 63652 70173 71223 73761 76307 119335
34 617 856 1927 2949 4924 5562 5957 8829 9911 15303 16590 17168 18853 20072 26204 28444 31536 35042 36723 46243 48455 52331 72413 99072 143708 186020
2822 3656 3977 6083 6095 9331 11107 11484 13115 15555 18561 20490 25836 26354 27486 27550 28084 32102 33665 39803 55472 63577 65342 69403 76593 97087 160849
4100 4242 4931 6354 8877 9716 12301 13550 20043 20738 24628 26677 27149 27348 29040 29404 30297 36196 45731 48044 51255 54386 59862 68173 70984 73828 107019
785 3450 5084 5757 7193 7252 8394 9441 9703 14126 14247 15335 16411 17696 20265 20372 22467 32034 42314 56339 62939 63360 67889 68858 74187 78551 148581
204 1507 1725 3105 4879 6747 7021 8198 11688 12236 12510 14711 16585 17626 21436 28179 28568 29590 30507 36031 40216 42061 54580 76888 100031 153292 164960
694 1147 1957 2891 4229 4854 5473 5895 6141 13132 13939 14943 19128 20795 24660 25985 31768 53290 58814 61944 64206 64748 65801 69107 83055 97814 107354
70 2453 3318 3352 3557 5566 6273 11393 12077 13262 13399 15515 15892 18559 19983 21558 28742 30289 38500 42445 52104 63378 69235 79128 95110 124029 144197
2377 3463 3474 3774 6591 7633 11195 12102 15506 15839 17299 19818 20449 21534 34604 37937 38951 43582 44171 50300 53086 56322 66038 72122 78511 112298 112477
876 1669 2288 4912 7871 9079 9781 12608 14884 18381 20605 22198 23942 25587 29371 33600 41159 44597 48805 50572 51455 54455 57446 62038 67803 79292 146685
1317 1325 1516 2319 2973 6374 10408 13360 15526 20182 20290 23435 23992 25893 26310 26707 37877 41191 41660 48223 49108 51612 62326 76384 87831 94106 98261
6561 7164 8355 9470 9741 11946 12291 14327 14689 23014 29486 31958 32812 32976 35493 37868 38010 51104 52077 52263 55423 59342 61243 63480 63582 68083 79001
3184 3522 6420 7071 7985 8959 12293 14206 15564 16417 22666 22727 23617 25219 27255 30127 30275 31895 34606 35351 37573 47563 57044 67823 76571 98759 129845
832 2411 5684 6036 6080 7077 7181 9224 10509 19854 23802 24712 25101 25206 26612 33660 37768 38760 45648 46835 49532 57868 59080 69600 96348 100346 102834
193 329 3109 3327 3728 5572 11960 13358 16949 18216 25951 27512 33548 33797 37492 37875 38647 39486 40965 41167 45851 49737 51396 71238 75513 79698 84429
613 6599 7424 7988 11065 12828 14544 15017 15953 18879 19849 20820 22513 30205 32087 32409 33358 35660 38851 39717 42574 52247 60199 72124 78848 91430 93839
5563 7056 7469 8422 10722 13648 15045 19936 20425 20682 22663 22871 23232 23526 26523 30220 31954 38309 42150 44487 48994 52282 54105 54603 83937 86841 130353
145 3867 4433 4707 6548 6565 8154 15345 17244 24878 30100 31921 36006 37293 37427 38050 39120 39633 47486 50717 51125 52361 53998 68456 68842 78458 101257
871 3325 3415 6051 6438 12274 12691 14632 16530 16847 22597 22852 23318 24121 25130 25156 34694 41207 47148 48929 51381 53833 64280 72140 76468 77775 116040
1203 1885 3839 5403 5696 7557 8226 8344 9320 10747 11482 18931 19520 19545 23495 25582 31389 42752 47660 49362 53808 65545 68222 76592 79784 96847 127473
1786 1961 2599 3497 6849 7749 9644 10222 10521 10525 12629 13652 15286 18312 18518 22554 23807 25091 26696 28377 30891 42783 47742 52782 96674 188728 190529
351 2138 2539 2866 3022 4062 5749 9740 14830 16577 17042 18653 21886 24921 25522 28504 37140 37547 40023 40309 53193 55497 58663 62433 96474 117355 135910
2398 4655 4936 7487 7536 7837 8234 12220 13131 16031 16565 16760 19010 26697 28719 30028 32523 33205 33583 37736 39065 41589 70430 79853 93157 94004 117527
1669 1828 2301 3993 4867 6119 7722 8487 9161 10509 11607 11711 13154 13643 17379 20570 21047 22111 26367 34995 36849 41705 83170 91483 97036 102955 188504
4337 4606 7247 8305 9589 9844 11588 11832 12594 13570 14065 15033 19336 20438 25031 31767 34326 36898 39332 51548 52931 67747 67831 81789 86221 95708 100351
2384 2823 3931 4023 4443 5260 6812 6813 7019 7025 15066 19273 27100 31708 32467 41372 41564 42678 46462 47409 55890 56252 62896 63571 73753 117072 132543
454 1249 1781 4028 4609 5937 6813 10885 11207 13808 15154 17719 18443 22653 25133 28906 32912 34216 41348 41577 42139 57767 61006 77035 79442 99562 147141
545 1316 4476 5230 6272 7388 13620 18048 23105 25958 28457 28737 29258 29484 30628 30639 32351 34886 37578 38321 50647 53715 64236 66102 77716 82491 97413
360 2254 5573 5780 6889 7757 9926 10326 12830 15722 16770 17804 19693 22561 27089 40061 48996 52352 58115 58988 65977 66761 67787 69961 76021 78084 92055
3034 5298 6134 6976 7375 9147 9928 11127 14160 14237 16671 17698 18723 28493 29826 30331 34782 38718 40326 50834 57145 57520 58543 59657 86995 103380 132997
135 1694 1984 4714 5086 5090 9529 11461 14186 16278 16349 16867 17206 17286 17495 20454 20885 22701 26475 30157 34867 40586 43448 63403 135723 145521 158999
1577 2078 2626 4408 8060 9512 10191 12092 12825 14959 17798 20203 28966 29526 29587 32725 33701 35544 38086 42414 45515 45715 50671 68044 91458 106263 151924
1640 1789 1972 3336 3430 4807 5053 5269 7382 7983 14084 25611 27968 30277 30925 33608 33625 36814 38052 43135 49307 58147 61029 71468 105849 115719 122260
600 758 1741 5868 6890 9282 11796 14077 14690 17622 19123 19140 26283 28233 30003 33629 35585 39892 41719 44421 52899 54222 59443 67487 74817 106090 146921
1828 4034 4958 5445 6713 7423 7911 9197 9291 11667 12290 14823 15474 18219 20138 24883 27811 32602 34658 41837 46744 49503 55439 57935 80278 143634 151685
2566 2665 3333 3634 6837 7224 12644 13404 16065 16558 17135 19338 19477 24922 28816 29757 31154 32889 34103 44927 46042 46310 46554 63456 63884 99239 178645
1476 1520 5556 5568 7254 11545 13335 14330 17789 19444 22675 23379 24219 27304 31790 32973 33054 37116 49235 58841 60284 62740 68236 68568 76533 76658 89247
741 4324 4958 6010 6028 7374 8500 9113 9233 9506 10975 18921 20689 20772 22634 28875 38787 43066 48563 51374 55181 57570 66194 72514 73723 87800 115663
