1000 49 7
16327 34877 56598 107022 130453 153639 375167
26297 71745 84224 100580 123516 184651 288825
20311 23857 28799 77980 107649 232446 279472
21473 32754 52745 88048 115951 139815 357848
27176 56649 109956 111280 121571 129417 143176
14258 15495 34005 44671 71612 150176 365140
2212 5417 11249 26027 49726 157197 582243
18656 44018 47140 57395 74314 152116 324183
10974 40655 73034 136583 173705 184742 209228
31408 33396 64779 97934 127933 225862 276018
29824 36992 56866 67271 88930 176768 293006
11464 42951 68279 146472 167496 198495 226024
9931 21390 43620 76744 99134 256139 351102
280 43371 76610 76855 154027 172033 318418
10065 13979 21710 36504 189549 286875 319257
23423 35203 91897 92519 96490 224853 308347
19289 59406 67476 76390 78051 225989 242375
13393 27354 96530 102018 108414 165012 224232
15329 21610 55381 66118 107030 129484 277600
12737 24563 27404 54215 105153 226954 322986
962 17571 58521 59701 68355 107749 337879
13277 27640 53038 66243 102419 194494 255506
10140 28644 47927 55255 112672 209748 225285
30591 40276 44394 81918 98901 122754 419452
14064 31337 51230 128370 157571 180620 304278
24632 33357 59880 118688 130816 174589 259626
39833 49778 78707 82839 113176 163649 249912
748 8717 120568 145610 181418 187384 214717
42101 50505 81208 90306 136950 154248 281257
6664 18104 53753 60634 95414 134977 340764
1565 2823 14255 39096 87575 231798 334375
19132 41051 76318 103701 127852 142183 296008
5345 57892 69339 80210 101175 143608 197415
4443 8184 55189 73302 101885 113836 515914
14374 78203 106127 121791 126207 134965 160329
13813 16265 54920 75140 123562 208383 227601
47044 66736 84195 84574 108410 124514 261304
3604 7587 54520 74402 122647 136402 251210
23536 34970 103435 108187 116042 116412 159632
36680 58905 83678 112965 120409 136254 297693
21439 30454 49493 67877 74270 205631 273087
11644 33398 71115 94194 121621 153529 229938
17963 45945 50412 73927 118288 136537 251954
24303 40590 48669 51359 99623 189822 201328
10718 29164 44006 54894 165101 255280 306797
25526 32016 58022 80325 112807 118036 318724
40285 54990 57740 94190 123842 149233 277401
5549 31838 45571 92118 201303 246724 248270
20056 55773 65417 76773 100779 133528 204213
