1000 43 49
29 588 1326 1512 1763 2588 2712 3018 3573 3869 3943 4528 4951 5070 5233 5541 6868 9221 9259 9614 10944 11702 11795 12083 12322 13226 13493 14846 15066 15780 16434 17358 19641 20116 20649 20779 24326 28273 28568 30518 30593 35091 35375 38671 40300 43103 50841 57749 131110
216 335 440 648 1425 2661 2994 3905 4093 4096 4096 4222 4403 5606 6823 7201 7394 7805 9909 10569 10760 10905 11139 11492 13050 14765 15569 16581 16630 16683 20614 21414 21648 25032 25748 26964 27646 28577 29226 31951 33373 33521 35407 38647 38739 50132 56128 60098 93727
236 497 1144 1150 1338 2130 2791 3275 4158 4787 5301 5642 6542 6751 8277 8566 9069 9564 11100 11529 11631 12543 14496 14959 15869 16055 16273 17300 17906 18234 18884 18931 19569 21048 21259 24225 24561 24653 24690 27243 32300 35833 38453 41852 42505 46144 47288 65162 98548
28 53 111 735 1095 1126 1247 1321 1405 1989 2478 2976 4901 5315 5779 6212 9720 10734 10847 11823 11866 13058 13350 13613 14437 15840 17073 17112 17224 18687 21020 22218 22380 22397 23023 23615 26069 27082 28541 29091 29963 31291 36965 40871 46358 47906 57843 63062 93319
330 1124 1272 2340 2974 3507 4865 5578 6261 6365 6623 6849 6968 8546 9759 10012 11425 11613 11617 11680 12372 13560 15267 16583 17127 18280 18282 19895 20230 20300 20320 20645 21699 22067 23911 24119 24940 25096 28169 28942 31075 31579 33277 36368 37192 42690 49376 49736 52561
1283 2531 3218 3349 3375 3722 3849 3877 6227 6677 6862 8332 8340 8752 8940 9073 10092 10128 10309 10457 10599 10646 11025 11952 13285 13465 13998 14939 16513 17000 17754 17986 19627 21268 22613 25539 26146 29302 32142 32537 35736 38075 39276 40816 40880 50451 50534 53965 64728
1685 1947 2301 4184 4537 5232 5373 5561 5614 5838 5917 6285 6690 6882 7347 7391 7927 9112 9250 9260 10254 11333 11929 12080 12641 13042 13624 14165 15469 15853 15856 18926 19624 20887 21573 23787 23902 25176 27173 28711 34589 35336 42370 42700 44656 46702 54130 59869 75102
207 1422 1828 1917 2428 2596 2798 3850 4321 5117 5403 5474 5984 6771 6871 7903 9553 9831 9989 10032 10058 10148 10325 13587 13920 14164 14482 17049 18524 18583 20388 20799 21374 22790 23097 24055 24137 25949 26582 29043 29081 31625 32272 39933 41775 50999 55777 62783 72585
795 985 1092 1912 2053 2301 2613 2738 2897 3073 3297 4395 5758 6048 6304 6603 6606 6999 7118 7216 7447 8830 8881 9046 9300 9403 9444 10730 13939 14391 15382 15444 15611 17262 17569 17595 18111 21380 22413 26169 37775 38660 40896 45584 53074 55150 59572 96892 111997
67 688 944 1042 1306 2108 2760 3418 4886 5438 5443 5484 5717 6557 6899 7023 7319 7489 7610 9303 10791 11479 13340 13441 15741 16034 16557 18747 20697 21450 22943 23768 23891 25472 26822 28000 28023 29359 32585 35105 36108 37055 38081 39347 40587 40671 41809 52377 87558
297 371 738 791 1343 1364 1524 1641 2596 3457 4224 4748 5176 5309 5410 6325 7495 7825 8233 8668 8726 9797 10161 10737 11172 11825 12558 13994 14433 17284 17440 21143 21627 21900 22509 22650 22912 26563 26975 28422 31440 33960 39639 39683 50309 52420 57632 60380 96380
29 620 896 908 1079 1547 1744 2372 2728 2788 3073 3237 4260 4319 4433 4808 5016 5493 6614 6876 8455 9050 9267 9616 10122 10169 10448 11888 11913 12341 12754 14178 15064 16785 17559 18238 18553 23848 26690 29379 37161 41390 44517 50793 65499 69422 80938 90307 105356
5 52 317 1109 1183 1402 3261 3685 3850 3887 4232 4546 4571 4723 5844 6515 6574 6641 6819 7344 8347 8547 10372 10721 11131 12588 13536 16648 16818 17189 18480 18494 18732 19299 19368 19711 21964 22624 27329 29526 29689 29691 33312 37503 51086 67783 74296 87995 91270
878 1356 1508 1752 1991 2626 3147 3243 3527 4791 5228 5653 5950 6223 7648 7823 9017 9425 9739 11502 11639 12459 12971 13175 13344 13391 13665 15484 17186 17226 19279 19582 19649 19876 21340 25577 26971 27343 31567 32373 32966 33012 34930 39466 44975 50487 54441 66337 76094
365 376 510 584 942 1312 1468 2257 2752 3576 7085 7919 7991 8405 9439 9989 10520 11207 11397 11554 11895 12175 13374 14372 15104 15377 17276 18465 18629 19397 19616 20185 21780 22438 24553 25299 27259 29220 29230 30091 32015 32637 36562 40653 40871 41422 45518 45891 54945
995 1395 1630 1701 2321 2679 2871 3642 4992 5412 5867 6532 6794 6832 7387 7710 8356 9724 9811 10726 11265 11360 14422 14555 15162 17238 17902 18406 19022 19186 19773 19788 19938 20021 21997 23714 26154 27260 31000 32580 32637 33432 36484 37081 38813 48009 62762 69719 71518
618 1340 1505 2292 2545 3184 4466 4608 5079 6096 8161 8268 8678 9960 10021 10041 10907 10952 11476 12926 14083 14862 15066 15071 15319 16408 16939 17719 17947 18965 19210 19609 19643 20470 21459 22303 22632 26202 27477 28775 29174 29204 31248 31856 36861 39604 43307 49006 74379
402 468 1072 1166 1986 2653 2701 3025 3289 3365 3394 3543 3773 3935 4108 4230 6811 7500 7788 8541 9073 10096 11467 11712 12602 14456 16364 16947 17732 18609 18775 18871 19324 20725 26790 27335 29123 35204 36294 36482 41114 42095 42248 43101 53281 54581 55971 66746 67602
160 1105 1212 1494 1754 2139 2302 3252 3437 4332 4395 4574 5123 5297 5347 5538 5804 6561 7134 9336 10314 10625 12212 12741 12991 14303 14997 15866 16225 16422 18336 18559 19051 19487 21008 22041 23968 24930 26086 27088 33804 34001 39031 45602 52190 60793 63794 75671 77254
141 656 873 950 1335 2168 2197 3052 3183 3592 4271 4352 6485 6702 7447 7694 8313 8893 9008 9042 11773 12077 12288 13770 14104 14760 16708 16800 17868 18587 21870 23187 23789 25897 28191 30359 30738 31473 32915 34336 35090 35243 37573 38020 42578 47587 54932 66862 68013
771 1003 1189 1241 1548 1809 1939 2503 2842 2973 3653 3783 4495 5609 6580 6763 8280 9758 9773 10264 10863 11189 11432 12278 12690 12829 14346 14443 17815 18460 19897 20056 21322 23218 23667 24915 26341 30168 33057 34731 36987 40599 42667 43000 43383 44378 46192 56187 57358
379 1440 1572 2588 2723 2833 2957 3164 3179 3717 3862 4877 4977 6478 6566 7058 7066 7237 9091 9298 10598 11252 11664 12849 13700 14979 15704 18552 19224 19552 19609 19861 20058 20528 21022 25441 25614 26154 26327 29695 30684 34783 38112 43284 50099 57965 61139 69424 95567
217 278 280 510 548 610 710 845 1008 2153 2684 3240 3667 3777 4104 4128 4257 4718 5811 6071 6473 6853 9792 13083 13369 16607 17410 17639 18199 20335 22111 27108 30557 30755 30866 32193 33080 34999 35704 36475 36720 37474 37589 40679 44107 46637 54549 61269 68684
8 537 1067 1298 1352 2342 2361 2427 3016 3099 4630 5195 5502 6213 6270 6890 7111 7900 8335 8907 9458 10694 12297 13061 17239 17791 17991 20286 21992 22355 22403 22707 23587 23807 26823 27341 27479 31883 32525 34081 36017 36368 40371 41304 43522 43650 44742 51898 71269
23 150 169 439 688 1248 1589 2080 2472 2829 3205 4079 4700 4887 7240 8061 8135 8471 9953 10265 10866 11411 11492 12291 12701 12933 13468 13593 13687 15399 16285 18734 20254 20454 21760 23241 24982 26161 29005 31372 33898 35263 35555 40358 43702 48028 49370 73380 104786
46 220 1022 1291 1532 1654 1706 2212 2318 2398 2457 2500 3557 4175 4280 4804 4847 4889 5276 7003 7320 8895 9377 10284 10474 11462 12030 13031 13746 14751 16951 19799 19807 20752 24200 24624 25071 26853 28689 28740 30805 33755 35954 40690 44990 46076 46843 55900 151327
1004 1409 2090 2114 2515 2591 2598 3514 3593 4120 4577 4999 6306 7417 7770 10227 10372 10514 11330 11954 12042 12286 12723 12978 13614 13756 14185 14442 15293 16494 19893 21052 21777 22647 23689 24287 25308 27212 28288 28741 32592 34708 37322 41450 41462 43727 49589 88647 91260
24 354 471 518 559 651 928 1035 1487 1617 2623 3140 4822 5510 6147 6865 7397 8676 9183 9277 13294 13314 13573 13607 13717 13742 14295 14466 15321 15788 16251 17269 18125 21765 22705 23151 23689 25722 26002 27013 29430 33287 34346 35417 36742 45030 69593 78318 117130
470 823 1492 1720 1764 1799 1836 2203 2462 2490 2694 3057 3081 3232 3602 4019 4266 7231 8793 8931 9402 9748 10794 12378 12838 13313 13541 16883 17070 17759 20526 20663 21541 22737 23988 24223 26506 30262 32617 34379 35977 36174 36880 50169 54830 54997 55517 62077 79198
101 249 291 721 1528 2030 2109 2470 2522 2707 3094 3612 3862 4018 5917 6061 6445 6469 8518 10405 11460 12422 13428 15175 15199 16747 18004 18618 18673 19526 21463 22162 23192 27044 27321 27768 28248 28804 29563 29927 32363 33872 37820 38932 40829 42333 46145 52943 98368
642 1136 2538 2548 2980 3033 3694 4875 5329 6059 6100 6467 6650 6658 7928 8195 8643 8813 9250 9727 10020 10315 10466 10899 11201 11441 12227 14016 14227 15344 16144 17547 17925 20087 20400 24223 28034 29955 31714 31830 32176 37046 40888 41200 41223 41974 54760 61945 69027
686 692 1328 2464 2761 2845 2953 3161 3590 5047 5286 5517 5532 5715 6159 6694 7807 10455 10995 11287 11371 11820 14302 15374 15768 16909 16968 18241 19074 20645 20648 20707 20971 23475 23581 26313 26625 27437 27749 30447 34117 34764 34871 38485 41215 43134 46520 67819 82360
627 736 972 1599 1770 2562 2641 3645 3681 4609 4757 5353 5487 5805 6009 6082 6854 7547 7826 8541 8597 9389 11948 12427 13598 14546 14987 16255 16646 17286 19494 21679 21829 23030 23927 25596 26507 29225 29560 31052 31920 33026 39145 42678 43398 51648 59130 63383 81290
137 710 837 2072 2258 2417 2824 2899 3170 3652 3889 4394 5594 6465 7345 9028 9105 9149 10538 10610 10613 10627 11056 11927 13633 15108 17003 17704 17779 18381 19358 20895 22443 23346 25153 28366 29517 30022 30992 31695 32213 33195 33578 36835 41703 43022 43163 49810 121136
955 1358 2773 3216 3280 3451 3860 4094 4402 4687 5144 5444 6492 6987 7887 7936 8370 8497 8498 8512 9056 9611 10477 11724 11971 12878 13335 14249 14935 16555 17637 18067 18540 22811 25171 26225 27865 31773 31852 34018 35590 37172 39936 43175 44756 45697 52173 64309 79478
120 395 600 667 1180 1907 2067 2934 3275 3469 4272 4827 4993 5188 5420 5863 5994 5999 6645 6763 7586 7662 10520 12862 14150 14289 18706 19742 21070 21464 22270 22577 23004 23008 25079 25482 26590 26653 29794 33648 36360 37564 40432 40693 41281 42504 44203 77229 81189
218 511 1280 1949 2282 2808 3243 3449 3525 3724 4719 5364 5805 5981 6362 6396 6575 6689 7169 7181 7224 7643 7780 8894 9418 9419 12678 14987 16474 17352 17384 17508 18993 19727 20038 21077 23547 26839 31122 31680 35728 37649 40953 45445 47148 49193 54219 67524 127886
604 709 1590 2610 2945 2970 3020 3625 3686 3956 4451 4532 5268 5304 6133 6167 7077 10769 12105 12574 12614 13805 13865 14041 14091 15144 15345 16544 17029 17255 18127 18849 18965 19121 19878 21224 21383 21627 23209 24297 26919 30861 34550 36264 39345 53692 60522 61068 94807
260 890 962 2890 2927 3145 3345 4359 4424 4686 5532 6288 6318 8110 8260 9252 9981 10060 10365 10403 11353 11526 12396 13484 13527 14830 15326 15490 17394 17962 19387 19607 20736 22526 22784 24042 24129 24429 25231 26787 29270 31691 33100 38086 39039 46463 57569 80414 96870
32 231 681 934 1126 1179 1468 1581 2734 3386 3405 3686 4241 5269 5780 5871 6079 6531 8772 10272 12091 12533 13770 15093 15097 15491 16305 16620 19015 20594 20942 22000 22177 22556 22599 24457 24999 27523 28752 32211 34748 41364 41707 42038 45971 51813 60160 64232 69844
184 364 724 1526 2510 3086 3119 3725 4381 4426 4850 5642 5805 5836 6126 7288 7315 7669 8316 9091 10072 11001 11546 13479 13541 14322 14495 15612 16096 17620 17767 18508 20194 21360 23329 24824 29882 30340 30496 30956 31128 32133 44689 45254 48614 53817 62212 74464 82000
555 658 1155 2084 2096 3039 3314 3533 3639 4236 5809 7586 8284 8374 9048 9193 9416 10341 10913 11538 12009 12201 13840 14221 15402 17417 17768 17780 19007 19781 20492 20925 22561 22708 24791 25949 26194 27854 28569 29710 30677 33315 35043 36312 38208 39487 41936 53014 80480
168 798 925 1439 1619 2510 2819 2822 3046 3294 4676 4687 4762 5049 5295 5892 6142 6176 7089 7997 11418 11760 12220 12475 16717 17412 18488 19164 19465 20353 20677 21833 24210 24244 24817 26288 26767 27639 28850 30409 31742 31779 36585 40107 47462 55118 56198 72355 86377
