1000 24 47
293 429 735 767 1388 2268 2589 2949 3242 4486 4977 5487 7059 7212 7626 7957 8103 10390 10668 11435 12042 12098 12633 14408 15293 15776 16455 16639 22255 22510 23437 23978 24190 24396 27730 27805 27963 28934 33953 37336 43742 44553 47075 50130 57367 66759 83561
594 1543 1662 1799 1814 2818 3261 3349 3590 3760 4078 6113 6218 6540 7158 8029 9904 10096 10647 11326 11498 13088 13298 15317 16471 16562 19340 20113 23352 23965 24903 24964 26013 26953 27113 27900 28758 30590 31430 32486 33672 34423 42181 42545 68654 83951 85939
11 338 477 916 1112 1282 1370 1384 1622 2377 4676 5177 5875 5927 6012 8055 9789 9909 10632 11401 11404 11798 12461 12939 13613 15723 15912 16854 16994 19068 20775 20940 21397 23412 23558 23762 32911 33636 33656 36343 37720 41376 46913 54761 67656 77597 131547
983 1397 1631 1661 1876 2083 2479 3257 3357 4077 4083 4557 5163 5979 6552 9714 9904 11036 11330 12188 13472 14253 16389 17216 18095 18132 18215 18482 19342 20044 22150 22612 24716 25735 28340 28811 28828 30221 32363 32881 41417 41668 44188 48078 52501 56431 133126
208 675 1769 1811 1860 1903 3516 4404 4472 4835 4971 5301 5597 6166 6341 7898 8006 8207 9449 9531 11061 11250 12105 12222 12713 13664 16279 16638 17136 19365 21513 25287 26976 27468 28232 29175 29451 31816 32394 37469 41916 44181 47067 59398 72546 73295 73518
538 726 1232 1529 2566 2795 2891 3632 4579 5488 5524 6024 6175 6220 7398 7730 8395 10341 11805 12108 12119 12483 12608 14050 14120 15998 17911 19169 20107 20285 20785 22423 22788 24890 26363 28217 29246 32983 37139 38012 38106 42534 44654 52081 55059 71983 82726
795 1390 1599 1923 3148 4075 4150 4535 4849 5002 5063 5806 6128 6317 7148 7367 7568 8062 8197 9448 11291 12525 12573 12967 14591 17907 18544 19626 20486 21792 21963 22372 26263 29054 33385 35066 35972 39812 43082 43954 44006 47529 49499 49821 50560 53444 58424
1483 1578 2457 2515 3229 3343 3625 3881 4007 4012 4265 5170 5726 6452 7047 7061 7566 9534 12974 13181 13654 14281 14972 16253 16813 17933 22414 23343 23378 23699 25080 25877 26878 27606 28513 28869 29537 29963 34127 34337 36886 39414 45471 61390 63135 63385 68975
932 1734 2124 2258 2569 2891 3025 3079 4245 4810 4907 6552 8618 8795 11845 12110 12157 12378 12425 12536 12711 13119 13334 13605 14306 14457 14592 14621 16722 17221 17712 18874 20567 21711 22759 23103 25074 26290 26792 32937 41053 43260 44958 55858 56751 69441 108380
334 338 849 1760 2562 2964 3104 3766 4380 4420 4824 5035 5601 6775 6824 7400 7712 7870 8253 8830 9774 9978 10244 10248 10838 12491 14517 15856 17722 17797 18982 22693 23489 24336 24832 27169 29773 34978 36432 38300 41548 44418 49976 59251 70446 78835 84321
454 521 739 881 2936 3163 3720 4340 4561 5212 6647 7618 8263 8651 8858 9712 11376 12661 13889 14347 14641 15836 15970 16325 17211 17334 17774 18512 19667 20220 20355 21173 26407 27060 27061 28908 31877 33771 37442 38640 40977 41685 41853 44140 47193 54473 71718
38 562 893 1471 1518 2080 2220 2651 3122 3886 4598 5422 5942 6768 6798 7202 7269 7327 8413 9134 9292 9370 9377 10659 14014 14208 14681 15764 16403 17434 21045 21651 22491 22715 27239 27489 31451 33283 36153 41298 41960 43736 53514 57152 61860 85354 94915
993 2151 2833 3121 3808 4446 4674 4674 4911 5085 5684 6445 7335 7505 8430 8735 8866 9055 9670 9918 10184 10835 10842 12841 13220 17738 19537 22047 22134 23020 23261 23985 25124 25908 26970 27160 27475 29003 29157 29189 29714 31020 49837 56188 77110 81797 88569
416 1353 1500 2071 2421 2906 3923 4330 4480 5270 5614 5635 5669 7610 8352 8433 9157 9446 9483 10327 11959 12712 15777 16862 17409 17958 18056 20023 20312 20806 24431 26362 26500 26833 28065 29020 30551 38835 39425 42657 44489 49194 49786 52497 53667 59813 61983
60 327 551 673 899 1236 1710 1874 2007 2069 2219 3633 3958 4290 4731 7179 7583 8404 9542 9787 11863 13927 14460 15893 19046 19156 19824 19850 20548 20732 21741 22572 23484 24849 29461 29893 30250 30533 32013 34693 39121 40563 40631 55808 57553 73040 112074
526 1029 2572 2768 2861 3048 3206 4428 4475 6153 6245 6475 6807 8095 8318 8497 8659 8659 8771 9171 12119 12501 12759 14888 15205 15320 18536 19311 19584 23270 23519 23847 24946 27127 29344 29806 32230 33374 36107 41491 43410 43444 46952 48989 53684 53861 67152
494 1316 1536 1823 1898 1987 2615 3394 3795 3920 3921 4777 6479 7983 8973 9395 10942 11085 12296 12527 13212 13424 14308 16070 17350 17473 18859 18866 19096 19222 23909 25485 28277 28412 29275 29637 29752 30194 33899 36832 37185 38323 42521 48221 52042 77310 97312
531 1304 1828 2087 2242 2612 3319 3764 3878 3915 4202 5581 5826 6008 6307 6864 9676 11048 12604 14307 14320 15710 16035 20890 21325 22933 24467 25196 25306 25514 27004 28783 28787 29525 29995 30575 30618 31008 31683 34809 34839 36659 39119 40576 43346 54599 64784
405 604 1031 1997 2093 2467 2586 2819 2833 3078 3393 4044 5917 6268 6415 7365 7947 8055 9311 10664 15750 16105 17112 17628 19650 19895 20516 23265 24754 24785 25833 25846 26680 27970 29680 29778 30173 30255 31654 32541 41543 44590 46160 47813 50038 50045 83241
87 275 1570 1833 2140 2521 3944 4797 4827 7137 7272 7500 8657 9375 9950 11851 12814 14007 14131 14385 14967 14985 15691 16347 16464 16625 17928 18215 19052 21082 21481 23804 25617 26299 28630 29971 30183 33108 33686 34937 36427 40426 41463 45272 45937 65778 75411
434 751 761 885 1111 1290 1749 2437 2466 3007 3409 3471 3588 3898 5251 5417 6126 6633 6691 6823 6884 7734 8536 9037 9541 9626 9984 12759 14081 16306 16826 17932 23805 24688 33254 33875 35497 35900 38676 43942 49111 53106 59418 60057 65315 76905 98819
109 526 917 955 1084 1134 1992 2758 3239 3440 3442 4807 5638 5827 6313 7751 7771 7820 8195 8197 9111 9951 10846 11842 12764 12944 15068 16108 17675 17896 21121 26627 28114 29816 32730 33956 35837 36314 36689 36994 39553 47309 49270 52646 57261 72524 75530
563 1532 2980 3539 3828 5013 5422 5441 5605 6100 6790 7569 8262 9428 9651 9676 9795 9997 10369 10623 10813 12104 12671 13106 13207 17550 17594 20174 20633 20651 21098 21431 22081 22597 25085 27586 30682 30733 32638 33822 34132 38902 39481 41569 46419 70505 111178
246 722 1413 1877 2523 2842 3628 4653 5554 5953 6034 6146 6252 7995 8070 8765 8919 9788 9874 10384 10642 11510 12903 14467 14571 14886 15317 15591 16013 19085 21429 26233 26325 26649 27752 29076 30670 34347 36082 36915 39057 40799 42233 43137 48232 64122 128582
