1000 34 45
623 1289 2526 2923 3059 4172 4336 4858 6666 7295 8763 9161 11167 11450 12393 12571 13023 15220 15243 15493 15520 15774 17853 17981 20662 20844 21674 21754 21965 23291 24453 24473 26453 29197 29720 31248 32719 33085 34165 34414 37234 42412 52006 59688 71532
231 383 624 870 1163 1390 2596 2683 5081 5474 6110 6750 6792 7439 8266 8267 8509 9594 10641 12998 13943 14522 14656 14720 16599 17937 18747 19283 19895 21082 23453 23480 24672 27332 31966 33669 36645 41019 42045 43253 44334 48258 53860 56693 58675
784 958 1119 1586 1771 2139 3933 5084 5188 5606 7119 7287 7652 7770 8232 8782 9184 9568 10724 11058 12194 13820 14903 15400 15564 15838 16484 16611 16849 17041 17227 20829 21945 22768 27102 32125 33297 36152 36273 37999 39418 60895 77519 80174 83613
454 1048 1698 1776 1933 2274 2695 3797 4019 4072 4355 4887 5019 5590 5983 6331 6781 7794 8220 8386 8457 9855 10147 12476 12598 14373 14990 15925 16702 17928 19790 19823 21778 23151 24016 26429 40954 41170 41579 41705 51457 55614 58465 62087 90315
409 848 1729 2035 2215 2476 2902 3021 3156 3476 3541 6063 6155 7444 7833 8863 9264 9452 10100 10199 10469 10937 15047 15725 15876 15941 16469 18015 21499 22959 24892 27559 27566 27626 28410 29368 29758 32267 38057 40403 44464 45615 55149 73832 86287
21 479 678 692 938 1050 1746 1750 3319 3582 4068 4718 5112 5409 5678 7787 7915 8984 9167 11024 11113 11621 13585 13642 14905 16093 16230 16266 16418 17014 17955 19990 21284 21726 25824 26788 29212 37679 42965 43230 44378 47659 52639 80580 93251
527 654 908 1716 3278 3906 4247 6012 6511 7326 7616 7771 8357 8736 8777 8851 9539 10270 10836 12632 13089 13589 14408 15129 15225 16328 17117 17793 17920 21675 22556 22730 23965 24520 25063 25243 29871 32598 39215 39864 41189 43280 47309 50233 69065
217 489 1663 2630 2833 2883 4272 6208 6482 6584 7357 7423 8271 8283 9830 10489 10654 10743 10973 11066 11391 12345 14476 15122 15932 16104 16118 17329 18516 20353 21744 25719 26311 27909 29577 29715 30814 32097 36205 36812 42277 47147 51153 54749 58561
1176 1367 1369 1609 1990 2026 2075 2920 3445 3659 4190 4223 4423 5765 6136 6313 6482 7115 7826 12038 12456 12652 13120 13727 13862 14825 16874 16913 17373 18113 18636 19468 20577 20595 22743 22943 27905 28021 29430 40052 41212 55735 75004 83639 84735
41 138 974 1384 1731 2196 2302 3203 4305 4912 6817 8169 8213 9472 10374 10429 11468 11621 11640 12158 12780 12947 14245 14616 15339 15543 16072 16687 17468 18392 19581 22451 26232 26806 29851 30328 30710 31491 32771 34392 45332 49179 52781 54320 71099
60 163 744 1370 1589 1646 1728 2813 3237 3238 4084 5724 5737 7981 8036 8129 8990 9610 10616 11796 12857 13130 13502 14178 14454 15011 15995 16435 17201 17862 20183 22655 25431 26231 26792 27964 28877 36175 39062 40299 41975 49685 50945 66655 102789
126 651 1415 2996 3296 3603 3621 4574 5712 5864 5943 6830 7084 7141 7374 9764 10462 10629 10687 11035 11058 11136 12552 12691 13718 15768 16796 17135 19759 19811 20149 20839 21115 21577 22418 27476 29325 29467 30583 33096 36945 38159 46174 62582 111085
497 517 656 918 1241 1343 1766 1919 2068 3112 5309 5393 5860 7194 7254 7517 7620 8759 9936 10382 10655 14777 14812 15294 18373 18583 20301 22771 22987 25441 25927 26196 28779 28787 29172 31407 33349 37318 38233 42593 53544 58405 59630 63095 64307
861 969 1226 1460 1704 2827 2851 2929 3259 4321 4491 5222 5222 7062 7720 8279 10197 10506 11683 12129 12490 12569 12615 13995 15133 15617 16201 16471 20056 21634 22911 22930 23902 25434 26036 27889 29183 33060 40948 41846 46160 46356 48699 67552 82955
829 838 3502 4611 4668 4763 5950 6172 7516 7861 8101 8374 8568 8665 9156 9797 10429 11128 12246 12730 12851 12985 13768 15120 17156 18351 20007 21207 22626 24074 24306 25019 27236 28055 30535 36830 36890 37503 39831 40493 51215 53051 55116 55714 63753
223 238 284 1572 1888 1924 2133 2412 3150 3486 3588 3725 3926 4737 5517 5571 7753 8331 8840 9792 11959 11999 12012 14385 14452 14577 14724 16101 16658 17504 19325 19967 21405 22389 27441 27678 29146 33572 33958 38225 41183 58154 58616 68639 94764
395 975 1020 1214 1358 1910 2227 3391 3449 4391 4803 5049 5254 5788 6025 6075 6173 6405 6676 7970 8250 8830 12085 13265 13844 15575 16957 19230 19374 21054 21467 23065 24408 27038 28170 32019 34811 36634 38373 43155 46650 47571 50086 65440 82962
1112 1219 1503 1621 2387 2390 2589 2896 2917 3069 3495 4118 4895 4930 5571 7711 8773 9251 10244 10406 11391 11859 12190 12300 12401 14444 14951 16071 16215 19277 19586 21771 22262 22576 24199 24807 26949 35992 44274 48235 51230 53807 61216 72450 73697
210 434 984 3212 4118 4275 4500 5519 5801 6147 6700 6794 7402 7851 8784 9347 10312 10649 10885 11212 11877 13355 15245 15711 15939 16574 18132 20404 21248 23056 25539 27819 27837 29250 32376 32878 36463 40877 43395 44161 46000 47626 50330 56060 97854
143 362 406 700 2510 2557 2809 3008 4042 4769 5688 8256 8701 9141 10987 12714 13178 13327 13376 14058 14800 15400 15542 16418 16426 16486 17950 17950 18202 19969 20357 21612 21786 21931 22958 28681 29639 31347 35749 37488 41772 48607 55019 67058 113915
421 1168 1229 2179 3905 4666 5117 5207 6460 8993 9107 9444 10218 10626 11302 11822 11958 13373 13523 14167 15488 16230 17055 17698 18445 19164 21082 24172 24645 26617 26857 28469 30568 30753 33164 34200 36648 37731 38086 39649 42174 47617 48107 48747 54748
349 684 727 730 2711 3244 3597 3823 4040 5193 6512 6947 7563 8504 8698 9392 9711 10271 10777 13193 13631 14398 14583 15603 18523 20468 20869 22863 23152 23267 23503 23579 24333 24720 27165 27817 29106 29857 31323 34006 39415 45866 45903 47519 64306
314 335 725 781 790 1393 1637 1648 2033 3896 4142 4292 4515 5056 5195 7454 7564 9434 10508 11077 11551 11743 12141 12773 14258 14297 16698 18284 18403 21850 22508 27171 28638 29196 30747 31902 35685 44383 44946 47173 50318 50585 54522 71782 83561
1186 1952 2273 2470 2589 2592 2808 2941 2961 3134 3170 4116 4705 5016 5569 5570 5817 8278 10450 10712 11194 12020 13991 14592 14963 15199 15782 16718 21471 24233 24463 30816 31084 32006 32842 33311 37025 37203 41241 42544 52381 53656 53695 53775 69546
790 1536 2119 2731 3716 4211 4886 5239 5305 5527 5611 6572 6574 7920 8455 9929 10385 10697 10898 12336 14365 14788 15003 15875 17490 17699 18065 18388 18574 20675 25420 25531 26041 27161 27812 29421 30027 36118 36802 36974 40169 41300 44034 58893 87141
5 14 341 393 653 752 1138 2943 4390 4805 5085 5375 5578 6205 6300 6311 6322 6447 7515 8843 9527 10859 11660 12811 13121 13816 18499 18931 20772 21371 21821 26872 30507 31819 31889 33331 34312 34559 37163 42320 53928 55088 56173 60756 72333
531 2583 2606 2836 2983 3495 3507 5294 5306 6224 7013 7167 7574 7871 8089 8590 8612 9423 10010 10164 10585 11092 13821 15568 16368 16564 16932 17965 19229 19259 19287 21076 23273 23288 26507 28637 30324 32937 34752 37236 48399 49131 52407 53140 128282
1097 1967 2033 2040 4272 4349 5374 6276 6592 6692 8343 8615 8786 9661 9833 10066 10069 10082 10775 11895 12010 12046 12476 12709 13608 13642 13750 13989 16656 17256 17613 20995 21149 21533 22159 23078 25417 26767 33748 34446 42447 43608 65542 75342 113483
72 534 603 1264 2054 2203 3086 3576 3731 4334 4535 4923 5761 6030 6572 6623 7474 8188 8373 9769 9892 11306 11851 13042 14800 15355 15580 16620 20328 24529 24869 27901 28011 28837 30399 30467 33762 35909 36617 38474 41246 48276 69359 92904 105238
220 273 1174 1233 2228 3125 3221 4386 4650 7078 7192 7649 8472 9206 9345 10345 10413 11464 11491 11560 12876 13699 16264 16308 16351 16387 17873 18519 18632 20428 21115 24211 26706 27473 27683 28333 32548 34939 39648 40644 49700 63448 63799 64423 65537
164 290 1385 1472 2036 2205 2771 2886 4153 4864 5161 5835 6215 7061 7377 9006 10250 10682 10718 10840 10938 12354 13755 13930 14155 14368 14952 16488 17770 18274 18316 18898 18955 19445 30022 31958 36552 39137 40850 47758 52194 52475 58621 58767 88651
664 1031 1035 1582 1610 2853 3202 3639 3656 4872 5644 5684 6951 7369 8248 9109 9207 10895 11136 12730 13347 14843 15354 15915 15935 16666 17580 18691 19656 20803 21506 21982 23118 24774 25325 30547 31117 31774 34666 37966 38739 41442 50540 60286 174217
336 998 1009 1574 1644 2125 2669 2941 3300 6648 8537 8700 8952 10343 10709 10976 11241 11357 11643 12037 12337 13196 13588 14953 14957 15034 17929 19132 20233 20863 21542 24058 24698 27858 29167 30011 31752 45999 46751 51941 53394 53792 54755 56159 60382
273 562 833 882 1278 1795 2742 2819 3521 4126 4752 4923 5055 5534 7484 8535 9513 10286 10761 11341 11400 13936 14512 14532 14750 15327 15775 16626 17070 20570 20801 21159 21228 24208 24422 31881 35947 36198 40457 44470 47750 49112 53533 61019 68392
