1000 39 45
137 466 854 883 1153 2073 2447 2743 3319 3534 5053 5824 6784 7221 7449 7921 8412 8480 8575 8691 8751 13372 14968 17439 19133 20355 21165 22249 22595 27303 27832 29173 30924 31161 31809 33004 34262 35390 37730 39918 42988 56945 62463 66501 71278
575 629 1382 2207 2845 2940 4112 5463 5973 5994 6740 6963 7421 8701 9374 10109 11059 11791 12198 12740 14466 14561 15346 15359 15607 15890 17448 17663 18364 19659 22905 23774 28859 29182 30109 31904 35313 36132 36372 36610 41852 46189 53381 57639 110192
1083 1283 1562 1996 2054 2149 2267 2412 2952 3076 3617 3763 4005 5126 6002 7939 8334 9799 11032 11371 12536 12667 14148 17826 19643 20425 21405 21761 24242 24707 24979 25191 25284 25554 26338 28964 30671 31822 41229 41557 45501 45674 48886 71153 117233
45 106 426 576 613 1090 1422 2441 2787 3604 3719 4655 5137 5345 5762 6020 6789 7633 7709 10046 10111 10354 11668 12521 13335 13375 14365 14645 21714 22168 23026 24344 24410 26147 27238 27595 28231 39011 42074 49608 52482 70415 70910 73422 136026
312 1365 1503 2232 3313 3738 4622 4817 5010 5368 6223 7101 7538 7809 7843 9148 10068 10640 11293 11634 11881 12614 12617 12752 12950 16692 17138 18005 19649 20834 22801 25276 25336 27135 27886 31289 32428 33092 33818 41153 43907 50442 64735 71478 145424
123 1060 2079 3942 4392 5208 5247 5495 5663 5773 5852 6906 7179 7215 7273 9764 11932 12062 12361 12944 13401 13927 14875 18011 19125 20144 21706 22759 23259 25873 29891 31942 32067 34523 34889 35387 35781 36561 37247 40329 43118 43190 44497 64020 91729
105 214 351 3137 3231 4256 5020 6683 7506 7934 8146 8847 8974 9592 10097 11740 12945 14139 14496 15019 15045 18095 18988 19849 20787 22217 22512 24922 25130 25808 27601 28016 28098 29618 33116 33471 36059 36124 38027 40364 43131 45215 49200 53819 63388
422 504 675 838 994 1305 1500 1535 1646 2241 4255 7252 7281 9701 13619 14091 14874 16409 16552 17379 17472 17498 17513 17595 18327 18559 18617 19072 19387 19997 20416 20505 20996 24168 30276 30916 32608 35939 38515 38603 48054 49146 62736 69737 87529
177 1515 2019 2538 2822 3232 3392 3417 3651 5288 6985 7539 9454 9723 10162 10517 12326 12626 13749 15195 15240 15333 15336 16465 18506 20366 20596 21149 22439 24033 24673 24833 27325 27468 28532 31134 33861 35164 35272 35583 36122 46518 47387 65247 67015
487 661 680 1853 2854 2974 3250 3728 4646 5522 5670 6828 7463 8379 8403 9168 9372 10168 10551 11101 11323 11328 12754 12864 13122 13130 13226 16931 17155 17287 17294 20308 20501 22165 22263 31977 39389 40036 46197 46292 49070 58580 58734 99922 100080
1210 1680 2496 2751 2822 3179 3344 3652 3966 4600 4687 5200 5261 7587 8504 8794 9441 10515 11070 11385 13012 13837 14571 15709 18070 20829 21799 22210 22536 22919 24434 26599 27543 28211 30860 34123 36772 37268 37688 39778 40612 53968 58872 60924 62784
185 384 2830 2943 3543 4298 4648 4872 5057 6367 7254 7617 10121 10125 10826 11053 11505 13905 13925 14078 14389 14867 16395 16861 17242 18252 19833 20515 21965 23257 23447 24852 25483 26530 27197 28782 33552 33577 34361 44352 46137 46251 48165 54399 61224
625 1050 1484 1888 2306 2737 3979 4733 5605 7790 7988 8829 9417 9487 10168 10237 10360 10821 10884 11337 11789 12036 12383 13318 14352 15175 15312 16635 16657 17405 20516 21418 26021 29347 32962 36058 37156 39127 44139 53703 54858 59152 60121 70330 72869
1487 2365 2549 2576 3296 3432 4611 6087 6853 7165 7423 8283 8483 8727 8761 9056 10425 11760 12056 12210 12851 13582 16114 17077 18638 19617 20918 21307 22710 24909 27979 29695 30378 32325 35136 36226 38299 38300 40371 44075 45827 47871 47884 50936 84809
1286 1743 1804 2763 3076 4730 6165 6243 6289 6539 7987 8064 8523 9242 10557 11342 11769 12468 13716 13795 14365 14663 15165 15861 16727 17588 17617 17825 17975 18137 20781 23066 23303 27501 31010 31948 35512 36748 38383 41266 43916 59524 59684 74170 78080
391 1543 1553 1739 1927 2439 2689 3098 3451 4005 5206 6028 6372 6435 6895 7194 7330 7465 8934 9456 11983 12098 12380 13125 13357 14332 15877 17361 17420 20025 21779 22083 25427 28014 28141 28372 33516 34469 34528 40230 52287 53700 57685 116208 142210
198 628 905 910 1137 1553 2541 3229 3502 3706 4493 6359 6844 7139 7556 7875 8116 8326 8803 8950 10723 11689 12368 14120 17950 18121 18932 19091 19608 20381 20543 21197 23559 30205 30557 32880 36438 38290 38800 43472 44563 59665 61909 74854 76795
264 646 1401 1783 2547 4053 4159 6189 6544 7054 7139 7208 7225 7260 7397 7503 11688 12148 13069 13071 13221 14609 15526 15531 18245 18350 19805 20839 21713 22806 23706 23978 24010 25699 27324 31850 39436 41087 41672 46888 48992 51490 51496 76760 83045
61 803 1837 2481 3537 3582 3588 3849 4188 4864 5366 5497 5702 6024 7113 8132 8577 9066 9846 10162 16128 17278 17597 18435 19179 19892 19989 20237 21209 21740 22177 22308 25999 26895 28509 32016 32565 33604 43477 44914 51292 57174 57501 64763 71185
170 592 1521 2343 2441 2551 3318 3552 5319 5673 6603 6677 7671 7794 7931 8094 11101 11640 12104 12251 13501 13894 14092 14401 14522 15180 16276 16491 21052 21929 23390 23784 26834 27409 28151 29035 29939 34200 41016 44005 48528 52078 53811 63245 81215
461 1213 1261 1594 1787 2061 3303 5294 5468 5923 6533 6566 7964 8377 9896 9931 10098 11743 12210 12243 13458 14362 15931 16191 17838 18734 19227 19307 22421 22499 25039 25060 28348 28591 31993 36253 37878 43306 44394 47627 49874 49931 52303 74568 79178
755 1373 1972 2308 2441 3383 4998 5907 6365 7115 7178 7697 8755 8792 8904 9303 9358 10944 11463 12494 13052 13059 13325 13943 15503 16477 16566 18164 18667 20357 24305 26830 29090 31387 31527 31632 36826 38550 38986 39761 43783 46538 50962 63884 72648
63 796 1170 1802 3181 4434 4559 7245 7342 7812 10000 10262 10594 12371 12428 12515 13025 13789 14176 14192 14212 15693 16158 17593 18319 18775 19940 21203 21697 23858 24099 24914 26580 28331 29309 31098 31964 32444 37671 41232 41598 45838 47760 52084 55449
129 681 1316 1823 2783 3773 3989 6583 6748 6940 7471 7491 7536 8186 8473 8649 9340 10938 11123 11539 11677 12742 13747 14274 15912 16200 16380 18993 19970 20998 21233 24048 29761 30267 33533 34473 36465 39243 39686 41634 44889 52380 57259 65939 106764
483 721 2361 2892 3769 3961 4761 8665 8748 9562 10122 10322 10975 11161 11409 11454 11623 13713 13838 14134 14296 14593 14738 14888 16255 17313 17673 20787 21411 21419 23122 23848 24233 26136 28348 32548 33840 33869 39110 41809 46481 46734 50800 73210 82803
834 1446 1489 2170 2186 2626 2974 3456 4759 4904 5363 6914 8034 8108 8520 8974 11955 12019 12886 15348 15690 16221 16600 19257 20182 20244 20469 22528 22854 23586 25310 25960 27253 30998 31386 33150 37193 39936 40726 42567 46847 50104 62677 67006 70641
897 937 2110 2229 3977 4111 4114 5564 5983 6152 7143 7176 7298 7473 8730 9122 11491 12370 13912 15157 17889 18244 18817 20563 22706 23331 24413 24531 24626 24675 25578 25738 27422 28202 29464 32634 34600 38219 38370 42165 52297 52424 54065 56206 66731
461 852 1058 2292 2559 2561 3956 4092 4498 4961 5713 6520 7649 7893 7991 8093 9140 9666 9889 10792 11759 11873 12497 13337 13545 14971 16490 18146 18471 19307 19876 23003 27030 30578 30688 31953 32621 34885 39095 46061 47835 60240 66300 68654 76899
841 1397 1799 1935 3034 3249 3448 3934 4110 4648 4882 5019 5737 6206 6930 6987 7671 8327 8575 9511 10045 10431 12265 15100 15341 15717 18302 18497 19670 20960 21601 22008 23949 25952 27963 28603 33838 34927 35660 38480 42303 43832 63255 93852 106943
51 118 706 1247 1281 1475 3377 5415 6054 6567 6832 6945 7627 8882 9534 9636 10418 11137 11166 11559 13494 16047 16740 16849 17458 19212 19326 19370 20725 21390 21433 22387 23462 23702 29126 30394 35124 38047 38346 39674 47041 49953 55272 56427 81874
581 810 1049 1057 1801 1883 3348 4710 5643 6199 6879 7977 8074 8383 8746 9909 11283 11515 11561 11909 11942 12135 12161 12439 13785 14383 14716 17103 22411 24021 25584 26009 28085 28976 30182 30357 34881 35169 36456 40641 42188 56968 57243 71416 98511
42 171 1226 1289 2414 3270 5057 6163 6672 6908 7681 7927 9505 9586 10234 11176 12277 13028 14256 14506 15044 17123 17298 17493 18823 18941 19170 19949 20686 22782 23707 25303 27712 28067 28212 28727 29001 31407 32312 32356 32781 41694 48899 69327 87208
535 569 688 750 1017 2165 2429 3656 3896 5235 5376 5768 5788 5966 6370 6420 6636 6845 6947 7375 7866 9769 11288 17826 17988 18391 19591 20737 21473 22096 24040 28396 29799 35007 35744 36066 36587 37012 44878 49729 53526 54900 55276 87462 98024
102 323 476 547 587 595 1505 2334 3570 3720 5006 5027 8344 8921 10617 11073 11884 12131 12552 12906 13307 15065 15202 15370 16762 20354 21285 22091 22358 23288 25334 25506 26968 27608 29060 29178 30136 32255 36248 38418 38716 39143 57373 76133 145986
255 492 617 626 989 1296 1531 2021 2632 2957 4396 4453 4694 5507 5752 9236 9381 10154 10759 12721 14138 14314 15739 16271 16298 17783 21041 21293 23438 24886 30558 30979 30990 31017 31391 36752 38672 44821 46027 48778 51579 51774 56342 56811 69219
669 1547 2022 2301 2365 2425 3020 3182 3832 4264 4810 4824 4834 6037 6177 8381 8897 9338 12019 14532 15082 16205 17208 17838 19558 20759 21043 21196 21681 23242 24801 29830 31655 33798 34578 35502 36233 40159 40857 42400 44693 47555 56552 61317 68493
1886 2273 2660 2907 3855 4204 4461 4909 4974 5380 5627 6057 6625 6942 7242 7253 7284 7657 7748 8296 8662 10632 12153 12743 13242 13276 13309 16342 19952 19967 20026 21803 22311 22785 24096 30389 32077 36940 37184 38228 51583 64739 67807 75981 124548
45 70 248 300 819 842 1689 2753 3410 5315 6476 6717 6872 8037 8408 10166 10588 11009 11657 12631 14260 15246 15721 16019 16610 19006 20641 20658 21368 22132 22790 23463 24268 24769 25790 33202 35428 35432 43427 49548 54018 54131 55555 58182 80303
97 151 991 1897 2172 3437 4121 4400 7256 7648 7691 7925 8418 8978 10091 10268 10320 10966 11120 11290 11520 13096 13615 14622 15468 16452 18035 19374 23433 26851 28468 28932 30324 31364 34065 34348 34625 35195 38613 38660 41303 43192 45274 68825 95389
