1000 12 9
794 2788 58820 78471 83512 86921 109808 189933 210967
12646 19667 48341 73700 79327 97391 130400 178828 280272
9709 13729 69486 73867 81579 89627 125509 159522 194645
17754 28220 36232 41799 55700 118539 158884 195763 260825
6286 8085 37358 41722 54154 55417 133041 159843 311131
31322 34110 39039 42715 43789 44483 59925 156982 436593
17041 33366 36945 44206 92496 97055 101523 167089 248459
6289 21934 26770 40255 46564 85778 103131 149124 365901
16194 21518 22164 23129 61769 94670 136468 244737 298018
13476 28580 34503 57120 67949 69065 166982 177848 248897
20345 41127 61539 66252 69926 82289 126291 188317 252700
8131 16877 20328 24584 62731 83424 132393 137622 353294
