1000 43 32
2762 3146 3598 4033 5412 8161 12372 12799 12988 14116 14258 15374 17364 17870 22640 23742 25918 26995 27914 30832 32213 34292 35183 39363 41863 45152 45841 45952 63425 67159 76273 119817
1161 3665 5344 8264 9129 9206 9639 10599 12147 12812 14101 15725 16985 17538 18212 18829 20097 22846 24893 25399 26449 29397 29734 31209 32961 34243 34522 42193 49004 74242 80337 206051
818 1625 3407 3500 4860 6111 7369 7432 7937 8561 10744 10955 18590 18882 18991 20625 22593 26152 26513 32434 34574 35457 41919 49880 52099 60497 60571 63004 67795 71069 75352 75970
1131 3292 4094 4217 4648 4846 5141 6067 7489 8382 9041 9145 10378 14743 15338 16727 17524 17655 20681 20883 22014 27236 31355 32249 33015 37180 40392 41896 80279 81477 139139 154368
1199 1779 2384 4956 5395 7589 8385 12559 13618 16221 16303 18172 20021 21252 21419 21455 23353 25619 26328 26373 26449 29299 38708 41919 43735 43761 44403 48139 54223 64922 70193 90885
115 1994 2563 3353 3577 4260 5064 5279 6206 7379 10105 13864 14371 14962 24198 25333 25960 26041 27511 28655 29918 33133 35880 41324 44507 49403 58325 62893 67115 75539 93869 104787
953 1115 1560 2744 3809 4967 5403 5691 8672 10321 11864 14238 15423 16504 17610 17789 21442 21552 25126 25688 28406 29443 30880 31170 33714 38054 38866 53150 58451 66924 86705 225071
2088 4662 5197 5512 8466 10416 14089 18391 21881 22375 23345 23443 23448 26412 26516 26614 26789 28520 28545 29199 29802 29838 30042 30325 41834 44186 49810 50751 50918 66606 71185 73738
1717 2322 3942 3973 5423 5739 6266 6625 6647 8702 9447 12721 17661 17998 19305 20653 24022 25307 29802 32303 33316 35801 37627 38656 42893 46331 47005 53833 60414 85538 87266 115048
1990 2657 2775 5212 5275 5922 7183 9735 10674 15351 15384 17281 19136 23826 24134 25059 25085 27171 30505 31612 33197 34203 37395 37862 39340 39995 49676 50257 52122 56212 73584 103969
879 1623 1921 2842 4872 6399 7883 7894 8274 11338 13802 20643 21190 21837 22607 28024 28611 30245 31846 32863 35895 36225 36913 41129 47942 50336 51979 56083 61219 62997 67911 72346
741 1906 3251 3286 4764 5029 6853 7589 7657 9404 10318 10476 10630 10791 12065 15265 16492 22272 24955 26130 26901 28473 33203 33754 33878 41001 48098 49069 64455 99879 126771 129350
599 1395 2018 3058 3340 5076 8625 9967 11039 11690 11960 13716 14453 15459 16486 17712 19844 22715 24223 26649 28345 29050 31668 34494 38557 49673 51868 52350 71760 74218 90098 116869
633 2227 2610 2874 3750 5875 6164 6572 6748 13460 17631 19708 19889 20900 22705 23240 25020 25346 27034 28167 29636 31007 40037 41164 42807 48313 49291 51703 54883 60433 94843 111761
796 964 1910 2984 3595 4142 4631 7064 8599 11293 14272 15084 15156 15843 16197 17300 17393 21778 22684 25004 25842 30866 31824 33255 33326 56105 65950 68861 75263 78092 78695 143729
512 819 2395 5346 5814 7047 7193 8234 9152 11566 12333 13589 14316 15834 18788 19199 19723 22902 27013 27117 28885 30872 32494 35681 36722 44188 47823 48618 62012 72614 87045 148662
243 705 1389 2236 3453 4428 5520 6617 6687 7337 9089 10659 15099 17523 20467 21770 27780 28607 29736 32621 36702 37834 40511 43002 44850 47070 51211 58380 59949 69448 81225 88536
2340 2356 2383 5822 10157 10740 11251 12738 13089 14646 17026 18482 18960 20615 20918 23399 23435 23988 24354 26872 29651 30011 32784 38620 43833 47127 51792 54140 56583 70551 83943 98005
1708 2146 3055 4143 5026 5464 6133 9471 10669 11172 11222 13061 13507 14860 15896 20544 24164 26620 29904 31103 32482 36060 36902 41632 42861 43117 45412 49645 56562 64466 76126 139734
382 493 495 695 1249 2652 3565 5037 5851 5909 7010 9802 10663 13153 14293 16047 16213 19636 21873 22860 29352 29492 40780 52035 56384 64090 67347 67660 70937 87071 88362 102116
1295 1637 1723 5251 5878 5897 6696 10035 10494 10867 11515 12982 14802 14845 16148 16150 16843 17856 18479 18482 20846 22928 30222 31950 34929 42367 56742 60641 69675 74110 97260 177427
176 592 1079 4470 5437 10352 11883 12216 13026 13752 14902 15039 15372 15715 21000 22390 22508 23322 28393 29666 29680 30381 30683 31007 34421 44029 45132 47353 75883 80701 106719 113321
204 1167 2091 2642 4406 4725 7881 9417 10523 11184 12018 15097 15573 19207 21440 23152 23426 23489 25512 26589 26779 38087 39285 39767 42051 45541 61987 62569 63056 71954 84228 95195
276 1246 1520 1844 1925 2762 2842 3058 3300 3732 6383 7132 10461 10620 11427 11941 12588 14142 15959 20055 20503 21971 26980 33944 43196 47317 47523 71814 84884 96014 128358 146244
97 179 1141 1764 4837 5957 7258 7269 7915 8881 10536 13331 15498 16111 16163 20183 26575 27045 27493 27867 29659 31660 33373 38344 42281 42389 46604 57064 61824 74415 89310 91491
570 1457 2703 3837 5454 8888 9149 9821 10971 11014 13418 15767 17833 20127 20942 21359 21453 23101 25017 26127 28657 28864 28930 34132 34954 38027 39585 42397 47440 60972 121189 143390
762 931 1488 3761 4762 5038 6189 11450 12629 13367 13632 13722 13782 21539 22126 25937 29287 30430 30574 31317 32184 32367 36060 36605 37390 37433 45761 46128 49876 59040 70765 169107
86 865 1017 2622 2773 4056 5623 6049 7043 8254 8801 9475 10896 12135 12578 12883 14495 15429 21238 23985 28011 31704 40845 42265 42654 45262 48256 65385 67638 74461 81463 180183
553 917 1387 1779 3062 4204 5798 7207 7246 8690 8725 8874 11858 11914 14643 17132 17375 17514 20655 22660 28769 31360 34227 34447 41817 46413 47538 53037 78746 81542 89833 127601
82 717 768 872 1552 1791 2037 5422 6668 8456 9301 9991 12539 13791 15247 16944 17317 19942 20799 21928 23458 29669 31372 45351 51319 54236 58465 63249 67758 79343 97351 103150
732 843 868 1129 2765 3160 4182 4466 4583 7116 7789 8086 8418 16007 18497 19114 20129 21623 24615 25073 27741 29222 33346 35510 48158 58241 64310 65266 76304 77141 86146 93624
362 1001 1131 1410 2360 2651 4017 4215 5584 10709 13555 13632 16447 16810 18388 18422 18952 23215 24406 25129 25992 30453 30934 35234 37097 39226 41332 56189 66949 90304 93294 169602
329 1024 1522 3735 4895 8797 9958 10436 10751 11809 13960 14343 14772 14872 17139 19052 19485 20854 22039 25530 31103 34108 34293 37635 45483 53546 54043 56111 59461 62068 86673 139464
2873 4310 4320 4488 4749 5083 5140 8800 10334 11221 13961 14223 19272 19879 24392 27604 30041 31650 34434 39609 40287 41738 43449 43988 45443 48374 49268 51460 59533 61848 73617 76827
438 2120 4039 4422 6087 6847 9507 10343 11352 12716 12930 13074 13513 17462 18181 18675 22577 24065 25057 28963 29674 35111 45205 45597 48857 49088 49212 49270 51496 63798 93946 95205
2358 3548 5387 7188 8210 10065 10514 11391 14433 15381 16252 19337 20927 21125 21773 25220 26723 29289 32349 34942 37307 38291 40605 41504 42440 44426 44632 45155 47433 63727 67257 72813
614 1385 2026 2675 2869 4827 7657 10164 10987 12028 14753 15912 17605 20411 20677 22012 22843 28145 30361 33090 33874 35055 38757 45385 46502 46879 49953 51721 63317 66373 68818 122962
1398 1431 1997 2055 3138 4048 5117 6212 6411 7350 8208 8229 9424 19537 20488 30634 30792 35007 36296 38363 39282 39688 40856 41679 46965 50983 61412 65530 66750 69716 69783 87111
1020 4186 4561 6986 7194 8432 10078 11877 12008 12184 12560 13510 14382 17536 17902 18311 23673 24725 25857 26127 27558 30204 37392 43967 44321 49534 51053 51414 59444 65511 86972 91043
644 3165 3186 5816 6135 6262 6433 7879 8386 8697 12212 12495 13381 14730 14862 18387 20385 23358 23820 25690 26481 32317 36626 46232 52220 53300 55306 57151 58414 61426 87721 94019
1435 3354 3699 4045 5904 6289 7083 7391 12260 13190 14661 17170 17441 19157 19799 20001 23588 26269 31639 31835 33765 34863 36272 38427 42888 45233 45644 58273 59559 62276 90441 121598
231 277 376 556 756 1746 1968 3870 6622 7885 9876 10512 11930 12376 12790 12821 13003 15959 18004 22593 26837 27884 29198 31565 32530 47296 49390 56931 57261 61838 141293 210422
483 832 2255 3997 4176 5535 6750 6879 6883 9450 9801 10835 11830 17377 18541 20258 20337 20962 23045 23978 28081 28210 30637 32236 38392 42077 42353 47987 55058 74815 111745 136256
