1000 33 38
63 1636 3429 3818 5128 5284 5290 5463 6068 6197 6334 6402 6949 7831 7978 8232 8350 10014 13163 13466 13561 13825 13827 15649 18440 19626 22896 27137 31541 34172 40760 41272 41675 42722 43118 56427 70934 76839
609 1369 1555 1614 2304 4371 5051 5736 6744 7016 7065 7895 7966 8657 9876 11366 11553 12955 15240 16502 17136 17423 17731 18124 18179 20292 24091 24870 25063 26555 26591 27174 28780 40662 41398 44397 56956 76246
590 2489 2896 3160 3636 3818 4149 4544 5775 6052 7817 7939 9484 11016 11157 11609 13509 14222 14340 15488 15580 15816 16226 16456 19244 21625 23439 24436 24808 24979 34838 37330 37964 42975 45888 63980 69350 89645
747 1249 2131 2608 3302 4706 4981 5637 5990 6385 6652 7343 8843 9755 10545 12401 12562 12899 12937 16666 16906 17106 17470 18148 18207 20651 22536 23214 24424 24824 27187 28778 29488 31363 34671 40452 59467 69479
213 987 1125 1833 2754 2945 4336 4735 5798 6541 7180 7588 8176 9071 11269 12848 13253 13697 14916 15272 15502 16321 16594 17552 19309 20224 24552 25466 26407 27249 28189 30004 34497 34583 39381 47131 47420 98408
240 1177 2180 2715 2825 3035 3092 3820 4072 4073 4846 5213 5453 5720 5877 6042 8939 10459 11202 12134 14598 16278 16554 16696 16923 17743 18272 18363 19735 21157 25675 29422 33317 54770 68082 69968 75516 110610
277 291 1132 1675 2161 2866 3546 5104 5781 5866 7749 7929 8109 8404 9695 11294 11902 14499 14825 14942 18365 19739 20463 23674 24891 30366 36346 39129 39215 42622 44191 44907 46650 48110 51936 62219 64842 64952
240 437 1147 1714 3150 3254 3365 4489 4506 5181 6087 6193 6367 7516 9208 10313 10848 11095 13010 14373 14885 15469 16040 16722 16880 17139 17938 19265 19519 23372 30165 30421 37549 39956 48233 55947 59859 76343
780 815 1797 1823 2422 2711 2914 3001 5642 6189 8373 8857 8902 9173 9210 9844 10172 10205 10928 12961 13365 13431 13833 15401 15453 16341 17775 18864 20568 22939 24892 25187 36164 40002 47400 52806 52836 70152
156 164 488 3636 3951 4959 6410 7772 7887 8500 8599 8658 9206 9817 9851 10935 10980 11645 12221 13014 15769 16877 18679 21036 21251 24212 24354 25273 28919 29300 30136 39017 45012 51983 53560 63608 65919 73977
800 1056 1483 2034 3942 4364 4751 4765 4806 6145 6974 8066 11082 11134 11228 11339 14268 14834 19983 20294 23664 25073 25315 25487 25513 25520 27291 29908 30256 31955 32572 32598 32630 34301 38239 41204 63501 77700
501 1114 2162 2422 2742 3218 4630 5158 5445 5937 6107 6132 7430 7469 7937 7981 8781 9537 9735 11069 13337 13396 13677 14922 15600 16723 20179 24037 25135 27211 31240 31770 33420 39492 41305 42046 53130 99081
322 343 607 1794 4219 4397 5780 5782 6313 6834 8045 8372 9500 10636 11164 11491 11555 14033 14443 14845 14883 15466 16998 19020 19078 19257 19689 21813 23279 26004 26215 26782 33122 34663 37755 39523 46477 47408
217 294 408 538 952 1076 1148 1823 2853 3132 3513 3611 3629 3921 4304 5712 6386 6754 8030 8790 9098 9312 11952 14462 22664 22749 22761 24056 25229 27305 29276 30150 39028 43749 46481 60120 72404 192666
127 2773 2928 3001 3019 4140 6518 8611 9292 9903 10083 11011 11643 13327 13728 14814 15404 15526 16162 17608 17669 19738 20316 20638 21015 22009 22628 27847 28198 30759 31237 32106 33267 38225 48769 63673 67100 104720
308 490 1218 1271 1536 1613 1895 2232 3255 3791 4274 4378 5770 6917 7758 7883 8201 8750 9043 16812 17686 18332 18596 19554 21103 26008 29309 30321 32269 32278 34004 38101 38345 44150 44779 48314 93728 166462
399 421 989 1182 1557 1780 2045 4705 5236 5904 5990 6067 6081 6528 6939 7402 8376 8898 16651 17547 19041 21647 22751 23599 24679 24993 25842 26229 27551 29747 32852 34996 38500 39642 41604 41818 51487 58478
92 431 1096 2262 2843 2941 3411 3695 4344 4779 4915 5175 5440 7034 7949 8744 12165 13015 14747 14936 16109 17679 19631 24499 25145 25201 26590 29161 30539 34340 36862 41344 43615 47575 54021 56601 78683 85478
286 1165 1256 1782 2696 2749 3735 3933 3988 4126 6002 7377 7882 8853 8921 9100 9139 9216 12549 13063 13188 13638 13995 14889 15048 15299 16149 20603 20969 29727 36792 48282 50028 53911 55248 61794 77105 85378
1138 1691 1925 1992 2127 2842 2853 2951 3136 3905 4929 6381 6724 7377 7838 8066 8560 9346 12726 12970 13828 14341 17386 17764 17802 19058 19268 21435 21469 24182 27418 32994 34014 40182 48575 50957 80397 89469
869 2669 3149 3606 3925 4139 4320 5887 6759 7254 9080 9120 10195 11970 13358 16096 16312 17561 18218 18766 18776 18915 19139 19448 21212 21809 22243 23225 25843 28126 28484 32414 33642 35199 38926 50729 53230 56449
123 137 1066 1086 1559 1789 2394 2830 3289 5373 6566 6748 7428 10623 12106 13078 14647 15156 15212 16031 16281 16286 17792 18130 18887 19701 21069 22532 27301 32301 32890 38728 40801 45721 49811 61914 73612 74585
875 965 1104 1572 2828 3855 4413 4747 6060 6645 6811 7147 7150 7210 7879 7926 8205 10519 10707 12110 12708 14267 14574 15040 16448 19354 22081 23646 25784 25938 33908 36751 37021 38542 40825 43972 62778 72678
158 942 1785 1873 1985 2288 2706 3611 3753 4061 4554 6116 6231 6281 6531 8128 8527 9379 9540 12345 13291 15150 15439 17502 17556 18857 20765 20987 21061 23549 31619 45338 49958 53631 63503 79642 84282 104004
655 1297 1682 4059 4108 5270 5715 5893 6490 7849 8268 8457 8477 8872 9087 9102 10212 11073 11235 14344 14406 15533 16148 18252 19514 19601 24435 24963 25531 26980 30075 30300 31775 33413 39450 49616 49695 50805
148 426 635 661 2757 3771 3772 3981 7497 7718 9421 9969 10567 10896 14062 14966 15674 16542 19364 19594 20628 21244 21261 21371 22404 23057 23398 23934 26773 27273 31390 33268 35078 43585 47868 49909 51399 52409
900 1174 1779 2010 3622 4651 5724 6046 6756 10336 10570 10783 12266 13443 14234 14798 15527 18838 19786 20222 21614 22769 22885 26109 30900 34277 34495 34521 36634 37258 38131 40871 41893 42439 43360 43761 44046 74461
243 252 1055 1586 1779 1990 2040 2780 3252 3763 4251 5311 5570 7069 7843 7925 11716 11930 13362 14933 15489 15609 16201 16364 18084 18951 19832 21444 24354 24559 28984 33516 38775 39272 44315 50953 81731 113175
248 431 587 1321 1638 2036 2229 2370 3687 5152 5872 6278 6365 11432 12081 12141 12184 12719 12821 14556 16093 18744 19111 19346 20885 22222 25878 26617 27950 33998 36004 38421 42020 45480 50119 51561 63815 116345
391 692 1266 1406 1654 2743 3371 3434 3497 3614 3754 4722 5027 5358 6436 11065 13397 14280 15842 16786 19454 20988 21050 22938 23981 23983 23994 24839 25916 28064 29767 32094 32824 35472 45199 78172 87713 97364
97 504 2269 2615 3330 3535 3732 3785 3970 5417 6950 7294 7821 8355 9322 10541 10700 11766 12173 15961 18213 18350 19456 24768 26307 27590 28172 29675 32705 32718 34450 41881 47045 51013 54102 58594 78558 83778
474 870 1409 1524 1731 3214 3599 3819 4156 5273 6081 6152 6578 7429 7574 7976 9044 9832 10003 10609 13283 14468 19982 20385 20753 24328 25613 28405 30045 31131 35206 51069 53156 57053 60670 67294 72010 79834
287 880 1311 1992 2102 2178 3221 3504 3505 4019 4244 4821 4822 4857 5092 5248 7801 8304 8500 11344 12983 13488 14623 15362 18644 19520 20187 23246 24718 26602 26903 29516 31357 34998 36572 59028 74303 99180
