1000 25 5
20838 68598 74164 334682 486707
102390 121680 205611 264987 281295
58363 86325 166078 260966 410461
12255 95648 142963 232641 488759
31864 63418 168120 230456 472962
44380 69281 92301 219815 540432
26051 57544 174882 348244 369394
1247 130771 228334 270717 339494
97088 125405 242668 243791 263724
65535 66011 121317 150934 577231
96846 104827 154388 251656 362898
86310 99735 109688 172499 510532
2649 129881 131393 249460 475049
1000 32438 118558 384706 433933
34238 66838 73348 161248 636135
22137 51266 190488 193636 510258
8145 88863 105843 185213 589023
78694 124715 140089 178544 450119
6083 48713 81073 340048 494547
44421 158798 214260 234602 324895
46959 47639 106042 389942 393060
48331 55409 140412 338234 395910
80266 138121 148607 172248 446312
82628 138005 202133 227274 335472
130126 135665 196370 234433 272455
