1000 26 33
1341 2027 2099 2201 3461 3492 3494 4197 5883 7144 8323 8868 11239 11871 12177 14831 15928 16324 27870 29727 30906 31256 33586 34108 37522 55788 60126 60142 63404 65130 68848 72612 74662
123 360 1745 1754 3197 4806 5541 5720 6515 8673 8716 10647 12350 12866 13136 13197 13608 13796 20435 22576 27358 30528 33747 42566 44355 46419 49491 54968 71702 72068 76796 83343 88473
1158 2288 2470 2531 2794 5245 10140 13152 13383 13403 15528 17863 18061 19825 20838 21293 22681 22949 23309 23655 25415 26846 30364 30692 37596 42252 44884 46719 49110 56267 58621 80858 140525
1 1239 1266 1370 1522 3555 3994 4621 4866 5199 6814 6859 7414 9590 10207 13660 17412 18313 30069 30459 30983 35336 36354 36952 42363 42504 52029 52452 54038 58330 69803 95702 139003
653 1203 2104 4064 6914 9641 10114 10569 10682 11276 12432 12829 15290 16409 16825 19978 21258 23057 25507 26027 29220 32693 34601 45300 48316 52007 54776 59628 60377 65203 65776 66799 68225
378 1098 1322 1938 2763 2962 4519 4928 5008 7295 7371 9843 13875 14295 14868 15114 15757 18391 21742 23466 26035 27497 33584 39054 39495 42285 45486 50933 61450 66463 67902 80277 100623
810 1776 2080 2194 4254 4398 5948 6119 6536 6711 7477 9024 17454 18098 20683 21374 22324 23055 23113 24506 31569 32034 36406 37493 42105 42746 46620 47236 49704 51921 76399 79544 99880
3520 4038 4443 4574 6928 7195 8732 8776 10040 11503 12309 15503 16352 21449 21870 22195 23203 25092 29007 29025 29997 32750 34280 35375 36593 37043 38209 40435 55294 61549 63304 64877 80868
349 3647 3873 5414 6249 6469 6669 6894 9673 9997 11786 12903 14315 15248 15722 17084 23878 25693 27276 30005 33267 33771 33773 34029 34182 37228 40855 41528 41732 45152 76140 80316 88769
1581 1862 1903 2245 3591 5054 5745 7514 9293 10974 11601 11692 16883 17274 17495 18914 23758 25326 26582 27278 27510 27769 29025 36607 38563 42337 54452 57999 64907 73918 74433 74767 100507
455 877 1326 2240 3701 8389 10770 11543 12170 12353 14634 16546 16729 16959 17155 17712 18965 19006 20626 24376 25034 35958 38996 41141 41561 45808 47925 51764 52243 59965 63713 63896 96579
1122 2362 3415 4003 4174 6018 7128 7945 8257 8610 12708 14497 15773 16661 19413 20006 20751 21686 26430 26988 31691 32339 33714 36344 39260 42807 43761 47886 58330 65188 67632 73584 80518
7 570 1688 2161 2205 2962 3603 4224 8573 8723 9879 10788 11227 11534 11688 11799 13858 14090 14660 18141 21190 22942 24473 26330 33371 35107 53818 55316 63034 72266 100552 110372 151528
281 441 2233 3828 4231 6016 7581 8273 8585 9705 14735 15493 16185 22194 23196 23666 24169 25566 26319 27679 31047 31934 37052 37714 42114 42411 46497 49699 50820 51455 58058 62100 86773
825 1680 1777 2002 3339 3444 4011 5498 5764 8305 9336 9756 9879 12558 13686 15691 19441 20957 26482 26812 29842 31073 32320 35093 44936 48344 50563 55299 55311 62840 63913 72569 151843
43 781 933 1644 1755 1896 3802 4824 6337 6491 7641 9606 9872 12961 14406 15181 16612 17979 18721 20631 26265 27268 36821 39877 40167 42054 44942 52383 53046 70597 77507 91707 131746
753 1619 4811 6093 8278 9007 9631 10742 11169 13727 14465 14730 16259 17061 17967 19393 20387 25145 25360 27775 29168 34134 34557 34694 39270 39957 42837 45827 47182 54689 67553 95784 108370
490 3087 3852 7076 7690 8990 9611 9620 10271 10405 11012 15922 17749 18700 18816 19359 19983 22022 22796 23027 24124 32095 35105 35352 40606 42868 46993 47646 61580 64807 65300 74581 120757
1475 2205 2967 3649 3783 3897 5289 6470 6745 8317 8773 9996 10109 12567 13049 13738 17451 19885 20144 23061 28369 30221 30644 32340 34097 36557 43987 58330 61180 66759 73755 102974 120135
2699 3724 4349 4808 5383 7244 8791 8854 9930 10711 11106 12736 14473 14744 15258 18674 18851 20887 21271 23044 25020 28550 33907 34779 37448 37756 39490 41212 52123 53287 63941 79700 124056
247 2069 2980 3640 3649 4175 6185 7439 8700 9217 9966 13563 14073 15149 17220 18599 18716 18956 19279 23347 28996 29127 30841 31848 32689 38117 38493 54359 61088 63875 66917 71961 129305
1720 4054 5270 5428 6144 6886 7268 7398 7621 8322 9269 10163 11114 11255 12530 13220 18568 20084 23653 24560 26417 33496 33499 34702 37118 37957 41201 52068 67873 68717 73029 76953 97444
226 555 613 2076 3461 4102 5154 5340 6272 6692 7478 8720 9227 10979 16543 18086 20492 20514 24734 26350 35357 41573 44900 45539 45561 50676 59740 61882 65031 66584 69869 71233 76975
744 790 1279 1871 2226 3677 4942 4944 5297 5383 8249 10003 11287 11927 12208 12935 13012 13553 16499 19541 21075 23004 30299 36057 38951 50911 52399 63393 69064 70787 77126 77668 145783
484 552 1035 1197 2695 3170 3551 3833 5754 7937 11811 11863 13398 14618 15740 18040 18262 19104 21243 22085 22587 25087 29065 29791 33949 34084 40234 41795 57585 65988 93486 117566 118725
87 983 1461 5036 6589 7610 7644 7690 9231 10371 11332 13611 14305 15294 17500 18973 19125 21323 23610 25336 25398 27487 28622 31415 33676 39503 43101 49703 52136 55648 59693 94538 123436
