1000 28 18
644 818 3196 3578 12741 18172 18493 21307 21757 22428 36851 44224 52096 57043 88618 138076 158911 213729
2214 14950 18801 20290 20648 24503 32151 33240 40843 40934 50878 53372 68479 70892 72904 73403 118548 187882
1426 2601 5977 7252 8625 27849 30548 33603 35570 39960 42600 52059 71558 78250 83218 88437 110139 145784
2944 7079 8981 17456 17800 31490 32590 35442 38364 42256 42453 55198 58685 84243 88193 93353 99322 115775
101 1370 3489 3512 12446 19126 23573 28187 40775 48297 48482 61094 61755 72499 80819 85823 129028 145339
511 7363 12024 12914 17537 21581 24201 31708 34488 44059 49582 64588 68504 68631 70212 99768 109070 200042
7623 7702 9472 11290 13094 18432 21649 32082 35417 38420 38970 41104 42140 77024 92918 127835 131338 137880
1855 3434 12159 12648 15064 15635 17611 21251 26738 31986 38391 46347 69300 80353 81756 105259 133905 173449
384 3779 6964 9103 10552 20776 21007 25710 32546 41977 62312 70806 73434 86958 93441 96879 108585 179987
721 4336 17751 19961 21843 23068 28131 29817 30197 41295 52289 54749 73488 75249 99119 114005 118666 142921
2288 3941 11272 14789 24153 24872 29032 34543 36740 39702 42018 66579 69203 79538 86086 86110 98200 200757
106 2452 8602 10769 12498 13877 14261 14630 18205 18727 57872 59217 73055 83149 88062 109707 140891 146254
1041 4251 7685 12359 15540 16415 16770 17157 20150 21466 23849 40412 48804 96625 118555 125396 133748 159748
1507 5505 7352 24892 28319 29394 30398 32510 32782 35668 42761 43842 47982 50127 59191 121732 134913 177651
5531 6345 8260 10130 12454 20375 23067 23402 25651 26750 54136 73362 78383 92807 95291 96412 112999 131583
1461 3005 3515 15771 27257 33412 35771 36788 38103 38569 43758 48464 53472 54122 69349 81846 116103 227687
1739 4342 9720 11947 12237 13647 19339 23170 24597 26591 28533 43891 46855 57615 112137 137832 144085 189210
2474 3486 3807 5554 12190 18051 18193 25853 26519 32920 43805 47459 55823 75005 97054 98756 161918 195125
1215 7836 8860 9484 15275 22273 24672 25976 26417 41957 45536 48854 74753 83182 109380 114465 115199 121165
179 1954 5531 8466 18924 22503 24222 27465 31459 32587 37703 44662 57954 72437 73611 90447 101955 297187
315 4223 8910 10143 14467 16692 32369 39973 49495 50527 52510 53589 55095 84054 87295 93772 96085 133014
765 1660 4063 9112 12041 19197 27811 32866 33312 41285 47435 49190 50154 94677 95082 96245 119570 160733
5810 6888 13572 14047 16020 18193 25907 27149 35236 36881 58807 60039 72606 76621 86081 101179 104739 183224
235 8236 17369 18631 22921 23278 25556 25882 28867 38609 39125 46892 52445 70109 72059 73552 165769 171663
3223 5401 8313 8867 11657 15258 16792 18269 19766 20066 34919 37433 41601 47031 51082 135545 171911 230319
1521 2867 3348 7466 12197 29460 29638 30086 31188 33636 38347 56280 59848 72722 92807 104230 141177 152318
2230 4996 6541 7822 10541 11000 11176 15797 38520 40309 41003 61105 64170 68983 92906 95289 148777 206012
2090 10143 16511 19430 22989 25140 26166 28202 28282 30162 34995 38734 47978 48952 77108 105298 137984 195991
