1000 14 13
1110 13131 22939 24458 25660 29625 51096 55823 62126 65173 76201 131922 236072
724 9246 14261 17510 31344 33019 64128 67228 78902 97746 106093 157054 183196
59 879 5893 48521 57400 61213 68651 70351 78933 81377 89932 123276 124077
1728 4613 5065 5176 8712 10120 41196 96323 109895 117738 132725 140752 170551
2306 4920 14148 22539 35254 43770 57051 58984 62184 68615 99204 162101 247712
19591 23274 24768 26581 26691 29561 34110 55750 62126 93846 97099 100664 279972
6027 6997 20958 32600 36160 39343 42206 54111 64666 87734 87859 93101 278580
4097 4185 4400 6877 8087 18022 33730 35242 43121 73027 127040 168705 271085
98 804 1327 3163 4013 11119 21198 32620 52364 56766 108585 174019 264512
2600 3700 13314 14319 15818 24121 41805 49344 61738 87429 88712 105537 378418
4799 12176 12934 24532 25027 37315 41324 64764 70807 96033 110522 138044 140681
13276 13467 15685 29012 35561 37489 41154 58369 69274 76865 89996 102136 134979
11423 23193 23290 33412 38464 48509 48649 54411 59350 81377 99255 118696 122461
2339 2799 5888 15417 25598 26078 41824 48281 50454 81510 105828 167587 194289
