1000 28 23
173 1520 3361 3487 4964 6210 9055 11718 12785 20320 21980 22640 23284 25963 45220 50526 64873 66231 67932 74823 90134 96615 263996
5269 7657 17530 17834 20183 21078 23582 28726 30457 31995 32021 37333 40086 40354 45881 48843 61696 65054 67375 68855 74028 96238 111598
763 4242 4385 6565 6725 11202 13099 13721 13733 16038 19762 25738 27435 34897 43045 47793 49307 54331 70735 89764 129492 132570 171443
763 1533 5943 7602 12303 15988 23818 25137 27538 27951 31599 36778 39919 42555 51584 53872 64095 64212 65863 81888 98409 102675 112155
2868 5396 5576 6892 14938 17369 17682 21983 22593 23863 25544 29256 30133 34477 34530 51640 59128 60322 66125 81429 103844 116582 158064
283 3606 8636 11113 11411 13479 19405 22916 25472 27224 37044 37407 43069 44046 46704 51572 65776 68151 71790 81563 91912 99128 111701
22 3132 5643 8999 10403 12938 17665 17855 25478 33415 35612 36329 37261 41300 41677 43981 46626 55175 61571 88605 90626 103197 173398
1041 1271 3284 7145 8472 22369 25628 25716 27325 32123 41667 46739 46862 49780 49817 51733 52847 58256 74113 75122 94328 95999 98637
33 146 715 1209 2579 9721 9857 10906 14895 18377 18789 19237 26964 29308 30190 33602 35050 48092 55988 79217 131042 170634 248631
2164 4440 5691 6896 11886 12641 13430 14142 15604 16097 21310 22108 24730 25641 26612 27967 42692 48872 75639 78296 100081 118520 278131
2686 4740 6240 7837 8395 11484 15955 16354 19274 22427 24557 31853 32702 44518 46291 46596 57150 62482 79031 82163 83935 115842 167192
1287 6081 6358 7533 11815 11834 13489 13721 26551 30948 31837 31876 37799 38417 42752 54440 67292 74606 78142 83257 103608 109660 109874
1562 1584 5213 5230 10936 14664 20166 20305 21569 22148 33571 36837 38467 41150 44253 51424 51729 65788 72558 77580 87128 107387 161293
4952 5382 5716 7656 9857 10562 10742 13518 15879 21698 23662 24667 24685 28184 31602 33351 51490 74897 76404 85772 90095 139829 195579
558 1038 4176 7210 8340 9794 12628 13840 18005 18393 20696 22312 41765 42316 52607 53764 66507 74337 77804 85910 104640 124282 125774
913 4546 5713 6277 9502 10529 15218 17048 22775 29430 31567 32079 40479 40527 44107 51154 55521 81702 88593 91446 91470 99832 118883
1439 2339 6716 8031 9170 15081 15241 18110 21540 25472 25690 30160 33061 35241 38131 38308 46433 49221 60408 71797 75685 161847 201710
5410 7406 7637 11336 11703 12030 12810 15625 16023 26608 27899 31977 32388 36949 38090 40430 48958 49616 77873 79409 89331 138549 176043
613 3361 7538 9161 13089 14225 14286 19246 20503 28828 34096 35108 36321 45206 58775 59679 70420 71610 72508 73058 85296 90913 123576
2430 6678 12112 16781 18791 21513 22506 24517 28560 28640 34110 36837 40753 40819 51407 54528 55818 56959 63292 78329 79253 89032 129718
2809 3217 4217 5990 6196 6520 8962 9680 10191 11535 11977 12343 26713 30759 45870 47178 51024 52021 63653 69075 73535 195598 244944
396 3303 8024 9792 13215 14024 14830 15779 15981 17439 18353 24648 27875 28659 34371 36144 61486 64149 75318 75608 91545 134128 201995
2206 4114 5072 7233 7743 10848 17627 18450 20300 21382 21536 22962 27024 27522 27740 34863 46070 66721 68981 77168 120859 158618 171998
998 1526 1906 6383 10369 10917 12877 13733 14008 17609 23341 36626 38808 41983 42764 49367 49877 54577 78512 90020 92549 95811 202856
1475 2143 5596 10240 11699 17882 19591 24717 27556 28564 29444 29740 32499 34583 36013 56052 60019 61985 63824 83462 85317 89281 175543
1165 4719 6646 8419 12372 16141 18421 19339 20433 21246 24925 26388 29216 30641 31681 38557 41572 52562 56177 77510 109241 127011 212281
1844 2750 11404 11856 13749 16624 21160 22362 23525 24718 33627 36559 41269 44836 46674 50665 57068 62994 76578 85664 86018 107769 111343
3850 6807 7068 9951 11695 14363 15571 18345 21338 22962 23183 28443 31717 32257 35598 38599 47374 55216 80588 109174 115101 126511 131034
