1000 34 46
3 1671 1935 2822 2891 3401 4024 4092 4667 5477 5759 6048 6898 7695 8833 8873 8995 9994 12398 12716 13350 13914 14684 15654 16822 18588 19706 20737 21292 21298 24823 25020 27263 27707 31286 32982 33325 33559 33956 35143 37995 45655 45959 46160 49700 165658
161 1736 1987 2852 4082 4286 4460 4603 5708 6956 7436 7792 7966 8116 10273 10867 11104 12026 12586 13124 13300 14682 14994 15025 15469 16516 17599 18044 18486 18870 22507 23109 24192 24282 25040 29428 30991 36742 39234 50453 52549 54373 56972 62449 66676 93146
586 621 782 839 1365 1508 1669 2897 3259 3669 4629 5636 5812 6264 6706 7010 7357 7440 7898 8660 8769 11331 13613 13944 14272 14279 14342 15009 15765 16583 20099 22130 22496 23001 27715 31195 34938 37016 42688 45075 55537 56987 65477 66596 99036 115953
43 293 535 1096 1415 1667 2155 2756 3476 3570 3663 4831 5755 5765 6220 7004 7477 8912 9685 13097 13325 13477 14792 15989 16109 16429 18035 18243 19408 20550 23424 23833 26310 27620 27852 31003 32265 35814 36314 38089 49015 61769 65842 67145 75849 115417
138 461 719 1007 1220 1322 2237 2418 2640 2871 2871 3293 4090 5387 5677 5717 5903 6445 7889 8607 9853 12358 12755 12989 13614 14923 15352 15471 16072 18118 18365 23169 25242 26426 28237 30024 30604 32077 40030 45633 53332 58915 61346 74742 110247 115794
370 494 705 1116 1269 1703 1817 1919 3189 3307 3382 4437 5006 5638 7299 7816 7855 11735 11812 11878 13030 14680 16865 17726 20874 23057 23087 24478 25020 27059 28205 28228 28382 32250 33893 34374 34854 36182 40524 48750 50503 51135 51981 62334 64138 66298
106 2420 3081 3400 3464 3731 5206 5859 6599 7311 7317 7344 7434 7474 7494 7504 7637 10354 10403 10790 11376 12003 12675 12744 13354 13785 16992 17963 21465 21826 23453 25739 29572 31825 32188 34598 39604 41611 42705 42913 55171 55526 58975 62267 64471 75132
444 1041 1963 3337 4212 4719 4969 6279 6703 6884 7978 8037 8490 9468 9538 9648 10609 10620 12025 12996 13346 13608 14813 15965 16754 18018 18195 18817 18954 19747 20472 21515 22964 23912 23944 28842 29470 31633 34075 35013 40609 43626 57681 70740 85175 109635
582 1441 1498 2402 3024 3047 3093 4557 4705 5663 5681 6375 6412 9377 9993 10000 10894 11539 12086 13269 13883 15697 16441 16505 17115 17742 18271 19034 22030 24730 25747 26095 27060 28700 28891 28977 36779 37506 39910 44666 52298 54165 55427 58934 62807 76539
1089 1416 1560 2518 2997 3894 3923 4858 5585 5719 5931 6196 6612 9227 9242 9783 10395 11070 12811 13172 13537 13618 13971 15419 17389 19122 19418 20536 21111 26160 27120 27429 28808 29325 30005 32322 34441 35777 36070 41090 42747 45372 50393 68227 72183 84965
681 1107 1212 1455 4085 5185 5897 5992 6144 6521 6564 7283 9268 10765 10898 11055 12064 13632 14047 14121 14599 15148 15518 17022 17057 18089 18111 18230 19879 20085 20905 21681 23170 24168 26458 27061 28293 30458 33483 45116 49048 49582 50458 55525 63654 121785
313 903 1485 1578 3203 3909 4518 5681 7003 7119 7493 7713 7968 8291 8451 8793 9310 11152 11569 12613 12676 13085 15888 16168 16505 16626 16979 18756 19461 19734 19877 21484 24929 26115 26439 29390 33733 35519 40883 40917 41018 41159 52078 55376 79832 124790
240 1325 1590 1683 1843 3061 3339 3653 4909 6079 6925 7681 8538 8958 9045 9541 9824 10039 10307 11307 12593 12784 12839 15386 16992 18697 19723 21408 21715 23815 25781 25797 30752 31401 31730 32764 32881 33648 36654 43756 49952 53382 55624 55712 70214 83260
200 344 834 946 981 1607 1869 2126 3520 4254 4758 4952 5122 5427 5778 6136 6651 6918 7962 8060 9126 9600 9696 11123 11462 12004 14021 16502 17662 18151 20660 20921 21482 30020 31165 34311 39804 40263 43036 44770 52340 57619 69536 77238 99780 103612
1652 1968 2598 3158 3421 3662 4133 4141 5031 5159 5425 5450 6463 6870 6879 7718 9082 9963 10167 10826 10841 11205 12204 13001 17121 17685 18395 20401 25845 26304 26515 28090 28849 32011 34490 35014 35167 40397 40826 41631 42403 49826 52616 60138 60391 100195
251 354 1699 1934 2205 2461 3164 3573 5542 6816 7223 7610 8298 8872 9104 9791 10507 10956 11062 11294 11363 15450 16317 16353 16525 16610 18172 19318 19485 20120 20146 20324 25523 25566 25899 30770 31372 32366 38454 49817 52227 52919 59938 66087 74714 89446
524 1832 1920 2895 3522 4132 4616 5253 5445 6481 6850 6877 7324 7404 8323 8600 9703 12093 12745 13440 13638 13782 14159 14317 16616 17579 18374 19148 19916 21434 23940 24224 25017 29171 30021 30592 31877 31938 31951 41230 44758 53604 55805 56863 73342 109192
609 1117 1314 1376 1617 1765 2564 3841 4353 4846 5266 5635 7616 8101 9481 9622 10459 10575 11282 11548 12598 13160 13371 15227 17180 17874 19446 20202 21582 23062 25328 27361 28142 30006 31920 33238 35931 38344 44455 44661 47394 52830 52917 61736 74581 79909
276 670 941 1516 1595 1799 1895 2943 3438 3676 4290 6582 6616 6740 7356 8527 8669 8931 10251 10745 10773 12174 18244 18345 18766 19049 20302 21562 23772 24107 25151 27859 28986 30532 31722 32054 32884 37561 39965 46143 48460 54692 59436 63007 72697 77357
220 417 1293 1589 1756 2137 2251 2599 4184 5582 5616 5891 7728 8835 9101 10020 11498 11663 12451 14851 14897 15218 15958 17206 17850 18709 21603 21893 21948 24150 24274 24638 25724 28200 28203 28430 31837 34503 37249 38913 39480 48453 49254 70921 81002 90335
215 1099 1279 1375 2108 2472 3175 4274 5241 5778 6105 7179 9193 9825 10264 10742 12531 12568 12610 12906 12944 14884 18052 18271 19200 20922 22322 23080 23622 24498 24847 26209 26774 27485 27559 29615 30720 31563 33540 34115 36886 47150 54899 60960 85603 85840
122 539 578 1622 1841 2284 2297 3938 4301 6518 7825 8293 8556 8675 8758 8788 10417 10749 12453 13362 14259 16976 18324 18784 22864 23016 23735 24193 24281 24462 27470 28221 28514 30130 30295 30540 32912 33135 34841 36788 44356 45850 57002 58457 62172 76687
958 1169 1821 2004 2703 3210 4156 5453 5592 6295 6974 7291 8144 9454 10314 12448 14428 14528 15542 15566 16149 17016 18853 19058 19062 19688 19886 21066 22359 22831 26136 26605 29065 30110 32503 34919 36915 37412 38776 44518 46154 48265 51080 52804 56746 58296
192 312 445 509 608 705 907 1659 2453 3680 4371 5023 5376 5682 5985 6078 7410 7785 7829 7969 8871 11521 12431 13751 14919 16611 17060 17901 20521 22854 23508 23840 32293 33593 34046 38360 40064 40783 40935 40973 50967 55881 57062 57770 75094 114934
395 651 837 1379 1428 2295 2573 3584 3900 4684 4769 6466 6573 7038 7276 7361 7757 8646 12099 12805 12835 12938 13556 14506 15142 16803 17529 18651 19864 20006 20166 23154 26482 28906 33836 35276 36899 41401 41609 44743 50291 52245 67086 67111 70165 91087
233 382 1483 1809 1842 2198 2346 3557 3766 4451 6333 6821 6922 7041 7333 7448 8715 10222 10293 10978 11444 12091 12168 12366 12390 12413 16234 16565 16626 18815 20834 21512 22003 22863 24196 26428 33090 39559 41836 42907 48262 54603 73384 81390 92132 102391
125 137 1199 1447 1632 1675 3428 3587 4268 5464 5500 6052 7574 9262 10124 10934 11215 11714 11772 11841 12457 13140 14156 15052 15386 16151 16962 17049 17136 18224 18488 19919 25238 27855 27936 28349 29259 31141 36949 58316 61029 61173 66856 72578 76261 79392
292 568 900 1398 2050 2279 3359 4276 4581 4613 5394 5433 6196 6298 9111 9121 9344 9985 10152 10654 11665 12685 13288 13408 13831 13949 14790 14802 15845 17566 22112 22700 24514 26572 27477 29395 31749 34222 39223 44873 47186 50154 53281 56251 91357 139710
981 1237 1349 1624 2062 2550 3261 4725 5238 5370 5370 5538 5581 5803 6866 7116 7136 7506 8316 8853 8864 9184 10592 11714 12414 12613 17747 18824 19561 22942 27509 31165 31222 33420 33881 34084 34731 35357 35417 42051 44795 56823 61393 71336 72015 107207
235 325 1379 1754 1937 2150 3799 3991 5726 6369 6916 7331 7773 7793 7809 8537 9841 10316 11272 11607 12512 12581 12737 14953 15889 16086 16228 16490 16943 17600 22910 22958 24412 26175 27990 28417 32558 32755 37786 38653 53289 61050 63740 67639 90618 91566
1830 2047 2386 2509 2584 2876 2975 3025 3664 3753 5059 5457 5859 6019 6795 7347 8061 8583 9048 10886 11718 12904 12956 14787 17133 18982 19468 19968 21124 22919 23079 23405 27134 30877 31293 32902 34396 34579 37932 39946 45822 52898 53260 72533 77173 105387
11 73 553 576 705 989 1272 1304 1411 1552 2550 3066 3481 3504 3828 3940 4402 5793 5806 5941 7143 7357 11166 11549 12789 15629 16595 16756 18274 19599 20378 24884 30634 31011 31525 35004 39166 40873 44234 47271 56880 58016 66687 73176 97856 109262
299 364 1405 1489 2101 2674 2844 3933 4899 6202 8394 8540 8765 8922 10066 10819 10833 11164 12011 12859 13036 13727 14174 16420 17122 18382 18457 18900 22181 23582 25183 26969 28614 31517 39272 41611 41673 41689 42188 46188 47787 49008 51351 51831 57169 61565
271 592 968 1398 1566 2322 2878 2976 3909 5202 5668 5820 5926 5979 6209 6493 6498 7219 7935 8062 8173 8247 9513 10220 13979 14651 14880 15369 16627 17133 18479 18553 19082 19149 23299 34795 36571 38134 43513 44005 56172 58559 60605 89027 98052 111984
