1000 18 35
583 1454 1913 2766 3472 3487 3881 3992 5238 6730 7175 10191 10623 11090 11384 11530 13532 19637 20428 23479 25124 28769 29146 32360 39046 44871 45880 47227 49813 55459 63686 67216 79089 96294 104045
555 2735 3650 6275 9147 9859 10624 11033 11241 12158 12224 12800 13093 15267 16004 17155 19184 19752 20685 22236 22449 23718 25652 26804 28450 29118 32574 32780 39434 40151 54218 74033 90922 106098 115799
301 807 1482 2213 2544 2772 4601 5432 8271 9106 11880 13750 15451 15536 15594 16214 17252 18176 20803 21693 21839 22593 27486 29451 33433 37875 43010 45013 50741 52098 56014 61844 80053 105955 116442
190 307 522 1640 3130 5930 6220 9219 10532 11228 11461 11776 11996 15134 15949 16915 18910 20100 20586 24413 26726 27014 28417 28529 28740 28744 31340 41557 43917 47151 54694 56751 79467 114623 133566
1176 2878 4696 6730 9378 10280 11412 13371 14054 15726 15858 16278 16662 17139 17364 17842 20565 23693 23820 23840 24759 27471 27499 29912 29961 36047 40891 44868 44903 46817 48925 50852 55932 60651 125208
3013 3137 3904 4287 4882 5303 5574 6535 9446 9621 10351 10477 10849 11643 12212 12770 13303 14624 17462 18726 21551 24361 31005 31603 36731 41607 43032 43751 48919 50583 68327 68410 80188 90591 111539
470 1283 2142 2669 3174 3301 6197 7031 7513 9180 10125 10191 11782 16425 16646 17020 17065 19408 20765 21088 22482 22630 24794 29907 33280 40080 44285 48225 53432 64395 65702 67229 69219 69360 122500
193 276 417 967 1384 1979 2381 2716 4907 6012 6444 7669 8428 9645 9718 10207 12953 13721 14797 15076 15154 21362 23937 26588 45883 46757 51169 51695 52095 53639 57888 63298 104811 109328 132460
33 433 677 1868 2306 4959 7104 7759 8569 9376 9410 9728 10153 10326 13803 15143 17531 17859 19101 20427 21898 23143 27777 27810 31072 31276 36014 40662 43529 44382 45701 56959 67290 119285 187378
806 2149 2448 2504 4368 8014 8106 8386 8865 9524 9997 11386 11869 12217 12513 13525 15926 22216 23966 26043 27129 28409 29081 30197 36833 40834 41735 42720 43589 46265 63767 63956 64592 81972 125309
732 1674 1741 5177 5493 6237 9119 9286 10686 11639 11758 12599 14043 14439 14959 16765 18874 19256 20968 21447 23732 24517 25902 32401 35411 35542 44920 46673 52693 66086 68048 68702 71976 74942 85778
247 1556 2086 2317 2842 4564 5849 6442 7590 8821 8954 9032 11728 12707 14130 14687 16188 18353 19778 20129 27901 31588 35668 36641 38037 42545 44394 53281 54334 55095 61242 67209 67445 82414 90970
150 557 781 2185 3024 3993 4221 4223 5879 7122 7577 7655 9866 14082 16902 19316 19645 20549 22520 24585 24806 25820 26221 28399 29364 31534 32700 47339 47425 57492 61537 67694 76927 115937 122193
1206 1577 2563 2671 2932 3521 3564 3762 4104 6132 6345 8416 8527 8636 8943 10413 16322 17834 19455 20904 24607 25762 27002 28603 28680 28946 33630 44630 53717 57314 75053 79051 97791 101277 121629
206 1857 2232 4175 4209 4499 5122 6543 6870 7189 8771 10474 11437 14829 16758 19310 19404 24286 26033 26092 27931 29062 29670 30630 33034 38455 41545 46449 52032 57099 62643 66282 68887 85105 90861
393 998 1892 1933 3072 3479 4378 6439 9453 9610 10871 11154 11796 12178 13321 13483 13672 19596 21855 22430 22694 28157 28454 28895 31940 37068 45456 52180 53634 58598 62564 64934 79628 96254 100724
1753 1780 3733 3913 5106 6706 7086 7125 8051 10638 12491 13639 14657 15577 18666 19767 20062 20949 21650 22586 25492 30656 31809 34381 35456 37312 39745 45021 46845 48556 51238 52742 75404 85401 103761
1587 1896 4317 5624 5829 6429 10544 11958 11998 12778 13055 13727 14474 15197 17958 22459 23640 25402 26428 27576 27922 28406 30900 30970 32528 34788 35874 36989 43250 47784 59653 62049 62841 90515 93104
