1000 24 11
18932 20470 38686 39327 51090 58334 65095 89575 111432 181647 201633
23732 25879 43983 46286 53138 58860 63748 76833 78501 206964 218277
490 2590 38940 51897 53285 76292 76948 89139 120436 174438 230004
39991 46510 47803 58485 66380 80186 95026 95392 118285 134428 165246
282 4517 7186 20220 34823 38599 60970 93932 94424 221460 297337
13632 13802 21005 26513 55471 62922 64165 88982 97282 176778 248340
3123 12035 17378 26081 56521 70032 79057 103496 166693 182670 207544
17209 17906 25842 30337 39153 42978 44588 56445 122096 154551 311098
1043 4583 22285 24190 32952 53514 58574 82183 101545 122511 413015
180 9706 12671 23766 35244 64251 87706 99288 114092 232830 266179
1510 3730 9845 15146 35686 40415 52043 107980 123955 134827 410495
38003 40020 43816 44451 59029 66151 69446 73194 80326 150583 209905
72 4053 8983 20694 26136 27225 70281 116140 148468 216149 309356
8691 11614 16014 23805 40257 69350 94546 119834 140061 141372 223252
12658 17688 25442 39006 44362 59581 96001 111745 133036 145519 199771
11496 20958 33097 39369 50156 60502 71353 72454 80047 118005 342855
9773 14086 26258 30366 39887 54469 83008 105790 114156 182298 237882
3737 16169 16821 18250 25219 26725 34048 103837 106851 213237 322736
1579 4368 49244 50667 60803 78155 78690 136327 145136 151061 188976
2653 4044 4154 5107 7335 98258 103582 110321 124595 165491 239428
2802 6382 24428 29061 33354 69789 71115 109498 128300 156585 279644
9273 26695 27928 47216 47682 47682 50636 114450 125466 209325 221247
4739 10226 15687 16950 22276 33298 73049 119134 157811 165347 248503
5322 19920 24560 25119 35341 47423 71428 81555 156397 198334 217829
