1000 45 6
12773 20833 57678 119711 159226 466427
32557 81683 102911 133768 260648 287942
10907 15687 57684 133920 264552 363861
17057 28914 100647 113032 145750 325444
13194 17337 49768 119026 120291 456790
18183 66591 67877 144814 168406 385591
4599 36585 148814 171084 175040 257148
2069 46836 59279 69491 215629 403502
26642 90392 111211 155635 170127 238261
4750 26737 76586 162997 175390 339474
11960 113272 138682 165961 171504 224542
20935 61905 90258 102564 113929 391024
7160 12748 37094 185256 245129 324635
32078 41416 80868 83921 289071 315713
16084 33448 78036 93958 252782 303312
10940 19443 63456 103315 284133 345383
41058 70065 78525 95512 129694 475041
1743 40816 142445 157195 170671 354726
10183 21763 124032 186720 204577 238511
198 60198 66085 170573 229704 315142
35724 71141 87392 92088 115198 470142
3647 4510 52384 129873 229942 319116
74760 111823 138995 141398 147995 160691
19037 84499 97768 137669 168608 285607
17309 52230 63793 150632 233226 329746
63343 70340 84352 135281 197903 210911
2616 7167 34032 201136 201858 453484
969 9083 33444 68423 317225 329162
54612 110268 145369 159262 199583 200915
38587 89965 143107 157252 224464 244363
24663 33103 147127 197042 210931 273419
12487 20207 38298 91135 153047 415588
5124 53732 72125 93782 147404 372151
12518 22905 53487 140383 207678 441882
45697 46168 97179 197608 213430 220169
26813 56224 72519 170209 191705 218538
6488 41366 123738 144881 239370 297077
54173 86955 118723 133051 159138 339167
14026 49646 85177 144145 248563 283408
34387 46562 46882 63655 200724 344746
6456 64923 67160 179307 213144 233906
13982 65663 130881 157853 189377 305145
18234 89017 99815 160080 193503 252184
5872 90272 99519 164254 202985 272166
395 2061 170391 172457 238521 275741
