1000 36 34
825 1069 1144 1406 2142 2438 4189 4272 10216 12546 12749 12758 15234 18476 18915 20829 21101 22479 22676 29516 29599 31726 36646 37873 38151 40504 42254 44178 45635 50721 51158 64005 90799 139519
489 1678 1979 2940 3624 5433 7865 9327 10286 12350 12654 14624 16173 17737 19095 19760 20425 23506 24307 30279 32187 36041 36943 37147 40118 40742 41159 42609 47776 54697 61679 67199 77037 106103
1021 1293 1986 2002 2157 3901 6918 7099 7335 7359 9993 10958 11991 12830 13208 14553 16671 17637 21087 29095 32381 35362 36198 36260 37067 40396 41605 53348 57441 62952 66787 78677 95306 107701
1496 5164 6082 6886 7483 7814 7860 8521 8541 8709 8831 16398 17116 17992 18929 19890 21543 22123 24801 27007 28505 28703 29495 31920 37314 51193 52445 54894 58059 63197 65549 71046 72688 75326
85 135 4781 5895 6053 8309 9800 10943 12608 14056 14389 14473 14474 15316 16953 17528 17594 19386 22575 22793 25123 26824 32494 34792 41716 46517 48644 55686 63505 63610 64879 68189 78433 88058
5480 6175 6567 6692 7958 10886 12318 12479 12649 12951 14813 16937 17091 17964 18572 18789 18966 19016 19133 24023 24500 25509 29145 30277 30998 33860 38386 39326 44144 49189 55898 61719 105801 132625
551 824 942 3072 4264 5023 5856 8156 8796 10792 11258 12369 12969 13493 15380 18112 20248 21391 21539 23860 25660 33354 33484 35384 35773 39867 42597 42677 53506 54074 63665 89237 93239 111489
730 2470 2639 2958 8576 8760 11489 11489 12766 12839 16921 17968 18461 20071 21870 21914 22612 23837 24456 26513 27227 29415 30066 32829 34093 39292 49414 52631 56995 64073 66650 68234 70450 74923
239 857 1109 1620 3528 4592 4887 5036 5235 5537 8841 9029 13413 14685 15540 17071 20819 22813 27264 31173 31721 34046 37831 45082 45514 46815 48273 49667 58204 61098 61404 69491 81638 85488
145 574 801 3714 9324 9371 11054 11062 11120 12729 14019 14222 14659 16235 16770 19142 19240 20066 22171 23585 23810 23977 27197 31127 31400 36674 38544 39788 42331 44266 51642 69012 120978 136623
80 1694 2052 2487 2517 2548 3878 5574 6934 7123 8884 9320 9474 10114 10432 12030 12269 17639 18224 18305 20535 27183 31638 33015 34168 40521 45278 45970 49194 64180 73041 90765 101236 155326
2479 4714 5014 5295 5696 7280 7284 7417 7874 9306 9672 10203 11101 12499 14009 20317 21414 23729 24983 26305 26748 29421 33129 37117 38372 42498 42804 43746 49244 61469 62636 82575 93356 107845
454 546 643 1128 1154 1772 3165 4534 6550 9789 10160 10929 11260 13905 14374 16160 16925 18052 18637 18966 23119 24937 26616 26933 30925 31013 37530 54277 59272 62629 64012 90965 117618 148489
245 1589 1935 2009 3736 4480 6053 7211 7560 8866 12475 12787 13717 16792 17892 18172 20803 22075 23609 25333 25601 26909 27121 33752 41842 50364 53912 56247 61475 67069 70980 73503 75591 84813
1162 1186 1200 2487 3381 4991 7021 9239 9577 9656 10239 13199 13447 14262 14870 15020 16771 19892 28090 30203 33463 33548 33828 41010 41508 44486 46445 47170 49040 52825 61442 73260 94239 107782
2832 3043 3659 5815 5824 10411 11778 12881 12963 13435 14589 14871 15300 17154 20204 20430 27248 27431 27628 30291 31599 33025 33237 34471 36564 36601 36897 50596 51872 53675 55164 64004 81290 91246
151 322 1427 1934 2242 2278 3114 4005 4926 5327 7233 7829 8212 9127 10050 12784 13194 14423 18246 25177 25288 29778 31068 34493 35165 36575 40331 42404 48380 72854 74376 78019 130498 146480
963 2350 3330 4331 4821 5020 5724 6100 8126 8191 9314 10057 11027 14519 17013 17148 17629 17647 17795 17855 22131 27704 27723 29430 36151 40077 46073 47424 54082 77205 78182 80517 98155 102840
74 138 2139 3926 4899 5855 6238 6667 7981 8295 8793 9772 10219 10715 11275 11549 16281 17443 18405 18843 23535 23843 26116 30625 36176 44806 44864 55390 60079 73122 75321 91093 97891 126030
103 1422 1612 1695 2819 3800 4852 5573 7910 8039 12718 13664 15218 15445 16031 17798 17844 19037 19207 21866 22085 23699 30646 30825 32664 34504 40188 50095 51861 55497 63223 79491 92126 157013
350 1930 2357 3709 5236 5579 6658 8398 8507 11845 11899 12144 17188 17442 17744 17962 19562 20534 21619 27514 27752 28565 30012 31317 31728 36191 37234 37770 54378 56063 58060 79095 99115 129888
369 464 1030 3417 4357 4843 5633 6046 8133 13225 15301 16659 19374 19682 20744 20835 25719 25861 28639 31714 33446 33976 41407 42549 44147 44342 45544 48059 48351 49793 53980 57177 70821 97750
879 1068 1263 2468 2722 3813 4076 4535 6465 10072 11589 13561 13810 14441 14910 17098 18425 20161 27191 28668 30162 39568 40038 43062 45866 48216 48473 50397 54655 56814 62893 64766 69123 103577
625 2011 5814 5989 6413 6467 6776 6906 7624 8030 8161 8714 9997 11162 13536 16220 18107 21501 22940 23550 25659 25700 28311 30614 32437 34994 41858 48563 59092 71790 72029 96012 99060 110110
155 1905 3487 4457 8313 8498 9275 9576 10943 11657 12190 14705 15334 15818 17720 19176 19971 23699 24339 26296 27238 27778 29248 30723 34124 35248 37330 39670 46754 59229 60604 84272 97251 109080
725 756 1825 4366 4650 4851 4999 9143 9581 10621 11256 12513 13828 16865 18703 18947 19847 19917 22574 22651 23924 25425 25614 28505 31377 34963 36057 36779 41014 45369 76621 96298 104796 135773
1107 1348 3045 3790 5805 7729 8063 9337 11268 12333 12352 12817 13110 14799 17073 18726 19868 20383 21559 21699 22266 27070 29228 30272 36961 38439 43276 57023 57089 63427 76379 81228 82853 95823
149 1007 1077 1716 1807 2480 2995 3492 5131 6501 10228 10589 11260 14380 18871 20465 24110 25611 26088 28923 30262 30635 31853 32674 35600 36843 37256 41640 43110 50980 53312 83914 89924 152122
144 3569 3733 4106 5112 6345 6640 8010 9088 17586 18162 19397 20424 23359 23580 23825 24628 26132 26927 27241 27965 28239 34849 35816 35965 36070 43520 44973 48820 56256 60682 62147 75051 95134
2961 3783 4205 4284 5055 5314 6219 7171 9711 9781 12852 13205 13343 14428 19370 21931 24255 24403 26527 28347 30181 30736 32968 33180 45296 46324 46817 48656 51075 53595 58211 71364 84572 96742
779 1230 1802 6249 8052 8063 9339 10701 11344 11654 13325 15012 15225 15569 17183 18582 19012 21135 21599 23326 32594 37109 37871 38628 39122 39924 40408 43799 47399 56177 68000 69592 73503 107126
46 394 632 971 1807 2803 4477 5063 5822 6212 7134 8616 9836 11567 12449 18328 18506 21335 26139 27970 28445 30334 32146 33819 37567 44709 45004 46410 54799 73242 76818 85258 85403 113090
82 290 920 3830 5361 5987 8079 9424 9477 9761 10095 14163 15761 16956 17145 19465 21124 21620 22272 26447 30268 34034 40495 45527 46620 53066 53647 56028 56146 57765 58852 59186 66447 87992
526 1194 1576 2567 3095 3240 3327 6123 6821 9327 10007 10750 12896 13228 15145 15486 16307 18260 20667 21021 24577 24964 26575 27356 32614 33431 37736 52727 62607 69386 75501 81952 107657 126488
2263 3284 4334 4392 4513 5028 5415 6423 8470 9591 10880 11351 11387 16694 17736 17871 19212 19333 23028 24913 31777 32854 34552 36699 46511 48116 48274 48699 50780 51254 64657 73235 94215 98197
1244 2396 4920 5462 6620 8209 12206 12332 13028 13147 13387 15284 16463 18545 21410 23309 24913 25489 25989 26442 27705 30040 32771 37120 37762 39001 40261 50913 51279 53988 54956 63546 70644 98258
