1000 34 43
765 1127 1933 2678 3198 4148 4197 4625 5206 5629 6035 6566 6913 6999 7550 7562 9978 10588 11377 12247 13005 13734 14403 15228 15895 16350 17552 21884 22154 22701 23046 23089 23593 23752 27457 28204 32166 32906 38493 38564 41600 42318 50134
616 618 689 850 1059 1326 2366 3984 4794 4822 5470 5725 6324 6628 6815 7023 7641 8819 9071 9553 11984 14279 14389 18499 18642 19453 21543 21832 23976 27975 29189 29280 31442 31988 33856 37775 39377 42040 46473 46864 49049 49619 66892
883 2247 2511 2833 3508 3515 3955 4416 4671 4703 4776 5695 6490 7145 7995 8932 10293 11339 11508 12487 12816 12958 13615 15522 15940 16576 16996 17908 19383 19854 21064 21743 22546 24511 26334 28127 29446 33511 34871 39134 39260 39590 61180
258 1627 1922 1954 2606 2664 2937 3895 4060 4154 4458 4555 5234 5394 6329 6525 7108 7595 7621 8292 8928 9700 10734 12859 13675 15369 17367 17794 18681 19235 19280 19387 19488 20634 22974 35195 35430 39584 43222 45258 50926 70656 75694
1625 2045 2382 2688 3506 3756 3957 4292 4298 6489 7194 7686 8369 8619 8739 8855 9361 10092 10419 10741 12452 13118 13273 13600 15311 17506 18115 19926 20546 20882 24067 25248 29499 29929 32859 42999 43399 45243 45999 46208 50004 53281 70772
200 232 416 507 512 556 573 2003 2310 2403 4204 4341 4581 4594 5304 5367 6803 6848 8309 9262 9765 11084 11307 11730 13704 13892 14452 19492 20315 20939 27189 27578 30274 30293 33964 34431 35153 36305 36991 57817 63281 63821 65385
68 568 1919 2226 2457 2641 3778 6428 6497 6983 7444 8383 8499 8755 8980 9017 9608 10282 10516 10740 12472 12580 13245 14654 15630 16003 18367 19684 20419 22761 23674 23724 25283 26476 27275 30408 31481 32941 34751 42658 44433 49305 53808
32 751 999 1240 1991 3975 4300 4532 4916 5299 5952 6437 6910 7271 7762 8501 8638 8735 8842 10124 10495 12117 12315 12489 12951 13121 15833 17040 18682 19356 20838 21707 22122 22217 24093 24500 24689 34747 42501 43717 53092 65284 96113
211 854 921 1360 1781 1958 2817 3133 3185 3249 3459 4666 5121 6424 6660 6722 8073 8237 8355 10315 11302 11979 14723 15068 16129 16151 17481 17590 18128 18602 18921 28883 30324 34105 36815 37053 40255 42551 49188 55197 59579 61477 79508
882 1108 1654 1864 2053 3380 3425 4457 4529 4899 5317 6630 6871 6953 7120 7205 8092 8689 8966 9463 10335 10506 13981 17561 17598 17693 17982 18281 19000 20606 24562 25548 27081 27358 27812 31692 32863 34577 35083 36079 44657 47453 72675
166 240 712 1838 1979 2452 2827 3691 3805 4080 5445 5991 6750 8823 9504 9853 9931 10117 10710 11540 12995 13995 14636 15120 15825 16070 16624 17910 18156 20564 22638 23014 24648 26016 26291 27495 28051 30566 32690 38196 75295 85070 107607
249 347 1390 1859 2435 2842 3463 4428 4480 5382 5909 9452 10910 11096 11143 11836 11964 13204 13261 13850 14340 14517 14944 15986 16497 17616 18630 19251 19619 22853 23088 24760 25259 28586 28979 29358 29685 45270 45346 47268 50460 61614 70826
731 960 1447 2053 2626 3030 3568 3743 4302 4777 5446 5627 5676 6518 7745 8171 9118 9817 9930 9944 11601 14283 15308 16702 17502 17582 18261 18609 18672 19605 20721 21528 24268 25879 28712 30872 31914 36955 37828 39110 56903 59230 61768
329 862 938 1369 2563 2572 2855 3722 4092 5070 5328 6209 6780 7258 7489 8752 9387 9482 9708 10179 11482 11789 13859 14168 17721 17971 19954 19973 22611 22625 23680 24304 24960 25478 25981 27112 27500 29523 34698 39728 44627 57411 72866
501 960 1735 2603 2615 3403 3562 4070 4299 4422 4445 4829 5744 5806 7360 8499 9124 9951 10169 10617 11529 12933 14118 14153 14790 14914 15597 17361 18180 18803 20242 20709 21328 26731 30396 31184 34716 34759 43695 43893 61286 61569 68177
1061 1160 1850 2005 2886 4127 4817 5731 5808 7083 7209 7529 7544 8092 8790 10307 10373 10928 11220 11641 11825 12778 13246 13896 14331 14708 15357 16530 20105 21086 21562 24091 24251 24632 29444 39354 39675 40486 42387 46529 49582 56090 66988
226 401 711 1372 1557 2579 2906 3452 3658 4631 4704 4923 7999 8051 8456 8497 9006 9106 9508 9981 11302 11684 12724 13449 14199 14636 16583 16911 18557 18578 20263 22273 22404 23839 28427 30894 33212 38867 42744 51452 54492 61291 74695
11 441 1052 1619 1848 2552 2907 3035 3147 4347 4723 7041 7737 7953 8825 9044 9126 9527 9648 9770 9939 11375 11567 12437 14751 17768 18316 21317 24915 25767 27797 33061 35141 35410 35795 38263 38641 39244 49361 54045 57615 67152 67595
542 1679 2241 2256 2614 2826 3786 4935 5420 5756 6785 7129 7801 7932 8130 10423 10671 11601 11604 12007 12508 13439 13586 14904 15208 17103 17375 17955 18397 21809 23780 27083 27401 30938 31500 31743 39267 46603 51487 55718 58479 69367 87041
571 1666 2292 3340 5695 6411 6674 6746 7311 7380 7503 8036 8481 9077 10264 10418 10524 10914 10993 11388 12038 13803 15933 16444 17237 17610 17823 22442 22975 23404 25086 25764 26023 26523 26544 26873 34045 37394 43207 43482 45026 92594 92844
358 836 840 1215 2029 2230 2352 2628 3059 3868 5146 5580 5780 7164 7562 8817 9287 10742 12921 12961 13029 13201 15303 15638 15639 16045 16652 17211 18525 19226 19479 19831 21356 21920 22966 26803 33578 49997 50492 50715 60211 74574 74980
147 328 1397 1944 2606 3158 3407 3576 4290 4829 5567 6292 7227 8206 8930 9945 10378 12152 12172 12951 13923 14156 14222 17153 17301 18137 18362 18689 23225 24433 25448 25566 25822 31315 31939 33818 36908 37006 37457 42317 43540 44068 51367
562 668 986 1022 1193 1299 1435 1683 2528 2753 2893 3057 3595 4501 6415 7495 7633 8964 10434 11126 12218 12606 16094 16349 20073 20804 20898 21551 23026 23666 24947 25532 27042 27565 31033 31615 32527 35222 37518 38481 69695 70065 83418
63 1411 1717 3014 3104 5204 5516 5845 6029 6113 6217 7651 8007 8369 8848 9219 10173 10673 10717 10753 12139 13773 14292 14301 14648 14655 16790 16845 20638 22525 23567 24231 24412 27114 28899 29421 30376 31923 34753 40370 53839 78999 85852
317 382 791 1221 1846 2041 2083 2384 3479 3599 5577 5615 5714 6018 8194 8700 11390 12580 12591 14329 15043 15136 15160 15430 15914 16844 18629 19489 21013 22527 23017 23116 24251 26613 31267 34452 37476 41720 43105 43853 47238 55198 97458
122 425 605 666 904 2952 3645 5761 6030 7144 7362 7502 8870 9174 9352 9436 9727 9847 10990 11612 12590 12660 13016 13682 13815 14218 14931 18350 19378 19907 20013 21918 25668 27297 31697 35048 35496 40696 42117 45028 51471 58874 66594
444 758 922 927 1470 1951 2633 2703 3051 4445 4994 5137 5409 5699 5784 7223 8118 8776 8864 10871 11586 12979 13183 14517 14732 16175 16188 16978 17198 18160 19023 20639 22926 23283 24559 29190 40464 45481 50609 54127 54819 61780 65089
530 890 1398 1413 1717 1762 2212 3133 4682 4829 5190 5566 6246 6589 8454 8487 8676 9252 9597 10039 12499 12712 13551 13665 17075 17520 19313 19889 23814 24148 25279 25782 26346 26797 28094 28164 28515 29665 31991 35208 54588 55862 56849
436 1069 1665 2122 2259 2321 3144 4949 5707 6054 7332 8247 8273 8522 8602 9031 9119 9562 12058 12566 14831 15474 15833 18234 18898 21062 22510 23205 26621 28830 33299 34332 34654 35945 36573 37104 37412 39491 43210 49678 50763 53765 54413
301 913 1971 2098 2859 3467 3996 4850 7039 7110 7222 7245 8597 9840 9842 10459 10931 11098 11729 12641 15727 16177 17095 17178 18623 19865 20646 20665 23880 23883 24748 25696 26298 26998 28788 29168 29263 31112 37411 43694 45945 53753 68474
98 1386 2065 2125 2452 2675 2714 3975 4109 4304 5861 6376 6800 6824 7870 8140 8148 8545 9143 10567 11409 11454 13063 13235 14220 14391 14548 14699 14896 15542 15726 16918 18121 22016 24033 28304 29544 40612 43440 44816 50463 62519 65375
299 1124 1343 2031 2564 3512 3594 4362 4502 4990 5227 5304 5332 5422 6072 7629 8620 9053 9567 9630 9642 11263 11428 12575 13067 16959 17293 18608 18639 21875 21945 22800 23546 33180 38072 40718 40745 41848 43033 46285 49406 74060 77189
901 1211 1370 2078 2788 2814 3355 3589 3676 5136 5867 7047 7078 8359 9202 10317 10500 10832 11529 11559 13172 13297 15078 16346 20209 20583 21092 23138 24070 24248 25147 27633 28134 30375 32068 32475 34224 36993 38696 41959 51018 51396 89511
664 817 1937 2454 2914 3106 3291 3292 4346 5357 5594 5856 5954 6023 6302 6602 8714 8938 10755 10806 10942 13564 13722 14238 14527 16035 16224 16453 18217 18998 19120 20903 22632 23028 23394 26126 31297 33862 40913 41843 48714 58021 70291
