1000 21 47
1367 1816 1958 3972 4209 5180 6194 6278 6698 7014 7470 7487 8114 8504 8886 9583 9691 10235 10583 12254 12275 13510 13981 14869 15178 19113 19471 20789 22581 24203 24466 25000 25282 25361 25743 27741 32691 32771 34381 34603 39434 40418 44158 47357 51067 55780 75130
194 1346 1475 2295 2586 2885 3943 4204 5066 5507 7164 7212 8331 8385 8636 10161 10388 10708 13085 15087 16550 16780 17466 17859 18087 20641 20792 20813 21540 21977 22102 22197 23592 24065 25176 25232 27954 31179 33235 33882 35601 36579 39368 41592 42255 50525 60551
141 442 2401 2820 2926 3268 3881 4053 4302 4311 5464 5617 6001 6766 9168 9244 9371 10650 11194 13294 13593 13721 14980 15381 15768 15823 16721 16812 18242 18698 20039 20951 21597 22045 23408 25246 25633 30191 37174 39461 41683 44941 45249 56762 62229 77380 84417
380 756 993 1254 1593 2005 2832 3925 4081 4221 4391 5284 5341 6812 7053 8277 8778 8919 9132 9981 10025 11377 12627 13055 14208 14751 16336 17551 18330 21332 21637 22356 23019 24300 25261 26665 30410 31546 31889 32458 38013 38705 42891 43332 45852 82483 135188
61 221 350 980 1578 2060 3489 3890 3998 4024 4395 4512 4928 5010 5018 5282 5993 6900 7845 9627 9699 10179 10750 11933 12151 12579 13328 13775 14263 15615 16037 16897 18104 23301 23814 28892 29706 33076 39129 40105 42856 48878 54235 60667 67250 68969 73715
684 846 1531 2021 2335 3162 3258 3431 3557 4178 4586 4603 5064 5410 5450 6005 6548 6763 8463 9392 9813 10416 10673 11008 11171 11327 11814 16598 17565 18783 19625 20255 26453 26962 28597 32023 33038 33147 39230 39979 42877 44358 48468 50547 58145 78502 83043
37 627 1081 2049 2364 2436 2985 3450 4002 4474 4535 4697 5814 6919 7477 7833 8211 8230 8338 8822 11516 12306 12801 13363 14562 14901 16114 17436 18300 20790 21423 21925 24977 26441 27598 27723 30618 33361 34133 36410 36481 36779 52349 56844 66517 70256 96101
141 200 390 487 980 1011 2042 2253 2309 4225 5081 6304 6565 6906 7082 8049 8532 8749 8759 10309 11321 11321 12123 13459 14566 16977 17259 20968 21963 22085 23857 25130 25193 25829 26968 27343 34778 35524 38815 38945 39091 43032 49110 52812 56202 60230 78304
37 472 651 674 1689 2351 2499 2655 3794 3929 4401 4976 5397 6027 6058 7216 7227 9669 11308 11785 11860 12145 13636 14784 15003 15382 16759 16972 18776 19121 22562 25999 26388 26430 26654 26825 27007 32519 33902 37150 40347 54197 59998 63027 63225 66833 77748
1236 1386 1893 2060 2460 2857 3799 4347 5319 5675 5846 7421 7822 7891 8076 8486 10693 10845 12357 12806 12942 13142 13926 15233 15250 15879 16247 18272 18293 20741 20872 20949 22373 24369 25127 25858 25931 28083 29782 30329 32805 36404 38186 39096 54535 78613 114456
194 381 907 1017 1556 2146 3241 3545 3945 5251 5762 5994 6403 6642 8955 10007 10407 11286 11827 11930 12895 13110 13238 13954 14499 14874 15734 18508 18933 20607 20618 20897 23959 24839 25038 25420 28061 30728 35609 36855 37704 53287 53448 58372 65236 73995 74681
664 776 1088 1137 1231 1819 1939 2134 3616 4137 4566 4732 5258 5763 5843 6141 6802 8762 10886 11328 11563 12416 12557 13293 13404 14992 15313 15667 16209 19086 20073 20175 20310 23014 23473 25494 27283 28776 29899 35402 39717 41623 48813 62245 68192 75381 92627
212 1074 1279 1313 2448 2745 2874 3034 3954 4291 4719 5763 6411 6462 6889 7308 7599 7611 7930 8314 11978 12844 14862 15738 17737 18290 19057 19248 20296 20367 20559 22094 22334 24026 25608 25629 28038 29679 33747 34966 37613 42527 48015 48394 55653 74579 78207
118 130 789 1994 3250 3733 3975 4491 4701 5174 5876 7089 7405 7602 7874 8159 8275 8488 8535 9822 11160 12069 12286 14796 15582 15636 15774 17157 19662 22573 23550 24128 24830 25022 31021 32616 35018 36558 38322 40780 42863 46503 47097 51585 54895 56364 82394
1216 1560 1603 1772 1931 2554 2804 3692 3926 3971 5747 7529 7663 8441 8489 8665 8900 9708 11432 11926 12044 14507 14935 15353 16885 17731 18463 18472 19505 21176 21251 23643 24269 25138 26536 30845 33462 34519 37209 37590 38020 42750 42928 44137 57651 60652 63845
151 482 869 1208 2175 2256 2260 3896 4347 4790 4984 6044 6175 7210 8155 10767 11077 11257 11536 11874 12271 12320 12414 13194 14268 14550 14671 14700 15921 16521 16821 20198 22474 27185 27376 27895 31737 33125 33570 34177 37026 38033 42226 44611 58902 79351 92112
523 611 652 1159 1169 1216 1541 2391 2618 3730 4428 4593 4958 5037 5452 6624 7004 8284 8383 10942 11584 11883 12135 12735 13347 14707 14927 15337 16396 16435 16846 18987 20091 21299 23246 23451 28281 32432 39637 40801 43269 44985 48729 56772 61567 76042 94722
414 1130 1335 1464 1588 1676 2196 2231 3809 4318 4576 5099 5107 5579 5979 6267 7403 7463 8539 11918 12304 12536 16334 19063 19552 20800 22496 23128 26312 27944 28140 29190 29970 30240 30524 32355 33316 35545 39994 41493 43029 44653 46625 46791 49757 54972 55885
930 1495 1803 1871 1912 2298 2343 2780 2871 3278 3295 3345 4161 4292 5577 6178 7374 8413 8873 9591 10592 12847 13739 14164 14622 15463 16448 18260 18819 19659 23045 23208 24270 24273 24456 26645 31012 33556 36528 37052 38793 38928 40380 57648 62663 67738 71899
550 796 1078 1317 1335 1790 2496 2575 4622 5276 5689 6964 7284 8339 8463 8587 9462 10239 10910 11790 12565 13618 14851 15507 15764 17312 18512 18813 19694 21168 21199 23318 24954 29332 33523 34624 36230 36286 36796 37086 38745 40935 44614 48104 55377 57554 63183
122 561 1344 2462 2985 4683 4966 5885 6151 6640 7537 7730 7748 7803 7805 8099 9130 10319 11553 12308 13197 13229 14468 14857 15383 15575 18548 19566 20024 20139 21774 23089 24008 24418 24450 24693 25157 27844 31755 33529 35928 41744 43717 44333 46850 47838 129935
