1000 40 50
145 1465 1492 2016 2228 2531 3336 3378 3842 4677 4969 5235 5537 6340 6551 6872 7080 7195 7483 7959 8117 8365 8535 10351 11257 11740 11838 13037 13607 16919 17114 18340 18601 20234 21117 22765 23253 26176 27277 30158 33122 34664 37775 39335 40097 49100 50609 56583 57327 63478
132 278 571 778 2071 2216 2392 2424 2441 3049 3379 3486 4412 4599 5480 6224 7595 8828 9131 10114 10441 10498 10500 11263 11878 12235 14610 15836 17515 18296 19128 20510 22244 22977 28299 29265 29792 29899 30218 32999 34042 34946 36287 38075 40173 45563 53675 53799 56015 58304
112 340 552 614 1148 1761 2781 3676 3745 3818 4142 4384 4673 4683 5987 6080 6667 7855 8352 8676 9514 11119 11300 12088 12217 13234 13310 14432 14483 16223 16712 16886 17075 17625 19287 19493 21746 22629 23387 24105 24461 24498 28624 30325 39613 40175 42531 61943 78198 123010
619 1597 2037 2972 3082 3113 3257 3430 5059 5773 5792 6068 6296 7274 7514 8289 8307 8335 8871 10274 10489 10791 10906 11323 13545 15031 15495 16824 18151 18312 18364 18797 19191 19798 20147 21613 21637 23364 23815 24582 27200 27881 31045 33801 36854 37117 48278 50820 59391 64139
1451 1691 1783 2000 2053 2191 3362 3584 4515 4671 5772 5797 5992 7509 7538 7589 7647 7795 8608 9393 10414 10701 11850 12142 12298 12956 13208 13944 14546 16031 16867 17575 21908 22107 22161 22417 22848 28026 28465 28744 29520 30198 36200 40654 40997 42588 50134 57090 68441 95247
149 502 1389 1601 1880 3357 3409 3438 4105 4403 4440 4884 5543 6058 7772 7816 8147 8337 8610 8754 9062 9676 11049 11697 12543 12635 14401 14788 15702 16398 16429 18528 20824 20855 22132 23763 25087 28408 31303 33672 35845 35947 36426 37041 38615 42458 49250 53775 58631 59478
33 669 967 1178 1269 1616 2047 2726 2772 3055 3417 3729 3851 3998 5368 5563 5946 6136 6513 9982 10023 10183 11109 11753 11836 12635 14449 15906 18157 18819 21406 21820 22550 22902 23758 23801 26343 29480 29540 30440 30670 31626 37358 38132 38477 40832 48922 50205 65486 67928
10 353 407 1308 1347 1589 2466 3097 3709 3780 3885 4131 4347 4556 4734 5092 5281 6041 6918 7891 8215 8489 8740 8854 9461 11948 13224 13549 14073 14488 14686 14690 15060 16752 17249 18333 19828 22383 22560 23559 27103 28818 35129 39068 48899 52991 53790 67464 78966 93801
1449 1698 2227 2638 2717 3018 3263 4120 4403 4408 4459 4542 5589 6036 6202 6352 6388 6441 6587 8604 8821 8927 9984 10999 11117 12793 12939 13021 13745 13980 14674 14890 18372 19048 19250 20028 23126 24299 27602 29183 30903 33562 39320 40109 42626 45387 49796 61353 70673 84275
836 1047 1284 1293 1353 1382 1715 1887 3001 3553 3757 4156 4311 5803 5803 6501 6504 7637 8190 8831 9284 9776 10137 10527 11053 11728 12311 12932 13245 16202 17300 17904 19336 21057 21787 23191 24635 26845 28114 28395 29633 31511 32350 38479 38950 40888 48345 56384 62940 78350
14 200 747 807 1427 1504 2133 2330 2574 2818 3098 3662 4023 4167 4380 4769 5293 5304 5417 5704 6121 6152 8169 10531 10935 11295 12017 15438 16670 17877 21267 21308 21720 22203 23253 24851 27496 28155 28946 29484 32529 33215 33575 36576 43211 43326 49582 52582 56415 71680
165 512 955 1390 2115 2584 3920 4558 5133 5799 7417 7535 7975 8312 8447 9562 9769 9833 10622 11149 12726 13185 14772 15627 18040 18455 18527 18635 18740 19270 19880 19918 20525 21759 21760 22411 24673 24979 27115 27880 28627 30382 31306 32780 33879 35544 43559 45796 61792 83508
640 1540 2470 2534 4071 4538 4624 4786 5070 5238 5323 5336 5475 5501 6290 7421 7727 7727 8424 8604 9757 10188 10215 10219 11255 12764 13266 13408 13483 14102 14528 14854 15543 15885 17811 19670 20731 22707 22931 23153 33986 37285 38454 38838 42733 49388 52828 57056 63650 83967
58 204 421 446 1113 1638 1809 2817 3620 3773 3777 4826 6047 6973 7049 8010 8832 9151 9249 9494 10154 11202 11504 12369 13530 14203 15262 15506 17598 17880 19589 20151 20480 23097 23184 25441 27117 29349 29694 30245 30502 31784 33140 34499 35643 39907 41856 52830 60509 80871
984 1107 1112 1649 1663 2074 2761 3347 3659 4238 4328 5088 5121 7873 7931 9366 9396 9489 9626 10659 11430 12864 13983 14209 14216 14298 16478 18465 19223 19299 19826 20029 20848 21750 22255 22728 23251 23549 24627 27848 28137 28713 29446 30569 37486 37585 40302 46453 56952 60391
586 937 1383 1589 1992 2004 2259 2406 2690 2972 3285 3315 3575 4547 5531 6238 6518 6968 7320 7486 7970 8116 8622 9763 10066 10366 12086 12399 13532 14337 14511 15836 16473 16602 16719 17056 17270 20407 21494 21593 24154 35381 42099 42535 44471 52330 61349 70742 79659 92114
300 1483 2665 4238 5040 5069 6016 6650 7011 7344 7511 7855 8961 9469 9625 10883 11346 11780 12146 12297 12716 12725 13258 14497 15346 16056 16624 18403 19664 19690 20027 20104 20510 20761 21519 22413 25288 25561 25563 26205 26714 28166 28587 30027 32101 34858 35044 43660 50119 82902
6 92 2943 3005 3043 3169 3678 4056 4241 4381 4762 5948 6152 6904 7251 7450 8040 8245 8777 8823 9190 10215 11170 11202 13599 14348 16009 16412 17848 20153 21452 22155 22893 23071 23665 25812 26250 27693 28444 29137 30468 30652 34087 34335 39317 42149 43379 43748 49298 114983
26 106 357 501 944 1411 2319 3010 3040 4413 4469 4525 4798 5314 6658 6935 7304 9471 9680 11355 11754 12464 12781 13427 14549 14589 15251 15597 16110 16531 19172 20864 22067 22769 23420 23686 23831 25587 26277 27705 29017 31239 33850 38216 38660 41321 42048 50899 65491 77535
13 482 1140 1569 2195 2296 2618 2854 3820 3936 4049 4270 4653 5842 6575 6836 7073 7446 7544 7738 8264 8872 9146 9513 10798 13391 14153 15741 17324 18569 20160 22694 23349 24671 25762 27130 27575 28621 29183 31552 33771 34755 34815 35010 35446 37254 48698 60887 62561 64348
275 308 489 588 590 2004 2601 2642 3166 3321 3959 4572 4574 4584 4928 5932 5945 6850 7434 7606 7816 11024 11671 12147 12757 13358 14676 16006 17340 18945 20106 22342 22363 22604 23393 23727 23876 27465 28599 30215 32310 32504 37948 41600 42468 44217 45559 53195 64872 78887
921 997 1673 2046 2888 3135 3891 3981 4162 4766 5819 6103 7160 7562 7955 8223 8314 8323 9838 10471 10741 10898 10987 10997 11326 11463 12281 12587 13073 13557 13781 14991 16408 16793 18672 22422 22884 25583 26242 30501 30730 30971 34282 34870 49192 51829 56791 57275 60613 66035
10 606 1026 1105 1177 1327 1950 2060 2251 2701 2971 3082 3227 3693 4085 4213 4692 5262 5644 7052 8193 9216 9370 9423 10344 13023 15078 16473 16591 16908 17994 18199 18643 18924 19194 20098 21391 23054 24592 27810 28538 31160 33714 37069 40410 48235 56427 61082 65312 103893
133 259 509 1446 2175 2855 2872 3244 4343 4952 5923 6672 6854 6897 6982 7343 7489 8584 9116 9136 9294 10546 11335 11416 11918 12620 12759 14393 14732 15547 15619 19641 20234 21923 22637 23588 26313 27209 27845 30318 31360 31709 38944 39699 42255 43763 45762 57646 61730 70959
270 848 1365 1503 1825 2438 2783 2847 3240 3335 3349 3884 3906 4081 4451 4685 4829 6618 6991 7306 7682 7919 9446 9484 9730 10152 11330 12244 12831 13241 13311 14610 19480 21903 22143 24495 24930 25599 26811 28479 29302 32174 33239 47662 58103 65419 68340 68452 70896 76275
1320 2198 2348 2371 2795 2932 2977 3193 3599 3600 3702 4593 4706 5126 5275 5946 6155 6848 6866 7100 7996 9966 11311 11713 12487 13356 14325 14846 18766 19431 20264 20577 20928 21156 22140 25903 25995 26466 27381 29492 30539 33831 33904 34115 37789 48815 53844 68887 69066 74402
813 1163 1325 1650 1775 2362 2513 2688 2795 2861 3255 3376 3590 3666 3837 4208 4287 4508 5050 5876 6626 8076 8552 9560 10748 11497 11946 12588 13015 13805 14625 14957 15230 16088 18489 19340 19862 27710 30370 30585 32852 33008 34915 37803 38948 41353 50090 64888 71365 115818
169 294 334 479 665 776 823 1284 1556 2206 2291 2365 2491 3505 3866 4400 5711 6107 6564 6579 6786 6903 7096 7212 7394 7924 8096 8823 9981 10075 11046 12880 14459 15500 15928 16286 16953 17728 26407 26809 28590 30350 36569 38688 49150 50363 50779 54399 103642 135848
321 1234 1319 1360 1386 1599 1816 1963 2155 3400 3467 3561 3926 4542 6953 7169 7580 8065 9233 9528 9529 10590 11188 12483 12578 13728 14473 14717 15474 15775 16054 16523 17955 20435 20622 21867 22213 22670 27907 28324 30409 30854 31834 37741 50274 57915 59273 64199 68703 72100
588 841 953 1150 1371 1516 1574 1977 2453 4516 4518 5095 5111 5624 6828 7608 7922 8194 8900 9021 9312 9389 9597 10557 11665 11864 12217 12536 12756 13405 16188 16272 18449 21358 22662 25972 28977 30006 34575 34789 34845 37208 40312 41412 44025 45230 53229 63876 63993 73990
58 424 702 1785 2748 3182 3200 3371 3372 3570 3941 4150 4352 4693 5403 6396 7655 7766 8295 8340 8597 8903 10452 11367 11936 12600 13816 13865 14606 14864 15324 15541 16263 16981 19777 25066 29441 31527 32861 33887 35071 35916 35965 36569 41505 42120 44056 44928 59766 104655
182 209 237 245 328 671 802 1038 1186 1253 1417 1798 2539 2831 3417 4415 4814 5543 6738 6922 6976 8432 8788 9595 10234 11550 15380 15748 16231 18492 19107 19349 21042 24366 25058 25178 26050 27373 27432 27846 30249 32702 33353 33755 35503 45127 48518 53002 55773 97635
5 637 1953 1959 2195 2256 2358 2492 2952 4130 4349 4974 5403 5732 6498 6663 7489 8084 9372 9524 10302 10881 11287 14151 15964 16023 16513 16984 18108 20517 20818 20831 20851 21866 23624 23968 25309 25845 27188 27518 28248 30011 32525 34483 35967 42232 48078 51488 54708 55918
616 703 726 984 1003 1315 1401 1534 2191 2765 2784 2948 2988 3443 5132 5329 5602 6157 6774 6988 7210 8254 9276 9982 12747 13008 15902 16557 16939 18407 18549 18913 21159 22276 23300 23309 25092 28271 28507 29037 30250 36080 36478 36696 41739 50840 51243 54769 64743 89698
270 475 622 1267 1272 2184 2262 2783 2791 2887 3015 3877 4063 4115 4240 5610 5638 5852 7206 7540 7763 8288 10758 12125 12330 12579 12799 13078 13083 13691 13832 14887 15669 17275 17480 18576 20771 25766 26999 28896 31155 35430 36045 36132 40033 40396 43475 44391 91312 103460
225 952 1021 1337 1502 1513 2016 2123 2800 2925 3011 3288 3987 4178 4520 5027 5224 5816 6371 8439 8653 10502 10754 12460 13146 13314 14087 14522 14634 14693 19392 22064 23816 24451 24994 26088 26536 27008 27095 28398 28762 31737 31802 35092 39646 45758 50459 53302 58716 71928
296 298 1722 1753 3050 3415 4071 5048 6116 6215 6454 6586 6885 6950 8118 8139 8485 9940 10434 11746 12141 12199 12376 13272 13503 13761 15816 17394 18018 18759 20243 20597 21273 22115 23372 25006 26178 26678 28130 28370 28684 29768 32172 33326 35542 36525 42348 44944 48866 51834
34 422 428 807 815 1299 1723 2143 2309 2732 2927 2976 3667 3688 3707 3859 4409 5063 5267 6375 6531 9171 10002 10196 10878 12592 12742 12964 13314 14732 15880 18596 20968 21640 22265 22863 24159 24183 24565 29820 32314 43845 46202 48765 50499 51695 59797 61659 62915 82111
81 517 577 579 1506 2509 2515 3115 3445 3472 3905 4565 4864 5241 5511 5977 6499 7437 8176 8269 9346 10119 10609 13444 13722 13918 14058 14383 14522 15812 16295 16344 17568 18606 20268 20798 21919 22491 23115 23654 25676 27001 27472 30830 34547 37147 39489 53356 54962 154214
454 473 1009 1227 1616 1930 2504 2589 2640 3516 3929 4852 6320 6590 7529 7734 7915 8105 8246 10164 10216 11029 11076 13049 13407 14360 14814 14917 15788 15807 16288 16771 21769 23634 25756 26888 28897 29840 30773 31091 33732 35037 35922 36447 44879 47211 49876 54587 60755 61331
