1000 14 36
322 1537 1616 2875 3414 4109 4535 5890 6423 7235 8685 9189 10908 11562 15573 17636 28034 29045 29441 30067 30172 32177 34055 34661 35226 36266 42133 43191 44218 46459 49068 56607 56987 62020 81878 83487
586 623 1012 1470 5282 5686 6370 6458 6543 11338 12311 13743 13972 17215 21609 22064 22089 23494 23973 23980 24863 26838 27379 31417 33012 37031 38934 41187 41355 42484 42976 46211 47320 47810 49498 179534
637 1581 1619 6168 7659 8736 9647 9942 12672 13343 14671 14826 15164 17666 18442 21636 23116 24634 26200 27655 29593 32887 32948 33311 33575 34977 37766 38223 38351 40275 40409 47109 56805 61379 80504 82821
298 1385 1677 1765 3505 4965 7593 8250 10310 10516 10634 11657 12591 17078 18362 19599 20976 23036 26061 28431 29070 29557 31643 32214 32554 36364 36724 37545 43209 50969 54282 56725 67423 69946 70037 77534
12 16 223 607 716 781 2640 3677 4935 5230 6274 6587 12122 16719 18245 19077 20137 22287 23250 25432 27623 27674 29256 32341 32738 35998 39096 40110 40135 48216 56363 59925 60431 62107 76346 139588
2002 2768 4170 7111 9297 10551 13515 15017 15925 16940 17292 19773 20281 20778 21554 21852 21923 22633 24085 27156 27734 28292 29554 30191 30422 36410 39898 40106 43302 43457 43731 44167 48388 51009 70254 73144
166 535 1164 2920 4060 6074 6759 7985 8317 8415 8538 10035 11057 17601 19179 20262 20314 20807 23799 25485 26154 31738 33549 33704 34232 36392 36930 42062 42078 43477 44286 47029 48455 56008 62865 154841
580 1613 1670 3106 7014 9475 11348 12606 12849 12935 13062 13647 13673 13880 16991 19682 20384 21745 23187 26195 26896 28606 30547 31994 32643 37121 39611 39797 48208 52601 53089 56329 61494 61784 63326 76094
91 615 872 2135 2254 2449 3222 4084 4391 4565 4629 8264 8730 9187 10977 13603 13897 16488 20135 20969 22558 26138 29350 30459 35110 37832 38059 41839 49690 51812 66327 71302 77412 78409 83983 103044
1316 1688 2282 2612 4125 7161 7298 7872 7906 8940 9204 10541 14109 16360 18831 18878 18956 20268 20832 20977 22154 27250 29973 37407 40241 40324 41486 46092 46384 49882 55009 58068 65655 69043 69603 77193
1194 1248 1463 2331 4168 5012 5700 5907 7258 7936 9162 10495 11384 13001 15966 17339 18683 19757 23162 26978 32380 34633 34696 35173 35525 35862 42282 44622 45701 46020 47352 49805 56160 66807 70261 111794
2578 5031 5591 6614 7088 8872 9104 9730 10689 11475 12232 13805 13902 14061 14445 15180 16416 19266 22529 23967 24601 25125 26598 28333 29659 29661 38032 39420 39974 43965 45453 50817 51979 67720 94701 116444
1562 3211 3303 3642 4488 5685 9999 11842 12319 12559 13835 14907 16887 17674 17771 17974 20534 21665 21848 26987 30185 30533 32140 33260 35048 38400 39370 39553 39677 43376 44377 46505 63520 68405 74523 79055
20 1233 3214 3988 4095 4759 5619 7302 10048 10148 10625 10909 11083 11943 13022 13136 14015 14144 15169 15373 17849 24532 26812 32241 36492 41539 44159 44530 45776 53956 58348 58455 62904 63208 85654 119157
