1000 44 15
175 4876 5249 7165 8379 9959 22951 34267 38194 64481 97189 103493 173810 200894 219945
5301 13279 20125 25268 34514 37051 40402 50562 57203 81246 98002 99958 134506 142665 148874
30 1866 3613 26823 30801 32624 37458 39374 82832 88410 99599 100856 106258 110686 226438
205 1864 10778 12949 14001 36416 56340 57087 62324 73613 82333 100146 142331 155798 179517
2867 3503 4835 8176 12161 14036 21719 28863 60711 95059 97086 105817 157289 170031 202691
13607 21250 29658 35621 35856 37373 37946 41655 53246 64421 68751 80097 105214 153806 208481
5869 11443 14373 18030 20096 22151 27629 41158 78938 80179 83717 93331 95679 149185 247411
6419 16261 19927 24627 43454 50568 56324 59067 60552 68506 77862 83078 120820 138684 167556
2680 10167 12161 16157 19163 21845 24511 30190 34989 66003 67092 127201 148910 188140 216687
6734 12762 13246 16793 24416 26659 33853 52670 56923 65533 70262 119368 136912 151919 206016
624 1973 2804 8916 16769 17762 21808 39294 42108 49799 126436 144873 150898 170314 192019
14518 15000 27353 29360 35053 39654 49359 51553 55587 71696 83535 100671 101061 146949 167133
3524 6144 8129 11643 14842 26415 49561 51188 57591 74358 89394 89512 99119 193080 218445
14743 20378 25427 28153 32323 34487 34694 34907 42721 68565 91669 103536 125184 163837 166189
265 633 5677 11281 13973 27710 30620 45668 57556 62502 74821 74943 104905 155526 319054
1213 3383 4700 14319 16186 25798 32156 41135 65992 67422 68283 72338 79540 99384 391720
2811 6648 8162 24474 37299 39293 56180 69605 73744 80698 98981 112017 115529 133002 135619
9399 20372 27654 28742 28820 37439 38519 48622 75748 86734 91492 99683 107882 133755 157090
2677 10567 19511 21261 25915 36189 38409 40616 66858 68319 93449 111423 118429 135907 203083
4294 11302 16897 19867 21726 27267 29764 32288 59350 63328 88847 117211 136987 140073 217547
8724 15407 16679 20456 29189 41680 46957 49518 75126 78438 84288 108703 110096 138834 163888
5903 15431 22958 23698 26904 32361 33386 37267 72558 73671 74539 105170 106557 127218 232546
2308 4765 7752 15899 23078 34968 36693 49031 55563 61731 67324 78505 90482 228933 230485
5471 10430 25966 27669 38601 38632 38841 43991 67632 68478 83971 94935 118933 145560 177947
3161 4431 10461 23799 28898 35679 47150 54512 58624 74435 79037 88070 126553 127306 222299
5752 9084 10871 11079 12014 27594 33259 48443 61388 72603 75713 103991 137332 145095 239143
5567 17945 19543 22730 24884 30936 34177 36384 52531 80961 85136 96880 102985 103874 274896
753 11399 12216 22199 24303 32704 49611 63683 67094 83721 91625 94864 121606 140053 170486
1618 2781 4655 6599 7394 7884 9010 20318 24675 25681 44693 56427 208151 230279 333031
1938 3757 8709 18545 18945 19891 21946 27824 29307 31228 48290 84520 103442 134355 437327
3125 11903 18895 22706 32342 33622 36153 36531 37686 37864 45987 63203 66532 80422 466326
3086 9213 10704 20891 23685 29867 41948 52598 64464 89901 94309 97121 123186 126184 202500
12571 15659 20937 31182 32740 57721 64847 68532 72063 79805 96786 100553 102228 104562 134042
5240 9974 22732 46241 46267 47862 54030 57081 58940 75079 92857 95923 98752 110178 164707
788 2773 6196 7043 9029 9918 12041 20178 34552 70470 83714 128891 161240 168766 267589
15851 16622 17962 31497 36795 47792 48403 50615 61180 62486 72048 94171 113835 160689 163789
2354 3105 12456 22063 31467 38630 52841 59387 63370 70241 82902 90529 109586 153285 194639
5248 7412 11693 13884 38057 44718 45029 47076 58273 59137 85231 93053 123115 151718 205069
112 6549 6554 36792 39504 39702 41426 48761 65682 92603 93241 97493 132042 143363 150152
1717 6755 9513 9780 16016 30625 38043 38071 60951 61873 73428 99367 162072 166120 209574
10331 13021 15027 32220 35592 36073 36863 42946 52081 66622 74785 77521 99213 162397 238234
2291 10182 11412 26550 31773 41077 41681 47055 50410 58599 62350 75340 80424 99851 348226
2362 8471 18216 20562 28950 36753 39007 42493 47188 56469 71391 103720 106166 183750 222217
2012 6874 11562 12434 15071 18155 21757 25055 26717 42831 50110 85601 146669 184548 344295
