1000 38 36
267 1313 2448 3300 4356 4380 5964 6350 7805 8571 9646 10384 11388 13526 15371 15393 15484 16941 18070 18477 21495 21901 22833 26637 29893 31354 32148 36406 36877 39515 47570 50772 63683 77574 91368 100512
609 1406 1997 2129 3311 4573 5649 6265 6820 7014 10407 10482 12605 13015 16626 17077 17854 18942 22436 22452 22529 23124 23423 27078 28223 28554 29015 29860 38560 47620 53322 58410 62181 70871 81001 83361
626 1225 2156 2618 3630 5480 6137 6154 6603 6768 7208 9692 10299 11800 11965 12527 13281 15930 17918 18285 22516 24947 26188 26402 29230 29267 38575 39610 47282 50830 54420 55519 64587 81025 82202 112302
850 1036 1746 1783 2593 4769 5106 8031 8374 9054 10138 10406 11302 13309 14057 16438 16533 16541 16686 18138 23851 25416 27485 28225 29370 32547 37604 39835 40306 46556 47764 53269 55857 64810 72116 99127
260 399 1389 2854 3118 3669 4024 4709 4811 7012 8728 9645 9745 10411 10600 10972 11680 13116 15200 15704 15880 16929 18700 23394 26619 29725 31493 38701 41837 47027 54084 62592 63563 67434 105810 136471
397 486 1698 1931 3390 3776 5761 8501 9379 10974 11423 11969 12050 13832 14657 15147 16556 18146 19806 20057 22316 23578 26297 27270 28685 30483 33631 34849 47475 52683 53018 59801 64849 75939 81785 94156
27 996 1885 1888 2493 3168 5383 6274 6437 7100 7228 8343 8651 11173 15624 18792 19090 20273 20373 21048 22621 22745 23681 23939 30321 32528 34213 34516 44576 46338 49927 51498 52847 54529 68121 131668
3898 5835 5928 6587 8902 9171 9205 9937 10255 10809 11397 12238 14078 14234 14781 15324 15619 15736 16964 21752 23273 25461 27433 28269 30264 31183 32171 33621 36860 38273 49675 49844 65966 82095 86031 89873
2206 2512 2587 2919 3931 5270 5654 6411 6508 8649 10877 12234 13704 14206 14450 15295 15670 15912 16820 17774 20014 20545 20676 29988 30492 34216 36432 36754 44563 47005 57056 57831 58144 66973 68601 135048
1490 1504 1935 2922 2983 4330 4334 4543 4687 4870 5159 5343 6453 7562 7967 8636 11339 14263 17800 20182 28376 29784 31527 31839 34163 44225 45449 45888 46942 50305 50836 53072 54891 56078 87212 103079
325 1152 1464 1489 2316 2596 2747 3196 5157 7299 8712 12459 12661 13812 14813 15622 16439 17042 17369 18086 20853 23008 23195 23280 23478 24064 25237 25749 29429 33791 36171 49219 62868 76339 79534 170346
556 867 1102 1212 1573 2208 2236 2774 3053 3719 4729 6626 6865 8459 12762 13339 13389 13692 19901 21265 22362 23613 30176 31396 31760 33722 34550 37258 39821 40334 42431 52736 60725 78536 116907 129163
158 326 804 1104 2528 2794 4907 5882 6754 10940 11562 11628 11775 12600 12752 18289 19302 21019 22173 25284 25866 26327 26782 31512 34339 34784 37369 37433 39546 41206 41681 45742 46000 47653 80721 118052
77 989 1306 1760 1942 1949 2026 2173 3198 3868 3934 5730 9699 10609 10718 13134 13705 14487 16477 16625 20828 22115 26044 29162 29422 41887 42270 43186 49464 57763 57885 65483 71531 79191 84963 86185
1649 2763 2913 4370 4763 4767 4799 6683 7298 7899 10370 11613 11783 12855 13249 13539 14574 14603 17302 17633 21093 21121 23167 25204 30098 30597 33651 35726 41007 48502 50346 57940 59823 60458 71334 140450
114 443 576 703 2765 3762 4308 6925 8473 8575 8985 9318 10198 10202 12212 13982 15604 18684 18764 19334 20671 23248 24518 25344 26074 27326 27960 41387 42568 43961 52380 60984 65386 77385 89443 95610
2984 4460 4927 5298 5715 6074 6837 7364 7578 7868 8474 9169 13117 13948 14075 15750 15955 17564 19037 19682 20973 21019 25186 27966 29429 30447 31443 32798 33206 34703 39715 39906 40457 50040 77544 183243
1790 1909 2113 5524 6103 6774 7649 9074 10564 11580 12371 15008 16356 17892 18048 18752 20121 22014 23373 24524 24852 24982 25325 26057 26152 26562 30689 31012 36288 41784 41979 48476 52437 53737 78290 108049
225 1199 1897 2564 4833 5653 5936 6559 6921 8307 9715 10267 10646 10788 11198 12804 13505 13994 21501 22561 23853 27247 27407 32270 32793 34621 35606 35609 38415 41088 55806 57455 57690 71835 79786 85780
540 641 1305 1593 1655 2135 2539 4063 4319 4430 5756 15945 16535 17043 17222 18592 19213 19434 20417 22514 23756 26706 27032 27853 28965 31500 33300 33509 36925 45726 47350 52211 59762 68555 79817 81156
132 860 1268 1924 2837 3068 3422 4596 4819 6231 6757 7995 10672 11148 14352 17205 18306 18594 19411 21755 22301 22559 26098 29939 30970 32158 36382 42588 42751 43415 49041 58164 61257 66409 81323 92989
343 848 1083 1903 2440 4588 6291 6325 6333 6967 7844 10505 12516 15218 15785 16002 16798 17216 17492 18707 20040 25430 25874 26513 26689 32454 33238 38964 43550 44644 50437 57444 57572 62018 63861 114638
662 904 1988 2676 3160 3976 4768 5372 7225 7713 8485 8654 12613 12803 13841 19410 19879 19890 22160 22175 29536 31014 31600 31965 32649 33200 36033 36192 39999 41078 42670 54215 59832 62389 64914 78107
1057 2566 2807 3846 3970 6792 7695 8916 10091 12065 12552 12572 12942 15933 18114 21234 21543 22828 23372 26769 27288 27533 28562 29344 29615 30570 36337 40682 40784 41750 46607 47393 55440 56337 63986 69583
134 696 1654 3575 4632 4744 4810 6276 6373 6454 7491 9011 9824 10300 10440 11407 12994 13127 14073 14281 14432 15486 17975 22455 28456 30876 32615 33353 37891 51256 53682 55966 62027 94196 101802 136477
201 628 769 1178 2039 2351 4539 5112 5165 5219 6172 6941 12425 12924 13079 13471 13678 13679 16838 18262 18458 21715 22155 24482 27419 31471 32852 37924 38872 44186 48501 54813 57382 83166 92399 113978
89 932 1692 2180 2928 3129 3658 4486 5097 7200 7473 10001 10446 11578 11776 13494 15837 17050 17908 21685 21705 23531 23943 32691 32713 33263 45520 50568 51011 54823 62792 64721 66610 72461 75460 75860
115 1840 2099 2628 3292 3732 4303 5863 6828 7160 8199 9170 10986 12600 14133 14704 15234 16246 20566 23108 23755 24683 24941 27488 29473 33614 36169 42974 43866 44321 49188 51073 63555 68016 96845 116476
31 139 413 2350 2642 2757 3093 6438 13777 13858 15522 17349 17657 18568 19447 24642 26642 27434 28111 30714 30750 31991 32374 33415 36637 37125 37572 37644 40489 40737 42840 45932 50228 53806 53822 61689
1695 2079 3040 3053 4558 4972 5021 5177 6020 7163 7924 8924 9788 10218 13173 15588 16148 16343 18576 20050 23190 31769 32815 34604 36707 38120 42248 44297 44465 47286 52493 54658 54879 63319 72346 89662
241 955 1354 4438 4791 5189 5629 7891 8025 8261 8314 8763 10098 10521 15381 17594 18004 18304 22446 26023 31366 33937 35909 36737 37047 37095 40602 42480 46834 51604 51677 52221 55737 55994 63595 70269
421 665 1120 1440 1893 2752 2812 3010 6883 7865 10038 10775 10922 11376 11495 11595 15519 17365 17558 17824 21933 25160 25470 26245 26371 26740 29831 32814 41252 43642 59150 71032 84635 89118 90700 106518
387 458 943 978 1225 1292 2427 4385 4884 4959 5829 7518 7588 7980 8601 8642 8853 8962 9262 10431 11241 11304 12478 13141 13921 17922 18186 20386 21224 26137 38044 41466 51897 58342 92418 405220
413 920 2577 3606 4809 5098 6536 7244 12135 12210 12597 14479 16572 17899 19343 19707 20344 21489 21820 24340 25252 26008 26085 26821 27348 28273 29413 34466 35516 36284 40771 59636 61583 66557 78710 79008
634 645 1239 2113 2331 3602 3678 5393 7158 9945 11399 16312 17038 18380 19864 19893 20464 20717 21438 23231 23239 25894 27236 28113 34638 36155 41893 44100 44842 45649 49136 50498 52270 62164 65933 98966
1144 1232 2215 2527 3505 4170 5038 5471 5738 10817 12369 13132 13258 15805 17055 18037 20105 20336 20929 21049 21104 21128 21216 23269 28339 31947 38787 39101 39814 39885 51700 58111 59709 64636 83593 109911
352 705 1235 1726 3809 3869 4789 5709 6043 6824 7549 7689 8017 8058 12496 12851 13392 15156 16502 17773 24851 28093 29954 30320 31591 33946 34282 34868 36315 45046 59482 60705 64122 67634 86401 104925
404 1376 3052 3294 4177 5329 7404 7942 8798 9359 10937 11625 12452 12930 15569 16100 17860 18411 18950 19468 21642 23770 24562 27611 28729 28955 30844 33287 39914 44799 51706 54223 59697 74248 88109 89415
