1000 47 41
20 165 269 926 1422 1647 1949 2502 3272 4002 6950 7902 11390 12527 13462 13595 13786 14145 16590 16862 17425 18634 21748 27827 29570 29829 30716 30975 31831 35091 36554 36711 39373 42141 43138 43526 51504 58090 64361 68482 92731
378 603 1931 3265 4598 5632 5673 6120 6541 6879 8958 9703 10829 12722 13304 14055 14430 14569 14681 14932 15882 16970 20260 21375 25123 27094 27414 28437 30324 34642 37619 40147 40461 41737 42641 43245 47441 56179 61116 69111 87189
562 1013 1212 1653 1939 3000 4083 4827 6732 7950 9701 11029 11047 11269 12568 13113 13689 14137 14876 17697 19287 19384 19823 20656 21027 21340 22372 24180 24837 26612 27545 32998 37989 38701 41374 43866 44526 64904 65581 95609 110280
1189 1619 1859 2721 4100 4706 5395 6621 6627 7129 8180 8511 9148 9455 9531 9994 10341 10415 11180 11710 14685 17376 17574 19502 19895 21355 22469 24327 26577 34647 37100 38021 38195 41088 44204 50320 57695 61033 74211 93132 93559
204 605 1693 2103 2140 2977 6498 7307 7856 8633 9038 9437 9626 11206 11484 12012 13499 13895 14139 14148 14652 15110 17373 18358 21069 25438 27252 28335 28651 31268 35563 36689 44555 45455 45487 48706 49169 60701 68399 72193 95830
326 693 805 1837 2131 3276 3541 5497 5823 6034 6767 6976 7674 10281 10802 12183 13246 15397 16130 16335 20151 21260 21338 22230 26838 28132 33855 34888 35572 36040 37116 37736 38150 41097 49160 51910 52917 53712 58083 60093 86475
27 1125 1291 2735 2811 3581 3705 3808 5035 5817 5818 6235 7550 7583 10717 10827 10848 12989 13180 14745 19214 21154 24831 26635 26996 27697 28910 30751 34917 35552 37086 37703 37836 39043 40603 48147 49982 50033 53627 58969 128000
58 114 996 1228 1659 2831 2979 3458 3971 4121 4278 4860 6681 7744 9147 11945 12084 12409 12797 13341 13423 15997 17143 17585 18026 19424 21816 22145 24779 25073 41979 45274 45740 48492 57503 57848 60977 64580 71138 77720 100561
1052 1101 1403 2534 5228 5893 6378 6989 7150 7210 8114 8181 10009 10753 11227 11507 11737 12193 12216 12884 16279 17168 19431 19946 22589 23623 26912 27997 28261 32930 34969 35646 39231 40787 42077 45079 46222 61801 72173 72445 107123
154 306 572 1946 2441 2511 4046 4318 4426 5169 5502 5603 5690 6881 7621 8070 9984 10550 10623 11736 12102 12432 14824 15616 17561 25744 27694 28045 28801 31537 33624 37094 40743 43823 44418 44828 46102 49946 67940 71530 184031
746 917 1072 1945 2755 4777 5080 5573 7529 7644 8849 9286 10913 11901 12814 13024 13449 14358 14417 14799 15516 17075 17555 18375 19636 22571 22657 24643 24832 25067 40802 41465 42947 50029 54625 57897 58056 61772 68808 71490 76373
1760 3705 3739 3815 4052 6374 7195 9773 10435 10900 11409 11795 13338 15020 15301 16458 17152 17778 18079 19243 19999 20043 20366 20468 21315 21885 22547 23283 26434 31702 34627 35842 40625 40665 41238 42244 44307 47597 50705 64300 105404
1323 1466 2018 2709 3537 3869 3922 3945 4115 7016 7136 7538 8062 8606 8717 13258 13834 14700 15211 15292 18203 19390 20367 21044 21678 22275 23331 23607 27875 32659 34425 35298 38155 39074 39485 43656 44914 54798 76934 98487 108498
376 2158 2535 3030 3113 3262 5902 6203 6263 7580 7871 8382 10232 10410 10952 11319 12982 14123 14428 14601 19088 21017 21538 21963 25645 27421 28920 29682 32366 35523 35838 37082 37728 40688 44797 46255 53944 54091 64717 71200 85715
154 303 393 1683 2983 3470 4678 4976 5793 5816 7594 8936 10474 10761 11574 12417 13630 14200 14499 15659 17019 17359 17639 18051 20205 23817 25788 26481 26707 38178 39448 40105 43017 45678 46420 48132 48215 57879 65711 67309 104411
376 599 853 1070 1508 2013 4123 4968 8934 9100 9694 9738 11199 11711 14482 15397 16630 16672 16978 17789 19377 19379 20836 21538 22566 23224 23922 25224 25259 28012 30635 31917 32482 34025 42411 44447 46035 58433 64492 87731 114904
274 1445 1831 2381 4160 4431 4532 4683 6166 6394 6666 8398 9101 10235 14099 14290 14742 15381 16357 19632 20797 23032 23661 24029 24409 24577 27567 29264 31123 32045 32423 37221 37378 37458 40222 42588 49298 50518 60792 77723 93567
1004 2196 2901 3282 4820 5656 6786 7393 7589 8779 9846 10550 14112 14130 14289 15852 16917 17388 17527 18976 19525 20308 20339 21961 22353 23542 25650 26732 29267 30134 30250 36293 37219 37660 40460 45390 51497 52649 55052 64137 96255
142 934 2742 2945 2954 3629 5904 5985 6086 6179 6505 8127 9447 9672 10349 10831 11583 14396 16890 17840 21880 22342 23689 23985 24582 24833 24842 25965 26318 26412 26748 29191 29478 40443 41642 46983 48136 58104 59344 81777 132770
562 1220 2183 3574 3768 3857 5593 5740 5778 5881 7351 8081 10525 11077 11290 12402 12910 16110 16170 17158 17455 17748 19939 23049 24405 25163 29920 30033 31867 32836 33062 37225 41266 44104 46424 49576 50329 59452 61612 66786 79634
1071 1277 1397 1970 2403 3172 4673 4845 5681 5790 5957 6492 7274 7462 8880 8882 11164 11181 12514 14790 16833 17445 18632 20815 23021 26730 28227 31052 32451 35781 37855 39103 42449 49867 53528 55053 55374 55801 59377 79011 81493
63 953 1254 1921 2386 2511 2728 4513 4820 6519 6631 7582 7617 7873 8274 8935 11855 12604 12758 13303 15637 17768 17836 20961 23131 26410 26822 30157 32312 34485 37458 41171 41459 44499 44716 45524 46110 47552 50921 87145 128851
1833 2698 3115 4524 4724 5334 5340 5342 6739 8679 8716 8789 12654 13272 13481 14410 16769 17168 17501 19237 22394 24086 25611 26138 26893 28222 28744 30859 32232 32899 34550 36308 37423 37772 38412 39197 47771 54631 55859 56278 80508
510 983 1642 2315 2540 2714 5880 6246 6850 8147 8720 9196 10394 10848 10953 12367 14420 15544 16478 16665 17328 19263 20006 24469 24512 31204 31570 31867 32180 34083 34518 37801 38922 39730 42761 42854 50089 52832 59850 61978 98063
486 649 1092 1776 1800 2343 2389 2812 3355 4101 7761 7806 8920 9538 9553 10157 11313 11711 14575 15959 19746 25067 25191 26044 29181 29537 31418 32760 36479 36662 36684 39225 39964 40062 40459 45681 47395 64822 65884 70558 77379
715 1026 1158 2070 2284 2397 4239 5875 6666 7035 7037 7166 7420 7774 7789 7908 11464 13943 14250 14567 15332 16865 21758 22194 23079 26281 29923 30152 31146 31470 32281 34721 35638 37353 38142 40106 51393 52505 87998 92127 103224
61 117 571 657 828 1151 1695 1712 1954 2832 3888 4058 5549 5705 5785 10650 11233 11846 11983 12528 14567 15532 18664 19489 19492 23222 23393 24680 24707 29165 29577 34732 36809 39684 42407 43202 50464 70027 82700 121556 126638
208 376 485 849 1010 1251 1334 1456 2845 3353 4885 6705 6728 7073 9211 9330 9382 10018 11270 11625 15393 15746 18060 20574 20774 21234 23528 27941 30189 31021 33164 34722 36900 37371 40113 40395 71262 72509 86434 92831 114406
991 1852 2043 2454 2760 3213 5351 5738 6058 6295 10332 11379 11423 11438 14930 18600 18669 18711 18853 19149 21436 22808 23302 25177 26227 27026 27875 29093 29544 30241 33506 34844 35248 41034 43661 44790 50865 57618 57677 62006 68689
181 2326 2873 3656 3929 4035 4336 5201 8163 8561 9499 9550 10742 10891 11020 11185 12002 12426 16581 17084 20082 20131 20158 23088 23387 24171 25129 25614 26783 28828 29635 33140 36721 38613 41334 47099 55384 63829 64161 70428 110581
1501 3236 3446 3589 3833 5338 5406 5438 6546 7652 7975 9440 11270 12474 13039 13105 13747 14291 15461 16766 16975 18101 18900 19559 20599 21384 22151 23287 29572 31494 33206 34076 40688 42388 43541 52839 56040 62950 73517 78621 80438
648 2352 3076 3641 4240 4314 5566 5918 5942 5964 6114 6519 8461 9647 10042 11266 11453 12278 12422 12848 13378 13638 15094 15134 15539 16103 16886 17178 23900 25103 25305 31789 33245 40425 42337 56174 58567 81301 84064 109211 111035
477 546 1135 1906 1967 2613 2907 3351 4329 6150 8772 9581 10115 10542 10962 12223 14114 16130 16273 16290 16579 17915 19274 20413 21302 21347 22161 22813 24446 26484 28641 33220 42652 49066 50579 56204 61539 61767 62409 65372 111589
942 1919 2838 3047 3352 3456 4616 5241 5477 5571 6079 8267 9388 10034 10291 10345 11798 12198 15614 15757 16793 17618 18489 18989 19292 19584 21780 23667 32440 33977 38141 39330 39730 40300 42076 50640 53123 59870 63867 78646 108958
224 3094 3505 4012 4146 4853 4983 6442 7242 8598 9625 9900 10871 11194 12663 13993 14380 14578 14697 15019 16003 18313 20029 20045 21738 23437 24551 25404 32250 32653 33303 37438 38336 38706 39575 40860 44162 46911 82793 86967 95628
1141 1200 1586 2509 2685 3528 5408 7488 8767 8970 9277 9632 9766 13385 13500 13593 13630 16759 17293 19766 20089 20477 20713 24365 27085 28014 28558 30573 31924 33661 35022 35508 35904 38903 40708 49047 53354 54593 55965 66326 72500
71 94 111 1063 1316 1344 1548 1868 1925 4072 4362 5398 5484 5707 6008 6062 6670 9023 13744 14310 17705 18580 19184 22703 23930 26077 29343 30026 32144 32161 32484 32695 34789 39642 45101 46907 47318 57203 72068 105400 132869
1381 1478 2659 2771 3816 4331 4775 6678 7071 7425 9249 9808 10173 10189 10488 11076 11622 11776 13020 14705 18175 18522 26023 26619 28515 30655 31373 31875 31966 32009 33880 38113 38473 44423 45377 48060 48399 56074 58937 68742 76509
48 547 1296 1641 2403 4396 4943 6333 7786 8546 9730 10907 10992 13417 14094 15672 17086 18279 19453 19858 20141 21307 21792 22110 25091 26240 26312 27750 31412 32814 33519 34271 36797 38015 41065 44290 46452 49237 65317 69337 84812
133 901 991 1257 1453 1674 2204 3455 3512 8273 8444 8512 8803 8887 9744 10782 12380 12804 14686 15181 15403 16229 16523 17590 18710 19304 20004 20782 23699 24976 27873 30436 31095 32943 43560 50534 53293 56356 92958 102992 142121
334 2227 2934 5240 5395 7201 7444 8629 8892 9497 9640 10118 13661 14612 14912 15481 16436 18616 18988 19055 19954 21265 22397 22616 22810 23011 27728 28712 29866 32515 32713 32728 33036 36302 42163 42693 44295 53842 61199 66752 80724
170 1258 1299 1646 5989 6444 6866 7584 7599 7773 8827 8981 9260 9666 11326 11387 13350 14544 15471 17676 17892 18535 23365 24469 26307 26955 27740 29396 29950 31749 31787 32802 40971 43256 44822 45256 49865 50292 52024 64913 113490
272 770 993 1342 1810 4280 4768 6491 8185 8384 8573 8721 10383 10437 11105 11374 12138 13632 16755 17288 17425 18442 18821 20667 21705 25168 25874 26449 27187 27324 28436 33725 33994 34437 35706 41683 52693 61550 84887 89103 104652
1184 1472 1724 1806 2506 2871 3827 5464 5761 5965 5987 8075 9100 11059 11673 11893 12275 12448 12784 16545 16579 16865 18733 19879 22040 22884 24542 27773 29775 34181 34392 36489 41886 42624 48527 49173 50006 52301 54776 93350 103402
378 562 1233 1331 1567 1626 1638 1639 1888 2508 3000 3023 4893 6602 7966 9049 9058 9576 11432 14234 19420 21187 23939 25826 27171 27844 30006 32271 32766 33837 39329 41264 43823 47579 51558 56424 58392 60756 67798 71784 79295
294 1262 1623 1829 2406 2751 2751 2956 3241 3719 4917 5683 5981 6139 7995 8478 8954 10342 11257 12359 12628 14447 14540 17517 19079 23777 24063 26591 28924 31113 36225 36428 42711 45684 56098 59238 61419 75782 76323 87316 88931
103 427 822 1516 2680 2915 2993 4001 4594 6452 6786 8659 9307 9929 11247 14721 14755 14953 15572 17040 17195 18635 20898 21095 22119 26163 26430 26489 27872 27934 27943 35098 38763 43899 52090 53273 56142 60099 69511 83077 84117
