1000 50 9
5143 41139 43220 88259 91555 116970 137543 217683 248147
4150 16669 18294 43439 112302 130080 174825 223903 262963
2140 11500 30468 37141 47023 57959 92242 238106 466491
14056 28890 75562 75992 94550 122767 144005 202071 218918
15098 22200 41070 69433 78597 95796 103456 244991 311922
6096 22024 44875 55730 124330 133493 160372 218370 221977
3930 32506 39356 43603 67969 112645 163625 221700 297587
1962 41263 57408 63263 67511 111224 132378 188495 313609
3735 54741 61128 63033 73398 101301 146181 213389 271346
53169 55762 61828 62601 75090 97285 181198 184992 215245
7334 36063 55281 71525 73243 101363 125922 129567 378520
32938 55504 60442 62185 76827 109611 140503 199455 245910
33928 47891 91832 101497 112813 122036 130413 139670 204541
23868 39292 76753 94684 118355 127177 160849 166910 181135
3987 5589 7581 28076 42081 129210 145846 297646 322110
6799 23881 49163 66856 92165 99478 125655 191330 334898
5197 18648 23419 30407 36018 73452 79184 120043 590553
8876 10275 21890 26931 29809 103384 115483 209910 465281
50271 55596 57512 58789 107832 140108 152543 177941 190831
6664 19636 23197 27562 84440 126192 138708 274422 290691
1048 29326 30165 33005 65729 75619 128367 297965 320720
4948 23631 32268 69589 69906 72204 130447 242572 335162
13289 27349 37995 66934 71729 108081 173489 235765 244571
29398 39635 62132 67897 139512 151763 155506 158328 186345
904 4766 14630 33837 80628 85958 87773 176572 500713
6007 16446 19518 31205 31240 129914 163090 223254 365564
8058 21075 31975 71112 104421 129285 146455 155530 322394
351 33929 48186 60885 83795 95085 169493 203766 294882
10732 17465 36828 48722 104468 108969 154328 162694 346672
627 9574 44310 61238 107758 127614 176003 222646 241082
8553 9153 27260 33673 38228 65934 81820 128708 593649
5645 17557 20199 68183 79995 98293 177976 230382 283683
23869 26536 27780 67050 118701 131849 153336 203188 225117
2078 2828 16641 32256 95516 117159 133593 136658 442377
7406 20306 21285 60428 80800 82303 96180 231075 391542
303 14746 26994 41870 48572 60629 106825 279166 407235
7648 32245 45534 54056 82520 89185 89205 291361 297110
2938 20444 56554 81727 105202 109075 150977 193422 259681
9269 12175 29005 34604 80675 113099 125565 254445 317358
9979 10249 35711 37024 64726 78478 151117 217781 385335
5093 11325 22796 52391 56326 58564 63730 349507 365105
5982 47072 84109 84664 87394 108310 123229 128460 307471
4629 48722 56398 57360 64328 65245 92683 216067 383053
22256 28154 37275 47443 52033 55730 211020 223101 306802
15479 29021 36313 54748 69514 105528 160838 164055 344521
15006 29180 32102 40745 46733 48196 121212 305177 341074
20208 32563 34784 36256 50800 155343 179938 182693 295157
603 4159 9977 26148 41375 81857 169220 197431 449141
10777 33805 43785 45787 64576 67471 197247 206876 318749
7409 27733 52171 56887 104040 110154 118469 177398 330043
