1000 50 11
426 2573 25369 28271 37248 63742 87969 99344 126024 176838 311793
2593 21875 32257 45687 51174 70665 90395 92392 103063 190930 251980
2905 14044 14759 44403 48638 60941 71788 84100 92965 143337 382729
13570 16054 19355 26455 51379 68048 91378 92491 150052 168739 249545
19428 26989 32650 53561 53826 61232 62959 94696 117640 156639 284188
3149 11395 16009 24254 43192 77957 82401 110728 164670 214759 225313
4416 7483 12198 38161 51660 62822 75338 113525 141156 149423 296025
1053 1206 4588 5192 20826 47025 72503 95123 192921 247476 267056
13011 13466 25559 44944 60035 89672 119873 136353 139301 144052 178446
11845 12305 41029 41211 43552 43571 61021 66015 79192 141957 407160
64 5215 30822 50111 56342 75915 76850 91658 127058 129604 314590
525 5665 17420 19825 21544 27929 37490 48186 243219 263593 276702
4132 5309 31626 34389 46182 47518 68178 75873 79578 203722 361826
9162 13242 17297 29196 31328 71394 95798 121498 153969 157587 241922
1004 44660 60704 63713 75957 79732 79815 106472 110652 147301 166334
5900 14808 16197 26407 49099 50495 77397 130907 138777 174611 276229
750 5169 10568 39895 42345 42730 45840 47878 124991 199021 384495
24818 30160 34936 44957 49073 51054 64328 73059 91321 102700 372799
3522 15686 38672 58534 64361 76783 81281 90650 134289 172678 202003
25470 28129 30230 37650 45043 64038 81056 107411 143146 163063 206184
13969 30086 33387 44696 49000 84000 91005 95906 132971 150871 210889
2369 23532 37076 70984 80669 81698 92448 106148 125678 130554 222442
19845 33945 44519 63885 85046 99574 102627 107724 123902 125154 134601
6133 14287 16548 25662 33568 43403 78068 131801 160702 216479 217698
2844 17665 23246 30517 33718 34324 48157 54100 72327 263884 373036
7937 31374 35404 37157 62561 67269 76446 98330 111442 196496 212792
4555 12736 50139 60191 77597 78097 79370 100571 124671 150506 199849
8060 17607 43965 58198 60372 68501 74209 101208 129788 166995 211444
1701 5824 31520 35105 42566 52992 71143 95268 186964 193936 227855
858 4061 4660 27623 51252 57056 62396 107831 118049 175009 338176
12907 27131 37809 52533 59772 85595 109900 116251 132700 148939 190896
3192 11227 29488 66978 73166 73343 120617 130162 137242 157165 161062
6388 8696 20410 28018 54160 62028 77404 86253 139508 222847 265520
9801 14504 22754 27806 27947 35014 55892 60542 72716 147991 456546
16467 24093 26561 38947 39750 51756 76289 114796 150327 169246 233898
16061 16104 20453 57799 82689 86700 87837 104256 111077 177603 181658
126 25473 36993 46715 74363 83101 89265 90835 103476 205308 220964
6733 33154 46274 47271 49270 56864 64954 68268 107614 141694 311840
9405 15852 19524 25238 83743 89857 90337 101918 130892 178578 209810
12883 17614 24019 25015 28917 53718 96202 111462 179572 189241 222259
8624 10677 20750 26778 29693 53207 58428 92361 158414 194031 283639
5297 21277 23346 37951 51329 72979 96298 103270 105336 138160 306284
2332 6150 7524 8566 31004 32006 112676 159894 165876 201153 230371
9833 17624 32586 47155 55231 83628 86849 90619 153544 155903 204003
8117 10410 10692 15170 29544 38393 94810 117809 152022 165115 290736
13459 16091 23221 23423 35636 42717 56971 96037 117409 124998 392457
3313 17695 18189 50032 62102 94653 106163 118900 119361 139571 241074
4572 15146 17050 21592 36791 53088 85804 93953 104699 239234 267613
8733 12751 20292 26307 48908 76092 119750 125878 141621 144497 251855
25746 45354 48897 52757 69994 72498 99263 111505 134520 135236 148344
