1000 23 31
2494 4258 4878 5203 5672 5885 6353 7250 9227 9502 11621 14128 14818 15114 15255 17636 18356 18423 18932 26809 29527 35237 37432 39792 41210 42572 51309 59670 80666 85078 86386
2020 3967 5607 6111 9298 10132 12273 12587 13877 14155 14341 16362 18430 18596 19567 20465 20691 21594 23348 24145 26432 37186 38326 38776 39589 45443 50010 64478 71056 81350 93762
470 2768 3370 3747 4766 5482 10157 10555 11228 11548 13584 14649 16895 17380 18590 18768 19282 19863 19933 22003 25310 28821 31128 35233 36886 37355 42051 56098 68241 72775 76364
662 918 950 4980 5236 5810 6250 6329 7114 8909 10167 10834 12401 12759 14197 14420 17612 20357 21749 24542 31464 31824 32468 39413 48101 49903 50383 56832 61094 84942 93871
342 371 1032 1497 3951 4658 4734 4877 5216 5500 6055 6909 7607 7608 14390 20280 21009 23645 24313 29730 32441 35043 36913 39815 40151 42872 47873 70582 91488 104512 105422
188 1648 2596 2840 3895 4137 5902 6397 6816 9088 9204 9893 10152 10976 17084 22387 22713 23578 24531 26730 37410 38151 45087 48750 49182 54841 58545 63043 64548 76761 90599
435 677 2202 2735 3755 4184 4650 6678 6702 7608 8143 9829 11111 14548 14809 20060 21024 21463 26474 26761 27566 29341 32207 33375 37387 38541 47537 50342 72477 109504 114988
1362 1651 3414 3919 4017 4176 4386 6142 6638 7583 7881 9438 11046 11495 13244 13462 14243 16564 17073 21742 29626 32420 38176 39457 45354 45567 56334 62473 70070 87161 146573
515 1838 2423 3275 6630 7885 7921 8858 9499 9706 10178 10183 10513 11144 13240 15425 18990 29121 29500 31789 32594 32829 37473 42753 42930 42946 60863 79802 84395 89675 119149
761 1036 1285 1985 3688 3692 4574 7066 8130 8342 9594 11476 11713 11826 12785 17719 19421 19637 21605 22853 36940 37816 38098 43726 49349 49870 50125 55894 56378 60634 77644
3693 6230 7186 8652 8973 9121 9949 10472 11281 15151 15645 15875 16569 17640 22553 24118 24583 27252 27622 27715 31974 32192 32216 36668 36685 39074 41197 59175 74653 78973 89742
183 1615 2385 2966 3106 3310 7126 8940 9445 9889 9912 12507 13378 16330 17839 18599 20517 21746 23307 29262 29442 30099 36244 46410 48411 52740 52963 64766 74020 92688 108124
2115 2159 3786 4193 9836 9902 10837 11542 14224 16460 17145 18516 19948 19989 20017 20365 23549 24286 25493 27385 34028 34037 35175 35737 38229 42216 47754 60484 65803 70581 80742
354 1157 1268 2168 2469 3323 3345 9063 9361 9456 10077 13566 16254 17423 17796 19995 22794 24292 25679 29587 31094 35911 38515 38924 41229 41347 44849 48827 59351 61760 103104
251 445 1715 1839 2690 4292 4833 5070 6526 6638 8354 9326 9453 9951 10662 10953 11180 11948 14818 16645 17406 19498 21295 31497 38731 40267 57878 113346 114419 115654 161736
2434 3309 3860 4712 6053 6621 6868 7074 8519 8847 10240 10932 12406 14022 16381 16512 20776 22223 22414 23572 25448 26988 38600 39802 42876 56798 58297 62621 68422 68707 78172
407 1376 2425 3315 3567 3642 3776 5506 7381 8149 15826 15849 16096 16401 16725 17398 18174 20988 22471 22605 22735 24781 26885 33713 40258 43667 46860 60845 66732 81141 93952
1823 2388 3767 4499 5173 5571 5661 5815 7747 9693 9841 10498 12009 12821 13295 16800 21721 22999 23306 24503 25431 27560 29140 29195 38022 46256 52950 64225 73838 87834 162203
13 22 190 2817 2834 5688 7875 9626 11893 16553 16732 17621 18761 19576 19769 20442 22260 23292 30211 30726 33254 35735 36304 40978 48633 49395 50518 54640 64077 85772 104832
442 824 1403 1889 2226 2570 2882 3119 3417 3698 6028 7754 8367 9797 10879 11264 11797 12489 12588 12944 15879 16436 23598 27210 27795 33033 36993 63315 94047 152549 209803
81 978 986 1119 4722 4852 8579 9137 9959 11589 11826 13032 14216 14332 15522 17178 17390 18569 24135 31082 33366 36927 37556 40921 42701 42851 47066 51382 60120 63684 82818
1902 1923 2299 2527 3059 4769 5691 6492 6991 7074 7420 8418 8498 9507 11261 13632 14041 15334 15939 16994 18655 34251 35877 36317 37980 41056 63546 64825 77313 124571 173129
872 986 1635 3319 4157 4295 6326 8354 9446 13292 13711 13983 14076 14625 14824 17758 17824 21786 24111 25737 26765 29784 31177 45746 46036 57024 72581 77116 83249 91742 93287
