1000 45 22
1720 1812 3732 4374 5890 16253 19973 21338 24378 27344 34980 35637 36342 42006 50152 54450 56428 60734 81265 88829 95688 98044
251 10499 11097 11107 13082 19625 23993 25859 26347 29454 31130 33819 37878 43996 49002 53448 57705 58545 59797 72182 97230 122997
1175 1700 2882 2930 10157 11876 13170 17344 17436 18650 28960 29545 33541 36736 53658 54474 54476 86292 95874 100868 105343 107997
2362 3645 3678 5726 7818 8384 14284 23025 24449 26212 27611 28196 31933 35503 44509 46651 47491 50660 59773 67345 102337 196946
2732 3215 15124 16443 17300 18779 22934 24930 27552 30989 34875 35135 39712 40675 44815 52185 55105 55482 57510 63659 102078 106108
4354 5346 9795 10852 14169 18071 18942 22638 23200 26553 28571 28724 33881 34871 35575 45725 46705 49014 61412 96726 124380 198715
5246 7958 8105 9253 13253 13604 13690 15111 15975 18136 22506 28229 31900 35427 38228 45299 47433 76179 81766 98312 105070 200388
129 6936 10612 11120 11168 22166 23870 25187 30343 30795 31465 31884 34362 35601 36553 39616 40157 43263 45392 68675 150085 166483
186 4119 4337 12862 15877 17067 21183 21273 23032 25491 31040 34063 35234 36092 39028 45767 56341 56422 71218 81878 126191 161472
486 3114 4940 7368 9867 13329 14415 16240 18450 20877 22824 23550 25978 38617 39683 42476 74888 77368 83004 93262 98882 162855
2687 4420 5450 6820 7067 8668 15894 16463 29213 29914 35406 38658 41986 51543 54379 54870 59512 67976 74587 78673 117225 127130
1667 2484 3280 4938 10639 11369 13717 18781 21470 23801 26762 39348 39443 39732 42274 46155 51772 65064 74118 83143 109193 135427
2338 3675 5010 5523 8569 12604 14075 22720 23816 27900 28753 35671 36135 36937 49400 49823 63215 67334 67379 77714 136798 156644
77 2025 2721 4129 7122 11596 12898 13447 13886 18966 26082 32986 34126 48353 49917 52887 53755 67930 116325 116407 127262 131925
1549 2384 3585 4692 5758 6404 7044 10007 10962 14453 14890 18141 20289 24447 40305 47916 65106 69229 75421 117723 168521 179628
1981 6060 7152 10267 12212 15392 17191 20457 21847 26224 26790 33178 34192 35933 36695 39647 58075 60579 77346 77626 118422 167836
4486 11250 11908 14782 16332 18716 19497 20635 21923 24332 28120 32417 34710 47314 54241 59471 62846 63350 66258 68746 83314 142378
1006 6211 6894 8984 11704 21758 27498 28570 29114 35142 35305 38191 38208 40582 44858 54558 55118 57127 70654 71339 82720 109330
3201 3410 6117 6137 6622 10593 11249 14243 15777 16338 23898 34218 38214 44671 51572 55329 79310 79420 90918 98380 115161 118551
2643 5872 6037 6624 8413 10930 11656 11670 11705 16233 19582 19820 23597 24185 34832 41723 68729 92292 107685 119644 134877 145277
983 1132 10820 11271 11493 12406 13136 15075 16575 20630 26107 29581 30837 33173 43104 56383 76708 77876 83460 85385 112003 135345
2268 2460 9743 11574 14741 16310 17555 24387 25008 29043 30088 34391 40296 41011 44071 47929 48710 51618 68321 73623 95673 144473
462 2276 3667 7916 8058 8185 13044 16089 20885 21075 24942 30038 41624 42546 43550 68721 75778 79578 79752 99475 107229 145020
2780 3129 4323 7354 7816 7850 12800 19584 19758 20694 25765 30217 31675 33152 40422 44515 46078 60841 73166 88137 101106 189264
537 1196 1935 2023 2985 4215 4898 5869 10998 15533 20817 20965 21947 22641 26406 48439 59728 89424 92122 93157 112037 203301
2222 2644 6632 9670 14477 17299 17887 21788 21841 22175 25775 25873 26005 34959 48517 58496 59081 60532 61571 64715 81256 184819
5192 5915 6548 10064 13562 16391 19816 20831 21679 21952 26172 30805 34400 37071 41285 41514 42375 49609 51716 68706 79920 238128
5419 6703 6763 13578 19170 22261 23707 23894 24338 27101 29188 32334 33294 36206 47211 51347 54917 68937 81086 85761 91399 98909
214 2644 13523 14023 14070 15275 17722 19234 25638 27935 28806 34296 38750 41786 46243 50629 58796 59963 62574 75182 97958 149682
5855 9648 10408 11119 12482 14339 15730 15887 16008 16808 16954 18475 18739 28615 36887 38006 45430 58127 69354 78186 104515 282341
4472 7162 15145 15399 15537 15587 17620 23247 24302 35334 35912 42825 45574 50470 54381 56474 57186 60870 65694 70927 85702 121122
1692 2165 2448 4251 5949 9093 13782 13888 14575 15984 17395 22500 25436 33288 54891 58447 76075 76340 81392 89753 131647 142900
2169 5635 5702 6044 13552 13835 14478 17465 20526 23307 26084 39492 41536 44909 47873 56363 60295 65771 70416 72865 107867 120225
431 442 779 2074 3598 8374 10519 12722 17097 22761 25592 31128 41483 41547 49078 57683 58874 95194 96118 97971 104501 162379
2272 6445 7800 8054 8589 11486 12759 15735 20598 28448 31319 31966 35934 38184 54400 56621 66294 69110 73365 79037 83589 120302
1770 2477 3985 6746 7162 9910 12182 20514 25207 25751 30141 32861 33189 35985 42474 53687 55969 65749 80435 92626 119966 124193
3914 7695 8235 13807 14156 17944 22386 23638 24232 26904 27254 28327 32859 41770 46814 65473 78845 82376 82745 86870 101447 111761
1022 6502 12666 14693 15310 17055 18277 20711 24353 27385 27431 34234 40640 41573 43170 47797 51756 82447 85853 93325 101676 113054
11060 11331 13377 16176 18631 20905 21729 21956 29570 30649 31203 32306 37254 39286 39618 40604 44647 45207 48828 85312 104696 164927
1476 1717 2196 3029 3410 7358 9737 26790 28088 31091 31291 32488 42359 42731 44824 49893 59190 63807 89693 103131 108606 124765
5 1832 4768 10868 10927 13937 16029 17068 18485 31503 33582 42284 43769 45219 49374 49574 62286 64552 69258 72755 91051 155161
705 1825 11937 12949 12974 16258 17182 22326 22386 29100 29128 34582 35006 47165 52637 54996 55564 59995 62223 65733 71520 150583
561 3929 4212 7685 10142 11070 11564 15484 18541 28856 33226 34352 38974 46687 47121 52843 63454 82378 88018 102661 108032 111365
2130 7671 9192 9760 12369 12767 13950 14090 26147 28001 28803 29386 29749 31203 37667 38332 43995 45313 45887 78900 107801 244384
4083 6283 8522 9815 13155 18442 26652 32252 35980 36562 37821 38117 39986 40098 44336 44952 50347 52322 61331 77660 93037 96041
