1000 42 33
676 1871 3127 3259 3451 5688 6362 7185 7776 8020 8256 9836 12720 18029 20861 22161 22708 23955 25388 26562 27014 29276 32383 32749 35331 39328 43364 52073 62355 63854 101705 106613 132573
1190 1508 3077 3429 5902 5968 6400 7934 9197 11295 11737 14492 17911 17997 18298 24096 27463 28293 29583 30079 30725 32499 35984 36323 41101 46836 50961 52326 52931 54058 76942 91249 117560
33 1100 1753 2665 2835 4644 7464 7528 8113 8799 8890 9617 11715 14383 17705 19498 22264 23921 24151 26878 29244 35922 41300 47720 56421 56698 57252 57683 59294 61343 71535 96601 100055
719 802 1010 1488 2071 3138 3374 5680 5950 6617 10861 11309 12140 14386 16584 24408 25902 28940 30145 30523 31447 36526 39812 39858 39973 41292 43063 57542 69202 76449 88363 95202 99918
2085 4017 4861 7829 8124 8828 9722 10296 10958 12835 13219 14156 14541 16235 21285 23364 27290 33690 34687 35067 35158 36636 40226 43784 44150 47652 51387 53273 60015 60265 61428 68946 81354
1818 2265 2328 2666 3022 3504 3873 5242 5316 6198 6918 7676 14470 14865 16936 17870 17919 32154 33210 35513 37371 39727 39903 46357 48279 49372 51014 51694 57060 58419 65664 85311 132884
363 1452 1745 2480 3521 5886 9113 9505 10655 12393 18125 20791 21394 22476 23203 24454 25647 27203 27771 28635 28713 31799 32981 40415 44814 45372 47670 48270 58164 64547 78416 80617 99353
400 408 2446 4875 6967 7869 9182 9223 9689 10356 10534 14870 14876 20104 20992 21122 22495 24408 25121 25994 26987 32329 35264 37416 50799 52028 53179 55489 58317 72059 82734 83859 91902
1583 2196 3277 4451 6205 7963 8304 8728 8783 9766 10077 12220 13353 17167 22580 23572 24513 25068 26181 27189 30732 35739 36094 41923 42641 42751 51155 55018 71944 74107 76242 80147 93077
772 1365 2199 4715 4753 5351 6832 7203 8075 12919 13106 13155 16386 17413 18476 19823 20878 23040 34866 35098 35951 36136 36261 38984 39194 45581 46051 55944 58984 61080 64346 106197 106920
109 776 1203 2106 2176 2836 3162 4875 5578 8973 9029 9107 13292 14085 14851 17022 17948 20454 22282 24417 25081 28883 31503 35618 43995 46011 49135 68960 77766 78052 81361 111292 123086
1736 2589 3195 4952 6236 6815 8312 8450 11226 13523 14627 15416 16949 18872 19025 23150 23835 26077 28414 28908 29982 33627 35126 42512 42943 46906 47101 51264 56143 76820 79327 84913 85574
2306 5735 6051 6736 6911 7289 7432 7741 7899 8018 8732 8933 9121 9461 12759 13776 15498 15727 16680 19659 23301 24953 25244 28512 32065 32669 50299 52423 59963 69445 70356 92969 237568
122 990 1808 2104 2842 4132 6026 6824 6986 11034 11410 13796 14428 16841 18717 25020 29453 30389 31530 32780 37869 38129 40095 40314 45023 49093 51893 57598 58478 64870 71626 85165 90230
1486 1641 2002 2711 3131 6469 7769 8005 8183 8642 9270 9710 12213 15423 18807 23254 23407 24378 26211 26984 27203 28672 30324 43746 48425 54679 61032 61122 64883 71313 71636 71952 121945
1794 1931 3208 4558 5039 7989 8018 12891 14004 14289 15097 17192 17764 18225 18348 22640 23767 24067 26120 28243 32679 33833 35560 35714 39883 46983 51784 61349 64408 69712 70962 71380 97043
300 909 1297 1332 1454 4595 7494 7662 7721 8178 8397 15360 15934 16272 16561 17385 25462 27218 27678 30469 30827 30959 33106 34012 38884 42184 46518 47724 49746 55559 101855 112784 131016
757 1067 2029 2721 3622 4425 4582 6391 8111 9207 9246 9927 11021 11466 12026 12371 19899 22306 30425 32281 33486 35690 36479 38167 42350 44497 48395 48959 53666 64999 95270 99175 139434
958 1937 2823 5210 5341 7503 8307 9783 10021 12851 14770 15242 15614 15887 16177 18215 18745 19777 20195 20359 32424 33986 36288 41931 42362 43008 44744 51589 54147 88091 89616 97021 102314
1004 1293 1495 5238 7447 8453 10052 12161 14089 18304 18501 18890 19407 20800 21204 21856 28098 28309 28806 31303 31997 32208 33708 34169 34999 39141 43774 46659 65964 75646 76657 81436 84987
1115 1666 2130 3499 3976 5298 5903 6367 7636 8160 8403 10018 11384 12550 12943 13553 15716 16577 16893 17917 18106 18795 28974 29900 31561 41071 56766 56826 73580 81495 91635 118667 168172
540 953 1077 1416 2717 7254 7313 8278 8983 9575 10221 14658 17835 18185 22795 23855 24082 25806 26723 28037 36307 38910 40334 44353 47679 48625 54816 58221 65313 69124 70936 76231 83723
182 653 1372 1497 1788 1813 5339 6682 9608 9805 10304 12545 16088 19464 20781 23630 28630 30570 35892 36936 37253 37655 39223 43691 44475 46152 46535 51523 52336 58507 65014 78919 122545
680 2714 2716 3404 3822 6605 7156 9055 11458 13174 14108 15677 18797 19549 22246 22815 25564 27711 28666 30164 30916 33119 34209 36092 38184 38867 39652 57379 67049 74315 78532 81763 99116
1628 3332 3732 4899 7016 7965 8430 11645 13484 13785 14345 15031 15941 17395 18061 22049 23311 23586 25564 29179 30078 31628 33897 35368 37514 43455 56447 57799 63929 67234 68791 72079 116563
1019 2337 2676 3024 4821 4902 5143 6745 9366 10214 12000 13723 15016 18709 20634 23689 28182 28511 28531 28963 29792 30815 31098 32086 32203 36711 40751 49600 57151 65287 71819 83383 166441
19 1360 3365 7234 7772 7954 8893 9142 10266 12237 12914 16306 19930 20089 20652 20897 22653 25802 28802 30171 30734 31678 34443 37378 43211 43849 44989 46226 48385 49528 56180 90632 152458
1226 2191 2355 3857 4273 6033 6392 7946 8016 9617 10655 11771 12139 13938 18573 18978 23038 23353 27989 29670 31982 33890 36848 42326 43696 48757 48897 50499 62172 67554 68775 73572 143321
1907 3363 3635 4183 4660 6020 6777 7193 8093 9029 9598 10263 14047 18293 18544 19356 20498 22654 23418 24112 37534 41317 43433 48981 50236 53451 55508 63465 65909 68560 76390 77726 78009
1972 4094 4540 4767 4885 6089 6962 8275 10258 10308 16307 16840 17397 18261 20456 21486 22712 23455 27496 27527 28725 28775 29081 38149 39056 42636 47045 53994 64354 67087 80373 82413 122051
1261 1484 3856 3960 5665 6352 7664 8033 8394 8929 9263 10250 13152 18381 18433 19247 21301 22658 26393 30326 32805 33989 46073 47040 47759 51363 52263 54527 57344 60648 64810 76375 125843
1570 1618 1969 2496 3634 5893 6615 6754 7128 7265 8083 8333 8897 12810 16143 17064 17972 18408 21409 22359 31845 34476 39618 40226 43403 45897 46281 56817 79140 83992 94960 100321 103682
2497 2792 4317 4768 4936 5045 6800 6998 8073 8399 9186 9298 10502 11544 14675 15071 15986 19626 22228 22635 23461 26633 35123 38984 47885 48012 52847 58895 73302 77100 79201 103209 124583
1994 3177 3213 3758 6317 6844 6986 7698 11391 11893 12184 14590 17044 17448 17684 18713 20439 21149 23545 26231 29735 31021 36104 37843 45668 45737 46475 47906 58115 62649 82146 86124 134159
9 1632 4006 5036 8177 9019 9345 10498 12443 13234 13641 14990 16299 16957 17359 18436 20497 20514 23678 26755 30919 33648 36361 40769 41016 42051 46992 50013 50047 64551 93271 97434 105795
237 411 1740 2151 2285 2537 2659 6342 8053 9304 10525 13185 14242 16220 19222 20868 22979 24364 28994 29729 30781 30906 31524 40054 41661 55715 57388 60713 64308 80160 81536 88249 95647
114 395 1310 1785 2445 4105 4531 6618 8790 8990 9166 11003 11701 12069 12374 15425 16545 22919 23920 24929 29137 36824 39733 43310 49758 56926 59148 66363 72496 79446 83848 85384 93803
4998 5635 6100 6144 6322 6362 7040 7862 8887 9682 14468 15691 18043 20204 21370 22273 23152 25271 26092 29648 31634 39665 44032 45577 46398 48288 48943 53862 55373 56667 59653 71721 110071
929 1440 2339 3741 4855 5537 9323 10732 13247 13525 14152 14183 14871 15245 17430 19402 19923 20411 22186 24434 25883 30542 30980 42747 43764 44013 55226 59706 63523 71665 75620 87032 116679
275 2046 2227 3061 3237 5273 7771 10497 11959 14895 15073 15254 17178 19300 20275 24790 26035 29710 31765 32543 35092 35602 35734 37402 38420 38474 41633 44363 55920 56952 82032 88812 111660
462 3368 3574 7630 9282 9790 11564 14351 14455 16580 17405 17649 17675 20036 23568 24193 24652 24927 25500 26426 26713 27167 29016 29317 30205 33719 36773 36980 52757 78325 79873 94192 126639
470 2046 2352 2807 4123 4485 6017 6865 7109 9336 10359 10362 11657 12153 16865 17844 18141 18617 22255 24275 28624 33517 46198 49583 53371 54128 54332 58419 62987 77603 80434 83114 104007
