1000 29 7
6912 11218 100208 107301 165727 191072 309789
18510 53517 85452 151069 173347 193527 238320
41090 71116 97130 123132 154294 170538 187754
25345 33083 42347 108360 115333 181616 295295
568 4170 23396 68408 160309 175565 454195
3498 25130 111323 115914 134326 159496 345475
3251 14730 57963 107159 119193 127847 487910
29466 57204 105648 118023 136882 221917 240210
37768 74764 78029 117103 156339 176142 253517
28061 61183 64143 82351 158502 163379 307453
5429 11761 90074 93442 114331 232658 336837
40689 73798 78823 100962 105310 124774 314285
3079 48305 59728 104580 144506 217926 278398
2035 42887 57674 104551 115827 177780 341069
780 27566 91925 126718 134976 143037 338794
3002 4084 16985 69659 138596 154984 430834
65850 66245 71460 73695 132390 157607 341263
36272 43980 64556 144178 145509 168368 206816
5824 43455 55386 90038 101431 178833 445175
30392 58418 76687 124958 126049 182544 313264
30097 55624 78231 94426 117657 152271 315897
10194 51444 62964 69567 109950 143071 377221
593 8571 46974 61289 124750 274047 285300
19342 82411 91376 119141 160594 160778 259187
1778 31579 39222 43924 148906 161818 449435
4808 8200 8935 59588 171815 270636 280368
1305 27566 77673 142452 142924 204360 272662
30966 44721 58200 87283 119854 144669 390134
44747 57607 60934 75385 111445 254216 309061
