1000 24 26
353 813 1740 2689 4306 5971 6071 11852 13444 16963 20112 25076 28429 30515 31526 33262 39983 41873 46245 56132 56419 59669 62179 77877 98639 147546
1340 1893 2307 5089 7922 9866 10726 13091 17386 17503 17552 22059 23602 27720 28597 30677 33353 44515 60083 64018 78965 80587 84953 85050 92057 93823
544 1997 2255 2468 3891 4331 5860 6464 8397 9048 10287 10923 16147 19573 22947 24828 31639 33251 40821 54662 57725 76694 84938 91869 162070 181883
241 874 1896 3079 4728 7337 8565 12906 17286 20312 29385 33425 33687 38900 39132 39650 41641 42577 45426 54982 62812 71015 76449 77056 91607 99482
1218 2205 4166 4243 6512 7994 10645 11004 14113 15647 16199 20709 21981 23881 30397 37184 38117 49070 50160 52303 54582 75084 83127 88597 97232 98943
1022 4117 5967 6291 6366 8820 11330 12260 13821 14692 19957 21503 25032 27783 28598 30032 35819 38226 42669 45073 46341 61698 80064 89933 99557 132509
260 326 1137 3062 3952 4002 4736 7650 9800 9988 10096 14615 25887 31703 35352 37421 41116 52419 54344 54420 56094 62972 68043 74648 75764 199367
694 2493 4218 4588 5321 6470 7839 11061 11611 15193 16877 23473 23587 24218 31843 31913 37908 40415 45888 48834 55994 57881 71074 114657 115817 119183
820 7757 9453 9479 10167 12882 13527 14235 15044 17684 18518 19848 19956 22168 25353 25641 28484 28948 29971 46973 48606 52019 64223 66278 147038 201878
402 3398 4427 6736 8186 8878 9378 9874 10888 14543 16808 18966 20450 26568 26677 26679 28925 33611 33814 39025 40120 44929 53232 78756 93994 262462
3811 4354 5279 6599 6612 8042 8205 11644 14921 14999 16821 23464 26779 32194 34289 34533 35844 38994 45372 49981 71840 74034 79679 84390 104148 104805
890 2434 2466 3203 3783 4283 7158 13100 16940 24583 29666 29808 39136 40308 40783 40874 41031 43259 45247 45973 48487 48777 59648 96186 97209 135981
1638 1789 2196 7601 10108 10516 10664 11716 11985 12054 17355 18229 19267 19434 21491 28428 33659 41297 51150 51162 56903 70838 74310 88191 94115 168255
1407 2081 3986 6230 6399 6740 8649 12059 21440 22278 25891 26276 28869 34106 37597 40280 40589 44192 48588 59137 67258 68912 70465 70681 71193 92382
1408 3836 4466 5172 11245 15566 15660 18521 19405 20508 21464 22962 24885 28274 35286 35843 39121 39615 42092 48597 54704 56288 65120 67887 71924 197790
267 1542 2244 2856 3762 5333 6105 7700 11069 17986 21430 28879 31089 32273 35586 38436 52106 52156 52987 53842 57720 72449 74625 85448 90930 109782
3978 4216 6840 7403 8923 12183 13642 14472 16844 21393 22485 23774 24776 30357 31498 35820 36590 37987 40131 52988 62809 63364 64054 86638 103050 116705
2856 3062 5151 10745 15867 18299 19614 21336 22293 26459 26552 26941 27139 27654 29190 37750 39289 42712 42882 44935 48054 48740 50431 59125 64654 194899
1708 2156 2865 6527 8317 11206 11211 14159 16732 17092 19798 21946 22842 24517 27509 29638 32426 33902 39410 45718 48469 58197 71494 102033 136402 140064
1350 2367 3702 3939 5682 8139 8941 9627 10327 18227 20147 20426 22371 23358 30018 33497 33635 40445 51289 52115 55843 71972 74285 79928 109275 145440
1369 4912 5290 9250 9253 10356 10756 11757 12561 20222 20854 20927 22784 28534 31174 32082 35302 40310 43508 52998 61974 63347 71522 98416 107732 135844
2501 3991 5862 7707 10199 13407 16446 19376 20495 23232 24585 28528 29974 31172 32712 33322 35829 38160 40609 45704 46604 49397 49458 50984 100208 203023
522 2591 3274 6106 8791 10503 16035 16499 17047 18831 19065 24137 28136 28744 28990 30047 34418 47257 47837 48137 48390 66923 77580 99644 110331 114902
1090 1426 1806 3265 8416 10005 10509 10828 12446 12748 22368 25115 27915 28513 32547 33613 34481 37263 45640 45691 46216 49563 67453 113564 114884 137948
