1000 31 43
138 952 2534 2901 2920 2975 3116 3194 3991 4092 4549 5432 6537 6853 6866 7740 8838 9726 11342 12085 13085 13383 18999 19156 23052 26886 27866 28149 31677 32175 33775 34462 35689 36105 39448 47691 49617 54461 58200 62146 62595 63961 72721
92 612 1735 2214 3096 3595 4292 4716 4753 5132 5405 6212 6325 6743 6757 7281 8374 8425 9067 9972 10424 11504 12293 12384 15908 16291 20548 22170 22571 22829 25344 28743 36238 37495 37557 41967 42886 43446 57119 76912 82329 105021 109328
914 1218 1376 1429 2044 2144 2946 3418 4194 5838 6219 9486 10056 10129 11306 11571 11794 12726 13653 14106 14290 15070 18894 21555 22193 22387 22813 24959 26654 26741 27731 29090 30088 35938 39230 39494 41065 45122 51917 57631 70338 83149 90657
240 440 807 1277 1391 1444 1616 2142 2860 3205 3669 6462 7488 7957 9873 11029 11527 12970 13787 16995 17324 17956 19951 20348 21252 23054 23558 23614 27415 27419 34718 35378 36472 38732 41412 43433 46643 48276 50058 60281 70536 71843 76029
5 387 869 3082 3344 3633 3682 3896 4849 5909 6143 6175 10117 10569 11026 11148 11534 13009 13073 13329 14464 14874 15986 19203 20828 23156 27771 30958 31812 32409 34452 34727 37261 38068 38337 40675 48372 49494 49714 52344 57043 70340 76383
1228 1687 1730 2994 3771 5199 5863 5933 7577 8806 10420 10540 10867 11466 11512 11587 12179 13207 13380 14683 16430 16448 16724 17997 19325 20029 27290 31897 32736 34255 34472 35339 35890 39777 40332 40373 42227 42956 49120 55150 56331 56880 68853
338 774 1421 2263 2586 2974 3732 5152 5479 6088 6444 6491 6695 7814 8110 8357 8535 8616 8674 9269 9930 14071 16068 16088 19700 22411 23286 28713 28947 29181 29851 33386 36712 38104 39862 41819 44231 59086 61168 66769 68569 70971 85874
1295 1470 1537 1768 2182 2249 2265 5205 5549 6777 6838 8310 9590 10218 10861 12273 13052 13244 13721 14018 14840 17169 17587 17866 17939 20098 20681 20898 22142 23616 30326 31636 31953 35998 40071 46868 50285 54681 55781 60436 61605 67307 90603
64 118 997 3165 3499 3552 4176 4258 4617 6036 6533 8754 9027 11034 11196 13602 13685 14602 15257 18784 19870 20615 20641 22293 22501 24159 24429 24950 26912 26999 32209 32281 36744 36976 40996 43137 47424 47687 50741 50980 58752 58868 70970
408 439 3017 3504 3700 3756 3948 4121 4247 4316 4391 4735 5266 6263 6408 7410 8200 9004 9938 9982 10092 10160 12410 15407 15796 19377 20008 20565 21867 26554 29030 29939 31885 33644 35052 48715 49379 51053 57086 70692 82737 86315 112851
855 1472 1477 1510 2090 2930 3721 3785 3907 4472 5363 7421 7509 8326 9147 9639 10473 10615 13548 14357 14587 14608 15730 16244 17015 19545 20512 22085 23890 23962 24825 24990 28753 30897 35602 48173 49252 57497 58518 60543 77483 87084 100210
998 2178 2268 2564 2833 2933 2974 6035 6085 7597 7755 7841 7881 8572 11419 11481 13541 14391 14417 15178 15445 18219 19231 20143 21689 22421 23552 25378 27179 28397 28674 29491 29597 38663 39685 40572 42121 42810 51781 65841 68293 70204 75629
366 777 1041 1108 1991 2544 3302 4493 4726 4795 5286 5327 5506 8355 8873 9552 9597 10524 11478 12789 13518 17056 17246 17782 18754 18854 19097 19664 23487 27572 28019 29572 34048 38052 39930 44488 44857 45407 49482 64733 83117 83381 105886
147 706 1613 2173 2828 3043 3582 3734 3829 4638 5074 6575 7408 7850 8862 8882 9169 9583 13004 13373 15408 16076 16690 17058 18859 20465 22460 23921 25327 28502 29659 31805 33672 34954 39827 40151 41677 52652 54771 58664 71333 87076 97867
364 411 674 1032 1924 1992 4004 4300 4771 5914 6645 8126 9376 9581 10071 10849 11371 12201 13089 15603 17336 17362 17550 17977 19684 20815 20831 21899 23974 24996 29298 31829 34651 40021 41293 46107 52605 55945 59553 59884 61348 64397 85319
836 1640 2648 4843 5101 5321 6350 8937 9079 9636 10742 12592 13489 13791 13858 14043 14473 14812 15254 15305 16032 16169 17315 17504 20336 20916 22548 22765 24598 27135 27444 28422 29292 30068 33243 33300 33485 34873 56516 59147 60044 63661 108870
673 1080 1542 2565 2578 3415 3891 4911 5108 6746 7759 8714 9433 9577 10046 10498 11113 11417 13844 14039 15174 16173 19264 22142 22405 23031 24271 28131 28258 28905 30988 31764 32277 34731 37095 38888 39445 45471 48403 51378 58799 70316 109437
393 669 696 845 1086 1166 1674 2441 3136 3620 4012 4065 4387 6058 7157 10192 11134 12085 12154 12521 13210 13956 15229 15711 18946 20047 20399 26806 27016 27123 27247 28109 32839 36510 36989 44864 49020 50077 58396 66201 69558 76589 118642
90 404 572 1662 4569 4700 4811 5390 5398 6211 6291 6833 7175 7546 7717 8767 8961 9006 9213 9316 9944 10021 13935 15742 17117 19946 22689 24270 24822 26661 27555 30955 32416 34451 36800 38481 43888 50498 61267 69627 71480 79354 115511
2375 2447 2517 3004 3067 3308 5637 6123 7736 8351 9803 10888 11959 12282 12806 13300 13656 13894 14418 15529 15920 18428 18523 19076 19937 20616 23006 25643 29210 30785 31290 31541 32433 34259 41218 42707 43926 44182 49388 51372 52660 61441 82753
73 577 630 875 1322 2455 2887 3932 4368 5408 5999 6410 8373 9740 9990 10442 11473 11551 12284 13816 13979 14792 15053 16032 17418 18221 18842 20458 20686 21448 22748 26007 28504 33920 39750 41953 47314 49378 62524 71044 75514 91952 102179
127 390 395 1470 1871 4384 4592 4826 6016 6104 6416 7006 7208 7825 8131 10301 12109 14926 16274 18503 19393 21077 21798 23671 28700 29176 30247 31198 31306 31337 34068 34691 34946 36718 37084 39321 40623 41533 43780 44495 60159 62028 75676
34 158 514 1428 1475 2224 4217 4766 4955 4973 5157 9690 11406 12106 12717 12767 13163 13484 15126 15337 15523 17414 20809 24785 25911 27010 27564 31673 31683 32185 32380 32566 32582 38085 40659 41985 43492 43634 46344 47477 51207 55563 85452
262 491 1468 1736 2628 2790 3012 3476 3784 3808 3993 4747 4905 5304 6753 6756 6857 8667 12785 13929 15033 17050 18872 19442 19680 19854 19897 20236 20519 20960 22532 23618 24325 34783 35702 37404 40372 44165 50335 73715 74769 76142 166327
600 2595 2869 4819 7208 7753 8011 8024 8395 9633 9775 9897 10180 11852 12387 12616 12694 13491 14202 15691 16103 16647 17212 17834 18791 20241 20659 21961 22762 27324 27986 29764 30493 31493 31938 37244 40884 42526 60069 60811 66530 72758 81581
120 1862 2471 4837 4921 5232 6788 7681 8686 9130 9337 9405 10520 10864 13069 14024 14081 14379 14492 14925 15641 17258 21514 22010 22127 23603 24655 27022 27476 29638 31734 32859 32952 35253 38232 40298 40448 44107 44593 45657 61776 69125 69460
55 981 1147 1916 2418 2422 2572 3784 4861 5277 6023 6090 6442 6553 6824 7370 7883 9955 11619 11909 13284 14035 16204 17729 21405 21807 24773 24996 26051 29160 29995 34404 36143 38954 41998 42768 43888 49469 54713 55466 78138 83474 88384
237 1036 1647 1653 2121 2189 3894 4615 5054 5465 5834 6085 6409 6613 8486 9545 9588 9820 11662 11776 12814 14961 15591 16944 17580 17587 18588 18629 22529 25004 29147 31883 35101 43660 47019 50998 57131 61332 61425 65738 69440 72542 73890
1141 1609 1667 2832 4136 4491 6317 6682 6745 7766 7889 9523 10138 11503 12089 13646 13855 13936 14413 14702 15016 18314 19135 21007 24687 25034 25739 25762 29089 29982 30943 31999 32194 34633 36977 40980 42571 47460 56992 57476 59011 60355 63432
121 211 239 372 1708 1878 1943 2467 2707 3083 3425 4880 5911 6419 7345 7586 8651 9050 10549 10663 13561 14236 15414 17009 18507 19538 19951 21826 29008 29186 31667 33601 33829 36658 38102 45687 47998 50612 69425 71947 72792 80239 95676
71 500 2485 2658 3125 4746 5384 5533 5591 6873 7245 8436 8480 8583 9579 9582 10349 11932 12007 13875 13887 15414 15469 16317 18112 21726 25942 26013 27410 28801 36140 37863 37902 38293 43111 44574 45382 52411 52535 55031 63183 64086 76264
