1000 27 5
109238 145300 158025 245329 268909
41997 43236 81219 157545 559479
54701 170210 184099 260602 267657
20783 38486 168428 331516 363122
42081 114602 114940 177596 410562
60762 87906 112451 123875 495817
55574 171568 178720 265333 266898
18244 77823 154369 266685 391675
55045 102312 149117 181140 382647
64128 124526 161020 202191 340196
45747 55992 109729 227781 439477
30726 39971 105146 236542 477103
14944 145857 170186 286922 326196
15795 23349 47266 96675 713706
58634 144242 176358 192330 299465
126773 141242 193123 209958 278166
78252 104848 120661 134261 498200
39748 51392 169197 246799 441613
81052 86394 190014 252592 300604
55157 113111 144601 172961 434279
13262 110628 120312 122044 511653
116637 138138 178217 217962 239358
9602 65663 108705 216321 508340
44770 184167 202858 222152 245572
8078 80951 162222 259129 430745
36402 64628 103946 314620 398284
34299 61781 195871 286035 306058
