1000 24 45
553 628 970 1040 1214 1304 2836 2936 3442 3759 3987 6284 6991 7024 8148 9722 9865 10148 10916 10962 11438 11813 12062 12416 14911 19545 21752 21870 22235 23063 24465 24742 26755 28389 28634 30294 30860 32628 32951 43608 44088 48757 65558 93805 123857
61 137 926 1376 2500 2536 3461 5511 6593 6634 7145 9111 9453 9595 10229 11552 11738 11849 12392 12749 12837 13490 13511 14071 14230 14413 14901 17146 17512 17550 21150 22858 24088 24385 28564 29569 32472 33708 33947 37059 43718 60911 64940 75551 110294
228 544 3515 3602 3781 3871 4067 4422 4519 4710 6489 8143 9032 9049 11042 11145 11331 12889 13443 13784 14561 14577 15113 15232 15730 15900 16065 16770 17355 18190 24046 25052 26173 27286 29153 30569 31033 38088 38811 47791 48768 48893 48988 53109 77322
182 2122 2503 2796 3130 3275 4567 5333 5561 6065 6901 7034 7344 8811 9101 9329 9746 10981 11680 12544 12900 13745 13941 13964 16248 18422 25573 27314 27483 28685 29628 30139 30301 31849 34761 36466 38263 38350 38611 44097 47514 51255 51542 54178 62375
542 565 1086 1277 1364 1868 2188 3435 3536 4380 4564 4981 5095 5614 8309 8550 8713 9781 9982 12761 15305 16040 16157 16460 17671 17990 18272 18874 21105 21955 23151 26025 26639 29699 30425 30762 31540 38814 39403 45281 45451 47616 57445 75138 79304
175 200 307 406 450 1305 2633 2687 3061 3090 3900 4169 5313 6025 7954 8779 9177 10115 10152 11568 12349 13260 14515 15268 17335 18104 18265 18275 20573 21375 24188 24610 26034 28256 32740 32928 35062 37653 37774 37987 40952 46213 48361 72247 109883
338 349 705 865 1024 1200 2282 2859 3405 3581 4081 4152 4289 4434 5002 6008 6121 6306 6717 7925 8453 9167 9382 9868 13228 13710 15461 16158 17073 19638 23566 26024 26982 29821 32051 36337 39204 39670 39775 39971 54249 73451 78525 81324 81690
508 566 2165 2487 3484 3908 4059 4659 4673 4690 4757 5454 5468 6131 10554 11950 13079 13947 14220 14826 15811 15981 16958 17234 18227 18631 18713 18899 19585 20170 22958 23893 24966 26951 31245 31538 32536 34817 39727 41922 43105 49402 50797 60649 74604
1107 1233 1637 1640 2841 3763 3798 4252 4914 5706 5864 6121 6578 6808 6815 7370 7590 8678 8948 11157 11694 12367 12972 15373 17003 18059 18967 19823 20325 23108 23918 27320 28363 30135 31047 31224 34590 35499 43607 46657 52212 56124 59017 61016 80707
142 257 429 944 1675 2135 2448 2579 4429 4520 5408 6510 6580 7034 8083 8296 9398 10814 11904 12554 12702 13958 18392 18505 19279 20002 21510 22315 24177 26115 27352 28601 31304 31481 32413 34182 36835 40779 41062 41068 43567 43649 43885 70040 76757
365 611 1074 2260 2626 3389 3693 3783 3998 4189 4558 5500 6038 7163 7332 7740 8475 8726 9918 10130 10481 12279 12436 12532 13507 14200 14521 18137 22384 23262 23551 27918 32329 33361 34115 34804 35038 35898 37959 40841 43980 50420 54162 66958 93146
150 1157 2480 3004 3204 5748 5803 6137 7634 7813 8457 8654 10466 11349 11351 12085 12603 13036 13634 13929 14150 14311 14784 15989 16509 16768 17398 17615 20092 20831 22402 22509 23323 23966 24772 32515 35124 35268 45057 48361 49638 55374 61015 63956 64940
957 1071 2173 2300 2785 2920 4188 4306 4888 5427 5628 6812 6877 6963 7338 7511 8241 8520 9033 9496 11057 11196 11369 12011 12022 12989 15700 16030 20589 21468 21975 23475 29790 30152 31350 32851 35997 43000 44903 46191 49545 56211 63026 64041 72010
103 623 902 1733 3846 4094 4447 4814 6037 7334 7961 8506 8747 8953 9383 9477 9755 10980 11460 11875 12097 12211 12263 14043 14572 14858 15278 15750 18262 20105 20681 21290 22035 26679 27288 32499 32715 35806 36897 41376 42166 44773 57527 61501 152469
33 1219 1385 1822 3708 4434 4909 5053 5125 5952 6794 6979 7517 9393 9729 10811 11129 12379 12793 14484 15501 15763 16705 17756 18499 19277 20175 23073 23715 26047 26072 26133 26144 28267 28674 31711 34941 35777 35892 42994 46232 48719 48897 53591 78149
2250 2251 2489 2543 3096 5902 6131 6697 7367 8134 8312 9571 9852 9895 10586 10925 10934 11309 11727 11861 12567 12969 13190 17414 17528 18203 19467 20674 21398 22437 23376 23450 25676 25966 29495 30019 31125 33137 34072 44217 47039 48404 56198 60973 86738
137 584 948 1902 2520 2646 2842 2861 3567 3735 3760 4343 5036 5194 5541 6016 7193 9384 9684 10314 10966 10999 13290 14860 16214 17018 17453 17488 19743 20313 23077 23706 25714 35405 37742 41293 43279 44356 45042 46143 47802 50019 53392 92745 98857
319 446 730 746 860 1249 1769 1889 1897 3250 5318 5782 5812 7958 9324 9735 10484 11151 12343 12367 13754 15391 15662 15885 16337 16853 21131 23428 23640 24406 24711 26162 27668 30851 30872 30884 38648 39319 40085 43038 44371 47657 48002 56882 101725
240 876 941 1288 1354 1416 1553 3181 3298 3476 3541 4067 4598 4604 6389 7074 7678 7813 7853 9566 10730 11149 12158 13246 18687 19467 21010 22997 23250 23699 24229 24775 25497 28369 29500 29916 30353 32480 34298 35297 57911 62859 77140 77222 82165
968 1262 1375 1502 1702 2772 2912 3422 4154 4803 4930 5811 6340 6432 7088 7226 8926 10605 10723 11057 11929 13070 13782 16670 17132 19824 20649 22254 23233 24411 26116 29878 32408 39012 40342 40344 41950 44911 45659 46481 46813 46869 48304 50795 64097
452 459 818 1113 1141 1450 1621 1842 1944 3146 3274 3459 3622 3638 4170 4217 5077 6048 7442 7909 10441 12348 12711 14387 16836 16861 17698 19122 19278 22599 24204 31324 31359 31587 33661 34444 35818 36463 37472 39620 42257 42438 64940 77426 136410
1322 1560 1739 1769 2792 2812 3416 5000 5423 6107 6498 6597 6910 7417 8019 8297 8392 8903 8915 9368 11212 12630 12812 13812 13964 14072 19884 24309 24562 26458 26749 27852 30280 30899 34000 34926 37270 41363 43431 43802 43850 46873 53544 56345 60740
91 3679 4009 4171 4587 4872 5790 5999 6034 7083 7367 7766 8735 9527 9981 10777 11639 13087 15521 15811 16001 17121 19306 19481 20730 21591 21986 22882 23461 24575 24688 25593 27204 27588 28327 28625 30718 32831 34442 36271 42481 42725 62026 62915 63692
239 1077 1433 1608 1639 1791 2342 3234 3284 3774 4483 5887 6034 6043 7415 7673 7757 8590 8787 10020 11769 14199 14271 17263 18240 20136 20258 22838 24213 27926 29485 30402 30885 31625 32029 32765 33563 34216 35190 35232 40700 41702 53129 68372 86929
