1000 15 15
3326 3364 9396 9816 12794 20022 25354 36139 49078 51324 55645 91136 111500 182833 208234
3069 7126 8651 12405 16584 22998 37413 53260 53529 60538 69161 71601 79590 112696 253006
1028 9262 10362 12375 31842 37516 38823 40772 45633 57853 63911 67040 76980 107631 279957
2728 5766 6259 7356 8134 24149 34312 42815 43560 81349 83798 115766 123647 137309 169179
1159 1714 16020 20276 20453 36459 39251 59775 59905 71438 77081 87442 89680 93216 132133
4852 5513 18781 22242 29149 32121 42344 44600 57751 68458 76462 86282 95731 121887 149248
3141 4996 10521 16397 27304 34269 34740 41362 44221 60409 67796 96410 108270 138420 168289
4544 7494 9502 11272 13569 23321 38953 43079 49652 53936 72715 77061 77102 136613 173318
1847 4680 11261 15682 21279 28195 33338 36484 39819 46207 66925 73645 84678 102037 184051
1163 5329 15755 17273 33710 48367 52716 60748 61567 65024 80294 89200 89275 89329 102208
2499 2777 4630 4929 5200 5951 16710 46812 47385 62867 68331 73266 111968 141364 190790
4290 7699 14354 19266 19958 23583 29345 32276 43238 52540 52930 56183 104217 120029 134128
5086 8080 9094 12092 15717 18394 34451 54593 69629 70438 74860 90148 97667 107798 123637
1652 4064 27844 28100 33968 38208 40798 41461 45553 46649 54280 56665 90066 97904 209889
776 1277 2107 2693 12118 14446 17258 27787 40129 41842 55930 91626 153295 156272 181062
