1000 41 8
2787 19875 41085 86276 94364 98652 155712 409193
6574 9008 17289 65058 108500 112439 140689 356211
7159 16828 23880 35157 101998 184471 191642 288979
50302 58008 87519 93697 106505 126187 170089 223448
8956 55939 63908 106031 107765 121450 169144 188160
17218 23519 36385 50993 94745 117951 188275 282699
10845 19065 74787 79249 99554 109638 218199 231891
6871 15491 60542 70650 94382 98860 146903 412203
154 15978 34005 50095 113745 189978 190709 310534
1349 11805 11849 29151 65377 105458 236935 336797
32673 41750 45557 55008 57491 143897 214410 231050
16209 24517 28782 56008 77807 78146 164244 436497
8746 32577 51852 95019 112274 131867 208705 241482
6877 7573 48606 51794 100132 166894 197596 321146
12694 32941 53447 54004 64695 71378 242476 284752
17118 18455 24072 31447 32746 91637 259979 440879
7673 23086 33920 34973 36945 111328 178332 392165
15020 22980 24800 39521 49692 118711 220368 433237
7871 25802 28615 45454 86754 177633 190794 239230
3526 4709 12073 27573 72771 109507 123510 552485
17810 34011 44769 49726 53338 66321 117429 425398
14933 21661 26539 34661 45138 50066 251397 341290
4978 25366 54761 74150 126678 138964 235559 250566
30335 56601 74326 89725 96216 112065 174201 186302
5200 6921 31471 45201 83619 193734 200810 274584
1939 20171 22363 32093 46399 65733 104772 575166
3882 6132 33481 46818 78799 119040 233414 316791
3190 11365 62092 83879 97296 136937 186806 228043
35380 35539 36585 74714 74798 116798 183924 301191
34346 38770 42567 59082 66384 180076 192987 251437
5624 16693 61121 75675 80027 115652 117847 386793
8411 44612 53011 56293 65137 89446 200347 329494
8659 37536 65198 91889 94174 120254 183692 190129
28241 41595 74911 88306 101811 139807 219926 226169
32154 51221 57051 67748 124142 127222 128250 235037
6 1373 47436 63813 107425 129176 201974 340371
7420 8407 33926 42506 79699 172175 222391 231296
23020 26995 27219 42759 68000 159792 194501 245433
2530 5197 15505 32004 80897 177826 231683 283003
8152 30534 35954 127460 134260 143585 162666 191923
12793 19216 24616 37905 139294 159802 192569 232485
