1000 15 13
3467 5250 12543 46901 47320 53549 55732 62177 74012 95282 117489 157289 208013
9870 13405 33759 34493 52849 63179 87679 93365 103140 105349 109410 110248 152429
1096 4614 5741 11243 22553 23036 40797 43182 57071 74217 158030 243540 265925
1924 9784 12201 13305 22018 23288 48199 55265 68874 71026 97870 205710 324828
3159 3407 6305 13256 15846 22804 48145 54626 55355 81843 101662 187838 340678
229 7550 8437 21444 22108 37420 50383 57277 63843 144729 152168 162516 236228
183 17479 18434 19112 20276 23640 36476 37465 55311 96663 120502 154761 353592
5295 10702 17537 18864 22456 45981 46595 76715 79873 97281 98777 208766 215882
1058 1176 2787 10292 38493 40072 46445 64174 82609 135907 154883 166192 213671
2934 4679 7994 13795 22180 31186 75565 84147 100939 117553 130804 158061 194007
1503 2074 6299 7768 9736 21077 34360 76372 105746 111710 111833 137776 316299
1535 7298 15264 31897 40211 48069 54524 56040 75701 77881 93962 179235 272085
1298 3549 26866 29763 40777 49907 51618 59685 68720 71878 79278 167425 304554
941 8548 18545 35259 36480 38521 50258 51619 55553 97070 108615 158440 286788
16966 19327 21292 34415 39125 45970 72880 79709 81024 87646 139770 143227 167661
