1000 24 43
215 1197 1647 2951 3409 3651 4578 5072 7185 7891 8218 8574 8815 8819 9386 9816 10739 11775 12113 12277 13572 13896 16577 17597 22234 22673 22760 22780 24770 24876 25017 27633 30406 30883 31933 32593 34568 35213 36135 43746 52710 76195 112963
202 372 453 478 1236 2103 2727 2760 2908 3114 3932 4062 4452 6342 6518 6946 7456 7667 8269 9885 10252 11201 13294 15921 17174 17200 17463 24224 24702 25280 28100 32172 33571 39676 40778 42428 43116 45883 46034 52467 56465 83961 93231
150 1168 1576 1892 2858 3206 3571 3747 4120 4914 6479 6918 7741 8579 9877 10066 10773 11722 12027 12997 15329 17217 18943 19365 19459 19828 23203 24083 24596 27297 27694 27830 29961 30154 34522 36673 37759 38976 48809 49108 67796 80950 98248
769 947 1484 2331 2490 2864 2902 4739 4788 5035 6062 6191 6215 6833 9758 10055 10966 11260 11300 11368 11747 13201 13768 15528 17421 21424 21922 22335 22388 22619 23625 27942 31549 32766 37351 41533 45814 46682 48294 50817 53148 65704 145033
674 1746 1816 1821 3242 3863 4397 4424 4443 4700 4983 5146 5605 6649 6855 6987 7201 7761 8893 10720 11213 12843 13925 14052 15755 15990 17112 17262 18989 20902 21200 24910 25025 29269 30491 39438 44089 45690 53450 62707 64338 92300 113364
736 1417 1713 1820 2157 2211 2255 2539 3131 3184 4927 5339 7285 9278 9357 10272 11828 12526 13000 14394 15123 15786 15829 17632 20778 21317 22840 23597 24685 25811 26214 27164 28700 29720 30507 34427 34903 39002 41622 46137 46494 53206 149182
342 1103 1325 1549 1786 1807 1878 2040 2346 2723 2762 4253 4936 6770 7140 8112 9709 9854 10026 10427 10624 10923 12645 12807 13151 14555 19873 20641 23659 25531 25556 32922 33711 34274 35124 37898 41296 47714 48867 49089 75466 82914 96376
889 1315 1956 2240 2592 2820 3970 5346 6172 7093 7858 8038 9350 10729 10827 11306 11516 12069 12410 14290 14298 15771 16500 16786 18297 20177 20639 21078 23063 25626 25753 27667 32363 35189 35409 35964 36028 36940 51164 58949 70639 81058 94750
1837 1888 2270 2472 3028 3057 4387 5165 6252 6681 7246 8070 8337 8843 9962 10240 10744 10948 11415 13391 14132 14752 17529 18143 18799 18803 20210 24441 26691 27093 28123 31018 32090 36429 37546 40668 41416 42334 46030 54258 59843 67972 90633
1113 1302 1801 2053 2742 3426 3585 4512 6089 8089 8135 8394 10039 10667 11332 11597 11645 11796 12551 13826 13914 14101 15800 16313 17643 19513 20848 21474 24229 24712 25476 26100 28901 29631 29743 34431 36488 50483 54318 63271 70840 75094 85587
886 952 1497 1540 1540 2093 2476 3088 3794 4623 5035 5773 6411 6738 7139 7977 9180 9701 9834 12954 13162 17882 20995 21146 21614 23049 23505 23540 26532 27908 28889 30037 31320 31379 32416 33372 38294 38409 50230 51357 58271 63719 63831
209 704 1467 2110 2206 3075 3201 4169 4200 5587 5668 6965 8355 9449 9553 9799 10250 10455 11447 11473 13194 13248 17440 17709 17847 19769 21656 22279 22880 25278 27521 28650 32630 38075 38212 41731 50191 50519 51499 53196 57819 57862 62167
189 2148 2156 3040 3446 3801 4061 4152 4427 4998 5473 6448 6573 7632 8663 8680 9206 10362 10542 13081 13888 14902 16205 17817 17877 18312 19852 19969 20787 22961 24800 29447 29651 32605 36876 39848 41903 49618 59809 60818 62910 63097 81513
30 449 935 1175 1596 2022 3713 3724 4124 6484 6628 7509 7983 9318 9996 10086 10855 12183 12479 14226 14457 14758 15800 15998 16977 17947 21025 21799 22927 24416 24990 25852 26419 30037 35519 40466 44909 45823 50135 52524 70650 78277 97789
74 204 1467 2086 3596 5123 5496 5602 5967 8589 9289 9294 9852 10451 11251 11460 11550 11682 12350 14223 14851 15718 16870 16956 18170 18461 20784 26999 27609 30097 30294 31939 32843 33733 37049 37287 37661 40452 42547 48365 49062 55177 55225
376 1185 2008 2026 2671 3222 3277 4352 4618 4949 7600 8112 9704 9743 9964 10106 10896 10981 11525 14122 14248 15550 16269 16936 17524 17784 17840 20915 23097 24236 24765 24824 26170 26224 32947 34407 34603 42139 49769 60418 61958 68025 109154
551 762 936 1215 1510 2396 2934 3303 3749 4282 5569 5687 6662 7279 7455 8796 9537 10445 11669 12244 13275 14299 16910 17323 17397 17954 18106 18457 18948 21378 25140 30193 33408 35913 38227 40221 42072 54265 57398 58101 59137 59640 78070
52 579 1009 1310 1475 1899 1942 2655 2908 4401 4453 4780 5613 5956 5978 6251 6519 7529 8120 9678 9897 10014 14106 17395 17730 19969 20757 20861 22204 24521 24522 27452 29303 30824 33332 35682 38641 41213 49186 65649 74708 91746 117755
59 452 802 1052 3452 3679 5813 7817 8179 9407 10657 11450 12332 13842 13842 14539 15386 16553 16569 16639 16831 17345 17760 18126 18334 18700 18798 18871 19406 21089 22986 24157 24835 26171 28554 28883 33068 39729 44962 52418 53773 56393 74102
1522 1951 3251 4220 4538 4583 6090 6092 6335 6497 7188 7516 8119 8158 11099 11224 11269 12466 12544 12912 12977 13647 14057 14373 14484 17898 21226 21297 21806 25091 25614 26012 26598 31754 32025 36493 39623 43126 54780 57241 58528 59632 72017
110 715 1430 1478 1564 1688 1751 3572 3754 4375 4528 4934 5292 5752 6282 6927 7638 7756 10614 10832 11319 11535 12462 13155 14292 15408 16341 17604 19296 20056 24135 29690 29871 30668 34225 36695 38998 44307 47363 58586 61043 85188 123603
721 733 2401 3733 4591 5589 6302 6887 7164 7485 7554 7576 7688 7833 8263 8344 8493 8591 8662 10255 11716 12808 14909 16801 17287 17789 18395 19470 20701 21881 22994 23128 24690 28798 30835 34445 44961 49641 55781 59301 68148 84770 107098
407 772 919 989 1183 1315 1342 5191 5887 6561 7255 7450 7591 7915 9022 10489 10937 11469 11848 11876 16264 16525 16750 17187 17231 18663 19036 19653 22318 24805 24816 30076 30313 34457 35229 35584 38435 41925 44654 45000 47503 50519 111282
1082 3249 3315 4311 6082 6185 6354 7702 8491 8828 9017 9121 9387 9730 9997 10430 11540 13624 14249 14421 16378 16458 17891 20820 21260 22296 23126 26967 27012 28133 28430 28527 31213 34218 35011 38813 43375 43863 45393 50288 56431 57526 57531
