1000 33 21
415 918 1545 1557 2822 3478 8680 11258 11506 12353 18339 18949 28417 39095 41179 53916 55072 64211 115416 124174 362753
912 1481 1529 2316 2472 3517 12979 14775 15329 27824 31529 47113 57411 62323 63495 65625 71757 89465 110017 123342 162494
530 2120 5258 6232 9046 14604 20102 21889 23231 36218 37866 44567 49868 51147 55267 55563 69349 78461 107541 127907 138144
81 2512 3039 6745 13215 19695 24987 34449 35448 35927 36445 39435 40434 41790 44096 48271 49859 74521 109351 134384 135992
715 1861 3250 6045 10409 18136 26088 26891 31329 33359 33828 37745 50819 67356 72657 75772 78742 80576 92756 109947 112917
3326 13326 13773 15122 15859 16597 16672 21332 22176 27044 33000 34857 37472 38573 45702 51834 82169 99024 111880 118563 129456
882 3929 4935 9517 10741 11745 13972 15853 17031 29367 30501 37475 39368 42606 62521 65134 72824 82818 92551 113256 218989
4087 5065 6443 10056 11242 14854 16715 19692 23103 24946 28632 33896 37310 50678 60278 74998 76848 79340 81829 118388 195630
867 8538 11876 17295 17592 21515 21715 24232 29219 30888 34936 39685 43813 43885 58684 69860 70106 92378 95610 101283 101644
92 3321 3842 4088 6829 8664 13644 19774 20150 22969 27585 28550 30828 34230 51447 54063 78830 113331 114215 127527 193000
176 1078 2351 12280 12430 17074 23088 25708 29018 30757 31862 35118 36426 43141 48205 55809 59382 73076 88400 118222 197019
1410 1678 3979 4268 15425 19201 21529 22763 33439 38815 40129 44126 45946 58044 58154 63231 76636 76878 97299 115088 117846
1212 1221 2175 2978 3606 8339 15350 21581 21686 29191 30040 45431 55088 65131 67463 78827 82989 96195 99417 107546 125069
2108 3109 10450 12302 16255 18527 25956 26106 26628 30773 33403 34076 37493 44096 52759 54002 75173 89333 93740 120129 160110
809 7579 8434 13950 14863 16742 20593 20708 24549 27634 28261 33146 40413 46819 49062 52811 101549 103242 110195 110905 118643
8055 8502 10301 11383 19444 22108 25511 28099 33858 38181 39513 40565 44194 52948 54440 55406 61551 66171 113277 113548 123418
265 3826 6375 17721 18111 28232 31587 31717 32239 33585 38180 39528 40262 41230 45547 62934 67806 78381 79117 110192 163320
205 5361 6120 8287 13082 15291 15337 16663 19125 26770 32362 44752 45468 48950 63082 64973 70811 93406 106002 114505 138197
1741 3457 5627 8825 10053 12017 15935 18353 18891 22816 25570 27274 28482 30657 42107 60142 75880 89101 123429 153656 162411
3409 4519 5287 7940 10101 18094 21551 22143 26184 30118 32481 34033 42384 42756 62324 66467 79497 87416 94326 111540 138230
1262 2544 3130 4650 5018 6916 10362 13349 15756 21568 26088 29468 29664 40533 42730 53158 65302 82843 89918 173224 214780
1511 3877 8999 9823 13752 22887 23125 24778 26346 29353 32165 37560 43996 52200 52206 58701 59008 76959 91270 105728 157804
408 1058 3340 4737 5407 5586 6295 7570 8343 9067 10753 14901 32174 48418 56602 70951 79461 113752 119490 142726 211167
9133 9137 13980 16542 17270 18180 21214 22333 23988 28390 32875 35412 43151 43166 55069 62366 80115 93900 96396 98091 112888
185 3674 4067 8020 9399 12428 15956 17753 24129 25075 25884 29054 34383 45352 48063 53195 73000 82554 134739 138756 184627
8233 9994 15663 19673 21572 22051 24270 30614 35284 36893 37657 39712 41820 46757 49063 54967 69913 89734 91586 94471 110016
3836 6929 7161 8223 13168 16595 17418 19036 34098 34626 42473 44554 46181 50420 53249 64690 69216 78962 81711 114601 132148
1467 8994 10194 10398 12585 15665 16243 18025 19989 33451 33942 35934 39200 39885 56502 62813 67518 99470 106343 119677 142299
849 1372 1386 3650 4031 11042 11161 18975 20024 25704 30996 34041 40930 52258 52674 59509 72627 76611 122908 146740 155426
1574 2764 4705 12460 15584 16830 19890 25966 31970 33614 35810 39641 47336 55882 57640 65776 68196 68982 91203 127699 134325
2013 5140 6560 9429 9903 11555 12825 18619 22003 29516 31160 31204 37519 37582 40119 45553 78194 107380 112054 142237 177033
7400 8252 10700 11359 11534 14811 16364 21885 22707 26881 43256 43590 49880 51860 56568 59514 65732 68881 91139 106121 151725
844 3279 5553 6261 6635 22344 23980 25708 25987 33438 34860 49623 58463 60271 62821 75612 77543 80685 83624 91602 127810
