1000 43 20
1507 8708 14810 21315 21673 26888 27973 30243 31550 32272 39472 40061 46465 47447 54415 61473 66748 86061 105276 132131
214 2064 7664 10979 11818 13952 15544 15704 19920 19959 32416 33540 34059 35977 54377 61160 74013 92079 125854 212396
468 1007 1056 2417 4319 18431 20786 24560 35257 36700 37238 41020 57379 61824 64180 66697 68136 88551 106314 165529
3632 3827 4201 7334 10158 10495 11464 13369 15436 20706 22421 26444 34115 46374 67530 74771 76141 92647 134783 184832
1739 2733 4738 5383 6034 8970 13003 29392 34526 37039 38710 40524 42069 50850 67593 69393 81623 93036 97939 131973
465 964 1893 6237 8754 15536 30669 33549 40925 45619 48766 53337 61928 63012 64423 67449 73434 83025 84690 122018
5246 8376 8644 12197 14883 16049 17967 24445 26312 33714 39378 44537 45259 51369 58928 66563 79304 92437 113380 153229
21 840 1953 5062 5899 10957 14737 18780 22082 24319 32460 33769 36360 43426 45455 61417 70150 78067 97137 243178
1218 1502 3253 4070 4101 7009 9589 14587 17838 19516 21408 37337 42560 73672 85756 93331 99244 106296 131639 142374
5494 6637 8723 11286 18007 24650 26392 28770 33080 35521 37899 38891 41664 52504 57507 58942 73359 80984 86575 129977
761 13956 15181 15269 15969 23346 24392 27929 29489 39263 41353 48524 51539 55575 58423 61402 67309 76657 76662 108031
714 960 1282 1283 11544 13638 15331 27837 32858 35630 37372 40928 41052 52392 55035 66035 70730 122563 134329 154106
1438 3400 4978 5074 5097 5145 9248 19054 23365 28334 28421 28724 33410 46076 50696 64196 73263 89270 96625 277126
1126 6855 9983 11114 11752 11824 16861 18015 19358 20756 22863 34508 39354 44383 52158 66950 71268 105718 142241 208196
11 729 5408 8936 11832 15704 18340 20466 21137 24236 29090 37563 49834 54485 70905 72308 85361 96968 131359 135271
4428 4686 10280 19425 25624 28383 29470 33161 34454 37456 37831 39758 48982 50429 54393 57680 79395 91591 124246 125989
415 1441 2804 3958 7461 8126 12179 20512 24852 26932 27127 33962 39473 43893 66067 83890 88054 95736 124244 172425
5193 8549 8715 12721 19324 21608 21694 25281 28868 29961 35348 43724 45970 51970 53478 54329 56578 60196 82258 199794
1572 5543 6240 8251 9623 11731 14785 18974 19618 21816 22255 28273 37419 43028 54751 58329 112816 134162 142678 151137
503 2402 6287 6365 9909 19964 20497 23740 24770 27609 29548 32087 38685 41609 53155 78352 85464 91780 100113 153106
5799 7387 7676 8573 11149 12277 13292 15250 17752 28744 36837 38868 45955 48951 63901 64852 79932 90782 107395 193238
1789 2557 4038 5274 5571 7439 11047 12974 19464 19500 27624 34176 41540 46394 60125 63420 64813 78683 143657 243052
1370 1459 5629 5709 6160 10025 18598 18658 19519 21615 27444 27855 28661 29804 50930 52456 110543 131622 136046 160512
1223 5805 9472 13678 14455 20639 24431 24692 27917 30106 30921 33428 35939 39691 44704 50514 71757 125252 155641 166678
146 146 9814 13714 16785 22144 22434 27113 28489 35676 39362 43272 44755 57531 64648 66104 70986 72032 82747 169932
1017 3118 11992 17334 17957 20667 21446 21461 24354 26713 28129 30404 31134 33935 35038 48561 66761 88176 118638 210102
3814 4236 7182 7273 8504 9330 13137 13998 15639 18018 22570 47191 57307 58982 63685 70191 71243 92633 117758 192561
4587 6656 6747 7287 8232 21884 26514 27317 30519 35226 36340 43640 54620 56393 62830 63362 64516 81752 110190 129314
5029 8483 10169 10871 12486 14266 14331 15052 15635 16090 16249 26290 33211 36762 36875 55739 56955 63028 142306 277677
1881 3258 4469 4776 6230 20627 21558 26150 34110 42944 43731 46903 53433 60272 72337 74842 78199 83433 98478 149263
1317 2462 3811 4883 9152 11093 15482 16532 25419 37877 46430 49383 54923 58586 66948 77494 80617 90523 106295 177553
675 3293 6183 12744 16001 16220 18204 18971 18980 19457 22978 38910 40210 58121 60198 67447 76879 90567 116747 204873
4981 5690 11169 15711 20452 21946 30951 33897 36719 37999 38771 39084 45295 47411 52176 59782 82849 85148 119183 134024
1280 4217 5425 7071 15199 23553 26023 27495 29672 32910 36704 40992 47851 51281 53983 77877 89659 90255 109316 139643
4158 5084 7816 10223 20823 21422 23716 24487 28141 29380 30392 41714 46746 49863 54726 61980 80688 88277 107117 112644
1823 2550 17486 19890 24196 29814 33354 33576 34682 35344 35799 38962 44026 48463 49742 51148 63598 106783 115209 125076
876 1376 2282 5180 9911 12015 17137 18587 26781 27716 32812 37287 42269 48026 51210 55474 75598 81171 106599 261644
3352 5889 7302 8327 17491 18843 20779 24949 29231 30399 35779 37476 42510 42737 51496 70959 73979 91155 103351 162876
561 2225 6626 7977 13868 17277 17884 24902 27546 28763 37582 40696 44487 50362 53574 55370 56838 72875 146997 159149
2761 3453 6198 9030 11239 19441 26475 28886 30400 33503 37389 44381 55773 61822 64206 78640 83171 95638 104325 130502
2981 6978 10927 11803 12414 17738 18867 23762 24216 24973 31147 35907 46497 51177 51983 52176 67944 101006 134527 190005
2193 2719 4350 6680 10130 11325 12254 17703 22439 24929 28446 31101 37772 39835 62491 72203 88076 100903 142898 150470
1717 5438 9026 10602 11004 12627 25433 33970 36736 50082 50800 51291 52622 55369 57968 73858 76299 76895 92322 119507
