1000 30 44
24 972 2671 3258 3710 3980 4141 4239 4439 5523 7948 9209 9322 9493 10241 10936 11501 11591 11656 11761 12055 12706 15422 15674 17801 18471 18604 22208 22253 23046 25085 27468 28258 30663 36711 38584 39599 40294 43491 51827 54159 61682 71258 73165
1021 1241 1386 2144 2445 2546 2655 3570 3749 4031 4272 4860 4931 6823 6888 9420 9963 11637 12041 12357 13389 14029 14753 15054 15445 15532 18291 20746 22357 23082 24987 26845 28018 32009 32581 33210 33694 39032 40067 43587 48956 52111 53337 116941
252 472 484 745 1245 1371 1855 2331 3685 4198 5928 6264 6382 6787 7991 9458 11469 12294 13134 13172 13973 14616 15807 16538 16649 17911 19205 20151 20868 21411 22051 22134 24299 29440 31900 32148 39525 40636 41452 48476 51956 56187 57111 90668
215 290 925 999 999 1351 1600 1603 2212 2482 3040 4063 5690 6626 7124 7276 8193 11586 12965 13887 14249 18722 20088 21774 25157 26458 27192 27436 28180 28720 30422 31960 32667 35638 35710 38653 38695 41057 45037 45803 48581 50556 51340 70395
508 1073 1985 2371 2923 4056 5634 5803 6180 6822 7055 8005 8091 9129 9492 9526 11314 13023 13474 14261 16281 17026 18287 18648 19541 20459 20588 23120 25000 25050 25499 25920 26338 31674 32091 32509 34419 35681 44891 50059 52756 55062 57935 60714
372 1093 1246 1451 1526 1569 2549 2649 3203 3951 4394 6744 8310 9502 10080 10325 10530 10642 12588 12623 17263 17960 18751 20882 21401 21643 22580 23313 23532 25173 25319 26110 30932 32489 33450 33472 34425 35920 36446 38617 46142 68970 72635 80052
218 277 287 798 913 1888 2229 2549 3536 3668 4421 4671 5230 5802 6743 7981 9884 10461 10596 11277 11925 12595 16285 17082 18487 19096 22780 25525 25700 27673 29711 32565 34303 36847 36877 37856 38011 40883 41421 41878 45010 46022 61614 66046
24 750 911 1223 1238 1414 2202 2563 2738 2774 3206 3722 4669 5203 6088 7686 7986 8611 10793 10972 11122 13022 17679 18058 19293 20268 20711 21934 22543 23070 23686 27788 31694 32157 33837 37234 42213 42626 45382 47073 51192 51680 66719 130292
343 643 1431 1485 1712 2208 2436 2526 2583 2745 3298 4707 4754 4873 6136 10553 13377 13460 13998 14178 14722 16291 16748 18002 18057 18252 18723 21079 24634 30506 30610 32258 32655 36119 37686 37903 38590 39250 39321 39853 43331 49971 52195 59473
113 294 482 761 1117 1394 2400 2773 4092 4934 5148 5175 5598 7037 7065 7773 8048 8694 8844 9217 10273 10302 10643 11833 12054 13555 14493 15806 16809 17344 17760 21574 21736 22667 24538 24972 29621 30085 30180 45770 63794 66363 93491 143517
149 150 326 535 1507 1834 2753 2861 3901 4094 4878 5118 6464 7471 9466 9970 10266 11427 11491 11571 11629 12500 13169 13524 14541 15070 15889 16324 17638 19296 20784 25093 26447 30049 31533 36478 36956 38913 40501 53697 54532 54662 57376 67468
1196 1397 2132 2198 2458 3893 3963 4509 6434 6876 7828 7998 8083 8493 8525 9330 9347 10490 12116 13119 13963 15475 15767 17173 17183 17330 17957 18558 18639 20000 26655 28357 35033 39576 41402 43460 44988 47492 47782 48028 51101 51200 53170 55132
1885 2494 2638 2717 4837 5243 5752 5943 6471 7378 7386 7674 8146 8251 9489 10418 10518 11555 11559 12469 12768 12928 13579 13630 14135 15983 15998 16636 16866 23756 24883 28261 29268 30433 33006 35297 37735 44417 48598 49177 49482 59033 72019 87026
41 665 1432 1443 2106 3959 4073 4109 4276 5439 5508 6183 7378 7578 7755 8435 8537 10179 11199 11611 12515 13169 14607 14629 18169 19159 22507 23477 25008 26251 26851 28235 30985 34458 35740 36435 38629 39308 43409 50266 52256 55227 55419 59709
170 875 917 1414 2083 2719 3053 3557 3864 8504 8714 8750 9174 9369 9983 10722 11614 11999 13000 13940 14531 15610 17647 18764 18898 19914 19925 20665 21940 22416 22636 23770 24798 25967 27660 29978 31077 33784 36609 45149 49806 50863 54199 70591
1001 2281 2303 2667 2784 5940 6054 6300 7019 8101 8525 9217 9307 10343 11922 12827 12902 13308 14217 14958 15538 15824 16766 17569 17687 18339 20545 20702 21193 21414 24052 25637 27527 28248 28630 31027 33346 36006 37263 46576 47600 48475 49150 101737
165 1630 2280 2851 2981 3470 3684 3966 4041 5242 5342 5511 5617 6418 6445 6769 6949 8492 8757 11560 14624 14638 15206 16181 17376 18573 20052 21227 21433 22126 23110 26005 26227 29019 34510 36063 36823 39915 41613 41769 44279 47342 58220 83615
285 1006 1052 1942 2817 2847 3057 3344 3701 4113 4524 4528 5595 5712 5889 6309 8024 8893 9092 9950 12920 13031 13101 13410 14044 14791 16410 17620 18855 19343 22813 24414 24463 28058 31366 35726 40549 42021 46204 47831 55660 65923 67306 72593
244 291 705 832 862 1873 3157 3265 3559 4863 5468 5496 6089 6113 8844 9392 10430 10473 11986 12019 13817 14164 17828 19408 19947 20155 21723 22510 24360 27871 28324 28924 30609 31808 32546 32745 33668 34819 41727 44655 51450 51725 57460 73366
101 471 1408 1596 1730 1802 3124 3232 5095 5480 6515 7558 7567 8921 9276 10374 10461 10542 10899 12389 12792 13435 14567 14578 17281 17330 17656 18038 18864 22286 26713 27055 27447 28469 30260 30935 31073 31268 43770 46137 49563 53954 60841 113876
970 1196 1461 1784 2019 2559 2579 3189 3351 3471 3762 3780 5140 5291 5978 5984 6452 7378 7733 8397 9639 11488 12579 12866 13959 17011 19084 21488 21515 22271 22426 23077 23366 25271 26633 29806 32317 33127 35720 44398 46762 71052 72314 94365
1280 1917 2807 3741 4186 5467 5484 7501 7775 8579 8753 8844 9345 9619 11667 11692 11774 12113 12578 12985 14118 14670 14837 15692 16300 16536 16847 18018 18604 19892 21426 21695 22432 23597 24216 26749 29506 30278 30902 43509 45512 46194 46511 88364
235 1184 1196 1664 1928 2236 2604 2615 2852 3148 3201 4050 4946 5473 6910 8689 10027 10416 11932 12502 12833 13137 15728 17514 17758 19614 22206 22971 23972 24644 25780 26252 27263 31207 33835 38838 38868 39908 44208 47282 58914 59598 59790 68573
185 414 495 770 2217 2638 3797 4234 4387 5145 7306 7402 7932 7979 8329 8562 8614 9648 9706 10045 11286 11721 12100 12606 13890 15003 15043 16800 18086 18245 20831 21229 21781 22728 23211 28507 33809 38779 40927 42299 77070 77305 86313 96570
1128 1326 1544 1666 1686 1744 2026 2140 2559 2567 3992 5345 5432 5854 6034 9677 9965 10081 10423 10720 11161 11249 11394 11636 12730 12883 14438 16992 18214 21770 25311 25391 26931 29969 33618 34284 38006 40647 40989 51776 51971 58101 65499 77458
168 591 2185 2402 2849 3520 4314 6001 6063 6420 6532 6545 6938 6947 7499 7693 7923 8742 8804 9990 10020 13366 13924 15070 15758 17369 20247 20498 20554 21078 22333 22736 23465 26682 27430 28052 38766 50106 50642 51754 55876 55884 57330 115233
96 687 1189 1408 1413 2079 2321 2443 2819 4975 5304 6067 6111 7287 8645 10079 10595 11685 12420 12428 12615 13117 14101 14279 14433 15058 18727 19305 21018 22450 24286 24436 27734 29343 30010 38320 41710 45539 47396 48432 60540 64223 68362 77459
76 912 1415 1417 2892 3744 3912 4335 4757 5449 5625 5666 5896 5921 6017 6265 6397 7452 8469 10863 12931 14238 14649 16903 17350 17870 18590 19500 19510 25188 28379 29285 29975 35094 35544 38015 40965 46369 47908 51072 51132 51599 54524 71369
924 1323 1492 1946 2245 2587 3269 5070 5431 5657 6086 6452 6871 7382 7412 8201 8713 9484 9941 9948 10028 10816 12587 13044 13770 16519 19258 19972 20475 22075 22244 22975 23178 25415 28781 32504 32982 34780 40456 45076 46954 53333 58973 83927
1580 1726 3246 3922 5470 5868 6002 6738 7790 8648 8899 9045 9504 11033 11380 11566 11625 12408 12604 12690 12977 13980 14638 16274 17656 19710 21114 22251 23993 23995 24822 27914 27933 28173 30137 30858 31762 33607 33746 35471 36238 51630 58428 79455
