1000 17 22
1447 7246 8576 12955 13391 14315 15506 16948 19992 25338 26163 35404 50222 55826 57379 59874 88149 89422 90588 91437 92578 109313
154 2454 4376 4486 4524 6047 6140 10257 19589 21610 23918 31219 52138 53846 59731 71048 71577 74072 108536 111703 118385 132154
1126 1193 1927 5578 15280 17131 20939 25003 26103 28405 34833 36322 39795 39890 42941 47938 54013 56072 73851 79942 100338 234995
3477 6236 13567 17114 17522 18466 19576 20649 21180 22519 25208 28221 32846 45224 47417 49693 52038 88737 97778 104783 105231 145579
4646 8671 9423 14758 16411 19005 19850 23452 23614 28947 29414 35038 36378 43599 43640 46860 56229 61965 103351 108894 124665 125746
254 453 927 1391 1802 3149 6239 26116 29795 34202 36531 51963 52604 52631 53686 60420 69040 71332 72180 86345 93307 180807
1718 1855 9459 12891 15883 17351 18708 25433 27370 30243 31669 37769 38630 46511 49755 62475 64300 65840 69642 71316 100842 181060
4313 5565 6922 8710 9318 9732 12256 14077 14188 16917 23469 24579 26100 36301 38127 57366 69608 84913 97926 131486 133756 155804
851 949 3145 6370 6710 12756 13637 14642 15375 24504 30819 37680 37922 52068 56711 57433 66159 69325 82845 119859 124960 149986
1145 2799 3058 5125 12875 17857 19560 19870 23012 24236 24655 25624 26024 46381 50196 55361 59718 67853 77965 104010 151412 173517
1060 1153 1818 7326 8196 10972 12402 15211 16255 22200 24496 25630 28124 64190 68262 74006 84287 84351 84995 102304 104751 137703
1233 5381 7889 8379 9644 15534 17074 22193 23315 26029 26607 31229 33372 37481 37953 38815 40193 56732 78910 84394 188553 193951
1348 2107 3688 8166 9032 13866 14331 16657 17224 22540 23248 26622 32314 32829 34072 52745 63954 83543 94769 98522 136209 195869
7554 9472 10837 12266 13808 14238 17005 19045 21101 22400 29704 29713 30041 31826 37709 39805 45015 53204 74929 133245 155882 180094
1646 1857 5229 5803 8949 9869 13869 24739 26063 30245 30860 32298 34102 39462 49927 52748 53971 65263 83992 90669 95720 231707
3768 8027 10350 10638 11718 17241 18536 26715 30901 31511 31721 36213 40450 43128 44138 48264 54615 57378 61348 73337 126190 205427
448 2837 7991 8772 10935 15199 16105 17784 20067 25445 25657 33029 41189 41957 50162 60037 63711 66115 79802 111035 133124 159345
