1000 34 46
86 516 1169 1424 1634 1991 2019 2466 2478 3406 3522 3581 5060 5238 5558 6022 10127 12454 13375 14107 14562 15789 15833 17073 17700 19248 19565 19943 20687 22138 25122 25305 26002 30707 33305 34324 34764 35262 37887 38719 40840 41704 45017 56220 87425 88593
654 671 721 833 1137 1377 1611 1676 3026 3401 4479 5196 6444 6802 7356 8093 8199 8599 8785 9693 11229 11797 11803 11825 14359 17381 20127 21379 21429 21659 21778 22825 23640 23864 24416 24861 26472 27104 27766 27918 45224 45349 68742 70913 74631 88403
518 1420 1614 2050 2341 2420 3837 3853 3899 4542 4650 5748 5901 6081 6168 6829 7901 9140 9283 10458 10995 12435 12552 13073 13111 16180 17118 17491 18229 22163 23923 24298 24969 28339 28526 29555 33140 33564 35910 36295 37096 39965 62950 66270 74052 76904
435 801 915 1150 1898 2222 2650 3203 3663 3685 4321 4892 5442 5972 8467 8568 8793 11513 12098 13682 14300 14311 14378 14860 15432 18700 19509 19658 20368 21029 21200 22097 22551 22932 26360 26634 30917 38378 38845 40138 42384 48119 48220 61768 65311 72753
273 789 1111 1318 2041 2192 3486 4334 4379 4962 7482 8245 9712 10010 10088 11133 11135 11153 12465 12478 15176 15999 16811 17159 18266 19800 20730 20869 24138 24209 24332 25510 25797 28024 28855 29119 32957 33729 34389 39875 42046 42137 43361 58266 70952 72055
232 604 929 2956 4044 4264 4546 4817 4969 5777 5793 5988 6223 6815 6838 8011 8606 11336 11942 12661 12700 13277 14034 15062 16068 16107 16688 19507 20466 20487 22584 22756 25247 26928 30768 32805 34174 36927 41927 44573 45465 49880 51080 53455 62325 63384
770 1076 2520 2704 3424 3875 4391 4890 5452 6398 6683 6862 8121 8476 9425 9942 10317 10926 12077 14584 15373 15749 16939 17476 17612 18342 18662 20413 21725 22739 23386 24574 27422 27608 29078 30055 33616 36467 36890 41192 43629 44899 45191 48017 53133 58306
245 752 1468 1496 1629 1663 1787 2668 2730 3016 3222 3592 4134 4890 5260 5454 7540 7689 9320 9629 10394 10728 11209 11635 12958 13084 13522 13752 14386 16201 16401 21286 26202 26767 28244 31924 33877 37010 47679 51645 55955 59467 59566 61117 71409 73417
875 953 1195 1208 2938 4590 4801 4915 5861 6155 6704 7323 7412 7504 7646 8572 8576 9283 10001 10280 11238 11341 11666 13225 17825 17921 18118 18416 18894 19462 21857 23857 25267 25916 30548 31339 32972 33041 33210 41942 42376 47507 48852 58776 66945 73818
302 989 1430 2851 3036 3626 4544 5221 5650 6389 6861 6871 7432 7878 8555 9361 10364 10859 10957 11463 11833 12175 12500 14400 17856 18814 21781 22664 23471 24261 26088 26585 27585 28425 30064 30101 31876 32170 36579 41291 45321 45861 47977 49271 56004 61047
132 182 209 378 632 909 1534 2623 3114 3475 3592 3816 4799 4828 5189 5363 5626 6908 7000 7580 8147 8273 9879 10981 12011 12068 13152 15092 15651 17749 17834 18192 18250 18953 21759 25243 28728 30874 34904 45758 46685 54123 60013 77789 97168 156025
122 250 459 599 814 1300 1483 2088 2341 2952 3236 3241 3466 3790 4510 4720 5210 6158 6678 8553 8576 9889 10938 12343 12510 13495 15392 17563 18168 18711 19317 21372 22304 24257 26972 32774 33638 35007 45550 45802 46217 46806 51376 66071 68051 141289
65 837 850 1757 2087 2387 2553 3281 3468 4535 5494 5869 6971 7553 7868 7910 7934 8865 10273 10542 10640 11307 11563 12827 13894 14717 18252 19403 19454 19945 21169 21769 22136 22990 27976 28621 35886 36445 38891 40794 42053 48157 49334 50570 71457 83396
455 620 629 1980 2030 2195 2454 2487 2657 2664 3059 4061 5196 5196 5972 6138 7249 8333 9260 9708 9825 9902 11964 11996 16063 18348 18980 19251 20694 23900 24585 24597 27681 27689 28908 30414 31950 33579 34442 39482 40214 40334 44095 47281 60282 126407
664 1294 2222 2953 5716 6854 7154 7382 8187 8422 8455 8880 9956 10754 11120 12323 12373 12671 13797 14203 14513 15675 17681 17760 18027 18650 22030 22653 22771 24628 26472 27220 27557 27741 29574 30918 32020 33894 34308 34913 36075 37511 45226 53291 56310 60113
681 994 1023 1118 2096 2208 3839 4000 4275 4345 5541 6226 7059 8022 8041 8219 8781 10058 10299 10530 11029 11445 11831 14245 14298 15660 15985 16718 18198 18836 18967 25149 25634 26668 27911 34656 34717 34824 35147 40315 48032 49122 56061 62051 65513 72510
378 890 1164 1297 1484 1761 2555 2994 3570 3611 4065 4987 5058 5215 5270 7388 9500 9605 9861 10342 10481 10602 11479 12308 14567 14867 14962 16552 16857 16918 19857 20235 20979 23366 26655 28461 34228 36432 39882 41012 44400 47514 65134 73118 80279 96177
371 457 637 861 1256 1311 1701 2218 3226 3386 3886 4538 5104 5803 6177 7089 8003 8127 8526 10042 11454 12003 12548 12880 13195 13693 13816 16065 16978 17143 21733 21958 23034 23613 23772 35129 35256 35936 38076 41465 47347 49779 50922 51162 83690 98803
721 2058 2061 2674 2911 4105 4119 4193 4240 6046 6057 6552 7112 7678 8019 8736 9375 10216 10464 13104 13998 14411 14506 14517 14563 16178 17526 17552 18694 21083 24044 24118 24443 24643 25052 26640 36456 37179 39216 39269 39941 41523 50173 55873 57260 67029
228 400 1242 1267 1458 1788 2042 2080 2392 3365 3706 4638 4720 5036 5549 6832 7051 7393 9005 9975 15110 15350 16177 17007 18153 19394 19555 21029 21100 21889 22126 24726 27838 31479 32252 33401 34348 38049 39065 42280 45565 48744 53928 64045 64827 76479
199 491 1858 2573 2752 3326 3489 4601 4916 4960 4987 5086 6850 7500 8812 8908 9005 9098 10379 11022 11190 11218 11531 11723 12305 13502 13948 14092 15409 16770 18038 23397 23535 23873 35103 35931 37795 41106 41930 42782 47092 47259 47532 47543 83006 96306
66 237 511 1184 2294 2297 4211 4290 4722 5629 6806 7791 7883 8074 8429 8596 8654 8854 10200 12245 13127 13602 16882 17951 18134 18717 18878 21453 22278 22302 22494 27128 28441 28909 30942 34661 34825 37423 38500 38859 39862 41776 47937 58553 65806 84801
622 726 1322 1467 1645 2295 2568 3395 3700 3903 5138 5291 7065 7533 7607 8085 8189 9017 10259 10369 10525 11677 11852 12124 13175 14729 15268 18270 20292 21245 22645 23300 25166 26115 26838 27250 29691 34590 38737 41253 44677 57272 68510 68725 70825 98523
143 282 853 903 1599 2023 2103 2876 4325 5242 5634 6266 6513 6558 8762 9590 9602 9930 10805 11011 12387 13244 13482 14679 19248 19335 19785 19888 21738 22663 22728 22782 23466 23544 23619 25245 25552 26429 28811 31940 37551 40929 43591 49801 82737 104729
348 1194 1504 2543 3283 4906 5241 5356 5379 5452 6580 6823 6866 7174 8263 10122 11926 12596 12950 14969 15360 15634 17208 18088 18135 20297 21299 22753 23847 24574 25530 25775 27429 28609 28943 29500 31513 31919 33952 35675 37390 39594 48599 56421 60691 65457
613 1351 1587 2403 2477 3285 3332 3485 4452 6103 6604 6728 6936 8499 8895 8935 10655 11380 11668 11865 12796 12974 14994 15883 16486 16961 17797 17836 17965 19729 20026 23061 24483 25720 27584 29974 30900 32609 32821 36859 46363 52513 55129 55805 56529 65152
350 1404 2531 2643 3953 4045 4203 4312 4422 4736 4909 5212 6948 7101 7564 8226 10156 10237 10857 13686 14829 16483 16535 17406 18054 18924 18947 19368 19615 20805 22459 25195 28600 31505 32216 32371 32663 33401 34593 35922 38566 41236 47453 49677 52115 76215
253 451 671 1592 1639 1761 1761 1975 2722 3585 3858 6065 6444 6559 8578 8991 10256 10262 11007 12165 12527 12534 15119 15611 16691 18445 20850 21199 21488 24815 25817 27344 27477 29464 30105 31101 31425 33780 39066 39592 42727 44794 49209 55802 57592 74761
3 660 1559 1853 1957 2018 2020 3379 4085 4349 5044 5183 6495 6609 9015 9403 9463 9503 9846 12239 14714 16746 16836 17807 18281 18641 19017 21307 23200 23544 24001 25474 26562 27850 29282 29602 30333 32919 33260 33814 36567 42642 53976 67609 71161 87373
55 235 478 1997 2051 2857 4103 4199 4895 5686 5858 6190 7961 9811 10046 10554 11842 12026 12436 14017 17488 17815 18049 18053 18914 19278 20216 20718 20741 21285 21593 23396 24527 24912 26298 28406 30823 31881 34841 35034 36933 38591 48566 59550 70687 93143
852 1447 2651 4310 4575 5360 5907 5945 6282 6971 6986 6988 7254 7531 7783 8271 8687 10294 10954 11290 12751 13109 13485 13933 15180 18551 19116 20027 20721 23890 24277 28081 30450 30711 31198 32286 35125 36920 39179 41296 43893 44434 47627 57101 59107 63663
542 1537 1652 1728 1733 1880 2416 2493 3526 3851 4262 4962 5320 7092 8553 9651 9907 10525 10769 11159 12015 12689 12954 14248 14386 14962 15022 15288 15495 17470 17738 18346 20499 20744 25421 29372 29643 34635 36931 41888 45216 46889 47211 58063 85499 86689
571 964 2744 2949 5415 8285 9074 9145 9236 10527 10683 11172 11277 11370 12511 12577 12726 13592 13683 13732 14873 14981 16263 16330 16840 17120 18276 19225 19420 20018 20980 24418 24492 24529 25140 25451 27635 27685 28502 30630 30807 34407 46782 51602 56743 80072
79 441 1313 1860 1896 2740 2935 3312 3493 5313 6321 7208 7816 7952 8297 8928 10016 11007 11950 12607 12675 13844 13943 15305 17762 18343 20171 20806 21227 22314 22524 24623 28366 29748 33935 36204 37934 39670 43484 44926 45569 50866 55326 55490 56898 62339
