1000 46 38
836 1503 1915 2198 3470 4290 4523 5060 6475 7462 9820 10282 10282 11605 11760 11889 12002 14691 14727 15264 15373 16731 16935 17049 17162 17819 21173 21537 22957 26962 28923 33955 34564 35194 42414 43469 44650 102156
502 750 757 1352 3662 4718 5455 6043 6918 7427 7534 10700 11561 12006 12818 13268 13967 14794 15488 15797 16538 16754 17167 17873 18132 18657 20137 20922 21650 23073 28046 34085 36471 45782 49789 50377 56696 58117
336 1683 1700 2458 3491 3775 4478 4515 4821 5137 5335 5716 6920 7360 7544 7673 8737 9981 11137 11139 12103 13639 14254 18705 20803 21206 22825 27016 28324 29458 30534 47930 55813 56599 57305 64663 76199 87997
806 843 900 1028 1186 1377 1614 2713 3953 5124 5206 5985 6995 8829 9745 10854 14541 14690 15457 15503 16038 17496 18402 19994 20420 20869 26085 26315 27735 36525 40719 41384 43128 45890 52442 53098 64253 71695
21 258 374 430 693 1434 2648 3134 3392 3605 3765 4798 5232 5444 10468 10684 11212 14636 15466 17623 17799 18161 18582 21410 21943 23286 28362 34004 35754 36173 42655 47665 52704 52714 53678 63610 77841 122345
658 1078 1253 1835 1915 2381 5402 7124 8540 9031 9461 10270 10310 11024 11097 12550 13406 13770 15494 16481 17720 18226 18617 18734 20761 24530 24704 27750 32371 32765 33153 38012 41728 42875 43891 44673 50452 81230
81 393 397 1037 1334 3869 5831 5857 6789 8266 8985 8988 9209 9555 10596 11916 12099 12650 12960 13094 13123 13555 14156 15243 15560 19685 20897 21860 23923 28574 30354 32528 40897 41708 49562 55874 72661 82525
1281 1378 2669 2681 2910 5569 5580 5631 8561 8627 8813 9785 10242 10792 12024 13504 13678 15042 15732 16158 16307 18203 22310 22321 23367 23766 29541 30112 33089 39767 40032 42129 46536 46698 52028 59910 71958 74913
414 608 1507 1772 2486 3896 3949 4472 5053 5254 6449 7225 8483 8669 8967 11049 12006 12549 12603 15448 15892 18037 22579 25192 25665 26844 28182 30518 32884 33033 33712 38715 40465 52093 52621 65456 75049 77343
379 1032 2029 2937 3529 4150 5207 5468 5762 6309 9341 9478 9714 9966 10364 10513 11245 13330 14840 15604 15933 17080 17812 20597 21241 22657 24430 26238 27737 30014 30897 37391 38283 43087 43866 52514 66216 148064
57 2400 2570 3001 3646 4408 4496 5055 5465 6930 8558 9267 9478 9842 10816 11697 12373 14835 19199 19775 20685 21560 22021 22389 22903 24451 26987 29966 32778 33430 35651 37763 40141 41652 47780 49581 51904 64082
544 1740 3000 3570 4858 6323 6817 8115 9972 9987 10072 10411 11091 12119 12445 13651 13974 14805 15460 17526 18874 20107 22344 23142 24766 25290 25813 27948 28357 29121 29398 35442 47144 48954 53630 61843 70307 82172
10 781 896 1051 2339 2745 5833 5848 8291 9057 9904 10583 10641 11021 11680 13947 14854 14865 14907 17881 20525 20628 21413 21545 23246 27453 28210 28462 33796 34680 35901 35946 40026 42289 46452 47522 53378 74929
712 816 1316 4505 4809 5564 6011 6228 6456 7445 7739 8979 9085 11606 12312 13456 14039 14422 14447 14489 14931 15173 16276 17382 21132 21635 22469 25611 26593 27174 30105 34407 38960 43205 43924 46945 64967 85484
233 2099 3990 4093 4102 4242 4372 4411 5218 5317 6836 7730 8086 8110 8416 8509 8989 11009 11969 13477 14289 15014 15042 17242 21749 22540 22634 22868 28118 28443 28702 32382 35551 52829 57378 59575 62736 123438
399 1496 2202 3179 4106 4381 4795 5209 7059 7064 8381 8601 9138 10256 10713 12186 12462 13764 14673 14741 17774 20234 22505 26041 26709 27259 27772 29978 31062 31312 38167 40212 42055 45479 45703 50268 61762 97026
384 473 1161 1326 2807 2883 3066 3281 4770 5107 5279 7511 9572 9674 11737 13992 16246 17019 17084 17386 17532 17817 17930 18529 28281 28865 29344 30277 32308 38355 46047 46356 46458 50460 62953 71171 76059 79728
841 990 1242 1548 1784 2120 2666 2668 2990 4274 4551 7536 8481 8521 9470 9663 10866 11064 12554 12986 14173 15109 16155 16756 17755 19078 22520 24965 25864 28500 31976 35672 39686 46351 48317 73184 102696 119488
10 666 779 825 986 1085 2436 3571 4387 4641 5359 7252 7681 9963 11281 12121 14561 15210 15538 16554 17347 17920 18771 20442 20541 20780 22194 22414 25173 26833 28995 33386 38156 44166 49220 56209 77685 97710
727 2786 3557 3656 4724 5149 5452 5781 6548 6986 8894 10558 11477 11819 11850 13802 14732 16014 16275 16624 17180 19251 23906 26804 28467 29257 31133 32123 32457 33613 35343 36555 42059 46910 52976 57979 62015 89912
641 752 822 1188 3048 3918 4009 4131 4279 5048 6024 6567 7526 9453 10730 14394 14529 15985 16478 16772 17038 19599 21669 24329 24355 27339 28462 28508 29566 34348 41816 41820 42407 44233 48543 52362 64417 66677
971 1393 1499 2224 2451 2632 4444 5536 5695 7002 7658 8982 9005 11312 11532 11928 12500 14489 15145 15380 16528 17073 17175 17630 21431 23239 26579 27299 27911 28880 32157 32709 35217 35763 43567 47808 79592 117293
159 651 1845 1917 2141 2167 2642 4068 6678 7301 9405 10775 12050 12904 14135 14746 15269 16958 18143 18468 18914 21795 24475 29766 32119 32976 34168 38042 38874 39263 40307 40967 42784 43275 47357 48203 65042 76851
442 738 1186 1769 3243 4339 4356 4580 5351 5479 7811 7877 10979 13213 14495 15575 16189 17219 17657 19751 22021 22062 23007 23318 30742 33726 36637 38915 40802 42331 42992 44698 46009 48983 50262 51761 54413 66668
716 1081 1421 1507 1791 1970 3072 3179 3202 3633 7031 7036 7317 7938 8416 10820 12035 14351 15089 16958 17004 18110 20916 23273 26819 27227 28794 29437 32111 33003 34514 35498 40167 44811 48145 48537 62879 80061
329 2279 2896 3283 4536 4746 5974 6776 9199 9422 9611 9903 10129 10644 11105 12721 12841 14631 16366 16877 17253 17444 18143 18835 18953 19237 19533 20694 26647 29728 30042 33882 35250 38646 41628 44016 50003 145052
2 1111 1948 2482 3648 4938 5055 5587 6221 6574 6691 6829 7497 12021 13313 13844 14453 14854 15903 16481 16686 18169 18929 20688 21931 23107 26121 26294 26716 27036 32775 34018 39635 41870 45512 47627 91879 105282
1981 2000 2711 3430 3720 4614 5320 5451 7004 7069 7368 7647 7922 9279 9711 10302 11751 13270 13748 14545 15380 15609 16158 16587 18425 20687 21634 21981 24093 26998 31582 42084 44051 45537 47294 63327 72398 103985
1916 1971 2971 5133 5492 7601 7629 7999 8571 8728 8794 9097 9256 10771 10813 11042 12205 13573 14038 16402 16826 19352 20752 20954 21965 22303 23811 26457 29092 30682 31813 36575 39079 42829 51045 58270 60180 72923
35 64 489 2298 3771 5295 5359 5689 5729 6346 8904 10300 12032 14317 14341 14970 15579 16095 17193 17502 17764 18248 21615 21817 25051 26388 27572 30007 30856 31298 32797 36916 40252 42369 45167 48411 50236 86589
238 254 1240 1248 2418 4654 5206 5463 6325 6814 10079 11631 12013 12070 12319 13148 13805 15737 18616 19259 20029 20309 21099 21842 23680 24388 28741 31868 31950 33215 35853 36447 36933 40837 41049 45345 47948 67465
1368 3124 3263 4577 5233 5450 5919 6184 7225 7377 7387 8314 9177 9378 10954 12791 12827 14603 14872 15977 16589 17125 18425 21110 22415 22753 23753 24084 25423 27236 30505 31404 31639 32411 43377 43820 47612 65413
224 831 1088 1104 1636 1737 1842 2924 3361 3455 3722 6811 6864 8447 8451 11114 11259 11461 14297 14373 15575 17616 18789 19149 20086 21330 25966 27640 30631 31739 34593 38948 49724 56206 70145 72146 88147 110073
384 496 1186 2655 2813 4166 6175 6917 7064 7899 8108 8471 8590 8866 8920 11419 11944 13119 13822 15298 15397 19986 21137 21161 22095 22341 22905 24661 26660 27850 33261 34972 35431 37918 56107 56635 58442 81391
1371 2438 3369 3514 3955 4947 5305 6161 6927 7470 7768 8050 9592 9988 10905 13210 13570 13793 15017 15156 15569 17486 18597 21222 21514 21973 27187 28522 37026 40014 41424 41627 42900 44474 45133 56424 93125 94159
219 304 420 964 1672 2977 3145 3478 5114 5845 6000 6631 7699 12600 13681 15114 15461 17052 18508 20538 21117 21217 22545 23398 23980 25436 25636 26309 26508 28629 33634 38591 44218 49694 50113 52419 57475 85860
201 1043 1450 1506 1702 1751 2674 5449 5906 6191 6429 8194 8893 9152 12269 12701 13772 15584 15998 16859 17804 18209 19778 20336 22368 22782 25939 33617 37782 40026 40143 43019 43751 45832 47924 63158 70751 77265
133 210 442 823 2043 2563 3618 4480 5090 5628 6894 7402 8063 9949 11050 11314 11643 11886 13105 13617 14882 22471 23890 24393 24974 25112 26165 27098 27460 34554 38693 39005 40220 44944 61807 62476 74729 75983
358 752 1831 3536 3926 5494 6119 6238 6338 6763 7092 8332 8791 9510 9884 10478 10764 11211 11970 12128 12965 13217 14823 15655 15989 18270 25249 27148 32492 35220 43352 44850 50040 53737 57175 63515 79663 93460
49 410 557 685 1574 2561 3620 3998 4447 5089 6010 6692 6813 7635 7764 8094 8769 9877 11287 13536 14159 16833 17020 18979 19344 19909 20652 21954 23366 28513 35996 37593 44525 50069 57357 63854 71442 71736
132 298 324 1553 1619 1638 2284 2300 5003 5454 7089 8236 8341 9001 9844 10134 11099 13095 14708 18284 19666 19713 21038 21468 24811 24850 25460 26059 27007 32214 36270 37305 42670 53491 65595 74499 76077 118656
1798 1940 2336 2621 2865 3520 4273 5673 5711 5777 6426 6663 6818 9832 12156 12291 12629 13202 14091 14418 14459 15249 16188 19203 20782 21029 23793 26135 26228 26236 26564 26592 35719 45404 48370 92520 104734 128549
27 46 710 1563 2201 3768 5529 6567 7100 8077 8377 8980 9525 9692 9730 11193 11680 12524 13202 15499 15806 16181 18633 19163 20545 21538 23167 26091 28169 30365 30776 31721 33551 36048 60751 64215 71961 101524
1010 1213 1421 1851 2308 2324 3455 3861 3954 4003 4991 5255 7272 7374 8411 10935 11089 12826 14131 14960 16725 16865 21490 21982 22434 23175 27613 27916 34877 35760 36914 37054 47479 53066 63993 69159 72800 124736
226 245 2635 3813 3955 4044 5842 7393 7418 8011 8121 8233 8563 9057 10409 11037 12239 12626 12991 15359 15878 17694 19155 19474 19475 22963 25656 28494 35165 36833 37943 39901 45078 45683 51845 55183 61532 64079
898 1538 1778 4863 5943 5975 6700 7710 8344 8433 8841 9111 9687 9949 10197 10414 11157 12398 13521 15005 15560 15608 16619 17169 17910 19041 21291 21354 24546 29824 34336 35617 36767 43083 45991 64234 74445 107145
