1000 27 7
62565 79267 84775 97164 107152 213831 316115
26460 31990 91665 116208 154786 255222 268226
60801 80069 83925 95372 119555 214100 297234
21637 43096 45997 77140 122804 200860 433789
3158 16113 37943 165656 165937 263124 269362
25129 41486 64249 65974 143411 267483 362982
51470 53607 109603 145702 149082 202672 213598
44551 98913 123286 125996 131827 190049 236560
27223 49688 89786 98954 133673 204528 339466
37742 40888 60962 87938 97888 218467 416114
182 38585 57851 67149 201941 265637 337330
22530 43148 56280 57642 85958 127082 564837
2905 12516 30877 76776 79446 310111 415576
6136 14940 41436 74619 114779 335108 365740
21582 27432 95249 99734 135935 211915 337859
1437 45956 63236 154566 177191 199355 329234
29167 29819 74303 95460 164282 201731 349920
17561 63271 89141 122027 163515 196694 282702
4503 44127 94762 129838 206422 214792 245056
10359 20012 21557 73293 92278 305830 419823
23720 52009 76635 110807 150445 242103 284929
13573 13855 72552 109757 148040 284307 287089
4101 29216 75028 118742 187656 254750 266475
2559 8207 11912 50751 77413 225275 552619
61898 81059 106373 117117 150893 174242 263903
10307 21114 53068 117075 125421 267765 359582
33184 50421 52555 164443 193917 210398 266091
