1000 36 28
1156 1551 2969 3026 5858 7004 8346 12183 13171 14101 14211 16847 17841 21228 23200 25953 32323 34818 45853 45994 51551 51979 55883 68103 70619 83232 100529 102849
188 371 1515 1627 6230 7954 8810 12175 14542 15075 16718 21564 22338 24015 26170 29559 33814 34194 36400 37998 38228 47406 51952 56113 63269 68603 70637 109076
1178 3619 7430 7475 8118 8664 9117 11289 13692 18223 18753 19887 22677 24978 26176 26931 29117 29955 30849 34219 35589 46831 49830 50798 57055 57784 84437 142741
2033 2354 5055 6472 6679 6726 7028 8907 9971 11555 13947 14466 16255 17510 17905 18877 22554 28147 30731 36234 37381 39239 41051 50018 58113 60242 94476 188930
167 209 803 3983 4692 10826 12732 13497 19631 22824 23879 24830 25759 27248 27301 29462 30509 30798 31855 32059 33916 34317 36867 40406 50982 75417 75448 148260
2114 3390 3671 4267 5116 5770 7333 7981 9280 11450 16345 18812 23086 24928 28256 29274 29984 30351 31388 31907 37865 56579 58353 59139 67879 72945 92650 106383
1096 3801 4281 8307 8312 11007 11040 11467 13810 14329 14929 15341 15916 17575 18285 19685 24121 25973 31948 36603 37966 50076 50864 60468 62535 70209 88042 98925
799 1267 3220 4935 5696 5829 6823 7015 7972 8721 9186 15827 16342 18781 23183 24893 25204 27961 30980 31103 38899 50389 57195 65948 73055 96278 120595 156586
1164 1924 2279 4646 5933 6602 10824 12103 12284 15371 16282 16332 16473 17081 17280 20020 20595 25850 30287 32050 37087 44213 51264 52284 61661 84816 93673 128544
430 657 1867 3458 3666 4289 4547 6006 7295 11981 17452 18369 21080 22569 23933 24567 24590 27047 30991 32005 35465 44829 50500 57100 70579 80987 89158 127293
912 5386 6070 9258 9483 10320 10367 10467 11854 13395 14165 15249 17876 18526 20942 22153 24771 31186 34712 35629 36655 44795 45708 46033 58233 66170 82796 123506
130 3785 3992 5499 8209 9106 9288 12492 12993 13394 13475 14890 15186 18164 22059 28961 35732 36151 39693 41105 43999 52640 56263 57423 59702 60439 99607 118360
1844 2332 3239 4091 6150 6172 8519 9494 10887 14491 18682 21761 22022 23181 24835 28015 28465 30303 38398 39564 43839 56560 58866 59471 63512 85525 90151 116054
1030 4019 4274 5264 5322 6953 8733 11061 12948 14297 15043 15443 15638 19064 19463 20025 23598 24773 29402 31043 32407 36403 58676 62530 82453 87139 96528 113509
976 2006 2507 4278 9691 11036 11124 13968 16739 18273 23212 23505 26287 27488 29476 30084 31579 32713 39890 40407 42218 43682 46224 47567 64192 65003 76202 109794
2309 2640 5777 7228 9101 10789 10949 15269 16393 17182 17815 20005 25663 27352 27734 30575 31660 32587 34164 37092 39078 50399 54154 69394 69671 70339 93044 106450
1378 7233 8526 8944 9558 9920 10780 11505 12035 15751 17386 17481 17832 17908 18803 19108 19549 20578 22303 23846 38697 48004 58140 64787 76190 78528 129620 141136
887 3098 3239 4244 5499 5824 7080 7125 8610 8714 9147 9820 10327 11188 17069 17470 17926 23527 24815 37091 59087 60312 63055 80003 82700 84718 86426 119477
938 1498 2840 6129 7369 8034 8309 12345 12641 12839 14521 15401 15950 19910 23632 26210 27459 31450 33197 33355 42236 45189 50459 57384 73542 82440 117470 121553
2016 2689 2862 3883 4432 5681 6443 6968 10580 10684 11236 16196 16639 17320 27720 27750 28429 28647 30389 32491 35598 37601 37678 66592 92665 98234 106670 119747
585 2136 4178 5102 6475 7718 8723 9239 10170 11973 12002 17958 19314 20369 20893 28594 29765 29924 31098 33954 43692 44145 46953 57129 60907 78101 101588 102460
1906 3848 4294 4754 5912 7416 7969 8415 9320 10325 12866 13743 15666 18870 20307 20646 22681 27335 27726 33527 34890 41029 47864 66614 71356 87706 92936 119339
37 2782 5078 5420 7143 10582 11179 11332 12053 12594 14259 16193 16455 17462 17877 19864 21813 22985 28331 33255 35318 47569 55750 59892 60373 80183 91988 109273
1203 1350 1475 2715 3923 4330 4552 5774 6530 11053 12082 14879 19945 20775 21034 21772 22204 25304 26739 29611 43020 53624 55341 57458 67254 75738 102531 212127
2738 2862 4452 5550 5972 6246 7058 7722 7772 13152 15212 15465 16344 22736 26014 27528 30524 36138 37306 41532 47350 52016 71160 72359 73923 76015 76142 93548
673 2451 4111 6658 7716 8054 12203 16305 16934 17802 20333 22148 23696 23871 25618 25701 27596 28072 29880 33814 34545 36902 38279 45877 60775 75105 92206 137481
1086 1636 2610 2917 3015 3086 5228 8196 9111 10055 15650 16428 19810 20917 21134 22617 24778 26296 31963 33645 42863 51667 56529 58402 63957 72571 73202 114425
1333 2644 4704 5655 5897 7591 8488 9401 9610 10410 11145 14275 14655 17823 19304 20518 23288 24784 31802 34413 47031 62298 65856 69703 71123 73129 108895 150795
41 488 1568 3474 3717 4952 7846 10292 11842 14172 14814 18728 19873 20709 22671 25782 27739 28241 30385 31695 34121 36533 40039 44487 45249 59861 108088 159103
74 541 1551 2285 4514 5171 7031 10633 12501 16343 18467 19226 19276 20860 21802 24256 29434 29634 30176 35292 36103 39843 41653 44691 63582 88553 105815 108769
2791 3260 5479 6952 8451 10449 12670 14326 14994 15021 15153 16376 18404 20406 23267 24880 27234 28801 29281 36383 42988 43830 45235 56824 58807 78080 104816 142663
268 683 2180 4778 4826 6874 8654 9211 13900 20441 22055 23625 24225 24410 24680 27670 27692 29715 29942 30698 42269 48420 54639 61422 79131 87441 104836 106967
1522 2074 7099 7883 9650 11193 12480 14285 15389 16242 18353 19971 20066 24925 27487 30454 33472 34881 35064 42574 44448 46637 47059 47480 64179 65211 80830 100251
192 343 1739 1741 2392 2682 6259 7974 11005 13433 18735 20213 21143 22511 25243 30661 31574 36228 37409 40441 41065 51890 54316 60082 63630 69917 81285 83550
155 726 2245 2358 3067 4200 5980 9508 10502 11327 12002 12852 13841 20294 21918 23201 23977 28531 29241 34410 40701 42214 62769 73311 79870 87176 87730 98315
435 3856 5936 7864 10752 11027 11197 11709 13273 14177 14683 15119 16915 18574 21398 21854 23820 28584 32852 34466 35419 55019 62566 63940 71913 79705 81720 90559
