1000 42 26
18 1235 4181 5307 5408 6866 9310 11000 11509 13158 15338 17094 17175 18137 19628 23462 25008 25258 29349 34172 38898 46323 47017 67842 97890 125914
271 4435 6227 7700 8378 10414 11711 15964 24236 25812 28189 28513 29595 29769 39656 42081 42858 48766 49607 49872 51211 54745 57674 62899 64212 79135
1744 2026 3443 4536 4624 5373 6913 10199 10380 12259 13441 13904 16983 21508 22779 23379 27313 30784 39532 45129 50696 53145 54239 72039 78597 150241
1607 2195 5165 5225 7231 7376 8243 8924 10842 11017 12005 12230 13495 29329 30409 33005 36816 40092 40805 42121 43132 53012 59434 67393 71927 87630
1103 1204 4459 4716 5207 5212 5791 6243 12095 12811 16640 16847 17524 17943 18397 19613 19911 26266 36976 42878 48973 49452 52673 60481 66323 156577
82 392 1971 3173 3358 3491 5143 6117 11162 11867 11896 22392 22558 25692 27746 29372 31953 35428 38494 38710 44353 46867 47413 68027 116223 123009
1183 4244 5466 7177 10867 13984 14382 14947 18252 18547 19787 20478 21664 21723 23899 26638 32187 36629 46671 47008 53600 54752 57777 60845 62707 64238
803 2510 2565 3702 4725 4854 4985 5587 7273 7457 9757 14099 15461 17721 20033 27728 27837 32801 33100 34869 38365 40458 61523 74425 104107 135757
317 4034 4764 4929 5716 9183 9576 10072 12578 13770 13956 16059 17776 17865 18488 19662 20935 23956 27663 34776 54020 59843 81656 84227 114074 114695
754 2224 2271 3115 4078 5146 11717 11795 12518 13118 14449 17033 18497 18642 20551 22118 24390 24691 27168 42191 51144 51454 58172 72412 84080 96827
3905 4164 4339 5804 6353 6833 7044 11367 11369 11947 17147 18809 21333 22172 22643 23666 25702 28870 33252 34025 34689 37652 67840 82335 111266 118653
584 1597 4792 5977 7082 13084 17011 18623 21673 21783 22832 29324 30097 30645 31618 34361 37064 37617 41361 43173 44950 53089 65202 70375 84035 97593
1203 1834 5951 7510 9285 10211 10535 12821 13694 14403 14630 15546 17155 17833 21003 21125 23431 31704 34999 37874 39638 42251 47519 55951 95900 108848
1251 1801 5734 6643 8218 8697 9742 17530 17859 18736 20339 21053 23658 27442 28806 31667 35304 35833 38752 45594 46206 50355 53292 57173 69089 107307
411 770 2187 2447 3304 3568 4484 4575 10554 11622 16633 18782 19763 27817 29397 29953 34209 36785 46342 47405 59760 68534 70616 84343 85164 120236
2034 3187 7420 7800 10836 11436 11985 15328 16940 18450 18725 21390 23968 25253 33491 33673 34755 35068 37638 40594 44149 50054 56939 85225 96074 115687
927 2081 5143 8284 11628 11758 11812 11994 12452 13382 15940 16805 17437 19536 21393 28527 31189 33406 38977 40465 42640 44645 57917 72829 82975 117344
744 4853 4911 4997 7835 10750 11646 11789 11940 12056 12264 12911 22306 24515 28544 29468 39790 46574 51794 52124 55414 58141 80499 81103 99189 109260
166 483 4092 4690 4760 5375 5742 6852 8175 9089 11630 14048 14640 17695 18165 22785 25119 29318 37431 38289 43868 53395 57870 72418 74717 168935
1976 2670 3802 6482 7997 8922 12123 12296 15219 17817 18547 18673 25958 27493 30272 32114 32471 33966 37936 38714 45061 60688 68078 68933 72981 112131
1589 1971 6982 7174 8161 8740 8901 10042 19201 20044 21357 21714 23672 26242 27037 29019 29997 35409 41810 44454 55497 55950 60807 63794 64317 141184
415 417 541 629 942 2432 4073 6318 8018 11433 13248 14881 15917 20065 23501 23716 32143 39211 45751 47306 73202 79519 79812 98062 100035 101915
907 914 1210 2432 4283 4853 5261 5997 8450 8686 8992 9198 12124 20519 23522 32849 36754 41294 41575 45505 47467 49075 54486 77134 78874 83722
248 1205 3113 6117 8914 10126 17923 18525 18783 21586 23127 25772 27746 28422 29763 30748 31112 35552 42558 45301 59653 61095 65578 66161 77250 108385
935 1271 2453 4360 4577 5058 5718 5985 7310 8153 9014 11723 15936 17695 24250 24383 24708 25080 28935 37323 47868 50658 52745 56277 155496 175473
1772 1806 2332 3014 3370 3454 6353 8750 10239 10991 13375 13507 16478 18136 21332 31784 34857 44154 47081 48114 48809 52148 56545 62895 74268 166821
1210 1301 4030 4979 10257 12421 12529 16041 20927 21407 27390 30595 30939 32577 32998 33189 35342 39854 40374 48286 54443 58405 60051 76703 77119 81200
1273 3187 3287 5080 6166 6685 8745 11845 13024 13117 16925 18050 29273 30621 33232 36095 39211 41135 41653 41710 47162 48189 48818 63385 88824 174237
188 899 1532 2474 2547 3868 4059 7943 10440 14108 15323 18493 20557 25223 26748 28897 30989 33994 35077 38333 38571 39780 52470 57294 111884 179395
69 773 2076 3164 4245 4404 4959 7034 8402 9800 11500 12199 12851 13237 29651 32217 34398 34677 43006 43091 47984 66980 71472 75864 97705 126910
1448 3736 3879 6638 8030 8530 10320 10986 17849 19294 19823 22004 22475 23241 24357 29080 29969 36767 48398 49921 50024 52278 69367 70562 71733 81991
2242 4104 4548 4656 4672 4906 5637 8808 9389 19733 20123 22776 25207 26616 28525 30340 33272 33274 36122 36733 37139 47047 54356 57954 61294 270247
2056 3014 3385 6242 6910 7235 9787 11573 14780 18894 19299 20303 21252 21262 23855 23898 35063 42663 43229 44255 47389 53180 70641 79686 110441 128811
1395 5644 5999 6238 7579 8077 8239 9306 11150 14597 15515 15798 17784 19075 19864 24044 24288 29628 35874 36373 41779 64921 72990 77437 89664 125371
168 419 2566 2645 4812 7434 8003 9293 10093 14058 22200 22638 23067 27188 30407 32826 32929 34152 38951 41783 41960 55765 60906 68815 79170 168923
1654 1675 2720 3948 7351 7790 7871 8506 10220 11207 12156 13288 15489 18074 27196 27459 28667 35574 42870 44013 47772 48520 63621 71480 74115 75676
1612 3106 3917 6022 7035 7526 7845 8597 12357 12508 12677 19657 27045 31914 33296 34274 36718 44594 45254 46119 47335 50590 51589 51750 95032 104883
1051 2871 3566 3670 6244 7897 9026 9953 10601 10954 11285 12453 14173 18285 25329 26965 30337 34837 37887 46897 49007 49692 57615 71896 82238 103543
534 1410 2201 4589 5955 6634 12415 13295 15919 20085 20430 20630 24178 29532 32447 33216 33792 34517 46394 48899 55856 56079 65080 67568 80639 117087
558 1220 2600 2938 3171 4292 10940 11279 12938 15286 15787 17251 18301 19827 21472 21753 25033 25038 27641 27657 31930 51360 61285 65309 80845 187119
287 3494 4905 6493 7355 8296 10352 11031 12372 13100 13355 13895 15323 19013 23320 27792 28000 31258 36632 37985 40889 45703 58535 64186 90848 155071
1066 3316 5774 10305 10596 12774 13365 14608 16773 17091 17643 18317 19858 27218 27341 27397 30813 34900 36016 39008 42642 43413 46914 59136 63349 73866
