1000 31 13
11857 13069 13095 16176 17311 35885 48716 55050 72754 90760 135809 141875 300261
12824 13315 14642 27979 33154 47762 73189 91581 94191 101620 106772 123339 231030
158 21022 29060 36333 51440 53091 56823 83829 94068 98352 110531 137005 187033
7921 7953 11178 23760 34610 36170 39167 52290 55405 123726 133208 162232 285553
1793 2989 9290 12488 18243 36451 72641 74266 81060 113855 127003 153311 272988
446 2205 14128 15673 25663 44628 57046 58442 81002 99398 103568 118721 336904
16707 18166 21988 41158 52315 70680 81463 81713 82734 92630 100341 143677 161873
1152 7129 32163 34427 41225 51481 61394 62779 71359 99084 107171 163496 245241
8247 21280 28353 29694 33169 40495 64211 66786 75354 134027 139478 148155 168677
1783 2136 4365 10011 17167 19839 20696 24083 25045 89896 129435 275313 346725
2628 6989 20602 21561 24861 26707 29145 64084 83492 91770 152246 196496 246149
1400 5644 13587 18480 18488 18699 22241 28536 81120 130384 159982 175918 287276
331 2088 7048 10667 16058 34299 45050 51650 62133 119275 120902 192373 304292
6574 7332 12782 23463 26923 41916 47969 57538 87160 135714 136291 152174 223166
3936 8063 31500 37183 39144 52653 64543 69976 76254 104157 124506 127206 229701
5298 16050 24436 28624 29110 46106 57009 65676 79848 109166 111881 154681 253677
1633 1659 7951 12411 12898 27639 35363 41718 50086 56338 80512 308578 332279
3474 11006 21095 27181 28274 29556 42138 44238 70209 75781 92668 189876 327284
11091 30884 43210 45717 54006 54752 69184 69776 72716 75262 104574 120135 201718
15623 18364 21008 27922 37451 40612 41046 45115 81832 96878 144191 188521 207338
6042 14289 17844 28413 51084 56346 58084 65247 67535 80359 91062 198317 239725
2792 7318 7801 16127 27174 27688 45877 53529 92923 103852 183920 190538 223428
2046 30947 39494 39769 48024 49704 53966 60261 82347 85521 90873 170599 203017
2347 10869 16611 18347 20338 42620 47391 56493 84350 100459 111297 202099 267997
157 13473 17904 20578 23581 42132 53351 55805 57650 103663 108195 166286 292178
16647 25873 29955 32743 44200 48399 53358 61861 70520 83792 122643 177775 197708
1589 18719 22227 23912 30299 33771 40029 43706 83191 119196 133083 168288 246117
385 13686 18186 24264 34425 44816 45022 54570 76538 78753 91200 182819 301047
1597 7088 9210 25898 40565 58580 84307 87311 89832 102893 113530 162340 188263
3854 10622 21551 24336 33904 35280 44234 64461 70626 94206 118770 200680 237954
1341 4752 11058 14199 16824 32766 34031 65414 99740 112537 160321 188482 211052
