1000 12 17
1947 5554 7696 8022 8566 12751 19405 36184 38061 40187 49563 58444 63184 76307 90997 104950 242683
3654 5944 11862 14733 18476 21146 22480 23891 24664 33351 41430 51520 60123 68030 93480 126093 199622
4128 7388 16657 17893 19782 20547 20921 29334 29441 31298 37939 66158 79140 81268 99678 105287 140717
978 2814 5623 6216 11413 17651 18440 21794 23784 26010 26303 56475 73467 113008 113595 145905 160608
275 2176 7300 10813 15112 18555 20888 27453 44942 56756 74156 74181 75058 93363 106927 110947 129757
2129 2258 4436 5641 6084 10881 13167 19434 21190 36775 38998 41836 68554 72471 103240 190702 220825
2487 6948 8998 14862 19097 22118 22319 22540 23747 26809 35327 54484 59221 61578 66620 77181 175129
1042 4014 10493 11673 12375 17483 19033 31771 37413 39924 56713 57540 72635 78815 94532 95006 128563
2 7219 11649 17144 21776 24242 28767 37267 42467 52516 53060 63960 65390 74655 96995 101653 148163
5074 10321 10761 12747 23229 23511 23861 26691 34793 37779 38555 45928 61111 64140 82663 92359 133927
2163 3082 3368 4537 13868 14586 29196 30179 31821 35495 39760 47354 52481 56175 117460 154325 197550
2187 5102 7075 8196 10474 11126 19559 23698 26618 34680 40159 42968 75863 78158 90604 162262 174678
