1000 35 33
13 1378 1848 2681 5919 6071 8140 8987 9202 9206 13678 13809 15903 16204 18173 22839 23421 25409 27551 29769 29874 32928 33552 33793 34184 35853 45926 46242 51628 59494 60514 65843 92780
495 627 780 2032 3178 3217 6588 7981 8031 8277 9356 10952 11780 12648 14694 16763 24245 27342 27975 31499 32511 36513 39309 42325 43691 54604 59162 59395 62266 69848 72239 72468 72719
74 5124 5494 9351 10225 10271 10715 10764 10774 11205 14528 17655 17994 18016 18398 20556 20871 21359 22133 25381 28519 29057 34806 34858 35248 36628 40659 46439 56750 57326 57677 60107 67620
117 718 1189 2624 3110 3342 3371 3374 3417 3964 4023 4674 5315 6488 6829 10797 12349 15425 15575 16822 19082 20635 24874 31595 35574 44117 52272 60887 65714 75407 106694 111758 113536
56 1471 1545 2695 3992 6110 6317 7013 7770 9534 10691 13865 16609 17732 19573 20383 26327 26490 26753 27271 27412 28186 28809 30522 31602 34455 40191 41207 46539 64880 70010 88747 121347
224 1138 2422 2433 2512 3409 4065 7705 8977 9740 12052 12532 17039 17378 18355 20756 22392 24330 24752 25292 33386 33813 36505 36596 39790 40446 48238 50783 56956 57043 72387 72393 97837
131 2697 3197 3315 4624 5274 5303 5505 5759 6738 10706 10884 12130 13727 16882 19283 20562 23455 25314 28102 28518 32373 35761 37597 37627 39487 43462 45490 48585 51418 65454 67059 132313
441 463 3945 4037 4121 4573 4929 5879 6796 6876 7851 8157 8239 9889 10289 11125 12336 15611 18984 21156 24351 25660 31018 32732 38877 40858 52078 65478 71919 81478 85795 100014 111488
218 1429 2169 2277 2369 2393 2924 3424 3686 4918 7412 10822 15018 16791 16926 18475 20350 22761 23387 24410 27526 29002 30154 31467 32219 32413 35410 37302 39374 81972 82727 107933 180377
735 912 1578 1599 1759 1784 5359 5444 8049 8308 11054 13499 17371 21261 21873 23496 23721 26561 30010 32794 33155 33386 33513 35818 37642 43750 44939 47606 55931 65199 68111 69088 98057
352 817 839 1876 2016 2098 3209 4596 5056 5264 8617 9300 14122 15217 16928 17067 22321 23728 23827 31368 31668 37344 37372 41018 44083 46581 48167 48838 49258 70272 71831 75777 76333
910 1671 1855 3886 4876 6086 7449 8400 8438 9084 10404 10549 11120 12303 12840 14924 17082 17559 19577 21263 25223 25239 29075 29884 35928 48341 48483 55317 56332 58044 64536 99644 165821
347 1327 2556 2599 3376 4012 5201 7287 9168 11002 14472 14495 15138 15175 15419 16420 19135 19436 26197 26732 27131 27423 28576 33503 37271 39131 40828 42622 65992 71739 78118 85758 101932
115 1413 2188 2646 4265 4718 6838 8799 9469 9978 10195 10518 12973 16026 16481 16582 17893 18176 20074 23501 34203 34462 35370 41596 42285 44053 48331 49004 49607 51478 59461 73903 108196
446 710 1772 3429 4269 5285 6709 7485 7971 9332 10970 11842 16099 17867 19623 20438 20744 24683 24878 25887 26243 28181 28919 29491 31727 36647 43711 47723 50418 51015 62398 84254 101523
544 647 760 2046 3228 3352 3761 4646 5007 5287 6628 7607 7974 12055 18534 20842 21119 24191 26185 26964 27084 28156 30042 30719 32819 35019 35338 45252 47310 81397 84187 86737 101088
2150 2652 2675 2856 3658 3745 5054 5876 10523 10574 13450 16110 16319 18034 18585 20088 24212 24686 25540 26103 27330 29545 29921 35290 37816 39044 42593 44076 45906 48391 52971 70256 126569
138 1301 3573 4797 4807 7000 7310 8207 10582 10914 11598 11946 13065 15891 16291 16341 18222 19557 20478 20669 26086 26798 27471 28345 35557 36341 39048 45884 56175 56361 67511 85030 124545
2522 4549 5079 7442 8426 10529 10564 12164 12776 12851 13080 14126 14681 16726 19482 20008 22033 24383 24509 28289 29376 30807 33656 33686 37096 37293 48797 49204 51137 52440 61017 79607 80015
10 458 1028 2298 2864 4497 5111 5415 6025 10686 11786 13551 16630 17492 20625 20654 21985 23267 25313 26575 26788 27754 35129 36867 36961 42937 47169 51106 54620 64366 70117 77109 123210
35 1746 2355 2628 4804 4854 6202 6764 7916 9937 11363 14640 16135 19488 20214 20475 26012 26786 26816 29500 30497 32016 33657 33715 35923 40187 41356 46652 46931 48090 53806 67345 124445
1064 5299 6827 8635 10383 12177 12530 13122 13212 13996 14108 14255 16433 16454 17423 19882 20234 20433 20704 23988 23990 26290 27046 27858 29768 37967 40967 44582 53810 54514 57259 68521 92765
1705 2871 5563 6573 7558 8166 8654 10022 11324 11777 12086 13882 13934 14831 15228 15622 24397 24821 25938 26066 26768 28046 29104 29165 29390 44429 44555 51562 52404 53331 55439 64909 95911
1652 2615 3141 4705 4756 7813 8227 8385 8468 8954 11917 14390 14934 16401 16419 20331 24216 24659 26231 26742 33369 36353 36610 37127 37903 40149 45866 47267 47746 51451 56276 80584 94886
497 1279 2146 2206 2704 2840 3187 4114 6959 8097 8509 9468 10185 10382 14650 15351 16680 19247 22246 23618 24402 28965 30058 30100 31266 38880 48422 49867 62091 65202 69508 105789 111846
1059 1468 1677 2961 6024 8236 9278 9442 10169 11709 11904 11975 13068 13839 14070 15578 17103 17667 24554 30098 31136 32082 32234 32888 34480 35411 38184 54235 64129 64338 82715 91790 104429
526 726 1953 3217 4477 4493 5310 8179 8504 8800 10073 11722 14533 14683 14807 16892 17629 19231 19958 20913 21465 26134 30542 33799 37662 42523 43114 47206 60691 81832 83749 102487 108944
450 679 1880 2578 2897 3028 6854 6916 7131 8025 8473 13012 13211 14913 17817 18024 21767 23037 26502 27432 27897 29474 33222 37621 37696 44460 46123 50125 53160 54319 65000 80488 105202
245 443 2063 2264 2335 3071 4134 4188 4950 6833 8171 11552 11781 12193 12214 15653 18854 18978 23910 24589 31182 33842 35566 39490 42389 43246 52839 55034 58513 61825 66937 76870 120300
1010 2000 2156 3248 4190 4322 4807 5465 6260 7031 9389 9427 10316 10498 14534 15150 15716 18069 21603 26688 27472 32219 43035 44008 46819 46958 51938 59053 64197 64294 65226 80072 114320
53 892 1079 2660 2713 4014 5359 8589 12577 12904 13639 16486 20571 20912 21089 24299 24349 24914 26000 27340 28027 30297 31572 32861 33584 34502 34741 35154 37917 50145 70642 115039 148679
150 488 1601 2326 3021 3746 4311 5652 7186 7514 8732 10000 11934 14497 15269 15576 16267 16704 17495 19509 22951 23371 30735 35562 37972 38701 45797 46476 50437 54086 81951 109094 117636
690 1326 1628 2802 5222 5605 8635 8690 9556 10514 16262 17645 18475 18639 19371 21143 23951 24744 25196 26190 26223 29762 33980 40711 41707 42863 43084 46479 47568 49361 59896 66570 71888
522 1569 2240 2291 2296 2370 2671 2864 4347 5691 6155 6179 7718 9392 10167 17719 17975 18280 18956 19478 21322 23442 25783 26234 29907 41498 42829 44092 61183 63467 127585 129435 141418
629 867 1478 2126 3925 5134 5454 6146 6735 7364 11352 13739 14320 17307 17325 18863 20435 21316 22501 25312 26324 27411 28073 29697 32155 33227 34619 51075 57945 65192 82455 100336 101102
