1000 19 9
16085 25109 67943 76221 79947 83274 84589 118319 247160
15688 34364 38593 50868 52243 53754 55307 221968 336241
21026 21508 24632 68227 99851 112925 121180 175327 220795
10820 14922 38477 73824 98719 103615 126323 167101 198689
4893 12305 30721 41325 45698 48475 64624 90733 412615
8465 13243 13311 27806 31154 35559 111460 135362 410607
17796 18102 21178 25041 41432 63904 78256 129885 366433
17108 30918 44120 66431 67822 145020 154456 166923 168560
749 2710 20702 25189 121053 132345 138304 161564 174325
6791 12469 38158 46396 54482 71596 136336 197878 268675
12046 20005 23147 26447 29434 49138 142898 230378 310504
6009 6622 32686 57348 65099 77008 98639 101126 294832
5334 9585 14426 16083 113687 138672 144900 183002 194896
9456 14092 37348 68897 93497 97552 113319 118962 321981
5735 11708 12796 40449 82781 83811 179733 204384 207481
5792 9466 54577 75040 81839 82355 118648 121770 214557
3274 18760 21947 51619 57549 59633 93296 182247 287154
3260 21393 25231 71695 76500 90407 112148 157049 301298
7600 38247 73162 77686 87522 96669 111604 159693 171126
