1000 10 35
478 765 1110 1777 2484 3816 8650 9338 10264 10489 12811 13609 14141 14452 17241 18143 18881 22377 29665 31389 31736 36316 36755 37598 39257 39547 42041 44201 51525 51853 53120 58486 58713 69411 82799
289 1001 1174 1333 1823 1952 5007 5912 5920 7036 8631 11510 14170 16050 16626 16942 17757 20099 20687 29567 31643 31861 32855 35322 43194 45655 46706 48296 49543 51858 56810 61585 62364 65363 85642
65 2137 3261 3466 3761 4513 10119 10970 11992 12946 13147 13625 13679 14066 15881 16290 18063 18810 19740 20054 20392 21674 22578 22593 25507 34304 36728 38419 38921 46897 47749 65099 70006 84017 151627
975 1364 1724 1940 2427 3363 3988 4770 4941 5023 5216 6475 7266 7901 10032 13912 14146 19302 20106 20345 21780 25919 26739 28161 28584 30278 39769 41409 43341 47164 62776 69359 81714 94019 157310
196 383 3753 4533 4632 5432 6194 6825 7522 7960 8338 10100 11010 11522 12652 14870 15074 19857 20418 21346 22589 22755 24131 24709 24975 25917 30414 38498 40246 50178 50251 62895 88679 117850 144451
1223 1363 1507 4717 4945 6504 6718 7684 9539 9791 10195 11480 12138 13554 13574 15868 15929 17506 21629 23628 26844 27611 31457 31749 33586 34554 42580 43405 49178 57287 65406 67986 70260 84861 89087
461 831 1148 1465 2870 3198 3368 3391 3877 4671 5679 6506 7988 9073 11966 13299 13660 19104 30574 31278 33544 35795 36967 39042 44701 45394 47247 47674 49058 54078 56697 62664 63901 68811 101090
957 1429 1751 2567 3636 4224 4697 5247 6373 7757 8426 9471 10444 13872 14433 14881 17024 17565 17839 18047 20522 21164 21245 27152 27313 30672 30951 36884 50122 54584 56189 68438 102503 107649 115234
308 1066 1636 2164 3129 5010 5685 6562 6915 9095 10992 11499 13258 14082 14169 16935 17923 19307 20173 24371 26938 27267 27840 30508 32000 33631 34688 39794 41771 43557 44691 54777 58651 122788 127197
1169 1892 1949 2008 2052 2252 3715 6129 6252 6812 7010 7435 10142 12383 12946 13919 14502 14806 15087 15530 17889 21681 24294 26258 31452 36673 46220 53077 54433 56863 72694 75400 81482 82963 119392
