1 1 16 16 0.45
0001110001000010010
0000000100001100000
0110010001110011010
1001000010001100010
0010000010010011000
0100110000000000000
0000000010001000010
1000000001000000001
0000000001100000100
0010100010000001010
1010000000000100101
0101000001000010010
0001010001000000100
0000100010110000010
0000000100101000010
0000000000000000000
0000001000000010000
0000000101000010000
0000001000011010000
0001000000000001000
00100000000000001000
01000000010000001010
00001000100010001001
00000001010000000000
00100000000001010001
00000100100011010100
11010000100000001010
00001011010011000000
00000011000011100000
00010110001000010000
00000000011001000000
01011001010000001000
00000001100010001001
10000000000000100000
00011010000010101000
00000001010010101000
01011000100000010101
01000000010000010100
00000000000000100000
