1 0 15 17 0.28
0000011000100010000
0100100001010000100
0100001000011000000
0000000010000011010
0001001000000100010
1010110001000000000
0000000001000001001
0000110000000010001
0010000011100100000
0100010101010000001
0100000100000010001
0000000010000000000
0000000101100000001
0100000001000001000
0000110000000101010
1000101000000100000
1100000010000000100
0101001111100000001
0000100001011000000
0000000000000001000
00001000010001010010
00000100010000000010
10100000000000101010
00010010000000000000
11000101100110000010
00000010101010000000
00110100010001001000
00000000000010000000
10000000011011100000
01001101000100001000
00000001101000101000
00110000000000010100
00000010010011000011
01010000001000000001
01000000100000100001
01010011000000010100
00011100000010000010
00100110000001010000
00100100001000100010
