3 2 18 16 0.28
0000000011001001000
0001100000000010000
0000000010000101100
1010001000001000010
0000100000000011100
0100001110101100000
0000100000011000001
0101010010000100000
0100000100110001100
0000100010000000000
0010011100000000000
0000100001000100000
0010100011100001000
0000101000000100100
0000100001001100000
0000110100000000010
1000000110100101000
0011001000000000000
0000011000000110000
0010000001000100101
01100000000000000010
00000011000100001000
00011000000010000000
00000001001000000000
10000010101100000010
00010000000000101000
00000001000000101010
00000010000010000000
00001011001010010001
00100000011000011000
00000000000011000000
00000000100011000111
00110000000000001000
01100001000001010000
11000001001000001000
00000000010010000000
00000010100010000100
00010010001000000001
00001001000001000000
