0 4 18 16 0.32
0000100000000001001
1101011011000010000
0010100100110001000
0101010001000000011
1000100000100011000
0110000000001000010
0111110000010110000
0001011000100001001
0100010000110001000
0100000001000101000
0001100001010010100
0001001000000000010
0001100011001100101
0100000001010100010
0110100000000000000
0000000000010010000
1000001010101001100
0000001001100000000
0100000000000010010
0100000000001010000
00100010000110000000
00000000000000011011
00000000101001100000
00100000101001110110
00000001111010100001
01000000100100001110
00000100100001000000
00000000010000011010
00000010100000000010
00000011000100000000
00010001010000001000
00100100000000100000
10000010010000010100
01001000000010101000
00000001001101000010
00000010000000000010
00000100110001010101
00000000000010001000
00100000000000010000
