0 1 18 16 0.50
0010000000100000000
1001010000000100000
0001011010001101000
1000000000100100011
0000000010011010000
0000000000000101000
0000000100000000001
0000001100000000101
1000000000010010001
0010101100100010100
1001000000000001000
0100100100100000100
1010000100000000011
1011010000001010010
0011010000000000101
0100000100000010010
0001110000000000001
1010001000100000010
0001000010000010110
0000000000000010001
00010100000000000100
00000000000010001000
00000111010000001000
00010111010000100000
01110100100000100000
10010010000001100010
00001010000100010100
00000000000001010000
00100010011101001000
00000000000001010100
00010000110111000001
01000000000010010000
00100110101000000000
01010000001110000000
00101000100011000010
00100000000001001000
01000000011011010000
00000001000001000000
01000000000100000000
