2 2 17 17 0.11
0001010000100110000
0000100011101000100
0001000000011000001
0000111100000010011
0000000100000001000
0000000100010001010
0000001100001001110
0100100001101100100
1000011111000011000
1000010001010100101
0100000010000001000
0000010001001100000
1011000000010000010
1000000010000100010
0010000000000111001
0000010101010000010
1000000100011000000
0101000010110100100
1000000000100001010
0000000000000000000
01000100101000000010
01001010000000010100
01000100001101000000
00001000011001100010
10000111010100001000
00110000000001101001
01000000010010100000
00001000000000000100
00101010000000010001
00010100001010010010
01001000010000001100
00000001101000000010
00001001010010101101
01100001000010000000
01010011110000000100
00000100001000010010
00000001000000000010
11010000100001000010
00100110010000100000
