1 4 18 17 0.36
0010010100010101011
0000001000000000001
0001100001010000110
1000011000100101100
0011101000000000101
0100010010010001010
0010000010000001000
0001010100010000011
0000000010000010000
1110100011000100110
1001001100001001010
0011101111000100001
0000000010100000100
0001100111101000010
1010000010100000011
0000001000000000000
1100000010001000000
0100010000000100010
1000110010100010000
0000001100100100000
00000000000000000000
00100000110001010000
00010101000000100000
10000000000001000100
00000000101010100100
01000101000000110000
00100110000001010000
00011000001100001100
00000000000010000000
00000010000000000000
00000000001000000000
10000100001001010101
01101000001100000000
00000100000010100100
01000101010010100000
00010001000000001010
00110010010010100001
00010000000000000100
00010000000010000100
