3 4 19 17 0.23
0000100100100010000
0000000000001010000
0000101100100010010
0100000010000001000
0100100000001000000
0011010001010011000
0000010000010100011
1000000011110100000
0001010001000001000
0000000010001000000
0000110100010010010
0000010000010100100
0000001000000101010
0000100001010000000
0000001000100000001
0100000000001000100
0000000001010011100
1110100101000000000
0000000000100000000
0100110100000100000
00000000001000000110
10001000010101010010
00000000000000000100
00110110000100001100
00000001010000100000
00000100101101010001
00111000000000011010
00000000000000000100
01001100000101001010
10000010100000100001
10011000000110001001
01000000001001000010
10010000000010001000
00001000110000101000
01000010010101000000
10110101010100000000
00010001101000000000
00000000010010000010
00001001001100010001
