3 3 16 17 0.40
0100000100010000000
0000000010001010011
1110011000010000100
0001000100101001000
0000000100000101100
0001001100000010010
0000001110010000100
0010000001000000001
1001010000001010000
0011100101011011100
0000000000001100000
1001000000000000100
0000001000000000000
0000000101001001000
0001000000100000010
0010001000100011000
0100100000001001000
0000000010001010100
0100000000110000000
0000000100000110000
01001000001000000001
11000001100000000000
00000100001110000100
00000001010000100000
01001010000000000000
10000000010000000000
00000110001000000010
01000000101010000000
00100101000000000110
00000001011000101000
00000101001000010000
01101000000010100100
01001000001001000000
00000010100010000100
10000100101010000000
01000000100000001010
00100011000100010010
00000101010000000100
00100101000110000001
