2 4 19 19 0.27
0000000001000001000
0000001000010000010
0010000010010110101
0001010101000000000
1000110001000000000
0000000100000000000
1000001100001000010
1101000000100001011
0100000110010001000
1001000001111010000
1001100100000100100
0000000000010000010
0111000110000000000
1000100000000000110
0000000011010000000
1000000010000011010
0010000000100100100
0000010001101110000
0000000000000000000
0010010101001000000
01100111001000100000
00010000010010000000
00000001001100001100
00000000000111010000
01010000001000111011
00001010000000000100
00100000001100100001
00000000000001000010
10000001000000011000
00000110101000110000
00001100001000001001
00000101010001000000
00000100000100110000
00000010010010000000
01011001001000000001
00100010001111001000
11010000000000000010
01100100010010001010
00000000000000001000
