4 3 17 17 0.36
0000000100000000110
0000000001010001000
0000000000001100000
0001000001000010000
1010000010100110001
1000100001011000010
0100000000000100000
1100000000000110000
0000001011001000110
0000100000110000110
1000000100100001000
0000000000100000000
0000000010000001000
0000010101010100000
0100000000000010001
0100110000000000001
0000000100000000010
0000110001000001000
0010000001100100001
0000001001000100000
01001100000001000000
00000110000010000100
01001010010000000000
00001000100010100010
00011011000000010000
00000000000000000000
00100100000100000001
00100010001010000001
00010000110101110000
10100001000000100010
00010010000000011000
00100100010000100101
11101000000010000011
00001000001100010000
00111001001000111100
10011010000000000001
01000001000110101000
00011001100001010110
00100000000000000000
