2 2 19 18 0.25
0100010011100000001
0000000000000001110
0000100000000000000
0001110000001100000
0000000000001011000
0001000000100100000
0111001011000000000
0000000010000001000
0001000100001000001
0000000000011000000
0000000001001000010
1010000000100000000
0000001100000100000
1000000010000000101
0100011001010011010
0011100100010010001
0010010000000000000
0000100000000011000
1010000110010000000
0000110000000001001
00001000000000010010
10101000001010110000
00000001010000010010
01000000000100001010
01000000100100001000
00001000000000000101
11010110001000000100
00000100001011000000
10101010000100010001
00010000100000010000
10001000010001011100
00011010110001000000
01001000011110000000
00100000000000000000
01000100000000000101
00010001000000100010
00100000110001100000
00000010001101001010
00000010100000000000
