0 2 19 19 0.45
0001000000000001000
0000100100110001000
0100100000000100010
1011001010000000001
0010100110000000111
0100100110001100001
0001011000001000000
0011001001000000000
0100000000100000000
0100010100001000100
0110000000000001001
0011010010001010000
0000000001000101110
0100000100010000000
0110010001000000010
0000010001011011000
1000000001000000000
0101100000001010101
1000000000000000100
0100000010001000010
01000000001000100000
10010101000100000000
00000000010000000100
00001010010010000010
10000010001010001000
00001001001110000010
00001000000100010000
00000101000000000100
00101000010010000010
11000000011000100010
00010001110010100000
10000001000001001000
01001000001001000000
10000000000010100000
00010101000000100000
00110000010100000110
00010111100000001000
00000101011000100000
00000010000010100000
