2 0 18 18 0.15
0010000000000000000
0010010010000100000
0000001000100010000
0110100001011100001
0000100000000001000
1101000000010000010
0001101000100001000
0001010000101000010
0000111000000001000
1100000100010010011
0010001001001000010
0100100010100001010
0100000010100100010
0001101100110001100
0000010010000000000
0100110010010100000
0000010101010001000
1001000010000000010
0000100000100001000
0001000000000000001
10000000000100001000
00101001000000000000
00000000010000100000
10100000100000000100
00001101000101100100
00010000110010000100
01000000000000010010
00000001001111000000
00000000100010011000
00011000000000001011
00001011000001000000
00000001100010000100
00010010000000100000
00011000010000000010
10010000000110101101
00011010100000101000
00100000001001000001
00010101000000110000
00000011000001000000
