2448 100
28 54 35 20 45 90 28 1 82 42
-4415 4616
5241 4823
-2519 3214
7552 5916
1148 1887
-1904 -8825
5975 -7862
-6064 3037
-6752 -7139
7201 2338
770 7633
-8601 -3406
5952 -913
-5429 -4156
2802 6711
-7511 -860
-3378 3334
2569 6292
-5282 6705
-5919 -6274
5338 3744
-5241 1656
8044 1134
-4073 -4648
-2472 -7326
-3407 3277
-6882 5656
-2564 -4251
-3922 -6209
3570 8255
7437 3970
7475 1840
-7475 6277
6195 -5856
5677 -4071
-3970 5197
-7654 1190
-3270 -2078
3809 5840
89 -4943
2843 8368
-1503 6345
-6107 -6615
-3176 8411
7517 -1949
2392 8846
-6175 -3365
1142 3822
870 -5884
2533 -4270
-582 2622
8624 2184
5829 3960
-4896 -1272
9026 2550
-1748 -2995
-3374 -5949
5657 -1313
-4389 -5701
-12 -405
6162 7516
-8325 -669
4487 1365
-3389 4266
369 6533
9349 -1388
3061 9353
934 -8486
1392 2270
4756 1853
8214 162
-4091 5749
-5736 -5078
-549 -3498
9525 -2469
-2932 2475
2403 1979
8047 -2458
293 9676
1471 3862
-3694 5967
-6060 -3943
322 4648
3633 -4248
-3951 -6679
-2117 -1778
-5534 -1217
6130 2362
-371 7864
4820 -3694
-2678 3825
-6952 -4342
-2222 514
5844 -293
7498 5152
-1807 -9
-3884 7479
-2202 -8394
425 5850
-8375 3387
-1891 3884
-7771 -5414
3290 -7312
-779 93
-3747 6425
-7076 6253
-9493 -1547
-6478 4895
290 4429
5122 -6078
7483 5361
3980 4033
9054 -1016
1930 -3556
-3528 -8454
-4933 147
7669 6341
5654 4841
-363 75
5511 6058
3816 652
-8604 70
-1233 1860
7687 2264
5131 4000
-9329 3348
5638 -6511
417 4133
3432 5553
-1839 -4870
9858 867
-8837 1600
-829 6041
-521 -1525
-4136 8914
-3404 9015
-2089 6138
3778 -8119
3788 8584
1675 -9419
113 -6803
7785 1886
-4939 -5580
9348 -1353
-6714 -5328
1311 -2667
-4607 5086
-5308 -1047
-9514 659
6228 -4373
-3053 4356
2712 9403
-556 -2056
-2454 1507
1112 -9735
9284 1289
520 -1176
-4325 -1375
7007 3489
-6296 3749
3934 8948
-4152 -8779
646 -8613
-1537 -2095
-1639 -1369
-8205 4282
-5594 -4876
-3772 -3034
4353 -8803
3059 -9309
1671 -4892
3612 6677
-2607 -1481
4477 -7147
2690 5959
1598 -4371
-4370 -643
7605 -5393
-5337 3186
-1823 -463
7700 3996
2633 -2175
2458 406
-1942 1455
3614 -3141
5628 -1448
7689 352
8409 3128
297 -4934
7358 -587
241 420
4962 -7312
6813 6735
1494 -9067
-7426 -379
-6070 -2601
1908 -1735
1790 -9596
-8597 1159
-8447 -1763
2393 -3719
-7460 -517
3669 2615
4499 5816
6343 -1966
6615 739
9579 -2624
-3653 -8918
6454 1477
1397 -3340
3199 6774
19 939
-6345 -2833
-7002 -4253
3574 -8118
6918 -3130
-7469 6617
7545 -4668
1429 -6224
8313 -1567
-631 -5864
-7220 2313
992 219
1755 4424
1660 -9021
-3337 -4271
-6871 -7050
2950 7579
-5555 3849
5689 5211
1214 -5363
-3309 6782
2653 -3410
-6681 -6487
5726 -1048
-6745 2973
5930 5651
-710 -9690
-4250 -382
8809 -2929
-5218 352
-448 4118
7407 6042
3965 -578
-6091 5108
-784 7662
-7893 3079
-2110 5859
-5827 5103
-7219 -3626
1686 -357
6674 3603
4417 2533
3089 -3186
-7447 -1561
-5284 2301
-8234 195
4039 7191
3710 6277
7950 -4725
-8186 2143
-4008 4872
-4117 2110
2758 5137
1522 8424
-3799 -410
2955 -1209
7140 -6265
2968 -1403
3041 3570
4070 -4858
-2038 4223
-842 1031
-4166 1864
3692 -8376
8867 -3666
-6062 4066
1223 3013
-4384 -4010
-7027 -2331
7492 -1398
-7016 -2534
3088 5592
3034 -1687
-8684 4730
-1693 4725
8435 3166
-7725 -6320
-2005 -572
-479 -4251
-4726 6339
-1873 6421
894 -8894
5633 -1160
-7196 1704
768 8388
-3642 -6936
-3317 3534
5871 2675
1969 -790
-8358 4849
1671 -6892
-4759 377
-921 1821
-480 6958
-6473 3554
-134 -4875
-5786 3213
1178 -3094
2991 3040
-922 -6820
-6023 -6245
4919 -6555
-4332 -6555
5999 -2
-2521 7999
-2025 -4724
-7231 78
-3408 7919
-1905 -6060
6322 1378
3124 3863
596 -3436
4497 -8337
-4439 -1100
-2409 -6511
-6566 -5808
7035 3899
-6018 855
7103 -3878
-3643 4406
224 -4172
1308 -9270
-5369 -7827
-1246 -7572
7426 -4847
4004 6750
-2280 -6434
1498 -7240
4161 1424
1301 -1691
-847 -2843
1287 -4784
402 5281
8953 -3403
66 2629
4028 4011
165 4256
-1308 -1711
-2975 4235
6360 1613
4554 2696
-1957 -737
-8076 -855
3872 7610
625 -1119
-1852 -4667
2724 2431
-4282 503
-3923 1583
941 -4462
-6172 -6020
3387 -3637
-1547 -8186
598 4277
5848 681
8082 -328
-891 -6473
490 1462
-5631 -2673
6844 5028
-5045 -3245
2099 -9200
-8683 -4231
473 1157
-4719 6709
-5108 -8590
-9408 -3225
7791 3310
-1168 -3151
3718 -5695
-5385 -8325
-5119 4264
7920 2365
4196 1371
7961 5937
5568 3674
3034 -6886
-1663 -4104
-2344 -7432
7272 -982
-8183 -2493
6940 1848
9251 -661
2521 -4362
-9205 3454
-5127 -8389
-827 -6861
2184 3621
3014 1746
2973 -7826
7447 -4935
6931 -3562
6312 5660
1971 -1691
635 -4851
-3416 8702
-6616 7126
-1879 9355
8469 -3471
2745 963
-3778 5131
-581 -3847
4860 -3877
5028 -2614
-5568 3939
-5928 4094
-6034 7480
-3668 -4392
3829 8345
-7426 1450
3867 -8467
8921 2771
-3790 -286
-875 7966
-1179 5453
-3388 3400
578 7280
-2034 -7559
-1179 9400
-8700 772
5409 -1196
2743 8222
-5489 -6990
8663 714
4252 -5336
5056 -2967
-8342 786
8552 5055
-765 -6688
-7169 3220
3144 -6130
-1841 3047
-4490 -7569
3491 1012
-230 1018
-2266 -5781
5721 -382
-7963 -2944
-2690 -3584
686 -4012
1112 -9179
-9037 -2497
-4136 3117
-3919 -9151
-2352 4302
-4348 5841
-3775 5825
-3870 1716
-1835 2203
4129 -1285
-3597 6279
3811 2391
2442 -8591
8771 -4212
-715 -4838
-9356 1084
3554 -6994
-923 5136
-2792 1073
809 2627
-2760 5394
-62 3515
-3065 -3637
984 -8899
9661 942
-2882 -2510
-7147 -1236
-6670 -3572
268 2826
-2902 -8566
-269 -7923
3705 -5800
3848 2879
3144 2192
-2614 1560
5574 849
3513 5744
3464 -8563
-2602 5048
-6983 2259
577 8578
-4355 -6067
4384 7000
8110 -2590
-8477 1165
7657 -5855
80 589
-287 6651
-5022 -712
3414 -5974
-7806 3335
2045 3895
7489 2636
2240 -4904
3685 -102
-2998 -8858
1143 2426
-6281 -3196
2034 -4836
135 7255
2084 -9311
-9052 2058
4455 -1549
-5677 7555
-5149 -5725
-6303 1169
6271 -3291
730 -9561
-2765 2058
-2834 -6725
-6178 4689
-5199 -2681
267 -4769
6672 1581
4738 -5273
7344 -3882
1787 -1951
238 -7765
4119 8035
-445 -5042
-1208 -6890
-4293 -2895
-4573 7824
1234 6331
-5213 1518
8768 -1589
5915 -2028
8958 -3544
-757 2273
-250 2115
-3595 -6978
1162 5107
-5239 -2914
7483 -1212
-7752 -2902
-7159 867
9161 2489
9660 -1120
-3131 1736
280 7928
-1506 3148
4856 4180
-6838 3443
-1079 -7596
1902 3355
8616 1682
8689 2520
-7043 4393
-8583 754
-5124 7670
1451 7851
5761 -7248
-9814 1326
-9233 2652
-558 5070
911 -6374
8262 -3815
620 2819
-1544 -5795
3952 -5445
-5209 -5669
-8690 2826
-2660 -1780
-5745 4411
5119 -7468
708 3998
-8767 -3191
-4650 -5673
-7250 -6789
-9736 -552
1293 5365
1809 -4538
-6994 -5873
-533 8581
4499 6017
-958 -7882
9882 -471
-5035 -5002
50 4576
3554 -5461
1382 -7119
-9419 1660
-2392 718
-5099 6674
9836 -1753
-5074 -796
-4078 6096
-3556 -2804
-2074 3581
691 8985
-1728 6475
-5385 -2360
-3554 -7723
2923 5936
-3238 3418
-6309 2748
3316 -3168
2056 -4926
-2681 -8270
6756 1776
-790 1274
-3018 5460
2717 -1127
-6225 -3469
966 9660
-888 1513
-7762 2285
-6483 -4896
5104 4591
-8060 3279
-7805 -1596
-7072 1540
-6203 863
-2577 1427
1895 -2408
1001 8328
-5919 -881
4748 5112
3258 -1511
7154 5099
1606 1454
3530 -6158
4680 -3955
2545 5646
1406 -2820
-740 449
-8880 -1452
-2613 3635
-3954 4660
-3590 -6884
-2031 -4627
2860 -6887
-8777 968
4766 -2310
7591 5807
2819 -4143
-1482 -3485
-7324 -1533
-3948 -1423
-5751 6581
4240 -7001
4182 -6395
2008 -5667
1577 5509
-6875 2050
-384 -6247
4632 5255
-2543 8385
2392 -2058
732 -5392
-4163 8847
992 3404
4328 5875
6349 -1997
7228 2544
-7119 -5179
-2419 -3094
217 -9161
3910 -659
-5112 3543
-3032 6164
295 -4241
-1318 2904
7714 1970
5518 -3477
803 -9935
-5528 -6645
2112 -8366
-3290 7788
-2658 -5503
-6094 153
-486 5281
-7346 1733
-1841 9114
-1868 -7295
6584 -6808
1761 -2252
-1035 5067
1339 -3611
-1755 8780
-1930 3650
-7916 -17
-1492 9015
2821 1964
3819 558
6054 5987
7754 4551
7925 -315
9720 1314
-6678 -1791
-1969 -6091
-2646 2246
-691 4611
1967 -4365
8225 2342
1632 337
7481 6310
-6546 414
209 7532
-8436 2256
-8076 -173
2836 7979
6242 -2554
-4936 5127
-9389 2260
1394 2100
-6344 -2387
-3753 6964
1329 9303
864 4144
-1789 -1109
5365 1153
3720 -2140
-6402 -6318
3807 -3677
-5752 -1476
-5479 -5146
2979 -4806
-4786 -7643
566 -7259
2283 3875
3902 -6001
5038 1188
-360 -8066
-4237 -1025
-449 -3782
2779 -5539
4090 4221
-5491 -5471
4675 891
-2302 -5810
-5771 6470
-6493 5468
-4416 161
2797 -4013
1550 -107
9351 3054
684 3815
992 918
3357 7206
5404 -4209
-905 -5599
2366 390
-3531 4036
6241 -124
-183 -573
-7847 988
4935 -2953
-2362 -7844
506 -9797
-1957 2989
1341 -1536
2494 7600
-4430 -8848
314 2917
6274 1968
-2669 -8364
3277 4466
4185 5632
5892 3550
7666 -3555
8449 -2527
234 7208
2434 3430
6334 1929
1541 2402
-5306 -6451
-7266 249
5183 -7553
-643 8892
8647 2678
3844 4200
9719 1685
-7492 -2331
-2910 1467
-4976 -6262
6254 -6160
-4225 -6083
-2331 4531
4574 6053
8846 -3215
4958 -6970
-1114 -6347
6668 -5631
7592 5310
-6512 4051
1991 4907
-9263 3653
-1676 -9360
5265 6897
5505 3112
9841 365
-2295 5919
9214 125
-2877 -1309
-6322 -1675
-8450 -4653
4858 -4255
-256 2843
-4596 4285
-3645 -2005
-5795 7552
-4007 5551
-8127 4245
3682 7083
-1933 2639
5756 -4666
3241 -4840
4700 2708
845 -7111
-4703 -3963
-4451 -2931
4314 467
-65 5482
4217 5392
-1064 2103
-651 -8225
-6952 6737
-395 5039
717 5461
5816 2965
3511 -3493
-5702 -7717
-3159 3190
-3560 3606
-3438 9003
4695 -5483
650 -5183
-8505 4863
3156 1017
-2397 -9309
7815 389
-6770 2060
-4484 7127
-614 -728
-274 -4404
-4111 -2702
8609 2724
7438 2708
5524 -5430
-5277 -5828
131 4262
2965 9136
-3360 5801
-7015 -1855
6574 -5700
-356 -5086
5377 -3515
-2102 7703
-3051 7916
487 7955
2043 -9540
680 1639
7486 -4729
4303 6194
-1896 -1505
2879 8412
-3849 3325
-647 2730
-5564 -5471
-2321 -4666
4403 -6959
3648 8783
-4230 -5265
6077 3837
-1190 -7487
725 9495
-6968 -5558
-1988 -4820
-6077 -3708
-5412 10
1344 -3711
-6368 1459
-1099 7110
-5660 3640
7373 -6308
-5260 -7838
-1071 -5713
-7033 -5619
-979 -5185
468 3224
-6888 4446
5211 -1492
-3138 7403
8549 4214
7380 31
385 2486
414 1333
2360 -8699
-5143 1182
752 470
-5498 -3036
6414 5165
-6774 1611
-5082 6720
6992 -3166
1774 9015
-7315 4984
7240 -6175
-398 2392
3979 124
-5619 -2924
-6580 -5600
-1055 2169
-7811 -5602
5940 -7414
-7967 4982
-8917 1010
-3690 5001
-1391 760
1597 -5876
-6407 -4282
5838 -4201
-2125 -3187
-8465 -4941
-6192 3770
8983 2532
6274 3472
7024 485
1539 -7201
1535 -2292
2912 -6236
5681 -3424
-7093 -6988
-2190 -9313
1276 -7655
-3201 -7763
-993 -3228
760 8214
-6904 -5625
-2633 -5302
-544 7917
-172 2995
-2478 -9301
-844 -5459
-5116 4171
-4084 3880
6671 889
-1818 9256
2546 -1503
-1668 6847
4246 85
-5341 5657
2070 -1512
-5914 761
8566 -555
-5345 -1758
-7603 3241
-9000 3740
4271 910
6656 1541
-5161 -2987
913 -9000
-3213 -3499
-7332 -2015
-5104 685
-7441 -1892
-7256 1054
6966 7145
4229 3557
3108 -830
9135 1645
-2412 3857
3943 -4992
-6383 5230
-3960 3540
-1834 6213
-2654 -5178
-4482 -4955
1486 -8356
3872 -6779
3681 8457
-3055 4709
-6232 3863
5381 2079
2462 156
3173 -7555
3527 -1216
470 5508
-3075 4583
-3190 -678
-3399 7236
3445 -4018
-6566 -4081
5178 -3258
-6162 -3377
1793 9502
-2786 2080
1179 6924
8874 -1001
3082 1195
3259 1926
-9199 3627
-4614 -3033
3795 -7187
-5743 6783
1849 -8357
4615 -689
-5295 7711
-1915 -2350
1254 6164
-4383 -1776
2905 9137
4202 -3544
3011 -8287
-3112 -4470
1079 -1197
-1400 -342
3034 -1876
5293 -6046
-5613 7360
-1859 9095
6750 -443
-4124 -7669
-8960 -155
2071 -6511
-6418 -229
-7903 1291
-2915 -2001
-3373 -6671
-5758 -2170
-8259 -3078
3442 -8441
-6626 -3426
2823 -964
7361 676
-7441 4534
-6961 5267
-1757 6080
3528 5636
4051 1962
-6669 6085
6868 1850
2342 3350
-1863 6188
8930 3435
5487 -3878
8134 -1833
5409 2913
389 -6677
4873 6825
-5796 6823
-1579 4993
6647 1558
-7446 -120
-3399 4194
-1790 5527
394 -1860
-3378 5706
-7280 6310
-8452 4873
-617 -6607
6010 -7932
-272 -1968
-1840 2809
1881 381
3640 -796
-6825 1853
-5191 805
-3391 -7800
9618 -267
116 4245
5609 2090
-6503 -5980
-870 -3603
-3499 -1044
-9300 -3024
-2012 7062
-784 2981
8047 4140
-7555 -2391
4006 341
536 -7098
4475 4171
2923 5551
1411 1352
-6228 5598
4872 -4622
-8249 -1614
-5779 6999
1342 -2372
-8448 3909
3368 4395
-1246 2330
5077 -1824
690 -8011
-8651 3957
7793 -4745
3432 3277
-1062 -1446
7680 -2475
-1652 2006
-9045 1821
2279 2029
-5689 -3576
1049 -8549
-2399 -715
3057 -877
-3836 -8855
1013 4375
7655 -812
-8297 3526
8440 -881
1316 9788
5321 1015
-2332 -4445
-8559 -4070
-7284 2370
3387 -3529
6832 -1689
4053 -8231
-446 833
221 736
5056 -845
7211 6615
-2525 3042
6111 -4919
8279 4995
6915 5700
3474 -3511
7505 1579
4358 92
1822 2314
-5719 -5512
305 -4640
-1505 1135
6430 4274
5496 -5082
5345 4086
-2956 -2442
6645 3149
-2434 -3478
-3107 5390
9324 3039
-6034 -617
-999 5943
-1916 8267
-5667 1428
-3969 3083
-5463 -5978
-7095 5262
-8831 -3267
-2986 -4771
-6297 -7551
-8937 -2979
9973 356
-2483 9486
2907 5763
-65 -3392
7898 -3460
-1040 1592
6007 -4773
3113 7361
682 9748
8111 -3021
-9846 -1497
-1695 6845
-4505 -4626
4743 -8336
-1461 -1145
-7722 -2292
-2804 -8035
2900 1143
4012 -3946
-3679 -8468
-2990 3213
-3940 -5551
5883 1622
-733 1321
3472 3016
9853 -1
-5102 7735
-5531 -4171
7199 2250
8108 3514
-6371 -260
4330 4169
-4857 -7605
-6083 2918
-2458 -8970
-7902 -5876
352 -6243
2891 7856
-1652 3226
-1693 -8273
7033 584
-5592 700
-2406 -9285
-5982 -1482
267 -8024
-911 -7377
-2247 -478
2503 3380
-7686 -107
4091 -5725
-6087 -1451
7358 -5654
8108 -5524
-513 3036
-4957 3624
-8746 -3823
-5872 -1476
9696 2303
259 -4560
-5200 -5249
6003 3413
-5327 7925
-3609 -546
-2370 2830
-1770 8559
-5503 397
3392 5729
5411 -7704
-753 -1343
-7609 -4777
-415 3216
-4821 4752
-2233 6497
-1528 4440
8875 66
-264 -8370
-4986 -7009
-3030 -2004
1581 8140
842 1354
2342 3333
979 -9286
2948 461
1468 2986
2852 -500
-4395 5004
9515 637
-1039 -4418
-5922 348
-2759 -5549
5919 -3369
-7868 -1841
8307 2348
-5147 -1886
-3885 6125
-8643 -2426
6003 6387
-5502 -7936
-6639 -3437
4152 6937
-3578 5688
-9206 -191
-1282 2222
-2964 -3311
7104 -6081
-7401 3770
-3603 -8688
-933 -8656
6224 -6306
9066 3656
5365 3812
8896 3081
-3339 4912
3043 3870
-4864 -5905
-4315 127
3838 6067
7057 4206
4548 -7715
-7737 -3276
9437 754
3255 7975
-1015 2015
3437 5251
7250 -6064
-4473 -1070
-302 -1903
4410 5185
3491 972
-1554 -4053
-8786 -2112
4210 6077
1030 6636
5698 4467
1211 -5804
-5437 2835
-7098 -6926
5272 4998
-6370 1090
-8864 -597
2982 1
5333 4045
2991 6232
4337 8207
-4366 4253
1727 8173
-2898 2874
7943 1936
-5677 7192
-5056 -2732
-6221 -7728
-3157 627
-4512 -4155
-2839 8761
-2884 1241
-2936 3592
-8803 -803
4590 -4030
8159 1127
-7938 -5006
7059 5756
1249 7420
183 3383
5890 7748
4003 2329
675 1688
-6328 -2178
-1021 5800
8358 1270
-4973 -8571
5036 1264
6198 2156
-2269 -4864
-6289 1237
-4836 5135
2309 8492
4993 412
3766 7451
-8363 -1280
-6867 4534
-2155 2930
-5895 5950
-9225 -3225
3219 -6599
-1514 -4810
-3834 2605
-3974 -1968
-3082 -8831
635 7602
1526 -8336
-60 -4753
740 -2204
4881 -8075
-280 -8583
3082 -7518
-4178 2299
7242 6496
7756 -2578
7612 2034
6059 78
3202 -4421
4027 -3581
2010 -485
4166 7124
5952 3267
3401 -1766
-3330 4135
-1077 9002
-6368 1906
-848 -8019
-5519 6875
2334 -6938
5105 4034
4706 -5969
-6063 1281
-1143 -746
-862 -8909
1927 4338
-1993 -5110
2797 8469
-5187 -1064
5089 -6476
3237 -8757
8817 -4162
-1784 -3549
8598 -494
3911 -4563
-4670 -5528
-3962 7005
983 1531
4990 6009
8357 -3219
3136 -2954
9824 -1539
5449 8085
3978 -137
8101 3237
293 -957
-6969 5103
1023 -7736
-6079 2373
0 -9320
-4284 889
-3859 -1048
6722 3551
-1372 -2760
5235 8515
406 -6559
-4919 6130
-1708 -2542
-26 6023
2371 -2475
3763 5335
1639 -9203
4497 -6295
-3670 7555
3486 -882
-7578 -1615
768 3623
-8844 -859
-528 6792
-4216 -4391
4854 -1041
8262 1568
-2438 -31
-2069 9232
-2341 6127
-499 -7356
-5994 90
954 2935
3788 3764
8695 -2678
227 3165
3143 2301
9386 2517
1163 -3496
7606 3646
8918 -3121
-213 -9287
-449 -6511
-6840 -6821
-6052 2720
9479 1890
-8504 155
5313 8319
2887 1028
-943 -5759
1281 -1207
1264 1652
-9640 -2189
3058 2488
-4230 -7812
2904 -680
8601 -4385
-1051 -6235
-1784 -8232
-77 -6507
8472 1950
-9040 -935
-3978 2504
8908 -4098
-8290 1512
-2725 -1715
2881 -9138
2664 6698
5579 1676
-1277 8223
2467 4359
6898 3428
-9188 1621
6896 -948
-2036 -6475
-5717 6251
-559 8140
-9479 608
689 8449
-5696 3379
-1492 4021
3630 576
3775 -1198
1881 -343
658 -5114
-913 -5625
4433 -190
7865 -1554
-4102 2135
1424 -5839
-299 -8045
-7852 -1512
-7402 169
-4359 -7580
4288 -5406
4353 -6238
9016 -2451
5732 5686
2765 3135
660 5516
5219 -3404
6381 -2232
-7370 -713
960 569
-195 -9105
-6156 4277
2157 237
-2855 7057
3721 -2431
8212 -3216
-6267 1826
5976 2993
-2647 7223
-4262 4762
-8135 -1290
2683 2652
7210 223
-1007 -181
-2112 7311
5085 -3761
-5121 3734
-447 -3839
-8393 -4865
-2172 -7834
6800 -2076
6054 -1948
1989 9025
-5497 2007
-5737 4309
6118 1364
6244 -7310
1973 -4240
4815 -6085
3947 8770
7187 200
-2913 1766
203 -1641
-6893 1135
-7953 -6054
-357 2111
6018 6151
3941 -4185
7278 -3408
-1966 450
223 8505
5808 5724
-904 -384
234 -4959
2915 -3574
3258 1840
-1101 6440
-4315 4813
-851 6294
-2569 664
1131 -2732
-2403 -511
2580 -3449
-5968 185
4297 4787
7848 -1844
-928 7948
-1864 2454
-4448 -567
242 3367
1885 4393
163 7156
-4827 4176
-5979 -7207
-1140 -9724
128 8468
6154 -219
1197 6614
-3223 -7910
-6604 302
8451 4415
3943 848
3675 -1472
468 3513
4998 -903
-1641 -9387
-6854 2805
4688 3052
-2119 9762
-2422 6994
2195 -4215
-91 -8302
-4751 -7834
2551 -7512
-1296 -987
6903 -4271
-1058 -2804
2996 4941
1104 9654
-3322 -771
-3189 4708
-5146 7601
-355 303
-4528 1963
-138 8369
-4694 622
-3586 9216
5195 -1061
-2213 -5244
-9548 1480
887 6292
-8752 48
2818 8542
3102 499
2903 4399
3890 9061
-1781 -4277
4851 -1102
-1638 -3734
1242 -9014
5298 -3823
3885 -8633
1516 -8339
7925 303
3738 6311
1158 -7989
5430 -3824
8548 3593
-5417 -378
3796 -1820
1566 2580
1427 7747
-1003 1175
5758 -3253
-3766 8135
-4025 2817
-4705 3854
-8701 -3049
-9098 -246
-2676 9397
2910 5328
-331 -6308
2309 9157
2374 -3042
-6910 -3234
-8187 -4290
5864 6372
-6284 6228
1671 933
2934 3034
5270 1990
5482 2707
218 4816
-9483 1392
-534 1711
-2943 -1008
-3976 8463
4363 -6531
3416 1762
-853 6743
3677 965
253 -6496
1105 -837
-2038 2184
-3642 -1623
-2088 -7733
-1274 841
-2089 -4331
1565 7254
-2127 1095
8305 -1575
6096 5872
-3525 -5292
-6948 3543
-1662 -8035
4407 -4740
-8858 -1307
-1588 5309
5415 8084
-4859 5110
-3755 5889
-3064 -8014
1808 -6793
-8906 -3496
528 -7897
-4045 8471
7067 -5474
259 4280
-504 -2513
-8007 -609
8685 3638
-3392 39
-1438 3817
-4102 8294
5324 4493
-5105 -573
-2744 -4473
-9571 921
5511 5823
6024 5317
-4525 2608
-6264 -3650
1357 9093
905 -665
3351 5785
3852 6925
-1597 -39
3320 -7268
8136 4420
-5442 -1138
-4935 7694
-910 2222
4441 -3890
-6072 -235
-1304 -9702
-5326 -3101
1271 971
-37 -9876
-3775 7397
-1558 111
-8345 1558
7977 -4676
-6697 -6402
-1955 284
3745 -7722
-4853 1692
562 -6251
-7446 -1619
-1583 654
1493 -7567
3845 -9152
-231 -4510
-5195 4472
-3276 -1038
-5171 2964
-5894 7032
4775 -1985
2406 2782
4669 -5223
-8911 -767
2192 7775
-4904 3392
-4393 8888
5669 2170
-164 1239
1327 7257
-604 -3688
7845 -3260
4606 -3600
-7665 2135
-7216 -216
-3223 5997
-1569 -6710
5717 -6246
-4781 -2379
-3244 5064
3074 3017
-3122 -4934
-6982 3903
6726 -1397
3002 8590
260 -1558
-4293 6584
-3374 9275
-4100 -6353
909 1920
-5549 661
-4421 2171
5213 -2050
1337 4177
4320 3077
5204 6742
2841 -4137
9532 -2831
-7662 -5929
-6717 2966
-2780 431
-1554 -6197
5717 -5829
-1157 -1006
-2455 -3652
-272 -3140
-1422 7005
3026 8809
-1095 6227
9106 -2909
-73 4281
-6354 2334
1162 -5303
6071 -2345
-2013 -3614
-5098 4465
4136 -6606
5865 4407
-512 -6768
-6474 2979
-3327 1459
-9224 1333
8218 3538
617 4815
-3540 8668
6816 -3387
3984 6025
-3601 -8607
8883 2881
-9776 1705
1519 6120
3366 6950
-4754 -3661
-2592 322
-7820 471
-1713 -6431
-6689 -415
6961 5674
1063 -509
234 -2758
-3388 1396
5149 -1118
-8964 -3217
-2578 -8165
7018 -4712
-547 -8850
-5503 -136
3988 -2775
-1474 -5890
-3570 -564
7460 1728
-4507 2739
-4426 6018
-5526 919
-2333 4438
-3744 -2394
9809 357
-6113 6873
-6607 -6531
-1163 -5591
5299 5849
-6534 2447
1316 -6560
5277 -439
-6018 -3231
-2393 4786
-3865 -7541
-4813 -7286
-2725 604
7330 -5921
-5251 5819
3207 1802
-1817 -9664
-4046 -1898
2532 4601
-55 -1997
6580 -616
357 6022
6826 -4133
4299 -2530
-8599 -4334
7082 -4525
-5256 -7678
-9455 -2711
-103 310
-8642 663
-6478 -3045
-9556 1175
-2752 -4582
2946 -4819
7842 4816
3250 -9350
171 -1443
1466 2469
-4773 6762
-6468 -4436
-3443 -9221
-9746 247
4327 7420
3607 365
8088 330
-4329 3013
8750 4434
-5856 5075
1459 5606
-9653 103
880 8390
2301 -6441
-346 -6640
-8538 -1742
1689 -9083
-3461 3740
1885 -2134
-6893 -6153
-6780 5022
1016 -2762
1534 5310
986 -9651
-3905 4567
-4150 -3120
-3628 4158
-1246 3708
-7201 6151
-3540 3929
2641 2562
-7870 2139
1095 1242
-5451 -2125
-7543 -5277
-1291 503
-5776 5534
-5680 -2112
-4414 -1431
-951 -1208
4849 -6984
7642 682
4737 -4870
6227 -7709
-5083 6665
-4290 -7202
3507 -5593
-3204 7974
5444 -3483
-3220 -4871
-3388 -3779
2112 -2948
-975 4888
-403 9764
2363 4773
-7915 -4543
2118 -3624
4474 -8852
252 7158
-3692 3297
-853 6034
7886 -3985
-6169 -7864
6505 512
-8190 -4049
-5831 3156
-4173 -5941
8004 1365
-1134 -8416
3936 7908
-8004 -3768
1089 6815
-506 6650
-4872 4891
4851 -5414
9264 688
5107 6042
-729 7123
-993 5954
-8605 -4537
-3663 4575
5008 1312
3024 -4162
4916 -4232
3355 -2850
13 -8964
-7331 -420
4421 -2328
-9380 -2163
-6977 -355
-6692 5014
-6903 -6248
-3391 5423
5030 5592
6705 242
-7393 -4781
7829 73
7728 1842
-3120 -1583
-5260 6000
2206 1396
-4524 -7989
8975 772
-212 2469
5454 -2045
-3475 -3752
-626 6233
7205 -1640
-6892 -4718
1865 454
-2664 -9055
867 -125
-3305 3928
-4128 3862
-8761 1889
377 -6560
207 -7996
-8746 1332
-1310 7587
-7970 3361
1258 5812
3676 -2189
-4236 843
6970 4063
7927 229
-1873 -1078
-9762 522
8731 -1902
-2439 7158
8298 4517
7001 -3335
2793 7874
-3412 338
-5148 -4452
6037 4574
1995 -3034
7690 -5336
6133 5710
-5570 -5788
-4344 7336
-4322 2300
1222 4262
-2916 -1666
4110 5622
5214 -1706
-545 4339
-3962 -3674
-5412 7404
-8785 3556
8552 3769
-4547 1099
6451 -2869
5524 318
-576 5310
-8590 1105
-2204 2766
-1649 -1717
7893 982
5651 -6775
3863 1484
-3166 112
2582 -6593
-3970 1215
4361 -7285
-1153 7910
6846 -698
4245 2803
-3861 -5583
-1055 5645
-921 -6072
9588 2309
-4547 6359
-4908 -6060
222 -7038
-3374 -3227
-7154 -2726
4247 -8359
-408 -4096
1057 -7257
-3276 -309
1389 -9531
6445 241
-4405 5643
3541 1502
4779 8070
5026 -362
6896 -275
38 -3679
4340 5346
-9245 552
752 -1193
4025 7564
3000 -7271
-2660 3213
4595 -469
-7528 -6495
-2604 6502
7198 -4039
6425 -3599
-2535 -2628
-5681 -5508
5099 -6596
-346 8152
5146 4372
-695 5773
2455 5293
7649 -5345
-7614 -3417
7129 5352
-6553 3302
-1144 8007
-4965 -2942
9555 635
8233 -4271
2090 -8169
-4290 2875
1966 -1903
5525 -2554
-1066 -998
1677 -1986
6111 5837
-2853 4091
3465 -6963
2879 746
-4725 -2772
7073 6370
2298 3319
-1764 4905
-1848 -633
-4742 7810
-5262 7750
-30 8979
3861 4127
-9095 -3396
685 8999
-7375 5902
2443 7087
-2192 9331
-5491 -2310
-5228 4835
-4644 3334
4740 5274
-7795 -584
-3726 6858
9944 781
-1728 -8994
4317 -956
-4638 -919
-8558 -1984
-1240 8896
-724 -1969
3547 2855
4800 1999
3442 8099
1401 2183
2864 8601
1917 -8291
-7597 1835
3024 -2145
3206 -6290
-4991 4148
1406 8928
8137 -3593
-4335 1917
66 2100
-1625 -871
-3554 -9057
6534 194
-5084 -1153
-2080 44
8699 3765
1538 -1434
2647 -9141
807 -8478
-7065 -3314
-6267 -3576
-780 9583
5083 -6367
-7310 -255
2606 1911
1112 -1668
-2352 -4940
4374 4183
2821 -5731
-3605 -2811
-6503 -7264
7517 -4886
-6737 5806
6436 5231
-203 -9434
-5222 7377
5537 -6101
-882 3095
-4714 -7301
-7307 3382
-866 -9471
8923 587
-1452 -3011
5119 -7661
2080 -521
5302 2984
-1038 8440
3951 6513
230 -2087
5642 -2716
438 -6482
-8277 5254
2482 -6085
7739 1798
1860 7472
-2242 5230
8252 2702
-2558 6808
-5380 -5438
-7664 5103
5957 5317
8250 -5636
143 -181
-753 -9307
-4345 238
-1963 6195
3410 2634
-3733 9027
3671 8050
2849 4800
-1323 -6590
229 -5223
-939 8247
2237 3389
8749 1299
-7783 5400
-5310 7071
-6886 6764
-7907 -4401
-5948 3754
875 6266
-9071 -97
234 4523
-8288 5134
7557 -3603
-4434 5574
-7458 -1683
-3587 -9136
621 2756
-4002 -2855
-3815 6959
9543 571
-6791 -1809
-158 -4907
5564 2725
2954 8282
-1886 -2938
-707 7369
3430 5579
1137 7921
2570 2523
-6067 1750
-2723 -433
-2089 2791
-6272 -3554
-1144 -9492
834 2784
2710 7795
-2977 -3506
-1117 -8619
6430 -2791
-4668 -6401
2185 -1961
4379 5100
26 3947
-8085 5546
1854 -263
-5182 -5729
-4364 4867
-4170 -3326
3645 4656
-2328 5382
7777 1600
3856 8479
-8447 -4376
1016 -6328
3688 -7670
461 4373
-6231 -1298
1111 6596
454 -1073
5241 1827
7518 -5847
-3820 -571
3180 9210
-4629 4717
-6114 2106
6066 1192
5716 5821
5269 -8352
5352 -5357
8755 -2448
4623 -8384
6748 -2961
-5317 4211
5628 -6770
5054 4900
7566 4588
9903 1277
1637 9571
-7003 -6153
4713 5116
-707 -6496
-8000 4933
-5708 -6832
5309 -1824
6415 1404
-1555 5923
5390 1797
-415 -369
5355 3830
-9235 3541
-2428 8986
4995 6196
-2302 4470
-3067 6205
7332 -4156
-6918 4499
-1589 -5397
8021 -4759
477 -7694
5516 2251
186 275
-2226 -5136
4497 920
9459 -3203
219 62
-6368 6742
6616 3148
4298 -4120
-7563 -2114
8138 74
5674 2578
-8171 1220
-8849 168
1594 7976
8710 2025
3243 5955
5633 6851
-4469 5287
125 -4885
-584 3431
-5952 3157
862 -2529
946 -8859
7974 -4477
-6828 524
923 6425
1053 6017
96 7836
-1647 -6112
2216 -621
9282 -2494
-747 -5235
2189 -8216
6893 7234
-8471 3533
-1941 3769
1468 -7271
-916 9906
-2313 8465
1110 1836
-3595 9200
-2160 3551
5949 -7077
-1240 9573
-5411 7159
1723 9133
-3295 8725
3071 -5378
750 5765
2755 -2877
-5283 887
-9470 2996
-5295 -2134
-480 -8683
3847 4906
2409 13
4773 7666
2316 5503
-1439 9451
2191 3898
-5526 5549
-2429 -3631
-5626 2255
-6022 -1012
7433 1717
6526 -1874
3396 -2261
-8723 -2699
-9290 -87
-9307 -3566
813 4790
-5373 7641
-7434 4485
-1017 7290
-7084 2988
6632 -5953
3611 3271
-183 -8355
289 755
-1943 2203
-3970 6563
-3591 3623
-344 -4530
7501 1590
-6258 481
394 -2036
9574 2057
-8584 -2097
3133 -6184
6683 -4115
8704 2124
50 7020
5332 2549
-3497 5313
-6458 -7458
3508 -8315
-2640 3032
-433 9482
6842 -1372
3581 -2773
2446 7587
-586 8204
-3364 -874
-2753 1552
5561 -3422
2011 -4349
-2427 3540
-7771 -2139
-5428 -6564
-4590 1705
6948 -5377
-3872 -7791
-5216 -3521
38 8437
7208 -2361
-109 4595
1702 726
-2205 -6658
-6109 126
-1455 6771
-6794 5881
-2484 -108
6876 6888
4744 -4574
1832 6617
-2702 -8302
-2288 5084
3304 -5190
4269 5991
-6529 -4622
-7233 -6807
-1719 -6682
-4087 -5130
3967 -3800
4194 -147
462 5227
5083 5604
-8990 4046
3754 4561
-189 -5017
2366 -9341
7180 5467
-2088 -453
-2525 -5655
1375 9005
-6534 -5154
-4722 -7506
-2491 -938
-1630 -8707
-395 2186
-7466 3850
4003 -3042
2105 7178
-7073 -4293
-1537 8197
5096 2074
6961 -6711
-2717 -2264
7010 -5722
6893 -2929
8397 -2987
-2889 -700
-2408 -110
-1953 8408
