2998 100
98 97 93 53 17 55 89 44 15 69
3341 5647
3163 333
7544 -5983
4553 4435
-1446 3048
8296 3729
-2194 4087
8522 -1108
6864 -5793
-3085 -6710
-5410 -7872
-6785 -3345
2039 -3190
8299 4452
-3960 425
-3624 7733
7612 -4722
-5907 4807
5808 -4313
-4946 -7807
-3525 2901
-3115 9270
5254 -805
-4345 -6850
-2639 -6996
-3150 -4110
-1483 6274
-1763 -3294
2998 6944
3409 -6786
-1310 -4647
-1569 -3037
1006 7278
-5755 4776
-5080 8376
-5055 -6889
3099 5819
7533 5143
-6594 -2903
3277 -8598
1498 1661
-7304 3586
3508 -8048
-1959 -1832
6030 -6366
-7269 6693
954 3730
-975 1777
-3421 1709
-1655 -6377
2883 2254
4684 -2142
-1903 1584
3862 -3393
1304 3244
470 3087
2758 3195
9677 689
6307 4984
-4141 3529
-3621 -2450
2581 6708
-6577 1708
-4004 -8703
4408 7439
-3503 -6139
3403 -4731
-9871 92
1812 -6438
2777 -8215
5876 2698
2559 -8594
-1689 3045
6088 7016
-1215 7096
6416 2493
8006 5742
1155 -4548
7528 -4021
1905 -6843
5610 -3786
3830 -2689
3789 1932
4140 4761
-3054 -1181
450 7103
-9072 3979
1387 -9226
-3737 1881
-4717 4968
-2865 2866
8850 -4553
-1786 -1078
-1525 -2819
-6130 -5178
-2494 -4078
6335 5447
7656 3213
9518 -232
-4604 -4909
5128 -2577
-365 2074
-6928 1731
-634 -1264
6221 -5204
-6168 4051
-3754 2306
-3119 6222
1547 3636
6332 7134
-3697 -7689
-7955 -2320
-9092 3890
-6205 2551
-1346 -4158
8212 -4805
-4264 -1407
6651 -93
-9146 1579
-1913 -8146
-2203 -6567
4115 3400
2214 -5242
2777 -5219
-6848 -2684
-645 -449
-6993 6745
-6107 71
-2595 -5600
-3964 -8699
-403 -2987
611 5107
-1263 7181
-5669 7418
1719 -5403
1952 9743
6895 -6759
1641 6111
7601 -3639
-6314 -3008
5400 427
3637 -494
-4782 -65
9606 -751
6592 -743
-2048 1762
-7185 -6142
-9114 3180
-6838 -3927
-433 9436
3303 2998
-6117 4173
338 8806
-4739 802
4048 7227
-4142 5802
-5088 8068
4468 -4519
2362 -7590
7282 1622
-4941 -7690
3620 7722
1959 -8445
6508 -4257
-1293 46
4218 5832
-8780 -940
-27 -579
6171 -6571
5702 -7284
-502 -4457
-1933 -5449
7607 -23
1292 3905
-963 6763
778 5662
1639 -3051
-4501 -4342
2418 -6262
-1610 8991
-916 -9771
-2337 7447
4941 -3030
2429 -9466
4384 390
1573 6002
402 -8988
-3014 131
5116 3288
7023 -1772
2525 5498
-485 -9975
956 8129
829 -9572
-8796 233
-6025 -7384
-6773 5154
-1976 -4981
1893 4214
-5816 2621
3131 -8466
838 8247
2593 7759
1388 3595
9026 -1576
-7853 -4337
6899 -3302
7815 -3912
5214 1959
-8321 -48
-9952 263
4033 684
9273 3740
-3169 -2270
16 7875
2049 8619
6086 3146
1104 -9923
-2795 -9272
921 3380
-942 -6224
5537 946
6509 -1886
-2133 4096
7412 245
-6992 -3690
-688 -2504
-6225 6262
-1109 -5944
5190 3177
3767 -3277
-6447 -968
-3754 1866
-4246 -7063
865 -2680
-5001 1719
438 4371
5394 -7495
3591 6089
-5872 -2673
9589 -2133
-3114 5672
-7115 143
-3310 5987
8233 1733
6354 -6908
-9087 1818
4786 -7753
-3342 804
2219 -2536
-2503 -2737
-5569 -2305
-2423 -3485
4152 -6925
6714 -6218
-2792 5643
-1115 899
7674 3201
4753 7918
-3109 -2072
-1634 6672
2869 -7708
8422 -2691
8368 2822
7607 564
1579 3715
-6862 6375
5118 -577
4712 5198
1814 -1290
9324 -2928
5802 -4450
2820 -1701
-7120 5495
4277 6628
4883 1173
-659 -651
4080 -8952
-4621 -1658
7022 -4437
7414 -4288
-5091 -6725
-6586 5953
-8882 -173
-711 7890
-9578 -1057
-5625 -4794
-4786 -4702
6269 -7734
9966 -214
86 -1736
-7459 3447
-2587 -4355
-1866 3034
2341 -5381
4204 -2201
-6055 6053
-8516 -3364
-7687 6028
-4883 -5316
-1485 4692
-169 -3423
6691 -4698
2650 -3900
5332 3018
8039 3136
6254 -5591
4963 1844
-631 4733
-2779 -2560
-2854 5480
-6871 -5140
8167 704
6100 -6114
4833 3815
8124 2612
-2385 1262
-5152 -8229
8041 4362
4184 8511
1003 1172
-580 271
5931 -6566
-3381 395
-891 -8285
-4255 8957
4264 -293
-2111 -7503
4155 -4944
7794 -2609
-1918 -9431
1218 3557
5344 -356
8708 -3091
7613 2300
3764 3883
-2467 3792
-724 751
-8233 -2882
5800 1759
437 -2722
521 -6365
2820 9182
-1928 -9404
-1392 6456
2799 -7018
-3816 -4212
7135 3395
3490 -7946
114 -590
2461 -5765
-6323 1891
567 4621
7392 -1531
8383 5369
5055 -4748
6253 5150
-7027 1423
-2650 -7405
979 8447
1525 -444
-7324 -2750
-4787 -2417
-5022 -8096
4946 -5657
3814 -6713
2394 8378
-2373 330
4349 5752
-393 -6968
-628 -7110
-4422 -7497
486 7248
5829 1250
-2416 6708
3114 -1486
6218 -3472
-6426 -3497
8935 3410
-1025 -1940
-6477 -3557
4509 4892
-6066 -2594
-4215 5222
7726 -1172
2963 -2065
-5236 3271
2497 -6389
281 -827
-4497 -262
1958 323
-6283 4547
-6447 2300
-2015 -2749
6425 -2304
-3727 3253
77 -3143
-9911 211
1473 9802
-6429 5335
-2547 -3736
-6910 -5826
9779 -840
-115 2978
-295 6649
-228 -6344
9047 -441
-3231 -2394
-565 -4716
-204 1895
-4268 3049
6466 7346
3918 8927
-8391 5194
1199 -9856
-496 -2576
3394 9287
-3016 -7364
-3658 1937
5206 -3563
-8836 1356
-895 6179
-7909 367
-4638 5682
-7123 -3444
2102 -2989
-7321 -3792
-9561 -1762
-3732 648
-5156 -7780
-6282 -4060
4074 5854
640 -9513
7646 -5859
-3297 -136
-3966 6828
-3329 -4665
-2406 -7099
8792 3788
5111 4371
-3438 5424
-6679 2005
7174 6705
8506 1468
4473 7772
-5267 -4771
-3467 6542
-1627 -2899
3297 -6047
8474 5046
-116 6451
-739 7430
-5843 -1361
3498 4689
-4573 8298
3853 -4581
-812 -8128
-1417 -4850
-1206 -3574
5983 1334
-5178 -646
5370 1119
7813 5927
1427 -4790
-1916 6951
7435 -5745
1388 4256
-1228 -1691
-5010 1514
5198 -7119
-6893 -5685
-4056 7095
-1030 -5444
-7506 -3197
23 -4429
-6493 2586
3135 -2344
-6260 -674
7200 -507
-5989 -1869
4011 -61
206 -8573
-5146 -981
3614 -8486
3123 -397
9035 1632
-1131 -5298
-635 6999
4992 -3961
1944 -7472
-3057 -5651
-9219 -2068
4927 -4290
-7649 5418
-2828 -2306
-5230 -119
5002 -6520
9386 -2890
2466 -1342
-5157 -1326
3833 -6872
-4822 4546
-5278 6788
1669 1414
7154 3415
-3491 -944
-5880 -3306
9139 -242
-927 6939
8225 -3219
-8960 133
800 -5409
1648 -9125
-3047 -9264
1999 -2645
-1075 5890
8442 704
-7303 1590
-3082 -2799
8002 -1493
3019 4736
3930 1891
3932 4180
-4852 -365
1232 109
5310 -4035
-9403 572
-527 -7487
6424 -633
-5823 2887
534 -8852
-8326 366
5417 -6914
-6843 2375
-141 9799
-74 -5564
-1978 -8632
-3215 -2871
1335 -9509
73 -7317
-894 -5151
-2339 -755
-8645 2025
4570 763
8803 -2581
3532 -5425
4633 5290
-2186 1250
6862 2237
-4763 -8470
3996 7501
4849 473
-5745 3476
837 2509
-7220 -6835
-814 -1294
-536 1331
-7610 6055
8761 -3236
5835 -5262
632 -7317
1615 1594
-399 -8500
-4005 5802
1925 -1304
-2037 -2293
-1764 -5783
-2624 8217
-4157 6317
1772 4211
1003 5292
-3896 2526
-2305 7666
984 -1274
5816 4100
-8575 1623
-4042 4056
5348 -3865
4996 1806
4335 4895
3237 4049
3886 -143
-3184 479
-2630 -4111
2894 877
-3155 -3568
-7898 -2894
-5092 -2593
-1058 -9392
-3450 -3834
6509 4197
5917 -6414
16 -6287
-4415 -4850
7953 4698
-3219 6550
4990 -5261
2448 6968
8840 247
-7172 -4867
-4460 -3818
794 -7581
-2568 -3746
-2783 2449
-1346 8079
-2953 -8834
1333 966
-5595 4104
-3961 -3952
4629 2558
6137 3683
3491 8182
-8636 3120
1274 3435
2984 -3946
-482 -6494
6473 -2131
-2510 494
2975 -5497
-8605 -1081
3893 523
-1683 8910
901 5564
-2110 -6331
3907 7194
1067 9725
-5943 -7037
5493 7270
-8456 -3729
2182 -3689
5560 6856
3419 -6970
8066 4123
-174 5212
-620 -8491
-1179 -9072
-1902 1900
-4255 -1210
4197 -8786
1310 7211
-4246 8280
-1005 7366
-5631 -6595
-2512 -6504
-2876 9036
-2409 -3898
2574 3846
1699 -7943
-4432 -8085
4437 -8
1221 1675
7804 -4225
-655 2772
9608 -1034
4204 -1156
-1467 5521
-7979 -4485
2611 -329
7246 3943
4767 -891
-1941 7133
4596 1212
-3383 -53
-3655 2822
6917 -1205
8831 2659
-1118 -6187
-3681 7213
3551 4492
-3496 1290
-8526 2900
3776 7610
6181 -684
5143 -6565
2870 7554
5693 -2163
-2254 6558
2862 7898
-6234 -2921
79 -5296
-3385 -8209
8938 4118
-3951 -5235
1945 8101
-37 8534
713 -1164
-2227 -1502
-1000 4679
2975 3686
-762 -6429
3840 9021
-1966 5337
-6150 -7098
3502 -2958
2065 -6525
-7025 -2920
-2670 -1186
-5055 6131
2698 987
-6761 -3435
1323 7492
-9389 136
5407 -3529
-5053 -3437
-1869 1449
-6601 -2811
8178 -986
4124 8640
-2400 -1053
12 -8101
6859 -1431
-1654 -8857
315 -7144
-7014 196
5535 6001
9336 -2418
-6763 -1443
-4210 -1635
7185 2622
-3118 2346
2613 1142
-5217 6044
-4043 -4628
4588 7308
-2162 -3892
-655 5287
1222 -9227
2255 -1800
8007 -5090
-6756 -3346
-108 -8607
-5493 -2034
446 1580
4387 7007
2263 6811
2817 -6363
-1147 -9556
6569 4561
-8141 -1529
-90 -9176
-5598 2253
-9864 1220
5298 -5387
-8292 3258
8286 -1702
-7199 -4192
4567 -95
-7031 991
1788 3402
-795 -8737
7750 -3955
6186 -3661
8033 -225
-6555 -2363
-6445 -6294
-4157 -5313
4262 -4888
-7744 -725
-5093 -4132
7829 4822
1615 3901
1190 7957
177 -8692
-3180 7837
1581 3073
675 -8421
-4292 2477
3139 -8719
8372 3073
624 8784
-6895 894
659 -2222
-2083 -8011
178 5339
4776 -5245
-3495 -6421
5699 -5329
494 9494
-4966 6868
-3240 7210
-4761 7664
1458 -220
-4572 -986
-4096 -2173
-5902 -3854
3595 1176
6730 -3471
-934 4716
715 3887
3270 8995
-5456 4948
-3109 -2465
7774 -5272
1516 8704
9176 2745
5351 1436
5731 -7896
-4202 -4160
1772 8854
1315 39
5686 -2439
-4169 -7459
5574 -8144
2016 -4874
6097 924
-4473 -7612
5696 -4615
-639 8887
2661 -853
-4416 -2677
-1270 7945
-4716 173
-2742 -2032
3054 -7415
1035 4661
7326 2900
5351 2703
-8327 1089
1266 -1044
-2772 9246
1502 -9099
-3951 7475
-845 -8899
9245 3588
4133 -237
-887 6216
883 -5407
3879 -4127
6937 1726
-8554 -5072
-2390 7072
-4006 -797
1783 -2570
6208 -7290
3279 4754
6652 2850
2134 -3277
-5035 -5289
5316 -2950
2605 7599
1356 9304
-1320 -3316
-2256 5765
9226 3453
-2048 3680
-89 9114
-2518 5716
-881 -6958
-6787 -564
-1883 -5376
-162 9832
-5934 -3454
-5479 -6792
-6454 -952
7662 -662
-2700 3583
3396 8131
5239 -4072
4330 -7976
-3724 257
-3038 945
-1167 22
-8766 -4362
3720 -5502
5957 2526
-1623 1600
1656 -5222
2066 -8092
1317 3199
-4372 7524
5311 2448
25 4445
-111 9433
-4869 -3370
3040 7291
-4999 -6955
-9506 1591
-676 8132
-7332 3984
-5179 -4400
794 -8368
-1018 -5622
5582 6014
-2300 7920
4498 5762
-509 3229
-5607 -3805
-1916 2532
3536 3077
3434 1178
-5721 -5346
4344 -2031
-8704 -3642
-2687 4768
-372 -8020
3761 -8764
913 5143
1413 5365
-6916 5174
-835 8937
-1870 -7054
-620 9038
725 -7803
-40 2619
2350 3114
2995 6992
-107 3992
-6528 -7565
-1190 2982
-9529 1101
1515 8264
-7301 5662
-1639 2683
3354 1246
7084 -6417
-8095 -1127
4044 1739
-592 4220
-8653 4750
159 -8146
3757 -9004
4486 -831
1327 -1263
6481 4769
-2406 5998
9921 -876
-3231 -2281
-5306 4700
-3015 2981
-3432 8268
-1504 7399
-1888 -3472
-1823 -859
1719 -2484
-4585 6078
-6118 5395
8100 575
8538 -2356
1600 -1245
1082 -7500
-918 -9393
2905 8025
6076 -7714
-1341 -4878
-3604 1605
6194 -7388
5033 771
8083 -5756
5427 -3384
4199 -2546
-4718 674
-1538 8708
742 1515
3073 -5331
9734 1500
-716 -3765
512 1939
4788 8384
-225 -5671
3319 -5294
-9270 -739
7297 -124
8870 1136
-4061 -481
-2677 940
-5933 -1370
-2692 -9604
4365 6406
-8500 -2281
-2482 9389
2496 -8641
3259 -8065
-3353 8629
-3679 263
-2181 6295
-2355 -8048
-8214 867
1451 -436
2690 -4158
-1650 891
-167 1163
1044 6595
5644 7554
-1017 -7034
-3482 -6319
5013 3873
7219 -4296
4217 -5129
-9058 3595
-5074 341
4688 -66
6679 -7078
7546 1436
9381 -757
1595 -7502
-2852 -3733
-1978 4234
6714 -3398
-8970 -1825
-1003 4332
2916 9205
-9348 -1347
603 -9725
-5929 1085
-2355 -154
-4966 -7511
5508 -3117
93 -1093
-683 -1339
6142 -4479
962 9402
-2009 2844
-3457 8795
4625 -246
-4275 8444
4443 -4839
1374 -9227
-9788 -1223
-988 -9091
-723 3760
3588 -7498
-66 2041
9241 -3486
-161 7040
-944 173
-6107 4454
-429 3912
-29 6639
768 -5750
9148 -2767
-4369 -7168
5930 -6488
-4950 2664
5350 2386
-8953 4090
7257 -3452
422 -168
3988 -1812
-5516 246
-9480 -807
4425 -5510
-4366 -8298
-5222 2271
-4518 -8139
4793 2019
901 -229
-2838 -1539
-5401 2098
4252 2622
-115 -1836
-1744 -472
-671 4367
2174 -6310
-636 -6132
-115 2757
-4784 -3566
684 5376
-3969 -3702
692 8923
2447 1609
1028 -9576
7556 1715
-7896 -2695
-7691 4196
9071 -3101
-4712 -6617
9011 1298
-5592 1295
8347 4427
2814 -7271
549 -3278
2301 9481
-8528 -4505
-3212 8
3156 4032
-3895 8634
869 -3976
5 4631
-9129 2579
1960 -8703
257 5979
8101 -48
-1592 -4698
1684 8441
-665 -1627
1032 122
7317 -486
6889 -196
-3980 4505
-1238 2242
-4669 4583
6842 -3947
-2576 2253
-9347 1051
4637 7020
7477 4872
2970 929
2274 -7118
8957 3747
-3759 6966
-7530 -1254
1435 20
-2811 -9185
-1445 3440
1563 6000
1895 404
-3289 376
-768 1818
-1744 -4210
679 3731
8057 -298
-8882 157
849 -6046
-398 -8800
-3041 -9089
-7316 -3889
-3387 8259
6097 -612
-3307 7069
5698 2056
5564 -7142
5033 -7050
-1471 2241
244 -2997
-5346 -4820
2921 -2443
-3200 3640
-739 8321
5596 -6162
-5943 2228
-1187 5114
-9548 -1538
1627 6120
2273 4858
-3994 4721
2658 918
2294 6843
7015 -1113
3091 8068
2030 7681
-1720 -9774
1826 6146
-1372 -6128
961 -180
-4127 8167
902 7666
5927 -3779
-1540 -2906
6612 5432
-5665 1872
3008 9319
-438 5489
41 -1619
2623 9293
-2784 508
-3709 -1633
-9441 -718
-1158 -9198
-4343 5214
-7701 450
-5514 2579
7253 -3964
-3078 8272
-5484 6988
1003 6553
-1248 861
1499 -824
2943 -4403
-4901 5290
7310 2243
-352 4494
24 -4398
-3573 7185
5520 -3964
-4769 -2803
3566 815
-5661 5161
4524 8149
-5231 4830
2614 -9507
4306 4560
2437 -8397
3044 2010
4886 393
8673 4779
-8307 -426
-5929 4900
-6949 -4175
-2893 -885
-64 6601
-1695 8663
2606 -6446
7149 -3269
-3675 -3903
4210 -2334
143 -2917
-7464 5945
613 -1540
-5643 2983
5054 -5571
4455 2275
5985 -5538
-6864 6198
2078 -1449
3555 -8327
665 -2878
3758 -5603
4956 28
1553 7276
216 -7178
195 -6041
-521 -2925
-3618 -1662
-2092 -4424
9148 -3975
-1065 -7976
9415 -887
6777 -7150
7874 1484
2493 5914
1503 5437
4377 4519
2489 -8270
1618 4780
-8732 -2912
7903 4833
-8210 -4457
-5959 3092
5581 -2250
3148 -3060
1673 7172
6 -6780
3336 -2006
3247 1931
-878 -5161
6280 -5700
8111 3663
-1591 -2860
929 -8606
-2976 491
8033 3811
5407 1714
2846 6803
9110 3467
-5599 4970
-104 -8726
-9210 3778
-1307 4458
777 5362
-6180 7195
2010 -6136
-6996 5192
4678 -6737
-4077 3244
3990 -4759
-8139 -4903
-3122 3918
-2141 -6906
-5930 -7528
5399 -1468
1915 2176
-2253 -1147
3285 -6707
7536 2801
-1283 -1394
-6375 861
-1074 -950
6708 -3959
-7265 3061
-1628 9758
-8354 -3642
711 -8976
218 6609
2771 -6018
-4127 5789
-1458 -8681
9267 -3342
-3919 -6635
-3204 -3477
-2394 1858
-3358 -338
-5950 5673
2250 -6703
1098 365
3100 3685
4964 4020
1634 6265
4969 7248
-2690 -2740
-9652 -2492
-3801 7431
-5861 4238
5587 2992
-371 1358
3907 -5133
6597 -5598
-6452 2747
-7345 -2187
4473 7124
7370 5967
8225 -2843
-473 -2139
4452 3535
-3201 -1462
-6150 882
-6703 5477
4453 8557
993 -3200
2748 -5358
-4688 -3232
-6162 -4528
-965 6896
-6509 -5607
4038 8735
-1340 -8024
-831 -4220
116 4141
-4710 1975
-3332 -4976
7907 -2187
-4191 -8485
-1914 -5408
-3266 1458
-642 -7035
-4433 4752
-4508 3180
-478 5867
-5861 4154
8262 -3596
-4120 542
-4687 -3557
444 -8948
9318 1298
-2134 1691
-5983 -3320
4921 -8189
-6924 3554
2583 -7098
-1953 -2794
753 -8995
7122 6776
-150 8659
-6049 -4283
-8613 4442
7219 -1671
7739 -4757
8091 -2451
-2702 1197
1158 -8381
-6166 6059
-6779 3684
6176 494
-5616 -6433
-703 7019
4913 -1022
6440 -5521
7856 -293
2641 -8153
9039 2918
-9261 -3571
5807 4566
-6618 -6126
1377 3267
-3106 7739
1532 -5525
-978 -5642
-1156 6099
-8664 -572
-5125 6926
-5701 -6137
-2785 -790
5458 6594
9114 -1513
-4385 7176
2649 6253
5268 -8368
-6657 508
-3010 5460
-4029 -2848
4669 -8376
-1180 8669
-5428 -2612
866 -4410
-8937 3410
9158 -2653
-161 943
-183 7462
7289 1607
-6140 -4832
-2630 7288
1579 4576
-6609 5214
1738 632
-2545 -5757
5838 -4672
-2615 -2991
-6470 195
3378 9334
-4158 1616
-7097 1145
1876 -9545
7288 -5557
2250 7497
5094 -4151
317 3577
7097 6138
-6711 -3829
762 -5090
-2979 -2713
-8660 -2197
6625 -4059
574 5820
-4375 6930
3998 3323
4719 6872
-762 -4898
-1048 9459
-3862 -2697
-7912 150
7831 -1103
5337 4236
-4675 550
-8380 4931
-7862 2352
-1354 -1968
2231 4869
-4627 73
-2785 3549
3067 -276
9524 2466
-3588 -6176
4849 -2981
-6515 7255
-5669 5496
-3419 3480
-2367 1070
-8081 4157
-5266 8363
1469 3061
5023 -937
-8529 -1560
-7143 -3989
8444 2554
3160 1326
-4801 -1164
8640 -4116
-3584 4749
5760 2273
851 1006
4263 2349
3491 -6856
5105 5744
-7235 5676
-2843 4318
-9313 -2165
-515 525
1007 -1109
4973 -6938
9463 2757
4331 7860
-5015 589
-6286 -3412
1956 1802
-391 -305
6824 -6415
1949 -7156
7390 -228
5102 6755
127 -7419
-2046 7936
-2553 1307
-1949 -4238
8091 -2848
1446 -1029
-4123 3454
-4874 -2825
1613 -15
-5494 -7028
-5020 8221
-7387 -1851
523 8216
8944 1218
-383 -5587
744 -9853
956 -1187
-1650 -2816
-1016 2840
2667 -3829
1845 -4064
-6534 1882
-8838 -1090
7053 -1422
5695 2943
-6883 5455
-663 7706
-4628 3477
-9202 3526
-7138 -6176
1708 3210
-2809 -8346
-4966 -4164
-195 9454
-5565 6142
-1640 7452
-8009 5855
7503 5687
-4701 -5987
3603 -6262
936 -67
7111 2969
2764 -5759
-7990 -1800
-6189 7551
-6838 -6737
2880 1409
-1392 -7572
-6364 7060
2892 1578
1063 -6529
-5076 -5775
4609 -2719
4916 -7660
4307 920
4654 -5106
-6141 5367
9472 900
-346 2576
-5556 -4891
-1541 8208
9702 268
2448 -2511
-4418 -2279
8580 -3027
-3732 5058
1664 -2836
-3252 -7940
4950 -7145
-820 -8047
5390 -6564
-928 -6012
-7194 -4780
1755 -4860
2034 -8476
3392 4978
-5899 -2044
1577 2589
-1511 959
4107 6579
-2006 6334
-5398 2335
1695 -8279
4066 -4544
-5838 6817
1439 -4114
-3601 -7978
-4 -7802
2843 -4145
-1123 8519
170 5456
4800 4808
-284 6171
5831 -5814
-8644 1599
-1330 -4556
-978 9427
-1893 -6830
7076 -5251
2212 -5839
8963 1479
1785 -3914
2682 9228
-6127 -2820
8428 550
-7507 5498
-3510 9059
2619 3593
801 -3781
-612 -1908
9396 -1294
-6937 2406
-1722 2283
-4313 -8330
-125 -4445
-7556 1166
-4287 1901
-7116 2849
5635 4800
8215 -4981
7653 -1766
-6218 -3882
-6406 -4603
7399 3466
4963 485
-1585 5583
6150 -155
-3737 3788
583 7933
4435 8708
461 350
-139 -3404
7412 -1395
6767 2253
817 6683
5112 4808
3233 7618
-2008 3272
2996 -7761
3479 650
-5803 158
-814 -2062
-4896 3325
-4092 -7949
-5016 8149
-855 -8130
-7333 1964
7208 1829
-2781 -1654
4039 -1882
3041 -3248
-3929 -2058
478 783
6148 4023
1737 -4934
1951 -2883
-2365 -8958
7944 700
479 2890
3253 -6999
-982 -5330
554 6107
3721 -3870
5568 -3066
-905 -4700
5394 1164
7043 -6775
-6393 -7497
3375 -1352
-9225 -2911
8150 -3541
4162 1425
-6299 2984
6294 -5556
-7760 5159
-3085 -2377
8958 598
5070 3841
766 8971
-363 5470
5253 -4646
1886 -8162
8250 3911
4510 2471
-4704 -5171
-37 3550
-2594 7163
-7328 1038
6768 -2015
-1358 -8257
1440 6097
-1163 -816
2991 -1492
8231 3524
-6108 -3608
1239 -1093
7449 2467
-8651 2040
2429 4066
-7501 -5355
-3831 3281
7466 -5629
3836 -4204
-7440 -2333
-7948 -6023
-6809 5660
-4151 2132
-2958 7057
-8533 -2670
4879 8643
-1117 -8875
1638 -8670
-8253 5488
7487 1800
-191 1217
2282 -4298
-3509 -3090
-906 6524
-1939 2156
-2481 -8530
-5626 -3520
-2948 -7727
-5429 -2154
3270 -1593
1898 -5122
-3481 9188
183 8450
-2829 -2846
-2024 5570
1055 9210
3211 -3115
-8413 2490
-7709 -853
-7518 -5475
-1636 -497
1667 -5724
2639 -9102
-2667 4437
-20 3824
5743 -1978
4087 2472
6490 2487
9252 -1878
6119 -2040
4392 -213
4629 -4795
-3102 -1040
5453 3594
4056 4398
8416 -1202
7894 -2756
929 8560
-4108 -956
8886 1915
-81 8324
-5361 4621
-3106 6270
-5643 5871
-2803 -1804
-7038 -1219
-5340 4603
7992 1484
-433 3306
-8112 -4727
-3464 -5891
-1460 -6158
-426 3596
-8826 -4030
7248 -3550
4285 1798
-8575 -2181
2323 790
6176 7639
-5702 2067
7870 -5984
1959 1118
9025 3650
7602 4685
1439 -7241
8801 882
3114 6579
-5007 -2514
7769 5550
-9678 -406
6217 -7231
-9569 -1517
1421 937
3033 935
1930 -6351
7380 -4772
-3723 8860
6761 5654
800 5002
3355 4049
975 9848
-982 4491
-7120 -3386
17 7968
3605 -3652
-4943 -3356
-1700 697
7081 1561
3372 5390
6518 -3020
-3137 3726
-436 1559
7332 -5550
8235 5487
7020 -4030
3277 -2911
-5364 -1372
2662 3031
2436 6477
-6289 -7720
8727 -2892
520 2164
1910 -4048
8382 -2631
-4269 -7781
3271 532
129 5590
-6702 1966
-8850 -2151
6280 1935
4866 3262
3191 1839
3441 -4146
-8015 -2097
-7259 5772
-9464 738
-6663 7179
-488 -6593
-5686 3070
3267 1826
6574 -7209
-5672 6882
-4152 -7393
-1206 -5305
1677 8242
-3462 -1772
-9793 -210
8317 -2655
-3434 -6872
3987 -229
-2722 6437
-2805 7871
-6637 2466
-1231 1374
2724 -6465
-2172 -7185
9184 128
-3853 2267
-7871 441
3922 3918
-5946 -2345
6577 -450
4212 1961
7205 6634
9025 1054
-843 -5796
-1083 9032
9149 -2631
8365 -2316
2370 -2420
-4327 -165
7713 -2877
7204 -4009
1338 -1103
-9798 -1621
-423 6779
301 -773
-4292 -4217
1485 5917
-3583 4786
2908 9189
-3860 -5923
6634 -2581
-4242 -1701
-956 1942
-999 2894
5848 -4540
8688 1792
8233 3722
6861 -4576
-5218 1804
6882 5115
-4963 -6264
-4301 1977
-5652 7600
-882 1752
4216 4269
-2792 6520
2585 -6966
3348 -7574
2334 -5837
-999 7695
5987 6358
-1687 -3238
-446 9661
-5215 8425
-2842 -5634
1945 -7363
-2244 -4734
6357 -863
-5322 -1435
-709 -5864
5001 7398
3183 -2306
7196 -6224
8257 995
6818 2706
-4543 7250
1623 4285
7695 -890
-2367 4396
526 3660
4102 3930
-8395 -4128
-4542 -1707
1899 2786
9328 1179
-1192 1252
6169 5985
-5582 2203
7817 1165
-6822 4013
-3655 5472
-4078 6329
-2053 -1272
-6831 -66
4736 8777
5034 903
5219 -4412
5182 7175
4266 -280
-1731 3876
-3310 6662
1418 -8088
5516 3058
-1755 3234
-8036 4740
-2655 -4497
-3246 -4576
4703 -6805
-3130 -805
2266 7457
4481 4288
-3453 -871
3011 -5852
-957 -8466
7431 5201
3014 3848
2541 -8089
-2612 -7921
2646 -8724
-4363 7948
8193 3107
5635 6560
1615 -2118
-2250 -3666
937 -4993
-3515 2087
7109 -35
163 4873
4616 -4452
-8644 2366
3972 9173
6551 7376
-1042 -6708
-6954 -5614
-4928 -3287
-3391 -5831
-6781 2190
-8452 5254
-3572 -2583
-1203 5197
-8118 -3828
-192 2685
-4209 6808
1101 -6837
6443 3417
2213 8265
-1148 6300
3226 -8557
2707 -1690
5206 -3065
4595 -6689
-3945 8647
-421 -762
7932 -5248
-1820 -6951
6856 2847
965 -9031
143 8853
-4038 -2801
-4594 984
-6266 -5005
-1704 2928
3039 -2568
-540 4115
-3348 8887
1590 -6809
5536 -7205
965 -67
-4416 -4757
-7727 -5120
-7971 -2894
-19 -7193
704 -8173
6927 2114
-1983 6072
-1186 -4909
-2004 6402
-8872 -3130
-7316 -2861
-8294 -2167
4001 5876
730 -4339
9324 1158
-7317 -1897
-6399 -7155
-1170 5918
5874 7449
3161 7765
-5758 -652
3394 -4848
5219 7405
-2746 -4926
-1569 -3867
3650 5379
-2189 2759
-3183 8344
38 3899
1069 5338
2458 -3415
8009 5341
3093 9500
-5251 1957
-2369 -6105
8055 -3557
847 8234
-7890 6
1758 -5824
-4267 5318
6430 4628
4303 8873
-8106 334
-7250 -1906
-5513 907
-6585 4854
-1460 151
2956 -2787
3423 -8398
7704 -3555
-2287 2220
-891 -5762
2583 -4454
-2221 -7519
-6173 4839
-2085 4722
-4473 -6056
4479 -8138
-6171 -1070
1327 6154
-2503 -873
1856 -4928
3765 -9073
9774 -526
-4654 -1993
449 -7158
-1308 -6746
-6013 6970
-2303 4601
5600 4431
-4558 -5027
-440 2656
-5656 -7011
7179 -3240
1905 2066
-5470 -1399
5075 -5036
-2018 1866
6547 2249
-9722 -296
6802 7307
4209 1103
6394 751
-2269 1798
653 5561
-316 -7110
-8749 2029
-651 -6082
6921 3483
-202 2286
6785 -4093
4216 -1627
2758 -5350
1214 -8180
3352 1693
2695 8800
-7645 2915
8797 1017
-5430 6351
-4851 1368
917 -7756
-690 6112
-8880 325
3302 3942
444 -2504
3333 5811
6529 -1512
8671 2139
-1174 -8809
-6720 -4495
9980 247
4947 -3169
-6964 -1916
1638 776
-5561 5639
2565 2551
9160 -814
-8490 -3604
7229 6487
113 7689
-1554 7041
-4169 2449
1583 7088
-951 160
-4293 1149
4907 2714
7272 -5080
-2426 -6175
4740 88
-7348 267
-4891 -138
-1923 3399
3832 -5313
367 -1159
-5309 -4348
4312 1022
2541 488
1825 -1873
-9073 -2671
603 1295
5833 -3953
-7049 -5873
-5347 1237
8746 -2983
2656 7509
-2586 2007
2656 -5799
-1147 -7112
6517 5768
93 -8489
-3419 -3766
-1175 9158
2824 -9363
40 1340
8437 879
3107 3030
-4884 -2840
801 7378
-666 -424
-9564 1557
-4004 -6261
-936 9581
1512 -4687
4446 5934
-7989 375
-7460 -2820
8234 1011
2924 2555
-12 -1155
6576 5137
4163 -1996
5457 1313
1659 573
4043 8903
3841 4593
120 8423
-7949 4122
-765 -9326
-1788 -5124
4137 2823
3100 887
7175 -275
5172 6764
-177 4045
5237 3283
-5763 8033
5150 -6108
-8530 208
-436 59
-2777 -7421
8601 4602
2981 142
-403 6681
-5116 4790
7315 -5042
-334 -3446
3631 -7832
4219 6663
-594 -8275
531 -7674
6078 -5708
-8554 -509
-5041 -8401
611 -1280
5141 -2970
-2607 -2006
5086 -4524
6944 -3823
-4949 969
5353 -3344
-2906 329
-3639 -509
-5597 -2969
-5156 -2182
-2215 -3695
6959 4772
4753 2142
-4385 8260
-4895 -3681
6028 -7354
8388 -3403
-472 -2078
4755 693
-889 3527
6138 -4133
-7618 -1119
-8571 359
-4208 -2991
-6227 -3353
3168 6545
546 -1482
6578 -166
-3027 -4241
7945 3876
2691 -204
-2938 -8796
214 25
8275 5257
-2691 -4351
-5987 5625
2049 25
2851 7198
-6742 1483
7953 -4763
9229 -1861
-3807 4994
-248 8740
2178 4666
9653 715
9865 340
4730 2569
-3994 4259
6953 3384
-4310 1231
-4559 2722
2764 3795
-3854 4618
7307 -4754
-8856 2775
616 -1434
-4213 7755
7886 -2372
9214 -2156
-2144 -7819
19 -4177
1587 -4212
-4175 -1545
-7669 -6147
-4839 -6337
-6325 -6613
5365 7366
-264 -5751
-9982 -570
-1964 8741
4023 -4833
-4396 5590
-5673 5372
1821 -3589
1029 -5419
-4066 -920
-2470 -1706
6620 -3420
-5502 5566
762 1701
-400 -7972
5861 7677
5315 -2359
1364 5556
-1183 2623
-1565 -7605
3814 -3700
1756 -2554
-2174 9548
6340 4465
4370 3093
8185 2299
4985 -2158
2739 -4033
-7368 -1232
7600 -4151
-3500 -5505
9173 1422
5732 2279
3926 1543
6069 -1109
1001 6263
6697 -2619
-9121 358
1721 -6056
8989 -3666
8112 -3868
2966 1176
502 8870
-6037 7809
-1290 4617
7867 -2902
-265 5551
4569 -5274
5879 -6620
1406 2393
7982 5775
7690 -2258
-4405 -2823
9499 1113
-4457 7286
1732 1937
-6876 -4370
6200 7296
5081 -6202
366 937
-2330 8870
5422 6371
-6291 -4653
6686 5369
3109 -1450
9346 -2744
-8483 -3775
-7515 -941
-891 1936
-1549 -4724
3449 -1730
-2850 8032
-3303 -573
-2641 6296
-3535 -5121
-9199 -2930
-6139 3135
-5230 8011
6536 4773
2805 2297
119 -7048
-5251 6429
6065 2605
-7541 -836
-4336 8170
7228 -5936
4846 5837
-8280 -4279
-6784 -5482
1100 342
-9254 1762
3535 -6850
-5885 -7719
-6614 -5169
-2557 -5565
2112 -1251
946 8950
6031 6040
-3289 -6359
-1881 58
5317 5748
-7546 -4344
-6052 349
6033 -6607
-4967 3830
-732 492
-5407 -8178
-4998 -2600
-1852 8568
-1877 -2643
-7593 2674
2384 -6252
6362 -1578
1107 -1356
6910 1607
-4681 -1956
2139 -3943
8241 -5344
-2205 8674
4572 4584
-5809 -2544
-7975 3494
5471 3064
-4052 5281
7330 6297
6628 5107
4391 6678
-7365 -1823
102 6593
5443 -305
2391 -5917
-7257 -5405
-4071 -1541
-815 6981
5111 -6997
-5687 -4610
901 -7578
7579 -1439
-2344 8459
-4189 3504
-2718 -5597
1434 -9288
4354 8789
3907 1353
-5407 -5997
-2726 -6170
-2231 59
-9802 907
8964 3389
-8770 -2161
1074 9201
1023 7139
-258 9821
-6715 -3366
7948 -983
-871 -8219
-7383 -3599
-7209 -163
-2185 -8213
6582 -7418
1182 8780
345 1716
1383 83
-1150 -8653
-671 2813
4358 -7229
-6768 -3305
-53 6875
-7942 2507
-1927 -381
-1885 -5759
-4541 -4809
3421 -5853
1549 7620
5732 -733
739 7073
3718 2634
-8841 298
4605 3223
6052 -3207
3704 -661
5144 1021
-4106 2632
5229 -4857
4513 1588
-2573 -2809
3788 561
9419 -847
-852 -508
9181 -3443
-394 2971
4873 -2846
-1143 1318
-4288 -3713
-5587 8157
7205 2347
8810 2734
7540 -5442
8610 1184
8252 -1707
-3070 2527
-3689 240
7335 3856
-3507 -3993
369 -8126
4524 -6175
4113 727
-5540 4497
-6007 -4465
-6517 181
-5492 1626
-36 -5757
-8686 -3815
-4729 1299
-6453 5220
484 2257
-3672 -1007
-5364 -4226
7488 -771
-2744 8737
8343 47
425 -818
-1898 5785
6026 -6333
-2909 4556
7409 658
-1567 -5207
-5010 2072
4184 7943
6561 7266
8 -9963
1609 -8801
8056 -2975
-7351 -6304
-2874 -9219
-2959 -5252
3098 2338
-1433 2499
-1888 -9635
4198 7395
4022 4804
-6375 -3586
3761 4516
4795 -6040
7519 4890
-7358 2787
3771 -7002
-5489 -8342
3763 7703
-2844 -8819
-4578 1095
6390 -830
-2113 -5751
-370 9804
5527 -2989
6927 4622
6544 5715
-701 -1162
1594 -8385
-6568 -5346
8877 -345
-433 9950
4411 4544
-3171 2088
-692 -681
4897 2275
4031 -1113
2957 2856
-1509 -9834
3241 -5027
-6098 -5163
420 3457
-8440 -2105
-4281 -7241
-1501 -8831
-4427 5562
6039 2217
7064 -7065
5532 1757
5496 1721
-2225 8233
758 5187
-1049 -716
-1832 -4067
2142 2317
-9367 924
8053 1801
9751 999
2473 -8916
-3429 1701
8581 2437
2360 -5492
-1929 -4919
-6973 5742
2262 4104
1982 -7220
7231 -4005
918 -7694
-4244 -2738
-6485 5563
949 -9198
-4920 5540
-528 7468
-1471 -4889
3695 -7328
-6549 6595
6317 -6923
6521 1221
-2282 -4083
-8335 -2036
4755 7211
437 -7344
9487 -1635
-2370 8352
3140 -377
6843 -4789
6953 -2735
5035 -5959
7784 6038
2056 -5087
-6437 -1579
-8770 -3294
7140 -461
1739 -8326
-3544 5500
-6752 5848
-868 5878
-910 8302
-4745 314
-2835 -46
-4798 2226
-7431 -5396
5795 7373
-1587 9173
8122 2947
3065 3655
-330 -8632
-9893 -966
-1191 9292
4644 345
-1865 4826
-2701 -6087
3591 5277
4938 -1594
-8199 1742
-8995 606
4778 811
-6535 928
-3712 1324
3604 361
9082 871
4177 3739
2452 -3794
-3208 584
2970 -7156
1330 -1574
3225 286
5682 -3092
-6239 3242
0 5694
9936 -140
-5226 6821
-4379 1172
-6708 -256
-3618 -8249
1136 5249
7030 -884
-19 1053
-5061 -3498
5041 6310
357 -2903
3285 1348
5434 7139
2264 -7485
-1765 7557
-2374 -207
-2803 5583
-3346 -8995
512 -7557
1049 1494
-3187 -7725
-8126 4007
8031 -547
-4888 -2678
-4566 3289
-5314 -4182
6411 5059
-1870 -4660
-1488 -5690
-6164 -5514
-4642 905
7676 3670
1566 5783
2534 -2813
-3406 690
2404 -7102
4083 4978
-5469 -3409
-3308 3013
-2195 -4602
-5305 1766
2167 -7007
-2310 -276
1522 -1017
9158 327
-8463 -3879
-1688 3197
-7986 2548
648 6272
-2010 -1414
-2994 5468
49 7411
1005 9942
-3557 1460
3563 -6861
8894 28
3627 4681
2674 -9559
2528 -5200
3670 5384
4894 5426
-2243 9641
1968 -5069
1457 -7409
56 6458
5557 5053
5501 8143
1038 -248
-627 -7082
4436 4213
-5959 2293
-4806 236
1648 -4310
-5035 7927
-3073 -1800
4610 -4090
-9896 -946
-5986 -618
-7924 3996
6469 3342
-2077 5555
-1383 -565
862 -9023
7715 5285
-95 -8005
-470 -2709
1818 4399
4138 -4479
1726 -4671
-3018 -8920
8350 -3689
4718 -1233
-4537 2834
139 -196
4933 -8248
4159 1243
-6347 7165
-2666 8998
-6466 940
660 6551
1232 2918
-2947 4896
8253 -3961
3 -3599
-5451 -2543
-4340 785
1663 2033
-7123 -4481
2690 -9266
1858 9483
-8301 -5118
5747 -1460
3402 -7030
-1255 6749
-7150 -2163
-3949 -2773
-5670 4980
-2075 5128
628 5284
6100 -4231
-7301 -536
-7602 2528
4068 -9003
-3033 -2772
-780 3647
115 4306
-3060 -6104
-1111 4211
-7171 898
675 -1802
2086 1389
4658 -4655
-6476 -614
1190 4021
-4633 143
-6825 1772
-1345 4360
-174 1635
-7784 2194
8250 238
2649 7148
1995 7520
2609 -2839
565 -346
-1081 6587
851 -3226
5457 -7305
537 -8493
-7525 -39
8833 -3887
58 -4269
-250 5470
-1610 -2245
-8538 2432
2611 6911
2097 2316
-3248 -8604
1454 5137
6087 3381
5387 2101
2614 9088
6203 4777
5449 -3818
-8014 -1043
-1021 -7736
5997 -5302
-8525 4393
-21 -1065
6362 -3756
-2666 -9281
-7632 3296
-2512 3561
1885 1834
-658 -8416
472 -401
8063 5109
5220 1810
-2710 -4879
-6354 611
8273 4956
2149 2027
2237 1878
-2705 6355
3575 7169
2227 -3928
8063 1017
3950 924
546 7727
1702 2507
-6994 -3876
4256 7229
-2518 -2933
6296 7031
521 -8797
-795 5573
-1214 -7014
-2844 -796
-7546 -1467
-6923 2829
6761 -2059
4917 5405
-1892 -490
425 -3090
6243 3808
-3101 1360
-5179 -8033
6770 4933
3221 2798
-3487 -1693
-8910 -4332
-4780 3805
6557 -2531
-2080 5119
-7875 1307
5513 -6752
5121 5475
8257 -4514
3923 3120
-2304 6490
6647 2352
6826 277
6441 -3602
1403 -3314
2186 -7585
-7826 5350
-3921 2645
-7964 -4696
-4885 7694
-4914 7009
2962 -7848
238 9685
6527 -74
4863 -6091
-8828 -3615
9461 -113
-2539 -2091
3781 8849
-4246 8169
1883 4177
-3392 -7632
-8735 988
-3002 7811
-4758 -841
-7519 2084
2596 6727
953 -760
3032 4260
-4553 -7868
-3487 -1342
-7532 -272
-5279 4759
1770 4840
-8954 1346
-7594 4865
-1381 5189
791 -6245
-1089 -9326
99 -38
-2792 -3263
2729 8326
-6784 -1546
-1701 1934
-5196 -4555
-284 3753
3567 298
-3651 3694
9444 3285
3141 -5975
2038 -6484
-6127 2756
112 7678
-4124 -6310
-8035 2814
1525 -7565
-7115 -4028
-7959 356
2412 -5881
7517 1808
-4421 5676
647 9827
-3000 3181
5034 3568
1179 6051
3780 -4945
-7142 3416
-6551 -5706
-2348 -4887
-1799 -9104
7180 -3153
890 7580
-4226 3444
2840 8398
6424 -6580
4140 2961
7389 2457
-2624 -608
2917 9147
-1924 4181
7626 -2933
-6484 2898
-4458 7152
-2250 -818
7931 -3886
-169 -6663
6018 3170
-249 8512
2497 -8808
-5314 60
-4343 -5352
6307 7611
2407 1639
-7456 -489
3804 2852
-1083 -2985
-9264 3700
-3970 3546
-3506 -92
1179 6821
-7148 -651
3258 -676
-6874 282
-216 -3005
-6654 3762
4689 -7059
7768 -993
-2148 4475
-298 -7635
-8617 454
832 5185
1902 3940
2927 -9441
2535 -3245
510 -8699
-9618 604
-3439 3000
4052 -5225
5700 2770
-6461 -5673
4362 -3193
-1299 9182
2915 -2317
2435 -8849
6671 1093
-6824 2236
-4679 -7333
5237 -3081
-6615 -4139
-4752 -2749
-9442 277
-3216 4274
3573 -6261
-5326 8298
4279 -1989
-3417 3802
4320 2887
2641 -2350
-3846 -2704
-6409 3491
-4248 5078
6499 1031
-9423 -1907
-4116 -7361
2835 -4046
3493 3628
9361 -2754
-4092 4169
5812 -5646
-904 -7203
7900 1571
-255 -2674
-4419 918
8482 -2300
-9042 -4147
-890 -3595
-5377 -4792
-6544 -5155
-1448 2152
584 9330
-5785 6893
9105 -88
3471 -3345
6941 565
2660 -1598
-7400 1648
-6070 3349
3244 4142
-3156 9444
1779 -3200
-3685 -2852
284 -4355
214 5268
-9559 124
1590 -7760
1305 940
-7899 561
7280 1166
