2776 100
13 100 15 41 76 63 34 75 72 11
-4124 -7771
-1739 -2442
2970 7657
3734 8477
-617 7586
-112 -1182
3461 -7282
-3869 -4819
4271 -3580
-970 8043
6846 -2632
4054 4818
-3682 4394
-81 -3684
6902 140
4975 -360
-1218 1527
1488 -6755
-4356 -7161
-8040 5096
-9065 430
-6086 -5907
6876 5179
-8496 -2202
8777 -2824
-1069 8692
3411 3531
-1907 -2836
-6833 2158
-7180 3962
7334 3046
-2700 1101
-146 4623
-5680 -2839
-6095 -4747
-4211 -6312
6786 -4540
-4115 2090
6366 4087
7757 -301
3754 5545
3807 -4087
4595 507
5544 -7554
-6705 1720
-3060 7003
-4028 -6451
-4428 -168
4586 431
-2674 6021
-896 5328
3302 7399
-8875 -3674
3300 1905
2042 9098
-5613 -6455
4596 1052
6698 7309
9265 -2564
-5802 -4144
5457 2925
-1397 163
-1411 5261
6564 -5167
6372 -449
1834 9499
6018 -5000
-1034 6363
-2869 -6966
5721 -96
-634 9507
5317 7065
-7654 -1563
-4043 9079
-2837 -1267
-2016 -4900
1531 -2480
443 6946
-2476 -3832
-8561 -917
-4327 -4595
4536 -2260
2528 3990
1006 467
5234 6176
-961 -6317
3381 -4390
-2680 1235
1991 -6007
5566 2379
-1007 -9743
-5126 2241
2815 2280
5975 -489
-7291 -3617
6451 -3599
-3967 4678
-8619 1353
2688 8077
-2059 7051
3040 2500
-7012 5352
-2892 -8175
7159 766
-2032 -8160
7736 4701
-4669 -5020
2982 8885
799 9110
-9622 648
1252 -6446
-6043 -7034
-7816 -6156
5842 -813
-7869 6144
3938 4715
9063 -1293
4653 -7690
-2894 -8277
6805 897
2494 5922
3040 3594
-8018 1928
8609 -5005
-7799 1665
8817 4605
3484 -6617
2967 -3276
-428 4371
-3989 7007
-5566 -7441
5799 4835
1573 -9829
-2978 -5393
5512 -3380
-3621 -4759
-1271 1592
-4304 7170
2167 8919
5799 6803
-8115 -5629
1613 6595
-2907 -1419
2643 -5288
2724 6585
6635 -6435
-2408 -6293
-6855 1860
-1702 -7574
-5027 6676
-3509 -8722
748 -8463
-4595 625
1334 6419
-1512 1425
2462 5309
-5761 5605
4140 2420
-5416 5715
1833 6790
280 7533
4819 6728
1515 2160
3905 -7934
764 -2366
-5128 2138
-4296 -7309
-6549 6515
-2177 -1067
-8360 -251
6438 -3814
-202 2261
-2540 -6427
-2171 -8503
7935 -2653
7947 -5476
-1169 -4801
-2794 -9253
439 2739
4019 1420
-3166 8152
-9945 -345
6237 1197
-224 -7571
-8910 4194
-3568 -3416
1256 -7616
274 -7875
4562 -4610
-6202 -577
1277 7380
130 -2155
-3569 2670
244 6411
-2499 -6157
5836 -3792
6156 7167
239 -6223
1835 -5243
-3071 -5222
-5564 -1678
-4449 -5167
-4200 -6901
-3078 -1286
-8847 -2926
-7673 -2459
-9550 508
-3622 -4492
6656 -6221
-1645 6910
7917 4144
-5748 -3937
-1797 2535
4135 -7588
3837 -1347
2544 7790
-3240 -2301
-1905 600
7630 -4531
-5349 -3753
3050 698
-1316 7534
8382 829
4040 -4197
5195 3188
-8228 -2401
-5133 -7038
1453 -5613
-2698 -1374
4818 -7887
8397 -1475
-4838 1204
3799 8899
-6651 -4431
-2221 -6611
6747 1936
6026 3966
-1914 3079
8529 -926
-3022 -4688
2042 3971
335 -8698
5823 -588
-2479 3660
-113 -673
-3979 2296
5007 3556
1677 -1062
-7639 2993
-5059 -3701
-3519 6345
-192 8432
1313 -4354
1587 4881
-4122 598
-2057 -7793
-6286 6492
972 -3059
2113 1644
3297 -2676
4881 5029
-951 -3693
4091 7988
-1586 -5323
-3517 5409
-3554 -2176
5 -5192
7038 -3152
2277 503
8649 2681
1199 6377
1840 -7014
-6969 -5506
-4023 -4974
6470 -3573
6402 -553
2698 -994
-2379 -2748
4301 -4835
-2556 535
-752 4924
8408 -895
-2275 -5953
-8707 -2248
2706 -2515
-2245 -4815
-3214 -1794
8805 1267
5803 3784
-265 4227
4436 8427
3321 -535
9491 3146
1285 3297
3511 -409
275 4459
-6134 5929
858 -8629
-3176 4685
3813 5593
2930 234
-4928 -7085
-2711 -8318
8767 48
1879 2839
2502 -6319
-1381 2384
-5698 -1806
-1646 1397
-3351 931
-3713 1598
1177 74
-4910 574
5678 -621
-3943 1455
3488 8973
-215 -5096
5705 3794
-2131 5732
-5440 7864
906 4072
1921 -1130
8775 -11
909 4979
5681 7837
-6316 3434
-7972 3152
580 -2142
4246 5454
-5793 -1556
-3631 4223
4758 -6757
-3581 -1715
-3988 6218
-1302 3849
5340 2983
2386 -7205
-6813 -3822
-1020 -91
8911 -2468
-5657 -3762
8228 638
-872 -1676
-2199 -1195
8147 -1414
1944 260
-4462 -6590
14 1684
-6274 7057
894 6540
-2416 895
-2827 7982
-2906 3897
3780 2305
-7046 -4470
2337 4858
-1229 -7037
-4859 -5114
5937 -1896
7777 6086
3399 -6702
-1183 4701
-889 -6589
712 2248
-8415 -5043
-3895 -9099
-2815 6642
1355 -3286
-466 -9007
1146 -4602
-5082 6828
-2929 -7788
452 268
8269 -2598
1593 6095
-1711 -2480
8842 -108
5908 -7594
7196 5776
4402 5552
6432 3285
-9599 -1414
1474 -7321
-4251 -4447
-6514 -7564
-3948 3937
-8381 -3874
404 -6121
4676 -7102
5132 6855
-6266 2895
3235 9151
-6194 2231
4350 7308
-9457 -1596
-2020 1478
-3941 106
-5259 -1086
6056 6010
-2325 -332
1011 8917
2421 -8268
1754 4017
3701 9184
4268 4185
342 3490
-870 5448
-344 -9993
-5933 -5802
-5197 20
-6437 5109
-3890 1108
-4846 -5718
-6947 -3969
2779 -8013
2190 6771
-7937 1956
-1691 1419
-2107 7307
7515 5751
2333 -3301
-6153 -28
1459 -3838
2332 4529
-452 -2065
-7679 1801
-1451 -1845
1109 -6107
-4881 -441
6209 -7774
1902 -1420
-7054 -6915
1311 714
2566 5796
2155 5574
7466 1634
-3695 -8373
2969 -9215
-2741 4635
6659 3525
-7790 3422
-3849 -1020
-2764 3473
-4454 4617
-3281 9401
5825 6124
-6584 -6196
-8589 -1898
-6736 -824
-1988 5833
9569 2135
2045 8594
-2791 -865
6580 -1003
2371 3873
8896 -3491
5606 -8082
-4569 -7773
4611 -3476
597 6759
-3917 -1915
-3353 1322
5939 -2812
-3849 2490
-790 -5191
8320 -4873
367 8533
-1300 -1521
7137 -6298
5326 -6567
4559 -3574
-5177 4031
-4249 2276
-7805 5364
-3508 1838
-2500 8096
-997 6192
-1725 1994
-6644 4849
-1967 5068
7562 2421
4261 -8286
2937 -8313
1673 6880
5646 733
-5283 3451
7511 -1926
7727 2915
-1393 -9458
1954 -6785
4754 -1581
-1139 6596
2093 2671
182 -5980
-114 3795
790 -176
4862 5814
-3476 -1962
4472 3480
570 4751
-4712 4023
1493 641
-7380 5452
7413 -1900
-5634 7352
-698 2503
-5836 -7138
-2458 -3387
3010 -6423
5121 -1370
-8107 -1423
898 6318
-1587 1439
4976 -6985
8523 -111
4660 -2585
8451 4959
2275 -2599
-8566 -1157
-620 7965
-7701 -4148
2190 6550
5431 -8214
3055 -2965
5580 -6596
1901 -6861
3764 -7222
-4102 1644
-790 -6690
-2378 -1951
3092 8787
-1494 3077
-1769 6785
6659 -3983
5553 2910
-2439 -1544
-1955 1499
-1469 -8318
3531 1451
-4507 -8629
-3789 484
-1227 1135
4942 -903
3050 -5969
936 -7510
6284 5447
3561 5607
-3742 4464
-2105 1235
2434 -7650
6201 569
-2250 8000
-2054 -4940
-6594 6411
-915 8446
1996 -7306
3876 4512
4357 8447
4555 -2700
6771 -352
-6502 6814
-3248 4838
3942 2626
-5207 -7040
7799 4853
-4021 1618
-491 7993
-6832 -5505
-4831 -7079
-2906 -7398
-4730 6962
8231 1402
4372 168
-7839 571
-3481 1891
7742 -6101
-4902 -2614
-7945 -3867
-3287 -6408
-981 -8540
4407 -1919
-873 -923
-1880 7547
-2924 -7647
-120 2468
-6330 3629
-3521 8711
3978 5382
2661 1692
-6520 -5784
1055 -3425
333 4166
-2893 451
9271 2782
944 -6893
-2862 -7262
3380 9305
-9122 -1094
1479 33
85 422
305 -6391
-1127 -1811
-1385 -179
7178 5283
-8013 -3891
9150 -2437
4052 -5853
-5291 4962
-4001 -1326
3885 6307
6233 7327
-8391 -4292
6961 5431
1655 -4564
3775 -4606
-3940 -394
-8384 -2014
-3205 4979
-6924 6685
1900 2515
2198 664
-1821 -2031
-9386 3117
-1384 -1690
6946 -5598
-4156 -4996
591 -9216
-4171 -5347
-2160 8776
-379 -9490
2908 9395
-351 7871
2041 -4669
-1387 2309
-3272 -2408
-1281 2924
5648 -472
-149 4657
1240 5092
2921 -1141
-1534 4908
2327 -309
-1382 -947
-7578 -782
738 1732
7933 -2543
-6444 -2683
-1108 -2764
-3581 -810
4910 1785
5768 5165
-7096 6370
-2310 5152
-2725 2883
2176 -829
2468 -395
-7993 4471
6206 5586
-4240 -3076
-8153 -4863
2318 -8518
-1564 -280
6932 -3226
403 8629
2014 -8647
9985 -174
-4010 -4513
8454 1485
-9582 -1824
-1711 -3417
-1673 -9611
3681 6170
5612 -8043
9570 1021
9918 901
-5965 6572
3479 -2282
-8553 4361
3073 3434
-797 9788
-1724 -1681
7034 4851
-7778 2801
-3027 -7032
7909 -2608
4492 5407
5029 -7532
-9254 2878
-5031 -5204
1884 4642
-6898 2928
-6397 5092
-8496 -3460
1872 6867
-7681 2490
6219 7300
216 6776
-820 8167
-46 -1082
-6020 -3362
-695 -1340
-3405 8235
-984 -4183
-6869 -1715
2151 1089
656 -7604
539 -1203
8134 4402
2116 -5369
-1356 9091
8983 2685
-8524 -812
-1479 -1232
-4661 1064
-3791 -8865
-9250 2361
189 5951
8810 -554
-8139 -775
3722 9232
-2009 3614
-2407 -7034
8818 304
3232 -6687
-3949 8314
5947 -2377
-707 -8551
-3817 6913
816 7575
1925 -3606
3120 5092
-9315 -2297
-4096 7004
3437 -2283
662 -3442
6780 -904
1249 7779
-2318 814
916 8215
-5298 -2480
3069 -3943
-2273 2596
849 -1105
5186 -5910
-7167 723
9136 813
3552 -3570
-3809 4279
6924 3302
6780 -875
-3834 -5214
-7437 3929
-2340 6106
5100 6236
2152 -2447
-436 -2665
8365 -1173
-4675 290
3582 8989
2321 -9110
7718 1178
1746 -8304
-6287 110
-7671 -1637
-6814 1671
7040 4841
1987 8564
-5658 1729
-4949 709
-313 -8757
9317 -1981
4302 1874
570 -3312
5583 -3701
-3795 -224
654 -5181
-903 5255
5704 -870
-8400 3769
-4120 6447
-956 6247
1221 1064
3952 6718
-138 -9098
-3789 8035
7334 -5225
-4369 -4703
-7708 -5458
-5406 5799
3320 6221
-3598 -7089
6836 2940
129 -2694
-9026 -1937
8954 2091
1494 -479
3111 -5201
-2478 -8635
-5536 5544
6752 3183
-2200 4215
965 6430
1332 -3037
534 -9219
-3437 -981
7561 3804
8287 4739
3107 7090
-6000 7807
-9837 -223
3444 -4546
3899 -1933
2341 5465
-1852 -1382
7266 4055
-4060 1554
358 7220
-5837 -6207
8102 1511
3970 4428
-5318 -1001
-1528 -7832
-6050 5563
2791 -8858
-307 6815
5658 7982
340 9261
-9878 1337
-5856 -1909
-3280 -6913
69 6872
5297 5901
4331 -2126
7744 1101
894 -9374
-6849 6967
-8454 -4710
7987 -20
-2802 5310
2413 -9595
1857 6061
143 -127
3915 -8862
-871 -1695
1867 1521
-5565 -1596
6072 5524
-4513 7006
3627 -5765
-1171 -2982
-1941 -9770
6028 4503
7729 933
-4390 -2386
-1260 8171
-1579 -2616
-8223 305
655 -6541
8280 4198
-1613 5864
5862 -2878
-1217 1190
-789 -6915
124 -8966
1622 6232
-2272 8255
-8859 4390
7267 2231
-5487 -2620
1918 6619
3622 -6824
862 -8156
-8548 -982
-5526 6490
3265 5620
2586 -3910
-112 -7609
-1929 -92
2592 -2621
4981 1473
-7104 -6637
-6581 -3421
-4469 -5513
-6715 4136
7732 -2371
2396 2480
4149 -464
-1507 7126
-207 3840
-349 -7208
6867 1266
7858 -460
-1703 2027
3650 -108
8714 -3369
-6995 -6186
4108 -2570
3656 3135
3220 -4521
6508 -2679
-2309 -9627
-4715 -965
2330 -2714
2970 7277
-4532 4787
5066 3192
6329 5500
-5227 -5722
-4158 5209
1031 -3792
3786 4861
1768 -1862
-6542 2689
-6830 -2959
-5495 3776
-2153 2147
181 -9043
1681 -6573
1538 6008
980 2058
-6157 4477
-3990 7859
3624 -7161
4440 -3230
-5080 5899
-185 -1390
6288 -1676
-4893 8165
43 7496
-7310 -1254
2585 -5157
-6606 -6536
7810 -5609
7827 4636
-6478 -945
-3379 -2584
1106 -3849
-5969 4019
-26 4529
6910 -5381
-5503 -7663
1809 -2482
1493 4840
2211 -9596
6681 -2858
-3903 8814
-2158 -7021
-7961 -5069
-1183 2615
-1569 8033
105 -3457
8648 -248
-7795 -3311
6394 4816
-7164 -2677
7 -4071
-2862 8139
-1328 -4649
7610 4967
-36 -4333
-2721 -407
4332 -5657
5245 -224
-7109 -4223
-876 -8012
-9577 -267
-1323 6325
441 -5046
7603 -213
-3404 -7353
-2792 -7612
3199 2359
-1661 -724
7221 860
-4618 3444
1735 4526
-842 -2134
-3441 6868
-4886 446
5244 -7762
2272 7475
4398 4795
-7536 -5498
1787 -3482
-414 6250
-3759 75
-2048 8498
2070 -5062
-2149 6702
2889 2183
-4581 6425
-6389 729
-1842 5207
-1057 411
3351 -8825
-1068 -1604
-1594 -3193
-4210 -5092
-8398 -3685
6966 -2000
-6517 828
-387 -3165
-2222 5394
6938 216
389 2613
4187 -8663
213 -2148
-7102 4663
-4544 -2282
-8066 -779
-7149 -5374
1854 -7592
-6205 5128
1833 9514
-1219 -7298
-4941 -5408
-2339 6230
1777 6475
9720 1160
5861 -1348
2312 8009
1519 3825
9267 1870
-3346 -6477
1797 -4499
-3867 -1492
-7782 3000
2318 -7267
-816 4015
-5761 7720
3128 -5255
7730 -5206
2877 -6355
4414 7071
-275 -8879
548 -2488
-1434 8325
-1179 -9145
8434 3522
3486 7509
-9609 -186
1432 3476
951 -1122
-2256 637
-7749 261
-8153 2018
-7720 4186
-5552 7564
-451 -5812
-4277 855
3296 472
6645 5598
-4983 -7465
-1531 7328
7886 2761
-3096 -3358
4370 -5536
2476 238
5827 -7127
8724 -1476
623 -9750
5579 4247
8087 -4950
-5061 -780
3753 6241
5408 1192
-1164 7394
-7865 5460
-6181 -1577
-6196 5661
1563 2763
1803 6473
1474 3525
7948 -5334
8239 2225
-8268 -880
-7477 1212
8743 -4596
9315 2073
-7288 2029
-2171 -3350
4926 -4710
4268 8336
4324 -2458
2645 -1218
-7114 -3510
-3848 -6828
6970 -3600
4347 -7334
3036 -2765
-7115 1005
-7615 721
3622 2320
1159 -8451
-4539 -1189
-9218 -3744
1444 -3892
392 -3042
-8985 329
3411 -9355
183 -8915
898 6054
4862 -3979
-4038 -8337
-1116 8268
-7631 -6024
958 1178
-8689 -2671
4166 8785
-3700 -8196
4071 -9039
6346 3768
-3222 -2827
-5781 4998
251 7486
-3838 6740
4864 5418
7924 3455
-8098 1861
-6903 -3280
290 -6390
7923 1312
-6726 -6480
-2842 -2114
8235 -3064
6704 -1469
-6166 -6863
-1735 -485
-7430 -4354
-6169 -268
9280 1604
6950 -6283
3912 -5189
-1676 -9305
6742 4520
5844 664
-716 7864
-3968 -4464
-5383 -6346
3931 2162
-2949 1152
-1652 -7667
2136 277
-5393 323
-5200 -4849
5072 2886
6613 -2519
6700 -2785
-5545 398
5505 -2875
-5535 2296
863 7180
-8021 -5533
-5134 -1280
-2144 1666
-7993 -3567
9387 -1367
-66 8321
3071 3578
6252 5889
1641 -700
4910 -2643
5263 7273
-1965 3833
6409 827
-1096 7472
-5498 5590
-4962 8376
3456 9214
-4192 2649
5233 2568
4696 1055
2417 -9702
6923 3865
785 -9708
-7980 -1966
-6831 4765
-2058 5922
-7232 1678
4242 -210
3865 5472
-7267 705
-6578 -766
781 2857
-3584 327
-1559 -959
4001 8481
4452 -8588
3836 -5175
-4913 7868
-420 -5065
-5767 2734
-5803 -8077
1206 7058
-5382 -8226
-3479 -4851
-3405 -4597
-6630 7296
2351 9015
-8715 86
-8287 367
-4910 -7869
4923 3957
-5220 6530
435 -7194
-6373 6361
421 -1374
-8609 -63
-4855 -6184
-8508 5122
-6064 3302
-3869 1404
3151 -2869
-7820 -6060
-5138 1950
8220 4044
8554 -3733
3308 -967
7720 -5148
5581 3449
-2092 4916
5010 -8596
-6970 603
7099 2875
2121 2028
4866 -2312
-4054 8303
477 8611
1237 -4748
8159 1085
-7422 1907
-1976 -1568
6436 6553
4196 -2710
862 3423
-191 4518
7776 -2470
1399 -8200
-2356 9009
-2335 2003
4539 -1215
2795 7323
1418 3251
-3846 8276
-3877 425
5864 5702
-4839 -1391
-7600 83
-3047 -5187
9155 3373
-7721 -534
-4673 -5726
2461 -5767
1426 3493
-393 3145
5596 7897
5725 -221
-1065 -214
3953 6754
-3370 -1289
-6462 3925
7223 1347
9013 -2194
1763 -9786
5038 -1045
-4495 4826
-723 -8888
4278 4767
2717 73
3646 -3374
2742 -3489
-2116 4739
-8460 2902
5977 3081
-3981 -7991
7449 2799
789 5994
-3996 -8566
-4400 -4366
-2098 9077
-4561 -5230
5313 2787
2633 2386
-9754 -289
6014 -374
-605 -2833
2121 -6450
-1259 -4648
-6545 7062
-1811 -8129
3836 -6983
3961 -8949
-1610 -7104
-1794 -2108
6543 -342
7459 2237
4555 2080
8806 89
-5556 -2781
-4839 3108
-3820 6021
-9193 2280
-1598 3614
-505 705
-3094 7767
2132 2243
6242 -7694
886 -6148
-3070 1442
5455 3830
3474 9017
924 8453
-701 8692
-919 7229
-4634 6427
-5537 240
-7306 -2098
2469 -9613
-4813 -722
4435 -331
3025 -2523
1061 8343
473 -8668
1159 5681
7651 1652
1796 -5799
-8882 1084
5777 8052
5541 -1755
-6727 558
8020 4128
7846 4882
-838 -5856
-5667 -93
-4927 7434
-392 8464
5002 4067
3370 -3113
-155 6497
-5185 5930
-2320 6205
1130 311
-4130 8516
-1502 -8356
1405 3005
-1958 -9549
4028 6173
4586 7633
-7337 4638
1732 -7341
-7630 2171
6276 5936
-1549 5483
-465 4361
-3250 8678
4452 8091
9535 -2901
4594 -4265
-5763 -3524
1844 1462
2233 7192
9067 -4184
-3429 -390
1459 -503
2096 8989
-922 1863
1578 5270
7298 -6427
1046 8941
4688 -1260
-6320 5274
4553 -417
1313 5909
9081 -861
-2866 1812
-2776 5576
1904 -3910
-2895 -5477
-954 2670
-2895 -282
-3683 7577
1503 4908
2448 7594
-5046 -7329
8995 1879
-5676 7421
2275 5448
1651 -7993
1772 -9433
2393 -9057
1993 -3595
2796 -1706
4132 -325
-4831 7846
-9253 493
-1819 -8178
6125 1821
2216 2558
5258 7395
-9435 -3088
-5524 -5247
-5947 -7698
964 -7250
6632 -4447
-4255 2773
-2959 -2136
9115 2742
-6936 7000
-3939 -3752
-6132 1132
5803 -2733
-7759 5226
-191 -804
-6032 -630
526 -777
5657 7962
6020 -6971
6878 4510
560 -8506
1273 835
6242 -612
-5499 313
4830 -6580
-992 -9411
-3441 -471
8471 4015
2771 -3948
-437 -8381
8768 -1284
3315 5133
6054 2339
-7169 -5632
2930 -3660
-7424 4208
-3360 -9294
-3399 8286
2606 -3030
-4804 3739
2338 5594
9924 578
-4169 -3985
9163 -901
-4520 5798
-3775 -8414
2670 8074
7820 -6114
7581 1316
798 8360
-1462 -6974
-1686 9073
-2487 -5378
8111 -4935
-9418 1318
-4620 0
-1428 8824
-9012 4155
-8008 -2850
2813 -3101
3004 2077
-546 2850
-2394 -6364
-5421 -7514
-2363 -2638
7386 -5327
-5128 -7566
-1 1676
1144 -5572
2805 5064
-7403 -6491
-8863 1539
3910 -7883
2925 -7269
7634 -2642
-4607 -5972
9247 -3805
-8030 2054
7129 -3476
-8166 -4540
8371 -1818
3450 -6256
7333 -6051
-6381 1727
-1409 -2604
-5669 -4366
-6467 3043
2392 8398
5054 2551
8333 -2997
2290 -2143
3320 7959
4363 709
7218 3335
5002 3468
3164 8064
3187 1059
-6247 -5058
-6517 -78
-4462 -873
7232 -1338
-6868 6358
-164 707
-5808 8004
-6752 5436
-4195 -8608
-3268 -3005
1367 -6799
4552 1894
2100 -5481
2634 1
-1824 -3500
3380 8950
7146 518
449 -7131
-5320 -1589
4406 -7979
8284 4548
-3273 2705
4102 6006
-543 1221
-6358 -6405
-5754 -5682
-4604 8609
5488 6329
5445 -7759
-421 900
-7997 -1086
-3361 -4250
-4203 2980
-6715 3791
2903 8619
998 -1294
6624 -6472
-3765 6779
5793 6380
-7290 -5997
-7757 -1230
-2229 7858
-125 -319
5218 -474
5252 1513
727 -2669
681 -6548
4375 -6956
-4851 6937
-1023 3013
-5006 4596
680 8693
-7239 339
-252 8395
262 4017
-5935 -2276
3344 1556
-5103 -117
-812 340
-6749 5942
8464 881
-5443 -5662
-8680 279
-5465 6148
-282 7989
5114 1556
7592 6131
-3434 5478
5519 -4507
-791 -5394
2214 -6144
-355 -464
4712 5554
756 -9477
863 -1502
-7072 -3681
-4073 -3224
351 4284
-6318 -5037
1346 -1901
-5938 7032
-5470 3355
-2818 -8341
1307 5767
-1070 3448
496 -6719
-6048 5924
5381 2585
-3277 6365
8735 1867
-108 9743
5000 -5042
-2383 8622
1039 -1662
-3178 970
-6982 -6750
9058 2390
-971 8206
-208 -881
2179 -2726
-3904 -8269
2066 -6454
5430 3122
7649 1138
6147 2868
-3126 836
-9422 -1140
5860 -823
-3610 6307
521 431
7316 -1810
-5661 -3888
4911 6736
2210 -5720
7576 -493
-7324 -4505
937 1521
5550 -5771
-8281 2643
5632 -7326
-5432 -1493
-4788 3029
-7626 -5495
-3795 -5599
-2755 6741
-5421 -1995
-3874 2946
4482 2858
-5425 7874
-3146 6088
1850 -1805
85 148
-2151 -2637
2181 -5451
-3047 -1777
93 -2012
-6171 -1131
431 -8362
-7329 -4593
-3656 -1467
6808 -1698
951 -851
1036 -7070
-6367 -5686
-2978 6082
2551 3816
-3033 -5179
2863 3003
-5900 250
-2159 7121
-4200 1478
1583 9666
3282 -8081
3665 4498
-308 -913
2710 -9401
3563 3499
242 7507
8454 1933
6764 -3438
1099 -5674
3188 -1950
-2380 4667
-9417 177
5262 7939
-5168 -6466
8890 4378
-731 -7267
59 1037
7303 1494
-2123 386
-5499 -5123
2854 -117
901 2288
-5600 2
2556 1689
972 480
-3170 2103
3550 -7553
3845 -4773
-6849 2081
-422 6158
7025 36
-554 -412
-7222 -4255
-4944 -5771
7373 -6141
-9025 -2820
6345 -1097
-1033 1910
-1862 -2336
9655 1629
5817 -5046
-6047 6230
-5232 4665
7256 3146
-4011 3774
-2968 8433
-7426 -4296
9192 -2264
-3237 5174
3498 9315
-2750 3822
-5605 7807
2093 9539
2362 -3142
-882 9138
5830 2293
8757 -4075
-9289 1391
884 -7705
176 -9598
6442 7064
-3359 -8333
5955 -6593
2190 1343
-5024 7479
-9987 -321
1380 6693
7167 4121
-5072 -6580
4787 6901
7000 -1325
-3423 6207
-4801 1291
74 -472
-6920 2708
1076 5113
4044 6771
-6815 -5913
579 -935
-9676 1783
7786 3148
7228 -2090
5124 8325
-8509 -1100
7405 -2
-4962 -2156
5863 1245
1203 -9302
-5541 7447
6155 6323
-1388 1511
-3677 3948
4263 -1200
2438 7554
1730 -6012
-802 8310
-5577 -7273
-6080 1985
-2394 -7137
-3830 -7361
5822 -7701
-459 -7290
-1022 -5161
-2102 -87
6642 -4606
7176 -4693
3397 -1534
-8397 -1995
-5582 6701
-862 4791
-3530 -5313
3339 182
-2397 5804
-979 5706
7339 -608
-6454 -2967
-4357 -4664
5109 -7201
-8234 1423
-6292 -548
45 -9434
7715 -5707
1766 -3594
-4232 4783
6525 -6629
3513 9332
-1566 -4920
2434 -338
-5689 521
8332 3435
-5773 273
-3683 1664
-3401 8862
-984 -1564
551 -2592
-6549 -2152
996 -3816
1275 -1352
-6030 -5779
-2667 -6767
-3019 -339
6789 -1211
8397 -2542
5678 728
-164 5810
1510 5622
6716 3309
3036 -4916
-2905 6977
2514 6816
-3686 -7403
-3024 -2011
-3076 670
-7257 -532
-2093 -1095
5268 1738
-3630 5943
9120 -2203
5245 7895
-3510 7968
-2005 443
-1777 436
-8407 -4088
740 -2468
4384 -2206
-9063 1823
3461 8517
-5823 871
2302 8641
1166 -7189
-4330 6480
-9117 2761
2278 -6119
-7806 -2401
-3508 2963
884 2357
1262 -3572
2358 3033
6086 6127
7511 -1100
2797 -8048
3204 -8380
4161 -3202
2543 5565
-7200 5309
1299 -6900
-593 8028
-9321 -2425
1372 630
-904 -9651
1290 2314
7478 -544
7177 1336
-6748 1290
-6622 -6950
8648 1726
-7771 2158
6682 2306
27 -5700
187 1595
3573 8370
3755 1095
-5912 -4937
-3184 -8175
6124 -1843
-4415 8891
5528 -6607
-3199 -2273
7818 -4040
-2597 2772
-4828 -90
1706 7148
7330 -1508
5897 -5932
-4188 2994
-380 9632
887 -9679
-752 -8312
6766 3756
3962 -6403
4215 -2015
-3412 -6594
2261 -57
3877 2004
-2337 7450
919 2839
-2213 4912
4174 4088
4708 -4250
-496 -27
4452 -3051
851 9043
-5469 -2088
5394 -755
1924 -5650
-3293 3861
1013 5474
-2306 -8959
-4462 1476
5171 -1277
1097 -8986
-6066 -2645
-2254 6696
-6959 -2505
1358 7612
-1474 2541
-6902 -281
232 -1862
4333 -2144
5347 -3302
8909 -3149
-1898 -6000
-5077 -6736
-1177 8406
-2106 -5512
-3208 7101
-4684 -88
-4770 8419
-9225 753
6983 -6378
-4787 4036
634 5834
4010 -1341
-785 -827
-2938 -6249
4246 1539
-806 3172
4652 2120
-5870 8041
-9897 766
4751 -3698
-1251 7049
-5715 7369
-4903 6943
-4244 6611
4707 -5007
3940 8914
5934 3914
-3449 8811
-5195 4693
7114 -1351
4193 -6620
-1399 -4627
-3170 -9031
4731 -7582
3866 -764
1516 -9626
1276 -301
3353 629
-7137 3269
1590 3004
-2369 -5885
3527 -3455
-5675 3506
3454 5253
4310 2736
1526 -2038
457 9349
-7636 -5912
-1668 -4392
-2344 4626
-4545 -1420
7193 3514
2179 -8084
-3951 -6039
-2282 7188
255 -2065
-5270 5088
-1189 -1533
-5525 253
-4054 -7497
2449 -615
329 7750
-174 1137
1154 -8682
9740 -757
-7560 -1221
3876 4854
-7045 -34
5894 2072
2462 7194
8003 -5048
2543 4357
-2362 1111
-6210 -4420
-807 -1976
-3137 -4756
3182 -1156
9577 2346
-2426 1789
2966 -1122
4434 3094
-1209 2840
3662 -9252
8494 -2918
-1362 5747
-4862 -8043
-2009 8332
3268 -8976
-4229 -2007
8558 788
7751 -2810
8145 -371
1091 666
8984 -909
6469 3245
4849 -2777
2676 -3624
-597 -7493
-3393 3308
-3434 9154
-8917 655
-1938 1185
-6828 -3807
3282 1437
4460 -6384
6599 -3409
-6445 -4100
-487 -730
-8987 -3256
2706 769
-3622 4739
-5244 -902
-3389 -7492
-7594 -3417
8984 2356
-4869 6612
-67 -3039
-8563 2064
249 -9531
-2326 -3875
8292 -722
-6005 -5841
-928 -8159
5059 -2711
-1325 -6102
-9192 2392
3767 -5055
-1604 -1723
5838 -3473
8272 2952
3886 -5475
5097 -1205
-3541 -6112
3623 -7586
-903 4562
-5321 6883
-2228 -3965
-5450 -1707
-2844 -7297
7056 5081
3810 5390
184 -9351
-643 5554
-1538 -905
-3253 4902
1442 3046
7133 5882
1763 1733
-1661 2146
6600 1062
7347 3312
-3841 -1305
4163 3633
6517 2899
9037 1205
5733 2210
-2509 -8944
1884 -3613
5162 -1740
6985 4255
1714 -2452
-6861 -4823
423 1942
-3765 6446
-1591 6446
-968 -2216
-5925 -2156
4107 4190
4193 767
7020 5182
-9094 3357
4052 -6016
235 1446
-786 -3361
-7017 -5534
2011 6089
-5396 -4286
9343 2654
1378 1006
-1110 -9229
-9897 -232
-2784 -2187
-7120 -359
5569 6356
1578 8259
-8261 -2705
5465 959
-481 3832
2071 -4804
5229 -1621
423 8804
-1892 7958
-4704 -3859
-4931 7076
-1008 7033
-6535 -5700
-1319 2886
-3008 926
8537 3727
9072 -2673
-6613 -6242
-6945 -3707
-2332 -4405
-6100 6866
-1654 -1057
1936 2922
5231 7188
-2719 3031
2694 5381
2383 -6244
7191 -107
-8328 4651
6516 4438
2217 -2997
-933 5451
78 -7755
5099 23
-5823 -2067
6275 -6357
-4451 -7677
2060 -5580
3189 -3514
2253 -313
8215 -93
325 4263
2585 8026
9207 -2211
-9785 1345
-3838 -1634
-515 8189
-1923 -1872
2041 -9618
-9612 1174
3757 3088
7352 6639
-4899 -6148
1949 2477
4739 7445
1576 -9243
8454 -464
-2981 8103
6856 -5412
7777 5629
6506 914
-2626 -8373
277 -1343
613 -8290
8655 -2519
-2154 -5666
-223 668
-9139 -3998
-2906 3373
7854 -180
3853 -1722
6970 -3472
-5108 -1053
130 -6545
-7634 -676
-3696 6026
-5398 -6762
2851 6369
7408 -801
9258 830
-4736 -8662
-6807 1944
-3325 6635
-7936 -5977
23 -9263
-4163 -2138
2901 6699
851 7775
-6500 6507
911 3421
-4467 7021
-323 -4438
-7330 6762
4094 -2200
-4301 599
1033 7854
1386 -5313
-582 3234
-2793 -152
2124 4802
-309 5345
-2019 1192
-7945 4813
-5745 6752
-1271 -8415
4251 -4298
3479 3880
-5522 3452
-927 -2482
1267 4075
-5594 7542
5223 4119
-9230 420
-3482 7155
-4745 -6778
8499 -3451
8286 4513
6989 935
-436 -6652
-6686 -471
428 -1246
484 4997
-3413 -6790
6224 2274
-3930 5734
-5868 -7784
6978 -4500
-1668 3843
-4801 4866
-4098 343
-190 6642
9471 901
3643 3017
-1570 -8581
5152 -1171
-3304 -5586
-2476 -6794
7329 -5577
-1558 4127
-703 7058
-5311 1992
-5041 -6821
2155 -9036
2182 -5714
983 3681
6811 -414
3033 -7611
-291 -386
5749 -4775
6766 -818
-728 -8007
2148 -2467
5892 7039
-3791 3554
-5043 4099
4281 7121
792 6260
3508 -2236
6841 -4537
-4403 -6621
3715 -4577
3264 -1393
2677 3012
-9609 363
5086 -1793
2796 -6310
-4171 -4080
-1315 -9225
-9635 -229
2541 8821
3128 -6456
-4508 -1730
2382 -1150
-8813 426
253 8075
1552 -8323
-3189 -9175
-8058 2270
-5398 6595
8956 -1922
439 -7672
440 1714
-5389 4813
-145 -5379
8969 -249
-2225 -3573
-4264 7757
1293 3077
1921 1639
-7301 -3064
5715 -3924
-9105 1279
-3192 895
-986 -4876
2215 -8430
-3792 212
-238 5252
-5852 -307
-1165 1692
-8780 -1967
-3540 -3330
-3335 -4621
4123 5516
6430 1050
-4188 -1508
-2988 -2883
-6434 4619
-1529 7785
9848 -1583
-3215 8606
-2735 -1652
-327 2850
-412 6520
7950 -3194
1137 -3091
-3993 4494
-727 4555
5651 4308
2629 -3044
5309 -759
6322 2840
7768 -5647
7983 4112
1123 -133
-3070 -721
240 -272
7092 390
-3760 -1050
3205 4643
8388 -3350
5274 -6430
7767 -5975
-478 -9259
-477 5057
5724 5899
-702 4262
3835 27
2275 8400
-5786 2897
-3367 8154
609 4234
-2541 7644
38 1951
-1479 5301
-7488 4392
7177 -2875
-8276 5354
-7224 2759
4610 -6745
-3878 2570
247 2088
1437 -7513
-3571 3827
-1272 8905
4927 -6039
-6322 6657
-2839 -4179
-7616 -3723
3326 2585
-5037 -7370
646 -8323
-3915 472
-9243 2629
3232 7206
-4478 -4582
2258 -8840
-781 -3414
150 1404
1019 -966
-5681 5924
6047 -6374
-8663 2508
5648 -2482
-2332 3886
1785 -7858
5065 -4176
-3498 -2762
-1678 -2640
171 3381
-1401 5519
6205 6963
37 7033
-6145 -845
-8633 153
194 -1617
-5172 7437
3098 1128
40 -3620
-6933 -406
426 -4497
-1516 -4368
-4101 6525
-1164 689
-4659 8669
7559 -2500
-3575 -957
-2119 7941
-7990 -5985
-2434 -8545
7485 -1416
-2824 -7408
-7124 -1895
2099 9711
-3693 -8794
940 3683
-2535 4375
-7789 -1399
9574 -2451
-4506 -1633
1508 6918
7100 -4419
-5873 1893
1187 1125
-2181 9731
-8867 3738
-2187 -6999
1727 -4263
3534 -3758
-8587 -1502
-337 5013
4106 4372
-1074 -5261
-8496 -4497
5733 6139
-2499 -6169
7474 896
4472 4144
8312 2705
-7081 -2050
770 7880
540 -8457
-7033 -565
9297 2077
431 1603
-6135 -614
5313 7052
3210 -982
5261 -666
-5575 215
1929 1370
1372 4996
-2806 -1216
1055 -2649
-4286 -7514
-373 -7181
-3253 7909
4989 -3924
-6561 -6507
2561 -1454
1547 -5997
-6445 5890
7672 -4051
-1802 8366
3363 -4908
-4782 -1902
-6299 5845
-8046 2752
-2059 -8209
1784 4131
-4331 8534
-2389 2461
3142 -3176
1911 -3289
-9776 -888
-4798 -7527
7051 -5380
5448 57
-2308 -9601
-5964 -2750
-7298 -901
-6146 2239
-2497 -1704
-6891 2510
1619 -9387
633 2344
-8901 -549
-556 7085
-1518 -6063
-4063 -2417
5994 -3799
578 9757
4054 -957
-7848 -5168
845 -9166
4937 -2229
-5154 -7570
2085 -186
9667 -11
-3044 7343
-1766 920
-2837 -204
9158 -4005
4151 -2521
2877 7133
4180 -6102
4792 -5484
7336 -3053
7451 2922
570 2943
-8997 -3380
1294 -6539
8821 -3354
-5683 154
2264 9479
538 -9641
7584 -5884
2020 120
9008 -1853
2895 775
-3377 -1829
-3368 -8525
-1016 8239
-6376 3445
6697 -6738
5161 6899
-8617 3817
1047 -9772
835 -8483
7362 2573
-8563 2394
2377 -3868
-4419 -7132
-8468 3771
-4801 172
68 5235
-901 6700
-1440 -1681
-1455 -3804
2965 4881
-3849 4464
-7844 5264
-9527 195
-1891 5814
-6223 5945
-2631 -1637
1032 -5133
6739 3702
-5756 5141
-1921 -8278
-3651 2000
-3135 -4624
3553 1472
-1691 8905
100 5463
7940 -5319
1919 9119
7326 -6288
-7928 -3659
-7344 5903
-4424 -1822
-4088 -6573
1269 5713
4351 -4040
7346 4935
-9377 2529
303 782
4287 -1776
145 7072
1930 -9119
7878 -1383
-2219 635
6974 -2046
-7425 -1123
1529 5087
9372 -2120
-1308 -8935
503 -2455
-2660 -2604
-5195 6946
2674 3263
-3044 5197
-2832 -6691
4125 -8912
-3713 2713
-8406 -1625
-5640 1166
88 -2802
8627 -4923
2994 3938
-3333 -2242
1279 -8688
-4159 1639
3317 8615
-724 -2197
-6918 7110
253 -9084
-86 402
-4888 5086
-6292 -2638
7908 -227
4157 1577
925 473
8507 -1136
-3562 2257
-5586 -2900
-1135 2583
-448 -2144
-5562 7286
3393 3454
-7188 -6714
-1389 -2820
-4794 442
8251 -4362
-4788 -6132
554 7954
3069 -3729
-5427 -4044
6428 2842
-1454 8638
8019 -3368
-685 1450
3527 -3233
-2548 7025
5692 -4256
-7622 -1565
5681 4174
6229 7662
-5819 -7175
1928 -503
7637 -4904
121 -487
5824 -925
-4476 -7650
-8674 -986
2030 1646
-5293 3421
2577 660
-1077 -3649
7947 -3039
763 -3069
2630 -6014
4622 1090
-784 -5505
3830 -3787
-7336 2406
-2674 -8635
5776 6373
-7388 -6287
293 -3468
-2140 -9654
245 -6440
-5242 1080
1886 4069
-3922 8009
8053 -3839
-2626 7360
-7556 -870
3162 1322
-4334 6777
-2430 -723
-9381 822
-1438 7992
1228 2077
3774 9142
4635 1081
-1576 4292
2749 -139
-1589 -1586
1073 -7914
3449 3744
126 -5388
-2224 -6774
5075 4468
1305 2962
-1026 -8307
-6177 -4268
8908 1623
4302 1703
4443 2348
5354 -8014
1346 -6426
2384 4968
-8676 1302
4723 -3752
-5224 -1480
-4916 3442
-7171 -790
673 2912
2331 -5844
-3883 -1779
5086 -8204
-1060 9360
5556 -7851
-687 -8466
6597 4024
-7048 3893
-1581 8485
2896 -5361
-2183 -8098
-3812 8350
-6307 6993
-4008 -2482
3688 6513
2364 -3674
8490 4698
-2218 -5658
1857 -9483
-7528 -2821
-5046 1441
2640 4083
-6024 -4850
-2190 -2218
-4105 8975
3963 -8990
2011 -7629
3147 7073
-302 2220
210 -8807
3036 1553
-230 -904
-7489 3839
4833 756
-9879 385
7538 3274
-6292 3555
-3760 2628
3085 -8906
6501 -5216
3892 -6370
-1471 -8213
-4563 92
4409 -2981
7441 -4863
-6573 -3479
5921 3629
-5920 -5659
-6932 -2229
-2955 -9242
4290 -1948
-512 7651
-7971 310
6444 -539
-1825 8081
7300 80
-7623 -1446
-4087 5505
-9824 -738
7727 -3127
-1133 -8358
-2806 -690
-4092 -3548
-7179 -6020
-5045 -325
4003 -2423
-8268 -5165
-5473 -7128
5251 3782
-6551 4240
7218 5357
-5152 7192
620 443
-5720 5319
3225 -5000
-23 7625
-1406 5405
-3866 2055
4085 -8584
-3580 -276
-1202 -852
6012 -3515
9757 -194
-3724 -2643
5374 -180
-9304 1536
-2516 4800
-4307 -1770
6287 -5239
3288 -3245
-2292 -1140
-1856 7711
1373 8170
-7788 -4295
-1199 -4748
-4179 8284
-8442 3286
-4371 4956
9078 -3877
9278 -3477
8914 -3299
1946 -7516
-7060 -2095
3983 205
176 -4161
-6477 -4510
5911 5535
-3798 8310
-7346 -6019
654 9655
-2936 6182
-3346 -3793
1240 4360
1770 4743
2062 7843
864 3546
-5969 5614
