2156 100
61 32 47 88 46 6 17 54 29 46
-6854 56
-8959 315
7699 5770
4352 -3926
-1637 -5912
-6921 -309
1655 -535
4373 -121
-3534 -3842
-6468 5
2692 8317
3537 -8747
6987 -2601
4731 -5776
-5059 -2872
-9629 1639
-6503 3389
2801 -5296
7980 2042
5709 6656
5726 7641
-1340 3138
2241 9076
-1511 -1141
-3873 8128
948 9526
-8009 504
7709 -4030
-527 3935
-4078 -5931
-3986 -4579
-8747 -2095
3153 -1019
5012 6802
5377 -3623
-507 -5364
3181 -5176
5050 -2562
-7468 -2747
2719 8354
-1728 9738
-679 1785
-2716 -957
-2818 6277
-5349 -1724
1472 -7564
-3335 4329
-920 -354
7395 -4307
1228 -5709
-5614 2967
-8300 5388
-2779 674
-4443 -6632
-6154 1943
2324 -664
8962 4256
3943 -2345
-1834 -8423
-4429 -2069
-3742 -2176
-3418 -4523
-2399 5482
977 -7450
1870 -8086
3930 -6777
-1572 796
73 -9833
-8910 -762
-223 -8974
157 -8962
-8920 3215
8631 -267
4168 -3957
-3540 -2630
7362 -2289
-3675 -6071
4247 -3718
6000 -1652
4953 -3494
-1075 551
-4218 6800
-8082 1289
-216 6773
3401 1152
-521 6300
7421 -1452
-3729 3946
-965 -1146
489 -6414
1730 630
-5996 7544
1064 -2626
4514 6326
3196 6885
-1377 -8749
7129 -3077
1035 -6684
5550 -7199
4146 -4904
2416 3343
-7637 2159
546 3687
-9639 -1409
3988 -5874
-7039 3642
-6208 2792
-11 2507
2557 -5463
-3204 -3432
9906 1352
-1328 1246
4894 6882
-7470 -5289
9249 -3621
33 2218
1661 9771
-7005 -5230
7129 1376
-4704 1719
5250 -8357
8481 3183
1940 25
1913 -7163
-6040 -389
-4199 -871
2461 -3477
3557 -6881
2362 9569
-3773 1027
-1090 4704
-2994 7987
-638 2812
4418 410
-6786 -1534
838 4007
3983 9054
-2296 -8153
7264 -1317
8240 2474
-1955 521
-1595 6885
-3874 1645
-283 2789
-4949 1289
2674 -4639
-2340 782
-2990 6424
3750 6770
-3571 280
3703 -7648
9210 3033
9020 2396
1825 1409
7607 1337
-4884 4464
2449 -3149
711 -9229
-3126 4634
6682 -937
140 -5713
-1600 -3050
874 3963
2368 -3111
290 9327
2623 6216
-4247 -2621
-1288 6971
-4353 -2739
6728 676
5254 -7613
-5551 2609
3455 212
-2312 -6028
2053 8303
1710 6913
-382 5987
-6466 -3515
184 -9064
9456 2410
8370 -1728
-1477 9137
6120 -6677
6087 2855
-2664 -6736
4833 5120
-354 -8097
-2026 -2895
-1720 2296
830 237
-7762 -1419
6506 -2463
5608 -2656
-1380 7622
-4472 732
2347 -6366
-3694 -1397
-2869 7491
-6362 5784
3731 703
2905 3558
1144 3647
1992 -9227
-527 -9498
-4275 -7803
9297 1113
2561 4244
-1822 7267
-8657 1791
-4212 6743
7283 -3012
-2387 5991
1694 -3349
6185 -3313
-4728 2061
-8027 1572
-5202 5099
6742 6547
-898 -2915
-6116 -6035
7325 -5701
-1862 -1868
5281 1060
6954 -5147
-4612 -5167
6715 -4853
-6225 7153
3760 502
-5866 3757
6033 7929
171 3942
6299 -2774
1280 -9230
-2023 -3029
2369 9019
-3201 -446
7500 -1531
1058 22
2464 1874
-6000 5138
2010 8770
3570 -5775
5614 -5381
964 -872
-4024 8991
-7662 -2097
1671 -7073
-3312 5848
979 -5130
3848 1428
-3475 935
2794 -2923
2745 -2724
-4105 6375
-2949 -2810
-4624 -1524
-1384 -6544
-756 -3635
736 -5718
7060 -4651
1056 7331
5802 -4003
6970 -3277
-8687 1525
4763 264
7188 332
6314 -474
-2081 -2810
-5171 7732
-4305 7981
3851 5977
1817 -3948
2244 6604
3756 -6490
-5018 -3610
-5941 -1863
1162 -6327
-5277 6437
2189 4398
-566 9577
7235 -6431
-4458 488
-1897 -9324
-6536 -843
9662 1320
2840 -8219
1082 -3677
3632 4386
-3427 2665
4010 1064
-6282 620
6894 -5991
-5438 -4237
7498 4328
-3829 -2749
-4312 1478
9090 -2973
5574 4125
-5694 -340
-4744 5516
3766 -8359
-742 3222
9337 2396
-5364 6886
1598 1201
6780 -7154
-6818 989
7313 -1915
4877 3134
-5923 -417
2474 -5452
3573 3302
340 -1022
-5246 7232
-2778 687
-7667 1866
1452 5068
-1399 -9453
-6606 -1360
8852 1954
3656 6765
-1858 -1139
2266 6027
-7496 2598
3658 1105
-7469 190
5933 -1272
-2999 8212
-6868 4498
-3061 -7837
-8403 -1450
-8499 -3198
-3300 -6362
9873 -1096
-6867 -1926
-6166 1948
-4138 -2410
-294 6471
-5235 1357
-5920 -4343
1258 2162
1509 -9111
7122 6388
-5628 -7380
8575 1460
2313 -6145
-4203 -6986
-4209 -8790
-2354 -9300
6315 5312
8520 -429
7879 -3959
1124 1225
-3592 -310
-848 1791
-4044 -956
5719 5464
5573 -7426
5018 6977
7146 -475
-816 -8310
-2922 -1175
-2478 -5737
-17 3329
-2475 -975
-5769 6939
6704 2130
442 -864
-5010 5963
3314 2051
-5119 7787
-3265 7615
137 -6108
6287 -1642
100 -1657
8527 3059
-7279 2801
4363 -5907
6455 5670
3422 8848
-1127 -6237
-8281 14
-3201 -5013
-4001 7583
-806 -5895
2227 5661
1544 650
-8 2069
-4208 943
-5493 5865
-4730 -8354
-688 6142
-243 7037
3404 2325
-1191 -2667
-5798 2096
-1204 -4560
7470 -5273
-4756 -5530
-3677 -7587
-840 -4161
-4534 -5030
-305 -5315
-1629 -5873
-364 3548
-5728 1125
2830 9344
8130 1708
-2234 9721
6334 -5466
-4627 2563
1791 -7304
6864 -5702
-2703 -7405
3982 -7825
-5296 6607
4000 -7043
-733 2287
3832 -3737
2282 5068
2270 -1022
4677 3251
4871 -6811
-2965 9009
-6896 2442
-5436 1481
2157 4911
-197 5011
7933 -1385
759 7660
6161 -6434
-3942 -536
4157 6819
4438 -6791
912 9441
-1538 -6690
795 -4254
-764 -949
2382 3616
5330 -1336
-1008 9855
6164 -1384
4115 4091
171 -4523
-2998 -621
-78 -2539
-5970 4719
3498 4146
2772 5701
-8341 -2651
-4766 5802
-2422 -7934
-5056 7454
2849 1449
-4767 -633
337 2403
-2292 -7622
-2195 -4493
-7853 1289
783 -1120
-4750 -5876
9160 -3070
3027 8785
4714 6737
-3406 -7551
1745 -4427
-1089 -1377
-4800 8101
1381 -3969
6716 -7170
-460 -7387
273 6916
-609 -9250
314 -7437
-5770 5059
-8031 -4704
7200 436
-1194 -8621
-6813 5971
-4766 -102
7557 -3411
5424 7426
-3719 -585
6686 5107
28 -8689
-849 -2134
-8666 -110
-4537 -3621
-4347 1232
-2626 -7617
4374 7330
-2624 -32
1754 919
3871 6611
5894 494
1785 8468
9599 324
8825 4614
-6670 7007
9124 3690
-9023 -394
-7588 -53
1251 5282
2874 -9398
-69 -3489
-7954 -5683
3970 -3876
-2992 -5826
-540 -1914
-7006 1401
-747 3723
-3178 5404
-8685 -4339
7326 6783
-6657 4678
-8769 949
-8833 -2530
1315 3454
-2009 1980
-6200 6108
2275 -5388
-9383 2742
3167 -8552
-5061 520
1454 4979
3485 -4110
7739 4453
108 8620
-2081 5647
-6225 -1457
932 8109
5410 -5271
-1557 -3775
-2910 4707
115 -5674
-8696 1285
-7498 -6455
-3615 -2846
-3284 -2847
7412 -3300
-5715 8169
4017 -8969
-3680 -5789
-980 221
3265 -3296
266 -2529
5615 -2361
4741 -1779
4706 5751
-8678 -1168
6115 -6352
-4697 5346
-2851 -8219
-1789 -285
-7253 -6614
-2999 -6547
-8446 -4352
-1249 -9918
1809 -4594
-3679 -5937
-4219 1417
-5431 2441
2423 450
-352 132
-898 4120
4377 -824
8857 -1003
2551 -1576
9292 3351
-1919 -6032
-248 178
9388 -1774
7186 1885
2445 -4721
-6885 -7085
-5648 3139
-7786 -3761
-5464 526
2025 -7212
-7933 -4198
7223 5776
-7570 -6258
4435 -1968
-3072 1327
-3055 -7067
-1126 5070
-8633 3555
-7399 -5950
-7700 -3253
-7480 4937
-820 -6913
-271 -1714
-6802 935
1256 6344
3922 -1118
-3814 -2407
35 885
6354 5095
-5820 626
6403 1386
-7727 2403
467 -8875
-517 -3584
-2210 6836
4180 -1853
-2756 -7873
-324 9378
2078 1944
-8069 4293
6561 48
6628 -3986
3346 949
6787 -3791
-8121 3863
-6464 -6464
385 7576
-4663 -8725
-6466 -2000
-2503 8066
5469 -6002
-5247 5330
-7443 -3400
-7098 -3680
-8599 4355
8102 -3132
8019 -3952
-6154 4222
-4113 -5504
-425 6549
1370 -6395
2646 4863
6531 -2230
4051 5579
514 -9326
5436 864
-4707 -7730
5675 2911
345 -4015
-1880 5283
2995 4643
4787 -6812
-4118 1807
2146 9138
3125 -5672
6212 2581
8981 2027
426 1884
-9380 -1040
7449 6425
-3795 7208
6127 -5614
2513 3281
-932 4448
-5153 -1930
-1032 -7795
8662 1168
-5375 7817
-3069 2692
1424 -6268
1284 6106
4339 1188
-3926 -3788
-5554 -6582
4703 -4358
1900 -447
-8552 3756
308 -1349
-6936 -1781
2520 -6189
493 -6084
-1386 -9443
1657 -2197
-3591 7274
2055 3756
-4410 5720
6697 -3314
995 8528
2764 -3012
4510 -6531
-4027 5377
5933 -4623
4145 7144
1236 -2726
-7220 -2411
1717 3262
-6176 7772
8391 -5409
4369 7661
5658 2410
-6167 -3560
3948 2440
2748 -5130
-6262 -2302
1462 -5428
-2314 5273
8675 1768
3477 -2405
5355 5592
3741 -5885
4975 963
-3179 6637
1674 -8306
-1973 7910
1837 -7858
-8864 471
1339 7083
6135 -2977
-4753 -7630
-899 -6189
-4301 -6738
5814 840
1387 -9062
-2197 -3098
-5568 -6430
-7935 1647
-3489 5170
-3674 -4327
7278 -2134
-7211 5435
-6565 -1176
-4198 -3799
-1744 2096
8563 -473
-7019 5492
-2225 7762
8043 -5797
253 -4310
-1624 877
1290 -4350
7124 5938
1499 2363
-9533 -1957
3159 3394
7148 -4260
-4666 2897
-2949 8706
-3590 -7758
1001 -9589
5610 -1277
4129 -1781
6087 3511
4784 2299
4445 6515
6053 -3768
-613 -5512
7959 -2421
-245 -6696
7815 4695
5914 5953
-4967 -8436
-1574 9793
-1209 6578
3026 1860
8001 5318
-1083 2973
-5866 3928
-3618 -2390
-4430 -7287
7856 -4482
6416 -5112
17 1082
833 -2118
-6499 -3391
6222 -7156
-3939 -740
-5046 2514
3529 -2981
6779 -732
-4388 6877
279 5672
-7150 574
-6521 -779
-5052 -506
8201 -5169
5823 -4625
-5071 2751
-4487 804
3722 -5417
8135 2883
3229 -6849
-4998 1096
-4373 4863
-6649 3143
300 6503
-4570 -2389
2090 281
-8190 -184
6665 -6549
-4431 8670
-188 3710
5538 5776
4891 7541
4119 -9032
6357 -4852
1856 5560
404 -5703
8295 -4172
101 2996
8003 -1302
-3771 -2561
-8767 2911
2929 -5304
-4412 -573
1951 8998
1985 -1618
-5202 1844
5864 2541
-8111 -3026
7669 6288
-6196 7835
-2056 -8739
-2014 6585
-5803 4054
3014 -8767
6312 -2257
-7017 -556
1493 4498
2019 -1790
7067 4930
-3336 3080
1739 -2821
-3201 -8195
5375 7400
1456 -2108
4538 -8289
-3034 5893
4261 8933
2513 -2651
4481 8470
3273 -7284
-9218 -1500
5325 2164
-1345 -3227
1102 -3197
-3039 -6305
2802 683
-1905 -1166
2278 836
3140 -4417
7884 -4080
1019 4089
5427 -6751
-5732 2253
6353 5172
-3773 -7068
7983 -3829
-4548 -3177
-4647 3159
-8073 -3606
-2326 286
612 -2579
8929 1869
-2990 -1262
-1675 -5095
-8720 -3846
9196 -3428
-960 -7835
-442 306
-32 -9001
4348 6243
2771 1579
-256 -6019
489 -5985
4086 6212
-7894 334
-1374 2221
5744 -950
-122 -1328
803 -4903
2758 8229
-7273 922
-6323 5960
642 5533
4024 8689
-4044 2242
-6373 5329
-3190 2663
5453 -8113
-2385 -5139
2282 9484
2991 -5044
1517 -1847
4799 578
1708 -5373
-4520 6771
5255 -4157
2388 1073
-2916 -9490
-3692 -7140
3002 9026
-238 1568
-5835 5449
-9071 -2631
-3705 8012
-358 4777
-391 2024
-4447 -1020
4536 2543
4001 1347
1269 -512
1368 1237
638 8679
-3788 2548
392 -4738
7082 -6055
-5415 42
-6798 2918
820 -9877
-5729 1655
-8109 -626
-5755 -4390
5987 3301
4116 -7151
2051 8611
-3845 -3902
7559 -6124
2703 6844
4749 391
5158 1697
8064 -3938
-9351 2141
5907 105
6639 -206
-2343 939
-2134 -7671
5441 -3682
-8273 -754
-9358 3518
5630 4485
8668 -3726
4177 -6347
-5055 -6438
5600 -8199
2565 8643
2316 -6379
7103 -6826
5460 6405
6410 -1107
-1179 5979
6287 2577
-3512 1556
2624 5480
-1265 -6507
-3401 -2058
617 3457
-1070 -2820
-4153 5128
4775 -221
6628 3740
2926 5235
1177 989
4027 -6890
-5761 724
-5050 -8329
5459 -7521
-9442 2022
5460 7868
2883 -6113
2234 5614
2230 500
-5477 2962
-5751 -2693
-6184 2394
4725 3364
-5740 -2297
-3414 1472
4382 -7543
-3480 -3704
3365 -2449
-3793 4780
7930 -4890
2473 -4148
8468 1750
-2588 -7229
8344 2991
2952 1301
-2499 27
6717 -432
-858 -6998
-3179 -3628
-6800 -6997
-6824 2265
8750 -3291
-2230 -7757
7658 5972
5082 4783
5031 1757
3175 3900
3492 6550
-6023 7693
464 6823
-5780 7608
-912 6032
-5177 6207
-2017 -7547
-5327 -786
-3278 7283
-8131 -423
-3068 -9225
256 -2691
4187 2485
3267 1352
1315 -6046
5326 2884
-7901 2146
-3116 2724
5089 3097
1608 -6234
-7778 2916
3652 -5122
3294 5415
851 7045
4600 -7778
4365 -5162
-3594 1716
-5511 6492
8161 -2383
5900 -7775
-2137 -9614
-2216 -1753
652 -3267
-5994 -6005
-503 -7125
-7818 -5607
-2178 -9437
-6989 -985
3678 -9172
-5979 -5196
-4676 -4224
6267 5158
-4248 6315
3706 6121
-3276 5177
-2226 4879
709 -8515
-4282 -6638
-1939 -6921
-1766 -3874
9820 -685
-8390 -3269
3770 4592
5107 -3341
4016 2307
-4268 -103
-9286 -2189
-4052 -8699
8827 360
-672 3162
-905 8244
-3489 5986
-8417 5295
900 -2796
-2156 -9248
6506 2194
-4964 -583
1836 -3037
-5185 2261
4473 2963
5856 6362
-8236 -2935
4170 -3394
1909 -1769
8060 -2067
1358 -8651
4853 2242
2404 4747
3597 -4742
8354 -4428
-3716 611
5559 1178
8649 4181
6640 -6529
-4072 1079
7770 -5058
-1936 2262
3872 3091
7266 5305
1192 -9923
2356 8361
5504 -1292
3518 -3448
-4440 -6880
6161 -5442
-5756 -4197
-6515 -3072
-699 1264
-6455 121
6774 74
1820 1566
4094 7351
4573 542
-2561 5562
-3760 7740
-5806 -4537
2717 4536
-3052 -5072
-2613 478
-3855 3617
-6371 -4332
1959 9675
-2348 3077
-6143 3157
-5702 5647
-7927 485
4121 3243
7719 -1353
506 2016
6431 -2835
4311 -1230
-199 5618
-1043 -7775
5404 7
-9818 1179
6954 4561
-2696 -5045
683 -8112
839 -7793
-7726 4813
-6748 -5170
1512 7788
2438 -2989
4859 -8326
-137 9195
-217 1477
183 -9745
7535 -1304
-4727 -2984
7663 -4045
8997 -2581
-6899 -526
-2633 -6893
-135 -9161
76 4770
-4387 -2485
4382 515
1592 -4672
-7295 -6512
7689 -6118
7705 -5948
3847 -313
4555 -1652
-2225 -4299
-7156 2980
-2028 -3741
-1190 6970
8758 957
-778 808
-6114 1237
7689 -5835
-5309 335
8227 5610
-1042 -1470
-584 8703
-1137 -4917
-1028 -9108
2755 8605
601 -3488
-1948 -2430
1336 6137
-5745 2163
-5189 -7363
6097 4575
-9461 -32
-3534 -3904
-2670 -6429
552 3921
-1253 -55
2438 -4970
-7456 -1284
-1354 -5911
3917 4551
-4177 5520
-6037 5092
-4589 907
5966 5267
-3073 4134
-3686 935
781 -8211
-575 1603
-6664 380
-3920 -1074
3250 1520
-3681 6485
-629 4115
-6183 -4014
-5379 -2703
7535 2362
6191 -778
-7135 2705
3791 3042
-2840 -2320
257 1868
-2507 445
5428 1556
4942 1988
-4016 4368
-3871 -3623
7035 -468
-2268 8325
4180 -941
-7448 4104
3530 2842
888 -9684
-9507 2970
6998 -2886
3610 -1260
4985 1278
-2128 6494
-7685 -3786
4743 7066
-3332 7638
3917 -2809
-3243 -9
1353 -3892
-4390 5244
364 599
6147 -6543
7402 2606
-332 -3033
1124 -2236
-7269 -302
-735 -1691
1123 -1998
488 -1199
-2727 8693
-7654 5483
-7570 -6518
7368 1066
2552 9344
-6971 26
941 -6682
-3141 3339
-4760 -2317
5054 8542
-6227 61
-5857 -6860
5619 -7284
6259 3519
1866 -3197
-1369 -2012
-1981 4984
1864 2656
-6492 6291
-1547 6519
3623 2014
5266 -4437
3649 3094
-437 5548
-3281 8552
1544 567
334 7747
-3079 -4884
-5602 2567
7963 1317
2674 3178
-7907 5651
963 -7120
-9198 -3755
3815 6182
6686 -4082
5031 -136
-3005 8285
-5726 7531
-3243 2377
-300 -8757
6295 -4388
7125 5406
5700 7640
1875 3080
-6026 2327
2039 762
-6991 4899
512 -8914
-8143 4365
7442 6264
-7680 -3744
-7685 -2585
2396 1625
-3559 1862
-1291 -4253
-2559 4074
-3422 579
-1974 -3605
7949 2487
-5189 119
-4374 -1638
-4125 5408
-4387 3073
9169 -1260
4248 -1641
-5988 1184
6478 698
4825 -6977
9916 -1161
5516 630
-4764 623
5620 -7019
5408 8018
-3127 -9264
-4827 2403
-4066 -4005
3745 -3020
5081 7932
2943 -8187
8120 4042
-4970 219
-4310 2948
-7511 496
-5985 6639
-2066 -5969
1958 -819
-4280 5660
-243 6639
-3316 -4778
483 6135
-5485 -4767
1888 -6400
-953 3123
59 9913
-2147 -2318
4835 574
-4017 -5378
-1088 -6457
-3908 4734
259 -4218
-7004 5106
7293 -655
6792 3000
5208 -7160
-330 -7985
-1275 9684
6571 -7364
-2087 7395
3542 -5518
-8173 -2926
1964 5715
-4606 -6090
6370 -429
-1057 -1395
528 -465
2138 -3070
-8346 -489
-5333 66
-7093 -1071
7882 4101
-1300 -4283
-6715 6723
-823 -7866
6302 4608
1197 381
-1205 -4211
-1986 -3946
1336 -3669
-2987 3875
1170 314
-3296 -6714
-7222 85
3346 974
-1113 -6779
1428 -4349
8938 229
5473 -3860
-849 2525
-4145 -781
-2420 -8120
1549 979
-5308 4400
-1784 1682
16 9551
-2288 8159
-970 9140
3245 9222
-7731 -4053
694 8914
-8342 3578
9098 -4064
1851 3532
-2957 2307
-627 -4591
5081 5576
4944 -7093
3858 8612
-4569 6282
-4570 -2153
-7258 3358
-6851 -7144
-795 329
4749 5073
-3612 1214
-1668 1749
5133 -1126
-8964 -4042
1315 8357
492 -3478
3810 -6742
4538 4897
4081 -3585
6903 -1945
-3972 -3631
251 -313
3466 -3141
4880 -479
-3197 6540
-6343 -4041
5396 2892
3202 -8311
6247 4372
-1028 580
2705 3840
9183 -879
-3783 -61
-5505 -7022
-958 396
702 5526
4956 1865
-2924 -7421
6680 6239
-2780 703
9619 391
-4162 8327
5674 -1564
-9080 -2948
2223 -1916
841 -9278
9518 2698
-2814 1603
-2508 -7041
3523 1717
4484 3629
-1569 4145
-416 -407
-1815 -9396
-5652 -174
1825 673
2427 5825
-1766 5978
449 -7796
5373 -4848
-906 -7482
1502 -7497
-5491 3511
-7049 5522
5314 5373
4716 -4450
4725 -6223
-5337 761
-5870 6963
3083 -1980
-4419 7403
-3106 -3967
-2462 -1082
-4615 5947
8679 -2815
-4190 807
944 849
-149 5090
7819 -4918
-4651 2915
7550 -4557
-404 -2813
981 -9763
2774 -7162
6142 390
-8756 2829
-89 7890
-7446 -3884
-8817 2674
-1741 6380
-670 6563
-5758 661
6433 -605
6583 -3714
-2126 -2798
-8815 3641
-4326 7751
5605 3230
-2333 3886
-1649 -954
6037 -2038
1239 2176
3377 5843
-1163 3520
4093 -7778
-8406 2341
2180 -1796
-473 -4712
-3137 -9185
8202 -3701
5767 -6116
579 -1381
-5966 6127
2572 3542
6511 -179
-5410 3163
7005 -4284
4758 -461
-3442 -7012
-2454 -4982
6823 -4551
4716 8292
-2728 -5575
1890 2176
8309 5378
-4857 8590
6857 -3608
-789 7740
3833 -1997
-4555 -1221
2994 690
8389 -4305
2628 3031
2487 -663
2611 236
-533 4853
6546 7273
7556 1060
8750 -1763
8456 -3272
-4200 7216
-7594 -3653
5417 -3293
2169 1843
-6113 -1970
4935 -196
8680 -4663
5840 -5181
-4969 454
3514 8320
-3469 2490
-5929 -581
-3816 -6031
3446 6050
-4467 8500
2638 -2542
7006 -6470
-861 4821
-7828 1535
6665 6719
6179 5502
5758 1852
-77 5825
-192 1773
4058 -4295
-1855 -835
2832 -6432
6023 -2845
6676 2353
7966 -3590
4207 -8135
-5176 -4739
1306 8082
-2772 -6189
3814 9093
1425 -2616
2082 -1364
-3433 4332
-4895 -6498
234 -8451
-3536 6907
8413 -5293
3534 1504
1856 -8700
5340 -4626
-1445 6212
-2442 -7399
7004 -1556
-8416 4096
3465 -1837
-4396 -7108
220 -6824
2099 968
317 -2807
-6622 23
-8694 -4925
-6277 -1815
-5562 3895
-1822 -2939
7574 6059
4265 2003
8945 -2770
968 -4422
892 -1854
3516 -4342
-4354 -7742
-5400 -3367
3826 5573
-5169 -2200
-2449 1758
5244 4104
-8498 -3538
-7610 -2877
2575 -8233
-1602 -7234
5457 6309
-4710 180
-2974 -2150
8295 -5148
4154 8945
5895 -5111
-4557 -2097
7738 629
6337 4944
3141 8535
-5596 -2289
-728 5501
-493 2422
2127 1208
-9126 -468
2228 5603
9765 161
2285 -4622
-807 7661
-5635 5694
4791 7156
-4828 -5772
3334 -6319
2954 6400
-34 -8168
77 1594
-3119 -8399
1285 6442
-2495 2438
560 -1027
5544 2834
3513 -3546
-443 4608
79 -7301
-5957 -5243
453 2982
6217 -6009
-4254 -4496
1865 -3314
-8787 440
7379 -2185
4753 5317
4564 4682
-8404 -2397
870 5444
8618 -957
-5957 2903
-6296 -2782
4136 -3019
6374 2462
-5283 -3758
2085 -1570
-3225 648
4708 3518
2112 -1990
-3269 7851
490 9704
-2538 -8503
-1539 7450
-8250 -2825
-461 238
-7530 -2456
3035 9171
-7639 5405
-3828 2516
4161 2712
5447 -4713
6339 5458
-1927 -2427
-7316 -4359
-8697 -3392
-6093 -1510
-6074 -6732
-6379 1751
-1874 -2041
-5107 1828
4176 7169
4876 -2831
-5952 -4100
5571 3260
427 -6178
-4941 -4092
-2080 8739
-2189 2392
-2687 -5762
1084 8350
-5792 -2393
-3013 -3888
-1103 4185
-1626 8406
-6815 -414
7972 -5819
3386 -6722
228 -750
-8192 1087
-577 -2223
-1212 -7168
1170 -5133
-6058 2304
-544 -8799
-5326 -1159
1317 -5391
5792 -8048
9437 1862
863 -2312
-1296 -3502
-5044 -3774
3204 2581
270 -8127
-5334 5001
9664 1483
-6125 -5902
1905 -8437
-7590 5900
1518 -740
-3744 5543
1455 -5681
1968 -5265
-6429 6626
-3936 6849
6385 287
-3750 6854
-8379 2422
-9200 -1647
3055 -3404
1619 8054
-6004 4325
9579 1340
-8152 1373
4091 -6161
3335 -1072
-3008 -2676
-7318 -3072
-9647 -2236
2734 -6742
1965 -1078
4595 6368
922 2166
-3047 -4503
8126 -778
7164 -1657
-8609 -2239
-8216 4197
-4202 1570
-1533 -6454
-6481 -3468
-5178 1375
8174 -278
-1968 6645
5158 -855
4468 5266
-7956 -441
1362 6005
-5046 -3608
7404 3137
-1625 6502
-5202 6984
3208 -6887
-6120 -6286
-8215 -947
5002 -6919
-3106 4698
-1776 -1940
2130 -1839
-5820 1662
-5152 -7920
4153 -7091
-6988 -2636
1069 2937
1092 -1629
1517 -1627
4497 -4243
-4631 1655
6178 -1457
-5269 -5596
64 9583
-8905 -4456
-5428 2284
1611 -2950
-3030 2047
-1017 3431
2094 818
7705 1782
6764 7224
-2036 6740
-2321 -611
-7137 438
6423 -2597
7901 -4727
3660 719
5643 7953
-1634 -8357
-6676 -4474
-8406 4979
-1491 -7273
-2467 -446
4322 -4308
-244 1287
5168 -3405
2024 2500
-3229 3656
3937 8278
-3945 -3108
-4720 -1753
-9422 1409
7466 3959
-8087 3719
4111 -7342
-1891 -703
-3173 -2728
-3480 -7162
748 2232
467 6060
-6437 2817
-2228 9217
-1685 6847
-7209 -1262
-3412 1390
7719 -88
5688 1697
-8667 4779
-3466 -5970
-1011 -6228
6227 1457
9629 2693
-5048 -5571
6421 1352
-4991 -492
1485 8307
6499 926
-4109 -1086
1391 -4797
-1232 1194
9116 -1172
-1685 -7727
-437 -9687
7901 -4374
3525 -8014
137 2611
-1507 -8424
-7389 -1389
-6384 -3362
-4650 -7619
-5512 -1205
4861 -7980
-6680 889
-1123 -7884
2317 -4890
7130 -5750
-168 9362
6961 6273
-1834 1106
-5222 -7579
-1148 -7277
1752 -262
-8811 4402
-6640 6762
-5708 181
-861 -9342
-6595 -7501
-9247 -678
-2489 3488
-2938 -3845
-2829 347
990 -3160
-278 -6114
3995 -5917
-5745 3198
4056 -7268
-3917 -3975
4201 -7840
-7990 -5061
1625 7556
1847 -8818
4478 5542
2174 -8763
7504 -4051
-3789 7878
5380 -2048
7456 280
-1279 8363
9239 2578
4524 308
-214 -8575
1470 8242
635 -7229
5944 -3503
-961 9424
-1310 -907
-6989 2104
-6998 -17
-6410 1434
-7088 -381
-163 -8089
-791 8278
426 -461
-4147 -6860
-7862 -1829
83 -5593
8668 -3077
4805 -680
6502 -1331
1033 3273
322 9902
7008 -6589
-421 1297
-6574 -5532
-2114 9682
2965 -4333
1187 7112
-7966 1616
-443 2271
-6025 -5499
-7468 -5058
-7453 -5095
6561 -6819
-9059 -348
-2628 -4937
-2435 8801
2317 8849
-4708 7186
-9710 1489
-444 -1678
-138 6325
-4640 -5529
-598 -2142
-6126 836
-2203 -7420
3036 3326
4908 672
4259 -2057
5994 4605
-5400 -6640
-1277 -7481
3574 -6019
23 -2639
-2806 8727
5510 7221
-8655 -4585
-2148 6130
4025 6350
2893 -4754
-3317 -4012
-439 -7850
2404 -157
-8955 4047
-1203 -6536
-1072 -7875
-4602 6024
-8723 -260
9070 771
7921 -4566
-136 -1999
-1866 -3248
80 -9497
2686 8024
7842 5060
-4556 -2337
-343 1716
1481 136
1621 -6891
-88 -709
1981 3748
1322 1251
2074 2806
-1288 -9455
2031 -7452
-92 -6426
1399 8748
3234 -4417
-3493 -6338
-5242 5596
7437 3273
-2747 2791
3653 1370
6504 -1700
-4247 5415
7872 4254
-1776 -4845
6590 5664
-656 -1174
5983 -7586
-316 9365
8327 2012
-6750 -5158
-5314 -2567
7818 -4574
9122 -2757
2726 66
-5607 -3667
-4220 -8359
-4617 -674
2061 537
903 9660
-881 -6006
-9561 -794
-3843 872
1563 -7366
-2460 7911
1770 -2113
5527 6793
-2371 692
-3271 6011
-6676 -3740
1406 -5010
7138 1629
-3466 -3037
-1490 1994
6210 5084
-1374 3184
-7438 2140
-5513 3744
-201 -9696
-7403 -6710
-2415 -7214
-8219 -1823
7616 4240
9427 27
1650 -4789
-883 -4227
-1321 3828
-1279 6997
-5671 4960
-8994 2457
-2447 -5772
893 9013
4375 -1590
-3328 -8799
4893 816
391 467
309 4846
4022 -1849
1971 -2110
7177 -2719
2174 9473
-1432 7112
-2093 -2935
-4485 3279
-7522 -1271
3836 -884
-6444 5080
6700 815
7951 3246
3861 -2090
4235 6861
-2034 6543
7212 4008
-7670 -431
9366 494
-4766 5680
-6097 7456
4127 8287
-1475 3325
-3702 7307
8613 3717
5668 -3933
-2925 -1144
-158 -5127
425 6831
1644 -4412
-1868 -8358
2729 -741
-2866 6063
-3930 851
-2102 -3622
-9786 39
5571 3527
7628 620
6827 -7210
3664 7677
5593 639
-4630 7688
-2750 -7832
2132 2201
1239 -2355
3671 -6274
5907 3239
6610 2565
1326 1429
-1325 5707
-901 4969
2560 -2881
-4160 -2608
-7801 4263
-1436 4666
-6350 1092
-6920 -4892
1483 -3920
1608 -559
4477 -8936
-6640 4987
-4817 1631
-6645 829
8701 2960
3772 294
586 8882
-3477 3206
9607 -1090
-2459 7726
863 138
-4930 1793
5352 -6505
-2271 -4188
-6491 -480
8387 1650
8003 -1369
-5549 -697
-3198 -6572
-1465 -9103
1621 -1687
5693 -2585
-2533 1160
556 223
-1946 1306
1246 7460
499 6011
-3235 -1053
643 108
-1286 -8826
5731 2808
-8700 -3602
-6690 3648
3119 -1309
-6536 -6062
1576 -2564
-1088 -9898
-853 6363
5676 -6350
-8677 2189
2299 4322
3257 -2192
-8670 2142
809 -5184
-5062 -1815
-1292 -5808
419 2503
9644 -2143
6175 1014
6548 -3802
1020 -2974
-8599 -5051
-2773 -6168
1119 -1411
1052 8724
3454 -1102
-3998 6128
2518 -1827
1246 5208
-3142 6495
-1714 -2014
-9430 1682
7696 4901
3269 2320
6232 -1199
-1755 3531
-6320 -7329
-5603 -7998
-6029 6425
5657 7528
-278 7928
6422 -6688
-5806 -505
-6320 6454
