2820 100
61 3 13 21 6 46 87 25 95 66
4052 8593
6746 -5845
2179 6924
7994 1468
-1753 458
6426 565
7581 -1872
-6679 -2290
801 3218
410 5162
-4711 4456
-1614 -4422
-3947 -6046
-2544 875
-2882 -1992
-2054 2966
9066 1390
-561 -4886
1604 -2897
9820 1474
-249 4800
7452 -4675
4155 3020
9589 -2642
-6602 -6863
-4541 6080
3221 -8970
-6938 -4229
-1478 -3165
8238 -1937
4938 7354
-2648 2566
-6481 -1727
1963 -6238
-4969 8313
1760 -4249
-1788 -1810
-5270 -3978
5918 1297
-8131 -2033
3454 1638
2513 -8965
-730 -4636
3366 -1550
-2289 -6100
-6349 4805
-140 -215
3032 185
-2179 -5129
7028 -639
-8495 4939
-9320 -2043
1008 4744
-8399 3244
-3750 5587
-1909 78
2616 4524
-7206 2267
3533 -603
1762 -8619
8457 2674
2757 8229
-1447 951
-1841 -5970
4835 -6738
5920 2180
6186 7851
3205 1139
-1217 885
-4767 2034
-8648 2899
-4173 -2661
-3611 1669
4809 296
5495 4248
-96 2474
897 6599
2390 -150
-5151 6209
5528 -4820
-200 1152
-6313 2089
-5123 -6657
-4392 8368
-1109 6054
-9932 503
-6608 2201
-1399 8659
-43 3320
-643 -8189
5205 823
-2233 7596
8189 651
3064 7959
1103 -4117
-1062 -2998
-4170 -7338
5986 6911
4418 198
-3729 -6959
-5948 5020
-459 2697
2539 -4904
5867 -6569
2377 1757
1029 -3337
-3137 -1061
9049 -685
-6175 -5513
-1240 7471
20 9996
-2270 1113
-2767 -9475
7409 6344
297 208
-1381 5832
8074 1087
3090 3029
-9454 2280
5940 1960
-670 8453
9507 2083
-3990 -4744
-2841 939
3005 -1640
5382 -1250
1147 7500
-4891 -4971
-5924 -7885
-3622 4113
2899 -1256
-3773 -5177
-2858 4851
126 6073
2239 -5615
4779 8365
4395 2196
6711 -5046
-2025 7682
1064 -2017
-8071 -124
5246 -707
-989 -5760
-8970 834
2774 -7368
4027 -5477
-3558 -1922
4094 -3519
-2490 6502
682 4828
6386 7651
-3661 8998
2922 -2405
5596 -3025
-8919 -2313
5681 -5807
-6160 -5513
5756 3228
-3575 4967
-4047 7721
1582 -4149
-1369 9022
134 -3732
-6943 -2413
547 8929
-1636 -3014
1569 5341
2827 -802
-6324 -6491
-5810 7112
-417 4872
-1557 5786
-1124 -1918
1914 189
3721 -2101
-3677 -9274
-8656 -1244
-7817 4507
-3623 6544
2427 -6449
-3887 4359
-7058 -2581
-2320 -98
-247 6149
1023 -7448
-508 -1313
4550 -3946
-1339 -900
8777 4735
-943 5793
-2205 5879
7759 5371
5320 6979
3801 2704
-2507 8518
-3365 -3312
7103 -4474
-365 3662
-5015 7595
-1510 -8751
-4105 -8305
-4721 -3234
-3125 -3047
-8129 3681
-5899 3660
-3675 6177
6242 -2624
3808 -7185
1141 2302
5259 7292
-7550 -1126
4415 7237
3688 -7355
-3275 1285
-6568 -6244
-1825 1783
-5500 -6666
1959 1055
-7208 -5564
2504 -8366
5906 1917
720 6123
1261 2080
-6514 -4132
-3023 5121
-8689 3240
6389 952
-8621 716
7969 -1114
-8896 -3296
-5455 3895
6354 673
-8706 -2294
6904 -3296
9440 -569
1336 4141
2851 -2421
7430 3723
-3129 -8055
-5795 -8127
8689 -2068
-9469 2018
1630 8544
9205 -3338
-1061 9451
2608 1200
-4192 -1965
9343 848
2487 4574
6516 -4552
2834 -9547
-4765 -873
5286 -5214
4687 -5925
-1799 605
-2360 630
-5220 1619
7644 2965
3923 6745
-3024 -1444
6868 -6369
-572 -515
-4424 -4187
3659 6770
6853 -6540
4996 5097
2801 649
4138 -1966
-4999 -4796
4321 -1961
4537 -8736
-4933 1024
-4442 -1422
9234 1348
-1391 295
2627 5864
-2005 -1797
5804 5859
-1893 -2297
-325 -8296
8492 2992
-8036 4115
-778 -9470
-7485 -2425
1641 902
4245 -574
9689 -2009
6008 -6676
1854 -7042
789 -424
1211 88
217 1337
-714 4393
1180 -8537
-2352 -8567
8154 4249
3876 -6494
6061 -883
-758 -3497
1824 -417
8057 -5387
-5203 -5102
-6058 -6971
-3166 3689
-7891 4534
-2662 1306
-499 -8003
-5243 6470
-6791 6037
-4781 -8641
4805 -5137
-7889 743
-3730 6052
-9308 -2206
-2985 8875
-3052 -7086
3143 4
-655 4041
-7735 -4691
1593 7586
1871 6686
4301 -2811
5102 -4431
-8272 934
-3824 8137
2708 -4824
-2931 -8869
-382 -5449
-6234 -2076
4333 2888
3232 -7869
1600 2068
-6059 188
3145 -7626
-5758 -1760
3008 -9321
-7470 -2079
-1350 6808
-6215 3038
2374 -5874
-6741 23
-8798 -4642
4347 4625
-3292 -8040
8290 -5501
-7040 3057
-509 -1895
7992 -2407
-773 -8548
1829 7274
4379 -6541
-3075 -6016
-1210 -3997
4164 3091
-4798 -7124
-3850 8
-6383 -3587
-6893 -2422
-4687 -8108
-2018 8345
-5031 3431
-3034 -7956
-4747 -2562
-7063 6602
1623 -9438
6943 4341
-1845 3773
-1633 -4537
3999 1622
5369 3652
-27 9794
-5237 -4555
7163 -4380
-3952 -449
1609 -2931
-1314 701
-4212 2029
8175 -3084
-1247 -7067
-2963 -6296
100 -6615
-8869 4323
1004 9550
-9375 -2168
-6767 -5646
-5611 6174
3455 -62
-3454 -596
-5791 -1668
-4374 -3565
830 550
7217 5179
-3152 2733
-6014 2488
-3430 4343
9743 -1049
7845 6037
-1382 -517
394 6309
5555 -7441
-1972 5408
410 -622
3379 5621
-1611 7526
-369 1631
4374 -1825
3681 -9247
3354 6841
5906 1359
3839 5702
-2260 -5402
-1081 -3788
6772 3161
5438 -683
3608 -5222
3915 2015
7993 2221
3024 -7918
-8840 2493
5360 -1780
693 -113
8646 172
5808 4261
2106 5043
-4857 -8121
5434 -6659
3225 7646
2830 6363
6886 3880
-2624 2883
-5985 1969
1712 1906
-4229 -105
5697 4851
-1455 7583
6110 3729
3540 -3088
9089 3499
-1694 -4160
4741 2687
-5997 -871
7999 -5298
-2316 -1104
-6201 -5648
-705 8397
513 -6962
-4156 -8887
1951 8443
-1676 2893
-6095 7486
4791 584
-3856 4338
-5811 3022
-4616 5122
-5902 -6857
-8607 -851
7108 -4780
996 3587
-628 9022
131 -8799
1001 -7579
-5619 -5505
1009 -8293
4656 -6272
-2771 8550
-2391 1554
-1093 3
5284 108
-9156 -1300
5406 -66
7988 4904
-6570 -5916
6538 1989
-5997 -1663
6140 3752
-5954 -7721
2162 5446
8445 4981
-778 -4495
2608 -2843
-7461 5530
-9042 -2233
65 7897
-515 -5873
5225 772
7482 1117
-567 -7711
-5733 942
3583 6757
1743 6815
7599 -3382
1900 2532
-5288 3284
-7148 4462
-442 -2109
9668 205
2493 8177
-3064 8560
-2955 -5458
-8105 5748
3434 9119
3549 -6224
-3520 -6774
8840 -1252
-4042 -7283
7679 2881
1128 -9564
-9181 184
-557 1187
-1123 -5547
930 -681
618 -7804
3511 -3764
4229 -2917
5870 3862
6465 -7063
-881 -9190
-2967 -2503
3010 -2866
1958 2011
4420 -8110
4387 -4738
-1960 -3400
-596 5214
6433 -5589
3576 5227
4748 -3874
786 -4022
-7205 -3974
-326 4247
2056 -9119
7436 -2601
-5762 -3725
-1500 -9311
-434 -4978
2559 -9255
-7649 -4823
3417 -1572
4042 8403
-5942 6405
3150 -7384
3764 -8094
-5602 3717
-656 1528
-5275 -1502
-391 9692
2693 1866
6415 4107
-4577 5458
-1057 1438
-1080 1277
1394 -3822
9123 2600
-5157 -5690
-5218 -4190
-1107 -3265
-9657 74
3847 6698
-9902 410
1589 -8429
-8036 1812
-6321 -531
-4388 2837
4417 2857
-6329 951
-2434 -8044
-612 1851
-3354 7061
5272 -985
-2596 5572
8947 -2428
6640 -3758
-5921 -5567
-2619 4188
-7735 1084
1722 -7602
8322 3740
-8244 2499
3363 -1100
-6881 3336
1610 1663
8527 -537
3246 -9034
-1068 -3076
-3895 -3200
8421 -2254
4300 -7086
-7310 -4185
6326 635
5157 460
-5356 1228
-6134 7034
1843 2427
3034 -9065
1898 -2514
4551 -90
2657 -1365
1403 8311
-1554 1905
-181 4131
-6719 -1175
4826 -2486
3317 -2599
630 -4335
230 7932
-1195 212
9506 1625
6471 -1089
-625 7636
-3805 1916
5765 456
-8671 -1048
-4367 -4772
8057 -5208
6227 1501
-6132 -7596
-3773 8616
972 1331
5311 -264
-6709 -2954
-1508 -3171
6083 5794
-8179 475
-83 7514
-2608 3146
-764 -2734
-2109 -1921
-1814 -1919
124 3405
-1921 4402
-720 -4745
-7464 -5674
-816 -4956
-6290 -7301
-5710 -7174
2722 156
-5106 -4399
4908 4644
5295 -827
5852 1933
3423 9382
-5360 -2804
-3147 -5293
-6447 -660
1399 4130
3083 -6209
-7634 -3723
3017 -8050
-2291 6688
-79 3222
-7733 4212
6684 -603
7023 1467
7173 1407
1663 5025
1179 -7031
-85 7365
6463 -4074
774 -8098
-7981 -2444
1511 -5033
-806 37
-7062 4056
7820 -1644
6204 985
-5731 -5036
-6293 -1241
5292 6075
3276 2813
-6268 4022
8188 3077
2624 7762
-1601 -4065
-3028 -6600
6401 1547
8661 -2343
-9378 604
-2228 -3259
5040 1171
-3442 318
-7105 1866
-6431 5590
8903 3471
2678 1850
-3807 -4640
-818 -8128
-1290 4424
-6856 -6509
-7020 -4138
7954 -1308
-1364 -3240
-6994 -3298
3664 3835
4447 2878
4316 8618
-5280 6770
3164 3018
1894 -2579
2236 594
-966 3411
-2522 -2895
4502 5715
-5202 -7652
3924 -5378
-627 -6674
6546 3535
1171 -7800
5558 4681
513 4101
-3308 -5593
3512 -3369
73 3523
-2169 4989
-3448 2773
-3376 -8706
8055 -1186
-3620 -7864
602 -7160
6646 1215
-5099 4877
-2748 405
1234 -7321
6056 -7086
-8823 -1605
-4873 -8568
2180 -4022
-1925 -8705
-7338 6341
-7481 -5769
-7855 2784
2673 -4625
7576 5398
8508 -4187
-3970 -2532
3305 -912
-6157 2181
-3982 639
4867 4522
2493 2153
2484 -29
3659 2409
3053 2589
2534 516
4757 -474
7641 5299
-2282 -7672
1054 8565
-8823 -2688
2547 -4382
4305 52
-8238 -2264
-1803 -2314
7915 4434
5358 5898
-5459 3654
6037 709
-1774 8282
-7231 -4642
-2040 -1048
1284 -1085
4801 3201
-2856 -4675
-3034 -1674
159 9337
3732 -4583
-788 -4388
102 -7088
-5644 -3177
-859 -2563
1434 7850
-6692 7231
6570 -6301
7393 3791
-1324 -8082
-1566 23
-5938 1016
-1626 1462
-8607 -4926
-4455 -1885
-8734 4438
-3364 6830
8264 -2976
-3496 3245
-8900 -1753
-7149 -1764
-8293 3245
-6506 6943
2590 -1221
4836 -1122
2998 -3074
570 7727
-1348 -6632
-2194 4374
6625 -4942
3190 9366
-5541 -6763
-2095 -95
-1093 4102
-3820 -5342
-6766 5643
8157 4685
565 -6754
-1254 -4448
840 4431
-1745 4210
721 -6743
68 -9830
4415 -8827
7311 -4246
6886 4790
3664 980
-5909 653
-9496 889
-4393 -2900
-2960 3444
9019 -254
-1674 2312
-9035 4085
-3796 -2089
4614 5384
-7566 -5971
-212 -8013
5100 -8353
-7932 -242
-5343 -5122
-3127 7369
27 -7478
5981 -1154
1381 -2154
1281 3171
-8329 119
-5400 -3447
-2741 6997
588 -8584
-2869 1208
3472 -4180
1127 -3557
3960 318
8113 5757
7559 6513
5844 126
4286 6118
7518 5556
3374 -3377
-7806 3331
4342 -2797
3215 2971
6215 -1943
-53 394
7368 -936
2004 5189
4673 4605
3405 -5479
4760 1943
4609 468
-52 3658
-2563 -8565
6744 -5862
-3892 1093
-2977 2906
1090 3703
-7518 -1498
95 6161
-258 -847
-3679 2465
-3894 8637
8129 2196
4095 4481
-2939 -1263
8088 -765
5517 -8266
1623 -2105
7909 3110
5616 5704
-5158 4386
3514 -1670
988 -8062
2645 294
-1306 -3327
4354 -5704
8145 -318
7806 5354
607 3752
1733 4146
-1472 -1557
-4548 1426
-1125 -4012
-4374 -6073
424 -5389
9480 1280
3858 -1497
2806 4455
-110 -2978
-1062 -8934
8775 3695
-1270 6248
-2441 9487
2499 -2072
-8506 -4727
3424 4342
2849 1198
-2264 -1716
4293 -426
2639 4150
8320 -2587
-6794 -786
-3084 6095
-4020 -2289
1441 -3580
6033 1522
-5958 -5742
505 -5980
7019 5972
2705 -6467
4722 -6693
-5485 -4649
-2289 -5861
4554 5351
-4328 8611
7236 -4792
-330 -6201
4902 5897
9304 -1709
-4395 -953
-1552 -2806
-4741 -6188
-1711 4142
-2489 7168
5060 2051
-7037 5601
1448 6856
-1062 -892
-1503 -6154
-1500 5728
-4450 5083
8513 529
2804 6042
-290 -855
-7477 6443
-1853 -8981
-1858 5314
2511 1977
4931 -7407
4417 4853
1851 1964
-9731 -156
-7376 3488
-1878 3604
271 7981
-7592 5379
-2706 -1280
-2581 -4258
-2533 -3268
410 -7961
-786 542
-5748 -7343
4434 -4562
-4517 -5851
1283 -8181
-4524 -3129
-7571 1410
-5018 1596
-626 4262
182 804
-1619 9503
-2979 -3328
-3287 6176
-600 2369
449 -3060
570 3905
8966 4230
-7700 4657
4080 4321
-2712 -7316
-33 -2247
-3996 807
8706 3781
-669 9283
2121 -59
-5353 -4698
-6366 3312
1953 1406
3349 -8767
242 -6494
2153 8021
-4413 672
-3305 352
9392 -2742
-7904 4480
3490 -7427
597 6767
3018 7460
-2672 -5831
1875 9355
4043 -4201
5881 502
-1155 5605
2564 3120
7334 3970
4537 2276
-542 4479
9429 -487
7728 4067
3980 318
-7359 38
-8187 -2614
4336 -7072
2566 -1093
-8002 -449
5336 -3185
-4196 -2994
-2752 6396
-8874 -1421
2009 2702
384 -9745
-4366 -2397
-1063 -2786
-3181 1660
884 -1709
-4860 4103
-7632 4370
654 -8539
3779 8429
-5793 489
365 -7893
-3375 4948
-1295 2960
-1452 -1305
309 -6616
9574 -2732
-6796 -5996
5723 -4157
2663 8568
-6222 -6181
-4058 7739
667 -2073
-625 3714
7098 -5072
2561 -6508
-7622 3888
-1442 5245
-1461 2720
4210 1092
-7652 759
-2718 -5918
412 3391
7490 -1961
-3439 -1358
-5674 -2393
5485 1445
-8366 -4222
-7718 1306
8140 -1115
5012 3841
1957 -2079
-8909 -96
4861 6031
-5270 -2752
2332 2695
974 -9039
-4611 2766
9305 -2819
1966 -8664
-5743 3098
-6055 -2347
5892 -4219
7350 1824
303 6576
7065 -6625
2978 -2907
-1414 519
3563 -8011
-2685 7777
939 -8376
-6533 4427
-4008 4154
2615 7841
5308 3933
1155 1590
1882 -4005
1446 8260
1738 5832
7438 4210
-7171 -6817
-7692 -3545
-1881 140
4276 -7300
-3349 -5111
5637 -4094
4643 398
-4494 5518
4277 -8638
949 6181
1551 -1961
4299 -2580
-1671 -3240
6573 7251
-4457 -1399
3204 -4212
-7422 -6537
2807 -1604
-3400 -6806
5865 -7783
-1528 5735
-8060 382
-5353 -3576
1005 7061
4112 644
8191 -4805
7798 68
1953 4416
4100 -4298
6897 -2442
3045 4840
-2796 7393
-7513 -5246
1346 2350
641 -2673
1941 -5189
-7412 -2946
7988 923
-6078 3603
7494 -13
1912 2117
-6619 -4645
6726 2124
8173 -3186
-8311 2142
6080 7023
-5152 7084
-3137 918
-787 2646
-6529 -2162
-8929 -2995
5007 787
7987 -2342
-3762 3992
4358 2539
7422 -5209
-575 -5569
2014 6448
8584 4264
4280 -3704
-6622 3955
847 -8719
6621 1348
-4393 7740
992 8856
2916 8864
5135 3541
-3004 8435
-1607 -4093
5175 -5609
-8549 -3400
-3080 4424
-8015 188
-6991 -2505
4184 -4322
1291 8330
-1230 -49
-5710 -545
-4579 -8149
5400 710
-2776 -8301
4285 7880
684 4368
-1590 8490
1433 -1950
7815 1525
1947 -9647
4643 -3928
-542 -3798
-6716 -6003
-9001 -1400
-6052 -5681
-7535 -3402
-2741 -9152
3521 -6219
607 -5670
-5582 -8261
5851 4856
-1588 276
-98 -8908
5388 -6673
-9887 1413
3295 5542
3659 814
-325 3940
1537 -7970
-2386 -5833
1975 -9209
-2134 1700
-1809 4230
4326 -5240
1780 -8830
1680 2925
-6941 -794
5890 -496
2492 8695
4427 5973
898 -2902
5756 -7717
-9314 3057
2250 -8981
4704 -8642
-4181 4950
1702 -6585
-5878 -2676
5525 -5405
4929 -829
4931 -8227
-3555 -2469
3653 4141
3229 1041
-2327 -1386
1866 -6867
2059 -7980
3574 -5845
-6032 3803
-5446 13
4975 5051
2522 9654
-6261 -3818
-2756 -8932
695 333
-9396 2472
3765 -9008
-1139 6882
-3553 -5335
-1038 5538
-6290 2227
-9245 -1683
-2368 -5174
2771 7254
-745 -4605
-9104 -1971
9940 835
8283 2290
7980 2035
-2358 8240
9237 3807
-8661 -3315
3536 -2091
2201 196
8720 -719
-5116 517
-4487 5861
4142 5317
-214 -1858
4903 2692
3814 -8560
7648 377
5476 -2220
2626 7870
2220 -1556
7938 3519
7340 -4402
4542 -5513
4353 -7965
-1393 3903
-6589 4767
3835 1761
-1943 -4782
6340 -2297
3063 -3771
1232 -931
-477 9426
2978 -6159
1671 -9278
-140 2813
-4751 4739
-8065 5103
-2159 418
6712 -6250
3241 -4293
1395 -8272
-3519 -281
5784 4011
2151 -7314
8975 2697
486 3024
-4694 -3138
-722 -8780
3211 4434
3174 4738
4910 6878
-7609 -5761
-2361 -3953
-1790 8207
2703 -5851
897 2911
3182 1807
6581 -4276
263 2997
-6436 2291
132 -307
-7085 5839
8142 -5285
-2726 -1956
-994 -1666
6939 -753
-5130 -5685
735 451
-1351 -534
5332 2579
3420 -9278
5714 -8035
-781 -885
7351 -4164
1299 9821
6791 -2369
1651 5940
8983 -4366
-8414 -5367
-5704 -3868
-2391 -7559
-5674 6249
-997 3637
-3751 -7090
-2578 3734
5802 3962
1396 -7550
-4526 -2373
-7984 -5188
-2451 2667
7306 4702
-3537 -3071
-5928 5871
-671 -9923
-9106 438
5611 -2679
5016 -2058
-5470 -4772
-4965 1996
-2697 2461
6985 5624
173 -5049
330 -3085
3429 -4651
-5227 -6968
-1771 -9188
1820 1057
-2768 2714
5552 -2474
4379 -463
-2461 -9661
7542 1918
-1614 7142
5905 4882
5784 2483
-7080 -2598
5955 -4711
7524 -1110
-1295 -3762
-1416 -3144
6277 7404
-6040 1377
-2139 -8647
-4822 -1197
4667 -577
-2333 -386
-7409 6351
-4335 6541
2972 3094
5498 2336
1977 5910
1131 -4081
915 -7817
-8190 -5160
3924 -5728
2307 -1161
5167 -1545
-6254 1535
-13 2830
3785 4701
2937 -683
-3137 -1745
-5806 -5978
-2760 -6643
7988 -2896
936 9020
-8209 3833
5493 -6886
5901 5610
2160 -8536
-1659 -7614
-6921 898
7496 -3000
-3131 3720
-4830 436
8201 -2427
6948 -2963
-8088 1065
-8357 1013
4809 -731
1981 -3603
-5731 6870
-3206 -494
7476 -6210
-5824 -6430
-7351 -1571
-6137 570
6748 2029
-389 266
3196 -3309
7533 2016
1201 -2159
-5960 -1244
4238 1725
-2697 9303
1047 -6038
-6962 -926
-1993 5525
-1063 6105
-4271 5838
2425 8889
-1993 -8073
225 968
-4190 3393
1718 -2771
-4631 8630
60 8220
-6423 -5264
-2157 9197
-3804 2393
-5012 -948
2319 -7061
-2761 -3191
-4281 -1886
3533 -2829
-6328 -7031
-2977 9384
5468 8258
-2008 151
-2764 -4278
-9820 -507
6637 -311
-7616 -3729
2502 4325
2871 5638
-8392 -92
-6274 3907
-4489 -7408
862 -2355
3019 3514
-7795 -439
-1822 -3219
-6057 6893
-775 4871
-7892 -1203
6552 -2378
-6161 -1468
-4049 -3126
-3918 8310
4445 2655
4011 -8485
672 -3377
6934 -2410
1819 -6306
2483 1418
-6118 -6492
3173 1013
-1208 5181
-3117 -6101
-5336 -2951
-5481 -1187
4443 -6163
2743 2701
4638 -6091
-1060 -9882
516 8754
4903 898
-346 8966
-6422 5957
-2108 5042
-5605 -4761
-5815 -4307
6289 -3430
6503 5068
-6742 5379
504 4363
-5664 3625
-6615 378
3899 -5894
7224 1133
-147 -3625
9269 302
434 9694
1827 -6370
-2114 6866
2912 9331
4702 -1326
-7881 5408
-2036 7997
718 4827
-1196 -4294
-7730 2995
7929 4013
1684 9790
-5227 5478
8921 -3943
2762 1203
3606 -6794
6228 4643
-371 -2384
-3471 8571
-2061 3679
-6283 6507
643 -5174
1768 33
-109 -6387
1720 3062
5702 269
1106 -2470
8727 2217
-6201 -1579
-2467 -4172
-8207 5631
3914 5464
-1135 4012
941 -8431
120 5819
-8859 1730
-6643 -7275
-5782 -1178
3149 -7909
-5269 6996
2198 -5227
7323 -6454
5976 -6924
-7240 -495
-259 -5692
614 -6368
-4828 7614
4284 2264
1697 -6313
15 -5179
-9251 -1494
-5515 6171
-911 -8604
3079 -2885
5634 -1509
-421 8943
-4530 6042
3843 382
-3860 -5385
-627 9633
-542 -5452
-1990 6397
6041 792
-1118 8883
6484 -2133
-3032 7180
2530 5468
1868 -5981
1563 9807
-1149 -1164
-2323 -152
7826 2857
-7526 54
-2844 3319
4390 1793
300 -1634
-1930 -5082
3161 7639
-1755 -7224
-1291 4088
5858 -4707
6432 7656
5682 -3012
-8280 -496
-2159 3236
760 -6221
3574 7998
-7742 -5780
519 5571
7075 1418
5708 -706
-8282 -2136
-2586 1925
-4791 -5747
-9620 2458
1466 -4972
-7156 -6216
-1880 -2575
-1040 1779
5290 4409
-8752 -3325
3576 -2524
5061 -5293
4794 -1142
-4032 8158
-8283 -2334
-6920 33
529 -6617
1641 -2721
3267 1142
-2763 -6172
-4715 -8325
4266 3467
-8603 -4627
-2129 4026
7561 4399
7991 5176
2246 996
3052 -287
250 9750
-5993 4267
728 8186
-5722 7914
635 -8718
-5135 5559
4686 1826
-8948 -652
-8294 -478
-1009 761
2560 -1458
-9891 -522
-9900 -1374
-4869 -8517
-3178 1818
-5480 472
-3780 -3849
-4844 -3267
-6109 5333
722 5737
-5716 1160
2039 3989
8207 2142
-1886 6363
4446 3220
-1050 1529
4616 -1134
3564 7355
-304 8597
-4285 81
6933 4216
2595 2287
136 -974
3982 8002
326 9341
-1818 -1951
-2427 -7199
-3562 5993
8665 -1167
7544 -1779
637 -7893
-8922 -3810
471 -7565
-3105 -7158
-5351 2845
-575 -1242
-2072 9222
6217 -4428
-4107 2323
-6839 -3666
-1819 -9143
1265 3740
-2475 5314
-896 6608
-9565 2743
-5836 450
-2442 -3130
-8637 -91
2013 2166
-3196 -8311
9816 -1775
6707 -7228
509 6072
-39 1691
2348 1300
-4394 6193
-3208 2326
2401 2584
-3607 7706
-5933 7491
-3020 -8606
5976 3151
3701 2684
378 -2514
1653 173
1732 -8271
4285 1268
5152 -7670
-5788 -2394
-3178 1248
6843 -3262
-8423 4021
-5665 7937
3152 -490
-3550 1525
-3728 -2116
6259 -6336
-2058 -60
3010 5503
2230 -7388
-1456 6018
-7342 3563
-846 -7818
-1910 3261
2872 -1719
5741 2319
5688 5482
-1404 -3103
-2580 607
-3808 3823
-7630 -3884
4071 -5150
3876 -680
588 -8374
3619 -2521
1737 -5429
63 -7423
8715 2366
-4542 -5947
7014 -1607
6714 -5393
-8157 -4518
1629 -2295
-7850 4859
7133 -1784
2829 8253
6879 5434
1989 -8772
-4186 3938
-2761 -4597
-1140 -1099
6141 2841
1866 -9557
-2202 1394
-3390 -2455
-3550 -4056
-827 1186
5084 -7046
3071 -3280
5966 -4508
-6432 -5788
1024 733
6729 -1843
-4982 7485
5829 4684
-1471 -145
-2667 7153
-54 -997
4280 -1040
-4513 -6701
-2852 4042
-923 499
998 7549
-6131 2099
220 -9928
-7476 2844
5680 7938
-485 -3960
8836 -4241
1119 9352
3471 3711
-6541 -520
-6897 7080
637 8650
4727 -7213
-3152 1602
-402 -2119
4582 -519
6389 -338
-9425 -1096
-1569 4834
5041 -7259
3650 -7072
-3524 -6667
1096 -3051
945 912
4168 833
1943 -2633
-4562 -8409
1694 7847
1627 -6365
-5882 92
5638 1945
1221 -6259
-757 9462
1623 -2144
-5792 8142
-3277 8167
618 4703
3257 -8154
-2672 -2770
3105 -1364
-9043 -285
-4652 6938
396 -8780
-56 -573
-2359 -286
-3686 4724
-4736 3072
9260 2677
-3850 -6855
-2237 -1221
-7243 2365
-4706 6567
-1059 -4515
-729 -5446
-707 -2904
-635 5617
2222 2155
-512 -8720
-1351 -4530
7169 -4951
-8154 -4594
3554 3649
2099 3635
-2174 203
5747 -5927
216 -2168
-4319 -2136
-7805 1203
7216 1813
-6513 -2126
3195 5535
8378 5372
7953 -2854
-3718 -3967
-6210 -2613
-1083 -185
6334 4651
4299 -4179
2052 4850
-275 -8541
-7952 -490
-2887 -7418
-5460 -3124
3060 8155
-8236 1048
-5227 1404
-4325 7036
22 -1938
862 3064
5450 3533
1152 -4246
-3153 -8534
4951 3038
3659 3224
2784 6693
-3031 -8720
-6831 5966
7072 -5282
1848 3978
4139 -3275
-6668 7205
6257 -1584
-1352 9250
-2502 -9003
1924 -4261
-5256 -5782
4271 -415
8714 312
4666 5305
-2242 -2957
-7973 -5166
-2199 -5980
-2770 -6539
9103 -3769
-2089 2157
2404 -2674
-7178 -4943
-2662 -8457
3199 2948
454 -7646
7463 6126
3431 4382
6537 -3799
-7398 5454
5347 -6003
-8567 -2678
5874 -4258
-3313 -8311
2621 5503
-8208 -1730
-7548 -2330
3620 7616
-4156 -6114
-355 5426
-6166 -2414
-3883 -503
-3068 8785
-3272 -5415
8576 3921
250 4911
-1582 8410
4685 -4835
-602 -7439
-7012 -5734
5903 4808
-1533 4664
-3772 1731
-2322 8415
-3224 -808
1117 3024
-6247 4998
-6742 -1486
-1157 3107
-4575 8421
2853 -9136
3267 -6279
-7993 -5476
5908 -141
3027 1700
4746 3193
156 7125
3628 5338
-3460 6833
3804 -4726
-9391 2536
7123 -5582
-7330 2348
-2066 6895
2053 -7747
2172 -2107
-2403 766
-9109 2069
1761 -6444
2728 -2035
4601 -4180
-3618 -2033
-1634 -4975
-1131 3819
-5772 7662
7834 -4014
930 8880
6304 -3504
2276 2990
4816 7598
-2894 8661
-3299 -3948
2267 -3484
7188 -1552
852 -9371
4283 8301
1314 -8320
1677 3030
-5947 4003
-4578 -1616
-2810 -5520
4176 6520
-4343 7931
-4513 -8808
-4692 3391
-3072 5693
301 8993
-735 -1641
-6013 -821
-3993 4303
-924 1373
962 1185
-7872 -4396
3233 -3338
2444 4739
5795 -8077
-8309 -1879
999 -3973
-8161 1497
3194 -621
4946 1133
-611 6989
-4672 -1403
-1919 1350
1817 6968
-8994 -1816
6936 -4238
-1219 9720
-5395 188
-593 368
2520 -4058
892 1163
-4085 -4923
5533 -1021
5022 -663
5672 734
-3365 920
-1918 -7589
-5025 -6993
1582 6686
-4200 1126
-4581 -585
1371 -9372
8242 -321
7977 -3838
4205 7404
2031 5311
3179 164
-8513 1553
94 -4610
-1076 -3141
2474 -7035
-4559 -4825
5169 5604
-5293 -4975
-6817 -2650
-6676 -5833
3816 -4881
-3489 914
5331 -8219
-1043 4894
5577 7600
1900 -3440
5988 3746
-770 -1194
-3506 1898
7038 -727
-3402 7541
-6345 -1851
7365 4218
-2976 -1664
3448 5713
-2392 2446
6065 6550
-5561 5298
3430 -1146
8812 -2683
5787 -2687
3876 -1775
-7010 6784
-58 8761
3539 5881
-6949 4840
3023 -7558
-7271 1001
7690 5178
-5974 322
-1448 1012
-1867 4576
4366 -6116
-7425 -1597
6677 1578
-724 564
2167 3620
-4799 1716
-6386 -1021
-1793 1928
-4321 7799
-1605 7618
9629 -594
-4603 7785
-1542 -3655
7996 4931
-2965 -459
-9782 -1868
-2800 -4478
3885 37
3366 8256
-5841 -1174
-4221 -212
3452 -648
2229 7056
-615 6556
-2231 -6958
368 -106
1356 -1138
-1502 -2880
-7692 -1784
2714 6563
-1906 9675
-2355 -7427
4940 -2349
4780 1684
-3816 -6891
-5577 -7013
2676 2728
-6026 4637
-4882 -4582
-6201 -6136
7959 -1702
7483 5156
-4803 -2979
4565 -5984
272 -831
8007 -5001
-3537 -9271
437 3393
-7053 2840
-4400 4549
4504 1078
4816 3161
-2873 7863
4808 2553
-2341 8190
-8273 880
-7382 -1903
1248 4935
9608 514
-3962 -8890
-6772 1812
6237 2161
-1879 6013
-8632 -7
7218 2807
-6854 -1735
4830 9
2843 681
-6338 -2831
2352 -4964
8217 4152
-6503 1033
7096 1339
-6459 4132
-6051 133
-7223 1167
-6644 -1520
-8004 -1771
-6457 1196
-1919 352
8271 -857
5492 5763
-1832 2389
-7692 -4845
5538 7755
-92 -8922
2537 5382
8844 1269
414 4921
-153 -1960
7279 -3258
2741 -4502
-7251 6026
3324 -7688
-5564 624
-8330 -3083
-8706 -342
6332 7374
-8817 -2920
-2953 -3525
379 8984
-2408 268
5333 6595
2949 -7425
1286 -4031
235 -8132
4444 -7576
879 6154
1873 -3905
-2262 9055
-8365 1818
2118 -1786
-4623 -7258
-898 5562
-6199 -3615
-2269 -8115
-953 -2621
-7090 -4162
-5317 8117
6048 5194
5817 -1354
2628 -4978
5087 7623
-945 -9327
4993 -4834
573 -1364
2880 -433
3876 -7336
-8007 -5707
2363 8602
2025 4569
-1842 457
4624 5648
-175 7779
90 6440
4709 -5635
-5010 8064
443 -5840
3657 4191
-4788 -7660
6572 6316
2766 -6671
-7435 3288
7438 -5277
6338 1442
-2912 1446
-4414 -7142
5804 -3192
7820 -6215
7268 -3319
-5871 -5171
-2237 6353
-5166 -697
-3890 510
912 -8823
2629 6529
2170 -6937
1481 -2217
4533 -5363
-5715 -4554
-6064 -4471
-7263 5974
-5489 4715
4189 9036
2827 4600
-5261 -5730
-5020 3758
5780 1477
-2284 -7243
1547 7377
2197 671
5527 1642
-4934 1327
-8235 787
4863 -3468
-5012 -473
-1933 -3373
1912 -6051
5728 -3138
-2781 7867
-1241 5422
-966 3246
-360 3900
-4278 7231
-6716 5558
5383 -7457
-2939 5922
-3903 -915
-2426 -6511
8430 1191
4246 -1191
-3486 8641
3548 13
6841 -4224
5231 3239
1949 -5647
6726 3810
-8113 -1939
1964 -331
3879 1715
-7551 -699
3170 5926
8046 -555
-3114 -8652
105 -9318
7954 -5390
4345 6501
5787 -6032
6196 -5997
-1705 -3672
-8770 4013
5513 -3626
1369 1352
-2688 4321
-6442 1360
1636 -3246
-1755 -219
-6581 1934
2146 4735
-6117 -3348
1074 -6062
1837 5937
-3228 -4175
-1393 2800
9660 -2485
2217 7563
-8064 -5324
-4085 1529
8530 -823
724 -8818
-470 -7487
-6899 -5416
-6642 -4871
5518 -3020
2797 -1451
3449 -2224
2762 9160
-4677 -2549
2372 7284
-2727 -8297
7953 -1032
800 8282
-692 9184
5988 -2500
1016 -9551
6462 -3180
691 -7961
3028 -7577
299 -3388
2990 3525
1746 -4775
-8416 3729
-9793 -464
7169 -1054
-2991 9120
3993 5942
3817 -4006
7128 -3378
1983 8194
967 -9935
4062 -1335
-9158 -3271
-1381 4587
-5124 -7885
3333 -6696
1535 -247
-5019 -6969
-8280 728
3331 -370
173 -7133
-4154 -8527
5938 2245
-1247 -6551
355 5874
-3501 3867
-5562 7805
-2239 -2307
1830 -3109
-2794 -8273
4707 3155
4627 1789
8425 -1905
331 -711
4939 849
1017 4235
-2245 -2478
2283 1257
3260 6319
-3105 -2391
-6815 1512
5724 -3746
-2576 4270
-3784 9123
-6747 4102
6976 -2172
-913 4469
-5445 1141
-2085 7985
-681 -9541
-3746 6075
-8435 -4170
7771 -5360
-4504 2379
3808 -3404
-1458 -7395
-6093 5324
7932 -772
5696 -2809
-7631 3404
-4141 7984
-2934 3595
-2147 -1893
-4942 -613
851 1428
-8240 453
-6414 7488
3896 4837
-6374 3992
-7939 -4076
7907 5444
7249 -6156
4646 -6356
8203 -216
719 -810
4120 -1186
-5004 -1437
-1142 -2007
1532 8849
-840 -6703
8869 177
-484 1438
7564 1784
7187 -6673
2589 1434
-1572 -1724
-4916 1139
9350 362
-4553 4700
4180 2099
-3 7172
1658 -6284
-1219 5880
1019 1318
6837 2122
-5950 -3355
5762 1715
-8645 -1899
-5198 8148
3648 -5360
-8786 499
8983 3418
3242 -1458
6001 7567
-5482 -6042
1563 3815
-6602 -6095
6432 -2987
-2818 2083
6241 4747
2964 -8486
1914 7673
1582 -2295
4025 2352
-4370 7638
-4043 -6847
-5932 4790
-3957 8454
-2798 -7355
-4121 -1822
7761 2598
2402 7884
1019 9258
8658 2737
-3766 7773
-3680 -6866
6972 -1408
520 -5023
-4304 -5111
-4659 7808
4552 -4617
6522 4823
9371 80
-5641 -5204
-4510 8061
134 3153
8755 3651
2571 1276
7986 -4597
-2034 2034
-6070 -1765
-2757 -3006
4971 -6093
8552 -606
-2726 2228
208 8094
-2782 1657
2270 -31
-1331 6819
-2227 6558
2694 -8907
3915 -1569
-3186 -4496
9058 -1006
-2003 6278
-2284 -8809
-2888 5194
1294 2411
-6793 96
9639 2465
3344 2049
-2513 8165
-5159 -2276
2363 -9502
-2749 -823
-716 6340
4360 -4129
4179 3817
-4432 2224
-1221 -4388
-9286 -1169
1948 -4758
7480 3839
-5221 -3562
-3204 -6286
-2504 2830
-8485 -3751
-5318 -1575
-2764 1256
-454 2422
-4628 6437
-1196 5865
2216 -3927
6891 6948
1786 5670
-1979 6079
-2658 7539
-1975 5716
-7148 -6232
8578 -1548
1716 9579
257 -3057
-43 -5694
9526 1267
-3002 -7691
-5695 -2303
-2976 -4281
4925 7007
5149 2516
3720 8020
-5504 -6633
-2916 1970
-7153 4782
-9340 2817
5337 3295
7112 -2466
1235 -7836
-1245 416
-936 8133
4272 -4275
1622 3648
6941 417
-2368 -2222
-6857 5742
7138 2825
1947 -1628
6447 509
-5624 1900
-2686 -1433
287 -3953
-3721 336
-8842 -4568
2256 -1654
2538 -1723
7717 -4315
5041 -1027
-921 -1207
3166 -4306
3721 7579
-3041 7540
-1288 -7293
8335 5106
-4572 -2960
7715 5037
-6261 6590
-4162 5480
4936 4126
1703 5452
7969 -4080
3127 7110
102 -5310
-3093 7905
7681 -2637
1312 -1472
5 5063
-3940 -2924
-3788 5808
-2066 9195
-2691 -3436
2991 183
-6948 2684
-2030 -7356
2524 1488
335 4993
905 5828
-2727 -306
6089 -7135
4410 6628
-7001 1379
-8207 5466
2817 6569
7062 -677
-5452 -6969
-690 -5630
-706 7916
4771 7816
-4527 -7878
4287 -4093
2489 1811
7176 -237
-5100 5413
-8761 1239
-7919 1107
1846 -4445
4270 4179
-6750 -4138
-1783 2500
6872 6322
-7608 -5687
-5932 7860
-1329 -4372
4583 -5181
9119 -1988
-1100 8590
3575 4443
7277 5145
3273 8384
-1483 6586
-1508 8681
5570 6629
-5591 -4256
8020 -3474
1686 -4145
8257 -806
-3742 -7455
6606 -2583
-7891 607
4556 -7632
-2637 -5780
-148 -123
3832 942
604 -2823
1378 -4775
-8968 -1936
-554 -6462
3945 8548
-1276 -4343
-3370 4187
-3751 5098
6067 7428
2964 936
-5091 -4218
4873 949
-1744 -2545
7078 419
-682 -5040
-3786 753
1967 5455
6028 -6461
5826 2316
-9049 -2493
-5360 1431
-6725 -1373
-1328 -7659
2403 -8954
5510 3417
-4164 3133
452 -1626
-2417 3276
6392 4397
2208 4152
-9385 1788
-861 -5029
-3454 3014
-3566 -6864
533 603
-343 3252
-2336 -9549
5819 7705
-4129 -2456
-6946 3937
-8075 -3003
-561 7373
4610 -4931
-5173 4061
-3195 882
6511 -33
-1423 -316
2244 1559
-593 3017
2604 1333
-8108 22
688 -4403
1604 4548
3611 8889
5721 2663
-9310 1198
415 7483
-1590 4707
-8279 3614
199 -1181
7604 -3045
-4728 7203
-3080 1669
-6597 1398
-2934 2118
5742 -1363
-2097 -9516
8824 4646
-3971 1005
-3176 8726
-7279 -5742
-321 1835
6418 6733
-988 -486
468 7731
4003 2879
1244 9496
-2943 3435
-8350 -5139
8877 2808
-467 3856
5930 4751
-6280 1701
9526 -1738
-6841 -3414
-8177 -728
1039 -4477
-6216 -241
581 7847
-2203 -520
-4875 -4514
-1784 -6407
330 -9498
3111 2602
-4391 -6252
-701 6783
7689 932
-1562 4062
-4023 -2239
-619 -346
5082 -3661
2369 -6411
3969 -8823
2895 2582
8083 5858
-8173 -745
9384 -2407
7723 5081
-4740 4297
-5293 5107
-7154 -5320
-593 5898
1918 -7070
-302 -3092
-875 -3952
5848 3210
548 8475
8537 1107
5253 6807
-7781 4548
6023 3954
2781 -6358
-280 7619
4259 -690
5137 -2777
1460 -1025
-1779 8633
-4576 3983
-1956 -2467
7360 4473
127 -4329
-3848 -7098
4675 7807
-4579 793
-3167 9085
-1641 -3832
7457 -5182
3929 1847
7905 -3236
-3165 4969
2905 6468
-6111 -5258
-3807 -4294
5124 6564
2158 5606
164 -2742
4143 -2515
-740 -172
3730 836
-5145 2697
-4574 6741
-7273 628
-1309 7034
-398 -4902
-1894 6509
-152 3813
1926 -1472
5404 -5698
-7461 -4969
-7760 -3711
4662 -7241
9618 2663
-8106 -4606
3775 -943
3355 -5230
-3451 -9056
-1563 4278
2524 -1707
1434 3112
-5472 5978
5511 4926
-704 -2410
1546 -3352
2159 6490
2210 -6754
4562 1515
-5407 1601
8851 2133
-7184 -2112
-2182 8527
-1334 -5705
3088 -8102
2065 3602
2850 6333
5131 3634
2404 -5846
8764 -3736
7382 5717
7430 5709
-1553 7899
1542 -2236
-5065 1246
-4309 -6709
2502 -3116
-2809 -2804
-8129 -3264
-4187 7469
6821 -3584
972 4697
-2576 8459
1680 4586
-5941 -1506
5382 2519
7222 6313
-7981 -4983
1714 3776
4921 120
-9123 -3025
3819 5959
4806 -8154
1409 7376
-7688 3881
5942 -3831
440 1986
1311 6052
-738 -7103
-8016 -5717
3638 -406
-2309 -8525
-317 -5424
3491 6306
2271 -5604
6357 6717
-2937 -8644
2681 8411
-7179 6739
-2291 4634
-6420 -6325
-2577 8038
-2911 -946
4395 8328
2841 4575
6931 -5727
-7405 3823
4264 -5273
1156 9587
3245 -7342
4800 -72
-7269 289
