3645 100
37 38 15 5 74 80 80 56 71 97
8839 3539
6054 -7097
3714 -6376
4459 5652
-2706 3955
-330 3113
-9843 -471
-1035 -1787
3469 -8071
-888 -7639
424 -8538
-5673 7055
-1818 2458
1636 7569
-7164 -6286
1109 -8747
563 -1227
7408 -4303
3806 6544
-4970 667
-6857 3382
-9623 -1327
-2288 5989
-1862 -1245
-259 -6724
-4256 7110
-524 1918
-5237 1666
7949 2955
-9973 -107
2767 -5171
-6677 1805
-5521 2660
-2558 5609
1759 6643
6829 4358
-1069 5212
7409 -429
6664 -2147
9373 661
1097 -1045
-1475 7674
1613 5270
4878 -7418
-152 3132
-8191 -3514
5074 5786
6641 -4233
7196 5159
5779 -6865
3888 -7400
1058 -8603
6810 1114
2392 -5129
1014 -1012
-2921 2796
6158 4696
3917 945
4063 7762
-3622 -1118
-646 -1078
146 -3494
-5226 -5596
393 3890
5162 -3537
1840 5261
126 -7538
9632 1289
7093 84
-4000 1516
5002 1953
-7349 -4600
1251 -645
1831 8840
-6531 479
-4020 6991
8326 -3061
-6687 3327
-9946 646
-7505 -721
96 6536
6277 -4987
-2450 4364
-1368 -6707
3469 -3809
4825 -833
-5141 -5452
4963 -1467
7073 -5596
-6434 -5798
191 1543
6241 -5029
-7210 -6420
4387 -6232
4035 -159
-6912 -1734
-133 6504
2972 -7514
8886 -2568
-4306 -174
-7503 4691
6625 -4855
-1666 -6304
7305 27
-2542 8531
-5474 3449
5769 6123
6439 6319
-712 -6890
4271 -3067
1119 2748
-7878 -942
-5231 580
-1674 -7323
2339 -1875
28 4917
-6341 7148
1244 3081
2212 2438
979 -3740
9249 392
7086 -3995
-3202 4792
-4367 6811
-9425 697
-5045 -4376
-4322 -6143
1707 -210
-4935 -6458
8126 5450
-5297 -8450
1021 -1650
-7595 2135
-4633 -3539
-1340 -7890
4717 -747
94 -6207
5696 -4801
7418 -3152
-1764 4091
3166 3117
6563 5351
-3269 -9176
-3277 -6696
-5414 6185
-4798 -6876
8026 1289
-866 -9310
4330 3584
7377 -6528
6834 -4008
-8819 1569
-1071 -7501
-7432 -112
25 -8843
5159 2259
-1230 -6754
-6510 -6031
-2671 -1708
-3725 5685
2734 -1818
306 -5585
2442 -1285
-8734 3515
-2644 7218
1712 -6991
-757 8494
-4648 7331
1730 -1690
-5760 -6973
-2689 6064
9049 666
834 -5279
2107 -3575
7078 -5446
-3525 -1851
-7541 994
-4670 6118
5828 3146
-1618 6566
-4813 3835
-3208 -9334
-5441 1238
5979 -4915
-7144 6356
3929 1394
-4829 467
-5645 -5392
2233 8574
1308 1473
-5095 4840
-6349 5406
4181 -1352
-5914 7740
-6487 -5126
-6734 4490
6035 -6097
-7552 2843
-25 1162
3987 8728
-8021 -4013
6626 298
-4028 7421
-2847 9161
834 -4180
5103 -6753
-842 3865
-5637 -814
-8124 5701
-938 -6306
3942 4623
5318 5071
543 4200
7847 -4075
-7495 -5654
168 8998
1147 -4639
6928 -136
-7188 5759
8463 1838
5903 -6855
1818 -2961
-5526 6601
-3555 -1784
2362 -346
-4209 2597
-7600 294
2820 6082
-6320 2968
-4533 1883
688 3799
1210 -7167
6569 -1281
-3598 -6955
-3827 -6714
7921 982
-3608 1611
8504 1317
4700 -3989
-2278 4434
5806 2699
3914 2779
2396 -8062
8853 -768
678 -9319
-2780 4123
3635 32
-1421 7675
-50 -8030
2194 -2687
6648 -4136
2333 1778
9278 2688
-2020 8417
-5804 6711
703 7912
4393 224
514 -1950
-1869 -3964
-6643 2296
1298 -9256
6784 -6262
771 663
-1019 -677
-9900 -792
-74 -2406
-2852 -1015
-5928 -3776
2399 2695
3424 -41
-643 9150
3465 8762
-6379 -2017
-9584 95
1538 -9564
1863 1462
-953 4963
-698 -2054
4231 -7761
8914 -3878
-1643 3703
-39 -6639
-48 -8982
-8852 -2310
976 7324
-8938 -635
-5804 -2328
-1137 3923
1894 -6855
-8381 806
-7506 2634
-3385 -4670
-468 3580
487 586
-6061 3365
-7506 -5556
-4135 -3714
2844 -3807
-7710 209
4774 5746
6271 -3217
8810 -139
-1124 9333
-467 2117
4244 -6035
-8062 -2212
-8884 4027
-3698 -8466
6957 2827
4652 3186
-3336 2470
3267 9107
6348 2919
8582 -197
9464 2250
-4411 -2309
-4283 -4099
-1706 7515
8010 364
-8889 -173
1191 526
1561 4064
-7571 2678
-130 -4982
4495 -8897
90 5685
5229 -8393
-539 -6488
1942 -9165
-5126 -6741
5221 -4023
-7041 -1256
-1102 2350
-188 -2179
1458 6661
-5262 -8385
-2924 1607
-8692 3940
7176 4182
-6941 1058
208 4303
-1889 -9733
-2023 -1883
-5707 -2499
-4560 -3634
8427 -3693
1244 -4284
3893 -2337
7679 4110
-3496 -578
3283 276
3830 -5215
666 -1104
-2104 -248
-476 4083
-9027 1861
-4445 1391
5696 -7781
4371 -8706
-8253 -2279
6674 6378
-7591 3432
-7160 5705
495 220
-3141 -7986
-1944 -5811
6023 3245
-5202 6686
-1534 -6114
-2839 604
3425 -3297
-1430 2724
7442 -2936
-6645 7418
-7056 -2505
1634 -3714
-999 4390
-5538 -4077
-5508 49
1366 -3464
6086 -3092
1478 5403
295 -5194
3291 -3600
5587 -6007
-2437 8707
-9439 3146
-7185 -3204
6204 4328
4082 -677
7102 -5744
-3991 4047
-33 -3922
-175 6813
8459 564
1833 755
9408 -2912
-2129 -7251
-4163 -2934
6676 -1006
-614 -3212
3271 3253
5195 -3332
3482 -7409
7536 507
1256 -3426
1892 3695
-4739 3125
-4233 6255
-613 9979
827 8921
2724 -6151
-2113 -5724
1122 2604
2619 4427
5564 8086
8180 -3113
840 7885
-7277 3446
-8747 -1086
1666 5426
-2287 1404
5736 -4678
-2128 -2063
-8829 1577
7877 -4760
2651 3199
-2638 1603
-123 6720
-840 5052
-5351 2668
1607 -88
-2517 -4908
-6293 -5756
7781 -5285
-6738 6437
302 6996
-9752 -1797
2856 5630
7067 3360
-9118 -3623
2232 -5859
2336 7556
-7889 -5146
-3136 1706
8063 4756
2092 -3293
-7488 1489
-5073 6924
2358 -5824
-1113 697
-6256 -5336
-6153 -3186
1952 7733
3504 -5980
-6763 3006
2456 -5165
6197 -4703
-1076 -6283
762 -2820
9789 1731
177 2184
-883 5860
-4453 2367
4290 -7236
6299 5737
933 -8160
7154 5580
6580 -7491
-3876 -8051
2845 3278
-2481 7729
-3193 -8056
2251 6140
372 -4018
4746 -566
-6544 5517
208 9318
5033 -6231
-238 3657
-8958 -1532
-4929 -7347
-2092 -8224
4369 -8627
-7942 3416
634 5542
1580 -2611
-2354 254
-6595 -1041
5282 3892
-710 -6700
7996 1709
-3500 -431
1441 -4078
4914 1794
-3187 -4143
-3627 5463
4396 -3340
3051 -336
2954 -2304
-5669 3187
-8760 -4522
8873 3931
634 -7210
-5123 -568
-7958 -5680
-2817 -6222
-7055 5687
-1165 5429
-4175 -3104
-5060 1211
3574 3231
4218 1033
1024 3713
733 -8415
-820 2028
-4427 -7872
1610 7963
-5118 2599
597 5033
-3865 -1287
-8290 -5520
6215 -4183
-432 -3709
-2027 -8582
-4963 -379
-5845 2649
3685 2901
773 -2161
-4198 772
-2254 6809
-682 -8587
-8461 -417
888 7410
5647 -7579
4485 -4831
-7115 -2649
1335 4586
5936 -3572
-8046 2228
-1295 -5580
-8889 -3289
6944 -5068
-1510 -2125
-4927 6918
-1109 -7531
-8843 4167
9017 4304
-3654 8977
258 -5935
8103 148
-1694 -1041
-3927 -8346
-1773 -7363
-4998 6742
-7492 4136
-518 4064
1945 6095
-4529 5504
1273 4197
-2016 7569
-618 -6596
-579 7767
556 -6246
6377 7124
4627 7336
-443 -2393
-2385 -7579
-1287 5489
7237 2306
8166 1940
3364 8428
-4145 5598
-2503 -7518
65 8103
944 5572
91 -2463
8955 3288
-213 258
-1335 9570
-3945 -3761
7724 4402
7807 -4267
-3499 9295
3316 -9285
-3695 -7321
8391 -4310
-1295 -8960
-2962 2379
-2068 -446
4143 -4592
4696 -5647
-5456 -7418
4821 8468
-6280 -1820
-5504 -1285
2464 -2655
-3266 74
-1280 1803
887 2358
-3796 -141
-3423 -1142
3703 7053
3733 -8780
301 -7647
7533 3481
-5067 6164
6068 7200
-7435 3892
2967 3945
-4237 -3313
-7390 -4778
-457 -1946
-2798 -3203
2788 2972
-2572 -7899
9276 -464
117 8939
2136 4529
-1404 -2917
-4857 7299
8310 -1160
-4999 5121
4079 -7881
7092 -6939
5015 -7243
-1961 7125
-8316 -5388
-3009 -864
2280 4
-2759 3123
1011 1617
-3537 5278
-132 786
166 -8246
574 -2145
4718 -784
-8815 -1982
4772 40
-7915 1676
-1546 -9044
-8548 -2442
-391 -4689
-1181 -6370
-2515 6143
-6053 6834
-1521 8855
1658 -5442
-510 -4138
-4366 -2057
927 -192
5446 5134
-1958 6161
6089 -220
-9643 851
785 7096
476 432
-2499 -975
8442 316
65 6126
-3176 -6769
106 -7347
842 -4094
-2488 -3951
8592 -4259
6904 3986
-5590 -3171
-5919 6962
6861 -7135
-543 -3795
5368 -280
-6862 -6738
4805 -1562
-3142 9090
-9394 -2185
4560 -2412
-2146 1121
1317 7528
1242 -4673
7870 5799
-994 -3507
2372 6889
6470 -7243
8319 3968
2671 -6015
5774 3376
4959 5558
-9694 -776
3161 -2260
-6144 -5640
3107 4008
-283 3091
2035 3077
-3916 7669
-6881 -2025
-6614 7470
-3068 -7200
-7642 -6223
4224 -7020
-3712 1128
2834 8307
9680 -612
-7613 1140
1118 4487
3585 -6309
-1637 3095
-1861 2445
4961 -4704
-9918 933
8949 135
4609 -8727
-4713 -1201
7371 721
5901 -1150
4680 3646
2229 -7752
1903 -1966
4093 12
891 7723
4227 -1504
4175 -6070
7771 2730
-4547 4715
-5620 3505
-3158 -754
-4218 3819
2111 -9074
-1419 -407
312 9518
2809 -6451
7481 642
-6456 -4800
-231 -6952
560 -4700
4634 -746
1336 -8869
976 -7753
3158 3409
-7373 -1874
7495 -4291
564 6697
-3374 -8561
4446 8546
8528 -1144
3747 -8218
-6039 -2919
3446 9046
-3054 -2519
-473 -9684
-5391 -2954
3353 187
-3237 -9029
-444 -304
1077 -1364
-1900 4556
-1076 3026
423 4229
-5016 -8648
-823 -9269
-7302 4285
-6292 3423
2900 -1662
-1338 9773
-4869 4482
7813 2416
-5287 5386
-6134 2708
3216 5618
5293 -8415
-923 -6478
-7024 6390
-874 -6414
-1087 -9427
-8823 -2461
-4810 -1978
6093 -6477
-7091 839
-3082 7333
-7433 -1723
-668 5445
6776 4477
-230 -7279
4003 -884
-7524 5836
-6958 -5093
9284 -1847
-6928 -6960
-8660 -453
-4052 1621
9501 -1679
-3276 -3098
5815 -7347
-2751 -8734
-790 7925
1368 5622
198 9561
3956 -5662
-6233 3434
3868 -1966
4915 -2171
-3287 4137
5229 -5459
1767 -3242
-8389 2751
4743 6926
2841 2788
2082 -4954
948 741
5146 -6106
-2202 4479
3169 -5384
1598 7802
-701 123
3635 3666
-1072 -3500
4656 -2856
1937 -858
2837 617
-8240 -3410
-3894 6533
-5559 -3820
-5659 -1493
2900 -3244
-8337 478
-2422 3026
9430 -611
5477 5831
3269 -1329
-4967 -5188
7376 1011
-4089 3853
6461 5663
-294 -6042
424 -1910
4487 -7998
5250 -2885
-4459 -8883
-1973 4863
-6965 1417
-50 637
-5154 3946
-114 2537
3697 1834
-4663 1316
-5151 7827
7046 -5870
2007 3954
-1886 7587
-4382 4722
-959 -8677
-7050 -6501
-6680 6493
-3099 5305
-2087 -6698
8986 -443
4364 1597
-5475 -6419
-775 8476
9680 2057
-33 4230
-1273 -2709
2809 -5015
2629 -8889
6266 4868
4148 223
6170 1730
-4536 4468
169 -7513
-3370 4026
1701 7256
-4070 -8
-5620 -5850
-696 3972
419 7116
7699 -5179
-6096 -2451
5633 -6666
3756 -6791
-8717 1774
-4353 -7766
676 -2901
-5817 -7761
9499 -2096
3998 5877
-3629 1884
3490 -4893
-7415 135
-494 2547
2101 -6973
-5044 -1973
5076 4864
-2384 -5973
-3668 -1024
-6165 3907
-6710 2192
3029 -409
-8353 5155
4743 1715
-8272 -5479
-7550 -1358
-933 7431
-6663 2438
-1830 -3873
2238 3119
-4831 -228
5679 6869
-8859 583
2190 -115
-9555 -966
3518 -5285
7982 -3362
-5081 6469
8946 3579
9197 -2253
-824 -2955
-7917 3653
-2350 8961
-116 9589
-9332 -900
6898 2569
-1466 192
-9387 635
2456 4737
-5197 7071
1308 3946
-5117 -462
2924 7494
-2676 -8376
25 1160
-4933 -6723
2189 1129
6338 4130
5019 -628
-4376 8773
-643 138
3059 -3096
-7437 -3215
-4922 -1071
-5582 -6186
-1931 822
-5035 129
8643 -563
7162 -5591
-7578 -2850
2658 -4792
-7054 4216
6790 -827
2679 2442
-5729 4984
-6048 4521
-2882 3863
-1073 -2939
2674 9206
-720 -7477
3778 7798
9521 -957
3120 7518
-584 4979
5425 -955
-2856 -1060
5168 126
4255 2617
2426 -1782
-3669 -9293
-4174 -323
-524 -7203
5044 6205
4620 3205
2524 2012
678 -257
1706 -3513
-8605 2568
1357 -7104
-3319 -3092
-1516 1556
-3496 -2856
2874 -3722
1877 9063
2081 -6145
3465 -1754
6381 -3909
-9139 -2295
2462 6049
6001 2642
-3644 -3921
1604 2960
-551 1542
2811 5537
-5843 178
1012 -6830
369 -3323
2984 -1360
2051 -843
-7131 -6748
4381 6880
-18 1042
-3650 3191
-2331 -159
2781 5415
5214 7249
-5625 3829
1821 2070
6687 5161
4571 -6256
6146 -4445
-7219 -5679
2851 -3210
8931 -202
-2174 6219
5043 5553
872 -9098
2343 6772
-2673 4810
-2148 -8920
8211 1608
-3449 -3492
-5690 5840
2110 -9234
978 2402
5797 7689
-2062 -6337
-8084 -5190
-653 828
-233 7269
-2749 3630
-6192 -2667
3117 -7946
-3153 1321
-1664 6651
-3638 -3334
7327 -1605
9391 615
3618 -274
5766 6945
-142 -7680
-3066 7387
4120 -449
3915 -5447
6392 -7234
-6048 5037
-3642 6233
5826 4978
619 -3220
7094 387
9476 2537
-7713 -4658
6533 -3844
4645 6299
7106 -6222
-8392 18
1335 3458
6795 -3093
9792 1341
-7874 -2400
-6319 277
-4152 3532
-8725 -1438
-3037 332
-4383 -3993
-6896 2369
3076 8485
-2698 3901
5885 6154
-3049 836
7197 6343
7360 -320
-4020 1778
8523 1840
-3588 -6313
4416 4945
-7787 -2607
5213 4756
1428 -62
3589 -2791
6906 5361
6019 6183
6796 -4614
723 9523
-908 8049
1324 5514
-1637 -4270
9125 -2534
-9809 710
-6464 -4507
9190 -1137
-5813 5938
6071 -5315
1885 -5742
-3874 6945
-256 -2139
-796 9729
550 1055
4615 -7984
1501 -6875
3390 -2965
9386 2856
559 7524
-9175 3163
8241 4707
-5789 -5771
7775 -552
-1096 372
5269 -3420
-5610 -6191
-20 -6037
-6749 -4107
5524 -1070
698 -4628
2833 5093
-2164 4604
-5940 2819
3162 -8700
4351 -5033
-2125 6762
3535 -9212
-687 -9956
1080 -4108
4866 7518
5673 3013
-4385 7784
-8485 4930
-8318 -270
-9670 1820
7996 -2930
4575 5725
-5467 -1074
5870 937
27 -4163
-3475 -1677
5168 1517
-1365 -1106
8386 -1779
6637 -5062
-1967 -7700
6889 -6816
5399 7864
-9811 -1510
9321 1852
2578 3986
2809 -9220
2910 8302
-3766 6223
1306 1208
-5761 6746
-5869 4536
1866 -2098
-447 7748
-3857 4280
1574 855
-8983 -2784
-1245 507
-4328 5787
2495 6799
8409 4314
-14 7298
-6719 -2529
-8132 1819
5400 2567
-6838 -2654
-6445 4272
8090 5426
5969 756
1701 -9716
-269 -2132
-3687 59
1629 -2454
-7240 -4135
-8959 -3305
-557 5220
-4896 1816
-5743 -5977
-5946 -5775
-6727 3096
-5422 -7527
3615 3667
-1217 -994
5028 8104
-6958 -2177
-788 2045
3218 5018
3590 1904
-8027 3714
-2635 -6914
-7449 -2432
-4582 -4136
2961 -7961
1801 -8675
7767 -4989
8196 1847
4208 6763
5336 -1562
-4734 -6973
-9539 -1913
-2749 -788
2999 5410
-6513 1735
2915 -5715
182 -4413
8200 2444
-4428 33
4584 -8617
-5589 -3940
3828 -4782
-5787 1420
-1242 -2236
2153 24
2949 -6527
934 -1811
4436 8712
-2123 -5623
993 -3929
-7261 -461
-4225 -1492
-3674 -9260
4611 -1652
1877 5288
-7557 4446
8190 -3443
4464 4249
-2465 8040
6378 3786
-1096 -2383
-5942 2177
3073 -6089
-5054 1626
6829 -5258
-1926 3750
-3088 3179
824 1685
5772 -7493
-1681 -7586
6610 -27
7408 1198
5781 142
-2080 -3003
-4819 3638
-7655 6311
-3866 6693
6800 -5845
-4365 7677
-4378 -1369
-7074 5725
3098 212
3258 536
-4123 3517
-3559 329
666 9260
4101 -8627
-3729 5303
1793 -773
-205 -3383
-1821 4813
5443 -3681
-3735 -6887
-6231 3341
-7740 -2834
8056 -2748
-1088 6032
-385 -9940
-2338 6778
-2294 6323
-6600 -6478
-4711 5670
1525 7148
5329 8063
5769 -1091
-4100 8032
-2401 7190
-103 -8970
-3208 -8793
1955 -3895
-4688 5194
3149 888
-7197 5342
-2384 -4305
3530 -7182
-292 1394
-2065 -8722
6102 -774
-6099 5189
-4705 7302
7326 -1799
5435 5664
-7696 -6177
-5488 5244
-7179 -931
9389 -1655
-3123 4422
-2606 -5977
-6146 7271
-5002 -473
2937 709
3772 -134
-6882 4431
3734 -3582
-584 -1169
-8606 -4499
-2090 -4244
-3648 -1191
7301 -5730
-5893 -6743
-7663 580
-293 -765
-790 8046
-3734 -4074
-4935 2911
7993 -611
4275 2209
-4757 4553
5336 -7215
2355 -1751
-8998 490
-7242 2029
-4363 -4493
-213 4464
-2609 -7579
-9740 -895
-3825 -6231
-9626 2047
-6756 -6972
-3778 -1154
392 -7636
5878 -1975
-6160 -5348
7571 -1667
-896 528
-658 -9357
505 -5225
-3251 9314
6860 9
1705 -3529
3674 -4166
3610 -7072
-5616 6889
1714 -2776
-784 -644
2580 -1851
-3088 2303
431 -7489
-3819 -1794
712 -2793
-9265 1034
-4404 -4725
4493 2490
-8169 -3863
-5155 -3973
-5027 -8485
-825 -8498
7313 -6597
6950 6523
6223 3058
2001 2859
480 9766
5990 1958
3527 5989
-4673 -2387
545 -2181
7714 5871
-1350 -4864
7014 -1477
3253 -3463
-1576 -8843
-8142 -734
-5995 5523
7355 1545
619 12
-5062 -6435
935 2801
-5739 80
422 3447
8812 3035
-7397 2179
-1463 6148
-2219 4812
-5622 8235
-170 5748
428 -1522
6589 4422
-1722 -4183
6894 2219
5120 -6111
-2642 -1842
-8373 141
-7041 640
5691 1362
-1325 -8179
-3226 -5368
-4757 -2546
-1470 -7654
2044 -2196
6675 2202
-4987 -1329
6356 7028
2321 6613
5861 -5257
-7539 -5001
8604 -2424
-12 3751
-1041 8426
2822 -629
4612 1350
379 -827
-9000 -1735
-3196 -4003
5847 -2732
-8001 2390
8006 -1514
3305 2205
-2018 -2901
5767 1867
5153 3609
1798 8690
892 2693
5318 -2178
-652 7775
5899 -5203
3030 -2239
-607 -7214
3066 -4572
7776 -105
3569 8485
-3651 -8965
53 -5321
4336 -5442
7030 6349
-2474 -3610
-3785 -8644
-8904 3190
-924 1584
1085 -2974
7064 2820
643 7121
1744 3175
4315 -6438
1311 -5434
-2767 9517
-4748 -691
9019 1800
-7503 -6211
-919 7956
8422 319
-584 -2206
-180 5203
-4294 -249
4847 5055
3088 -8424
2110 -699
-128 5167
8145 2287
5316 -5053
1740 -4412
-435 3399
-1321 -2596
-3465 4433
3607 3184
-1561 -941
2612 -69
-346 -51
-2935 -5293
-3235 -1724
-8368 -5115
6586 -1837
-5195 -6126
5516 1587
-6150 1549
-401 -5082
1110 2619
-3234 4290
4092 7231
-3361 -6937
-6042 -3269
1171 6090
-5364 -4019
-9497 576
-9059 3539
884 -1620
5732 -1711
-3308 -950
-3726 7351
5153 -8042
817 -1523
2172 -3489
3082 6487
-59 -5367
-2852 5848
2090 -3632
-4526 8915
-2837 6404
3263 2802
-6419 -728
3385 -8391
680 -3782
8574 3280
3970 -1494
-3817 3685
966 -3586
3193 -141
-4793 7861
-8187 -1997
-2038 -497
-6430 6107
-6080 5608
1845 7839
1702 3442
9348 2689
3136 1825
-5424 1730
-632 4041
393 5637
-4989 -5941
-840 -1026
3587 -7822
2038 8264
5817 -77
3787 -2799
-4773 26
-5912 -3518
-4753 8435
-7210 592
1374 -4070
1447 8141
5624 3137
8054 3567
-947 6855
-3382 7403
4517 -2434
746 9122
-4662 289
-9280 772
-460 -7144
-6985 4020
2921 3180
5693 -1124
9033 2237
-6852 2031
-6707 5131
3018 -8201
-1702 -4595
-7730 5763
-1346 -6607
-5812 1284
-1458 4383
-4291 8993
-3109 1891
-2334 3884
-6330 -3330
-115 -168
-3955 2318
-5030 -2426
-2963 -2496
3469 -9094
9325 -1634
9844 1022
-5078 4129
-5678 -2524
285 6569
2085 -7938
-701 3086
170 4363
7873 -2357
-1196 9140
-8464 -856
-2228 975
-2163 5500
6902 -6610
7368 -2081
1854 -882
855 9202
-8117 -3411
1999 -9189
-2912 -4293
960 -7217
-8825 1806
-3339 4651
15 -8778
1865 -2585
4187 1809
8085 2631
5048 -1919
-1309 8170
6384 -5588
9211 -431
1735 5889
-3395 -8781
-5198 1048
-6498 6092
-3281 3071
7650 -3321
2234 7406
2565 6649
-3593 9118
4066 4069
-1636 1746
-3468 -7657
8928 3252
7114 -2005
-3748 -27
-4671 -3216
-5893 495
-1147 7146
-5463 1540
1081 1618
5851 7274
3218 -5318
-1511 929
7608 2185
-9219 702
1450 -9038
-205 7500
2688 -5212
1993 7531
-3193 -5304
5000 4267
5773 -3050
4962 6324
2132 -5354
-839 -6748
-6556 -6591
2878 -8014
-6086 7381
603 -4734
-9387 -3165
-3745 4422
6227 -3441
-6376 803
-6713 -6771
-2383 -3414
-1855 -7006
-4924 -3043
-3886 9055
-6965 827
-1662 -1910
2238 -4751
5930 -1085
264 4180
-6091 1506
-4473 8060
735 5933
2068 -9680
5601 6612
-5427 -5124
464 8559
-608 -684
2253 -1438
2162 944
-4849 -418
-4710 -1791
7261 -744
-3967 855
1214 -171
1848 -4584
-7746 1281
-2689 -624
-1180 7383
-6523 4004
-8877 -2924
53 8917
-347 -5364
-7208 -4905
9206 -3272
7850 -3804
6868 6476
-3774 5536
-4764 891
1189 -5203
-1237 -108
-1141 4196
-3440 -2444
848 1245
7527 -466
-707 -4526
4091 7050
4382 2816
-3262 2002
-6430 -6792
-8392 -2644
-2644 -5222
3152 2148
4966 -585
3333 -3232
-3746 7649
-5793 3031
-2640 2820
7819 -5470
5050 786
-552 -9450
5188 -456
6051 484
-3343 -713
-6777 6297
-166 8251
511 -2294
6500 899
4948 -5025
-2517 6707
-499 -6761
-5011 -5190
-8252 -5025
6960 -4511
204 -4499
1367 -7183
-510 -6407
3494 7322
2693 -864
-3332 7110
4981 4090
-429 -8089
2783 1274
1672 -7440
6848 -895
7268 -878
-679 3753
7207 -6489
-7432 -5406
-3386 1869
-4247 -3063
-7357 4284
2382 -3049
-3424 4727
4691 4193
7806 5083
-5031 -2378
-8787 4
6128 -3548
7374 -316
-1666 -1684
3552 -1873
-1768 -5507
-7892 2925
-6832 6891
3760 493
3140 -5512
3774 4653
5245 4843
5989 5969
4610 -1106
2166 -9196
5532 6020
-7108 -1227
-4591 -5182
1945 -3684
-6066 6338
8078 3106
314 -9660
2383 5298
-1879 505
5060 -4114
-769 3743
-5429 5657
1828 1273
836 -3558
5480 978
-7306 -4822
5187 -5263
-2787 -7660
-7898 -4595
-1974 3084
2452 -5883
3410 -7041
-1602 -6299
6276 -368
-6346 2280
-5886 -1157
-4817 -8201
1055 -1008
-1392 7255
-5368 -5305
-4891 2143
143 -1683
7714 -6330
1873 -4104
-9871 552
-569 661
-6078 -164
-350 -7475
790 1960
-3329 -3625
5615 4211
-2904 -5701
2013 -2325
-5679 5329
1489 -5269
2858 -3246
5042 -5269
-1808 1648
2237 -576
-4424 2586
3014 -3842
578 -4784
-7065 -5935
-8458 -4801
8672 638
763 8698
8700 -2053
-4162 5690
-1393 1726
2787 -8500
-3411 -4756
7184 3967
-6936 2041
-4260 8423
-6068 -3128
-4386 -6123
-2052 8401
-8194 4722
7147 -738
-588 6398
1398 -9215
4853 -6575
1165 5914
4671 5516
-6194 1404
-6572 7210
-2595 2089
4401 -5956
-8707 417
6520 -5466
2027 534
-3244 -3887
-4758 -4437
1474 -5315
-6701 -5785
-8260 3952
9954 -482
2464 -4521
-5742 -3667
-2872 93
-5110 6884
1654 9851
6586 3227
-3706 -6163
-9838 805
4713 8799
4989 -7062
-3341 893
2819 8652
6426 2978
-940 -595
3004 6641
-8693 -2378
3471 4112
-5960 -6254
-8137 -681
-8577 1635
-3942 -7743
-6134 -460
6180 -3686
703 3904
8256 473
3719 -2591
3748 -2079
-2172 3944
4841 -8651
-8949 1951
1691 4550
4669 1607
-5480 2150
4916 -2619
-5820 6895
-2389 1980
6837 -3519
469 9396
-9607 2658
1874 6314
4035 -2319
-2787 -9091
4702 -1681
-4474 178
3590 3984
8474 -2842
-3937 1931
4387 -266
1015 -9035
-9136 -219
2504 2990
-9545 -937
8492 -3124
-4317 1792
-3751 6912
-3831 -7753
3745 5818
-6650 6936
8684 864
-9618 -1027
9052 482
5675 3224
-6495 -3909
8930 2418
-495 680
4155 3408
-6509 1014
-6964 -6267
9264 664
6212 -6711
206 -9055
-8918 -696
3159 4331
-5647 -8000
5814 4005
4467 7403
3577 5409
6528 2403
7512 -3254
7661 -3039
3278 -9386
-5941 -4041
-1111 -1257
-5378 1048
6154 -2412
5448 -6598
4794 654
6893 1752
4650 -7081
3084 -8827
-6337 -7707
50 -6039
5009 6442
5442 6324
8192 -1142
-311 -5476
1330 -462
2467 -8770
-2989 -1610
-2527 -9401
-2817 -8327
8238 -5507
-1296 -4430
-306 9882
-287 714
1626 -9720
5145 -642
3854 -8573
4282 -4070
-4073 -6451
3332 -4605
-5519 -7006
-632 -2018
-3667 5936
7662 3024
-5820 112
4387 -4128
5654 3069
-1786 9466
171 1384
-2078 -3174
-7377 6262
-5020 -7186
1613 -9642
4130 -2014
-3912 4529
4260 6829
1094 7591
82 9009
3627 -1286
-7063 -183
3933 6988
7326 209
-8265 -2018
-1275 3907
1530 1394
-5358 -8285
4979 3516
-1666 6394
-5471 -2160
-3311 6994
-3757 8736
-1321 3201
5192 -1531
2584 -8362
8129 -5199
-1843 -715
3319 2614
-3781 1622
2803 -5237
-8197 -3199
-3087 6054
-819 7587
8636 4704
-4880 -6421
-6457 1718
5722 6102
-796 -4047
-9784 -551
7409 -4274
-5234 6480
-2077 -3163
6400 5735
-9133 -3577
2995 -4943
2229 -5962
-1270 3492
-6055 7081
-9953 217
-3188 4439
5180 2208
912 501
-1037 -7566
-7586 -4722
6056 5908
-6189 942
297 3960
-568 5417
7420 811
3777 7223
2427 -6411
5901 7327
540 -482
7818 1822
-9685 1780
-3316 -1943
-7622 5040
-5543 4717
4909 -6368
1662 1599
-5877 -7409
-2422 2104
-5085 1434
-1471 -4586
-2827 3566
-6648 -5139
-826 9613
2290 8797
-6484 6193
1840 607
450 161
2746 1650
414 -9034
-9640 2185
-3958 -7934
-2242 -8162
3083 1846
2386 2590
-4606 -5255
2776 1889
2424 9592
5224 -839
8296 -1162
8296 4056
-8359 -4517
1114 8830
7434 -732
2919 9515
-6748 5315
-2047 2000
4172 246
6182 7327
-2014 5692
-4118 -7050
4554 6609
-1974 6246
2420 -5650
5473 3264
-7821 3624
-1528 7753
-1041 -4467
9662 -2438
-1817 -1551
-2427 -1855
-2495 269
-5620 -2616
-5948 232
-4782 1348
-1176 -1819
1405 4596
4236 -6633
2379 3999
956 -6453
-3543 3489
2100 -5344
2387 -3340
747 -6325
-4842 6945
-7926 -283
-5485 -7290
-3617 -2557
6110 4016
6342 -6933
4133 -4872
8565 4157
-608 5915
5598 4648
-2512 7023
8340 -223
-1807 1344
2008 8594
3852 -8337
-421 6199
-5809 -2075
-1580 7915
-993 9285
4988 -370
2179 5604
3845 2192
8252 -1222
4058 -7151
4929 1616
-4722 -6357
7181 1444
6195 5653
-7627 -1278
-5983 2222
-5532 7754
-9120 2680
-1731 -828
682 -7508
-3639 -2573
1558 -307
-478 -606
1413 7790
-5142 5644
2665 1173
-4442 1887
-906 -8545
3086 -3379
9293 58
-2404 1661
-8415 704
-6722 1597
-4697 -4191
-6880 3172
2939 2092
-3477 -6891
7146 -6474
-2120 2840
-6719 2774
2867 -1737
-7268 799
5245 6675
-6264 -7454
-5449 -2509
-641 -6192
8541 1936
6042 -1375
-8767 -3429
7320 1229
-4798 4856
1915 -9319
-3036 1482
117 2251
320 -5521
-1542 -9659
4777 -8551
-3278 -5722
-2710 -6717
3369 -4346
-7989 -1819
7121 3513
-3018 4693
-443 -4747
3075 -5398
-468 -8004
2874 3533
737 6642
5898 -5227
5300 -2684
1888 4692
-6993 4591
2119 2402
-1708 -5074
215 4757
435 4789
-3498 1323
6754 -4179
3350 5076
-2059 -4751
-5727 3652
-4805 7870
-2975 -7410
-1128 509
4937 4536
3617 -3246
6822 5644
-568 7124
3933 -2262
-3117 -7053
2228 -4990
-9235 -1286
722 -9780
146 -431
-5468 4996
-1993 136
-3537 8328
-3417 7077
-3244 2304
-1666 4189
-1514 7233
1555 -2207
4122 7400
2954 -6499
-132 9647
-4023 -948
7553 2168
997 -9364
5161 2716
2651 -2652
8653 -2080
578 3952
-2873 -895
-5133 6464
-3422 5961
2454 -441
9232 -354
4211 140
-5447 -667
-303 -6694
237 -3694
-5486 -3198
-2098 7212
3550 -8638
-5430 4144
6534 6718
4753 3818
2537 4768
-935 -7319
-2071 8399
-2440 -1345
5068 -3050
3027 8299
4249 2914
-1507 4486
5811 4632
1922 112
-1241 -1236
4030 1652
-8118 2675
-3526 8444
-4499 -4235
-3657 9272
-629 2732
-1172 8738
-6433 -2151
-5998 -7718
4548 2534
215 9360
-252 -9860
-8081 -3533
4372 2970
7186 -6150
-7154 5589
-4043 -8764
1639 -8814
1128 -8051
2359 5404
3856 -6520
5931 -5242
-734 7151
-57 8400
-7955 -5397
1396 3868
652 6915
6371 -7206
-6111 2106
-1380 -4940
-8362 -3083
-540 5911
-6880 -2428
9172 -1830
-5669 2051
-8480 182
-6745 -1913
5295 8139
2747 1919
-4629 -7451
930 7732
-4707 -8157
-6489 5882
653 8021
3258 3430
2635 -3991
-6645 3509
-1128 2724
966 6895
-5225 5254
-3926 -8376
1301 -2221
5042 -6957
-7527 -4434
5152 -2533
-5542 8137
-3047 5900
6184 6827
9382 411
6034 5111
-8274 545
-863 6392
2504 1273
-4285 -8497
-5894 -7719
-9698 -665
4742 -2256
3424 -4880
3122 -8713
-977 -3083
-1385 -6788
168 1208
8573 36
564 -9145
-697 -4566
-1920 6209
8231 -3714
5481 7876
2980 4033
4782 -5999
-4722 -5272
4465 -27
-1798 7582
3347 -3240
-187 -9458
-4189 7537
-3630 -2787
4432 6706
-7012 -2826
-1826 -2995
3129 5490
6588 -4684
-2095 -7554
3795 2923
4832 1327
1181 4671
-809 -2160
-5301 8398
6278 -6427
-2851 7322
184 -8268
7320 268
-5720 -4131
-148 -9042
-4635 7966
5805 641
-5750 -7520
6334 -1398
-3579 6179
3249 149
9447 1692
5621 710
3335 2133
-705 9505
544 5646
-4364 -5798
-5128 2466
-6790 -3625
-7219 -555
-4854 6010
3724 9248
-6409 1553
7707 5799
-2104 -6756
7012 4219
-964 -2100
-6290 216
1292 -2267
5497 4648
-296 -6108
-659 -2841
6540 -3424
-1876 1368
-1211 7353
769 3658
2551 8896
-7099 -5372
6744 2504
3051 -3116
1671 2824
4320 6504
4266 4514
3448 -7460
1573 -9526
3124 627
-1217 4265
994 4955
1172 5884
-7607 -4468
-4310 -5469
6047 7476
-3918 -718
8962 -94
224 5124
-8746 495
-2038 4061
-9049 3551
4208 -5873
1856 6780
-2694 -1336
2652 -5400
-5513 263
-5320 -6095
-7830 3482
6644 2002
3884 6467
-2132 2064
414 9256
-576 3525
5414 5240
-5795 3004
7782 -1049
1702 2968
-7745 5719
-3629 -7390
-1773 3841
6585 4937
7133 1504
-2480 -1758
8346 -867
1556 -4761
1742 -2414
-2906 5184
3289 4076
2922 3141
4701 182
-1914 -9297
8518 -356
590 2646
3280 -6382
-926 -4479
-7809 930
-76 5685
-262 7486
-1128 1840
5689 -5845
2229 -8988
-5114 -4656
-3065 -693
4280 -1659
-681 195
-4490 -6780
-8007 -3427
140 6360
-2136 6925
3767 1323
-8893 95
4585 2227
49 -2699
-8428 3016
-3837 -1696
-1419 -874
-7319 1895
-3702 2531
6926 -3344
5155 -2470
-4893 -2109
2478 7209
3209 1885
8502 -4294
2053 -9620
8166 4493
-1230 3550
1201 8555
848 9412
-4377 -3370
-7619 -2213
-2602 -9072
-5349 3632
8598 80
8921 -799
2001 6084
2824 -9108
-1838 -4213
-7101 6565
-5222 -626
-1634 -560
-7208 4365
-6281 3431
6173 -7835
2907 -6088
3080 -6124
-4393 6378
8410 -5155
4747 6465
-4298 -5687
-4540 -6433
2651 -5481
-6699 5754
-7692 3767
2080 -5021
6192 -6231
-3335 7317
-2735 3007
-1330 -9847
-7262 -4190
4430 -3132
3796 -8256
-7365 -4653
6361 7409
5945 -1164
-6253 -851
1744 -4706
-3692 -4857
1500 -8245
-8415 -200
3345 9049
7029 5769
4854 -7816
-489 -1409
-2408 211
-8221 -1931
7978 -1765
-1955 -7355
-6628 2571
-1979 -4992
2560 -4996
-982 2236
-3304 -7977
4365 -4262
4339 7743
2754 10
5035 7561
-8374 2441
323 -7145
-8706 -4547
960 7604
-7508 4405
6042 7116
-2644 8522
7639 3580
4037 3880
7883 -1968
-2479 1600
598 4907
-1688 -3693
-4334 931
-4686 -4195
8546 4143
-5452 6096
-5749 8001
-2187 6437
-541 -1422
-2575 -1005
2512 7885
-6966 4087
3253 3108
2306 2224
-2849 8976
-3822 1481
-1574 5943
8080 3823
-3929 -4784
1169 5829
4967 -6633
-3381 -454
-7172 -5380
878 2539
5906 438
-4244 -7120
1962 3950
-846 -3724
-2663 2711
-8203 668
3462 4642
-164 5589
7234 5611
3646 554
6082 -4678
-1162 3845
-1067 -7870
-759 1568
5671 5085
-6867 -629
7223 -4036
2613 7711
4350 2061
-866 -1150
4018 2893
-9139 -2948
9878 1050
-13 -154
-1140 4589
-1355 -254
3439 -6548
-9344 1320
963 7076
-782 7664
7181 -2071
4074 7635
3889 -6767
-1241 3891
-2039 1720
43 -5488
7802 2533
7483 6590
-5647 -4522
533 4544
6398 2827
4410 5854
4350 8958
4466 7717
6198 3410
-5027 -6267
-4103 -5299
-148 9410
4889 4589
5682 7640
6849 -3956
-7809 3632
-5875 957
-662 6416
1119 3804
-5637 -3901
-5802 1803
2264 5918
-6033 -765
-8735 -1388
-4643 -2727
-2689 -48
-4923 475
-758 -3565
-4756 325
-501 9788
-2737 7907
3436 8156
-4544 -5636
-5407 -7047
3518 9205
-7659 2996
1584 4917
-2945 9019
-387 3838
7819 -2433
6295 -2734
-1649 -6482
3559 -2229
-3227 897
-1549 7449
1536 -8344
-367 -1231
2066 3638
8227 4073
6842 -4758
2108 5262
2390 5528
-440 -5051
7644 -4134
-4067 3484
2529 -4141
5568 -144
3285 -6819
2239 8100
-3836 1176
3997 1241
1266 6492
-2326 -4828
4604 3380
-188 -5277
-2242 -8649
7135 -6406
-7838 3177
-4450 7050
7621 53
-8783 -1244
1534 1656
8412 -1579
-66 -251
5394 4005
6392 -4758
8745 3668
3290 -384
-9345 -3422
-7339 4856
124 -2426
-6474 -2531
-7740 4753
6809 2759
3570 -2795
6781 4979
4488 -5007
8701 3519
-1735 -9280
-5014 -4477
5239 -4519
-920 -862
-4572 -2982
-1813 6803
-7723 -3145
-7318 4274
-6882 -6740
1613 45
-2449 -3918
-1545 -1599
-412 -3875
928 8861
4539 809
2947 -6088
4388 8929
-81 -9491
-3401 -7678
-1700 -9562
-7018 3191
-4990 4671
-8492 -652
-8375 928
-4836 -1593
2094 2561
-8115 967
-5397 7329
4686 6479
-8025 -1184
-3430 5036
-2137 4502
5979 2743
-895 -7877
1472 2509
1549 9179
6292 -5219
-4038 -3711
2508 -4277
2580 7334
-785 -9165
-1420 -44
-1282 -2803
1351 4679
-446 -5470
-1073 71
-8387 -1127
4697 1739
9255 -2630
-2426 8368
8855 -2022
-8860 -3474
8500 -3462
3761 8133
-5856 -4884
-3620 -6306
5842 7375
-5445 6047
-8116 87
409 575
-2481 7608
5624 5523
-1988 5927
-4292 -4463
4499 2442
-5386 7897
7181 1200
1650 9164
5357 -1044
3155 868
6874 -5988
3398 7810
4569 2792
-3856 1466
3338 8366
-3896 4043
2838 -615
-7254 -5082
4944 -5266
-376 -1916
2577 1661
6908 -3649
8808 1907
7669 6317
-4973 -2922
4587 7691
-2876 7726
-3589 -9250
-7088 -3499
577 -1399
8162 -1754
6767 4509
-6240 7550
-7685 741
7389 -934
-4664 -3983
-4553 5122
3120 2488
6496 4307
-3991 1659
-6371 -5783
0 2614
-3303 3352
-313 -5028
9756 -1829
1298 -5923
-9024 2258
-8501 -334
-7159 -2762
-2267 -8221
4206 2771
1959 4857
707 1681
5981 -7815
8461 1473
-2968 6588
-717 -1015
4939 -5680
3259 8700
-5535 4287
-8514 -4531
8511 -559
3959 -3216
1399 2254
-786 -2842
-3249 -6428
-3957 -5999
3441 3919
-7023 -5757
-5245 -5155
6934 -4318
7589 -356
2220 -3355
8023 -4746
-7689 -4633
-3999 -6038
-3984 798
964 2756
-3199 -6828
1309 693
-3235 -7985
-3643 5523
221 5396
9461 -309
-5362 750
587 1831
-788 -3908
5559 5831
303 -9257
-5876 -7528
-7598 5021
-410 8971
911 4097
-6179 -66
-2660 5726
2752 2617
7019 3025
-2452 3205
-844 -3750
-3771 4039
-1510 -8521
5422 4963
3289 -4507
-5992 -5810
-7206 330
-441 -5422
-6528 -6891
-7284 -1311
8736 3596
6349 2949
-6196 -6316
-1923 4473
-3022 1306
-5625 4208
-727 -1686
-4019 4995
4881 791
1330 1186
3771 7023
-700 -3937
-3270 4447
-3296 9050
-9295 -2033
9230 -2885
-5948 7703
1372 9273
-3611 -551
-3083 -8979
5255 7862
-1881 775
7173 -6952
2559 -1290
5967 -2888
3245 -5392
-4046 -5316
4724 8746
-1196 -190
-1803 8464
561 -9116
-3216 -5121
-7621 -4005
-7894 -1666
1195 -3078
985 1088
-5688 -2978
1769 4401
-8342 5060
-4037 6921
7498 -4444
-7552 2732
4518 -981
838 3401
-8145 -4979
4251 378
4164 8560
-1175 1112
-5095 5723
-5969 -6372
-69 -7222
-4450 7945
-2540 2877
-1225 -7027
4889 3885
5374 794
-9053 -495
1578 -2270
7980 2755
982 7601
-2264 5022
3430 -4564
-2063 2905
5579 5765
8188 -5407
-8708 2981
4238 -2379
-7844 4959
-3804 5225
511 6282
3762 8292
3115 -9390
7566 1867
-874 6382
-9947 144
257 3129
-2000 320
1699 8588
-2996 2187
-2334 -6037
-131 724
1674 656
-2494 4413
6968 -598
5507 -1039
-3524 7872
8078 -5618
8466 4671
773 -701
8138 261
-8530 -2886
-2586 -2030
625 2535
334 -4066
201 -8700
-5753 404
-4630 3123
7970 -5393
-1739 -8809
-5040 4270
-1600 -895
2059 -5950
-7005 12
6555 3833
6783 3066
627 5110
-293 -5543
-1415 3955
-3727 -5871
-5749 818
-2906 -6954
2086 -8198
6045 -6851
-5831 -2449
-5321 -4715
-6761 6654
-6494 3953
4334 6765
1024 7060
1253 5978
-4374 -3863
3977 6074
5538 6773
4802 -6606
-3367 1438
-7535 4474
163 -6555
-2540 5431
-6819 11
5848 4460
3241 -5953
2493 -1873
1076 56
-201 5740
-1127 -8751
-4299 -3046
7519 -4686
3186 5964
6485 -4011
4582 -636
-1604 5350
-1608 -2156
-5438 -1659
4430 -6553
-6881 1842
6253 6340
-2279 -6154
-275 2503
9913 -726
-8583 -604
1173 -8151
-5116 -1086
-6111 -7508
-2861 2280
1104 5839
1379 -8894
-4743 -8484
-2622 -72
-8130 4790
-4164 -616
-4421 2831
-1289 -3358
5540 4337
-1296 -3560
6070 682
3561 -5562
8805 1459
5804 -2581
-6864 -4569
3979 3851
-213 3809
2717 -8693
-3964 -2479
6563 -1485
9431 -410
9837 1077
-6145 1325
404 -1974
1095 2907
1830 -7245
4600 -8387
-1442 -8505
1745 -7666
3765 6385
-6629 6216
-2891 5375
4424 -3156
2976 -6000
-5405 5097
745 7949
5582 -4325
-3583 -2634
-5523 1886
1665 -6562
2322 -4986
-2683 -6142
7338 -590
6198 3124
-8638 4871
-6282 -5367
5820 -1065
-506 6926
1720 3711
-9462 -2149
-1287 -8418
283 -9587
4283 -4266
8009 -205
-1262 827
6137 -7809
5512 -3522
-4478 5763
2084 2818
-1873 -8477
-6073 4534
4765 5446
-4449 -3191
-6621 -5352
4889 1886
1624 -6700
9445 -2685
2717 -703
2111 3836
8126 2581
2671 -9379
3650 2047
8627 1695
4538 -2639
1126 -5105
-2514 -4148
-3646 8936
9009 -3654
901 -59
3931 -7899
-3550 -4422
5039 6424
6168 -2021
965 1035
-4131 -4166
-7996 3790
5873 -5942
-416 -4695
-7568 3069
-2567 5282
-537 2144
4851 6306
-1982 556
5825 7205
-411 -1930
-5171 4119
-8417 1643
9340 2369
-5521 -1719
-9064 96
-514 2307
-8644 1556
3321 -5172
-224 -4630
-592 6145
1330 8418
-6037 6427
7690 -5637
2794 4124
-3723 -4373
9179 3568
-8103 5527
1457 2544
1452 7744
-3326 -8511
-2675 -1174
-7194 -1546
-6008 -5025
-5971 2467
-6709 3710
-9624 1674
-1089 -3278
-5974 1585
-330 8395
6340 -2852
-3396 5975
7110 -2931
-3429 7004
4322 8618
6051 -6452
1922 4677
7735 -2303
-2381 -3352
6695 5384
-474 2932
-3269 1262
-4246 -9034
-930 -7030
-9846 846
-2246 -7479
-8938 -526
-5553 2
2854 6909
5929 -4135
-3570 8809
-2195 5161
-4097 6209
-2419 -783
5045 7954
-7593 6393
3620 -3480
-4597 1274
-6845 1523
-9047 -1783
1388 9325
1638 -4767
-2456 -8384
1865 -1176
-42 -2889
-5733 4368
7172 2177
-1847 -6692
-7585 -1668
4880 -6692
-3971 8123
3645 -2346
2270 87
4398 -6191
7071 -6601
-2245 -8803
-5119 -5834
-9148 -2596
-3618 5449
-4431 7285
6095 -3238
5594 3987
6130 -3625
-5381 7061
-7638 -4798
3375 7032
-7871 -2798
4320 1980
-2373 5150
-9089 2658
-4357 5784
2640 -7344
-2886 -4485
-2707 -6
2042 8508
192 7160
5674 -6522
5396 1732
6566 3450
-4364 7377
-8586 -1743
3511 -241
6955 -3751
6511 3
3378 2458
-3718 -805
-7351 -2573
8852 -588
6376 -6103
7642 -5398
-3036 559
-199 -9092
-710 -166
-1793 2778
-8408 -2863
-8481 1286
2642 -8427
5435 5896
-2470 -9614
-4048 -6725
1355 -2253
-1603 4055
-4508 -5454
-3651 1045
3067 6086
-1799 -8716
669 -8680
-4712 -3896
4919 -3989
-6590 1529
-8549 -2887
-5659 3621
5217 -2105
-177 2726
-7355 -2518
-7822 -5292
887 -3670
-8549 -1962
1554 8639
3567 -5867
3452 4923
-1802 -1906
-6766 -3997
-5241 -5016
-4336 -6035
4763 -890
8777 2402
-7714 -4056
3508 -2544
3993 -5998
4762 7632
-7623 -4044
-2878 2872
-4148 4276
-4349 -1256
6592 5210
-1042 779
-1087 9693
-9443 2971
5459 7293
-7297 156
3574 277
4630 2491
-7747 -5692
-8094 -2432
-8486 4263
1978 3699
-3754 -3861
-2241 -7242
4876 8122
-4269 -2742
-6282 -3952
5589 4280
-4373 1436
7185 -4409
-8921 1301
-4302 -3133
1659 -83
9038 -1749
-4126 582
5512 4726
-3656 -6706
-2041 -5294
4842 6411
-8106 2271
8313 -3563
-1016 -235
6537 -2446
-2036 -1993
2067 -99
-4840 401
-8148 -4540
-288 -1311
-335 -82
-4754 -6949
-1791 -6025
-2436 -1620
1738 6891
2252 -2633
4308 8810
-8542 -3755
-2443 7284
-380 -1752
-1357 -6085
3416 -3970
-5929 1215
-3929 6997
-2267 7390
-4794 7113
1502 -9776
6712 5934
9635 -551
-8343 393
-8574 5100
6130 4428
-1524 374
584 -8323
-483 -1063
-5108 -6973
8662 288
-4791 8258
2138 4129
1682 -1995
-5588 -3562
-163 7404
1363 -5706
-1300 -7074
-8813 -4278
-3582 -4425
6291 4302
-2119 7951
2301 -7336
-3923 4765
-7209 -699
7206 -274
1682 5470
2972 8775
7133 5258
-585 9621
-4558 -3211
1915 -6900
9373 631
-5338 -3435
385 -7804
-4470 -3024
6591 -2359
-8812 -3317
-3387 8066
-1461 2794
29 2705
-32 7869
2179 -1754
8676 3753
6887 3988
-1346 6344
-4170 -5465
-448 3929
1309 6790
4639 5311
-5983 6296
2238 -8135
5744 -2603
140 -9115
2876 -1395
-672 6510
-3791 5167
3109 474
-2560 -6755
4374 1156
1984 1623
4710 370
2033 6242
-1192 9771
7894 1682
-1422 1591
-2132 6154
5832 -3526
6 -381
-5063 -724
-2423 376
3734 1047
-186 -5292
3207 6963
-4922 727
2157 -7127
-8183 -1187
-2337 -3854
8152 3337
-6753 62
-189 1480
-3817 -7512
8301 4750
8658 -4979
6522 4967
3398 -2785
-2489 7646
-5402 1582
-5903 1499
-8705 3984
-4820 6572
-5403 3372
3344 -5129
-2513 9088
4555 -2824
1581 8936
-3824 -2326
-7675 4285
-5672 2926
7678 -82
-5804 5256
5025 8491
3697 3333
2576 3633
1433 8685
-2744 -6280
-3370 243
8009 5342
7253 2982
7457 829
-5535 1863
-7001 -4252
-4971 -5133
-8250 5115
-1581 -4617
6564 2975
-5031 -6571
-2817 3386
4613 -415
2626 -4262
-1230 -2029
-4065 673
1719 -3403
7383 -3166
-2222 -132
-4515 -7756
1800 -9773
1830 2790
7619 3530
-91 2661
-1672 4518
-2520 -5899
-9436 -2266
-5299 7919
3656 4074
2878 -7838
6585 -4467
-2799 -2102
-276 -9740
-4957 -6800
-9250 1241
9255 982
-6271 6977
-3726 -4347
-4407 -1389
5307 -8349
2512 4553
-6515 -3681
-9156 2530
-1866 7097
-1030 -6132
-8078 -2721
-7288 -5439
-4045 -5925
1219 -7160
-8458 -2050
3498 -2082
7974 4769
5604 -1775
471 -5105
5510 2163
-7939 323
1527 -7071
3144 8067
-8130 -1158
4344 6452
-2988 -207
-7133 -1708
5385 -457
6154 2982
3153 -7733
6829 70
6436 -31
-3067 -8735
2359 6751
-6191 995
5534 -7323
2998 5684
5101 1491
-926 -2574
-7940 5705
-2921 -8998
793 8195
-9020 761
2455 7249
-5619 2166
-6552 5564
-2791 -1124
-6546 1572
6464 -2823
4382 5194
-8584 -568
-5239 6211
9553 -455
-8011 -323
5427 -2194
-3175 -6790
1384 -6507
-2918 5762
2603 5771
6361 2883
4816 -1612
-7495 2974
-1448 7485
3232 8000
-8975 736
-950 -3590
1066 -7946
-1570 -8567
5105 621
1381 568
87 3727
-1927 -7157
1377 4099
-1596 -6730
5446 7908
-5296 6690
939 781
428 -2314
3287 -1370
5803 -2543
-2345 -6200
6941 -2663
-2504 -3633
3014 -373
-9762 -1853
1075 5181
-7062 6118
2435 -9205
-732 813
3534 -260
5377 5740
-3166 -5808
2713 3118
-1249 4139
-4511 -7725
924 -8914
-5355 1588
7421 4988
5562 936
-1642 -1294
-3562 4591
7198 1671
2211 1452
1916 -94
-7265 -3732
-7727 -3035
1333 8630
4346 -5667
6834 3362
4364 4276
-5520 -1906
-6305 7093
3755 -6690
7202 -1118
3188 7369
8145 710
-6303 6866
122 7240
8062 -3307
7252 6756
-7842 -5887
-1978 6001
-6222 2633
-2499 -2314
603 -5744
-2022 -3625
-4018 6857
3930 -751
2570 -9142
4373 2210
-5709 5062
1231 -8905
-6559 7008
-5416 1213
-1768 3935
574 4882
-3876 -3194
-2276 -5706
-1690 -3981
389 -2018
1934 -3306
-5262 -1136
8309 -4333
-2 5328
-5944 1528
-745 -4245
913 3652
4266 -1268
-8888 -2173
-5350 -1559
-7187 -176
-2091 2386
-4418 4932
1039 -4262
336 8843
-9694 1532
-3055 1573
-6945 -2000
929 1640
-7840 493
-4320 -4979
-1550 -7981
3876 7745
-3323 -7026
7332 6690
9483 -2766
-275 4505
-3643 3279
332 8740
4025 7216
3344 -3666
6453 3067
-3785 -4739
711 -7518
2429 6184
2696 -9309
-6427 1557
4522 2305
2341 9104
1168 -2839
-431 -9885
-5260 -118
1743 -7534
6372 7387
7699 2899
3548 1248
3766 2014
-1529 -8870
-7637 4186
-2818 7528
3167 40
-3333 281
-4591 -1032
959 5840
1265 974
7584 4066
-5537 6615
-7787 -4758
6953 -5741
4429 8068
-5505 -7698
-9372 -1104
-3974 108
-7019 -1758
3436 2041
-5425 -477
5540 -7486
9379 -2938
814 8079
-5039 -5794
-8826 -1071
1940 -9639
169 5060
-2852 1335
