4320 100
84 34 62 53 75 69 99 97 98 63
-4629 350
2188 -6581
5915 -325
-6966 1564
3438 -3873
-2536 6621
-6757 1169
-4230 1759
2876 -938
3702 7983
-4091 5221
6494 -5524
-6306 -4710
1944 456
433 3530
3432 1663
3700 -4592
-4807 -4320
4059 -5328
-8941 -2623
-4328 7380
5324 6780
-7232 -3642
4290 -5613
-9136 1884
-1167 -1346
-2627 5388
-1195 2365
-5897 5039
-5939 -6132
-3043 2088
-3064 9324
7328 2828
9314 3409
-8163 5207
6809 -5978
1773 -8614
-713 2767
-1229 -8548
1424 -8104
7173 -3962
4658 373
657 -370
-3609 -4740
46 -2304
4181 4502
298 -9369
6893 -6838
-8872 -631
-1098 -7053
-4697 -8265
2028 -6637
7511 5062
8666 1344
2070 -2799
-5865 6952
-2781 759
-4852 -772
3096 -3520
3789 -7372
6204 -3538
8721 392
5232 -2147
1514 -7828
2658 9078
9666 2175
7529 -4860
1359 196
-2168 8014
5997 -234
8877 4199
-4558 -8231
-3391 2816
-6231 5574
3451 5345
5459 -6199
5231 3989
-5954 -3411
-4700 -2988
-8379 4582
-7057 3119
-6197 -7767
1562 -9006
-5683 8050
-1260 -7862
-4913 -1672
-7113 -2139
-1431 -22
2897 2445
3605 -6204
-4427 -6298
-2009 -4458
6463 7039
-1278 7208
-629 -6625
9107 4083
-8201 -1920
4156 6425
-9052 -3505
-3689 -2010
-9438 -736
3090 -1746
-3489 1835
1132 465
-8737 -1148
5789 -6769
4500 -5182
4623 -319
5927 5576
-2987 -5135
3208 -284
-1288 6212
-7252 6696
1882 -5213
-6197 6224
-3956 -3141
1341 6549
7980 3037
-7104 -3654
7115 -5169
4466 -7108
-8092 -2960
5909 -197
7302 -1371
-4831 -5870
-1496 -4713
8614 391
9403 1321
-5588 -1897
4991 -2361
1184 4861
9126 1148
-6330 6634
-1030 9036
1415 30
8182 -5256
2912 -1200
-1537 5369
-4931 -3136
7471 4860
7325 -3635
-1210 -7374
86 7634
8592 1509
2010 6847
-3946 -1917
-3699 -9208
-2336 5864
9095 141
-5838 -7454
-2042 710
-5105 203
-8123 1393
-3261 7431
-6223 3129
-3072 -6103
4270 -3772
-23 316
5418 3534
6040 -5937
-4467 -8070
-5042 3549
9640 1828
-8082 3260
1330 6359
-5502 900
-7802 2323
-4137 3721
3276 3999
-1957 2355
-2861 9210
-4593 2002
281 -7854
7209 5182
-528 -3208
5419 4619
8705 4483
7819 216
-6732 -6050
-6451 -7591
2340 6972
-6294 2789
494 1289
-2750 1765
984 2741
-7316 3564
-3597 -6522
4115 3067
5888 1781
-7243 3813
-7875 685
113 -2397
4033 -693
804 -4175
3479 8290
2756 -8464
587 8769
6342 5991
-1614 8560
-514 9640
1878 -6307
1879 -5749
2290 2821
1824 8937
1636 3607
-2057 5119
670 -8878
743 5974
8501 3737
3489 3784
1762 -4014
6133 -6915
5208 -7132
-26 3752
7198 4803
6949 2354
1247 -3695
3566 -894
-4679 8332
3168 -2066
-721 9433
-705 8493
-276 -2995
-2919 2220
216 6744
-1317 -2097
-1067 -9601
629 -5494
-8024 5111
-8011 2186
-2007 8378
4925 -4563
1810 -7624
-5094 -7282
-5933 -1789
-8732 1388
2319 -268
-655 870
6717 196
1815 -1295
712 -378
1774 -3014
-1907 -5812
-4123 3347
4404 -2894
-2142 -498
-3534 447
-486 3630
-4739 1294
-6952 -1577
8850 -2265
2232 477
-8622 1550
-6692 5852
-1091 -2007
742 6042
-5618 3086
2539 902
696 -7724
-6068 5256
115 -450
374 3311
4813 6855
2857 -7995
-5284 246
-11 8111
8507 1881
-6611 -1111
2555 -4882
9750 -2066
-548 376
6465 764
-4115 -6568
-370 -7674
-4640 -3337
-3675 993
-5563 -4453
3024 -2790
6032 -157
4016 5372
3078 -4621
5550 -5890
-5860 -7156
-1744 -7041
-5017 -7389
550 -4238
8831 -773
-5076 151
-1813 6637
5522 -5445
-1515 -1233
-3129 -5226
-3114 -2331
9812 -1468
9492 -1792
-8111 767
1739 -818
-716 -9055
-2653 -6969
3353 -8760
2794 -24
8655 -1221
2001 -837
-3316 -8145
5276 2979
-5109 4766
-6297 4249
8797 3544
-7451 5435
9147 -3179
1491 -2616
-3726 5183
-1863 5506
3561 -8011
7519 -3553
928 -7517
-9140 2673
-598 4379
-6831 4030
-8046 -5489
-3136 -4376
-5306 -8275
-3076 -8025
2370 -675
5321 -7115
26 -2781
16 -4072
6954 -1743
-6454 4481
-651 -7818
-5022 -6104
-8579 -1294
-7806 -2842
4850 -7728
-711 -6800
-9092 561
4031 3893
2187 1044
-1688 3623
3269 -78
-8380 680
-758 4208
-2956 -1542
1198 5066
-6319 7483
5953 -4869
-1762 -2801
-1991 2117
6867 -972
8263 -2162
-6480 6108
8147 5390
4692 -2432
5717 4073
-1245 -8114
2650 1535
1360 6537
3201 5819
-7328 -1034
3435 348
775 -3954
-409 -624
-2807 -9132
4556 4733
-1980 -2593
417 -2880
-1257 -821
6327 895
248 3636
1655 3397
1295 6488
5099 -652
-2221 1273
5113 -3527
-5361 1408
-1759 -1379
554 -2633
-1490 7538
-7395 -3356
8022 1126
2872 -1728
-4822 1394
-9035 292
-2543 -4743
3289 -4010
4585 5751
1655 2719
-1361 -3872
3323 5577
5559 -5333
1711 -6147
-929 7009
-6626 6161
-6322 1755
5002 6689
2883 -912
-6022 6191
-214 6131
8963 -2514
-9674 -874
8530 -3653
-24 -1445
9789 -395
2674 8462
5986 4782
-4723 1099
1931 -5738
2093 -5084
-6068 -5566
-6363 3761
-762 8645
7650 -1085
363 1130
-3511 7591
3767 8861
-8197 3172
1643 8299
-4402 -6530
2484 -2089
-1359 -2589
141 -9315
-4851 -3111
2880 1585
3176 8489
-3219 -2834
-6832 14
-2040 -9429
-5063 -6977
-303 1440
5122 5695
8915 -370
-7905 -3958
-7618 4114
-5788 1964
-7447 -2403
-2255 -6729
-6176 -3064
-398 8634
3220 -4042
-8662 -1330
420 -3281
-7831 -2946
-6380 6753
1958 -6115
-7851 4778
7018 2352
-4059 3461
5689 -7449
-893 -4213
-1275 4063
-1460 -2064
-6270 1321
-6472 7130
388 -8138
1697 -8940
-2721 972
-8038 -982
-1199 8871
-5947 2877
-1630 -9581
-7219 2939
9331 -2995
8083 733
-3442 1777
6974 -6507
-6499 -4281
1973 8524
2696 3914
1143 1810
3423 -7650
-32 1840
8161 5005
-4340 7194
-116 -4554
4740 4992
-5127 4770
6340 -6203
3906 3125
7972 1709
1683 -2130
-2984 3291
345 -3467
-7325 -3153
3070 -4241
8957 -1561
1868 -5090
-2933 -7129
-2151 8938
-4258 -2490
-6182 -835
6295 -3248
7508 6215
-6718 -2031
5512 2768
-6111 6482
-4378 -7650
-3486 5211
5640 -4092
3031 -78
-640 6456
-6568 -722
-836 -4754
6885 -585
4057 -3370
-2825 -3641
4811 7032
-857 -5774
7085 1235
-2771 3652
6388 -4286
-4986 -1418
-6456 5563
-4893 30
-3857 -6624
-3780 -2713
-183 -5362
-3377 -7409
-3371 -1264
-283 -7848
-456 -9532
-6879 947
926 4965
4455 -131
-1435 8615
583 -6423
-1871 2322
8084 3431
-7887 2903
-7511 -6196
9768 1148
5506 5653
-2597 2136
-9473 -1503
7536 652
-2434 6781
-4201 3397
-7524 -5039
-994 9115
-189 -7560
-761 -9818
2703 8792
-244 -950
-5644 6987
-6358 -4734
4460 3687
917 -9182
4154 -8611
9433 2183
-3748 -763
6976 -5871
-1032 1443
-1393 9195
-4577 -3772
486 -2781
1302 -7845
-4237 -9031
3724 -4152
2032 1349
-3850 1743
3180 -3341
4965 3205
3285 7350
-1052 -8885
3575 4815
-9258 -2956
5170 -8120
2239 8598
-2878 -9058
-3836 -6209
-9455 -2840
1238 5421
-3676 -3852
-7807 667
3185 9131
-671 4490
-3966 5736
791 5975
4263 -5813
5312 -40
-5032 -8367
-1399 7919
1516 1398
2537 1447
5959 -6775
9405 1548
3756 -1567
1363 -5148
6432 347
-6452 6773
4349 6893
538 1043
6000 -5172
-6917 -1554
-3033 5548
-303 -1505
2958 6888
-5602 1124
5821 1572
-6587 -6265
-3131 3965
9591 1481
-1480 4641
-9573 209
6508 7398
-355 6650
3988 -1393
-4839 -6932
-4446 7044
-6610 -2109
2588 7206
337 3566
-7362 -1226
5890 -1339
7660 -1663
4212 2685
-3509 -791
-4146 -5056
-4785 1532
4552 -159
-777 6825
3122 5404
-2822 -9367
-452 -6408
1111 2119
2064 7728
2065 -7167
-553 -6882
5659 589
-3939 -8824
-9071 2134
6540 1715
3063 2187
-4222 3069
-299 -2786
1194 -1032
4480 647
8829 813
4491 6634
665 -6668
9688 -884
5303 -6293
2470 -6716
-8710 554
-2520 9109
-1475 -8782
2290 -30
-1041 2814
-5673 -2716
8187 -461
7701 1328
6667 -6648
-1124 -825
-7241 -6177
-5120 -3115
7348 -1511
596 -7910
-1410 3750
-3452 -2571
6768 -6474
-833 -2384
-8792 -355
-26 -123
-4864 8031
869 3913
3325 2365
3192 8567
4340 -788
-5032 2393
-7658 -175
2227 5366
-1489 -4577
3408 7071
2968 -90
-9216 2597
-7738 -3511
-2755 6482
7788 670
6421 -4958
4638 4419
-2047 -6580
-5288 -2726
510 1088
4838 3130
5565 6580
-1282 3364
-4370 637
-7513 2482
9135 1426
7239 5999
7722 5622
3400 -9069
-5222 1911
9187 -2346
-1653 161
7738 -5432
-3510 9111
4500 7066
-8818 -2613
-5001 -7694
4307 -6828
-873 3946
4435 3659
-2177 3191
-3341 -2898
-3236 -8630
-6631 1502
2778 -4477
-6706 4626
460 -4571
3428 -5498
-5718 -6004
195 5859
7920 3663
-1643 -9637
-3392 3344
-6400 2636
-2769 -3397
1992 -8730
-6792 -3981
4631 853
143 -1404
-313 -6508
-2884 -7479
-1891 -5599
4267 -1569
3238 -9385
7998 2723
6311 3177
-3290 5981
-1359 5703
-9672 -567
-4057 -3442
-6831 1325
-6541 -4292
-1826 -7681
-22 5962
9377 -2954
-2732 6438
-5374 1323
5379 -6583
-4314 -4877
-2313 3781
1882 -3674
-1206 -6253
1217 2219
-6351 -4107
-367 95
-2690 6625
-1643 6350
206 8445
3360 2901
-221 -2276
939 6607
2360 3336
1781 -491
242 9601
1837 257
-3111 -4674
25 -7609
-4476 6265
1627 -1784
-316 -8912
-1949 -7059
1377 1683
9513 2109
6936 2038
3397 -2661
-6512 -3940
-3178 -8872
2557 736
5667 -3659
7500 -3239
-3602 -3109
-621 -4460
-8724 -4284
-89 5735
867 -8477
2249 -8361
2354 273
-2125 29
2120 8845
1861 8183
-1370 -3162
-1978 3450
1466 6693
1939 -7905
1467 -4110
5936 -2868
6997 -5526
7457 -337
2334 1588
93 3604
3747 -3180
-980 -253
-1119 -9422
-990 -7735
-3589 777
2750 1166
-3864 -3530
-7133 2368
-5189 2275
-9613 1323
-1696 -8314
-3310 -4948
339 -9644
4229 -2374
4277 -6989
4135 -7439
-4140 8893
1105 1101
-8775 -2217
-684 5481
-1748 -742
1709 -7473
-5513 -6427
4644 5924
-4539 8804
-3206 -7359
-6089 -5883
-3149 9370
3184 3184
2358 5988
4599 -4279
9723 -1245
-3416 -8001
3122 6903
-4808 7819
-5129 3739
-2212 6292
-8038 188
-6043 4952
-4611 5586
-5867 -6380
-7685 2435
7152 6229
9302 -329
-3896 7948
6437 727
-3958 -3023
-2259 -4229
-697 -9882
-9168 -1480
-2517 5523
-7398 6499
7429 2679
571 8141
3573 4865
4741 4189
5074 523
-7112 5412
5780 653
5578 -1953
9354 2471
7208 -4632
7582 3631
882 -4890
8107 -1753
-2711 -4583
-5339 -2671
-5283 3815
3202 -5364
6554 794
-4357 -4610
8636 -205
-8829 1699
7055 4648
8073 -2742
-5331 -4098
-7803 4170
-2800 -6022
2541 4856
309 1613
-8173 3477
8108 2946
-7754 1871
-811 -6366
2890 7584
-7288 3187
-8040 4972
4241 -2388
-7906 -3046
7068 -4774
2430 9369
7044 -486
7765 4066
-3565 -3864
5000 -6628
2831 -2241
-6172 -6088
2886 3970
3553 -2965
-4172 -7529
-260 -2507
-8078 -487
6807 -278
2657 465
-3503 2764
4284 -3743
9174 2962
-4066 8071
6924 -6326
5712 -3762
4487 7911
2482 6624
82 48
-177 7623
-7493 -1057
-1692 -7938
-6833 265
-7633 1042
-3222 2450
2582 -2536
-6574 -7127
-4934 1927
-3568 -5730
-8323 -2415
6365 -1103
6933 4076
-7880 -2912
4204 6966
-377 9759
5648 -4430
46 7601
6256 1326
4349 -838
-3247 -2920
1712 -2484
-9231 1456
2282 -6935
8770 -2475
-1051 -284
-2423 -4130
-3042 4998
-5473 3846
1350 -2242
6401 3556
-2366 -3832
-1616 2696
-13 6174
-4305 3392
-3814 -2193
-8370 4490
-1613 -2343
7819 3404
-652 -7886
-185 -9286
8761 -2723
626 -3191
-8787 -688
3824 8154
2488 -3296
-8092 -1968
-3397 -156
-3279 7852
-974 -1319
3503 -4092
-1602 5424
-1413 -3603
3482 6847
-4951 -1276
9042 -2068
5745 -3028
5162 -704
753 2355
1246 9052
-1048 1223
8535 1015
375 -5844
-2836 -9357
-690 5245
-2973 -4845
5576 4105
-957 6509
3124 2790
-2747 -442
2320 368
-597 -557
-5096 5937
-8626 -3997
-1441 1649
-8416 3165
-7679 -2063
3274 3718
5448 -6079
-2877 -9091
-3054 1806
-1565 7582
7514 -4102
-8037 -1231
2183 -6722
3080 -5989
-8265 5264
-1001 8466
3400 -8154
-8659 -2221
-2606 6100
101 -3675
-7410 6192
5022 -2579
2217 6363
-1126 4930
6461 -3840
6426 1167
3357 -6748
-5595 4115
-15 945
1445 -929
-8161 -832
-1450 -4871
6584 3703
-2183 -7199
-3404 -3460
3486 -3292
7563 -2912
6777 -2331
-4543 1935
2704 -8361
-9206 924
-5664 -3355
-611 -453
-4608 -4232
7380 -3475
-2117 -990
2905 -4816
4843 -3207
-6009 -2120
-2070 2256
-1404 8115
1236 6283
7006 6734
4699 4804
4109 -8113
2488 -2842
3365 7753
5927 -1491
-3035 -9383
3124 491
7203 -5325
2033 3342
2315 4529
-2253 823
-7327 593
2207 -448
-2402 -6971
356 -4830
7375 -1581
3115 5765
-4587 3299
-3765 3790
-512 8606
3809 1617
-7610 5795
5369 -5481
-5242 -3505
857 8342
5512 2019
-4943 -7828
5532 4722
1243 -3619
-5651 5192
-142 -2689
2560 -1312
2615 3562
4504 -7715
51 -5997
1663 -5205
-2949 -8292
-2178 9095
-874 -6027
-7619 -221
7821 4486
4094 6191
2544 2702
1707 -6914
-2299 -7098
-378 8586
-5836 -5051
1904 -6149
-5685 -2093
-3481 6383
-7215 1858
-3603 7367
7244 -4306
3991 -7189
5298 3060
-1372 7211
-5446 4306
-2221 -8232
1844 -4507
3982 6719
2136 2338
7085 7029
3316 -6383
-8004 3795
1398 8137
-8473 902
-1188 9818
241 -8068
-859 -3766
3094 5621
4103 432
-5089 6885
-8417 1211
994 5625
4463 866
-6495 -6032
5210 1060
3291 -8747
-2765 7447
-6361 1797
67 -866
3874 -7429
-3278 -3398
5467 4813
9525 978
6656 -3542
-1657 -735
1023 -907
782 1243
-4205 1692
-6452 6961
1527 6294
6648 -2247
-6002 5150
-7930 -6051
3935 -7345
9843 1159
9107 -59
-3323 676
-3628 -2385
-535 275
6539 2621
997 -7773
3830 -2795
-8674 731
1524 -3577
3973 -4786
-5385 7337
-3174 -444
-1389 -7441
-8633 -2013
-2735 4414
2778 4425
-5110 -37
-7694 -3223
3394 5025
2620 -4179
-9914 852
-5681 1187
9971 -717
-4725 1345
-5456 -6719
829 8983
-4345 7702
-4976 -7954
-1873 -4884
1909 3996
1308 1411
2593 -7207
4979 -7184
230 -5588
1481 4539
3540 210
6339 1052
2872 -8612
4951 -4039
13 2437
1819 8111
1692 8492
-5065 -3672
4298 4020
4134 2457
-6042 4758
-2526 -4726
-6065 -550
8439 -868
8951 -1575
414 -196
-5042 3654
-6838 -1652
1396 5496
1892 -581
4838 -1824
689 1247
1369 -6634
-5869 7503
-8 9520
-9066 2044
-1849 3825
2437 7627
-7452 349
5296 -3279
748 7737
-4258 -1090
9073 -300
5986 5355
-2769 -7886
-6759 1783
-6828 -3613
-573 -7827
-3239 -276
-1572 9513
3962 1903
6616 -4753
1315 5227
7408 -1473
6763 2841
3125 -1177
-3839 -6584
359 -7293
-3317 -5363
-8935 -192
590 -687
4314 -4463
-2732 -1269
-1589 -6155
4205 -4396
-6121 -5964
-7112 2772
-9706 1925
-8979 1767
4493 806
3822 -6212
-8523 4735
-5775 3997
-8563 -2267
-4296 -1091
3887 2113
5740 -1413
-1996 -4572
-1747 4607
-2659 -8023
1623 1596
7290 3202
5382 8340
4396 -1229
990 6831
-193 6743
-8190 960
6634 3234
6471 6715
3369 2937
8437 1241
-567 -2730
-8883 3776
-6765 -2356
3760 -7389
2581 -246
-6764 -5089
-6592 959
5451 -6127
-3160 4912
-1611 8868
-4666 -3549
-780 -5502
271 8572
-241 9576
152 -9134
-894 5920
-265 -2402
-2787 -2959
1411 -8291
-1650 7320
-667 8591
-2717 -8206
3772 3567
3452 6853
-406 -5397
5388 -6839
-1827 -6787
9969 221
5928 -6583
2376 865
5574 -1595
4448 7169
3327 2154
1053 -2048
-8410 -2259
2078 -3219
-1996 1541
5676 -6478
7538 668
-1166 2873
-4282 5786
-5837 5555
3465 2012
7271 -5274
2774 1697
1763 6218
-1609 -8742
7050 3247
-3150 -8187
-6571 -1903
5746 -7520
2809 5757
3531 3252
-5089 5445
3536 -9241
3381 -1876
3072 -399
-8412 2191
-4948 -4485
5814 -5775
1234 -6899
-7765 2425
-392 -2721
1716 -8460
8797 -3373
-311 -7779
-8492 583
7243 -4936
4012 7502
2319 1204
-865 5748
-6725 -102
-3625 8328
3238 -3145
1062 4954
9315 -1232
4621 6419
-8345 -4480
-7695 -1578
-2873 -3925
877 -5312
7496 -6077
6264 5008
1985 -314
-5752 -6791
-106 9302
-219 1770
-5917 3336
1380 -4959
-2441 3202
5869 3582
5667 -1098
-2488 -1779
-1221 -7602
-391 -9958
-4217 6005
-1004 -8614
1507 -469
-3150 2506
9356 -1273
149 -3317
1735 -8160
-4955 7070
-4611 3514
-476 70
7004 680
-4958 4613
5638 4635
-4262 -3328
-1234 2524
5239 5552
-2942 -1338
2989 -4794
5538 -6753
-4551 3437
-371 -9945
-936 -3882
3175 -2450
-8877 -4343
-3068 7738
2654 -9579
-1539 3935
9158 -2704
-8993 -4025
-146 9132
4170 -2655
7817 3297
-5312 1685
-2154 2092
2902 -6489
-1412 6596
6941 3554
-3685 -5840
7035 -3761
-3795 -3422
1418 -1946
-1126 -7074
2046 4689
-4598 8823
6536 711
-3069 -8452
4968 1432
-907 -1594
-2838 -1034
1104 -5303
975 -8026
1289 3233
2501 615
-5910 1137
-7619 3376
1274 3421
2644 1268
4505 -4923
6479 -2981
2542 -213
-4695 3155
2094 -719
-8908 2615
-9502 -631
-5083 -751
-4297 7522
5769 1271
-1507 -2574
3405 2099
9552 -2902
-7228 2379
-4238 -8999
2872 4144
-8164 -1368
-7595 -247
-482 8215
8979 3001
-4385 5476
-888 -98
-3734 -1063
8608 4011
6371 -145
2780 -7362
639 -6548
-268 -6470
-1611 -3858
-2113 9637
9150 -882
-5061 7197
7722 4599
2401 -5208
-3563 2620
3814 8376
5409 3964
968 -8606
5530 1169
3018 -9126
-1970 1035
-4145 1873
5963 -7918
-5996 -6644
5592 860
9293 1814
9308 1260
-1567 -6745
-5230 1003
5127 3925
-7302 6642
211 -2058
-3793 6859
5430 1544
-1789 3553
-3334 543
-5417 -4948
2589 4192
2420 7959
-7379 -3336
-9046 1961
-6543 -204
7082 1627
1583 -5668
9054 -4110
4476 -5216
-9953 915
5246 3943
-8322 2782
2792 8906
-4686 -8528
-2332 -2182
1637 -1190
-2098 2618
-3697 -8797
1802 6457
-1324 -1244
-3078 -9300
-4602 -7074
2088 -8010
8535 -3857
-4984 6720
-898 -883
-7096 2184
718 6170
5393 -3424
-4963 7448
5260 503
-6160 -6028
1120 2880
-597 1222
5753 -1778
-6480 -6118
-8102 3769
2699 -9543
-4598 -7332
7206 -1305
6836 138
-5649 -4019
-1624 -7835
8577 -1020
2681 7129
7327 -6610
7957 -4414
9263 607
-6896 4695
-6104 -5041
747 -6214
-5723 -5927
-4993 2558
-5894 -4388
1742 3681
4558 6548
2990 -6600
267 9386
2470 -3610
2059 3210
-4900 -6823
2123 6838
-9705 2389
-6843 -699
5111 6068
-1472 -775
-4592 -5361
7899 -2944
-5674 220
7787 2724
6737 956
-3450 -2268
-685 5560
4009 4324
-4511 -6073
651 -9164
3438 2945
5755 -1528
522 909
1254 -3752
5200 7654
3563 -2870
4406 7177
-416 9612
-5788 -3392
7817 2282
-8160 4434
-3190 584
-1884 -6944
7329 -2207
-64 -6237
4009 -769
-4010 4899
-1846 6274
4641 -7503
-7158 2723
9691 -1025
-2011 -8788
6491 -2297
-469 7124
-6291 4315
7545 3712
-2806 7244
-3188 -6277
2600 166
-4736 2640
-3266 9433
5053 -1311
-3647 -6032
7958 2444
1514 8320
3407 4241
5751 559
-5007 5243
2785 -776
4805 4852
1532 2136
-6362 4763
7985 -5160
5628 -3246
-2068 -3650
-3342 -4888
9359 931
-754 9958
2900 4377
-6354 -2992
9266 1954
-6930 2548
1074 -5699
-772 -7809
-1597 -6441
-3172 4025
3143 -195
4995 -7289
-1385 3871
-1964 989
2829 2418
-7779 2525
-1036 3110
-4049 -7264
2061 -2450
9458 609
-9860 -1621
6894 2465
2028 3107
338 -8958
3508 2946
4705 -1784
-4423 300
-7122 3139
-2728 3142
-4348 6342
-4313 8521
-3106 6595
2729 8391
6910 2474
-8873 -4474
3065 4955
-9390 2450
4654 -7703
-7635 -4913
-9234 1932
7804 -4656
3176 1758
6202 -677
-648 8574
-4424 2209
2070 7788
-4079 -5003
-5063 -4860
-3601 9299
-6476 -573
2401 -3323
3435 -3633
7985 -3606
-6671 5980
170 -9661
-5893 2595
3330 -6008
8583 -2099
-3563 -1360
-2522 -2823
4267 -1492
-3986 3533
-2247 -1483
2542 7526
9235 -1383
5530 2647
7344 -5443
-1166 9785
-1148 -8846
6098 2569
8759 3398
-7309 551
-6768 860
-6551 853
-799 -9812
1327 -7074
-5953 4651
5313 4053
7626 -81
-8758 2582
-4038 -2140
1289 2707
-1678 -240
5189 5370
-1327 -7849
3425 4458
-895 4994
-2079 9044
-2111 8019
-2258 8166
7073 1817
-8757 -4124
-2795 -4957
-7421 6086
8323 -5121
-4784 -1153
5842 7505
-3382 -73
-173 5269
-4662 3155
-661 1801
-6157 -4322
-1115 7983
7601 3689
-5252 -6973
-1691 -7017
-35 9072
4388 8959
-7099 2712
2670 3433
-5948 1447
-917 7115
3875 3950
-4442 -8559
3788 5619
6078 3251
2091 -5776
-5845 -7933
3112 401
-9063 -413
4784 -3455
7625 1100
-40 -8940
2509 -2308
-1645 -9367
-8063 -3020
-2061 9101
138 -8345
5902 -1468
5216 -5022
5870 1079
-9393 209
1257 -229
1879 -7619
-6291 -5947
4208 -3782
-4090 -7469
4384 4246
-71 3401
-2520 6720
-3349 -1887
1341 6946
-6366 -1699
-8607 440
751 9909
2358 4467
-627 8748
-3528 5511
8495 -3904
3924 -7985
5893 4070
-2452 2594
-9488 987
3653 5193
-2160 5528
-822 9353
1037 -3784
-6149 -2593
-2425 -35
1028 -9870
-7908 3156
973 7008
1525 -5896
-8049 1282
-3984 4293
-9454 -2820
-1318 1929
-7713 643
-2879 6516
-5448 5211
-6073 -794
7424 -243
1388 661
-5051 1635
7922 1563
4611 3471
4023 3109
2312 -5258
7783 -4190
-2987 -9338
5322 -1466
3557 -5016
-800 -3469
-881 -9063
-4880 -1788
-1864 3359
4556 -7521
9280 -3236
-6988 4928
5086 723
-4654 -2490
2261 -1308
566 -7062
2002 8793
8144 34
3592 5632
3671 -6041
513 -8772
1 -6072
7053 1337
-5707 -1060
-4692 8464
-1830 2095
-8086 4861
-3487 4727
6767 3750
2747 -7477
2922 8865
4305 -4445
-8381 -317
1604 7520
203 -5980
-6687 4947
-2376 -2368
-51 -9297
1264 3475
5220 851
-7326 -2350
-5126 -2805
65 9392
7541 -4531
-1310 -6290
-1182 -5652
-4375 2101
2066 -4613
-1686 -8791
237 6203
2729 -2525
-6124 -6581
1654 -7283
-6801 -4390
-8008 -3447
-1202 -9366
4305 2022
5650 6883
-9191 1360
8034 3026
1987 1518
6091 3424
-5644 -5804
-4218 4265
-9290 615
7367 -1902
796 -190
-6231 -1565
-6570 5949
-194 6850
-6104 4467
5914 -5349
-5470 -6196
-4884 -5472
5009 -6676
-2301 -5213
8825 -531
-4532 6701
1394 -7933
-5670 328
-940 3061
5896 2568
4581 -5184
8656 3332
-1199 5570
-7715 -1050
6828 1351
4011 -2940
-2519 4269
1900 -5229
4663 1845
8001 -5439
5298 4383
-5161 5091
-4784 -8680
-4211 -6412
3150 5753
-3553 4666
6993 -3105
5389 5006
6273 664
-4644 -1675
8282 -4992
6686 2223
-8590 2530
-1842 -5128
-2176 1343
-7495 810
-7210 -2623
-3495 -2420
1204 -4039
4477 -2073
-8898 4109
3121 -7743
2618 8014
7599 -3691
-1771 2996
-7246 1577
-1210 -6975
1743 -8735
1396 7195
-1229 -5871
7326 4786
4904 -853
6682 375
717 -740
-81 -9351
-3878 8641
-2298 9654
9197 3303
-3073 7242
-6636 6448
-1339 9286
2642 -6515
-2685 -329
9074 3960
5374 -5836
4050 -3189
-5904 3876
4466 -2011
7411 2207
7892 -4377
5207 5949
7121 6462
-2906 1242
-8777 -4068
-8350 -3944
-7207 -184
-3695 -3827
4833 4989
907 -1457
4778 -5962
-6975 4406
-3027 5090
-8194 504
-5059 1761
-2036 -2528
-9496 640
-408 333
7411 -19
5828 -3514
2811 -5785
-696 -3564
-5044 633
4883 3836
3107 -6647
4890 -3056
6518 -700
3904 5767
3479 3105
3209 7558
-8120 4433
5214 1765
6245 -3708
6739 2338
3732 8257
-1392 -2385
7729 -5978
8080 222
3412 -2365
-6672 2473
8017 -4468
-5001 5916
7655 -4640
4676 -273
-161 -6436
3670 3088
354 2337
2117 5254
7270 6857
7660 5525
1587 2899
4829 6052
2120 -4658
1162 -2454
-9601 -627
3678 -1329
-7312 -2010
-7243 -4110
8949 775
2638 -7436
6359 1053
8123 103
-103 8172
-5710 -6252
3223 -85
-7438 4112
-295 4600
6754 5380
-742 -8659
8571 -1381
2690 2676
2472 5615
-9752 -961
-4902 2780
-4105 8061
2125 -4176
1290 1035
-327 9193
-4648 3234
2933 5046
9336 -1299
-3009 2550
6321 -6133
-6311 -5139
-329 6971
3144 -1603
8471 -4946
-79 -3044
-3583 5225
-6436 -3119
7827 263
6732 -1170
6685 -5260
6245 2508
-2207 -5435
5902 3868
2243 -2763
1420 -7750
4153 -6095
7446 -6184
-3335 6301
3796 6282
-82 6605
-2821 -111
-3600 -4788
-7988 368
3923 -2045
2718 -596
-3110 -754
7494 -5878
2735 -195
3943 3740
4116 -2055
-7655 4650
3075 5815
-4025 -6015
3556 3623
-627 5666
-3403 2284
4325 690
-1692 -9584
-3505 8187
6196 -6631
-3412 -5085
-6245 -5454
-3292 8422
-3289 6832
3069 6496
1414 978
-9156 1801
-8686 -462
-8469 -2789
-594 -4179
-2459 -1527
4525 -8468
-1942 1014
4595 1111
-4276 -503
-7365 3803
-2639 -2051
-844 -2985
689 -7447
-4389 -5192
-5121 4239
1410 6704
287 6370
-1650 -2614
6188 -360
-3733 -1450
-7425 -3438
2345 -768
6292 4708
-5392 221
2791 -8550
-7965 -2298
8315 1219
641 862
-5376 1089
36 7939
-5768 -4551
-3321 5394
6102 -2616
4462 -7809
-4540 5694
3912 -4355
-5313 -2748
-3121 9128
4196 8281
2391 -6870
1122 -4809
-4482 -8570
-265 -3099
97 -3685
6078 -5839
201 -9993
8496 -332
7029 5140
3166 -3405
8648 451
-7179 2086
-4594 -4322
5044 -2331
2975 3757
7905 -2016
-517 -1914
-4428 -7367
-2905 982
-6817 2451
2937 2388
7736 -409
-2348 -2281
-851 4704
5018 1323
2263 -9281
-1474 2840
6973 -3684
5738 -5724
-7404 -4590
-2777 -7636
2048 -6238
8544 -1297
-7522 -1966
4416 4124
-919 1552
-5300 5020
1427 -7950
-8915 1322
-1240 -6761
5968 4788
8696 -3200
6308 -5081
-6000 -6662
7102 -3130
-1711 -6592
8304 -4749
-6087 -1772
-8198 3745
-4067 -723
-4723 7188
-810 882
3934 -8185
6889 2970
343 7920
5197 -3665
-8249 -3255
1676 51
-6788 2374
-8249 3804
1178 -4564
1085 -7030
8987 3520
2923 -9136
2197 9309
-3850 -521
4044 4453
88 -3869
-3115 2914
-4678 -2547
5536 -6684
1847 7628
-4434 -5750
7918 -3812
-6424 -1836
-961 34
-1283 -57
464 5092
-8226 -2580
149 4212
-1887 397
4057 -576
-2979 -2722
-5910 5389
-2382 -5874
617 -7875
2198 1321
-2661 -8461
3712 -3622
-8748 2708
6826 3041
-3705 5773
667 -9439
2850 3273
2075 -4394
-7753 4877
4609 2743
4457 5866
1743 -9654
764 3414
6186 529
4082 -7861
279 -3661
-4524 -297
6293 7008
-1759 4210
-6127 5348
-7589 2691
2880 -6887
6096 -3524
-661 -2314
-773 -5703
396 9689
-7850 -356
4602 4637
-1050 -5075
-4446 -7954
-5208 -4116
2520 -3169
1975 -1691
-6356 -2645
4725 602
2418 -7161
3080 379
-3059 -699
-8225 -814
263 9340
-3789 6592
-3376 -8335
4248 1914
2036 -7288
4747 7112
6143 4308
6337 5948
5215 4538
4337 -3991
-3981 2694
-1250 -3296
-1458 5605
-2071 -2938
-4803 -1512
9027 -1062
-665 -7704
2071 2996
-3605 1635
-5936 1808
8962 -4042
9089 3512
-4988 -6152
7568 296
1201 6783
-5144 -4229
-3930 -2791
-9295 1698
-7499 5501
3668 3500
2044 9784
1240 -4592
-4108 1352
1039 7139
-1353 9704
471 -6267
93 -9433
-8513 -4386
4355 -1550
2665 3783
1084 -4539
6158 -2620
6248 -2094
-3611 -27
-7564 3122
5829 1792
126 9523
1400 2495
5242 219
3196 -4435
-1577 -843
-8288 -3549
-8592 -1057
-1135 -4658
1627 5581
2919 -698
-5468 1320
-184 5547
2505 -3842
-8291 -1442
105 -7374
7457 -6354
624 -8427
-4136 786
-1353 -4360
-1152 -5976
-8122 5691
8950 798
-349 897
6209 -2208
2964 -4795
3544 8731
3111 -4406
985 7918
4472 264
-2229 -379
-1998 -2198
5005 326
5763 -7129
383 -1645
1344 738
-6323 -3084
-3863 -7590
-1987 4689
2379 9581
6538 3178
-1101 9346
-5559 -5689
1997 8745
5078 7734
2186 6058
3728 -4220
-723 855
-2337 -6028
-3606 -5900
4869 1870
9771 -948
-3519 7402
3171 -8210
-3876 -8493
-5891 440
-5483 -5979
-3932 6941
1263 3789
6837 3172
-6241 -6258
4915 -1903
2762 -532
518 -646
4433 7115
-1362 8590
764 2158
-8092 5613
9055 -2201
-1702 -9724
-5656 -1151
-1716 -6403
-5298 -3143
9154 -3912
-4939 -5487
3753 -2131
-3606 3255
6122 -257
842 -1152
4288 -7920
9028 1192
-7844 110
-4551 -7130
-5957 -4554
-272 737
3037 -3829
-1635 2607
7888 975
-7483 -3134
-3260 -7422
-3647 -8383
317 6004
-7882 321
6342 -1745
-7605 -5407
5375 -2253
3220 -9164
2956 -2744
7532 5465
6210 5311
1369 -2087
-3371 -6746
6374 2874
-1272 8014
-4582 1986
2257 4531
-3361 8814
-6532 1994
-6343 6362
1037 7757
9279 -177
359 7736
95 2902
3788 -604
3141 -596
-4165 8011
6107 5613
7087 -2266
-5924 -4358
9345 3193
4220 -3089
-7475 881
-7395 -2907
8211 -808
-694 -5771
-7694 3315
-4849 -3439
1162 178
4217 3344
4216 5346
-97 -3623
-489 5727
8788 -2701
8745 -1505
-1396 9868
9527 2805
-2952 -8537
1113 1092
-1672 -9421
-2423 -2192
-4442 -7545
6103 2481
1753 5823
-2059 -2340
-2828 809
3843 -7487
-3435 -2907
5210 -4083
294 -2252
-1876 8638
7833 5694
-2641 -104
-1840 -687
-2663 -6443
-27 -5267
-5435 6055
1849 1939
-399 4243
-4713 5353
-1939 4866
-5326 -6349
7574 -6517
-4331 -7930
-3760 3607
-5496 -576
4363 1647
-7802 -2825
-744 2976
1521 -643
-1407 9305
404 -8531
-1529 -5022
3278 -4941
-4750 -1085
4830 -3989
8316 3370
2553 -9626
-8390 1043
-6493 3452
2342 -6268
-3969 -6461
-1733 4130
-4112 323
-3078 -2170
-2294 -6765
-754 6105
-4278 1766
8737 3790
2494 -4563
823 3516
-3946 -2844
-5720 -6427
1665 -8186
9345 248
6731 -6106
2681 2286
3316 5907
852 8163
6523 4281
-7803 -2584
-926 1058
5934 2075
-6281 4798
-3805 559
-4740 3730
-2179 -5942
-1578 4985
-7685 -2368
3967 6038
8591 3998
4285 -5561
6720 3315
2438 6948
7273 2103
9978 -266
5809 438
-2262 -5400
-7220 -1057
-8186 -1466
-8763 4219
-4164 8812
653 -2108
7260 -4576
8011 -4182
7341 -976
-5589 -1357
-3333 8220
6473 -6437
-2209 -8254
-2437 -5697
-1855 -4637
2227 4679
-4975 -5904
-5258 -4693
-1339 -8666
-4129 871
-2911 7707
-6670 3783
-4267 -6438
-4710 1938
-7087 6187
7187 3883
5678 6383
-3823 691
572 8616
-6171 4032
-2597 -2402
1664 1594
2931 -4766
-5637 7144
56 -7943
5058 8514
-154 9901
3952 -1133
-7564 -359
-2200 -2477
5973 2877
-5868 -1161
-4984 6521
1885 -751
-3452 -1850
9721 1828
-4488 796
-5376 -1739
-4840 -140
-6944 -6835
3753 -5926
146 -9685
6651 684
7881 -3795
6016 -4191
9300 2109
5620 -4496
-4787 -6034
-2767 -345
3940 -4567
-7781 3246
-6419 -2677
-1161 -9148
-8184 -4495
-2852 4727
-5044 -3543
1355 -5229
-9250 -1471
5714 -497
-3569 -501
-6264 -6695
-6906 -4891
-4563 6171
-4171 -2448
-3446 8499
-5833 -1894
3216 -2346
-1867 -9057
-7058 -2844
-3362 4740
6210 -5319
4483 2482
-4543 -5449
5202 7240
518 3440
-729 3245
-6748 -5041
49 -5860
-3476 7513
459 3621
-1529 -8610
-3200 -6326
7461 1823
3663 8180
-3467 2625
5759 -7803
8179 -2344
6473 -6024
-6539 3625
-8881 1509
-4451 4425
4052 -6027
8564 423
-3333 7053
-4799 -5616
-1596 7174
-2666 -8762
-5786 -4546
-1152 -2438
1800 9120
6206 2448
4114 -7680
-657 -9227
-92 -326
-6710 3370
2873 5742
5857 7185
-3040 -2788
-735 -8810
7990 2701
-7923 778
-4884 5699
-6395 3032
-905 1653
-5104 1433
-2488 -9565
6530 3400
-6962 5247
-6659 4508
-3825 -4132
3856 9197
8010 521
4850 -8375
2899 -7259
6922 -1086
-465 -5942
-8426 153
-986 2258
-1316 -7530
-1988 902
-6398 4409
-3859 -7816
9315 1887
525 -3406
-3280 1301
-2299 -9365
7410 3739
-9456 2215
-4595 -472
2721 8515
7234 -814
1851 6551
6548 -145
3081 -5513
670 6939
-297 -8606
-1769 -3553
2896 8829
4477 5624
-3846 -949
-5965 5115
-8358 1796
-3482 -2252
-2102 3036
6164 -7312
-3881 1777
2415 -5520
1495 9439
565 -3061
1548 -772
-1488 -2827
5423 3032
-7761 1768
-6711 5269
46 1156
698 -7095
-4520 -6317
3902 -4829
1823 9467
-3692 5340
-4320 322
-5227 6699
1801 618
-7086 -178
-3474 -4094
-9484 -1845
3373 494
-201 287
-5092 6393
3531 -867
-7358 5781
-5473 3373
-6391 902
-7527 -3293
48 7923
6541 -352
9215 -3667
2603 5044
-496 -9773
4209 966
-5077 -785
-3168 1447
1744 6428
7926 2190
7133 560
6288 -5261
-5424 195
4568 7610
-6508 -4973
8739 -4518
-3870 5098
3221 851
-3466 -5542
2960 -5864
-6784 -5213
-7589 -1594
-8534 2905
802 3959
3859 2564
-4964 8002
-1707 693
4755 390
1631 2351
203 8208
-7509 3418
6823 -2034
-5162 -5332
5683 1902
-7332 -5433
387 -8093
785 -7467
1140 3253
-5837 -6125
-5684 6733
-5399 -2646
-5279 4641
-7669 6026
-4447 -1310
-7458 4470
-2379 -6105
8756 3352
5351 -2835
-7564 -5806
5090 5291
9136 -1525
7304 -2948
5884 -1608
-3374 -8111
2820 6696
-563 -7216
-2658 -8702
8904 -3353
5455 -3205
-8799 2652
6693 3237
-7122 4180
6900 -1894
4094 -4972
-3222 -7473
-7958 1563
3023 -8352
-5213 5119
3932 8073
3430 -4862
2933 2782
-419 -8925
1711 -5446
6482 3955
5343 -6248
-2178 2330
7252 -3483
2169 -137
-4155 9078
-9580 -2014
-2674 -5786
-7880 -5870
-5539 -6905
1876 9316
5640 -7435
8404 4852
-2133 -8893
6469 -7618
7556 -1320
1625 -1806
7594 -6010
-4493 8782
-4332 1488
-6181 6794
4990 7179
-2203 -2556
6165 -1119
452 4362
-4193 3918
5800 -1343
-7780 3331
-8097 5441
-4021 -5144
-9263 1671
5211 -6514
-2086 5304
-756 1483
969 -4647
4062 -4904
2983 -6825
-5189 -4877
8067 2126
214 -5261
9795 -781
-2122 -6709
1922 819
7632 -4131
1575 -9268
-2898 -876
327 2016
3722 -7005
-6931 1483
430 2178
8310 4278
4506 3786
-6505 1400
7167 756
-1965 8181
1413 8856
-9299 -3392
-6348 6632
-3092 -1385
-5647 1419
-3810 -2887
1671 -8606
2386 2197
4526 -2491
2847 -8874
6592 -2324
105 -6326
-1906 -5635
-3442 646
-555 9429
-3929 7958
-1486 1336
2804 -569
5766 206
-4841 6663
-959 5118
-7221 3515
4667 -7713
-5364 2696
-4398 -3296
2167 -5614
-2940 -994
5219 -2375
-4934 -5844
5244 -417
-5641 3697
-8033 -4879
-5106 -399
-3917 4824
705 8355
-713 4910
-9221 -15
9085 -3388
-6904 6577
8864 3170
-2129 -5510
5107 3857
-6889 6739
6564 4919
-2323 -7192
-6243 59
-2875 68
3994 9134
4157 -6033
5979 -4001
-625 600
4921 -5898
-5601 -84
-928 2275
728 3798
-415 4431
-2931 -9474
1033 -9431
6513 4570
1715 6031
-3918 -6791
-2571 7991
1312 -2483
-3528 1281
2034 -6479
-3064 -8932
4250 -2541
3461 -1556
-1345 7469
507 311
-8872 1465
-2586 -3264
-3974 7144
-1916 8927
-3009 1978
6779 -3987
6494 -79
8686 -2909
-5469 -2953
-6555 7155
5441 -4827
-867 -458
4501 -4877
-3479 -1746
-5895 -3843
-461 3481
8168 -1410
1041 -1586
-1799 8234
2748 6807
4301 6706
3923 -606
6081 -41
-8606 -5071
-1665 -5014
-3828 -5750
7452 433
-5512 1697
9078 1365
-2004 1453
-4297 7869
-4952 2846
4907 663
-7198 3413
3079 -4333
-1916 -1474
7354 -336
-800 -403
-50 -9319
4052 6209
-3217 9464
2199 -5981
-6186 7026
-2361 -7375
-1106 -9884
5304 -7107
838 8904
-2224 5459
-6655 -531
8660 -2501
-229 -9620
7347 -4298
2937 -4933
7947 -4371
-6123 -5995
-1584 -3071
1842 2626
-1943 4279
-3040 -1169
8607 -3698
1496 4827
-4691 -8438
-3450 -7794
-3756 -5171
-4145 -5987
3570 7930
3388 -7717
-6929 -1087
6282 2654
5302 -5419
-7067 5154
-2541 -1311
4514 3910
-6791 -3302
-9655 -1668
2316 -2044
-3169 2258
-6040 7193
-4661 -1166
-2619 -8419
7697 3072
-5563 7985
8990 -3149
-177 5250
-261 1041
5992 1661
3190 -3362
-6605 3883
-2158 -6472
-2453 -1294
-3079 4488
5339 4885
-3320 3902
9043 -1379
4082 -1090
3562 7301
-2093 -2864
6414 -997
121 1605
6426 -3945
-3305 -7458
461 7971
6670 -1871
771 8219
-3708 -1958
7679 5063
-900 -9770
-6765 3901
-7706 3123
-973 -6403
-4662 -815
3872 -6380
-2702 -7536
434 -6179
-3332 -7595
-4582 -2993
-2257 1992
-655 1268
-2463 5420
-1608 7433
-9126 1862
5657 -2190
-1963 1384
7889 1791
-433 -2337
-1476 -2301
530 -134
5722 -3396
2739 -4618
1805 4547
987 5491
-5139 3189
6654 3048
3458 -3015
-628 1730
-8015 -1262
1843 8644
-6558 -4917
686 -1623
7445 -1566
4937 -2451
-203 -6882
-230 2854
-6380 -1328
-716 4274
-5774 857
-7163 -967
2045 8097
-4441 1127
-2938 -6219
-1650 -7014
6778 2021
7651 -2775
8172 1917
-2634 -1537
8828 3966
-1784 3287
-7966 -259
-3903 3552
-3090 -2505
-2833 677
4728 -3856
4294 -8794
-4579 8009
-9061 1546
4121 -6018
-816 2084
423 -3803
-7032 761
4531 -4480
-7964 2117
3217 5232
-4778 3386
8743 -3171
-2207 -7520
-4351 -7327
-3372 7552
3578 6017
3459 -4170
6608 -4000
-5881 513
-5900 -2591
-3913 3473
6888 3145
-3844 3508
5987 -6955
-6609 -4061
8385 -1084
-8109 -617
4815 -7929
-9173 -3254
5402 -292
-4873 1181
1164 -9478
8152 -390
-7168 6
-4628 -3604
-7275 -6746
6341 -2039
675 -8288
2647 -1426
-7408 -4247
6405 -1921
-2672 3519
3139 -569
758 3373
-8648 -2618
-5447 -2428
4173 -8310
5964 -2179
-6950 6367
-4823 136
3891 5580
-8100 -227
6775 -2486
7847 2648
7906 -2731
-3946 -2017
-7360 4857
-481 -3772
-345 1560
-3648 -6979
819 3410
569 8575
4257 -364
470 4296
-211 2801
-5701 7255
4677 8240
4233 -6143
1448 296
9546 -2125
3462 1780
-762 -2763
-6565 2753
-6318 1191
3380 924
-1115 -3478
3704 -8280
-7252 -6640
6474 -7315
-5940 2603
-1697 -4900
2270 -4960
-4954 8310
1332 -393
-2839 -1484
3512 -1409
2369 4902
-3394 -4114
5271 -7404
3887 -8634
-933 1405
-4299 7028
-3817 1884
-5210 5440
-3969 -3529
-528 -6549
1229 -8699
-8381 -2922
3114 -6531
-3875 6857
-9261 -2147
-5622 -422
-4171 5434
-7051 5089
-8764 4287
-4925 810
-2997 7200
2678 962
-4622 -1051
-7881 -4418
-1562 2180
8734 -4744
-4160 7119
-7406 -19
-2258 -1193
-4449 -2934
-4551 -5513
-2527 3236
-2559 -2162
-4771 -852
-1519 7988
3168 7339
-3049 6839
957 -1715
-5631 -181
1746 8601
4043 -4102
-7554 -3969
3365 -9022
-103 3674
3308 2569
3769 232
5589 1670
261 -4739
8549 138
1235 9897
4332 -6759
5322 -6531
5504 -386
-8118 3581
-1867 -796
-6644 1286
-475 -8219
6260 -2864
4809 269
6788 -2255
8621 2621
7221 71
2616 -6611
1332 -1031
6038 -198
-4406 -7082
2811 -79
7533 -1049
-1740 3582
7737 -6105
3771 7417
5668 -7060
-6404 3945
1966 3745
-4235 5207
-2279 6069
-4653 -93
-6576 -6358
5680 -2446
6117 -2429
3098 -1179
5271 -4087
-8548 -4869
-1398 4616
6467 -2075
-8599 4188
-8478 4010
4493 1064
5659 -3120
-6242 5265
1391 3568
549 -2803
-1085 -467
-1072 2913
4149 1540
5034 -611
6647 7026
-7540 -4096
-2976 -3674
-3476 -6862
3115 6331
5027 -6136
750 4928
4580 -4381
-6309 976
1235 9221
7328 -6291
2999 -5398
5559 -1414
-7642 2271
-4196 3813
-4582 -8838
6013 2792
-5418 -757
-896 -6613
-9936 -496
-1118 3666
992 -8047
-42 8882
701 8644
6920 -1854
648 -30
-2281 -1937
-2725 6377
5657 -5274
-575 -3484
298 -287
2420 -1340
7297 -5951
7447 1145
-1085 -7703
-733 7424
593 1193
2650 6675
-2478 1971
5506 -3248
4172 6383
568 -8127
-8564 -4535
-5161 3538
-4440 2770
-5991 3088
-5998 5725
6526 -351
4103 7707
7320 -4130
575 9019
151 -5813
-5633 2595
9267 -653
-8788 -4651
2018 1237
-5327 -4080
7733 3194
-3306 -6903
-2140 7734
1782 9437
119 2313
7624 1548
3299 -6818
-952 3535
1134 -9821
5924 6892
1977 7813
-9 2930
-1632 2239
-2113 805
-4934 -4793
6119 4640
-6916 4740
3927 2430
-7956 -2853
3077 -7205
-2254 -6799
-8475 -4355
-4002 7086
-2844 -5473
4577 -1395
9872 -1317
-2493 -9005
-7515 2081
4908 1986
-5226 6874
4368 3009
-1795 2294
-3183 -2884
8113 -4183
6188 -108
4142 4641
-9026 932
-6740 -4884
-2664 -217
5388 8107
610 4670
2634 -9445
3694 3248
-4435 -3474
22 -5715
-8107 -1725
-7565 5903
-8319 3776
4315 6838
-960 -1171
-2236 -4371
3514 -6649
6663 5001
-1066 7991
2816 6708
3336 -9319
-3541 -5933
2366 -8775
-6680 -185
-2393 -6810
9 -7625
-2757 -3054
4196 -3790
6010 -4642
-2897 887
-3603 -3086
4330 -3365
-9086 584
3165 8859
457 5629
-8018 5739
-4130 -3462
-6426 -1713
-4441 1007
5494 4615
3055 8031
-6757 -5099
6630 1064
-3257 648
4787 8295
1845 7272
-4096 9021
-1534 8732
5219 7700
7486 5308
-14 4525
-8172 -2292
-3368 8358
-1738 -98
-1185 7078
-2286 9667
-1910 2570
1046 4231
319 -8832
-3492 4555
4184 -2875
-8002 2878
-829 -7927
-3133 -3250
-7536 -3672
3661 853
6317 4865
-1368 -113
-3554 5509
-8258 4165
-4047 7667
-8479 2716
6008 5992
-5134 7344
1519 8285
-4560 -6200
-105 -9237
-6533 7052
1192 7799
-3710 -8298
-2952 -3948
-6688 -486
-4026 -7894
-3861 2990
4613 7291
-725 -8493
-3152 3485
5831 341
4744 3964
7161 -1309
2765 3911
4982 5456
5066 446
1653 -6426
-4764 -1197
7381 2377
-5901 838
1275 -8873
-4465 -5022
-9114 47
-3881 -4971
-2265 -7600
8143 -4059
2203 6732
-9191 -249
581 1790
4085 -1123
9060 -1656
602 4807
-5972 2586
-4614 -6608
1941 -6277
-1462 -3465
3087 5329
-5886 7495
-952 1838
4188 -5695
-5382 5775
1628 2530
6434 -4027
7810 -5238
-7557 -1639
4730 6275
2604 -1370
1882 3152
321 6390
-512 -4992
-5121 -2561
-1023 -5333
-4355 -3979
-1147 965
3858 3615
1402 6193
9326 -1365
3307 -5286
-3144 -498
-328 -6748
-7501 1040
-1381 6444
-4912 -6784
-4327 -2595
-2062 -2657
-1728 6629
-4657 -7209
9506 1515
7896 -4867
-9782 -524
1238 -6785
6259 -3084
-3149 4291
1956 5397
-2827 995
2313 3029
-1065 2113
7081 -5607
-6348 -232
-3460 7767
-4905 8479
-1909 -5151
-548 6616
2152 -3079
274 -8920
-314 6944
5162 3758
-2560 -7072
-1579 8720
4766 -7808
-1460 8075
-3731 -2272
-6368 1788
-3169 -2755
7517 -350
-2503 -5609
3512 -4079
-2133 -9664
-82 6908
4569 1087
-2077 4570
2252 -6258
-1829 -5297
-8068 -4358
-4690 -657
5590 -3628
-2009 -9530
-445 5227
7225 4204
5987 4322
-1496 -6136
1855 -63
-1316 4591
5736 4923
-2550 1265
2461 6192
-2605 4922
-2427 3788
-5075 7933
-1565 -1054
-2792 -596
5789 -1414
-2378 4606
3116 6428
-3044 6256
-8032 5239
1059 -7324
2766 4473
4716 -8463
-2299 8770
6797 -4056
-6139 -7002
-619 6359
1361 -7252
1186 6304
-6197 -2696
8115 -1016
3051 8745
-1806 -3071
4025 8115
1352 1505
5990 -7026
5880 3728
764 5019
-2847 -4234
-415 8556
69 -918
9180 -1754
5404 3640
-3205 -733
2372 -391
-2558 7116
-1126 -4946
6406 7578
7804 -712
-4684 5314
1882 6678
-3476 -6683
6161 -7026
-8814 -2164
-6311 -1912
3269 -2564
-3566 -2625
9460 1906
-1345 4372
-4861 1067
4506 -6857
-1145 7018
-2269 4990
1860 -251
6130 -1767
-5121 2580
342 8012
-5599 -7507
440 -5558
8973 3957
2931 7277
1053 -6007
1057 1014
3970 -4950
-951 -9345
-9136 2007
1196 -4111
-9018 -3396
5009 -4076
8140 3481
-1457 -930
1368 -7564
-3349 -9222
-2540 333
4 5754
-1594 7708
-5523 5415
5935 -529
-7173 3056
-8091 1325
1176 4295
-2634 6539
-6354 -2129
-4520 5972
-6867 -5079
6766 -4984
-967 5170
-9319 -1612
-4063 6474
-4791 -1028
7841 -3651
-3615 6553
1005 7534
951 -1053
-1368 -7754
4101 -4694
2958 -965
-3764 -3247
8114 360
1058 7535
6673 -5650
-8210 635
4273 5791
-6189 -7132
1458 9191
1720 -7520
2566 1868
1716 6852
1051 -4305
8603 -1288
1104 -9238
7171 3773
3905 191
-7086 -6350
5763 -7112
2585 -6263
3120 2143
1742 -3916
-6513 -3791
1178 -7212
-823 7344
-307 -1848
379 1817
5565 5022
-1641 -4982
7992 -3418
-4538 -5089
-1149 -1934
7815 2392
-2198 -5796
9315 -544
-1177 -2877
5922 -2410
-6323 -6649
-319 4958
-1344 4583
-355 -9833
-5930 5756
474 3847
-5930 -1557
6464 5444
6680 -6677
5652 -3707
4426 2200
8913 -659
-1258 9841
7075 6106
8472 987
-312 5435
-312 -6304
1833 -8793
3360 -6909
-4440 1696
-1129 6588
-9242 1515
5546 -2972
3337 -3570
4786 3325
-5118 2804
-1451 7651
1763 2413
7074 -4709
1092 8028
6085 -2958
6794 -3295
5777 -8088
-6020 7480
2635 196
8750 4294
7637 -4603
3971 6250
1273 -9830
3281 -2988
-1988 5040
-5616 4591
-5890 -6295
6635 -498
8620 325
5229 25
1423 1348
2015 8416
83 405
-3767 2801
-3034 469
-2092 962
5088 -7332
708 8933
-1480 -8308
2589 9273
-6564 -5129
-3979 8911
-4595 -8051
-386 4207
-3872 660
-1854 -6232
-2062 9063
-5244 -3080
6938 -5883
2002 -9748
-4560 8625
-5502 5864
-5708 2328
5099 -2499
-7767 -6118
-7190 5379
86 -4447
-3742 4903
4964 2732
-2995 1645
-2051 8148
87 -9958
-4168 -9
7150 3620
6934 -6272
-7794 5929
-9074 -533
9543 2054
-6626 5870
-2214 -9553
-2699 -6846
3916 -4453
1124 -781
3380 8622
484 5970
3288 -5063
-9172 -3725
-4039 5597
9221 -1896
-930 3033
-9688 -1425
-8976 2408
2648 6355
-3218 9254
-817 -1701
-5619 1605
8128 4982
1852 556
-842 7392
4563 -14
-140 990
3404 5664
2860 -3696
283 -2599
-5938 -1128
-8058 673
4422 -4307
-9132 -2987
-828 2538
8855 -1646
8178 -2698
-390 -6559
8840 2671
-8214 -2577
6752 1488
5895 5161
4276 2688
-6524 -3359
-9904 -670
-6751 6195
2424 -2883
-1467 2241
4214 3858
-5315 -4372
4924 -1998
2789 -4368
462 -8175
7438 5604
-6652 -6424
6233 4853
3592 4817
-1302 -2900
-3903 5257
953 -3604
-372 5224
-7131 1451
1389 2423
-3015 -774
-8088 3045
-2749 5593
-3915 -5543
5145 3067
-654 6771
-881 6890
-5621 -4601
-5206 1944
-6784 529
3972 -7558
-2525 9385
2389 9314
-6219 -443
-8950 1846
-93 -8758
2205 -4907
-762 -5283
-5495 -1267
2048 -6028
4226 -2208
437 -6061
-3293 -9001
4463 6552
2268 9450
-4741 2988
-1727 -4228
-2011 4868
1915 6881
1494 -4750
-607 -2596
-5027 -5399
-2999 5380
-7790 5180
-8481 -65
6858 -84
7310 -3835
2597 -3895
-4378 -7707
5901 -10
-4192 5339
5662 -5744
-3085 62
-9311 2166
-3754 3724
-3710 5738
1344 -2429
-370 -8909
-9452 1130
-2243 3200
-8930 -2110
-6558 6159
-7922 -4386
-5229 -8387
2637 1530
4050 7852
2300 -6051
6916 2849
7611 2591
-1580 3167
-3388 -3974
-6906 3946
4113 -6260
7845 -4224
-6167 -3533
-2054 6316
2261 8659
-6925 -5876
-89 -5768
-2801 -3986
3827 -7775
-5565 4896
8491 -1949
2930 2559
-3275 -1287
3053 -939
6245 1790
-8949 -1689
441 -6707
7502 1917
8263 4116
2785 -5396
-4904 -5224
-9502 2638
-5217 2176
7342 3655
-7868 -5041
6878 5915
-176 -7553
-8728 -2227
-1087 78
3990 5766
-8740 -2448
4575 2337
-7569 6455
3074 -7694
-3963 -6939
1252 -2113
5323 4318
606 -4746
-4506 -8674
-1651 5379
3948 -8708
3996 -2993
6188 2701
-5313 -392
-6898 3853
-3758 -4120
-2838 7270
-419 7586
-646 -455
1976 -9529
-1194 6978
-1299 1029
273 -8094
-5712 6081
4533 -7452
-559 -3065
-5682 -1831
-5179 4306
-1282 -4912
-2857 2124
-5824 5094
-3543 -5657
1100 680
-3726 -3265
-3847 1569
-1172 -663
-2760 -3763
-7075 5022
4116 8530
-1253 -4665
-7407 6527
619 -3784
4991 -517
335 8409
-6768 6008
1604 -8872
-4402 -6193
2698 -6107
632 4267
6402 -1207
-3680 5924
-3977 158
-4394 -7445
-7710 -5900
7160 1123
6435 -545
-7163 1033
-740 -4917
-694 8379
-1557 -6257
6452 -6416
-624 1002
-8721 1742
-7193 -144
-6610 6961
3025 2711
975 -3341
-8781 2326
7513 5830
7100 4133
8506 1644
8561 5078
4748 -1458
597 -8696
8932 3309
-3569 1323
-2056 1013
-3628 -965
1099 5138
-3918 -7275
3419 -8116
-3442 -8530
-7172 -6185
793 -5680
8586 -3090
9187 1036
842 632
4026 8172
7439 -813
-5570 -514
-7674 -2944
-5328 5840
-3716 -6693
4577 7599
-6794 3185
-1536 -2814
-6690 7396
-1899 -5735
7370 4121
9022 1767
-2825 -6162
-6633 -5869
5172 -1134
-5257 -2093
6009 -3965
-4048 -5768
-1018 8157
1425 7547
-3248 -9167
-2262 34
-1131 5919
8289 -1176
7207 4704
-674 8932
-9213 -793
1031 -2138
8536 4427
-273 -4980
4704 6917
-250 -5188
-2491 6676
-4881 5253
-3301 -3211
-8621 -2316
1596 5452
6583 -6883
-6050 2020
-7851 -5685
3507 -2780
-4321 1668
-6284 5253
-7323 -2611
2742 7713
-4258 8744
627 -3256
-1079 3209
2250 -6757
8610 4635
4885 6381
7658 6072
-2814 -4008
-8977 -1622
-1443 4834
2934 128
2265 -2750
-2745 1484
3901 2843
-8863 -3687
-4898 -4505
5107 3993
-2477 45
1591 -140
6594 -2173
-7646 4739
-7680 -4623
-7454 -5497
-3841 2554
238 -1606
6785 535
-6874 -6094
2610 -4786
-2067 8951
-7220 -3288
-2872 -5962
-7880 -1663
8580 -3316
-3573 8362
3525 4867
-1952 299
-8641 4743
-5962 -3026
-2474 -8910
-3956 1607
-599 -4432
-1680 7787
-2094 7382
5043 -4033
3455 -3896
-3953 6488
492 -2438
6040 -6415
5456 5713
5880 -145
6702 -5888
-2915 -1172
-4718 -3931
1052 544
-390 -1530
8005 2244
-3246 -1458
-4625 2284
1259 -733
-607 -6058
4487 5858
3164 -2658
-400 8023
-1817 816
-7131 -5527
1623 5597
-6909 -3074
1264 -2420
-8603 4648
5453 1584
-8848 -4204
3305 1638
-4933 5340
458 -5060
2608 153
556 4853
3521 1138
-4766 -4352
3687 4216
7298 -6500
4966 -5634
-6126 5204
5455 -8108
8986 -2167
3652 8739
1087 -2805
5575 7477
5745 7082
7079 -6351
-3723 3159
-2928 -984
1971 -1572
-3523 5663
3716 -2696
-2754 -4058
-939 -7035
1066 7875
3932 2827
-838 -5260
141 9510
156 6003
1595 -2341
-8145 5465
5570 -2618
-5298 6569
-6436 -72
-9270 -3334
7626 5014
2499 5975
4581 8526
3195 7241
776 1552
-2607 5487
8213 -2410
2344 -6396
-5838 6885
7374 -3491
7957 1865
-6091 157
-2839 -7190
-2005 1773
6210 -4589
-8563 4642
4772 6769
2685 6679
3032 5821
1622 -7442
9320 -2781
2179 -815
1232 2184
-6319 -888
-1641 5898
-8666 -4920
6197 793
-6610 4462
6314 -5116
577 -4093
-895 -6207
3539 6819
-6513 -4792
2626 6609
6969 -3729
-755 -280
537 5886
-7869 -1391
-1170 1833
-8413 810
-5363 249
1843 -4023
1454 -4023
-1776 5924
2804 712
-6391 7371
-8250 -760
-3914 7891
908 4706
-5051 200
-1037 3903
-4696 -3701
8645 -1981
-984 9133
6541 -1620
6585 -1233
-2283 8872
5433 561
2852 -3535
3701 8110
-4612 4907
-1295 1335
-3537 -5622
5661 2838
-2557 -9127
-2393 -5771
-7268 3272
4906 4925
-3815 -6564
-1180 -2639
-1877 -1130
-411 1605
3223 -3758
-9656 -2448
-6394 4735
-3585 -8686
-7817 -4305
-1876 9340
4997 -4835
-2857 1140
-5176 2409
79 2476
-2028 -929
-2104 3816
2643 5072
-1958 7080
-507 462
8152 4357
-3528 1458
-4013 1129
7620 -4230
5840 7220
-6118 2816
-1462 -8582
807 -7084
1620 -2835
-587 7888
1292 -4972
-4074 4911
-6962 250
-2859 -4018
3038 7478
9268 -1499
-5853 -6991
806 -5921
-4632 6974
-3010 -2725
-531 6631
-3178 1675
-5544 6550
-7018 6539
-2659 540
6287 -6660
3756 7640
-4980 8267
1925 -4875
-8009 3928
-6608 619
-4235 -8073
9491 -1410
482 -601
3034 8394
1087 -1002
-5165 -4773
2658 -3299
-2190 -3326
-463 -7116
-3465 -4255
6908 184
457 926
5817 4530
3873 3528
-4844 701
8566 -3883
-7105 6746
7629 -1501
-4113 3211
7437 5530
-5107 7300
1833 6287
-2527 -1459
-4184 -8026
1435 4396
8996 1682
-8288 -1457
-4562 4590
-2869 -4402
-8175 156
9075 1394
4058 2817
-966 -2528
-9228 3808
7008 -1861
-1526 458
3963 2668
1290 8016
7758 -5660
3839 1583
-2795 4771
3894 -2963
-1175 -9668
-1654 6926
4539 -4815
-1437 8541
-3970 -353
-4638 -4426
-268 2609
-8843 -3868
8705 -3149
279 1840
7015 6411
-243 -4174
5100 801
-802 9249
6690 -2795
-4238 8522
-3142 3765
-6133 2809
-2723 -7697
-1764 -2483
-5387 -2848
-4566 -6864
-9352 2528
-4932 3899
-3391 3984
286 3149
-5964 4364
-5097 -3430
1885 -2700
7334 4050
3143 846
2054 2074
-4958 5757
-1904 -378
-1983 2392
626 -3017
4397 3846
-4019 3953
-2294 -4970
1388 4982
2536 -2918
-4844 4527
-7259 2834
2403 3574
-1007 5668
5254 -3581
-4224 5676
-5606 -2477
-4686 6572
-2280 7732
-5241 -3846
2533 2711
-2478 -9634
-3397 3027
-7584 3562
5294 -6447
2074 -1246
-1954 -3560
539 -5361
1582 1970
-5198 -7988
4878 -2372
-1376 -4562
-3602 6397
2596 -7194
9213 -1744
2522 -3441
7559 -4413
97 2188
4812 -1694
-2142 2068
-92 8699
5335 -4481
-8752 -4087
-3340 6834
8121 4876
-2527 -8341
4379 5119
-4788 -2156
868 4900
8342 -4445
-5267 -4094
-3380 -311
5770 -3048
