3156 100
36 9 86 19 76 94 49 30 29 98
5390 -8271
7652 -5297
4224 6236
-585 627
-8882 -3972
5051 -2554
8649 -4982
-3435 -278
406 7177
8532 1450
491 82
7098 3070
-2865 114
883 279
3398 1284
1800 499
3840 -5972
4612 3573
-6262 2103
-7506 2824
-7609 1033
4741 8558
-2884 -5987
3446 -7773
4300 -6030
-1318 9906
5526 -1536
-2690 5738
-5446 8339
334 -1964
-2079 -7539
-8514 2025
-9793 -1561
4047 -6537
7187 -2025
-6656 -5731
873 3372
7493 -1417
-4850 2244
970 4365
-4513 -3592
5977 2891
-6731 2056
-7515 4883
6524 7297
2133 5667
-3218 -5114
913 -8558
7449 3699
-2191 -3994
1813 6212
509 -9502
9330 -923
2167 -1692
-6950 -2854
1093 -6261
-1717 -3364
-558 8024
7515 -415
5606 -4346
8142 -1456
-4173 5613
7972 3246
9309 -69
1844 -9630
-2727 -1478
-2084 7092
-5608 -1926
-743 -1883
-7876 -4361
-2986 3915
-3634 -7961
-1770 6296
2344 -3731
808 -9111
-1523 -9446
9260 -1165
5122 6438
-1686 1313
6318 4945
-3439 67
4499 4540
900 -9090
-5481 2268
6020 -1484
-6581 -4345
-4123 -6041
1478 -766
-5110 7236
2034 4407
-8055 1982
3580 6693
-6584 -3325
3949 -8648
6700 -4329
-4631 3343
1747 -6785
7399 5404
-941 -1509
-6967 3720
-5556 -2913
2962 -2551
4861 -7593
8718 -2592
-2948 -4813
6058 -458
2295 1114
7003 5152
-2547 5933
5619 1929
4673 -3942
729 -8221
-2024 3231
-705 -9872
-2613 2281
2713 6001
-8275 -321
6531 507
-1196 2728
-6064 -1838
5523 846
-7043 4467
1844 2625
-4835 5230
-3070 2712
3761 3184
4238 2821
-1826 -6558
2195 4616
-9259 -1150
6836 -444
664 -4029
-6958 699
2905 -9208
5369 3428
7101 6521
1380 -1020
-5684 7934
-8729 -3096
6209 -497
-6104 -4659
-6691 966
3020 312
-6039 -6525
-879 7781
-7640 3321
7046 7029
-9476 -579
-180 8857
8873 1640
6806 -4081
3014 3584
8263 4036
1486 -1585
-4334 7916
293 3401
-708 6710
-1253 2665
5032 -3006
-707 9956
-4083 1241
8892 628
1816 7035
897 5227
2449 3458
-7127 6236
-9311 1808
5038 325
-1943 -2413
-6181 -3496
4784 8764
2821 -5708
-1879 -5310
-679 -8260
-4419 7363
4330 4347
-1063 2752
1468 -4095
7506 4801
-7870 4095
-1658 -2098
-5657 -5717
-611 1402
-5789 -3991
-1582 -9464
594 -7308
-4096 5458
-6088 -7011
-4359 2244
-1785 9051
2133 4016
-7913 -1374
-2761 1919
3160 4213
-6310 2002
6220 6111
-6094 -7835
-3458 355
-5681 -4121
-9714 1266
-1204 -83
3808 -4812
-2817 7695
5609 -3301
8098 1368
-1937 -4359
-6310 204
-801 -9693
7645 6047
-9570 -574
6671 -2599
2684 -8199
386 68
5202 -3270
2567 -1595
6511 -2105
7255 -1677
7524 -5309
-169 1069
7630 5204
-3616 4127
-5331 754
1967 -2733
-6508 3968
-9514 -133
-1075 9208
6112 -6552
2655 -6857
4990 8241
2753 -2078
4873 6486
2102 3024
-2095 6919
-8445 -4216
5452 502
-1775 -2536
4665 7557
1452 -3525
2496 -1014
6931 -3051
3774 -8933
6032 4764
4047 -6689
2282 -9066
-8838 4292
-5304 3268
5534 316
-8549 2617
5357 295
6582 -3444
2296 -5906
-3146 8118
-4320 -925
-5466 5444
-363 -553
-8197 3024
909 -7592
2648 2454
-3856 8057
5650 -7205
1520 3275
4281 3852
5358 2267
-2526 3776
-7056 -2365
3465 4254
788 -1200
7233 4633
5995 -7534
-5680 4867
5674 85
4042 6999
915 1438
5928 -4098
-4301 -6212
936 90
-1825 6802
4745 -3501
9531 1379
-5383 -4557
-327 -7394
2217 2234
4022 -1801
-7297 -4385
2205 -3978
-1108 3265
-6649 6214
2883 7630
7875 -4029
-292 8117
-8632 -136
5007 225
-465 3728
2157 -6560
-4589 371
-3974 -7150
1690 -4403
681 2881
-7699 -5984
-5966 2361
-4395 908
84 1048
-4388 -6974
-2673 -1866
-1131 9856
-2616 5500
-1096 6741
7787 -1640
-8416 -2509
-3286 -6980
-7563 -6428
4967 -826
-4203 -7853
-3744 -3914
1253 -6159
-7332 -5523
-92 3615
4670 5140
1943 -8411
-3630 660
193 -5423
-3071 2591
4439 -6151
8388 3533
-855 -3061
-4760 6412
-3955 -1691
-5427 -7814
-6303 -923
413 -9054
-6248 -2026
-4918 7444
5656 4259
4782 6021
-1136 3351
4160 -8179
4075 -2422
7186 -215
-5081 268
1314 -5871
-6008 7177
2250 8591
-4923 7261
2226 6113
-1902 9431
-3606 -6620
-4494 -4740
-2662 -3200
-2352 -6088
1020 -7234
4868 6676
3577 6500
2966 -3494
-1123 9775
7475 3705
6782 -2182
5550 4356
4947 4438
1389 5358
-1072 1442
-4887 -6111
-3913 -7132
5045 -3446
6880 -2933
-5127 8557
4567 -8100
-6053 984
-8586 3981
-2959 -5497
-4490 406
8214 -1634
2707 7059
-2883 4023
5846 738
566 9435
2622 -1833
-9595 952
3443 -6265
-5154 281
6639 519
-8515 1659
-7820 -4336
-7190 -1671
-2259 -8662
-6859 228
668 2684
9176 -180
-2416 -495
-5854 1999
3513 5223
-2150 2590
1948 -9542
-3808 -1141
-2855 -1218
-2484 276
3047 9464
-1491 -9159
-849 164
-3804 -3166
7280 1775
-920 6662
-1483 -2632
5264 3430
-1820 -3435
-994 -1602
-2802 6872
9694 155
9326 -569
-6308 -1976
4961 5785
3835 2219
1763 -2714
5607 -6258
-6779 -3393
6942 -7061
-6103 -3630
4198 -5122
-3340 3264
1305 -3840
-4356 -6776
-5209 7029
-6128 2824
-6544 -4958
506 -2712
884 -1080
1122 7734
6835 1518
2247 5545
-4125 -7960
-5724 4769
7341 1994
-5326 6230
-3332 -8843
-2126 1725
464 -9327
-6736 -1024
5915 671
-2330 4019
4503 1371
-8831 -2672
3447 -8800
-4731 -4777
-8130 -3793
-3402 -1521
-701 -2462
-5528 -2291
4823 -1130
-5940 659
-7077 -890
-8701 4059
365 -7531
-6940 2500
2628 5685
-3381 705
-3076 8011
808 -6299
155 4652
4251 -7247
-8012 -3551
-7574 -77
8868 -1649
1966 426
7961 -5322
-4461 -1732
2755 -5634
186 -5606
3337 4955
-4144 -7018
-1939 7849
-9331 1273
-6432 3623
344 -4845
-115 -4295
-1917 -3875
6924 -5482
3875 2511
2193 -7683
-3994 -2075
-1171 -7152
-1104 7381
-8259 4395
3200 1782
-3393 1711
-6586 -1785
4853 -3342
8770 -2732
6246 17
7561 5399
3590 9082
-4945 -8599
-6617 -89
-8958 -1154
-6859 -6394
3153 1150
-6642 3336
9312 -1056
-7951 -1694
6825 5204
744 -7700
734 968
2910 -7553
-1617 9462
-920 -498
-2614 4138
4019 -920
-5306 1297
4865 8136
-9812 -13
-3030 -1513
-7598 4545
-3933 -6175
-1944 -3959
3622 2108
-1696 8463
8446 -1679
4238 7896
2920 185
-5013 5483
2009 4956
3712 -8754
-1717 2235
-4914 -2866
-2321 4961
923 -6090
4348 -2054
-4351 5984
-4020 -8139
2953 5738
-7024 2350
-6514 -1428
3618 -6413
4354 6109
7620 703
-1857 -838
-4611 8246
-7879 -1839
-458 -1551
5391 -4574
-1817 -9432
2818 -9395
-4495 -1088
-5289 -5734
3423 -5375
-429 1250
-4523 -1057
9762 -511
2332 -455
-3866 -8180
2124 7468
2976 3187
-767 -7783
1178 -490
-5171 -4135
-4548 -7178
5643 5691
5276 4311
-5923 2321
-4199 -1351
3479 4060
6121 -3485
6412 1930
1467 -5471
-1641 7291
4460 -7004
-5185 2078
-7614 524
-1181 -8422
-9428 2063
-3645 -4763
-6537 5366
-3418 2321
-3272 -8050
1429 2029
7485 4117
1459 9658
-1739 1002
-3726 773
-1312 -9700
4298 -6558
695 -5642
-1590 4566
-3466 5059
7215 -1889
7223 -4293
2834 1275
-7530 2887
1917 196
4917 2661
4615 -6324
-2854 9294
3560 -7481
3275 1511
-2021 1829
4315 -8058
-2438 -5116
-8873 -212
4263 5124
8583 -4900
7381 3028
5856 6015
635 -8274
-8519 870
3471 1059
-7183 -6239
-252 -3221
-432 2261
2105 -5058
-254 969
6356 -3295
-1681 9024
-7058 1502
-196 3800
4731 -983
-2178 -7610
-7303 4313
1629 7152
-1205 -640
-5767 5750
-9254 2460
-3169 9303
626 4556
-8376 4429
-6339 7697
1129 -2886
8886 -3709
3022 -2572
-4620 4136
6459 -3909
6249 -1398
-718 -2747
386 2032
-3320 6570
-2639 2262
6457 2293
1490 -7512
-1215 6805
-4883 4817
-8275 2356
-6263 6590
3984 -3721
5590 4858
6133 3384
80 -7577
703 -9778
1749 8488
1053 -7066
3760 -6408
-3178 -3713
9126 -907
7104 273
7123 -5427
8516 420
3144 4656
680 -896
-3835 -7797
278 -7777
4017 4281
2213 -3872
6002 5188
-4702 -4032
310 4645
-6321 5339
7341 -5062
5928 4887
-3950 9017
-5313 -2948
8511 -632
-397 -5139
5635 5438
-726 3521
-9136 -1039
4758 -7498
3884 1922
2407 -493
9351 -1731
-2276 -7467
9493 1580
-26 1064
-580 1040
2910 -7889
132 2195
363 -2927
-7432 -4464
-1563 791
8656 1233
-7228 -503
-3047 -2230
-5814 -5955
1836 -8460
-3535 -4450
9083 4127
2707 -9317
-1367 -9298
4974 -5275
1601 -1216
-7627 -3050
-661 7291
-7891 -4313
-4555 8696
3628 8227
-7565 -4043
-7725 -2121
-6831 3796
-476 -1205
9096 29
6601 -5572
7609 94
-5790 -5791
-5767 -6004
-4098 -8808
2151 3720
1390 3778
-1849 -568
3859 -2233
-4633 8765
-3624 -9108
7429 -5318
5916 6609
777 -7230
-1566 -6212
-555 -3754
64 -8696
-7430 299
9701 -191
1225 -7005
7287 -5012
884 -6800
-4542 7049
134 8244
8245 4473
5077 184
1833 819
9034 -222
529 7063
-8971 930
3502 4789
-6081 4056
-3000 5014
547 4436
3091 -6504
-6178 1838
-9398 -4
1762 -4248
4382 6840
6863 4475
-2478 7243
6217 6861
6812 361
-2761 7904
-5416 -1859
7993 473
8440 -4415
69 -1031
-1911 -4544
5484 -2618
3998 6941
-3487 -4620
6348 -1153
-2071 -796
-368 9042
-7899 -4735
-8542 -2980
7971 -2901
-4489 3164
-4615 6926
1314 2633
1200 4640
2561 -3684
8822 -3417
7613 -2473
9554 497
-9227 -496
-4425 2925
-7166 1137
-6893 -737
7138 -544
79 -5090
-8001 -3374
4629 -4850
2814 -5771
132 9970
-4843 4862
-3686 -1760
-588 4894
-5091 2312
-5161 -780
4922 7877
9738 -1740
461 5196
5428 -5647
-3414 5644
480 -9714
6866 -6511
24 674
8111 -1014
-5614 2032
-1093 -6032
3848 -1063
4743 -906
2366 -5761
-6098 6192
-9044 -2126
2499 301
1974 383
4001 6351
-5190 885
-8003 1283
-1194 5600
-6637 3858
3959 1832
-365 9649
-4535 -268
-2496 8391
6828 1702
4490 -5017
3008 -1149
-4991 -4773
-4673 1336
-7058 5865
2558 1098
-7695 4183
-5917 -5408
-8914 -1388
1068 -8388
5345 -3326
5339 7683
-5653 -1920
5533 -7561
1177 -6037
757 8825
2852 807
7062 3324
-6242 5100
-6094 -7485
102 7192
6300 899
3386 -4113
-7288 -2429
9084 3283
-6616 61
904 7236
-216 284
-2517 -5411
2900 4803
-2280 -3424
8444 4759
-1437 1100
-6481 -1610
-5045 -3180
-1845 -978
-9550 -1648
6741 -5006
-3916 4699
2435 5423
1375 -3796
6204 3418
-5516 6708
844 -3709
-2479 9055
486 -4146
-2030 -2407
1125 -6888
5864 5166
8599 1752
331 4290
3855 4754
-5554 -1799
6880 -4306
5233 2573
-5514 -7602
-9487 371
4728 -6880
-8550 -1117
-4707 -1575
-4289 -6930
-5390 -7207
8038 -4767
-3259 -8940
8236 -3960
-7956 -3210
5754 2117
3725 -6405
8062 4725
-1500 313
-2913 -2743
7068 -1826
1308 7197
1152 -3612
1488 -4525
-1311 -685
-198 588
2696 -36
-8703 4136
-8914 1787
998 -5022
6505 2671
-3938 -7142
-3933 -8267
4341 2810
5193 -5119
1577 -8106
8898 -1567
3545 977
-8000 -4675
3698 -5194
-6606 3055
919 2291
477 -3710
-75 9932
-5018 235
-6794 -6627
-373 -1174
1581 -1371
-8852 4549
4597 1346
496 6984
-2489 -2897
-6929 784
-3402 -8155
6860 -6283
-8523 -993
21 1241
-438 -9755
1712 2748
2523 -2038
-1297 -4236
-353 -6655
5021 3679
9539 114
-1515 4669
-4295 -8818
-2657 7264
-9042 452
-5775 3622
7074 -328
7132 -6107
-108 9759
944 575
-1099 -643
5185 6745
-5882 1127
-4122 7868
7394 -6665
-6538 -2558
6726 -4038
2689 -2446
-6665 -3003
-1180 -2558
6537 -3524
-5027 -7099
3830 -4862
-3055 7021
-281 4982
-5483 -1972
2249 -3340
-8990 -1815
1167 3924
7375 2694
1525 -4571
1073 1545
-3562 -837
1390 1214
-412 2552
2236 5565
5590 -5578
-2928 8560
6835 662
-6668 1759
-5831 6973
1899 6751
-6732 4853
-2430 644
-3366 4877
7929 4480
-6825 -6963
4118 -2159
362 -9674
2414 3607
-3292 -2780
-5340 -630
3543 -4276
6567 6642
424 -7685
4017 -1733
-6421 4641
3917 4879
1702 2519
-8131 2039
3695 5848
628 -4722
3834 4116
-9151 2353
-5702 -1087
6255 3047
768 -7506
2833 -5197
-1406 -7697
3968 -5377
9896 -317
7013 6192
-7291 1807
-3220 -3813
-2881 -9028
1304 8815
7782 648
-4182 -692
3246 787
-82 6792
5601 -3999
9641 -2020
-3507 6288
6024 -5640
-426 2694
562 -3351
-841 6794
-6434 4554
3652 5629
-7532 -1308
1850 4450
22 -8915
1887 1888
7034 -2128
-4302 -8268
4226 -2465
-8066 -5217
-1651 156
-3154 6301
4115 3094
5016 -2850
3728 6746
-8367 -3022
7297 -183
-452 -5836
1894 3769
-5219 6147
-4443 -2894
-600 -7634
3936 -3233
4868 -5626
-9065 -1924
4428 3559
-5795 -7371
951 224
-3758 -3376
7053 3167
-7549 -2355
-9687 590
2387 5026
2659 -885
-5 -9799
-7544 3655
7766 5445
493 -7583
-6185 5807
-5774 419
-881 -9202
-725 -8085
3394 3541
2480 7428
-2702 -9402
3306 -7810
-428 4795
7479 4204
1885 5368
-2795 -5976
8695 -192
3224 6901
3601 1774
-2284 7166
4143 3307
6815 -4246
8059 4883
-4231 -1068
-5735 -5117
-3264 -7568
-708 580
520 2628
-3280 8904
-5423 -3124
-1713 95
-2356 8797
-5363 4447
8097 -1797
682 1367
1255 4523
-6089 -6374
-5409 5562
-4149 8299
-3288 5590
-1711 -9029
1637 5060
6627 -1826
-5669 2943
174 3123
4943 -2649
-3374 -719
536 8580
3419 -1502
3078 -1038
6548 911
4658 -2351
2545 2311
-5580 -7421
4858 -1660
-1335 -487
-485 408
-2309 3154
-2195 9468
-1266 -8789
5988 3978
2374 3151
-1479 -5294
-7359 167
-1340 -2923
2743 809
-1669 7293
2168 4057
-2761 -6975
2070 8126
627 898
5915 3461
-4163 2071
-6345 -714
68 -7317
3067 6482
-5535 -3328
3070 -8564
143 6564
-7625 64
-3345 -8400
-1929 -5490
-946 6434
-7507 -2065
3951 5927
-7289 2255
-4759 -215
-5329 -832
-2031 3179
4913 -1960
5198 2821
6222 -7165
3731 2820
-4572 -3977
-1381 -2531
7524 -4966
7773 5345
1314 5677
3474 908
-5001 8579
-3108 -3959
-960 -3390
7934 2137
4875 8112
-2552 8476
-5411 179
3414 -6252
4394 7142
2439 -8076
-6178 -2234
4481 2797
-1805 6968
-391 -586
232 -3109
5635 -7295
-1857 -9131
-2412 3481
-3719 502
1292 168
-2925 -7164
8696 -1969
4227 1239
992 4452
5924 3378
4088 8092
5245 3468
6586 1257
-3735 2058
4329 -3519
1751 9188
-5116 -4009
-5824 7638
1937 2833
-4816 -3310
6170 2026
1204 7037
2432 -6937
3020 -519
3859 -767
896 -4289
-1213 5875
4122 881
5240 5289
4272 -3504
-1770 -3035
-2117 -4987
-3227 5958
-3584 -1860
-357 6236
1207 -8277
-1571 3706
-1461 9333
4219 -8396
925 716
-2732 2496
-2274 -3077
9293 -104
-6680 3997
-1670 -7414
-8746 -1113
-2580 -6271
4430 1838
6401 -2344
5270 2512
8112 2979
-1135 -744
4167 -6719
587 6814
1 4708
-140 717
-217 7044
-5535 -1549
-9472 918
-9790 -1287
-1038 277
3856 8611
-2200 -8331
-3718 -1337
-5366 -1826
-4687 4962
-3977 -5661
7961 3457
1610 -3430
-2769 -6798
4920 2684
493 -8846
122 4902
3469 -2246
8465 -3666
147 -7057
1866 -5560
-1714 -3143
6899 -5104
-295 1783
-6755 6921
2160 4140
-5478 3178
-5710 -7199
-1158 3626
2697 3807
5798 -4098
-4735 789
-8184 528
-474 -1517
2546 -139
-3178 7490
-1125 -9424
7066 -4755
-5172 -7881
7021 2135
-1720 -3922
1349 -8009
6303 2846
1292 -2152
-266 -3367
-6557 1626
5295 5895
2183 -4335
-7123 -932
1540 -530
-6705 902
8434 -3851
2119 -5502
-3250 6137
-2429 -7736
1026 6287
2943 923
6091 358
417 6884
2203 -8068
-3620 5541
114 -3345
-697 7879
-1492 -5381
-947 6165
-9327 927
42 210
4758 -3127
-3547 -6578
4031 -7605
7235 -1775
877 6311
-8396 -2541
-5485 -8258
-2087 5834
-9838 -71
748 -5203
3157 -8478
1557 -8345
-8330 3604
2236 -6566
556 7829
5671 -5728
7313 -326
-3510 757
-4028 1826
1914 3351
3054 -4763
8372 1070
4839 7165
-4961 501
-9011 3791
-6091 -7813
-7120 -3886
439 5289
2942 -8746
7259 5393
-4047 9080
1581 -220
-1384 -2652
6110 3367
-4141 -2231
-379 -1413
-1087 -3467
-6297 -7303
2514 -8458
5545 4259
4732 -6662
-3150 -4468
-5265 -3025
-1799 -5248
1023 -6721
5381 -5600
-5461 4102
-1237 -1282
-1051 -2050
5821 5134
503 -8794
-2922 -724
-4710 -611
-1756 5230
-4554 4362
-7118 -982
-8621 -3597
-5095 -5924
-3458 5213
-2198 -3330
4529 5605
7007 -4484
1012 8606
6788 2871
-3074 -2305
-52 3021
-9235 -894
-659 -6284
2646 -2144
5493 -7511
-8123 4523
-3358 -460
8924 3295
4017 -8708
-2902 1759
630 -7694
885 8915
2943 -5241
77 6018
-7400 -2183
2080 -4788
-614 976
-1053 9795
-7820 -4621
5428 182
-837 -1735
-4393 5757
-264 12
-3149 -3866
6217 -2146
-5836 3470
5768 -6716
-921 -5798
4642 -6756
3855 -6204
6850 6805
-5560 2515
5348 -7833
5224 5789
-7767 1257
4265 -7148
7392 5003
1187 -9082
-3963 -5648
-1193 2766
-4067 1838
-3592 3223
-6865 -3414
-2629 -4760
-6509 -1521
-4272 6871
-4583 1331
-1597 8727
41 4878
-4859 4173
-2329 -6527
1113 6064
-6367 -1021
-3513 3577
-6347 -727
4526 1254
-5049 -92
-4879 6509
-1667 -1621
6319 7667
4858 5724
-858 -9866
9764 669
-3983 -2837
9849 914
3554 2119
3246 9342
-3575 4890
-1058 2654
7132 6295
7175 1361
7740 -50
-1346 6053
-2942 2206
-2608 -3436
-6109 7377
-5060 1774
-1512 -3930
-1084 -7523
2430 6312
4924 6065
3931 -3818
4840 -5627
5082 -5002
1309 -2840
-115 3334
3120 -5181
4516 -91
7113 1886
4518 6514
-3138 -5054
6810 -977
1778 -8649
-6338 -4375
4034 -3820
-2086 -6321
-1801 -6705
6804 -6477
3648 -8440
-1506 -8816
-6697 -601
5795 -4654
1117 3234
-3544 7262
-294 -360
-2004 1141
2193 15
6260 6262
-3044 -7026
6953 355
6957 -4120
-5905 2362
168 2356
-277 -1230
-6680 -3251
-2397 -5841
-1722 -775
-5373 6735
6737 -2662
-37 4099
-1475 -4298
-7825 3492
-3768 1709
6805 5032
40 -8771
-1839 -1106
-547 -4659
-108 -3979
8162 4280
-4426 7516
3663 -4409
1146 -6592
8046 -5767
5360 -4248
-4481 8904
-3563 -4863
2253 -8225
3522 -6340
-2546 1279
-4476 5171
6267 4162
-3753 -4363
-3112 -26
3283 -1491
5840 -4609
8405 4945
-8817 1508
-3612 240
-4863 1733
-1031 6512
-3997 5752
3003 -3884
3364 685
-5631 -3396
-8625 1436
7142 -2374
400 4830
4579 5320
2179 1166
109 -3166
-1957 -7993
328 -4903
-937 -9539
2217 9504
7817 2488
-5340 7742
-5529 -6622
-925 7516
-6849 1747
3212 5809
3387 3393
-738 474
5413 904
1840 -3229
5766 -3287
-625 -8962
8283 -4427
796 -8152
7831 3712
-8521 4810
88 -4091
2293 7704
-8579 2034
4541 -2875
7038 367
6161 4132
-1646 -8377
3868 -2098
-2116 3579
-315 1340
-8550 -4765
1827 5436
-1671 7056
-7008 3858
-7001 -3026
7956 3660
-4212 8894
6234 5031
-4083 -2788
-2588 -7129
5322 6613
4526 8000
3433 -250
140 -1200
-2928 -94
-8203 1928
3914 -7456
3974 -8617
-838 3444
-8309 4840
-7669 2516
-9893 -1260
-2807 786
-4542 2614
-2931 1927
-4840 7659
-978 -7229
2343 6513
-3933 -179
-2390 5271
1236 5712
-4816 -3945
-7684 -2958
-3962 -8058
-8120 364
-8209 -1854
-4912 218
-426 -9511
-283 -7126
4094 -6482
870 2637
1561 9838
5842 -7144
8809 125
-1202 -3778
-2830 1781
6944 5267
8818 -2049
-6615 6262
6345 1084
-6830 -4020
4613 -8801
-8775 3700
-6160 -630
5122 3308
-8281 5073
-3022 1454
3700 -7019
-5791 2976
421 2615
-4577 6129
-5772 -8046
-7979 -3827
6600 5107
1901 9809
1428 7440
-3955 -2322
291 7233
-2895 -2481
-732 -8205
-4127 -3151
-1862 -3560
6185 -6927
-5147 -5549
4328 3336
7517 -218
8611 3257
2104 679
-1347 -6681
50 2940
-6835 -4884
-2727 8269
-7032 4621
-745 -2840
1115 -1624
-181 191
-344 352
5635 -6977
-2731 -5144
272 4245
-1186 -1251
7427 -3510
-771 3744
-3853 -3018
-902 2338
7663 -1739
-1344 -6076
8466 -5308
5816 7041
-4974 -1475
-5097 -1352
6898 7226
-6774 -1225
6522 -1669
9309 1023
-2085 7384
-7747 1995
-7229 5990
-2317 -1714
3767 2140
-202 -2344
-5871 3129
-5016 -746
-5997 -6599
1829 -2872
1703 8380
-2295 -254
-2828 -6261
-3012 -8414
6307 5801
6669 7198
-1028 -929
5101 -4598
-4246 7007
-8386 -3846
-3124 -3069
-5927 -6831
4467 4784
3052 3760
2280 2135
-2953 -3282
2567 -2007
813 -6672
-8979 2304
-2570 -936
-6823 -6747
6582 -4137
4798 -5924
6366 -4282
215 3621
-2026 2128
7704 -392
5637 -4204
-198 -6004
-4127 8594
-2262 6863
-2852 842
4803 6331
7812 -5
-593 -3267
1214 4695
4266 1565
8038 -4196
-128 2322
1539 1730
-2408 5110
6923 -5155
-4672 5514
7612 -5774
-4206 -7225
-2939 -8181
140 9374
-541 7775
-8047 -1402
-8216 2228
-1404 -8654
3338 -2272
2613 3815
-6893 6565
1759 -2782
-1922 173
-4852 -4865
6356 4027
-6980 -6120
-3750 -1166
-288 -5753
7197 -6256
5762 4966
6096 -4783
2850 -5236
-4579 8145
7163 5754
-1012 -4271
6624 134
-4092 1540
3819 4671
-2927 573
-1849 -4666
1228 1388
6896 -4996
7756 -1116
478 -1911
-7212 4744
2369 1846
426 -6742
762 -4695
6537 7330
-3550 -1635
818 8087
-3023 8070
-2551 -7563
2466 5830
5417 -5879
-4168 -6596
606 8896
-3378 -7705
1697 -6362
3694 -3987
5028 7083
-6865 4336
5983 7712
6611 6328
2012 3683
-3285 -848
596 2922
-2999 -9472
-5968 4343
-1793 -769
836 -445
9172 3904
5992 3274
-6496 5583
-8162 -850
8654 -116
4231 5761
2252 -6964
1644 -8478
-1077 -7688
-4311 -3752
-673 8378
8417 582
6953 3052
2775 -2281
-5087 3050
2440 -5390
-815 -281
-4448 7533
-6762 2513
-4086 -7585
8669 -2741
-754 8013
-6066 -5437
1658 -2279
7712 2487
5424 -2839
-6516 741
4852 -6864
-1517 -3120
2905 -7322
-5733 -1251
-4182 -5131
2922 7460
-8299 2470
-6308 -853
9628 1956
798 4354
6688 4677
7315 119
3731 -7711
-2779 3889
-4199 8059
5675 6747
-7680 -1753
-1357 -617
4532 5749
-1889 -879
-66 9815
6898 -2442
3852 -7689
-8943 -4382
-8524 -1989
7949 1321
181 -6726
5913 239
9093 964
903 1179
-170 -1986
-2956 -7520
-4001 -6397
3970 3810
-594 5145
-4343 -8687
2823 5352
-2610 -7565
2925 4873
5277 1863
-2382 9659
-4266 7684
-4226 6007
-1543 2137
8 -5896
-2694 8093
3867 -5628
-760 1346
1019 -8101
-584 -7503
8445 292
-5276 -7169
3249 -992
-2968 -9232
6040 -2998
-387 1552
1283 9175
4821 -4750
92 3466
-3149 -7468
-7349 -974
5314 -1267
-818 6941
641 1395
6452 2614
994 5138
-580 1493
3746 -3574
6448 -6379
-3656 6576
-8435 1406
5660 7228
4790 -7134
6190 -4378
5756 -4263
-5219 2869
-6933 -7079
2236 -7579
-7895 5900
3386 -228
5624 6498
5999 4928
248 -3504
7178 4450
-5504 -3471
-8773 2920
-2029 8795
-4381 8023
8764 3516
4097 4088
1540 -603
3256 -701
8260 -120
4967 4007
-6294 -2936
3637 -4120
-2034 -1575
-5575 -5742
6458 5540
-3029 6270
1860 -6975
-6267 -6913
2968 3975
8293 -4546
-3821 -4266
-244 -7001
541 5710
-1470 9829
6102 -5648
4216 65
-7753 61
-7814 -1554
6333 7518
-5521 -3853
836 -4993
-2622 -5723
6206 743
-1097 -20
-5238 -254
6248 4434
-985 -4040
4137 -3869
2788 -1700
333 -1332
-2292 4648
2796 -3144
-8358 3558
2196 -4503
-749 -896
2689 -5190
-3661 -7059
-6590 -3282
-4801 -2281
-1342 5517
5148 5693
5104 1811
-5274 3516
4540 3412
-1002 -2495
-380 -2011
6179 -2591
872 7606
-9772 1028
2954 -6735
1182 9062
-7645 479
-8558 3181
835 3118
-5418 -7868
862 3509
-3772 6459
3172 -7607
-4445 -1290
6013 -4477
5578 2094
-1748 463
2713 709
-9343 -401
1328 6933
-4132 -6174
-4602 808
6267 1524
-9812 -328
-1182 2756
5847 875
4210 4066
5142 -3915
-614 -7818
-3429 -2273
-4669 8598
3175 5409
-8098 2744
-4196 5355
-5950 2891
-2658 -8199
2512 215
2614 -3181
-3418 5074
-2790 4314
-4303 5352
-5027 -8355
-2279 -8331
-5866 4499
2527 8566
5912 -1898
3261 3955
-2820 -1294
8236 4972
912 6700
-1168 -7960
-6113 -4598
-2570 -2625
1005 -8516
2390 -6627
-8204 4670
-66 -8353
814 4699
-8874 -2226
6666 -5233
761 4770
-4923 4243
-1836 -3236
-2688 -3625
4346 3946
7586 -1631
-8350 -4943
-150 -5043
-3437 2772
-2640 -1629
8459 -2359
-2531 -3723
4615 2169
7534 5497
7056 -6455
580 498
3301 -6051
7905 3468
-462 311
8072 -4548
4801 -6827
3901 -8894
-7692 -2172
-8750 -772
-5794 7843
4872 7151
6307 -4352
5608 -292
-4452 -1998
3360 -3482
2200 2923
-7601 -6332
6661 -45
7819 -1133
-89 668
-52 106
3940 -1621
3716 317
5277 5778
1837 7246
-7847 -3658
212 -2537
2248 6034
-6996 3177
5851 -372
6273 -3097
-7623 6035
1997 -6468
-6639 -5712
-3366 5902
2660 -9471
6546 -3048
-2630 -48
-4815 8191
-1512 -4467
5190 -3199
3507 -8367
6967 -5873
-4156 -6869
2916 1779
5500 4145
-8835 2079
-3102 -6926
5761 451
1924 5045
-6333 895
6073 3454
9270 -2613
-5691 5539
1044 -234
-5684 6422
-2847 -5478
-2920 4195
8204 -5670
-4266 -3034
-1569 -1892
6666 828
-2540 -5090
-8729 2140
9 -2561
-9172 3874
-8691 -3368
-1364 4072
-4080 -5964
235 -3060
-3609 2604
-7596 -5724
-952 3780
-6428 -3403
-1544 1667
4387 6064
674 -5499
-3480 1465
711 -1463
-4301 3213
-4083 -8233
-6955 4868
6908 -1872
-1128 -3800
601 -2797
-5127 422
-1403 6457
-4325 6797
2584 -6265
3792 -3380
4648 -5656
1938 -7136
5208 -2505
2446 7742
5500 -48
-7762 6122
7438 1366
-5835 3349
-841 -9420
1011 5797
-5453 -1333
-5945 4964
5480 -7375
-8423 -4853
-7785 -1995
-3102 -3045
7408 -4123
4812 -148
-3825 -3454
-2531 4646
-5257 -3922
-570 -3961
-381 1017
-4217 -8396
1476 -5087
6080 2508
9103 -1727
-628 -4823
2195 -9588
-1926 6805
-3688 -4244
-5403 7491
6008 5276
2408 4037
5651 -2345
7393 1913
4193 -8254
-4714 -629
-4420 443
-2601 5825
-1702 385
-8204 5626
-7841 2422
-7296 -3933
-1656 -9205
-691 507
8248 4690
-4364 7153
-3971 6145
-9246 2604
-4082 4485
3574 8490
2529 8711
-1528 9683
4799 5638
264 -5100
6143 3943
804 -8841
2820 -8063
2899 2270
-343 109
2754 3301
-4037 2071
-5049 -5853
8644 -4171
8666 -2896
-7675 3085
-6310 -2203
7624 -5972
-2394 3956
-2935 -5086
-1718 6942
70 -76
3658 9166
-4276 -8398
318 1112
-9173 -2210
-4842 -3275
-730 -5462
2609 2486
-3745 -3769
-4551 -473
-4426 7411
-7471 -1368
-6831 -2815
-6853 802
-9277 -924
-6151 5806
-4291 4471
-3332 68
3985 3768
3758 7516
8899 -4094
-1238 -7929
-6559 3961
-585 5251
4582 5182
-2519 -7253
362 587
3984 5845
-3170 7049
-2965 -188
7361 3417
2824 5003
-9603 496
-3632 -6149
-9546 2319
6498 -3593
3602 -7088
-656 996
1591 -9428
-2542 -8825
-2669 3097
8316 -1989
-6939 -6426
5383 615
-2938 -6999
1219 -4123
-7532 510
-4803 -3877
9027 -3454
-3735 5024
1803 -5018
-937 74
-5479 2213
9053 -859
6832 -406
4289 -8570
-360 -3835
-667 9226
2404 -522
-4663 -2683
6178 -3776
899 7381
-4096 6905
1692 8376
8714 -4708
-8890 4475
-3148 -8426
-6147 -395
-2435 8142
-7955 -1020
3665 -21
-5083 5354
-5522 -3683
1941 3834
679 -6806
1619 3850
-3824 2787
-2693 -3780
-1964 4241
1010 1697
-1143 -1982
4258 5370
1844 -7050
-984 -8981
-5125 -1309
9053 -1053
-1932 -3637
-2373 7995
-6385 3807
432 3026
1497 -9791
-1781 -9157
8452 136
4239 7000
-6157 -2041
7698 -3894
-7358 1228
-5661 6722
1694 -9177
5209 3340
-2672 -2424
-1028 5167
-5225 -5561
5200 -6873
-7558 64
2805 8074
-8331 -4575
547 1746
1372 5427
-4327 955
5798 7984
3275 -309
-3181 1651
5368 -2985
3029 -8684
-676 -738
-1084 5124
188 -9829
2057 -168
-3339 7259
8671 734
8575 -2856
-3416 1211
-424 3625
8930 2517
-9152 -1775
673 -8954
-54 -7279
1006 665
298 -7490
-5470 6302
-4022 2718
4966 -3258
4053 109
1044 9229
-1103 6322
3452 3608
129 -3213
1433 -9188
4052 -957
5352 5367
-350 -204
3067 -6803
-6638 -5979
1368 4438
-1858 8924
2119 -3145
3345 6180
4098 -4700
-9107 4087
-3602 5493
-6649 1668
-1770 3688
-1456 869
7294 930
-2417 -7664
3397 -5601
410 9547
-2711 6141
-4181 3735
136 658
3616 -4108
-4881 -2905
-913 8269
8085 4189
-3297 -7708
-4644 -5713
-2018 -4277
-933 7930
4329 7887
2064 -6758
1907 3326
2020 8127
-2352 -3027
-3374 -7569
5171 -51
363 1552
6439 -2990
6434 5348
-8629 2216
-6444 2163
-1885 -386
7000 1077
-9580 -612
-6134 -1841
3874 1317
-6310 -29
1346 -4234
4839 -1931
5272 8391
-5838 -2579
328 7664
-40 7038
4530 -1567
-4152 1994
596 -420
4208 -7044
8617 -4391
-4100 -827
3814 6921
5503 -1769
6358 2428
1612 3239
-3751 -4711
1285 -9065
4224 -1362
678 3378
-4310 -8928
3396 -4389
-6438 4493
-438 -1306
6241 238
6039 -1606
1678 -82
3906 -7901
5679 918
-5848 5793
6813 2984
1259 -7663
4346 4980
6229 7596
3527 -1871
4052 1920
-5011 463
-2073 4755
-6858 -1177
407 9963
-8206 5454
7287 2082
-7331 5307
-696 -8382
-1380 2061
-3609 1727
-8764 -845
1925 -7549
-8483 1613
-1119 6910
1404 -2591
4805 -3784
3747 -2881
-8439 -4092
-5903 -5831
-1315 4423
5803 2217
1314 3547
5941 -1032
8802 2294
3840 8642
-2651 8144
-1327 -7572
-2925 -7415
3537 -1455
7287 5528
-1858 4332
-1576 2709
2136 -5134
-389 -853
139 -2559
6472 4910
9103 -476
2428 2900
489 -6558
-6574 -1849
-9971 751
3075 3976
5409 1947
1773 7829
3000 -8962
1801 -7128
6711 4178
-3944 2887
-287 -3486
-4522 8766
-3829 1102
898 4186
-9212 1346
-892 -2850
5749 -7548
-2577 -6583
-8658 4827
2232 6481
5470 3944
-2426 -5856
-3826 507
4911 -1282
-6417 347
4953 3001
-4333 6788
2577 -9614
2953 8693
5105 5077
-6474 -1237
2870 -8721
-106 4895
-3191 7307
-7482 6153
-7789 -3556
-8141 -552
-1502 -4661
1819 6636
-660 1419
6595 1958
-3246 -8046
5050 -7380
655 -8825
6512 -5518
6968 4770
-5499 5908
-6999 -5671
8442 2784
-4423 5234
-2406 1614
9528 -1162
-4786 -7559
175 8972
6261 4467
3429 8807
-578 -2013
1857 -5665
5053 2350
-238 -1929
-5902 -798
-1632 -446
-1311 1702
4312 8940
-4979 -2743
2364 -6415
1985 2943
-3608 -9259
5424 2776
-5165 2538
6927 2089
-755 -9019
1249 5272
358 183
-4220 1296
-2037 8744
6917 1187
3744 2532
9802 96
-6921 -5909
6804 -5334
5555 4670
-4968 -6905
78 1215
5346 8121
7887 2245
4727 1813
-6560 295
-854 919
3595 8344
8505 -3777
-9780 -587
6450 -7412
831 9417
-419 -3578
1009 3859
9196 225
4682 2206
4873 2628
-3547 6858
-8470 -805
9011 -1627
-7194 1089
893 -3664
-2172 -2189
1873 4483
-1110 -6544
9851 -1608
332 2896
-4497 -6671
-5597 -8140
-6994 5093
6307 -1973
-5424 3947
617 -2487
8778 -3049
-366 -8210
600 -2892
541 760
3707 8532
-5514 290
-1252 -394
629 1737
1193 -5897
-2636 -1343
-468 9209
4621 6073
-1158 2048
5308 7248
7103 4911
-3186 8318
1656 -4617
2269 5218
-9721 89
-7840 -1864
-4819 5663
8637 -850
6494 -2464
-158 -1156
651 7933
2835 1236
9504 -2800
-789 3479
-4127 3649
-1759 7943
-5332 -4881
-2284 -1726
-6816 -480
-4679 -8645
-8800 -2893
8391 -623
-1205 8161
-7454 -1775
2997 1164
-6312 471
-3027 -9355
3384 4576
3464 -2842
8496 114
-6053 5578
-6854 -4243
6910 -4833
3580 4888
-5413 7857
765 -1631
-6100 5358
3515 -3863
4701 6064
928 5196
-3645 -7416
-1032 -2011
3790 -3943
3860 1199
4015 -8842
4910 -5372
-858 -6475
5252 6844
982 8250
1707 -4601
5467 6065
-6147 1947
410 -4185
2368 -188
-6000 -7399
358 -152
5040 -332
-5203 1011
-969 -8471
-349 -8368
6109 -4654
9727 582
3676 8226
5936 -111
8034 2138
-6820 393
2831 -2250
1250 787
95 -7963
-6061 -828
6214 -6739
1445 9853
505 5121
-7825 3125
-928 -7779
-3433 2792
-4486 8341
-4986 4765
5816 -452
871 -5078
2498 9639
-6004 3482
-9385 1701
7128 5617
3390 6401
-1350 -7471
-6768 -4431
9979 -644
-7705 -1875
-6395 -707
-5284 -5940
-9267 -2744
-4521 -3792
-4993 7298
3023 2595
-548 8505
-131 -6825
4582 1401
4588 -4587
7978 -2081
3402 6861
5903 -6886
-2201 -9601
-7701 -675
8514 -3085
-6651 -1882
-6868 2641
5898 26
-810 1524
4216 400
1590 2724
-351 2856
907 2363
-1329 -7790
-9430 -862
-9724 920
-1093 -2770
-3649 -4246
-1160 7460
8876 -2321
3234 3590
3333 3970
-3957 3186
-7386 3484
4009 6627
-3166 5930
6751 2948
4430 4726
2618 7601
734 -4347
-3286 5843
6099 -2024
5558 6419
-6150 -7622
-1380 -6465
-5879 2122
-3915 -4805
1362 -3318
-94 -4642
-6569 -5610
1029 -9391
-2641 4449
5941 -2651
4462 2141
-1316 2277
-2889 2879
-6899 5236
-1862 -9186
9338 -1386
673 -8497
2491 -4092
1172 350
7401 2835
1256 -8524
-5620 -4292
-8574 -412
-3394 472
6270 4891
6209 4420
819 2913
5217 1539
-837 -1933
4523 1268
3216 1577
4136 -7241
2860 -2104
610 -7593
-7029 2614
-660 -6060
-6797 -366
605 -5008
-6653 -4226
-9658 -346
5006 8568
6179 5698
6183 -6847
4789 3611
-6768 -6078
-7488 -2227
7781 3913
7464 4942
3921 -4697
1432 -8384
-7329 -2800
6949 -6526
2135 -4150
5485 7992
-1911 2924
-3673 7469
8193 -1987
-1356 576
8154 3933
903 -3959
-5672 7796
2764 -1687
-8881 -3908
7040 -5882
3138 8188
-382 -4824
1594 -7042
-777 5925
4815 -2154
6461 2106
-1055 6456
5162 -7025
-1825 -5193
-3503 -5514
-9326 3597
3080 -4752
-2723 6091
7691 -112
-5059 3169
594 2002
7804 3130
-4514 -7059
9465 -2177
-1572 6914
7247 -6775
1334 -6197
-7266 -2949
-3509 6593
8058 37
-6416 -1775
3810 6236
29 -4531
951 -8697
-4061 -1709
-6897 -1897
744 2274
6586 -1731
1594 -1769
3249 359
2811 -2161
9544 -1857
3393 4481
-4673 6721
-1700 5232
-8811 577
1090 -4570
2769 125
8336 1187
-2954 -4378
8787 -3892
-4703 6200
-6357 -3009
6819 -772
7660 6263
6727 3176
6792 3521
2143 -2194
-2766 5094
-2229 9425
2936 -8971
6769 1207
-4996 5425
7235 5368
-3995 -9143
-5485 -1834
1942 9385
1694 9846
-227 -3287
-6432 -934
-6668 -481
-3265 8007
5673 -4549
-1741 2413
6189 6464
1488 6406
-1867 8825
-2304 -4475
-1180 -4891
1051 920
6857 -6665
2942 9001
4504 2075
-8574 -2238
5193 5754
8486 2870
-3588 7140
6087 281
1669 9153
859 4247
6340 -3790
-4508 378
3366 2899
1134 7467
-5862 -6143
3956 -8165
1009 -9607
2924 8758
4754 -6838
2585 -7661
-225 1219
-9715 -1941
-930 -7627
402 -8415
-2341 -3996
4372 4828
-5535 520
-2522 4343
3893 -8226
963 -7380
725 -3409
-7702 -5006
3701 -5094
-5241 2926
-2396 -3404
107 5597
-5006 -4277
-4885 -890
-1535 -797
5945 -3565
1709 5060
-2092 -8433
-8460 -5092
-5429 -5443
-4225 -6811
-3246 -465
3002 4293
-1874 -4451
4379 244
-1675 5895
7044 -564
3925 793
-4392 -5154
4753 -4071
8311 -1370
3533 1568
-7337 -2375
-6877 505
-5316 2687
8646 262
773 5396
-2308 -9259
-5660 -53
-3449 -4387
-3834 -4113
-344 -653
8862 1363
6318 6971
-578 -7636
-6694 2920
-4410 4546
-7359 -5839
-4620 -4201
-5598 -3701
-4385 -2231
3312 -1723
-3839 -3700
4806 -1999
5373 6702
-4445 -6347
5346 -2994
2598 -8475
577 -758
3930 9150
-7448 -4682
-3932 -8430
2525 -1011
-175 3788
1275 5769
498 9531
1311 4589
-6701 4834
-3301 -1526
-9783 1674
-3243 -2701
415 6272
2297 -5460
3202 -4375
-8322 1279
5264 462
2942 -4383
6377 -7477
5589 -6730
-8592 -257
2187 -89
7011 -6243
465 3388
9576 -395
-4376 -7739
-1451 6563
-2912 -2912
2014 -8542
191 4290
3257 -6083
5937 3133
784 -4862
-777 -7348
-2067 -8596
1295 -8228
3952 -2905
-2405 5356
-3335 6856
-1189 -8937
-5399 -6773
-1473 8676
-1053 -9804
3345 2615
-1626 -1271
1743 -2598
5229 -242
-2425 -7306
-5203 7119
-6843 6836
-5514 2585
7854 4911
-2128 7751
5489 -1590
7967 3749
-3294 -793
-4297 3018
9106 1162
-2699 -3658
-6309 -5049
-1066 7720
-7143 -3616
2551 3832
-2913 -1559
-3962 -5024
3373 -6919
346 -6594
-7543 2437
1662 7573
-3930 -8561
2594 -2971
1915 6958
-2610 -8156
674 -3563
-7766 -1308
790 7204
1227 -6304
6427 -4357
4646 7834
3779 362
4366 -3585
-6991 -3013
-2047 -8796
-8686 -3841
2552 -4848
-4904 538
1406 -1340
1801 3755
-6173 -4331
-2639 3077
-5620 4120
7198 4726
-6131 -6021
3663 -6232
-1160 103
4640 -2140
-6185 -2913
-1712 -7646
8494 -5215
-6377 3407
-2339 -7353
-521 4615
-4967 802
-945 -7836
5279 -5834
6220 -2863
621 -3373
583 -6424
-7538 889
5429 5947
7450 -4869
3883 237
-495 -2142
1720 -6317
-221 -1268
-1466 -898
9006 -2016
-1641 2254
3024 4720
-4702 3264
-4975 -8564
-150 2638
1369 -3866
6215 -6620
-7539 3107
418 2410
5413 -2018
5097 4269
5833 -7018
-4064 2914
-1457 -206
2915 -9396
-3005 -1220
-725 -8542
-699 -9528
-5598 -426
1571 -9627
7931 3949
-7540 5117
3484 -7272
8342 4216
5559 1645
-2593 5861
4982 2321
-9475 124
-5913 939
-4129 5336
7945 4781
-202 -9016
5052 -285
5090 -7382
-6505 -4699
-9245 2374
-2710 60
8142 -3042
-3824 5535
6102 -528
-6215 263
-6947 -1381
-1343 7250
6118 -7744
-3205 27
-4155 5777
8345 5101
-4016 2829
517 -845
-9509 -2754
-3005 718
1070 5817
-1250 4273
-5889 -5223
3340 2347
7439 2419
-5517 2160
7 6961
-3138 -7871
-492 -3686
-9776 -1857
1493 5964
731 -7341
308 -9901
-7873 4674
-1252 3589
761 1046
6247 -6921
7509 2946
61 -7623
-7773 3276
73 9411
-5003 -6780
-377 8250
-3744 3126
2920 6454
-6607 7267
7015 2409
-2228 -1328
-5553 -2509
3102 -8112
-2771 4662
-4773 8170
-1173 -5646
-3838 3923
1544 -8618
-8837 -3541
3986 8279
-4702 -2554
3235 7547
4646 -642
3427 4381
5950 -2208
2355 -9271
-5586 -5760
8164 -4886
-2087 -6992
2611 1290
1018 -2230
6815 4752
4059 2188
-3801 8580
8172 -3780
8122 4329
-9319 -3297
-5146 2350
-902 -9602
7180 -2239
103 3778
5165 -698
-1494 -1711
4916 -1544
5582 2110
-5614 2736
2218 6884
5941 -3189
3563 -8437
-1491 4812
-1499 -8336
768 7928
6680 -4221
-656 7118
6839 -6422
3014 2032
5985 2834
-622 -467
-2567 -7682
-212 -1681
-669 -8021
2894 6085
7834 -891
