2613
405 0 19 1
646 1 19 1
1135 0 18 1
1961 2 19 1
3898 1 18 1
1344 0 16 1
224 4 19 1
1240 2 17 1
4251 7 19 1
1017 6 18 1
3318 6 17 1
2717 7 15 1
3810 0 0 1
1780 2 0 1
3405 0 2 1
3384 4 0 1
3492 2 2 1
2567 0 4 1
1373 0 14 1
1187 2 14 1
1152 0 12 1
82 4 14 1
1045 2 12 1
1109 0 11 1
1677 7 18 1
2712 7 17 1
1522 7 16 1
1002 0 17 1
3877 1 17 1
3406 4 15 1
3978 3 14 1
629 3 15 1
3399 2 15 1
2907 0 15 1
1327 1 14 1
2479 1 15 1
2079 1 16 1
2141 2 18 1
2516 3 19 1
2909 3 18 1
920 4 18 1
1673 6 19 1
1359 5 19 1
1348 5 18 1
1411 5 17 1
2996 3 12 1
244 4 12 1
1376 5 12 1
4013 6 12 1
4174 7 12 1
2114 0 13 1
556 0 5 1
1977 0 3 1
3792 3 2 1
2267 4 2 1
2534 5 2 1
3761 6 2 1
634 7 2 1
1681 5 0 1
3283 6 0 1
2943 7 0 1
3766 8 0 1
2537 9 0 1
2171 3 0 1
403 0 1 1
2383 1 0 1
237 17 0 1
4239 16 1 1
832 18 0 1
3431 17 1 1
3768 14 0 1
787 16 2 1
910 19 0 1
1746 18 1 1
1941 17 2 1
552 13 0 1
2312 14 1 1
3129 16 3 1
3585 19 1 1
232 18 2 1
261 17 3 1
807 12 0 1
2102 13 1 1
2201 14 2 1
2258 16 4 1
3326 19 2 1
3173 18 3 1
1137 17 4 1
1732 12 1 1
1488 13 2 1
1858 14 3 1
3485 16 5 1
1252 19 3 1
3436 18 4 1
359 17 5 1
2175 12 2 1
2936 13 3 1
900 14 4 1
1000 16 6 1
1092 19 4 1
2963 18 5 1
593 17 6 1
1238 12 3 1
1653 13 4 1
3379 14 5 1
598 16 7 1
2112 19 5 1
2949 18 6 1
3787 17 7 1
4144 12 4 1
376 13 5 1
2253 14 6 1
2300 16 8 1
3376 19 6 1
3390 18 7 1
3170 17 8 1
3175 12 5 1
3537 13 6 1
3640 16 9 1
120 19 7 1
167 18 8 1
511 17 9 1
1332 12 6 1
1590 16 10 1
2580 2 16 2
2848 3 16 2
1439 5 15 2
3214 5 14 2
3701 5 13 2
4264 7 14 2
3734 1 1 2
3553 2 3 2
578 1 5 2
856 2 11 2
575 0 10 2
2134 1 9 2
3987 7 11 2
3953 8 9 2
599 5 11 2
1886 0 7 2
1596 17 10 2
718 19 8 2
2658 19 9 2
3533 18 9 2
7 8 8 2
2813 3 17 2
131 4 17 2
1600 4 16 2
3889 5 16 2
797 6 16 2
430 8 14 2
2562 6 11 2
3660 3 11 2
611 4 11 2
3012 4 13 2
3380 3 13 2
3322 2 13 2
3825 1 13 2
4102 1 12 2
2910 0 9 2
1744 0 8 2
179 3 3 2
1054 4 3 2
3543 5 3 2
685 6 3 2
1290 7 3 2
1091 2 1 2
219 3 1 2
1141 4 1 2
1564 5 1 2
3031 6 1 2
91 10 0 2
97 1 2 2
1155 1 3 2
1932 1 4 2
4191 0 6 2
2754 6 10 3
1119 3 10 3
2811 2 8 3
1546 2 4 3
1419 4 4 3
1189 2 6 3
2691 6 4 3
3814 4 6 3
3153 1 8 3
811 1 6 3
926 1 7 3
1039 2 7 3
1305 1 11 3
1540 1 10 3
2222 2 10 3
3504 2 9 3
2765 3 9 3
638 5 10 3
1050 4 10 3
3139 6 15 3
3815 6 14 3
2187 6 13 3
2437 7 13 3
3250 8 13 3
153 5 6 3
1257 6 6 3
3487 7 6 3
3484 8 6 3
3716 9 6 3
2887 7 4 3
1662 11 0 3
4221 11 1 3
85 10 1 3
1214 9 1 3
3070 7 1 3
4040 8 1 3
3052 5 4 3
1062 2 5 3
1504 3 4 3
1506 8 19 4
1631 9 19 4
2728 8 18 4
1110 11 19 4
549 9 17 4
2080 10 17 4
297 8 15 4
3725 3 5 4
3813 4 8 4
4167 7 8 4
4198 6 8 4
1647 19 19 4
2777 17 19 4
4269 19 17 4
218 8 17 4
304 8 16 4
2100 9 16 4
2932 10 16 4
4149 19 18 4
1324 9 18 4
2483 10 19 4
2555 10 18 4
557 11 18 4
2247 16 19 4
1577 15 19 4
3526 14 19 4
2927 13 19 4
2352 12 19 4
1409 18 19 4
691 3 8 4
3404 3 6 4
1416 3 7 4
1462 4 7 4
3241 8 12 4
1315 4 9 4
3861 4 5 4
2295 5 5 4
3479 6 5 4
241 7 5 4
3194 11 2 4
3520 10 2 4
1671 9 2 4
879 8 2 4
870 8 3 4
938 9 15 5
2638 11 15 5
4156 9 13 5
73 13 15 5
3483 11 17 5
3550 13 18 5
3107 15 18 5
4127 16 18 5
311 8 4 5
1821 9 14 5
3085 10 15 5
2864 10 13 5
3630 10 14 5
9 14 15 5
989 15 15 5
915 16 15 5
1760 17 15 5
2197 18 15 5
3731 12 18 5
4253 12 17 5
70 13 17 5
3922 14 18 5
1321 14 17 5
1595 15 17 5
2764 18 18 5
3410 17 18 5
3104 11 16 5
2269 8 5 5
2331 9 3 5
2606 10 3 5
3029 11 3 5
819 11 4 5
1066 10 4 5
3354 16 17 6
3562 16 16 6
3691 17 16 6
625 15 16 6
1676 14 16 6
2416 13 16 6
4257 9 4 6
2560 11 5 6
4060 11 6 6
3181 18 14 6
3713 17 14 6
4155 18 13 6
1481 19 11 6
3387 13 14 6
1734 11 14 6
2680 9 12 6
96 17 17 6
689 18 17 6
2872 18 16 6
3636 19 16 6
3869 19 15 6
609 9 11 6
2205 10 11 6
393 17 13 6
1627 14 14 6
2160 15 14 6
1035 16 14 6
3054 16 13 6
3061 15 13 6
4027 11 13 6
3176 12 16 6
3627 12 15 6
591 12 14 6
569 12 13 6
709 13 13 6
2668 9 5 6
2956 10 5 6
194 10 6 6
4083 9 8 7
1112 11 7 7
2387 12 7 7
2951 11 8 7
3138 9 10 7
3587 17 12 7
3617 10 12 7
3851 11 12 7
3613 13 12 7
3818 11 10 7
573 19 10 7
2242 18 10 7
760 14 7 7
2761 14 8 7
2948 13 10 7
918 15 12 7
3749 19 2 7
4282 18 2 7
4016 19 0 7
1125 17 1 7
227 15 2 7
3972 17 4 7
1331 12 0 7
3019 13 0 7
387 19 1 7
2117 18 1 7
1711 18 0 7
1808 17 0 7
723 9 9 7
2549 10 10 7
2027 19 14 7
2981 19 13 7
3184 19 12 7
3305 18 12 7
1046 18 11 7
3132 16 12 7
1731 14 10 7
2028 14 13 7
3203 14 12 7
3141 11 11 7
3252 12 12 7
170 13 7 7
314 13 8 7
336 12 8 7
60 13 11 8
124 19 3 8
2782 18 4 8
3364 17 2 8
1685 15 3 8
2880 12 1 8
467 13 2 8
2514 15 1 8
1617 16 5 8
3609 13 1 8
1914 18 3 8
2382 17 3 8
669 12 11 8
1221 12 10 8
136 14 11 8
2599 19 4 9
2687 19 5 9
3581 18 5 9
3603 17 5 9
3821 17 6 9
4011 16 7 9
4026 16 6 9
3743 14 5 9
3961 12 2 9
4278 12 3 9
3765 13 4 9
271 13 3 9
337 16 1 9
1138 16 2 9
2213 16 3 9
3620 16 4 9
1706 19 6 10
2110 18 6 10
2869 19 8 10
2379 17 7 10
3976 16 11 10
4051 16 10 10
2529 12 4 10
748 13 5 10
1375 12 5 10
3542 12 6 10
1955 13 6 10
2328 14 6 10
2303 19 9 10
652 15 11 10
2070 15 10 10
2198 17 11 10
2509 17 10 10
2851 19 7 10
3167 18 7 10
2923 0 19 11
3638 1 19 11
1280 0 17 11
1545 3 19 11
4093 3 17 11
3657 5 18 11
166 16 9 11
339 17 9 11
799 18 9 11
1218 18 8 11
1907 17 8 11
1979 16 8 11
2083 5 17 11
3971 0 18 11
1320 2 19 11
2960 1 18 12
4039 1 17 12
1136 2 18 12
1887 3 18 12
2466 4 18 12
3963 4 17 12
432 0 15 13
1115 1 15 13
2579 6 10 13
3413 4 9 13
1723 0 16 13
4031 1 16 13
1162 4 10 13
2167 5 10 13
1262 6 16 14
2682 5 14 14
2746 5 13 14
2000 7 14 14
2016 8 14 14
93 4 13 14
1445 3 13 14
2196 2 13 14
83 1 13 14
1202 1 12 14
2165 3 4 15
972 1 11 15
1335 1 10 15
2501 2 10 15
2979 6 3 15
3162 7 3 15
2865 11 3 15
3001 2 9 15
3586 3 9 15
310 7 4 15
3048 8 3 15
3968 9 3 15
978 10 3 15
814 7 16 16
1422 7 17 16
1832 7 18 16
1882 7 19 16
2528 6 19 16
3631 5 19 16
1265 3 18 16
1878 1 17 16
1985 8 19 16
2832 9 19 16
2899 8 18 16
190 10 14 16
468 1 16 16
1940 2 18 16
1965 2 17 16
3930 2 16 16
2603 3 16 16
1438 4 19 16
3149 4 18 16
931 8 17 16
1966 8 16 16
869 9 16 16
1337 9 18 16
2174 6 18 17
2590 2 3 17
223 2 5 17
1273 3 8 17
3929 16 17 17
182 17 17 17
626 11 19 17
1144 10 16 17
1146 11 16 17
1173 10 15 17
4050 11 15 17
1753 9 8 17
1472 18 9 17
220 18 17 17
3069 6 17 17
1289 5 17 17
1499 4 17 17
3102 4 16 17
3059 2 11 17
582 3 11 17
3343 4 11 17
2278 4 10 17
2322 5 10 17
3489 9 14 17
3983 9 13 17
604 10 13 17
2185 11 13 17
632 10 19 17
676 12 19 17
3297 8 10 18
1296 0 10 18
1922 0 9 18
3334 0 8 18
1696 6 11 18
1781 16 16 18
3607 15 16 18
933 13 17 18
1358 10 8 18
2713 10 6 18
805 10 4 18
2434 18 11 18
2327 10 12 18
843 12 12 18
2413 9 10 18
1783 9 9 18
3778 3 9 18
3502 2 9 18
3729 1 9 18
3781 1 8 18
754 11 4 18
1311 11 12 18
2263 15 17 18
617 10 3 19
825 9 3 19
1182 8 3 19
1896 8 2 19
2078 8 1 19
2771 7 1 19
3634 0 0 19
1895 12 7 19
2912 19 13 19
4018 18 13 19
3088 16 13 19
161 15 13 19
452 11 10 19
519 12 10 19
1739 13 12 19
3317 16 7 19
631 19 5 19
1517 17 5 19
2648 19 3 19
3015 17 6 19
3310 16 2 19
2384 19 4 19
770 17 2 19
331 16 6 19
1862 19 12 19
2400 18 12 19
2284 16 12 19
4245 10 10 19
757 10 9 19
2984 13 7 19
276 13 8 19
3669 12 8 19
2681 7 15 19
1256 11 11 19
3558 12 11 19
3028 13 11 19
896 6 1 20
2467 5 1 20
2631 4 1 20
3711 3 1 20
64 1 0 20
2709 0 2 20
78 8 16 20
812 9 16 20
3917 8 17 20
4220 9 17 20
2814 11 18 20
2980 13 18 20
763 13 16 20
2299 19 15 20
1841 16 15 20
3493 15 15 20
326 19 7 20
2914 18 7 20
2424 14 6 20
121 12 2 20
81 12 3 20
821 19 6 20
2301 18 6 20
2856 18 5 20
406 18 4 20
24 18 3 20
472 17 3 20
1099 14 5 20
1093 19 14 20
3548 19 16 20
2115 18 16 20
3352 17 16 20
4139 17 15 20
4250 18 15 20
1471 18 14 20
128 9 18 20
399 10 18 20
1384 10 17 20
1866 11 17 20
492 12 18 20
2068 12 17 20
2655 12 16 20
1864 0 1 20
534 14 18 20
1029 14 17 20
4141 14 16 20
3180 0 18 21
3695 0 19 21
742 11 2 21
3258 10 2 21
3561 11 1 21
3579 9 2 21
2065 1 2 21
1654 7 2 21
3415 6 2 21
923 4 2 21
2405 15 14 21
2607 16 14 21
3331 19 9 21
1970 19 8 21
3803 18 8 21
3033 17 14 21
3239 17 13 21
264 1 1 21
636 11 0 21
1096 9 1 21
3690 10 1 21
784 10 0 21
1512 9 0 21
2030 8 0 21
3294 7 0 21
3383 6 0 21
4176 5 0 21
595 4 0 21
1310 3 0 21
3582 2 0 21
954 2 1 21
3263 2 2 21
2605 3 2 21
1833 3 3 21
1176 5 2 21
1408 1 19 22
3370 2 19 22
3819 3 17 22
887 0 17 22
1651 0 16 22
1863 0 4 22
2493 0 5 22
2532 2 9 22
2566 8 15 22
3018 12 14 22
1510 14 4 22
550 12 1 22
1736 1 9 22
1911 1 8 22
1572 0 6 22
201 0 3 22
3425 1 3 22
2124 1 4 22
1067 1 5 22
2545 1 6 22
3286 1 7 22
1477 9 15 22
1918 9 14 22
3893 9 13 22
4003 10 13 22
1502 0 13 23
1722 0 14 23
3782 1 12 23
3837 0 15 23
2940 3 19 23
4252 4 19 23
175 4 18 23
3407 4 17 23
3409 6 10 23
3692 5 10 23
790 19 10 23
1242 18 10 23
107 16 3 23
3568 13 4 23
1773 13 1 23
1824 16 4 23
210 1 16 24
1875 1 15 24
3401 1 14 24
482 5 18 24
258 5 15 24
2995 5 14 24
4183 3 11 24
2518 3 9 24
2073 5 9 24
364 4 5 24
1161 7 8 24
2922 12 8 24
3992 15 11 24
1799 17 9 24
1630 13 7 24
1087 13 11 24
253 17 7 24
87 17 8 24
294 1 13 24
893 4 11 24
2870 14 7 24
20 14 8 24
1083 13 8 24
417 3 16 25
2992 2 14 25
3278 4 16 25
2756 5 16 25
3072 7 15 25
1266 8 14 25
3513 4 3 25
4157 13 14 25
1750 19 11 25
1845 19 12 25
3143 17 11 25
1249 15 12 25
2417 15 10 25
4131 13 10 25
2735 17 3 25
3573 19 2 25
1901 18 3 25
235 2 13 25
2195 7 14 25
2473 5 17 25
899 17 10 25
3308 18 12 25
4080 17 12 25
3995 5 19 26
2823 7 16 26
3145 0 12 26
683 2 11 26
1915 2 10 26
3340 1 4 26
1149 6 3 26
3472 11 14 26
3583 9 12 26
1105 15 1 26
4 17 2 26
1967 19 1 26
3604 19 0 26
3800 16 1 26
248 18 2 26
8 12 11 26
1101 11 11 26
1890 9 11 26
1549 10 11 26
2211 10 10 26
236 10 9 26
506 3 10 26
1633 4 10 26
2375 4 9 26
3518 5 3 26
101 5 4 26
214 5 5 26
2888 6 5 26
962 1 17 27
1666 3 18 27
1860 7 19 27
1197 7 17 27
3952 2 2 27
735 8 8 27
1500 8 9 27
2334 1 5 27
2598 2 8 27
207 8 19 27
3789 10 19 27
889 4 8 27
2408 15 17 27
2776 13 6 27
746 13 2 27
1061 18 0 27
1635 18 1 27
3549 17 1 27
3805 17 0 27
208 1 6 27
250 1 3 27
3083 2 3 27
502 1 18 27
3312 2 18 27
4259 2 17 27
272 2 16 27
498 2 15 27
1835 3 15 27
3521 3 14 27
4222 3 13 27
202 4 13 27
4200 5 13 27
92 7 18 27
981 6 19 27
813 6 18 27
3147 6 17 27
3154 6 16 27
1248 6 15 27
1267 6 14 27
2627 6 13 27
66 9 19 27
2671 12 6 27
2597 7 11 28
815 3 2 28
1690 3 3 28
42 2 5 28
3763 3 8 28
1950 8 18 28
3265 19 19 28
3823 18 19 28
366 17 18 28
3121 16 17 28
3433 9 14 28
2512 18 14 28
3136 14 5 28
3233 13 5 28
667 9 13 28
1935 12 5 28
976 12 4 28
2015 12 3 28
4237 13 3 28
1413 0 10 29
3798 0 8 29
1836 8 0 29
3572 10 0 29
1831 11 17 29
818 7 3 29
3234 9 3 29
512 7 5 29
639 8 5 29
3451 11 19 29
4124 12 19 29
3279 19 18 29
2757 17 17 29
864 10 14 29
2450 16 6 29
355 16 4 29
2129 15 2 29
409 16 5 29
3123 0 9 29
459 0 11 29
608 1 11 29
1805 1 10 29
2733 1 9 29
1542 1 8 29
2581 1 7 29
3080 2 7 29
3539 7 4 29
4006 10 1 29
461 9 0 29
2849 10 13 29
740 11 13 29
1272 12 13 29
1285 13 13 29
12 12 18 29
2362 18 18 29
16 0 0 30
1838 0 1 30
3443 2 0 30
3994 6 5 30
3039 4 0 30
3652 5 0 30
1175 7 0 30
2077 9 1 30
3212 11 16 30
3990 17 19 30
4057 16 19 30
1826 13 19 30
2612 10 3 30
1536 12 17 30
3273 16 16 30
1076 9 8 30
3315 9 9 30
426 3 0 30
3109 5 5 30
3221 5 4 30
4078 5 3 30
466 5 2 30
2192 6 0 30
3276 12 16 30
1443 16 18 30
509 14 19 30
316 15 19 30
1761 15 18 30
3556 14 18 30
1894 17 16 30
357 1 0 31
3557 1 1 31
3712 19 17 31
1645 11 3 31
2530 11 4 31
1728 19 14 31
434 15 16 31
1005 12 7 31
86 10 9 31
2012 17 4 31
607 18 4 31
908 18 3 31
2625 18 2 31
3306 18 1 31
160 17 1 31
3515 17 0 31
1 2 1 31
1164 3 1 31
2194 4 1 31
493 5 1 31
1802 6 1 31
2357 7 1 31
2159 8 1 31
4267 19 13 31
2785 19 16 31
381 18 17 31
867 18 16 31
1689 18 15 31
540 17 15 31
1479 17 14 31
1284 0 19 32
1899 0 18 32
2220 1 18 32
3208 4 15 32
850 3 13 32
975 8 17 32
3862 9 17 32
991 18 9 32
1562 18 8 32
1574 9 18 32
510 8 16 32
422 0 15 33
1466 0 14 33
1615 0 13 33
3038 2 13 33
423 11 0 33
721 11 1 33
1226 11 2 33
1548 9 16 33
3848 13 17 33
3900 11 11 33
148 15 13 33
3131 13 12 33
3710 16 8 33
2950 17 8 33
319 17 7 33
3197 16 13 33
3186 17 13 33
544 18 13 33
2617 12 11 33
727 12 10 33
3786 10 11 33
1425 10 10 33
2804 11 10 33
41 10 1 33
868 10 2 33
886 9 2 33
1372 9 15 33
2689 4 19 34
2659 1 19 34
3158 5 18 34
3366 5 17 34
835 4 9 34
907 4 10 34
3903 4 11 34
679 5 12 34
437 7 13 34
4145 0 3 34
3000 10 8 34
3773 16 7 34
929 0 2 34
2264 1 2 34
3260 1 3 34
2130 2 3 34
306 3 19 35
475 3 17 35
666 4 18 35
955 4 17 35
2662 4 16 35
2808 3 16 35
970 2 14 35
2008 5 14 35
664 4 12 35
1555 7 9 35
1943 5 10 35
3854 2 4 35
172 11 18 35
447 12 18 35
2056 13 18 35
162 10 6 35
2420 19 6 35
2170 19 4 35
2653 19 5 35
61 2 19 35
1659 10 18 35
2646 10 17 35
1612 10 16 35
469 14 18 35
880 14 17 35
1241 5 19 36
3527 6 19 36
3724 3 15 36
2137 5 16 36
500 7 15 36
3182 7 14 36
465 0 17 36
3885 3 10 36
1371 5 1 36
2106 5 2 36
2371 12 16 36
3269 16 5 36
826 17 7 36
2128 17 6 36
3665 12 4 36
2685 16 2 36
3941 19 3 36
74 17 5 36
3599 16 3 36
1661 0 16 36
2108 3 14 36
4022 4 14 36
327 4 13 36
383 5 13 36
3919 5 15 36
2091 8 1 36
2367 7 1 36
756 6 1 36
1159 14 16 36
2368 13 16 36
2139 12 3 36
2890 13 4 36
1976 13 3 36
77 7 19 37
186 7 18 37
303 6 18 37
2915 3 18 37
203 1 17 37
338 7 16 37
950 0 12 37
1393 8 14 37
3661 8 13 37
1608 4 1 37
2396 4 2 37
3374 5 4 37
4255 5 9 37
72 10 4 37
3367 14 15 37
2564 18 13 37
333 13 13 37
3079 13 1 37
1889 1 16 37
3464 2 18 37
2186 2 17 37
1231 2 16 37
3078 7 17 38
3105 3 12 38
3357 2 12 38
4263 2 10 38
123 0 11 38
872 1 4 38
3688 0 4 38
67 2 2 38
2601 2 1 38
2818 5 3 38
3235 2 6 38
1680 4 4 38
589 6 2 38
2821 7 2 38
2916 3 8 38
2929 16 15 38
1056 3 11 38
3709 2 11 38
1134 4 3 38
956 6 17 38
1893 6 16 38
52 15 15 38
860 0 10 39
1851 0 9 39
2769 0 5 39
2985 0 6 39
4203 1 6 39
198 4 6 39
2173 6 6 39
2521 5 5 39
2768 8 18 39
1945 6 3 39
4133 19 19 39
744 12 13 39
2758 11 13 39
135 8 6 39
4205 19 16 39
1625 10 5 39
2226 9 12 39
3161 17 8 39
726 9 11 39
347 5 6 39
693 7 6 39
3883 11 5 39
1544 11 6 39
54 19 15 39
715 19 13 39
460 0 0 40
789 0 1 40
3973 0 2 40
4268 1 2 40
3225 7 10 40
1122 2 8 40
1924 0 8 40
2248 1 5 40
2576 2 5 40
2730 4 5 40
3932 6 5 40
228 15 18 40
407 16 17 40
1383 11 14 40
1579 16 14 40
759 15 12 40
804 16 12 40
967 16 11 40
859 18 12 40
2231 19 12 40
772 17 10 40
4098 12 8 40
3282 19 10 40
2895 19 8 40
108 15 1 40
1710 19 0 40
3160 17 0 40
3358 1 3 40
112 2 3 40
249 6 4 40
985 7 4 40
1770 13 8 40
752 15 14 40
1370 14 18 40
3528 19 1 40
440 19 7 40
3753 19 9 40
245 19 11 40
2770 16 13 40
2022 4 0 41
2498 5 0 41
2704 6 0 41
3363 7 12 41
717 8 10 41
934 8 9 41
1024 8 8 41
699 5 11 41
1813 8 19 41
2338 9 19 41
2919 9 0 41
471 6 1 41
764 10 13 41
4049 9 13 41
587 8 16 41
2422 12 14 41
3694 12 10 41
1235 16 10 41
3049 15 10 41
84 3 9 41
1431 2 9 41
154 7 8 41
901 8 12 41
1420 8 11 41
1457 7 11 41
1018 8 15 41
833 9 14 41
2122 9 15 41
1459 0 19 42
3777 0 18 42
4266 1 1 42
441 4 15 42
2178 4 14 42
4038 4 13 42
1211 10 0 42
1613 10 1 42
2069 9 1 42
2140 0 7 42
1297 7 0 42
2972 10 19 42
3360 11 16 42
2347 15 19 42
3511 16 19 42
1449 11 12 42
2800 18 14 42
2541 15 11 42
3969 13 10 42
1801 16 9 42
3006 14 6 42
1130 12 5 42
4262 18 2 42
3040 16 18 42
863 18 19 42
1818 17 19 42
3402 17 18 42
2419 18 18 42
2959 18 17 42
882 18 16 42
3967 18 15 42
1131 16 1 42
2994 13 3 42
3540 10 12 42
4067 1 18 42
32 1 0 42
2004 2 0 42
2111 3 0 42
3134 3 1 42
1090 3 2 42
2082 3 3 42
3546 3 4 42
119 3 5 42
1403 3 6 42
17 7 1 42
3106 8 0 42
1906 8 1 42
3499 1 16 43
3501 0 16 43
1678 0 14 43
661 3 14 43
1021 3 13 43
2217 5 13 43
3834 4 8 43
2393 8 17 43
2720 9 17 43
1160 11 17 43
1547 9 2 43
3775 10 11 43
3560 17 9 43
2886 14 5 43
2118 10 10 43
2660 0 13 43
288 0 15 43
94 8 2 43
1158 9 18 43
1336 10 18 43
1707 10 17 43
1620 15 17 43
3628 2 13 44
287 19 13 44
479 19 14 44
618 7 3 44
979 9 3 44
2569 10 3 44
3812 11 0 44
964 9 16 44
2257 10 16 44
517 14 16 44
1775 12 11 44
2212 11 11 44
3339 11 10 44
3142 17 8 44
875 19 2 44
2282 12 6 44
4172 13 6 44
2889 12 1 44
2893 12 0 44
3296 13 0 44
3045 19 15 44
290 19 1 44
1891 13 5 44
1960 8 3 44
3675 10 2 44
4137 11 1 44
19 11 2 44
217 11 3 44
585 11 4 44
1903 11 5 44
1996 11 6 44
521 9 15 44
695 10 15 44
712 11 15 44
914 12 15 44
2096 12 17 44
537 4 19 45
2753 3 19 45
1825 3 17 45
2391 5 15 45
2898 6 15 45
3375 11 19 45
4190 12 19 45
3600 7 5 45
3764 8 5 45
260 16 16 45
1430 15 14 45
1973 16 13 45
2667 12 12 45
3948 16 8 45
133 7 6 45
1692 7 4 45
2356 8 4 45
3659 9 4 45
4143 9 5 45
1165 9 6 45
2686 13 12 45
1794 15 13 45
178 13 19 45
706 14 19 45
1557 14 18 45
3218 6 19 46
1030 4 18 46
1688 6 16 46
1916 1 19 46
3956 2 19 46
1171 3 15 46
1514 1 15 46
1328 5 14 46
1364 19 18 46
2023 14 4 46
2884 13 2 46
2177 19 17 46
2511 18 0 46
1069 18 1 46
2009 17 1 46
4241 17 2 46
2017 5 19 46
345 1 18 46
2619 13 4 46
1586 7 19 47
1699 7 18 47
2399 5 18 47
2456 4 12 47
2918 4 11 47
3344 3 11 47
3396 4 10 47
3913 2 11 47
1837 15 15 47
2614 15 16 47
3997 15 17 47
1812 18 18 47
3065 18 16 47
952 12 7 47
3934 13 7 47
1569 18 15 47
1618 18 17 47
777 17 18 47
834 17 17 47
1123 17 16 47
351 17 15 47
2679 17 14 47
2801 17 13 47
4081 17 12 47
684 17 11 47
1528 4 9 47
600 6 18 47
648 3 18 47
1107 14 7 47
1829 14 8 47
793 13 8 47
1868 7 16 48
2505 4 17 48
3901 0 13 48
3915 0 12 48
2064 3 12 48
2837 8 14 48
2458 6 14 48
830 5 12 48
3808 2 10 48
3905 2 3 48
2109 5 10 48
3791 7 9 48
584 10 7 48
1234 14 17 48
3541 10 10 48
844 2 12 48
1779 7 17 48
1127 6 17 48
563 5 17 48
1059 5 16 48
199 4 16 48
3215 3 16 48
106 7 8 48
1892 0 11 49
2732 8 13 49
4056 8 12 49
109 0 4 49
762 0 5 49
2829 1 3 49
3016 0 6 49
3770 1 6 49
765 0 9 49
4001 11 7 49
3025 17 5 49
3839 17 4 49
3933 12 3 49
3140 12 2 49
1473 12 1 49
3456 12 0 49
803 13 0 49
1207 0 10 49
1151 1 4 49
1210 2 4 49
2204 8 11 49
2846 7 15 49
3981 7 14 49
145 13 3 49
386 0 17 50
612 1 17 50
1509 0 0 50
3577 1 0 50
2088 3 0 50
2784 0 3 50
3120 3 1 50
3463 3 10 50
3960 3 9 50
4117 2 9 50
328 7 11 50
3735 5 3 50
2280 2 6 50
1527 10 17 50
143 12 17 50
174 9 14 50
1674 13 19 50
1806 2 0 50
213 9 15 50
1529 10 14 50
713 14 19 50
1782 0 1 51
1876 0 2 51
3524 7 12 51
672 6 0 51
738 5 0 51
1461 4 2 51
3704 4 3 51
3884 7 10 51
2443 8 18 51
3647 3 8 51
1530 4 6 51
4223 5 5 51
491 6 6 51
1503 7 6 51
2727 11 6 51
817 10 15 51
1883 10 8 51
1975 7 13 51
4216 6 13 51
1032 6 12 51
487 5 6 51
4210 10 6 51
193 4 0 51
1013 4 1 51
2494 5 1 51
1340 11 8 51
1015 0 19 52
1790 0 18 52
1971 1 18 52
277 1 1 52
3232 1 4 52
4277 2 4 52
1412 4 4 52
4123 5 4 52
1789 0 8 52
2272 4 9 52
2967 5 2 52
3301 6 2 52
2496 6 5 52
2991 2 8 52
3183 14 18 52
694 16 15 52
1604 13 11 52
637 19 7 52
1774 19 6 52
3832 16 7 52
1501 19 19 52
692 18 19 52
2468 17 19 52
163 4 5 52
234 1 5 52
1871 2 5 52
2664 1 2 52
3074 2 1 52
3597 2 2 52
3064 3 2 52
567 3 3 52
1239 3 4 52
2067 3 5 52
3503 3 6 52
858 8 11 52
1139 8 10 52
2316 8 9 52
885 8 8 52
2762 7 8 52
541 5 9 52
71 13 12 52
570 0 15 53
576 0 16 53
948 1 16 53
958 9 0 53
2098 8 0 53
2406 7 2 53
2767 8 19 53
2348 15 18 53
4082 16 18 53
3188 11 5 53
1006 12 13 53
2370 11 13 53
2734 12 16 53
3200 16 14 53
4058 16 6 53
324 19 5 53
3324 19 4 53
3816 16 4 53
1198 15 2 53
662 16 17 53
35 17 18 53
1670 17 17 53
2931 17 16 53
1474 16 5 53
3769 5 11 53
2245 9 19 53
4178 9 18 53
1094 4 13 54
3084 0 14 54
4085 11 0 54
1535 10 2 54
3224 10 3 54
1244 7 3 54
2120 9 13 54
2615 10 13 54
1993 19 13 54
2086 19 14 54
59 10 18 54
169 11 18 54
2982 8 6 54
4217 14 15 54
300 16 12 54
3369 15 12 54
3593 16 11 54
4132 15 13 54
4236 17 7 54
2610 17 6 54
323 19 15 54
3859 18 15 54
3879 17 15 54
3904 6 3 54
139 6 4 54
419 5 1 54
820 6 1 54
3507 10 14 54
2164 5 19 55
3179 4 19 55
503 3 16 55
3319 3 13 55
2954 5 13 55
4109 6 13 55
947 10 0 55
3245 10 1 55
2533 9 1 55
1867 0 7 55
995 9 3 55
3850 18 12 55
2084 19 12 55
1885 6 12 55
267 11 1 55
505 11 2 55
2216 11 3 55
3099 11 4 55
3172 10 4 55
1669 12 4 55
55 6 19 56
431 6 18 56
1727 3 17 56
2061 4 16 56
2472 2 13 56
3516 4 8 56
2542 9 15 56
2902 9 16 56
4218 11 17 56
1762 9 11 56
984 17 9 56
1068 13 4 56
1842 14 2 56
1086 19 3 56
2820 17 2 56
1259 14 1 56
1369 14 0 56
1386 15 0 56
369 17 1 56
2296 13 3 56
3852 14 3 56
2298 9 10 56
3353 7 13 56
410 9 2 56
446 7 0 56
892 7 1 56
1791 8 1 56
3011 8 2 56
4066 8 3 56
374 10 16 56
1792 11 16 56
871 7 19 57
1475 7 18 57
1634 7 17 57
4036 6 17 57
494 7 14 57
705 7 15 57
48 4 18 57
33 3 19 57
2719 1 19 57
3216 2 12 57
2862 3 11 57
4273 4 10 57
4120 8 15 57
3 14 19 57
28 15 19 57
29 16 19 57
1972 13 5 57
3853 14 5 57
318 5 18 57
1804 3 18 57
3911 2 19 57
4100 2 18 57
122 13 8 57
1276 12 8 57
4187 11 8 57
601 8 16 57
1052 8 17 57
1934 9 17 57
4188 9 18 57
1279 9 19 57
1691 10 19 57
1921 11 19 57
2021 12 19 57
2592 12 18 57
247 13 18 57
1174 13 17 57
2492 7 16 58
2252 6 16 58
1387 4 17 58
3086 0 13 58
3708 0 12 58
1735 2 11 58
2766 7 5 58
668 9 4 58
3554 15 15 58
919 15 17 58
3662 16 17 58
2376 17 19 58
2642 12 15 58
1170 18 13 58
1772 10 12 58
2636 12 11 58
2904 12 10 58
3335 18 11 58
527 19 9 58
26 19 11 58
2481 19 10 58
1193 6 15 58
1603 5 17 58
1622 5 16 58
1949 5 15 58
4106 7 4 58
711 8 4 58
3757 8 5 58
2254 10 11 58
1859 11 15 58
3289 11 14 58
280 12 14 58
292 3 15 59
654 8 14 59
1206 0 11 59
1399 0 10 59
2988 3 12 59
3755 4 12 59
681 18 19 59
1418 18 18 59
1984 18 17 59
255 15 16 59
2013 18 14 59
144 11 12 59
3112 11 11 59
3026 16 10 59
3323 15 10 59
3514 19 8 59
2207 17 8 59
346 17 18 59
547 17 17 59
649 4 11 59
2741 11 10 59
443 14 16 59
371 13 16 59
1275 13 15 59
2385 13 14 59
1695 0 17 60
3938 0 0 60
4062 1 0 60
3247 1 15 60
363 1 3 60
913 1 2 60
191 2 10 60
229 1 5 60
3480 2 5 60
3447 5 12 60
1857 18 15 60
3227 15 14 60
2515 16 13 60
2435 15 11 60
2478 16 8 60
155 16 16 60
400 5 11 60
1810 12 12 60
1520 13 12 60
3412 14 14 60
761 6 14 61
847 5 14 61
940 0 1 61
1228 0 2 61
2351 0 3 61
13 3 0 61
1103 4 0 61
1648 3 1 61
3717 4 1 61
420 7 13 61
2752 7 12 61
936 3 10 61
1322 3 9 61
2344 2 9 61
150 19 19 61
200 19 18 61
1664 19 17 61
1769 19 15 61
3639 13 10 61
3656 12 6 61
149 19 2 61
1277 19 1 61
3017 19 16 61
1560 18 16 61
724 17 16 61
922 17 15 61
1178 17 14 61
3920 17 13 61
4002 17 12 61
2251 6 15 61
23 2 0 61
2640 8 13 61
4180 8 12 61
1261 6 12 61
1483 0 19 62
4279 0 18 62
95 0 4 62
3912 0 5 62
4240 0 6 62
1518 0 9 62
996 5 1 62
1650 14 4 62
1959 13 2 62
3118 12 2 62
37 15 1 62
2176 2 18 62
2500 1 18 62
2463 0 15 63
3552 0 16 63
2152 2 17 63
2674 1 1 63
3293 3 2 63
3993 3 3 63
1036 8 10 63
2227 8 9 63
2486 8 8 63
3510 7 8 63
3744 1 4 63
4000 5 0 63
1958 7 0 63
2447 7 2 63
2789 8 19 63
3041 14 14 63
3050 11 8 63
3466 12 8 63
1944 14 7 63
2454 14 8 63
3302 17 6 63
1237 18 4 63
4185 16 5 63
982 12 4 63
1908 12 3 63
769 12 1 63
1623 12 0 63
1854 13 0 63
1585 18 3 63
902 13 3 63
2835 14 3 63
321 1 17 63
2326 2 1 63
176 2 2 63
456 2 3 63
3220 2 4 63
2202 8 11 63
451 6 0 63
1995 9 0 63
2583 8 0 63
1451 11 7 63
1313 12 7 63
2666 13 7 63
89 0 14 64
256 6 11 64
903 11 0 64
1969 11 1 64
2722 11 2 64
4061 11 3 64
206 2 6 64
2540 6 1 64
4104 10 6 64
3328 13 8 64
588 16 9 64
1640 19 0 64
3622 18 0 64
796 18 1 64
320 1 6 64
1245 7 11 64
231 7 1 64
1186 8 1 64
1140 8 17 65
853 5 3 65
2908 6 3 65
3199 4 5 65
4021 6 9 65
4171 6 8 65
1128 3 8 65
606 10 2 65
1011 10 3 65
2451 16 19 65
2476 14 6 65
1539 13 1 65
3316 15 19 65
1834 13 6 65
577 4 19 65
1703 9 2 65
146 8 2 65
31 5 11 65
857 8 18 65
2270 6 19 66
2329 5 19 66
4142 6 18 66
3595 3 17 66
3623 3 18 66
1041 4 16 66
2669 1 14 66
3428 6 2 66
1339 0 8 66
2998 9 17 66
3780 4 6 66
904 4 9 66
3653 6 4 66
1414 15 18 66
2876 11 17 66
4181 11 16 66
2093 12 14 66
4048 10 14 66
3408 16 18 66
159 17 18 66
977 17 17 66
240 5 18 66
463 5 17 66
1230 5 16 66
56 2 18 66
309 1 18 66
1233 1 17 66
1759 1 16 66
98 5 2 66
3509 4 2 66
1532 4 3 66
296 3 14 67
525 3 16 67
690 2 8 67
1628 7 9 67
2440 6 5 67
3940 13 7 67
448 7 4 67
782 8 6 67
1997 10 4 67
2259 14 16 67
2190 12 16 67
1611 11 15 67
2570 7 6 67
504 6 6 67
3707 5 6 67
104 5 5 67
513 5 4 67
1534 4 4 67
2346 3 4 67
3598 3 5 67
1270 3 6 67
749 12 7 67
3525 11 4 67
1333 7 3 67
2223 11 14 67
3939 14 15 67
2168 10 15 68
2573 10 16 68
3418 10 17 68
3914 10 19 68
1043 4 8 68
1436 11 7 68
3056 11 6 68
3495 12 19 68
3588 16 15 68
4110 16 14 68
925 9 9 68
4033 15 13 68
365 16 12 68
3760 16 11 68
1055 13 11 68
1554 17 9 68
3068 17 7 68
402 12 5 68
2366 14 5 68
2041 16 6 68
4256 14 2 68
1758 13 5 68
1814 13 4 68
4270 13 3 68
1724 14 3 68
3022 11 5 68
3361 10 5 68
1121 15 12 68
3455 13 12 68
734 9 19 68
464 9 18 68
849 10 18 68
1823 11 19 68
1047 11 18 68
164 14 1 68
2342 14 0 68
2485 15 0 68
722 7 19 69
2650 7 18 69
1306 7 16 69
1928 3 15 69
3745 1 13 69
3774 8 14 69
1205 6 12 69
1848 6 13 69
2214 5 13 69
2817 0 11 69
3044 0 10 69
736 3 12 69
1492 8 16 69
1925 13 19 69
2428 12 17 69
2508 19 4 69
1288 16 4 69
1352 8 13 69
3817 8 12 69
340 7 17 69
2461 9 16 69
57 9 15 69
809 9 14 69
966 9 13 69
1646 10 13 69
564 11 13 69
1343 12 13 69
729 12 18 69
3614 0 17 70
18 6 16 70
619 0 13 70
2055 0 12 70
2828 1 12 70
3846 8 11 70
80 18 19 70
3462 18 18 70
988 18 16 70
3092 14 17 70
733 9 8 70
2802 18 14 70
1947 19 14 70
1954 19 13 70
2841 16 10 70
4007 15 10 70
677 19 7 70
751 19 6 70
2268 19 5 70
1113 16 3 70
2629 17 1 70
354 17 0 70
110 19 3 70
1195 18 3 70
53 19 12 70
1756 19 11 70
3486 19 10 70
1839 18 17 70
2412 6 17 70
2183 10 1 70
3512 10 0 70
1317 14 18 70
3767 13 18 70
4193 13 17 70
1380 13 16 70
776 0 3 71
2842 0 2 71
1163 7 15 71
3633 6 15 71
3649 4 15 71
4129 2 11 71
2059 9 0 71
2397 16 16 71
4189 9 12 71
4196 9 11 71
373 11 10 71
1629 19 8 71
1565 9 10 71
401 10 11 71
414 10 10 71
138 1 11 71
3210 0 1 71
2003 0 0 71
719 1 0 71
1992 8 0 71
1513 8 1 71
1619 8 2 71
4192 8 3 71
134 8 4 71
211 0 19 72
659 0 18 72
1080 4 19 72
3563 4 18 72
268 1 15 72
753 2 0 72
1733 3 0 72
2921 4 0 72
1294 2 2 72
36 3 5 72
3219 6 6 72
2937 8 5 72
714 15 16 72
779 17 8 72
1304 16 7 72
2315 4 17 72
3393 5 18 72
3962 7 5 72
2807 7 6 72
4037 15 15 72
4128 14 15 72
3612 6 14 73
4199 8 13 73
1278 1 2 73
1511 1 3 73
2365 2 3 73
3075 2 4 73
3345 3 4 73
1452 3 6 73
1480 15 17 73
1493 8 12 73
1274 7 14 73
1341 7 13 73
1394 7 12 73
142 0 14 74
404 0 15 74
883 0 16 74
1188 0 6 74
1550 2 5 74
3730 2 10 74
187 11 0 74
771 6 11 74
2107 19 19 74
3752 19 18 74
158 19 15 74
222 16 17 74
1716 13 10 74
2826 12 6 74
58 19 16 74
1009 19 17 74
1741 18 17 74
2745 16 18 74
3236 13 6 74
686 13 5 74
1410 1 10 74
959 7 11 74
3280 3 19 74
34 10 0 74
1120 2 19 75
3655 2 18 75
4150 2 17 75
580 0 0 75
2126 1 0 75
2975 0 1 75
3103 1 1 75
3918 2 1 75
4194 3 1 75
2781 2 6 75
597 0 9 75
2076 3 3 75
2971 4 11 75
3517 17 19 75
157 9 6 75
1102 12 15 75
2445 18 1 75
470 3 2 75
391 9 5 75
1213 8 17 75
1191 6 19 76
1490 5 19 76
1795 6 18 76
2048 1 4 76
2591 6 0 76
3113 5 0 76
3321 6 1 76
4111 5 1 76
102 8 2 76
196 8 4 76
1491 8 9 76
1657 8 8 76
3168 6 9 76
299 4 3 76
282 4 5 76
1507 8 18 76
1609 13 8 76
3281 14 4 76
3432 12 2 76
2809 18 3 76
3635 19 1 76
1931 0 4 76
2718 0 5 76
3248 1 5 76
3762 1 6 76
548 8 10 76
1909 6 17 76
836 5 18 76
2199 4 4 76
1610 8 3 76
2230 4 1 76
2275 4 2 76
3738 5 2 76
2628 19 3 76
3211 19 2 76
3864 18 2 76
3174 18 13 76
1743 1 19 77
2999 3 19 77
642 4 17 77
2997 3 14 77
3097 2 12 77
3230 7 0 77
370 7 2 77
1008 7 3 77
188 9 2 77
274 2 8 77
1508 3 8 77
3906 6 10 77
4113 8 19 77
116 6 5 77
1303 10 12 77
697 11 11 77
921 14 15 77
1023 13 13 77
1523 19 0 77
1715 18 0 77
2002 17 0 77
45 18 15 77
1254 13 1 77
1850 13 2 77
842 10 11 77
2047 10 10 77
2675 7 10 77
1751 3 18 77
2547 3 17 77
716 1 18 77
117 7 1 77
2803 8 0 77
4126 8 1 77
425 9 1 77
3347 11 12 77
129 3 16 78
2358 4 16 78
2360 12 13 78
2861 11 13 78
3435 10 13 78
660 1 14 78
1385 2 9 78
2372 3 9 78
3444 3 11 78
4202 10 15 78
3529 6 3 78
362 10 19 78
501 11 19 78
894 11 2 78
173 11 4 78
999 11 5 78
1679 8 6 78
1785 14 16 78
2237 11 8 78
4227 16 13 78
708 17 6 78
1999 15 19 78
3024 16 19 78
3288 16 18 78
3867 17 18 78
2287 17 17 78
269 17 16 78
317 17 10 78
627 1 9 78
2436 3 10 78
3110 4 10 78
551 11 3 78
65 11 1 78
1196 10 1 78
596 10 2 78
3931 9 19 78
22 9 13 78
848 9 14 78
855 14 10 78
673 14 8 78
516 14 7 78
2439 13 7 78
2544 15 4 78
1338 8 15 79
1485 6 2 79
4280 4 8 79
1177 12 16 79
4096 11 6 79
1268 15 11 79
2824 14 11 79
3378 15 12 79
3559 10 8 79
3571 16 9 79
1114 19 11 79
2524 19 10 79
1578 15 5 79
449 18 4 79
1588 16 8 79
205 9 15 79
2710 5 2 79
2798 5 3 79
3895 7 19 80
212 0 17 80
293 8 17 80
2693 9 17 80
3427 4 6 80
2810 7 4 80
2969 7 5 80
565 9 4 80
1048 9 5 80
2105 12 19 80
413 13 12 80
137 16 15 80
329 16 5 80
663 15 1 80
2657 14 1 80
1458 14 0 80
103 9 18 80
315 14 12 80
1450 15 15 80
710 12 12 80
126 7 18 80
2639 7 6 80
3108 8 3 80
4088 9 3 80
2490 7 17 81
794 3 15 81
3591 8 14 81
3034 1 13 81
3277 0 7 81
3442 9 10 81
3596 9 9 81
651 14 13 81
1447 18 13 81
2844 12 4 81
114 19 12 81
2522 18 12 81
1116 15 13 81
2234 12 3 81
732 0 8 81
2825 0 19 82
3003 0 13 82
1697 0 11 82
2993 0 10 82
890 7 16 82
4158 6 16 82
4208 7 15 82
3439 4 15 82
1071 6 13 82
1701 8 12 82
2095 8 11 82
2191 4 12 82
841 4 10 82
1169 16 12 82
1124 0 12 82
1879 1 12 82
2480 8 10 82
283 0 18 82
204 1 18 82
581 1 17 82
2853 6 17 82
3605 4 9 82
3392 5 9 82
543 5 10 82
696 6 4 82
1556 3 17 83
2427 3 18 83
4138 1 16 83
189 3 12 83
888 4 14 83
1330 5 14 83
2433 8 13 83
478 9 0 83
1793 10 0 83
2587 12 17 83
4125 14 18 83
395 16 19 83
653 15 17 83
3445 9 12 83
360 18 19 83
2783 18 17 83
3171 16 16 83
368 16 11 83
957 19 9 83
2289 19 4 83
2421 19 3 83
1902 14 0 83
3474 15 0 83
1368 19 2 83
1575 18 2 83
1118 8 16 83
181 9 16 83
100 13 19 83
1766 15 19 83
1849 15 18 83
971 16 18 83
118 9 11 83
628 10 11 83
3388 4 19 83
1323 8 0 83
633 0 14 84
1460 0 2 84
2343 1 2 84
2206 0 4 84
3429 0 5 84
3642 1 5 84
3799 0 6 84
484 2 0 84
533 3 0 84
2698 4 0 84
3125 2 11 84
3733 1 11 84
3936 10 16 84
1353 19 17 84
1694 19 16 84
1980 18 16 84
2390 10 10 84
827 18 11 84
898 17 9 84
2692 19 8 84
1079 12 0 84
3736 13 0 84
2319 10 9 84
2182 3 10 84
1489 2 10 84
1803 1 10 84
1366 1 9 84
2288 1 8 84
3498 1 6 84
3574 1 7 84
3119 0 16 84
3481 0 15 84
3222 1 15 84
301 0 3 84
1053 12 1 84
2044 13 1 84
4232 13 2 84
535 15 2 84
418 14 17 84
1467 1 18 85
3057 4 18 85
2749 6 12 85
3809 1 3 85
10 3 2 85
1991 11 0 85
75 9 8 85
499 11 18 85
1417 12 18 85
3394 11 9 85
1082 19 19 85
755 11 10 85
3488 1 17 85
275 11 1 85
822 19 18 85
2578 18 18 85
2635 13 18 85
647 13 17 85
1496 13 16 85
1291 13 15 85
3266 4 19 86
3693 5 19 86
3927 6 19 86
3955 6 17 86
1558 0 0 86
4114 1 0 86
1994 3 1 86
1354 5 0 86
2244 6 0 86
3423 5 1 86
4032 6 1 86
1432 1 4 86
51 12 11 86
739 13 11 86
2426 4 1 86
2340 4 2 86
1260 0 1 86
2726 1 1 86
4095 2 1 86
3137 2 2 86
2324 7 18 86
3020 6 18 86
3089 5 18 86
132 19 15 86
1312 18 15 86
2063 17 13 86
2101 1 19 87
621 6 11 87
1111 3 4 87
2446 4 4 87
380 8 10 87
572 8 9 87
2414 8 8 87
2637 6 9 87
2944 7 1 87
3155 9 1 87
226 3 19 87
737 2 19 87
1998 2 18 87
643 2 17 87
2127 7 6 87
816 6 6 87
1007 10 1 87
876 10 2 87
495 12 5 87
1963 12 6 87
2678 13 6 87
372 4 16 88
897 3 16 88
1429 1 12 88
1642 3 14 88
1402 3 5 88
3204 4 5 88
3875 3 6 88
88 1 6 88
3459 8 18 88
388 9 16 88
488 9 13 88
1570 10 13 88
2291 8 5 88
242 17 5 88
239 18 5 88
489 12 13 88
891 11 13 88
1594 4 17 88
1258 2 16 88
3209 2 12 88
2594 8 4 88
526 8 16 89
1095 8 15 89
1388 0 8 89
3195 3 3 89
3608 4 3 89
3750 6 2 89
1044 7 0 89
2355 8 0 89
3356 17 19 89
560 9 15 89
994 9 14 89
1012 15 16 89
1346 15 15 89
361 17 18 89
2611 16 18 89
2983 16 17 89
2036 17 17 89
2550 17 16 89
3051 17 15 89
3999 0 9 89
1391 2 3 89
1497 2 4 89
2119 2 5 89
2133 2 6 89
1389 4 2 89
1597 5 2 89
1937 5 3 89
983 8 1 89
998 2 10 90
2240 2 9 90
1566 10 14 90
4075 5 4 90
4175 5 5 90
1764 7 2 90
4103 9 6 90
720 13 7 90
1281 14 7 90
2697 13 8 90
3726 14 8 90
3951 18 10 90
808 17 8 90
1442 14 10 90
2585 16 8 90
3332 18 6 90
2085 14 3 90
3536 13 5 90
476 18 9 90
766 18 8 90
928 13 10 90
520 7 19 91
682 7 17 91
1215 8 19 91
2673 9 19 91
2941 6 10 91
610 12 15 91
1184 13 15 91
2896 1 10 91
2942 2 8 91
3010 3 8 91
3467 4 11 91
3703 4 8 91
3719 8 2 91
3741 10 2 91
4275 18 5 91
1217 17 6 91
21 12 1 91
183 12 2 91
800 12 3 91
1616 15 3 91
3841 18 2 91
1390 13 1 91
1663 19 5 91
3091 19 6 91
3351 19 7 91
3946 18 7 91
2043 17 7 91
1465 7 18 91
3178 6 18 91
47 5 18 91
353 9 2 91
1809 0 19 92
1948 0 18 92
2146 0 17 92
2641 0 16 92
3309 0 15 92
559 3 15 92
2255 8 17 92
2696 9 17 92
3689 8 14 92
743 9 14 92
1820 3 11 92
2317 3 10 92
3448 3 9 92
1075 4 6 92
1404 5 6 92
1649 6 4 92
1712 11 6 92
2392 13 2 92
4159 19 2 92
909 18 3 92
3191 17 4 92
2643 13 3 92
4225 4 9 92
1807 9 15 92
4195 10 15 92
46 2 19 93
69 2 18 93
416 4 17 93
945 1 16 93
3187 1 15 93
3397 1 14 93
986 0 12 93
946 8 3 93
1397 9 3 93
1865 8 4 93
2600 6 6 93
3610 9 10 93
4161 9 11 93
1861 15 10 93
579 15 11 93
623 14 9 93
2345 9 9 93
3008 10 9 93
396 0 14 94
1587 0 13 94
2867 1 13 94
3313 0 1 94
3506 0 3 94
262 0 2 94
30 1 18 95
2546 1 17 95
2552 3 17 95
1747 12 17 95
3785 11 17 95
987 13 18 95
3133 14 11 95
3414 11 10 95
4177 2 6 95
5 0 4 95
2094 9 0 95
2123 7 19 96
4077 7 18 96
27 13 1 96
480 16 19 96
3237 15 19 96
298 9 12 96
3873 7 4 96
