2430
1033 19 13 1
890 17 13 1
95 19 11 1
634 19 10 1
1111 17 11 1
2515 19 9 1
1113 12 0 1
144 14 0 1
286 12 2 1
1245 15 0 1
1197 6 19 1
2950 8 19 1
665 6 17 1
2832 7 17 1
1216 6 15 1
3740 19 0 1
3023 17 0 1
2785 17 2 1
43 19 5 1
456 19 8 1
1961 19 12 1
941 17 12 1
3005 18 13 1
1064 18 12 1
1274 18 11 1
1365 18 10 1
1533 17 10 1
332 18 5 1
432 18 4 1
900 19 4 1
502 18 2 1
1548 19 2 1
1144 19 3 1
2639 18 3 1
1221 19 1 1
657 18 0 1
2724 18 1 1
746 17 1 1
197 16 0 1
3542 16 1 1
2659 15 1 1
85 12 1 1
1452 13 0 1
1566 6 18 1
1632 7 19 1
2318 7 18 1
2459 8 18 1
2948 8 17 1
1225 8 16 1
1170 6 16 1
1426 1 0 1
1866 2 1 1
2901 0 0 1
1597 1 1 1
2455 2 2 1
1600 0 1 1
1730 1 2 1
2925 3 3 1
162 0 2 1
2394 4 3 1
2765 4 1 1
3155 2 3 1
3451 3 4 1
78 5 3 1
192 5 1 1
619 4 4 1
1298 4 0 1
1347 1 3 1
2674 2 4 1
494 3 5 1
1046 6 1 1
1444 5 4 1
1594 5 0 1
2291 4 5 1
488 0 3 1
288 1 4 1
1237 2 5 1
2598 6 0 1
2675 5 5 1
2761 0 4 1
2918 1 5 1
175 5 6 1
734 0 5 1
1395 1 6 1
1705 6 6 1
2767 0 6 1
2959 13 1 2
3657 14 1 2
3216 14 19 2
1627 16 19 2
2265 18 19 2
183 19 17 2
2126 17 9 2
2556 19 7 2
2391 8 15 2
2295 7 13 2
794 5 19 2
1086 3 19 2
1958 1 19 2
560 13 19 2
841 19 6 2
2555 18 9 2
1011 18 8 2
3488 18 7 2
1128 18 6 2
3348 13 2 2
303 14 2 2
962 15 2 2
3509 16 2 2
3568 16 3 2
1865 7 16 2
2440 7 15 2
2829 7 14 2
3661 8 14 2
1755 8 13 2
3013 13 18 2
247 12 19 2
1114 11 19 2
93 10 19 2
3715 9 19 2
603 9 18 2
3152 19 19 2
1360 19 18 2
350 14 18 2
2541 15 19 2
703 15 18 2
1193 16 18 2
1060 17 19 2
31 17 18 2
1185 18 18 2
2061 5 18 2
3060 4 19 2
1522 4 18 2
2352 3 18 2
2888 2 19 2
2716 2 18 2
664 1 18 2
1601 0 19 2
3335 15 3 3
3373 15 4 3
3498 16 4 3
3735 16 5 3
1390 19 16 3
1677 18 16 3
1241 19 14 3
1272 18 14 3
1092 18 17 3
3513 16 15 3
3593 17 8 3
2588 8 12 3
3727 10 12 3
1101 9 14 3
1575 9 15 3
41 12 18 3
1617 10 18 3
1517 17 7 3
264 17 3 3
555 17 4 3
1300 17 5 3
2970 17 6 3
1249 16 6 3
1052 19 15 3
2117 18 15 3
1414 17 17 3
2743 17 16 3
3496 17 15 3
3721 17 14 3
150 16 14 3
547 12 17 3
2997 11 18 3
1910 11 17 3
117 10 17 3
2842 9 17 3
1189 9 16 3
2632 9 12 3
3457 9 13 3
3600 10 13 3
3634 10 14 3
178 16 16 3
2051 15 16 3
3079 14 16 3
3672 0 18 3
667 0 17 3
903 1 17 3
474 2 17 3
727 3 17 3
683 16 8 4
1307 15 8 4
1969 16 7 4
2784 14 6 4
3239 14 17 4
3242 13 17 4
1348 14 15 4
3222 14 3 4
3529 13 3 4
2218 13 6 4
2618 0 10 4
185 15 7 4
2902 15 6 4
3482 15 5 4
1279 12 3 4
1920 12 4 4
2766 13 4 4
1825 14 4 4
3540 14 5 4
3323 15 15 4
107 15 14 4
674 14 14 4
796 10 16 4
189 10 15 4
1457 11 14 4
2372 11 15 4
339 13 16 4
174 3 16 4
2003 2 16 4
2229 1 16 4
2563 0 16 4
3422 0 15 4
2476 1 10 4
2036 2 10 4
2122 2 11 4
1933 1 11 4
2338 0 11 4
1795 10 5 5
2944 11 6 5
3000 16 9 5
1646 16 11 5
3072 16 13 5
3705 5 17 5
2569 5 15 5
666 3 15 5
3290 16 12 5
1833 15 13 5
21 14 13 5
570 14 12 5
3444 15 12 5
1246 16 10 5
22 15 9 5
123 15 10 5
1784 15 11 5
2689 10 6 5
3428 10 7 5
2524 11 7 5
3040 13 5 5
590 11 5 5
3539 12 5 5
3641 12 6 5
558 12 7 5
1447 13 7 5
3663 11 16 5
119 12 16 5
280 12 15 5
308 13 15 5
1387 13 14 5
1777 5 14 5
1718 0 12 5
2203 1 12 5
406 2 12 5
1037 2 13 5
2596 1 13 5
287 1 15 5
1305 2 15 5
327 5 16 5
838 4 17 5
1273 4 16 5
1621 4 15 5
2486 0 13 6
3357 14 7 6
3446 13 8 6
16 14 10 6
276 11 13 6
1742 13 12 6
2012 14 11 6
1353 13 11 6
3091 14 8 6
422 14 9 6
1313 12 8 6
1511 12 14 6
1898 12 13 6
1281 12 12 6
1378 11 12 6
1573 11 11 6
259 0 14 6
486 1 14 6
2026 2 14 6
910 3 14 6
1712 4 14 6
38 1 0 6
2914 0 0 6
2615 0 9 7
3473 1 9 7
3631 0 8 7
2361 4 13 7
3264 6 13 7
2685 12 11 7
3338 7 12 7
395 10 11 7
3263 7 11 7
2637 3 13 7
2754 3 12 7
3461 4 12 7
948 5 13 7
1332 5 12 7
1629 6 12 7
77 0 7 7
3734 2 9 7
62 2 8 7
779 1 8 7
2868 1 7 7
3516 2 7 7
1535 3 11 8
1561 4 11 8
1584 3 10 8
1725 4 10 8
1886 3 9 8
1970 3 7 8
532 7 0 8
2370 9 0 8
1537 7 2 8
3330 11 0 8
439 11 1 8
262 10 0 8
615 10 1 8
602 9 1 8
1593 7 1 8
3533 8 0 8
3737 8 1 8
2331 8 2 8
1493 9 11 8
25 3 8 8
1732 6 11 8
3132 5 11 8
427 5 10 8
437 5 9 8
628 4 9 8
1607 2 6 8
1502 3 6 8
2873 4 6 8
2373 4 7 8
1633 3 3 8
1436 4 3 8
285 4 1 8
1937 2 3 8
2217 3 4 8
2540 5 1 8
2739 4 4 8
3599 4 0 8
3700 1 3 8
94 2 4 8
98 3 5 8
1579 6 1 8
2858 5 0 8
711 4 5 8
2847 0 3 8
168 1 4 8
2759 2 5 8
153 6 0 8
500 5 5 8
527 0 4 8
659 1 5 8
848 5 6 8
115 0 5 8
345 1 6 8
347 6 6 8
2131 0 6 8
771 13 9 9
2185 11 9 9
1923 9 9 9
3679 11 2 9
3702 10 2 9
2254 11 4 9
2346 8 11 9
3554 6 10 9
307 6 8 9
1613 9 7 9
2308 8 3 9
2062 9 5 9
1403 11 3 9
2336 9 2 9
2891 9 3 9
3117 10 3 9
1685 10 4 9
978 9 4 9
13 7 3 9
3009 7 4 9
304 9 6 9
1693 4 8 9
2063 5 8 9
2324 5 7 9
3169 6 7 9
2760 11 8 9
608 10 9 9
611 10 8 9
831 9 8 9
414 6 9 9
1599 7 10 9
1871 7 9 9
731 13 10 9
3074 13 7 10
3383 8 7 10
3382 5 4 10
2543 6 2 10
660 0 2 10
3096 2 2 10
1514 1 2 10
2296 8 4 10
1789 8 5 10
134 8 6 10
1138 19 13 11
1496 18 13 11
1847 19 12 11
2091 17 10 11
3119 18 6 11
3120 3 0 11
583 0 1 11
3105 17 13 12
2379 9 11 12
3080 4 3 12
3696 0 0 12
3368 18 12 13
702 19 10 13
1760 14 19 13
3564 15 19 13
2532 19 8 13
3648 10 11 13
922 1 0 13
261 19 9 13
179 19 11 13
733 17 12 13
1826 17 11 13
436 18 11 13
1758 18 10 13
2538 18 9 13
205 18 8 13
943 18 7 13
39 17 7 13
522 18 18 13
2968 14 18 13
704 15 18 13
89 16 18 13
167 17 18 13
679 17 17 13
797 17 16 13
1159 17 15 13
3092 17 14 13
1640 16 14 13
600 1 1 13
687 12 0 14
3478 13 0 14
3602 12 1 14
1813 14 1 14
3401 0 3 14
3490 1 3 14
607 2 5 14
2482 4 5 14
2505 3 5 14
3324 4 4 14
1551 5 0 14
2456 4 0 14
2822 4 1 14
960 13 1 14
938 3 4 14
3651 12 2 15
402 15 1 15
1212 14 0 15
2725 15 0 15
2334 15 3 15
71 17 3 15
268 17 4 15
1636 16 8 15
3337 6 6 15
293 0 6 15
3598 1 6 15
3288 0 4 15
1667 6 0 15
1968 15 4 15
2177 13 2 15
2272 14 2 15
2622 15 2 15
320 16 0 15
211 16 1 15
388 16 2 15
501 16 3 15
772 16 4 15
825 16 5 15
3114 17 5 15
2483 15 8 15
2673 15 7 15
2801 16 7 15
1560 5 6 15
1676 5 5 15
3004 6 1 15
1563 5 1 15
3470 0 5 15
3089 1 5 15
1252 1 4 15
3265 2 4 15
52 2 3 15
3580 3 3 15
933 6 19 16
1451 7 19 16
2156 6 18 16
3606 7 18 16
3100 11 14 16
1200 13 15 16
1757 11 16 16
528 12 16 16
3629 8 19 17
2919 16 19 17
316 19 16 17
934 18 16 17
2780 19 15 17
3471 18 15 17
1385 10 5 17
3574 10 6 17
1172 10 7 17
581 16 18 17
1208 8 18 17
423 6 17 18
1441 7 17 18
2909 6 16 18
2048 17 8 18
2616 17 7 18
2206 19 14 18
3020 18 14 18
2872 16 15 18
2262 16 17 18
3723 15 17 18
635 13 16 18
1091 3 11 18
2075 4 10 18
545 4 11 18
2460 3 10 18
1425 16 16 18
321 8 17 18
1303 8 16 18
2397 7 16 18
1694 19 19 19
2079 18 19 19
2605 19 18 19
1076 0 13 19
2013 0 14 19
1098 1 14 19
3712 11 5 19
1102 10 7 19
3150 6 11 19
1103 3 9 19
2707 4 9 19
1585 3 8 19
67 6 12 19
2747 4 14 19
3588 2 14 19
2137 3 14 19
140 17 19 19
743 19 17 20
1250 18 17 20
1751 8 12 20
2326 9 12 20
883 10 6 20
149 14 7 20
203 14 8 20
1679 14 9 20
2833 13 9 20
465 11 9 20
161 11 8 20
254 18 18 20
1976 17 18 20
2863 17 17 20
561 17 16 20
1433 17 15 20
3333 17 14 20
999 16 14 20
1366 18 13 21
1672 19 13 21
3075 19 12 21
138 17 10 21
305 17 9 21
1698 19 7 21
979 13 17 21
1504 14 17 21
2159 10 12 21
3557 14 6 21
1258 16 9 21
2924 15 9 21
3517 10 9 21
1741 3 0 21
2810 10 8 21
452 19 6 21
2464 19 11 21
819 6 15 22
1978 7 15 22
1719 15 16 22
1717 16 10 22
210 16 12 22
3012 0 9 22
343 2 9 22
622 0 7 22
3108 2 8 22
312 13 8 22
248 0 8 22
257 1 9 22
3385 1 8 22
1540 1 7 22
362 16 11 22
863 15 12 22
717 15 10 22
1726 15 11 22
554 17 13 22
2828 14 16 22
1796 14 15 22
2110 15 15 22
69 7 16 22
1169 17 12 23
2290 17 11 23
2657 7 14 23
3167 7 13 23
413 14 3 23
682 13 3 23
1153 14 4 23
2821 3 12 23
2355 5 13 23
3300 2 6 23
1418 4 6 23
1342 3 8 23
2443 9 9 23
3154 11 2 23
2662 10 4 23
509 11 3 23
1421 2 7 23
2164 3 6 23
1587 3 7 23
1885 4 7 23
2353 4 8 23
576 4 14 23
3219 9 8 23
127 18 12 23
476 12 3 23
1244 12 4 23
1401 13 4 23
2340 12 0 24
1475 19 0 24
3341 18 0 24
3476 19 1 24
42 17 5 24
289 13 7 24
520 7 0 24
749 8 0 24
2866 9 11 24
2157 4 3 24
235 0 0 24
2516 7 1 24
23 13 0 24
355 18 1 24
710 17 1 24
228 16 1 24
868 0 1 24
1478 1 1 24
482 5 19 25
3311 4 19 25
3396 5 18 25
54 0 18 25
416 0 17 25
539 0 16 25
764 2 17 25
1003 0 15 25
2004 3 17 25
2654 1 15 25
1703 3 16 25
752 4 18 25
177 3 18 25
296 2 18 25
1631 1 18 25
1711 1 17 25
2319 1 16 25
2963 2 16 25
3350 2 15 25
195 2 14 25
1543 3 14 25
1665 3 13 25
3518 4 13 25
1324 4 12 25
1261 5 12 25
3459 5 11 25
3118 5 10 25
1603 6 19 26
2452 7 19 26
3278 13 1 26
2405 19 11 26
2740 19 10 26
3695 14 19 26
363 13 11 26
1720 11 13 26
1325 10 0 26
19 8 1 26
330 10 1 26
164 9 0 26
1140 9 1 26
725 18 11 26
896 18 10 26
359 12 1 26
1409 12 2 26
154 13 2 26
3136 14 18 26
788 13 0 27
1229 14 0 27
2494 15 0 27
2775 16 0 27
3453 15 1 27
44 6 18 27
1020 7 18 27
1150 15 19 27
2165 19 8 27
1038 9 14 27
2400 12 5 27
3081 16 13 27
790 13 13 27
1078 10 11 27
172 0 3 27
1424 2 4 27
2701 15 13 27
1869 14 13 27
599 14 12 27
1220 15 12 27
222 15 11 27
2527 14 11 27
3067 14 10 27
1227 13 10 27
802 19 9 27
1211 18 9 27
1096 18 8 27
51 18 7 27
1816 14 1 27
1520 14 2 27
3228 15 2 27
239 15 18 27
572 9 15 27
1349 8 19 27
3556 8 18 27
2507 6 17 28
2798 6 16 28
2802 7 16 28
571 16 19 28
1811 17 19 28
778 15 3 28
1638 11 4 28
2297 11 3 28
282 8 7 28
231 2 5 28
1236 3 5 28
1635 4 5 28
207 1 0 28
3584 8 6 28
2816 15 4 28
1156 16 18 28
110 7 17 28
546 8 17 28
707 8 16 28
550 8 15 28
2463 8 14 28
2214 1 5 28
3466 1 4 28
3161 1 3 28
3180 2 3 28
46 4 4 28
3642 3 4 28
2908 3 3 28
2255 1 1 28
2984 19 19 29
3605 18 19 29
3365 17 3 29
169 6 13 29
166 8 11 29
689 6 9 29
870 6 10 29
2753 5 1 29
1035 7 1 29
2648 7 2 29
646 8 2 29
106 9 2 29
911 10 2 29
917 10 3 29
1814 9 3 29
2237 9 4 29
1661 8 4 29
3670 8 5 29
2441 7 10 29
636 7 9 29
2982 17 4 29
837 5 0 29
1021 4 0 29
2413 4 1 29
246 19 18 30
795 18 18 30
1483 0 10 30
2656 1 10 30
1321 0 12 30
2890 1 12 30
998 0 14 30
97 3 14 30
1815 0 13 30
194 0 11 30
367 1 11 30
2920 2 10 30
816 2 11 30
2981 2 12 30
3694 17 18 30
2375 17 13 31
156 19 13 31
2554 17 0 31
221 19 17 31
270 18 16 31
2300 19 16 31
2913 19 15 31
3520 18 15 31
1763 8 12 31
691 11 14 31
1116 10 7 31
2566 11 7 31
769 6 11 31
3279 6 12 31
1778 2 14 31
220 19 12 31
812 18 13 31
2512 17 1 31
836 18 17 31
198 17 17 31
333 17 16 31
1655 17 10 32
2115 17 9 32
2570 6 15 32
3273 19 7 32
2601 17 8 32
2758 16 8 32
2448 9 12 32
295 5 17 32
1322 4 17 32
2356 5 16 32
2490 4 16 32
3077 4 15 32
3315 10 6 32
2076 4 14 32
762 19 6 32
1075 17 7 32
1861 15 8 32
2136 15 7 32
2277 16 7 32
290 13 17 33
2965 14 17 33
3636 15 15 33
2210 10 12 33
535 14 6 33
33 16 10 33
368 16 11 33
2183 14 7 33
3493 14 8 33
2118 13 9 33
1988 11 12 33
901 3 9 33
3612 4 9 33
854 6 8 33
311 9 7 33
2702 5 6 33
1484 9 6 33
2641 8 6 33
225 6 6 33
36 14 9 33
755 11 11 33
387 14 16 33
2 14 15 33
3159 12 0 34
766 17 12 34
1119 17 11 34
3172 16 1 34
1448 7 14 34
1589 7 13 34
410 16 9 34
3107 15 9 34
3572 15 10 34
3073 8 3 34
3179 0 6 34
3667 1 6 34
1107 5 5 34
1989 5 4 34
218 7 3 34
1143 7 4 34
428 16 12 34
1356 15 12 34
1942 15 11 34
1998 14 11 34
3225 14 10 34
1944 13 10 34
1121 7 15 34
3668 18 12 34
2672 18 11 34
1066 18 10 34
1941 18 9 34
59 0 5 34
1264 1 5 34
827 1 4 34
905 1 3 34
1177 2 3 34
2094 3 3 34
2103 3 19 35
923 19 14 35
2742 18 14 35
3334 10 5 35
3579 0 9 35
1354 11 0 35
3409 11 1 35
2652 10 9 35
2133 10 1 35
2365 2 19 35
464 11 5 35
926 11 6 35
565 6 19 36
2163 7 19 36
930 19 0 36
484 19 3 36
2971 19 2 36
1419 5 19 36
2834 4 19 36
1686 12 3 36
3171 13 3 36
3526 12 4 36
1201 0 8 36
1283 1 8 36
2294 0 7 36
2046 3 0 36
855 1 7 36
2363 1 9 36
2755 2 9 36
3565 2 8 36
1680 5 18 36
2322 4 18 36
2202 3 18 36
924 8 19 36
2877 8 18 36
65 19 1 36
736 18 0 36
927 18 1 36
2310 17 1 36
672 13 4 36
2005 14 3 36
2813 14 4 36
1277 13 1 37
2595 14 1 37
2826 17 4 37
2861 12 18 37
173 9 17 37
617 0 18 37
2522 0 17 37
2676 0 16 37
2774 2 17 37
3043 12 6 37
705 3 12 37
1219 13 8 37
2339 7 0 37
29 7 1 37
773 7 2 37
839 8 2 37
3469 8 0 37
511 9 0 37
1659 9 1 37
1738 9 2 37
2377 10 2 37
2696 10 3 37
3235 9 3 37
3356 9 4 37
2481 8 4 37
3441 8 5 37
906 0 15 37
2153 3 17 37
1783 3 16 37
1881 2 16 37
3153 9 16 37
124 12 17 37
2910 11 18 37
1748 11 17 37
1932 10 17 37
491 12 1 37
1357 12 2 37
3447 13 2 37
1618 14 2 37
881 19 5 38
908 19 11 38
392 19 9 38
409 13 0 38
1964 14 0 38
1142 16 0 38
163 6 17 38
1129 8 17 38
139 7 15 38
2053 5 13 38
2789 10 16 38
1231 6 16 38
37 19 10 38
2946 19 12 38
2298 18 12 38
1079 19 4 38
2411 18 5 38
2534 18 4 38
2513 15 0 38
255 15 1 38
2853 15 2 38
2473 9 11 38
118 14 19 39
1793 14 18 39
2173 15 18 39
2271 16 18 39
2831 17 18 39
3233 18 3 39
720 16 15 39
2992 16 16 39
1247 17 5 39
2241 0 19 39
310 1 19 39
3424 2 19 39
3581 13 15 39
187 11 16 39
2606 12 16 39
3474 13 12 39
2953 2 6 39
3639 4 6 39
655 11 9 39
1756 11 8 39
2302 0 5 39
2825 6 1 39
3052 6 2 39
774 4 3 39
3070 4 4 39
3313 3 4 39
182 2 7 39
2547 3 6 39
573 2 18 39
2270 1 18 39
1110 1 17 39
2000 1 16 39
3134 1 15 39
2584 2 15 39
3713 2 14 39
519 1 14 39
2246 10 8 39
1181 16 17 39
3669 15 17 39
109 15 16 39
2574 18 2 39
2906 0 4 39
986 1 5 39
1243 1 4 39
1683 1 3 39
2508 2 3 39
2575 3 3 39
1477 15 19 40
693 19 19 40
3608 6 18 40
3730 8 18 40
3736 19 8 40
340 0 10 40
1399 1 10 40
3018 0 11 40
1226 11 13 40
1836 13 11 40
3414 7 11 40
3480 7 12 40
442 0 0 40
1190 0 1 40
3711 6 12 40
1145 2 10 40
849 19 18 40
3146 16 19 40
45 17 19 40
234 18 19 40
3189 18 18 40
3410 18 17 40
297 7 18 40
1921 7 17 40
15 17 13 41
136 18 13 41
294 15 3 41
1235 15 4 41
1780 9 14 41
2548 9 15 41
2311 13 16 41
2562 0 12 41
3268 1 12 41
1790 1 11 41
1887 2 11 41
1361 2 12 41
2200 19 13 42
3299 19 12 42
3726 6 15 42
1266 17 10 42
2956 17 9 42
292 19 7 42
3286 19 6 42
86 16 13 42
2614 15 11 42
623 0 13 42
740 8 10 42
1491 8 9 42
2216 10 0 42
1363 3 8 42
1510 11 2 42
1405 6 0 42
2039 10 1 42
1340 3 7 42
2362 4 7 42
2579 4 8 42
2276 16 12 42
155 14 13 42
624 6 16 42
1554 18 0 43
3173 13 18 43
633 9 18 43
1074 9 19 43
1895 17 8 43
3397 18 6 43
3505 16 7 43
2321 0 14 43
2349 1 14 43
3193 6 13 43
1626 4 12 43
364 11 4 43
1104 11 3 43
3465 10 3 43
542 10 2 43
313 6 12 43
61 1 13 43
692 13 19 43
3386 12 19 43
3618 10 19 43
360 11 19 43
2917 11 18 43
750 11 17 43
2213 10 17 43
2252 10 16 43
1464 18 1 43
1838 17 0 43
475 16 8 43
3016 15 8 43
3143 15 7 43
122 18 18 44
3729 19 16 44
145 9 12 44
2231 15 16 44
2983 6 14 44
2332 5 15 44
2107 3 10 44
2838 7 1 44
258 8 7 44
1981 5 0 44
3472 4 0 44
2247 7 2 44
1875 8 0 44
2577 9 0 44
461 9 1 44
804 8 1 44
1709 8 2 44
2791 9 2 44
1459 9 3 44
2049 8 6 44
2682 3 11 44
2881 4 11 44
2904 5 14 44
2874 19 18 44
2962 19 17 44
724 18 17 44
1053 17 17 44
1234 17 16 44
1577 18 16 44
2144 12 0 44
2623 19 15 45
2611 8 12 45
832 3 19 45
1903 13 17 45
3283 14 17 45
2074 15 15 45
2916 10 6 45
3086 11 6 45
904 5 17 45
1422 4 17 45
102 8 11 45
3249 3 18 45
3378 2 18 45
2642 1 18 45
1453 5 16 45
2837 4 16 45
232 14 16 45
783 14 15 45
1263 6 9 45
1344 7 9 45
663 4 1 45
438 5 1 45
451 0 2 45
2793 12 1 46
3243 12 2 46
2635 6 19 46
1505 8 19 46
2174 17 12 46
3168 17 11 46
3570 19 14 46
499 17 15 46
3443 10 12 46
3445 11 14 46
776 10 5 46
3411 2 16 46
3644 3 16 46
1628 13 13 46
1947 3 14 46
2545 11 11 46
2966 1 2 46
946 10 4 46
3718 4 14 46
338 4 15 46
1569 3 15 46
969 14 13 46
407 15 13 46
209 7 19 46
217 7 18 46
473 7 17 46
1555 7 16 46
2827 8 16 46
3392 8 15 46
2526 18 12 46
706 11 5 46
3512 12 5 46
1500 9 11 46
1527 10 11 46
637 19 0 47
1004 19 1 47
90 7 14 47
2016 7 13 47
1178 14 6 47
1728 10 7 47
1364 0 9 47
467 4 11 47
468 4 5 47
1745 3 5 47
2266 0 4 47
2714 0 3 47
556 1 9 47
708 2 9 47
2333 2 8 47
2836 2 7 47
2900 3 7 47
3054 4 7 47
631 4 8 47
113 4 10 47
3427 8 14 47
1173 8 13 47
875 9 13 47
1948 10 13 47
656 10 14 47
1846 18 1 47
2092 17 1 47
3175 16 1 47
859 11 7 47
3690 2 5 47
597 18 5 48
884 13 1 48
1713 14 1 48
3224 17 3 48
3627 15 9 48
2233 6 12 48
2677 11 0 48
3609 8 1 48
3697 1 0 48
1018 8 2 48
950 11 1 48
961 10 1 48
453 9 1 48
675 9 2 48
1162 9 3 48
2409 9 4 48
2077 6 11 48
1639 15 10 48
202 16 9 48
2222 16 10 48
1487 16 11 48
265 16 12 48
2537 15 12 48
2582 14 12 48
2626 14 11 48
3328 19 5 48
2729 13 2 48
3160 14 2 48
9 1 1 48
1008 14 19 49
1289 14 18 49
1913 15 18 49
2374 16 18 49
2921 19 4 49
256 19 2 49
2106 19 10 49
2783 18 19 49
2852 5 19 49
3211 4 19 49
2824 17 4 49
2978 14 7 49
1545 10 9 49
2646 8 3 49
598 8 5 49
2226 2 2 49
2621 5 18 49
715 4 18 49
3256 3 18 49
3332 10 8 49
2259 14 8 49
1927 19 3 49
887 18 4 49
1242 18 3 49
3248 18 2 49
352 7 3 49
2493 12 19 50
1267 10 19 50
2201 12 17 50
1529 15 17 50
2550 16 17 50
2215 12 3 50
2684 13 3 50
3462 12 4 50
3647 14 3 50
965 10 14 50
2551 14 9 50
909 0 6 50
919 14 10 50
728 16 16 50
973 16 15 50
101 10 18 50
1842 11 19 50
1538 13 4 50
3400 14 4 50
448 1 6 50
1001 1 5 50
2120 1 4 50
2432 1 3 50
3097 2 3 50
204 3 3 50
822 17 13 51
994 18 13 51
1528 18 12 51
3135 15 19 51
3302 16 19 51
510 15 3 51
2171 15 4 51
3440 17 5 51
1843 9 17 51
3407 0 19 51
1141 0 17 51
1195 0 16 51
2282 0 15 51
3616 3 17 51
63 12 5 51
741 5 5 51
7 6 3 51
223 2 17 51
159 0 18 51
2085 17 19 51
1934 10 13 51
1319 9 16 51
1297 19 13 52
2528 19 12 52
3088 19 11 52
53 19 19 52
988 19 18 52
2382 19 17 52
697 6 18 52
3198 19 9 52
12 2 19 52
2610 1 19 52
324 12 6 52
3591 9 5 52
1310 2 18 52
1916 1 18 52
2124 1 17 52
3030 1 16 52
1957 1 15 52
568 2 15 52
1355 2 14 52
3680 18 11 52
1823 18 10 52
1634 8 18 52
2993 7 18 52
267 7 17 52
2327 12 0 53
3019 13 0 53
1557 18 0 53
1837 17 0 53
2285 16 1 53
2735 19 8 53
1400 13 19 53
1388 14 16 53
3369 14 15 53
673 0 12 53
1929 1 12 53
3206 1 11 53
729 11 12 53
2586 0 8 53
3562 2 9 53
1707 0 7 53
3665 2 8 53
1874 1 9 53
2396 1 8 53
2839 1 7 53
1428 18 1 53
2204 17 1 53
662 17 2 53
3495 14 0 53
2664 15 0 53
585 13 18 53
1287 12 18 53
669 13 16 53
1794 6 15 54
3353 6 16 54
3145 18 18 54
872 17 8 54
2609 9 19 54
1055 0 11 54
2589 0 10 54
2870 1 10 54
1724 11 16 54
818 14 8 54
3463 3 12 54
3553 13 12 54
925 4 10 54
2969 2 10 54
3637 2 11 54
685 2 12 54
238 3 9 54
408 12 7 54
373 18 17 54
1518 17 18 54
81 17 17 54
789 17 16 54
2976 7 16 54
1513 8 16 54
1544 8 15 54
907 9 18 54
421 10 18 54
1013 11 18 54
2451 11 17 54
936 10 17 54
2249 10 16 54
1054 12 16 54
842 17 7 55
55 19 16 55
823 18 16 55
959 19 15 55
272 16 8 55
2943 15 8 55
3619 16 7 55
2484 11 13 55
3141 13 11 55
1294 13 9 55
1616 7 12 55
2597 7 11 55
3252 6 11 55
3207 7 0 55
2977 6 10 55
3363 7 10 55
880 6 8 55
1043 1 4 55
1991 3 0 55
2751 18 15 55
450 18 14 55
2058 17 14 55
2008 15 7 55
3257 6 9 55
3244 7 9 55
370 8 0 55
1463 9 0 55
1151 9 1 55
1819 9 2 55
1068 1 3 55
2142 17 10 56
3617 17 9 56
2279 9 12 56
3238 15 16 56
397 0 14 56
1740 1 14 56
2025 2 14 56
2030 6 14 56
2782 5 14 56
931 2 6 56
523 9 7 56
2894 9 6 56
2211 8 6 56
1792 2 7 56
2748 16 16 56
2047 12 1 56
2436 12 2 56
3403 13 2 56
1489 14 2 56
719 19 0 57
1663 19 1 57
2199 18 1 57
1191 16 0 57
3685 15 0 57
2084 19 7 57
1824 8 12 57
2345 5 16 57
2941 5 15 57
850 6 13 57
1982 3 6 57
515 0 0 57
780 0 2 57
1848 4 16 57
1979 3 7 57
644 19 6 57
302 17 1 57
2578 15 1 57
981 15 2 57
2887 0 1 57
369 1 1 57
1367 6 19 58
1960 7 19 58
3595 6 17 58
3659 3 19 58
726 14 17 58
967 13 17 58
1204 13 16 58
1495 13 15 58
472 16 13 58
3449 15 13 58
1582 5 6 58
1873 6 6 58
129 4 6 58
2557 19 5 59
3343 18 5 59
640 8 19 59
847 8 18 59
2209 17 12 59
1611 16 10 59
3320 16 12 59
508 3 11 59
2593 3 10 59
3317 3 9 59
2503 11 9 59
391 0 5 59
587 11 8 59
955 10 8 59
1722 16 11 59
2650 14 12 59
2938 15 12 59
2954 19 14 59
455 7 18 59
151 17 11 59
913 1 5 59
885 19 4 60
1817 19 3 60
3113 14 19 60
137 12 19 60
1752 11 19 60
2080 18 15 60
3435 10 12 60
1715 14 6 60
2501 11 14 60
3122 10 6 60
541 0 13 60
2250 10 0 60
2220 8 10 60
3002 9 8 60
3731 6 2 60
1109 1 13 60
10 2 13 60
1039 3 13 60
1739 18 14 60
3597 15 15 60
1974 16 15 60
66 14 18 60
131 10 13 60
3569 10 7 60
1158 18 4 60
2034 7 9 60
3031 10 1 60
3575 9 0 60
1883 6 1 60
2383 5 1 60
420 17 13 61
2795 18 13 61
2325 12 1 61
403 15 1 61
1956 19 2 61
3689 18 2 61
2772 19 10 61
2040 15 19 61
2052 16 19 61
3212 18 19 61
3426 5 19 61
431 2 17 61
3170 2 16 61
3603 10 5 61
1256 16 9 61
1445 15 9 61
1761 0 9 61
2351 4 9 61
2915 4 7 61
133 4 3 61
2082 1 9 61
1343 1 8 61
2166 1 7 61
73 2 7 61
2880 3 7 61
2726 3 8 61
275 4 8 61
47 5 18 61
148 4 19 61
396 4 18 61
761 3 18 61
759 2 18 61
921 15 10 61
435 15 18 61
492 16 18 61
1623 17 19 61
745 17 18 61
820 8 17 61
2849 11 5 61
3491 11 6 61
3458 11 7 61
723 12 7 61
3213 18 3 61
1406 12 2 61
3078 19 13 62
146 19 11 62
1206 13 1 62
2098 17 2 62
3125 17 4 62
3301 15 3 62
2933 11 18 62
1547 14 7 62
2433 6 12 62
390 11 2 62
713 4 5 62
1696 4 11 62
949 19 12 62
485 18 12 62
126 15 4 62
2422 17 3 62
1089 13 2 62
671 4 4 62
429 12 0 63
2328 13 0 63
1975 8 16 63
2057 8 15 63
3431 8 14 63
1808 15 17 63
1708 17 5 63
892 9 17 63
1997 9 18 63
2519 0 19 63
2737 0 18 63
3195 17 14 63
348 5 17 63
1215 4 17 63
3362 4 16 63
2419 11 0 63
253 10 8 63
2385 8 3 63
3504 7 3 63
940 8 7 63
944 8 6 63
1734 5 13 63
1427 10 9 63
351 16 17 63
170 16 16 63
739 9 16 63
1069 14 0 63
1285 14 1 63
103 14 2 63
2148 15 2 63
1644 11 1 63
68 10 1 63
1202 0 4 63
1213 0 3 63
3546 1 3 63
928 18 0 64
1682 19 19 64
1521 6 16 64
96 12 3 64
1392 14 3 64
1809 10 2 64
1239 11 4 64
3241 7 4 64
953 6 0 64
2071 11 3 64
226 6 15 64
121 17 0 64
3050 13 3 64
2542 6 1 64
1469 5 0 64
3176 4 0 64
3364 4 1 64
2568 5 1 64
328 6 18 65
490 19 9 65
601 19 8 65
2700 18 14 65
1023 19 18 65
1673 19 17 65
654 9 14 65
1643 0 17 65
751 0 15 65
862 12 4 65
524 14 4 65
1067 13 13 65
2105 3 17 65
2884 3 16 65
1564 14 9 65
1183 7 1 65
314 9 0 65
1907 10 4 65
426 3 5 65
2592 2 3 65
1012 1 1 65
147 1 0 65
79 10 3 65
1668 7 2 65
1017 9 1 65
3438 8 0 65
785 8 1 65
1024 8 2 65
24 9 2 65
2693 9 3 65
1040 9 4 65
578 0 16 65
2431 14 13 65
551 19 14 65
1492 19 15 65
374 19 16 65
1985 18 16 65
857 9 15 65
1423 13 4 65
2081 17 11 66
2572 17 10 66
157 18 18 66
281 13 19 66
1014 13 18 66
2713 12 18 66
2820 12 17 66
2146 16 7 66
2769 11 6 66
3232 14 12 66
1315 3 14 66
700 0 6 66
891 18 17 66
1471 11 17 66
1912 11 7 66
1175 17 9 66
1541 16 8 66
1782 15 8 66
1938 15 7 66
681 1 6 66
1 1 5 66
2184 2 5 66
2257 2 4 66
3028 3 4 66
3655 3 3 66
1417 19 0 67
1532 19 1 67
2867 17 8 67
3270 18 6 67
1099 9 12 67
1605 9 19 67
2809 2 19 67
3076 1 19 67
3312 16 14 67
3329 15 14 67
699 14 16 67
3709 13 11 67
2028 11 13 67
2309 11 11 67
813 5 5 67
224 10 19 67
483 10 18 67
2208 10 17 67
1519 18 1 67
381 11 5 67
424 10 11 67
283 6 19 68
2416 7 19 68
3380 7 18 68
3571 14 0 68
3633 17 0 68
1804 4 19 68
1124 0 11 68
1253 0 10 68
1402 13 6 68
470 8 4 68
2517 5 4 68
1786 4 18 68
626 3 19 68
2367 3 18 68
2678 2 18 68
694 1 18 68
458 1 17 68
1832 1 16 68
2348 1 15 68
469 6 17 68
2469 14 1 68
815 14 2 68
2320 15 2 68
730 17 1 68
1416 15 0 68
1863 16 0 68
3035 16 1 68
613 16 2 68
1376 19 5 69
2141 18 5 69
2797 18 4 69
3274 19 6 69
3523 19 7 69
1087 16 16 69
1179 14 14 69
2104 14 17 69
2421 13 17 69
463 11 16 69
516 12 16 69
833 1 10 69
1787 2 10 69
2015 1 11 69
3370 2 11 69
1320 1 13 69
1391 0 12 69
1440 1 12 69
2848 2 12 69
1799 15 16 69
1925 10 16 69
26 13 16 69
242 8 19 70
1700 8 18 70
250 17 12 70
1223 14 19 70
266 19 4 70
2875 19 3 70
3314 8 12 70
2384 13 14 70
1088 16 13 70
1652 0 14 70
1845 1 14 70
2903 3 15 70
1549 5 16 70
1909 5 15 70
419 6 14 70
1583 13 7 70
2304 13 9 70
2927 13 12 70
1431 7 12 70
3267 7 11 70
800 3 12 70
1562 6 11 70
698 2 15 70
1180 2 14 70
393 2 13 70
1762 3 13 70
579 5 14 70
1670 4 15 70
2378 4 14 70
801 14 13 70
1946 15 13 70
2181 14 18 70
2561 15 18 70
418 16 18 70
533 17 18 70
2438 17 17 70
618 8 17 70
1286 7 17 70
3217 7 16 70
3487 7 15 70
1966 14 8 70
64 13 8 70
3064 17 13 71
817 7 14 71
2773 7 13 71
3047 16 10 71
3284 16 11 71
2196 6 13 71
233 4 11 71
3285 4 6 71
2194 2 6 71
2539 7 0 71
495 8 0 71
2590 8 1 71
3269 8 2 71
3547 9 2 71
1282 9 3 71
1328 9 4 71
2055 9 5 71
2335 8 5 71
88 3 6 71
709 5 13 71
957 4 13 71
2113 4 12 71
3164 5 12 71
2603 5 11 71
188 15 10 71
1437 19 13 72
1879 18 13 72
2169 19 12 72
2745 12 1 72
596 19 16 72
735 18 16 72
3246 19 15 72
2140 16 12 72
2195 4 10 72
668 8 8 72
1152 6 10 72
2369 7 10 72
3587 5 6 72
2167 3 1 72
3611 1 2 72
1546 6 6 72
3656 5 10 72
1915 5 9 72
477 15 12 72
2197 15 11 72
2961 14 11 72
1753 14 10 72
380 13 10 72
2738 18 15 72
2728 17 16 72
100 17 15 72
199 16 15 72
645 12 19 72
1596 18 12 72
898 12 2 72
496 12 0 73
1029 13 0 73
563 14 1 73
1232 15 1 73
1598 19 2 73
2388 18 2 73
3102 17 2 73
3664 17 4 73
2638 10 12 73
639 3 11 73
1993 6 8 73
2994 6 9 73
1147 0 3 73
3184 1 3 73
186 2 5 73
1901 0 2 73
2056 3 0 73
335 0 1 73
1807 0 0 73
2823 1 0 73
2114 3 10 73
60 3 9 73
1081 19 11 73
1257 18 11 73
2032 18 3 73
721 17 3 73
2811 13 1 73
227 13 2 73
1080 14 2 73
130 15 2 73
1536 15 0 73
2161 16 0 73
610 7 16 74
696 15 3 74
1146 15 4 74
3405 11 12 74
2686 1 8 74
3376 11 8 74
116 9 7 74
1690 9 6 74
505 0 4 74
2193 8 6 74
1198 0 8 74
1904 0 7 74
216 1 7 74
2068 11 9 74
3433 10 9 74
2450 6 18 75
2521 6 17 75
2155 19 9 75
2284 19 8 75
3163 19 14 75
48 11 19 75
1714 11 18 75
1844 16 17 75
2108 14 6 75
2130 11 14 75
2645 10 6 75
108 1 9 75
260 0 5 75
517 2 9 75
651 2 8 75
632 2 7 75
2649 3 7 75
3032 3 8 75
2608 4 8 75
540 15 17 75
920 15 16 75
3527 11 17 75
1309 10 19 75
899 10 7 75
992 11 7 75
1112 1 5 75
2225 1 4 75
3174 2 4 75
2090 3 4 75
2536 3 3 75
206 18 0 76
1077 17 5 76
1373 18 14 76
2395 9 14 76
1331 0 17 76
595 14 7 76
2109 18 15 76
3342 9 15 76
2815 14 8 76
3178 19 0 77
2474 19 10 77
2998 6 16 77
3481 6 15 77
1827 17 8 77
3126 0 19 77
1872 9 18 77
2381 9 17 77
3358 9 16 77
3583 13 4 77
2744 0 16 77
525 13 13 77
11 0 13 77
1036 0 12 77
2583 1 12 77
529 0 15 77
958 0 18 77
315 2 12 77
2044 14 13 77
1171 15 13 77
2238 15 12 77
433 7 15 77
1648 19 11 77
2289 19 1 77
2613 18 1 77
853 12 4 77
229 6 19 78
580 7 19 78
1072 7 18 78
2020 17 11 78
1918 17 9 78
2879 19 19 78
1047 16 19 78
1834 15 19 78
2176 5 19 78
2697 5 18 78
2889 17 7 78
18 5 17 78
212 4 17 78
1306 4 16 78
2647 4 15 78
3282 6 12 78
3 10 0 78
411 8 1 78
2366 6 11 78
653 4 14 78
273 7 17 78
2599 17 10 78
767 14 0 78
2060 15 0 78
1106 19 5 79
2132 17 0 79
2651 19 18 79
2732 18 18 79
2955 19 17 79
3008 19 7 79
1509 3 19 79
3425 2 19 79
625 9 19 79
995 10 19 79
8 9 12 79
1338 16 14 79
1438 15 14 79
2719 3 17 79
2498 1 16 79
1071 8 10 79
1556 11 2 79
3666 11 3 79
449 10 3 79
620 1 15 79
684 3 16 79
196 1 19 79
2580 18 17 79
2343 18 19 79
2931 17 19 79
2389 17 14 79
3412 10 18 79
1637 19 6 79
1710 18 5 79
342 18 4 79
2468 18 3 79
3158 17 3 79
1299 17 1 79
3632 16 0 79
3645 16 1 79
1051 10 5 79
2705 11 5 79
2364 8 19 80
1829 13 19 80
2301 12 19 80
2446 13 18 80
567 4 19 80
763 16 16 80
3298 14 16 80
3388 14 14 80
1384 4 18 80
1608 3 18 80
2073 2 18 80
1841 1 18 80
2219 1 17 80
2278 2 17 80
760 2 16 80
1293 2 15 80
858 2 14 80
526 16 9 80
3485 15 9 80
3738 15 10 80
564 15 11 80
3084 14 11 80
3506 12 9 80
112 15 16 80
214 14 17 80
1498 13 17 80
2636 13 16 80
784 12 18 80
2102 12 17 80
3577 11 17 80
894 10 17 80
2500 8 18 80
2239 8 11 80
2778 9 11 80
3589 17 12 81
3051 19 11 81
768 14 19 81
2287 14 18 81
3310 15 18 81
3041 16 8 81
1161 0 10 81
2567 1 10 81
3724 0 11 81
1454 11 16 81
2415 12 16 81
2771 11 13 81
609 13 11 81
3307 11 11 81
3596 10 11 81
1371 7 1 81
3036 7 2 81
876 8 2 81
534 1 11 81
1327 2 10 81
1959 2 11 81
2093 2 12 81
888 15 8 81
1468 15 7 81
1565 16 7 81
2939 16 18 81
2478 17 18 81
991 17 17 81
3215 10 16 81
889 17 13 82
1090 18 13 82
1671 19 13 82
1878 19 12 82
3511 12 1 82
2736 13 6 82
588 1 13 82
1248 11 0 82
1702 11 1 82
2121 8 0 82
2788 9 8 82
2835 5 5 82
2855 5 4 82
35 4 5 82
1317 3 5 82
337 2 3 82
1721 10 1 82
2243 9 0 82
3266 9 1 82
939 9 2 82
1455 9 3 82
695 9 4 82
3448 9 5 82
1525 0 9 82
1184 0 8 82
1576 0 7 82
3536 1 7 82
462 2 7 82
3555 2 13 82
1812 18 12 82
2935 18 11 82
1897 18 10 82
765 12 2 82
2514 2 4 82
701 12 0 83
770 14 0 83
877 19 4 83
1473 19 3 83
1612 19 16 83
2035 18 16 83
3494 19 15 83
309 13 3 83
2358 12 3 83
1070 8 12 83
1849 3 9 83
3121 4 9 83
3545 3 8 83
1911 18 4 83
1801 13 0 83
799 12 4 83
2172 18 15 83
1382 17 16 83
354 17 15 83
3083 16 15 83
1754 14 1 84
252 15 0 84
643 16 0 84
1259 19 2 84
1828 18 2 84
1855 17 2 84
3371 17 4 84
412 15 3 84
1041 15 4 84
3432 8 17 84
2936 7 15 84
2594 7 13 84
3524 16 9 84
3622 15 9 84
1951 16 11 84
341 16 10 84
806 15 10 84
2453 18 3 84
3625 17 3 84
87 13 1 84
952 13 2 84
1882 14 2 84
826 14 3 84
1733 14 4 84
559 11 12 84
375 7 14 84
846 4 4 84
489 3 4 84
1737 3 3 84
2329 4 3 84
829 6 18 85
3138 6 17 85
3205 10 12 85
1470 13 14 85
2235 4 12 85
2317 6 13 85
2928 10 8 85
1411 6 10 85
1642 7 10 85
1503 7 3 85
503 9 5 85
1768 1 1 85
2228 0 1 85
3460 0 0 85
176 1 0 85
983 8 3 85
690 7 17 85
1010 7 16 85
536 19 8 86
1057 11 5 86
3237 11 6 86
3271 16 13 86
1675 5 6 86
1771 6 6 86
1810 2 8 86
2041 1 8 86
1218 0 8 86
1736 0 7 86
592 1 7 86
1835 0 14 86
2024 1 14 86
805 11 8 86
1415 11 9 86
716 10 9 86
1568 16 12 86
1864 11 7 86
2021 5 1 86
3093 6 1 86
2138 19 0 87
2671 18 0 87
1255 17 5 87
1630 19 14 87
1769 18 14 87
2912 17 14 87
3291 15 13 87
3677 3 11 87
2991 2 6 87
2341 4 6 87
2899 7 0 87
208 7 1 87
1238 7 2 87
1205 8 2 87
2151 9 7 87
2307 9 6 87
2703 8 6 87
2800 14 13 87
40 14 12 87
160 15 12 87
3653 15 11 87
417 14 11 87
184 19 1 87
652 18 1 87
897 18 15 87
2945 6 9 87
3693 7 9 87
2680 3 6 87
1073 3 10 87
1115 17 11 88
1137 17 10 88
1278 19 9 88
1917 6 19 88
2050 7 19 88
2168 12 18 88
2531 12 17 88
630 10 18 88
3346 16 17 88
3366 15 17 88
3038 9 14 88
504 3 15 88
1420 1 3 88
1822 0 3 88
2560 0 4 88
152 15 16 88
2187 9 15 88
1570 11 19 88
1615 11 18 88
2407 11 17 88
2149 8 18 88
2182 7 18 88
3566 7 17 88
2426 3 16 88
861 19 5 89
929 18 5 89
1393 18 4 89
2288 19 10 89
3116 17 9 89
3139 6 15 89
3208 19 19 89
2972 14 6 89
2975 0 18 89
3413 0 17 89
1168 11 14 89
512 2 5 89
791 9 2 89
1971 10 2 89
128 18 3 89
1019 17 3 89
1295 6 16 89
2417 17 0 90
1924 17 1 90
3101 17 8 90
2850 18 6 90
3142 15 19 90
3214 16 19 90
3522 18 19 90
574 19 17 90
1656 18 17 90
2565 5 19 90
2661 5 18 90
2960 10 5 90
3558 9 3 90
3692 10 3 90
954 10 6 90
356 10 7 90
845 11 7 90
744 16 1 90
3231 19 18 90
1217 18 18 90
2957 16 18 90
835 17 19 90
3479 17 18 90
661 0 19 90
2009 17 12 91
2533 18 12 91
3717 19 6 91
932 1 19 91
2999 9 18 91
1877 12 4 91
2585 13 4 91
686 14 4 91
2314 2 7 91
2359 3 7 91
2806 4 7 91
3199 4 8 91
1539 4 15 91
1892 5 15 91
856 5 14 91
1666 4 14 91
3347 3 14 91
2756 2 1 91
2530 17 13 92
2612 18 13 92
2670 19 13 92
3604 19 12 92
3607 19 11 92
3635 12 1 92
2851 1 5 92
301 0 5 92
1858 0 4 92
2859 1 4 92
1622 12 2 92
3280 2 19 92
851 12 0 93
1854 13 0 93
2447 13 1 93
92 7 4 93
2691 13 2 93
1209 1 0 93
1650 0 0 93
3156 0 1 93
3188 0 2 93
3303 1 2 93
3578 2 2 93
3287 8 19 94
2100 9 19 94
1314 10 19 94
2293 6 18 95
2418 6 17 95
2267 8 0 95
886 9 0 95
1567 10 0 95
2465 11 0 95
3230 11 1 95
1785 10 1 95
3483 9 1 95
