2769
822 6 0 1
1303 5 0 1
1770 6 1 1
4384 4 0 1
2265 6 5 1
3057 5 5 1
3519 6 4 1
1436 13 16 1
1901 12 16 1
2735 13 17 1
2862 11 16 1
4460 12 17 1
4618 13 18 1
82 0 0 1
318 1 0 1
3537 0 1 1
1505 6 17 1
4093 7 17 1
2917 6 19 1
3649 8 19 1
1847 11 19 1
1447 10 17 1
1930 10 16 1
3011 3 4 1
1268 1 3 1
2625 0 3 1
4379 0 19 1
4765 1 19 1
2450 0 17 1
1297 2 19 1
1508 3 19 1
2142 3 18 1
5033 2 18 1
3272 0 18 1
4248 1 18 1
237 13 19 1
1683 12 19 1
2048 12 18 1
1916 11 17 1
2163 11 18 1
3173 9 19 1
4749 10 19 1
4372 10 18 1
609 6 18 1
210 7 19 1
2583 7 18 1
194 8 18 1
616 6 3 1
746 4 5 1
1201 4 4 1
2218 5 4 1
4463 5 3 1
613 6 2 1
1354 0 2 1
2063 2 0 1
2295 2 1 1
4180 1 1 1
4396 1 2 1
1141 2 2 1
1408 3 0 1
3168 15 0 1
3890 14 1 1
2861 16 0 1
474 15 1 1
117 14 2 1
3015 16 1 1
4155 15 2 1
1659 14 3 1
147 16 2 1
455 14 4 1
1261 15 4 1
2197 14 5 1
3405 13 6 1
4924 16 4 1
4066 15 5 1
514 15 3 1
2457 14 6 1
4152 11 5 1
5006 12 4 1
939 17 4 1
2366 16 5 1
3884 16 3 1
4415 10 5 1
390 11 4 1
4279 11 6 1
385 12 3 1
956 18 4 1
1262 17 5 1
1520 17 3 1
1591 16 6 1
1745 10 4 1
2679 11 3 1
3430 10 6 1
1136 11 7 1
2169 13 7 1
2472 12 2 1
708 5 1 2
3438 4 1 2
4893 5 2 2
3169 8 17 2
4499 8 16 2
1321 0 4 2
3282 0 5 2
2364 2 5 2
2389 0 12 2
2956 0 14 2
3871 0 15 2
1305 8 6 2
1944 6 6 2
2751 8 8 2
4842 9 18 2
283 9 17 2
1088 9 16 2
1393 9 15 2
2670 8 15 2
814 1 17 2
4451 2 17 2
4954 3 17 2
1066 0 16 2
3301 1 16 2
174 0 13 2
4336 1 12 2
4126 1 13 2
960 1 14 2
183 1 15 2
596 2 15 2
427 3 5 2
3385 3 6 2
5038 2 6 2
3664 3 1 2
3713 3 2 2
3902 4 2 2
4391 4 3 2
4476 3 3 2
3842 8 7 2
927 5 6 2
2494 4 6 2
4703 4 7 2
218 5 7 2
2954 6 7 2
3546 7 6 2
3287 14 7 2
4142 11 8 2
1253 8 14 3
2327 7 14 3
3021 7 16 3
3329 5 19 3
4094 4 19 3
1737 5 17 3
2090 5 16 3
4825 0 6 3
1195 0 8 3
1494 0 9 3
2501 0 10 3
2979 0 11 3
3667 1 11 3
2012 19 15 3
4458 19 17 3
1612 19 19 3
907 19 18 3
3549 18 19 3
4388 17 19 3
2359 17 18 3
3245 18 18 3
4486 19 16 3
4922 18 15 3
3255 18 16 3
3771 18 17 3
2860 7 15 3
1523 6 16 3
3072 6 15 3
3663 5 15 3
1892 2 16 3
4242 3 16 3
1616 3 15 3
1238 5 18 3
2716 4 18 3
3674 4 17 3
706 4 16 3
472 4 15 3
422 2 11 3
1221 2 10 3
2305 1 10 3
1953 0 7 3
519 2 3 3
636 2 4 3
3172 1 4 3
33 1 5 3
402 1 6 3
4024 7 7 3
4358 7 8 3
3797 6 8 3
4454 5 8 3
2086 4 8 3
683 3 7 3
219 2 7 4
430 2 12 4
2025 2 13 4
2035 3 13 4
3219 2 14 4
4387 3 12 4
2331 19 8 4
4490 18 8 4
4729 19 9 4
4998 17 8 4
50 15 8 4
377 16 19 4
466 15 19 4
1304 16 18 4
4243 14 19 4
4849 15 18 4
2522 17 16 4
1657 19 11 4
3703 18 11 4
2755 16 14 4
1645 19 14 4
1595 17 14 4
3101 19 12 4
4763 16 13 4
4804 5 14 4
164 19 13 4
1710 17 13 4
302 18 14 4
1145 18 13 4
4253 18 12 4
2120 17 12 4
539 19 10 4
3270 18 10 4
2075 17 11 4
2601 18 9 4
357 15 9 4
3042 16 8 4
4828 16 9 4
2239 17 9 4
4792 17 10 4
1921 16 10 4
1179 17 17 4
518 14 18 4
694 14 17 4
1387 15 17 4
4721 16 17 4
1583 17 15 4
2357 16 15 4
3016 16 16 4
1773 1 7 4
1902 1 8 4
1836 1 9 4
2758 3 8 4
2926 2 8 4
2586 2 9 4
3655 3 9 4
4710 3 14 4
1168 4 14 4
4047 4 13 4
4889 4 12 4
467 5 13 4
1626 6 14 4
1787 6 13 4
2712 7 13 4
3310 8 13 4
4298 9 13 4
4074 3 10 5
682 5 10 5
1375 6 10 5
4814 5 9 5
3543 5 12 5
4744 15 16 5
4713 15 14 5
3017 10 8 5
1306 8 9 5
3151 15 10 5
4567 15 11 5
3594 16 11 5
4256 16 12 5
247 15 15 5
1757 14 16 5
2801 14 15 5
2803 14 14 5
1485 3 11 5
3862 4 9 5
185 4 10 5
619 4 11 5
2810 5 11 5
22 9 12 5
131 8 12 5
853 7 12 5
2705 6 12 5
3154 6 11 5
1031 6 9 5
2952 7 9 5
4941 7 10 5
1373 9 8 5
1034 9 9 5
4125 9 10 5
850 8 10 5
3557 9 14 6
2007 10 15 6
4310 11 15 6
4733 11 13 6
2324 13 14 6
2765 13 13 6
4145 14 13 6
3887 15 13 6
847 15 12 6
1941 10 14 6
2185 11 14 6
1703 13 15 6
3758 12 15 6
3416 12 14 6
480 12 13 6
481 12 12 6
2698 7 11 6
2392 8 11 6
2896 9 11 6
1974 10 10 6
2845 10 11 6
4741 11 11 6
1925 15 2 6
2757 16 2 6
3180 14 11 7
4238 14 10 7
4930 13 10 7
409 14 9 7
2051 14 8 7
2194 10 9 7
4340 11 10 7
2960 10 5 7
4759 11 5 7
3483 14 5 7
4918 16 3 7
139 14 3 7
703 14 2 7
527 15 5 7
2230 15 3 7
3612 14 6 7
675 13 6 7
295 11 9 7
1918 14 12 7
2477 13 12 7
3702 13 11 7
2159 12 11 7
4198 7 0 8
4648 8 0 8
1237 7 2 8
3003 8 2 8
4008 7 3 8
1155 19 0 8
1492 18 0 8
4674 19 1 8
5065 17 0 8
278 18 2 8
1677 18 3 8
4706 7 5 8
2171 9 5 8
2102 19 2 8
3139 19 3 8
4135 19 4 8
1275 18 4 8
3954 18 1 8
4692 17 1 8
157 17 2 8
978 17 3 8
1652 14 7 8
867 13 9 8
879 7 4 8
3625 8 5 8
1667 8 4 8
3403 9 4 8
1639 10 4 8
3141 8 3 8
3946 9 3 8
2610 7 1 8
4300 8 1 8
5054 9 0 8
1232 9 1 8
2661 9 2 8
1627 12 4 8
1752 16 5 8
4856 11 4 8
2350 12 3 8
2980 16 6 8
552 11 3 8
1191 12 2 8
1115 15 6 9
2368 15 7 9
4217 18 7 9
1110 19 5 9
1126 18 5 9
1159 9 7 9
1472 10 7 9
4353 9 6 9
2232 11 8 9
2628 13 7 9
976 16 2 9
3468 15 2 9
1012 16 0 9
2664 14 1 9
1249 16 1 9
2455 15 1 9
3909 15 0 9
1798 19 7 9
4426 19 6 9
3248 18 6 9
2983 10 6 9
2812 13 8 9
4785 10 13 10
121 11 12 10
1336 16 7 10
1358 17 7 10
1379 11 7 10
2609 11 6 10
2049 10 12 10
367 6 2 11
3076 6 1 11
3098 6 0 11
3246 5 0 11
3978 4 0 11
4461 4 2 11
531 3 0 11
1382 3 1 11
2564 3 2 11
902 6 5 12
2467 5 5 12
3364 6 4 12
158 17 6 12
1040 11 4 12
165 16 6 12
576 16 5 12
2045 17 5 12
1949 17 4 12
2840 16 4 12
3981 15 4 12
1055 14 4 12
4311 6 3 12
854 4 5 12
1029 4 4 12
1316 5 4 12
1947 5 3 12
3694 4 3 12
908 13 16 13
2680 12 16 13
3680 13 17 13
4815 11 16 13
322 13 19 13
1003 12 19 13
1851 10 0 13
2108 11 0 13
2328 10 1 13
2401 12 0 13
2986 11 1 13
567 13 18 13
1235 11 17 13
1312 12 17 13
1600 12 18 13
4146 11 18 13
1309 10 18 13
77 12 1 13
3289 12 2 13
2017 11 2 13
3412 10 2 13
4401 10 3 13
582 11 3 13
1547 12 3 13
3485 12 4 13
63 0 0 14
773 1 0 14
1167 0 1 14
3413 2 0 14
4791 1 1 14
300 5 19 14
764 4 19 14
1564 5 18 14
1981 4 18 14
3277 8 14 14
3883 7 14 14
970 0 2 14
1226 1 2 14
2465 2 1 14
2931 2 2 14
656 6 17 15
2763 7 17 15
3281 6 18 15
3854 3 14 15
182 2 7 15
1465 2 8 15
998 2 12 15
2760 3 12 15
4745 3 11 15
433 2 14 15
345 2 13 15
791 3 13 15
1826 5 2 16
2267 5 1 16
3964 4 1 16
4594 6 19 16
1349 0 6 16
2500 0 7 16
2911 6 16 16
1170 5 17 16
1873 19 8 16
4551 17 8 16
2868 16 11 16
959 16 12 16
3202 19 9 16
4578 18 8 16
129 18 9 16
2776 7 19 16
4773 4 17 16
1651 4 16 16
2582 5 16 16
380 3 1 16
2504 3 2 16
1802 3 3 16
1911 2 3 16
5008 2 4 16
243 8 17 17
592 9 15 17
2097 8 15 17
2910 16 19 17
1758 14 19 17
2746 14 18 17
1308 16 16 17
2020 16 8 17
2312 15 8 17
2581 16 9 17
3041 15 9 17
270 15 13 17
203 17 9 17
115 15 19 17
1205 15 18 17
1885 16 18 17
1862 0 4 18
3207 0 5 18
3457 4 9 18
4076 9 14 18
2460 13 11 18
594 1 4 18
3469 10 14 18
4263 11 14 18
607 12 14 18
4727 12 13 18
532 8 19 19
1025 9 19 19
2361 10 19 19
942 19 11 19
4393 18 11 19
209 14 11 19
1178 7 0 19
3036 8 0 19
4446 7 1 19
4580 9 0 19
3631 14 10 19
4199 13 9 19
4377 13 10 19
1359 7 19 19
217 7 18 19
1227 8 18 19
2741 19 10 19
1324 18 10 19
4323 17 11 19
747 17 10 19
1013 16 10 19
1163 15 10 19
1449 15 11 19
1563 15 12 19
410 3 5 20
1090 2 5 20
2431 3 6 20
1124 16 14 20
2748 16 15 20
3031 5 9 20
3584 6 9 20
2417 10 13 20
4292 10 12 20
3765 11 10 20
2137 7 2 20
3126 8 2 20
1497 10 2 20
3117 10 9 20
389 14 7 20
2942 14 9 20
1421 14 8 20
2605 13 8 20
593 11 9 20
946 11 19 20
966 7 9 20
2409 7 10 20
3359 6 10 20
561 5 10 20
403 2 6 20
1573 17 15 20
1484 17 16 20
1960 17 17 20
2554 16 17 20
1888 7 3 20
1987 8 3 20
589 8 1 20
3737 9 1 20
4722 9 2 20
1502 9 3 20
2525 10 3 20
3254 10 17 21
3442 10 16 21
3689 3 4 21
1052 0 12 21
1280 1 12 21
2157 0 13 21
2738 1 13 21
4134 1 14 21
2973 2 16 21
2292 19 0 21
4592 17 0 21
3221 19 2 21
3778 19 1 21
1623 18 0 21
3106 3 16 21
823 6 2 22
1630 6 1 22
2906 6 0 22
3223 5 0 22
3514 4 0 22
4151 6 5 22
2492 4 5 22
3570 6 3 22
4177 4 4 22
2889 0 3 22
3351 1 3 22
3799 0 16 22
4176 1 16 22
207 0 14 22
343 5 12 22
3673 15 15 22
3872 10 15 22
4424 11 15 22
1972 11 12 22
2294 15 7 22
4321 15 6 22
4807 17 7 22
3812 19 3 22
547 11 7 22
74 19 4 22
938 16 7 22
3417 11 6 22
1415 0 15 22
3898 1 15 22
104 2 15 22
491 3 15 22
445 6 4 22
1530 5 5 22
2701 5 4 22
4677 5 3 22
239 3 0 22
2946 3 1 22
443 14 17 22
3962 15 17 22
4582 15 16 22
4111 14 16 22
3038 14 15 22
772 10 14 22
1057 11 14 22
1039 12 15 22
1783 12 14 22
3830 12 13 22
870 13 16 23
1197 12 16 23
126 13 18 23
1867 12 18 23
2666 4 2 23
2743 0 11 23
2478 2 11 23
4790 0 9 23
4809 2 10 23
4806 19 7 23
2608 16 6 23
2587 18 1 23
4508 18 2 23
4009 18 4 23
191 11 4 23
2414 16 5 23
133 18 7 23
2762 18 3 23
310 17 1 23
1682 17 2 23
2822 17 3 23
1296 10 4 23
1707 10 5 23
75 13 17 23
2054 12 17 23
2076 11 16 23
2473 11 17 23
1456 0 10 23
3535 1 11 23
4784 1 10 23
2043 0 8 23
3587 4 3 23
1823 15 14 23
238 13 19 24
3062 12 19 24
3176 11 19 24
4468 8 6 24
3108 10 0 24
3313 11 0 24
4473 10 1 24
215 11 2 24
292 19 6 24
528 18 6 24
782 19 5 24
692 9 7 24
2069 10 7 24
2711 9 6 24
4018 10 6 24
307 18 5 24
794 17 6 24
1891 17 5 24
4107 17 4 24
417 16 4 24
1622 11 6 24
453 11 18 24
1005 10 18 24
4459 8 7 24
180 7 6 24
212 7 7 24
1692 7 8 24
1846 6 8 24
2807 5 8 24
3263 4 8 24
3410 3 8 24
1246 11 3 24
2424 11 1 24
2998 12 0 24
442 12 1 24
558 12 2 24
2046 12 3 24
3810 12 4 24
2119 0 0 25
2933 1 0 25
3273 0 2 25
4821 1 2 25
4864 11 13 25
1098 11 8 25
3368 13 8 25
3530 13 6 25
2273 15 5 25
2620 15 4 25
1022 13 7 25
813 0 1 25
3686 1 1 25
4103 2 0 25
748 2 1 25
1118 2 2 25
803 11 14 25
2005 12 14 25
2540 12 13 25
1428 14 6 25
911 6 17 26
1422 7 17 26
1765 6 18 26
4472 8 14 26
2342 5 19 26
2619 4 19 26
4552 5 18 26
4575 4 18 26
4479 5 16 26
5049 3 14 26
1007 19 14 26
1085 18 14 26
3701 19 13 26
3755 18 13 26
5021 7 5 26
1506 7 4 26
2370 8 5 26
2749 8 4 26
4597 9 4 26
972 10 4 26
1751 10 5 26
2001 11 5 26
423 2 14 26
3067 7 14 26
808 3 15 26
1875 4 17 26
1517 4 16 26
1368 18 12 26
199 5 2 27
1193 5 1 27
3582 6 19 27
3729 7 19 27
4039 8 17 27
1654 9 15 27
3661 7 16 27
876 2 12 27
2902 3 12 27
4477 3 11 27
293 16 19 27
3775 15 19 27
4854 16 18 27
4006 17 14 27
4803 16 2 27
122 15 2 27
214 2 13 27
933 3 13 27
3867 7 18 27
3340 8 18 27
4838 9 18 27
2042 4 1 27
2081 3 1 27
2944 3 2 27
3559 3 3 27
1470 2 3 27
3436 2 4 27
1187 17 13 27
3291 17 12 27
691 16 12 27
1629 0 4 28
1811 0 5 28
2021 0 6 28
4158 0 7 28
812 6 6 28
3400 5 6 28
4977 6 7 28
925 6 16 28
2400 2 7 28
364 3 8 28
605 3 10 28
1608 14 19 28
2000 14 18 28
1252 15 16 28
3969 9 14 28
1746 14 1 28
1488 16 1 28
4904 16 0 28
3078 15 1 28
1154 15 0 28
783 0 8 28
3681 1 4 28
2302 1 5 28
4335 1 6 28
645 1 7 28
533 2 8 28
718 7 6 28
3065 3 7 28
3843 4 6 28
4671 4 7 28
1046 5 7 28
1886 15 18 28
1807 10 14 28
1936 11 14 28
4684 12 14 28
327 12 13 28
3091 9 19 29
3566 8 7 29
3464 19 15 29
1158 5 17 29
1870 19 8 29
2744 18 8 29
1426 13 11 29
1286 10 19 29
2231 10 18 29
432 8 19 29
1092 8 18 29
2255 9 18 29
3296 9 17 29
4366 9 16 29
4832 8 16 29
436 8 15 29
492 7 15 29
2830 6 15 29
1519 5 15 29
44 8 8 29
4442 7 7 29
4140 7 8 29
28 6 8 29
696 5 8 29
895 4 8 29
1351 19 9 29
490 18 9 29
1240 18 15 29
1906 19 16 30
2383 19 17 30
3474 19 18 30
3726 18 18 30
4092 17 16 30
378 19 11 30
486 18 11 30
1432 19 10 30
2113 17 11 30
2281 18 10 30
2922 17 10 30
3492 16 10 30
3131 17 8 30
1380 15 8 30
1171 17 9 30
223 16 8 30
2057 16 9 30
2900 15 9 30
4183 15 10 30
517 18 16 30
1113 18 17 30
1206 17 17 30
4719 0 19 31
2200 2 19 31
1561 1 17 31
4519 2 17 31
176 3 5 31
444 2 5 31
1625 3 6 31
2645 2 6 31
3715 14 11 31
3879 16 11 31
2859 7 0 31
3093 8 0 31
4091 7 1 31
4192 9 0 31
8 0 18 31
94 1 19 31
728 1 18 31
2524 2 18 31
697 3 19 31
4005 3 18 31
4898 3 17 31
3439 4 17 31
4482 4 16 31
1295 16 12 31
2511 15 11 31
3156 15 12 31
271 8 1 31
3479 9 1 31
4162 9 2 31
4301 9 3 31
4764 10 3 31
4850 11 3 31
3833 12 3 31
4742 12 4 31
4871 6 2 32
4989 6 1 32
347 6 5 32
932 5 5 32
1134 6 4 32
894 3 0 32
2065 16 14 32
2033 17 15 32
2210 13 15 32
3280 12 15 32
96 14 10 32
3228 13 10 32
3805 16 3 32
450 14 5 32
964 17 3 32
912 17 4 32
4470 16 4 32
1376 15 3 32
1950 13 9 32
2750 6 0 32
4044 5 0 32
1344 4 0 32
108 16 15 32
418 16 16 32
523 16 17 32
586 15 17 32
1036 14 17 32
1127 14 16 32
4013 13 14 32
70 13 16 33
657 12 16 33
1516 13 17 33
4187 11 16 33
4779 12 17 33
1230 4 5 33
1459 4 4 33
1800 5 4 33
2916 6 3 33
1461 5 9 33
2158 7 9 33
2728 7 10 33
2138 10 8 33
2820 9 8 33
4221 9 9 33
661 10 10 33
1224 11 17 33
2943 6 9 33
3553 6 10 33
3910 5 10 33
2250 5 3 33
2843 9 10 33
4064 8 10 33
3325 13 19 34
3672 12 19 34
3970 11 19 34
3952 10 17 34
3976 0 3 34
3972 2 4 34
4873 8 6 34
3781 0 16 34
3790 1 16 34
815 19 12 34
2393 10 13 34
1500 14 3 34
4 14 2 34
314 10 16 34
2636 10 19 34
700 7 6 34
830 7 7 34
1094 7 8 34
1487 6 8 34
4063 5 8 34
858 4 8 34
3262 18 12 34
1302 0 0 35
3175 1 0 35
3732 0 1 35
4058 2 0 35
4748 1 1 35
4826 2 1 35
1764 13 18 35
2121 12 18 35
2913 4 1 35
4343 3 4 35
3463 0 14 35
4317 0 15 35
4689 0 11 35
325 5 12 35
1335 15 14 35
1455 15 13 35
1515 16 13 35
3754 13 13 35
4101 10 15 35
556 10 12 35
2276 11 10 35
4988 11 9 35
184 11 18 35
3455 10 18 35
3324 1 15 35
4208 2 15 35
3706 3 15 35
388 3 1 35
2769 15 15 35
2909 14 15 35
3027 14 14 35
3763 14 13 35
4601 10 14 35
1190 11 15 35
2348 6 17 36
948 8 14 36
1801 7 14 36
3158 0 8 36
4687 0 9 36
4715 0 10 36
750 2 11 36
2914 7 2 36
3876 8 2 36
3967 7 3 36
4272 8 3 36
1593 15 6 36
1210 18 7 36
2560 11 12 36
2945 10 0 36
3892 11 0 36
4543 10 1 36
2203 15 7 36
265 7 17 36
24 2 10 36
1769 1 11 36
2117 1 10 36
3013 8 1 36
3675 9 1 36
524 12 0 36
2475 4 0 37
2764 5 0 37
4235 5 1 37
1138 0 2 37
1144 1 2 37
2130 6 18 37
2135 0 17 37
2335 0 18 37
2384 5 19 37
2675 4 19 37
2689 5 18 37
2724 4 18 37
2977 12 14 37
2362 19 7 37
2684 19 6 37
3524 18 6 37
2031 11 1 37
2181 11 7 37
3393 19 5 37
4445 18 5 37
752 1 18 37
2713 2 18 37
3733 3 18 37
628 3 17 37
3231 4 17 37
1218 5 2 37
740 2 2 37
1859 3 2 37
1724 4 2 37
2259 4 3 37
2528 3 3 37
3772 2 3 37
3784 1 3 37
676 11 14 37
1948 11 13 37
2538 12 13 37
2569 12 1 37
2470 6 19 38
2592 7 19 38
3388 8 19 38
3531 0 5 38
4704 0 6 38
1503 0 12 38
2607 1 12 38
2766 0 13 38
1345 8 17 38
1631 3 14 38
4262 2 14 38
1598 5 14 38
1777 6 14 38
996 7 13 38
1940 8 13 38
4269 7 12 38
1716 16 7 38
2991 17 5 38
2059 18 4 38
3044 13 8 38
4724 11 8 38
4411 14 6 38
3542 18 3 38
3558 17 3 38
4001 17 4 38
224 17 7 38
1172 17 6 38
1181 16 6 38
1377 16 5 38
1854 13 6 38
797 2 13 38
818 3 13 38
1160 7 18 38
4526 8 18 38
611 1 13 38
789 1 14 38
1049 1 15 38
3576 0 7 38
100 0 4 38
2027 1 4 38
2010 1 5 38
3734 1 6 38
3711 5 13 38
4867 6 13 38
4691 6 12 38
1542 9 13 38
3004 9 12 38
1212 8 12 38
2462 19 14 39
2972 18 14 39
3746 19 13 39
4046 18 13 39
2546 8 9 39
796 7 5 39
1774 8 5 39
4566 7 4 39
1526 10 9 39
2322 9 3 39
3250 11 2 39
3725 11 4 39
2373 9 7 39
3421 10 7 39
2172 15 5 39
150 8 4 39
361 9 4 39
1548 10 4 39
2961 10 5 39
3738 11 5 39
1871 9 6 39
2140 10 6 39
498 11 6 39
678 11 9 39
334 9 19 39
780 10 19 39
81 10 18 39
887 9 18 39
1580 9 17 39
538 8 10 39
1715 18 12 39
989 17 13 39
4990 17 12 39
1793 16 12 39
53 9 2 39
254 10 2 39
1656 10 3 39
3858 11 3 39
833 12 2 39
4497 12 3 39
4887 12 4 39
392 9 15 40
1574 6 6 40
1611 5 6 40
1736 6 7 40
3096 4 6 40
3382 5 7 40
4786 4 7 40
632 3 16 40
4493 19 16 40
4501 19 17 40
3321 14 8 40
2786 14 7 40
78 13 7 40
1739 9 16 40
84 2 16 40
2083 2 15 40
2695 3 15 40
2714 7 6 40
2132 18 16 40
2533 16 16 40
465 0 19 41
3894 1 19 41
4153 7 16 41
4190 6 16 41
4675 5 16 41
4795 8 7 41
167 3 7 41
672 2 7 41
903 2 8 41
1285 19 18 41
2658 18 18 41
3051 19 11 41
3626 18 11 41
4184 19 10 41
4622 17 11 41
2650 16 9 41
4116 19 0 41
144 17 1 41
1609 17 2 41
3493 14 9 41
404 13 9 41
1038 8 8 41
464 7 7 41
2411 7 8 41
2783 6 8 41
3379 5 8 41
4095 18 10 41
4430 6 0 42
4986 6 1 42
1848 2 19 42
2447 3 19 42
3336 19 19 42
3472 18 19 42
618 2 12 42
1362 2 13 42
3596 3 13 42
4475 3 10 42
1468 3 8 42
3736 16 8 42
358 14 19 42
346 15 18 42
2516 17 0 42
1722 19 1 42
640 18 0 42
2269 18 1 42
626 6 2 42
1464 5 2 42
1820 4 2 42
1192 4 8 42
2992 17 19 42
331 17 18 42
767 14 18 42
4673 13 16 43
4726 11 16 43
4857 2 18 43
1852 19 15 43
1314 3 12 43
2639 3 11 43
3034 17 8 43
3934 15 17 43
1099 15 15 43
3018 9 14 43
2306 19 4 43
3591 19 3 43
2249 19 2 43
536 18 2 43
3022 18 3 43
211 17 3 43
627 17 4 43
546 16 4 43
941 15 4 43
457 12 16 43
716 1 18 43
2585 1 17 43
3498 2 17 43
3683 3 18 43
4178 3 17 43
1204 15 8 43
2262 15 9 43
1207 18 15 43
1865 18 16 43
3634 18 17 43
977 14 17 43
4447 10 14 43
1665 6 5 44
2136 5 5 44
3433 6 4 44
5070 4 5 44
2836 13 19 44
4612 12 19 44
1763 10 19 44
4004 13 17 44
1264 3 5 44
1876 2 5 44
2246 3 6 44
2332 2 6 44
3268 15 19 44
819 16 11 44
1063 14 11 44
1073 13 1 44
1535 13 0 44
1729 15 0 44
2584 11 19 44
89 6 3 44
116 4 4 44
127 5 4 44
1042 5 3 44
234 16 19 44
1220 16 18 44
4647 16 17 44
120 17 17 44
2499 0 0 45
3217 1 0 45
3742 0 1 45
4555 2 0 45
4133 10 17 45
4474 3 0 45
4680 3 1 45
2182 5 17 45
2844 19 8 45
4333 18 8 45
945 16 14 45
1096 16 15 45
3956 5 10 45
4281 9 5 45
4929 16 0 45
2640 9 4 45
4498 10 4 45
865 10 5 45
2439 11 5 45
3365 10 16 45
1313 4 17 45
4813 4 16 45
1251 5 9 45
4658 19 9 45
590 18 9 45
1006 17 9 45
178 17 10 45
1438 16 10 45
1872 15 10 45
3295 15 11 45
3693 6 17 46
1054 13 18 46
2638 12 18 46
3204 4 1 46
1660 3 4 46
4271 1 1 46
4570 0 3 46
303 17 15 46
441 13 14 46
497 13 15 46
4565 12 15 46
1087 17 14 46
1293 17 13 46
2089 6 9 46
2215 6 10 46
1281 7 0 46
2532 8 0 46
3160 7 1 46
4518 9 0 46
4089 16 2 46
1544 16 1 46
462 15 2 46
1219 15 1 46
408 12 17 46
2229 11 17 46
2445 11 18 46
501 10 18 46
1346 7 17 46
476 2 1 46
4546 17 12 46
695 17 16 46
1338 16 16 46
2015 15 16 46
2127 14 16 46
3615 14 15 46
4681 4 0 47
804 1 3 47
4160 0 4 47
1080 8 6 47
3979 7 6 47
4734 7 7 47
4484 8 14 47
4548 7 14 47
3632 0 14 47
3851 0 15 47
4168 0 7 47
1624 0 11 47
2833 1 11 47
3608 0 10 47
741 7 9 47
1418 7 10 47
2358 13 11 47
4122 8 1 47
4084 14 10 47
4102 16 3 47
391 17 3 47
515 17 4 47
726 15 3 47
2349 1 14 47
584 5 0 47
2320 5 1 47
2556 5 2 47
3209 7 8 47
274 6 8 47
891 5 8 47
2421 4 8 47
136 9 1 47
489 6 19 48
1640 7 19 48
1961 6 18 48
3371 8 19 48
11 0 2 48
1828 0 18 48
3350 0 17 48
1287 0 5 48
2617 0 6 48
3922 5 19 48
4698 4 19 48
2024 0 16 48
2096 1 16 48
1818 0 8 48
1250 1 10 48
3238 2 11 48
3360 5 12 48
555 10 8 48
1114 9 8 48
3391 9 9 48
3590 10 15 48
4214 11 15 48
4620 11 13 48
2880 15 13 48
778 13 13 48
709 7 3 48
3068 14 5 48
1673 7 18 48
3937 8 18 48
1153 9 19 48
955 9 18 48
1714 9 17 48
3473 9 16 48
2222 2 16 48
1993 5 18 48
3214 4 18 48
1239 0 9 48
575 1 2 48
34 2 2 48
91 3 2 48
2223 4 2 48
2662 4 3 48
1357 3 3 48
2423 2 3 48
3459 2 4 48
1075 2 10 48
2681 16 13 48
4061 15 14 48
4261 10 14 48
2437 11 14 48
522 12 14 48
1670 12 13 48
35 7 2 48
906 19 14 49
2187 18 14 49
664 19 12 49
5040 9 10 49
711 10 13 49
5058 8 3 49
3010 19 5 49
5027 18 5 49
3554 19 7 49
4577 11 10 49
3552 13 10 49
4945 15 7 49
3563 19 6 49
642 15 6 49
3198 13 9 49
1056 10 10 49
109 19 13 49
2094 18 13 49
3980 18 12 49
5050 17 12 49
1369 16 12 49
1061 8 2 49
4191 8 9 50
4738 8 10 50
2395 11 12 50
4219 9 2 50
4662 10 2 50
4970 17 7 50
705 11 1 50
1909 11 7 50
1350 18 7 50
770 18 6 50
3658 17 6 50
3963 16 6 50
654 16 5 50
3352 16 4 50
572 15 4 50
2390 14 4 50
1768 10 12 50
2207 0 19 51
2379 1 19 51
4757 1 18 51
370 0 12 51
994 1 12 51
3652 0 13 51
3408 8 16 51
3804 7 16 51
4110 6 16 51
65 8 7 51
2014 8 8 51
3396 6 7 51
216 4 6 51
1199 4 7 51
2147 10 1 51
245 7 5 51
4913 8 5 51
1973 14 3 51
15 7 4 51
169 8 4 51
1782 9 4 51
2923 1 17 51
2793 2 17 51
913 1 13 51
2984 1 14 51
3058 1 15 51
928 7 8 51
2883 6 8 51
3284 6 6 51
4223 5 6 51
1742 5 7 51
1951 5 8 51
233 4 8 51
3534 10 0 51
1282 11 0 51
2443 12 0 51
495 12 1 51
3577 3 7 52
2363 3 16 52
3481 19 16 52
4956 19 17 52
1360 17 18 52
4895 5 16 52
2747 19 11 52
2893 18 11 52
4619 19 10 52
715 10 9 52
143 9 3 52
3578 10 3 52
838 11 4 52
1348 12 2 52
261 10 4 52
725 10 5 52
1209 11 5 52
250 11 9 52
21 2 16 52
2006 2 15 52
277 2 7 52
1213 2 8 52
1755 18 10 52
26 17 11 52
226 18 16 52
3244 11 2 52
4921 11 3 52
1019 12 3 52
1619 12 4 52
187 6 0 53
1343 6 1 53
2397 6 2 53
3132 13 16 53
5031 12 16 53
181 8 17 53
1413 19 18 53
1934 2 14 53
4007 9 7 53
734 9 6 53
2257 10 7 53
2428 10 6 53
3966 11 6 53
400 12 17 53
3148 5 0 53
148 11 16 54
227 2 19 54
1709 3 19 54
2651 3 18 54
2940 17 19 54
3849 19 19 54
610 3 14 54
578 5 14 54
1200 6 14 54
2949 5 13 54
3338 6 13 54
848 16 9 54
2510 15 9 54
3305 19 0 54
479 18 0 54
1647 3 15 54
113 2 18 54
1781 2 17 54
2422 3 17 54
2659 18 19 54
4318 18 18 54
7 6 5 55
1147 5 5 55
3499 6 4 55
342 19 15 55
3682 18 15 55
4349 18 16 55
3476 2 12 55
1140 3 10 55
3045 6 12 55
3292 8 12 55
3806 8 13 55
4512 9 13 55
1896 14 9 55
2241 13 9 55
3190 18 1 55
886 17 1 55
1613 17 2 55
2441 18 2 55
2228 18 3 55
4422 17 3 55
2085 2 13 55
315 6 3 55
1655 4 5 55
2955 4 4 55
3453 5 4 55
4031 5 3 55
4754 0 1 55
4607 7 13 55
540 7 12 55
266 9 12 55
281 18 17 55
4355 5 0 56
4371 5 1 56
4897 13 19 56
85 6 17 56
240 7 17 56
4448 7 18 56
1014 10 17 56
1860 10 16 56
4136 2 8 56
4524 3 8 56
4644 15 8 56
4870 16 8 56
3121 3 13 56
2166 3 11 56
3857 15 5 56
478 3 12 56
451 5 2 56
3489 13 17 57
205 10 19 57
516 9 19 57
1810 5 18 57
2629 5 17 57
350 19 8 57
1150 18 8 57
1499 19 9 57
2982 18 9 57
3484 15 15 57
3638 14 19 57
4714 14 18 57
260 9 14 57
468 10 14 57
1105 16 7 57
2497 17 5 57
4521 17 6 57
3599 4 18 57
123 17 8 57
273 17 9 57
753 17 10 57
1735 16 10 57
1997 15 10 57
1104 15 14 57
1454 11 14 57
1521 6 18 58
1985 6 19 58
2633 7 19 58
2847 8 19 58
4700 4 0 58
4801 3 0 58
68 12 19 58
1927 11 19 58
3603 12 17 58
1267 1 3 58
3748 2 5 58
3873 3 5 58
898 8 6 58
2493 7 6 58
2572 6 6 58
4636 7 7 58
1531 15 19 58
2539 16 19 58
2588 16 18 58
3556 16 17 58
707 14 8 58
2543 13 8 58
4678 11 8 58
434 18 3 58
3529 18 4 58
995 14 7 58
1071 13 7 58
1437 13 18 58
1933 12 18 58
549 11 17 58
3943 11 18 58
4156 10 18 58
1236 8 18 58
1498 9 18 58
2212 9 17 58
916 9 16 58
2817 9 15 58
731 3 6 58
2878 2 6 58
2515 4 1 58
5003 3 1 58
2378 7 8 58
2509 6 8 58
2105 5 6 58
5037 5 7 58
2722 5 8 58
3213 4 8 58
4632 17 17 58
1568 0 0 59
1928 1 0 59
3641 0 1 59
1318 3 2 59
3153 3 4 59
4313 0 3 59
4646 0 4 59
2798 8 14 59
4096 7 14 59
2971 16 14 59
1779 19 14 59
1956 18 14 59
3618 15 18 59
3897 5 9 59
2087 14 11 59
1841 16 11 59
2179 14 6 59
2579 14 2 59
4608 14 1 59
769 18 0 59
1463 17 0 59
1474 17 1 59
3721 13 6 59
2459 8 15 59
4940 7 15 59
665 6 15 59
859 5 15 59
710 4 2 59
2353 4 3 59
3317 3 3 59
1026 2 0 59
2004 2 1 59
3816 1 1 59
1323 15 11 59
4098 14 17 59
192 15 17 59
333 0 2 60
1152 1 2 60
3330 0 18 60
3950 0 17 60
4315 1 17 60
1585 0 7 60
4309 0 14 60
1386 17 15 60
3630 19 13 60
3785 19 12 60
2921 5 10 60
701 8 9 60
892 8 10 60
1176 13 15 60
3299 12 15 60
3841 13 14 60
4327 12 14 60
4397 10 13 60
4505 10 12 60
1395 19 5 60
3589 18 5 60
4747 19 6 60
3798 19 1 60
4530 19 2 60
1024 9 5 60
1361 16 1 60
3037 16 0 60
2627 15 1 60
3783 15 0 60
843 18 2 60
940 17 2 60
4106 17 3 60
2549 17 4 60
1340 9 4 60
2454 10 4 60
2521 10 5 60
4232 11 5 60
229 2 2 60
565 2 3 60
363 2 4 60
1189 16 15 60
529 12 13 60
544 0 19 61
2851 1 19 61
3832 1 18 61
4431 2 18 61
4736 0 5 61
3332 5 19 61
3719 4 19 61
301 1 11 61
1298 0 11 61
3730 0 10 61
4282 0 9 61
744 0 15 61
1702 17 14 61
3179 17 13 61
3855 18 13 61
4077 16 13 61
4230 6 9 61
4925 6 10 61
624 11 10 61
2789 19 7 61
4016 18 7 61
2968 15 7 61
4735 15 6 61
739 18 6 61
704 11 9 61
1326 2 17 61
1996 4 18 61
623 0 6 61
1725 18 12 61
2153 17 12 61
3740 16 12 61
4014 0 12 62
4541 1 12 62
4554 0 13 62
4772 1 13 62
201 2 16 62
2290 3 16 62
2430 19 16 62
3656 7 9 62
2777 7 0 62
3267 8 0 62
291 7 2 62
496 8 2 62
2823 13 11 62
3678 11 12 62
4197 19 3 62
4559 19 4 62
548 17 7 62
110 18 4 62
805 17 6 62
1225 16 6 62
2529 16 5 62
3337 1 14 62
475 7 10 62
4394 19 17 62
949 7 1 62
3200 8 1 62
4204 9 0 62
4891 9 1 62
568 9 2 62
1815 10 2 62
2420 9 15 63
2604 7 16 63
4805 6 16 63
985 0 16 63
2190 1 16 63
4531 12 0 63
4693 11 0 63
1103 10 7 63
3750 11 7 63
4770 16 2 63
286 15 2 63
690 15 1 63
312 15 0 63
1081 10 6 63
2937 11 6 63
1546 1 15 63
583 2 15 63
2038 3 15 63
4032 6 0 64
685 2 19 64
1117 3 19 64
2542 8 7 64
4527 8 8 64
857 5 16 64
2214 19 19 64
3710 18 19 64
5061 17 19 64
947 14 10 64
2887 12 1 64
3235 16 3 64
4049 15 3 64
1101 13 10 64
3182 3 18 64
1699 3 17 64
425 4 17 64
641 4 16 64
1083 7 8 64
4523 17 18 64
437 6 5 65
670 5 5 65
3933 6 4 65
5036 4 5 65
326 0 8 65
617 18 18 65
1970 19 11 65
2505 18 11 65
979 5 14 65
3276 6 14 65
3794 5 13 65
4875 6 13 65
151 6 3 65
2853 4 4 65
3792 5 4 65
4080 5 3 65
1032 7 13 65
776 7 12 65
1223 19 10 65
2079 18 10 65
2814 17 11 65
3878 13 16 66
3568 6 1 66
4798 6 2 66
2598 3 1 66
3069 13 19 66
3829 8 17 66
3993 1 10 66
923 19 15 66
2448 18 15 66
3177 18 16 66
3924 19 18 66
4638 2 11 66
1584 6 7 66
2858 5 7 66
3194 16 9 66
712 5 12 66
730 19 0 66
2490 18 0 66
4668 17 0 66
323 10 9 66
470 12 2 66
1926 12 3 66
4568 12 4 66
1578 10 5 66
877 17 1 66
3899 17 2 66
3995 17 3 66
1431 17 4 66
3137 16 4 66
4831 15 4 66
4938 14 4 66
5032 10 4 66
543 11 9 66
3306 2 10 66
1446 6 8 66
1829 5 8 66
1942 15 9 66
1877 19 17 66
3944 18 17 66
4010 17 17 66
4048 17 16 66
1058 16 16 66
3376 4 1 67
179 12 16 67
503 11 16 67
922 11 17 67
1466 6 17 67
2176 7 17 67
1992 2 12 67
4651 2 13 67
4907 2 14 67
30 2 7 67
4657 3 7 67
4718 5 6 67
5047 10 8 67
1256 10 10 67
1620 10 0 67
2482 10 1 67
3482 9 7 67
3767 9 6 67
5067 10 6 67
647 10 2 67
809 11 1 67
954 11 2 67
1430 11 3 67
2338 11 6 67
424 4 6 67
4054 4 7 67
4374 9 8 67
39 9 9 67
629 9 10 67
595 3 0 68
2406 4 0 68
2729 6 19 68
3846 7 19 68
4469 6 18 68
2098 9 19 68
4425 10 17 68
1389 5 18 68
3984 2 8 68
968 3 10 68
2047 7 12 68
440 7 5 68
3540 8 5 68
2665 7 4 68
3140 8 4 68
263 9 4 68
488 10 4 68
550 11 4 68
2855 11 5 68
471 10 16 68
1575 7 18 68
1307 8 19 68
1614 8 18 68
1674 5 17 68
1601 4 18 68
749 5 0 68
2856 5 1 68
2894 5 2 68
727 4 8 68
1799 3 8 68
2452 6 12 68
1943 0 0 69
4634 1 0 69
288 10 19 69
1311 19 8 69
1903 18 8 69
4237 19 9 69
5023 17 8 69
1390 14 19 69
2782 15 15 69
630 7 13 69
2930 9 13 69
5015 9 12 69
3836 10 15 69
4175 11 15 69
2123 14 3 69
807 2 0 69
615 8 13 69
2523 8 12 69
530 18 9 69
1424 17 9 69
1641 17 10 69
2260 16 10 69
2632 14 18 69
3687 14 17 69
4574 15 17 69
2727 12 17 70
3146 12 19 70
1480 0 1 70
2616 1 1 70
3657 0 2 70
4572 1 2 70
943 3 2 70
1727 3 4 70
4581 0 3 70
4150 0 18 70
3467 15 14 70
4707 9 14 70
2461 14 9 70
40 18 1 70
2503 18 2 70
2644 16 7 70
2752 17 5 70
98 17 1 70
145 17 2 70
874 17 3 70
3586 17 4 70
1301 17 6 70
3084 16 6 70
686 16 5 70
1493 16 4 70
4839 15 4 70
1059 13 17 70
2023 13 18 70
2129 12 18 70
1004 11 19 70
3249 11 18 70
3606 10 18 70
3868 9 18 70
4236 9 17 70
406 0 17 70
975 4 2 70
1509 4 3 70
2280 3 3 70
2008 2 1 70
2723 2 2 70
1478 10 14 70
2346 0 19 71
2726 1 19 71
3480 1 18 71
4916 2 18 71
1662 1 3 71
1935 0 4 71
3343 0 5 71
2016 2 5 71
2235 3 5 71
3320 3 6 71
4043 2 6 71
5042 0 6 71
2869 0 14 71
1803 11 14 71
2211 13 9 71
1986 13 10 71
276 1 17 71
1263 2 17 71
230 3 18 71
1270 3 17 71
1370 0 7 71
1837 2 3 71
835 11 13 71
2734 0 12 72
4933 1 12 72
4428 8 14 72
2356 5 19 72
2416 4 19 72
2446 8 6 72
2696 6 6 72
993 3 8 72
1571 17 15 72
2643 17 16 72
2962 16 8 72
3959 15 8 72
3107 19 13 72
12 15 13 72
525 13 13 72
1028 7 14 72
1734 4 18 72
1907 4 17 72
4761 4 16 72
3155 0 13 72
3243 1 13 72
228 1 14 72
257 7 6 72
1322 7 7 72
1693 7 8 72
2220 6 8 72
3370 5 8 72
4966 4 8 72
836 19 12 72
1726 15 9 72
3551 15 10 72
4957 15 11 72
1959 9 15 73
2150 7 16 73
3818 6 16 73
3918 2 16 73
321 19 16 73
1998 16 14 73
2996 16 15 73
4751 16 16 73
138 7 9 73
1082 7 10 73
1273 8 10 73
889 18 12 73
3987 17 12 73
2003 8 9 73
3387 13 15 73
3786 12 15 73
4664 13 14 73
4496 10 13 73
173 9 16 73
1712 8 16 73
3092 8 15 73
2293 3 16 73
521 1 11 73
1721 0 11 73
3028 0 10 73
1342 9 9 73
1427 9 10 73
1023 19 17 73
3789 12 14 73
3917 12 13 73
856 0 15 74
2402 0 9 74
3341 19 14 74
4332 18 14 74
3741 6 9 74
4324 6 10 74
2739 7 0 74
937 9 0 74
2002 19 5 74
3170 18 5 74
3211 19 6 74
872 14 8 74
3278 13 8 74
3515 8 0 74
2208 14 7 74
2994 13 7 74
399 18 13 74
3624 17 14 74
5026 17 13 74
2568 16 13 74
253 16 12 74
18 6 0 75
1834 5 0 75
2064 6 5 75
2412 5 5 75
3538 6 4 75
3659 4 5 75
4258 5 4 75
3361 0 16 75
3647 16 19 75
1125 14 18 75
3609 14 17 75
4050 3 14 75
2206 3 12 75
668 5 9 75
883 7 1 75
4830 7 2 75
1444 10 2 75
4593 11 12 75
1194 13 11 75
2314 12 0 75
3025 18 6 75
1347 11 8 75
23 19 1 75
1853 19 2 75
196 19 3 75
1570 19 4 75
412 7 3 75
1666 8 1 75
4022 9 1 75
1562 9 2 75
2624 8 2 75
4603 8 3 75
1780 9 3 75
2550 10 3 75
97 11 0 75
2704 11 1 75
4365 11 2 75
1394 1 16 75
3079 1 15 75
3346 2 15 75
4120 3 15 75
1146 5 10 75
2573 6 3 75
4252 5 3 75
2541 4 4 75
2660 10 12 75
758 15 19 75
1767 15 18 75
1869 16 18 75
1965 13 16 76
2451 13 17 76
244 0 7 76
2233 0 8 76
1043 18 18 76
2278 19 11 76
5051 17 11 76
4288 14 11 76
4630 19 7 76
156 11 10 76
637 10 7 76
4939 18 4 76
1325 16 2 76
4373 15 2 76
71 18 7 76
4026 17 7 76
1881 17 6 76
2792 11 9 76
1744 19 10 76
2594 18 11 76
2453 18 10 76
256 17 10 76
930 16 10 76
2375 15 10 76
297 6 1 77
643 6 2 77
729 12 16 77
3171 11 16 77
1958 6 17 77
2808 7 17 77
67 2 19 77
4927 3 19 77
1076 8 7 77
3593 8 8 77
4381 5 14 77
428 16 11 77
1501 11 7 77
962 14 6 77
255 14 2 77
1245 14 1 77
542 13 6 77
61 11 6 77
4245 11 17 77
868 3 18 77
2603 3 17 77
851 5 13 77
3415 6 14 77
275 6 13 77
1572 6 12 77
4436 16 12 77
2304 3 0 78
2686 4 0 78
2958 3 1 78
918 5 2 78
1507 13 19 78
2677 6 19 78
3114 7 19 78
3712 6 18 78
4753 8 19 78
4879 8 17 78
3643 0 11 78
4295 1 11 78
4341 0 10 78
2993 19 19 78
3298 18 19 78
2890 5 17 78
3378 5 16 78
4537 3 11 78
4984 19 4 78
1107 15 7 78
2774 9 5 78
4164 14 5 78
4308 15 5 78
1816 16 1 78
2316 16 0 78
1180 15 1 78
2995 15 0 78
3780 19 3 78
3928 18 3 78
557 15 6 78
3164 16 6 78
4556 16 5 78
66 9 4 78
846 10 4 78
58 13 18 78
114 7 18 78
974 8 18 78
984 4 17 78
4841 4 16 78
1529 5 1 78
3819 4 1 78
3728 4 2 78
3105 4 3 78
172 17 19 78
713 17 18 78
2371 0 0 79
2545 1 0 79
2813 2 0 79
3049 2 1 79
449 9 19 79
3344 1 10 79
3565 19 15 79
3811 18 15 79
1077 19 18 79
4755 2 11 79
1106 2 12 79
1259 2 14 79
1991 14 10 79
1001 12 1 79
1355 16 3 79
101 15 3 79
415 13 10 79
1537 2 13 79
1588 3 13 79
73 2 10 79
1203 19 17 79
3684 18 16 79
2134 12 19 80
4547 11 19 80
915 12 17 80
1128 11 17 80
3550 7 7 80
3779 6 7 80
4113 7 8 80
4124 5 7 80
4412 6 8 80
469 2 7 80
1202 19 8 80
1242 18 8 80
1895 19 9 80
2386 17 8 80
3239 18 9 80
1015 16 9 80
1932 10 8 80
2669 9 8 80
3973 9 9 80
4149 9 10 80
313 12 18 80
4732 11 18 80
840 10 19 80
306 5 8 80
1690 3 7 80
754 17 9 80
4250 17 10 80
4888 16 10 80
3327 15 9 80
4112 15 10 80
4246 15 11 80
569 0 1 81
790 1 1 81
1283 0 2 81
2311 1 2 81
2647 10 17 81
1086 0 19 81
3520 1 19 81
3888 1 18 81
817 3 18 81
2419 14 19 81
1420 16 18 81
3040 5 12 81
3824 10 10 81
2506 10 0 81
4453 9 7 81
92 10 1 81
537 11 0 81
646 11 1 81
862 11 2 81
1990 11 3 81
1255 11 4 81
3165 11 5 81
520 9 6 81
2139 10 6 81
2732 11 6 81
3081 10 16 81
231 10 18 81
679 9 18 81
2821 9 17 81
2070 2 18 81
2191 15 19 81
4359 15 18 81
248 3 4 82
2742 1 3 82
1514 0 12 82
2687 3 5 82
2976 5 18 82
3095 14 16 82
4045 19 0 82
4194 18 0 82
379 19 1 82
735 19 2 82
2491 19 3 82
3275 18 3 82
386 17 0 82
3032 17 1 82
332 17 2 82
1920 17 3 82
5043 17 4 82
4991 16 4 82
1044 15 4 82
4017 14 4 82
279 1 12 82
421 3 6 82
103 2 2 82
2691 3 2 82
2309 4 2 82
3945 4 3 82
4511 0 3 83
4550 0 13 83
4696 1 13 83
1471 9 15 83
4816 7 16 83
4823 6 16 83
454 8 14 83
4331 7 14 83
1072 0 5 83
1596 0 6 83
2146 2 6 83
4708 2 16 83
669 7 13 83
2126 8 13 83
4626 8 12 83
2574 9 16 83
1868 8 16 83
3747 8 15 83
4466 7 15 83
1067 6 15 83
4224 5 15 83
3951 1 16 83
200 3 16 83
958 2 5 83
2347 0 4 83
37 6 13 83
1229 0 18 84
4725 0 17 84
1653 5 19 84
4549 4 19 84
2468 8 6 84
2621 7 6 84
3604 6 6 84
5019 5 6 84
660 0 14 84
1597 19 16 84
1842 3 10 84
3127 16 14 84
4108 16 15 84
4539 16 16 84
1327 19 14 84
1551 17 14 84
107 7 12 84
564 11 9 84
4392 0 15 84
3914 1 14 84
4209 1 17 84
1385 2 17 84
3123 3 17 84
46 4 18 84
398 4 17 84
834 4 16 84
99 0 9 84
1518 4 6 84
309 6 12 84
1185 9 13 84
920 9 12 84
2785 18 14 84
4220 19 17 84
4132 18 16 84
4883 18 17 84
411 6 0 85
795 5 0 85
1027 17 15 85
1475 17 16 85
2888 2 8 85
3326 3 8 85
146 16 8 85
663 15 8 85
4869 7 9 85
429 8 9 85
2073 13 15 85
736 7 5 85
2296 8 5 85
3418 7 4 85
4015 8 4 85
1166 9 4 85
820 3 7 85
603 4 7 85
1363 4 8 85
235 8 10 85
2201 15 9 85
2631 15 10 85
3823 15 11 85
992 17 17 85
1684 16 17 85
3381 13 14 85
1331 6 5 86
1483 5 5 86
2566 6 4 86
2595 4 5 86
4810 5 4 86
4886 6 3 86
811 0 15 86
3192 14 15 86
4052 18 13 86
4399 6 9 86
2283 9 14 86
2329 10 14 86
3644 11 13 86
3252 12 15 86
732 12 2 86
1231 11 2 86
756 7 10 86
1790 6 10 86
76 5 10 86
2498 5 3 86
3575 4 4 86
3426 10 12 86
2537 10 15 86
2827 11 15 86
3242 11 14 86
1525 12 14 86
2593 12 13 86
208 11 16 87
419 12 16 87
1460 13 16 87
1819 13 17 87
3877 13 18 87
359 6 2 87
768 14 3 87
3961 14 9 87
4383 12 18 87
80 0 16 87
2204 1 16 87
1555 1 15 87
4028 2 15 87
1116 6 1 87
1821 19 13 87
2271 19 12 87
2337 18 12 87
2663 16 19 88
3402 14 14 88
5035 14 13 88
484 16 13 88
1247 17 13 88
3362 7 0 88
717 9 1 88
1402 9 2 88
2174 19 1 88
2496 18 1 88
3434 19 2 88
3764 18 2 88
128 19 3 88
355 18 3 88
788 17 1 88
2041 17 2 88
2112 17 3 88
2264 16 7 88
3990 17 7 88
1290 17 12 88
4932 16 12 88
1378 15 19 88
3029 13 13 88
1017 0 0 89
2796 1 0 89
2901 2 0 89
3116 2 1 89
3406 4 0 89
3677 3 0 89
4971 3 1 89
3394 6 17 89
4419 7 17 89
4558 7 18 89
1607 19 6 89
2563 19 5 89
1435 18 5 89
1999 17 6 89
153 16 6 89
635 16 5 89
1962 17 5 89
383 9 0 89
1638 8 0 89
4325 0 7 89
1747 19 15 89
2044 18 15 89
3919 18 16 89
2263 15 18 89
4087 14 18 89
2970 14 17 89
1341 6 18 90
3617 6 19 90
4129 7 19 90
1457 9 19 90
4621 13 19 90
111 12 19 90
3450 11 19 90
4639 4 1 90
4777 3 2 90
3432 8 17 90
2959 3 19 90
3653 2 19 90
1524 10 19 90
1434 8 19 90
1890 8 18 90
2433 3 15 90
4861 5 1 90
3502 5 2 90
4409 4 2 90
4462 4 3 90
5064 0 1 91
4595 12 17 91
2040 10 17 91
3323 10 16 91
1399 2 18 91
4669 8 7 91
545 6 7 91
1760 5 7 91
1938 0 11 91
2308 1 11 91
4352 0 10 91
4545 2 11 91
4752 1 10 91
3099 0 8 91
3429 19 18 91
3611 3 14 91
4413 2 12 91
193 12 18 91
4062 11 17 91
655 11 18 91
1814 10 18 91
2050 9 18 91
4999 9 17 91
356 2 14 91
2544 2 13 91
745 0 9 91
2377 0 2 91
1211 2 10 91
140 8 8 91
2115 6 13 91
2985 6 12 91
2341 19 17 91
4464 1 1 92
4852 1 3 92
2091 3 4 92
2841 19 19 92
763 17 19 92
2552 17 18 92
4923 7 7 92
1045 7 1 92
3066 8 1 92
3751 8 2 92
3852 7 2 92
242 7 3 92
541 8 3 92
2831 9 3 92
341 5 9 92
2435 5 10 92
2939 7 8 92
4633 6 8 92
4896 5 8 92
2167 18 19 92
2488 18 18 92
3308 18 17 92
554 17 8 92
308 15 3 92
1002 16 3 92
3787 0 19 93
3827 1 19 93
4159 1 18 93
2634 0 3 93
3982 0 4 93
4205 0 12 93
4643 1 12 93
3339 10 1 93
4506 9 9 93
3863 3 6 94
4859 3 5 94
1188 0 18 94
3723 0 17 94
4525 0 13 94
4836 1 13 94
1924 19 4 94
2261 19 3 94
4920 18 3 94
511 3 13 94
1759 1 17 94
1182 2 17 94
944 6 0 95
1184 5 0 95
3487 6 1 95
4606 5 1 95
2559 9 15 95
2602 7 16 95
3149 6 16 95
3837 8 14 95
4560 5 16 95
1451 19 0 95
3523 18 0 95
4936 17 0 95
1050 17 1 95
2548 17 2 95
352 17 3 95
485 11 0 95
1788 11 1 95
2245 12 1 95
2476 12 2 95
3398 11 2 95
4363 10 2 95
4585 10 3 95
3294 11 3 95
760 12 3 95
3777 12 4 95
757 15 19 95
2966 14 19 95
3639 14 18 95
221 7 14 95
4163 5 17 95
