2926
801 0 19 1
1292 1 19 1
2420 0 18 1
2811 2 19 1
3241 1 18 1
2933 0 16 1
2991 2 17 1
3157 0 15 1
4972 19 19 1
2252 17 19 1
3796 19 17 1
1995 15 19 1
3243 17 17 1
1028 19 15 1
1816 0 12 1
1935 1 12 1
3030 0 13 1
3443 2 12 1
338 4 12 1
2754 19 0 1
4226 18 0 1
2619 19 2 1
2758 16 0 1
2196 17 2 1
73 19 4 1
3008 4 19 1
4222 5 19 1
5164 4 18 1
120 7 19 1
2344 5 17 1
4042 8 19 1
796 4 15 1
4647 2 15 1
4862 19 9 1
4215 17 9 1
2614 19 14 1
1365 19 16 1
690 19 18 1
950 14 19 1
4792 13 19 1
5349 16 17 1
385 15 17 1
1413 14 17 1
1919 13 17 1
3206 13 18 1
1380 16 19 1
1690 18 19 1
567 9 19 1
596 10 19 1
3690 11 19 1
1683 12 19 1
4734 12 18 1
470 5 18 1
1745 6 19 1
2088 4 17 1
4284 4 16 1
440 4 14 1
132 0 17 1
919 1 17 1
2884 1 15 1
2080 1 16 1
2265 2 16 1
3075 2 18 1
3078 3 19 1
3380 3 18 1
618 3 17 1
3316 3 16 1
3844 0 14 1
4235 3 12 1
789 5 12 1
4081 19 10 1
2944 18 9 1
1131 18 10 1
650 17 10 1
219 16 9 1
4750 16 10 1
213 16 11 1
4330 19 3 1
979 19 1 1
1117 18 2 1
3400 18 1 1
3442 17 0 1
5246 17 1 1
3715 15 0 1
5317 15 1 1
2425 16 1 1
3819 16 2 1
1351 0 0 1
4045 1 1 1
4145 2 1 1
2947 0 1 1
956 1 2 1
2226 4 0 1
3438 2 2 1
4970 0 2 1
1038 1 3 1
1344 5 0 1
4082 4 1 1
716 2 3 1
1540 0 3 1
3563 1 4 1
3662 6 0 1
5265 5 1 1
289 4 2 1
760 2 4 1
949 0 4 1
2755 1 5 1
3135 7 0 1
4148 6 1 1
5459 5 2 1
1871 4 3 1
4983 2 5 1
2644 0 5 1
3561 1 6 1
4586 8 0 1
1374 7 1 1
3946 6 2 1
34 5 3 1
2785 4 4 1
3389 2 6 1
3862 0 6 1
4650 1 7 1
5553 9 0 1
262 8 1 1
1714 7 2 1
2109 6 3 1
2187 5 4 1
3171 4 5 1
3898 2 7 1
1903 0 7 1
2493 1 8 1
604 9 1 1
3991 8 2 1
4570 7 3 1
191 6 4 1
417 5 5 1
1382 2 8 1
4863 0 8 1
1443 1 9 1
2969 9 2 1
4554 8 3 1
5280 7 4 1
5327 6 5 1
1503 2 9 1
4441 0 9 1
5129 1 10 1
3912 14 18 2
4079 15 18 2
5240 16 18 2
5592 1 14 2
2374 17 16 2
2633 16 16 2
3448 17 15 2
3837 15 16 2
4487 16 15 2
4587 17 14 2
4701 6 18 2
5046 7 18 2
960 6 16 2
5085 9 18 2
276 8 16 2
911 18 4 2
2272 16 3 2
2930 18 5 2
3670 16 4 2
4067 17 6 2
3867 6 12 2
1211 5 14 2
753 16 14 2
1181 14 16 2
1331 13 16 2
1588 13 15 2
4360 14 15 2
2113 15 15 2
3926 5 16 2
5032 5 15 2
1829 1 13 2
58 3 15 2
1167 3 14 2
5294 2 14 2
194 2 13 2
522 3 13 2
1220 9 16 2
613 10 16 2
1618 11 16 2
4672 12 16 2
787 12 17 2
2326 10 18 2
181 11 18 2
2235 8 18 2
2412 6 17 2
3202 17 18 2
4965 18 18 2
5462 18 17 2
1313 18 16 2
1763 18 15 2
1854 17 11 2
1969 18 11 2
2918 19 11 2
1525 18 3 2
5276 17 3 2
3161 17 4 2
726 17 5 2
2512 15 2 2
2591 15 3 2
2845 15 4 2
2025 19 5 2
20 19 6 2
206 18 6 2
4767 11 17 3
4778 10 17 3
222 6 15 3
312 14 0 3
769 13 0 3
1821 14 1 3
4134 12 0 3
2354 13 2 3
2963 10 0 3
2664 14 4 3
3290 19 13 3
4759 19 12 3
476 17 13 3
831 15 13 3
1974 18 14 3
3032 18 13 3
3451 18 12 3
5123 17 12 3
2542 16 13 3
5358 16 12 3
3255 15 14 3
1383 4 13 3
1844 5 13 3
4362 6 13 3
310 6 14 3
1184 12 15 3
2090 11 15 3
2269 10 15 3
4270 9 15 3
4127 8 15 3
786 9 17 3
4796 8 17 3
1855 7 17 3
3755 7 16 3
1338 14 2 3
1367 14 3 3
78 13 1 3
492 10 1 3
1497 11 0 3
1904 11 1 3
1994 12 1 3
2568 12 2 3
4152 11 2 3
4093 19 7 4
4187 19 8 4
4880 17 7 4
5068 16 7 4
3249 8 14 4
5009 9 14 4
5537 10 14 4
878 14 5 4
1701 13 5 4
5272 14 6 4
5720 12 5 4
820 11 3 4
2750 12 3 4
795 14 14 4
224 12 14 4
2117 12 13 4
2951 14 11 4
4 15 9 4
198 13 10 4
1541 13 8 4
1120 15 11 4
3944 15 10 4
1284 14 10 4
2488 18 7 4
3063 18 8 4
3162 17 8 4
3456 16 8 4
460 12 8 4
3545 11 8 4
487 13 6 4
1932 12 6 4
974 13 3 4
1269 13 4 4
2210 12 4 4
2356 10 2 4
2559 10 3 4
3893 10 4 4
4024 11 4 4
5618 11 5 4
925 15 5 4
1419 16 5 4
3510 16 6 4
4307 15 6 4
160 15 12 4
4383 13 14 4
4557 13 13 4
1145 14 13 4
1153 14 12 4
1246 7 15 4
2310 7 14 4
2372 7 13 4
2685 8 13 4
3354 9 13 4
1676 11 14 4
1754 15 7 5
5099 12 12 5
5136 10 12 5
718 11 10 5
805 12 10 5
1457 9 9 5
2170 10 10 5
3548 10 6 5
4689 9 6 5
2004 7 6 5
3342 6 6 5
4744 7 7 5
1548 8 12 5
3095 6 11 5
3454 5 11 5
461 7 9 5
148 0 10 5
5507 3 11 5
2983 4 9 5
2710 15 8 5
722 11 6 5
938 11 7 5
2189 12 7 5
4872 13 7 5
5416 14 7 5
638 8 6 5
644 8 7 5
1096 9 7 5
4596 10 7 5
2687 13 12 5
5458 13 11 5
208 12 11 5
4541 10 13 5
3344 11 13 5
3362 11 12 5
1845 11 11 5
1228 7 12 5
2011 0 11 5
203 4 11 5
1250 6 9 5
4225 5 9 5
134 9 12 5
1842 5 6 5
4238 4 6 5
4770 4 7 5
5356 5 7 5
2396 6 7 5
4468 0 0 5
3070 8 11 6
5385 8 9 6
904 5 0 6
5632 4 0 6
5676 3 0 6
4765 0 2 6
5486 0 1 6
5653 2 2 6
1193 1 3 6
3720 14 8 6
4285 14 9 6
4743 13 9 6
5187 12 9 6
5192 11 9 6
508 7 11 6
1625 1 2 6
2239 1 1 6
889 0 3 7
1321 0 4 7
3082 1 4 7
3988 0 5 7
112 2 3 7
3869 1 6 7
4324 4 3 7
328 5 2 7
847 10 9 7
1266 10 8 7
1784 9 8 7
5361 8 8 7
43 7 8 7
862 1 5 7
12 0 6 8
1947 0 7 8
1964 1 8 8
5042 2 6 8
5149 9 0 8
905 7 0 8
2348 6 0 8
2993 7 2 8
4518 5 3 8
5703 6 3 8
1265 4 5 8
3596 2 4 8
474 8 0 8
272 6 2 8
2172 2 5 8
1050 1 7 8
326 6 8 8
1200 5 8 8
3401 4 8 8
4726 0 8 9
5043 0 9 9
551 1 10 9
914 2 8 9
1923 10 5 9
5355 9 5 9
918 7 5 9
1635 9 3 9
2988 6 5 9
4355 7 4 9
3191 9 1 9
4820 4 2 9
329 9 2 9
304 7 3 9
1487 9 4 9
2065 8 5 9
2070 8 4 9
3254 8 3 9
4451 8 2 9
1371 8 1 9
4489 6 4 9
373 5 5 9
5234 5 4 9
2717 4 4 9
3289 2 7 9
3411 1 9 9
2815 1 11 9
3106 2 11 9
737 4 1 9
1350 5 1 9
4118 6 1 9
5426 7 1 9
1673 2 9 10
4074 2 10 10
836 0 19 11
1299 1 19 11
2048 0 18 11
4136 2 19 11
633 2 14 11
1072 2 13 11
61 3 19 11
133 0 14 12
968 0 15 12
3881 1 13 12
265 0 17 12
4981 1 17 12
288 3 18 12
3328 3 17 12
3925 14 18 12
1843 19 19 12
2551 18 19 12
3235 19 18 12
4231 0 0 12
654 7 1 12
1874 6 1 12
1217 5 1 12
2033 4 1 12
3039 15 18 12
3033 0 16 12
35 1 14 12
1545 1 15 12
2857 1 16 12
351 1 18 12
2881 2 18 12
5555 2 17 12
5588 2 16 12
859 3 16 12
1187 3 15 12
2047 3 14 12
3390 3 13 12
1560 16 19 13
3449 17 19 13
5219 16 18 13
361 19 17 13
684 19 16 13
1369 17 16 13
2751 16 16 13
3334 17 15 13
3760 7 18 13
4046 15 14 13
1983 14 16 13
3734 13 16 13
4824 18 13 13
4900 14 13 13
5320 18 12 13
13 17 12 13
416 13 13 13
936 13 14 13
1164 13 15 13
2880 14 15 13
656 8 18 13
5031 6 18 13
4059 6 17 13
2228 13 19 14
4273 14 19 14
4579 13 18 14
4696 15 19 14
5608 13 17 14
2743 17 18 14
4709 18 18 14
4946 17 17 14
751 11 17 14
2736 10 17 14
3680 9 17 14
4234 19 7 14
4399 19 8 14
4419 17 7 14
1668 18 7 14
2003 18 8 14
2138 17 8 14
511 18 17 14
2843 18 16 14
1943 16 17 14
4438 14 17 14
2120 15 18 14
2975 15 17 14
5073 15 16 14
943 15 15 14
1880 16 15 14
2427 8 17 14
2626 7 17 14
687 7 16 14
884 0 13 15
1805 0 12 15
3193 1 12 15
4214 2 12 15
4877 3 12 15
5729 13 0 15
284 14 0 15
689 14 1 15
723 11 0 15
4816 14 2 15
2129 12 2 15
2215 19 15 15
2524 18 15 15
3639 19 14 15
5626 18 14 15
480 6 15 15
1089 15 6 15
182 14 3 15
173 13 3 15
2429 13 4 15
2593 12 4 15
5004 13 1 15
80 12 0 15
330 12 1 15
1977 11 1 15
207 11 2 15
542 10 2 15
1912 10 3 15
2810 10 4 15
2368 11 4 15
177 11 5 15
3280 11 6 15
4741 17 14 15
106 16 14 15
398 16 13 15
2229 16 12 15
3968 15 12 15
966 14 12 15
864 3 13 15
3773 7 15 15
2984 19 0 16
3028 18 0 16
3050 19 1 16
2359 5 12 16
3005 8 14 16
4351 9 14 16
1219 11 14 16
5330 15 7 16
1130 12 12 16
185 10 12 16
2254 9 12 16
2521 8 11 16
5689 8 9 16
1249 13 12 16
1274 13 11 16
1353 4 12 16
2135 4 13 16
4814 5 13 16
5200 6 13 16
5662 6 14 16
528 7 11 16
3511 17 0 17
336 15 0 17
600 18 1 17
1166 15 1 17
4523 18 2 17
1082 10 14 17
2639 0 3 17
3475 0 4 17
2762 4 1 17
3176 2 1 17
582 19 2 17
1645 16 0 17
1058 11 18 18
3472 10 18 18
4196 9 18 18
4524 16 1 18
451 16 2 18
3575 6 17 18
5602 10 11 18
5625 12 10 18
3402 10 6 18
5659 9 6 18
1298 10 8 18
1583 8 10 18
4866 1 9 18
1024 2 7 18
2536 0 7 18
3886 2 6 18
1465 9 0 18
2534 8 0 18
4702 0 5 18
2576 1 4 18
4727 4 4 18
5607 3 1 18
1662 0 1 18
1523 0 6 18
1680 17 1 18
1965 17 2 18
1251 15 2 18
744 9 11 18
3943 9 10 18
4729 10 10 18
2790 12 11 18
842 5 15 18
2734 8 18 18
1206 10 7 18
4426 7 10 18
1789 6 10 18
74 0 2 18
1474 12 17 19
1575 12 16 19
1311 10 16 19
2971 9 16 19
5589 8 16 19
4437 11 5 19
1232 8 6 19
1879 8 7 19
2383 4 3 19
2127 0 9 19
5501 0 8 19
2044 12 15 19
331 11 16 19
537 11 15 19
609 10 15 19
1958 9 15 19
2347 8 15 19
279 9 7 19
175 19 4 20
1084 18 4 20
3315 19 5 20
4124 17 4 20
4297 18 5 20
2545 11 4 20
3240 12 4 20
3331 12 5 20
5081 12 6 20
5289 13 6 20
317 16 6 20
2472 1 11 20
681 10 5 20
115 8 5 20
3014 2 8 20
3971 1 8 20
3975 1 7 20
342 7 3 20
1837 6 3 20
4192 7 2 20
4708 6 4 20
117 6 1 20
167 2 3 20
1590 9 5 20
5556 6 2 20
122 1 6 20
4496 1 5 20
393 19 6 20
1107 18 6 20
2421 18 7 20
2446 18 8 20
2458 17 8 20
4716 16 7 20
1702 16 8 20
2166 15 8 20
217 11 6 20
1136 11 7 20
2910 12 7 20
4698 13 7 20
1967 17 5 20
2518 19 3 20
4423 18 3 20
2832 17 3 20
2940 16 3 20
3238 15 3 20
4372 15 4 20
4939 16 4 20
1286 16 5 20
201 15 5 20
405 1 10 20
4974 2 11 20
2735 1 3 20
1016 0 19 21
1574 1 19 21
2181 0 18 21
2361 1 18 21
2855 3 19 21
4810 6 19 21
5044 5 19 21
5281 6 18 21
5319 4 19 21
466 7 6 21
1639 6 6 21
1499 7 7 21
1571 4 6 21
3642 4 7 21
2695 9 4 21
4925 7 4 21
2481 9 2 21
4878 4 5 21
679 2 5 21
764 9 3 21
196 8 4 21
814 8 3 21
2173 8 2 21
2883 7 5 21
3686 6 5 21
1078 5 5 21
2108 5 4 21
1984 5 3 21
2978 2 4 21
3820 2 19 21
1325 2 18 21
5232 5 6 21
1186 5 7 21
4484 6 7 21
5333 0 16 22
1255 1 15 22
2249 2 17 22
1806 2 14 22
2082 4 18 22
4028 5 18 22
5278 4 17 22
5523 5 17 22
4268 10 4 22
4855 10 3 22
4992 8 12 22
5024 7 12 22
5225 5 2 22
457 9 1 22
1356 8 1 22
3102 7 1 22
4562 7 0 22
4616 6 0 22
1417 5 1 22
3410 5 0 22
3982 4 0 22
4591 3 0 22
5101 2 0 22
1407 4 2 22
24 0 15 22
1051 12 18 22
3542 12 19 22
5291 11 19 22
674 10 19 22
1197 9 19 22
3104 0 17 23
5155 0 14 23
4039 17 19 23
4310 16 19 23
5616 16 18 23
1 13 14 23
101 14 14 23
2124 13 15 23
2670 14 15 23
3553 4 16 23
5725 5 16 23
291 6 11 23
4461 5 11 23
5591 4 11 23
1188 1 14 23
52 1 17 23
3093 1 16 23
2475 2 16 23
2539 6 16 23
2731 7 11 23
2250 2 18 24
4371 13 19 24
5645 14 19 24
572 13 17 24
2636 14 17 24
3341 19 17 24
3559 18 17 24
261 17 15 24
935 8 19 24
2571 7 19 24
3909 8 17 24
4547 10 2 24
1134 12 1 24
1883 15 15 24
4905 16 17 24
4742 17 14 24
468 15 14 24
2519 13 18 24
4467 14 18 24
4823 15 19 24
666 15 18 24
740 15 17 24
1946 3 18 24
2066 3 17 24
987 3 16 24
1062 8 18 24
5094 7 18 24
4309 7 17 24
1888 0 12 25
10 2 12 25
5594 3 12 25
5665 4 12 25
399 19 19 25
1975 18 19 25
1989 19 18 25
2337 18 18 25
3022 3 14 25
4603 5 15 25
5682 13 16 25
253 19 16 25
579 18 16 25
584 12 0 25
2332 13 0 25
2970 13 1 25
1370 18 13 25
3257 18 12 25
3684 17 12 25
1052 14 13 25
5175 13 13 25
3859 6 10 25
2630 4 10 25
5417 0 0 25
761 17 18 25
791 17 17 25
1456 17 16 25
3810 14 16 25
1620 15 16 25
2012 16 16 25
2013 16 15 25
1751 0 13 25
4393 1 12 25
2958 1 13 25
3229 2 13 25
4257 3 13 25
189 5 10 25
2440 5 9 25
3439 6 9 25
350 7 10 25
1147 7 9 25
1040 3 10 25
4499 2 10 25
5143 2 9 25
4165 3 9 25
1711 18 0 26
3727 19 0 26
5567 19 1 26
2432 10 0 26
2916 11 0 26
51 10 1 26
1592 14 3 26
4886 7 16 26
221 16 4 26
3873 16 5 26
4094 19 6 26
5376 18 6 26
3901 19 8 26
1758 19 7 26
1944 11 1 26
36 14 0 26
59 14 1 26
2601 14 2 26
1959 16 0 27
5549 17 0 27
5415 19 12 27
5374 19 13 27
5238 19 15 27
1810 5 12 27
1631 12 2 27
3691 8 14 27
1715 14 4 27
5580 17 5 27
736 18 7 27
4390 16 7 27
443 10 15 27
1256 18 8 27
1670 17 6 27
2350 17 7 27
2490 17 8 27
3379 16 8 27
1922 11 2 27
1097 11 3 27
4432 12 3 27
2981 13 2 27
5336 13 3 27
976 13 4 27
3263 13 5 27
1421 19 14 27
2590 18 15 27
5517 18 14 27
3126 3 16 28
3612 19 2 28
866 17 2 28
1009 17 1 28
1221 16 1 28
1610 7 17 28
3147 10 18 28
3803 9 19 28
5307 6 12 28
2830 12 19 28
4250 12 18 28
4645 17 13 28
5624 8 15 28
605 14 5 28
1851 14 6 28
2659 15 8 28
3396 12 15 28
5543 12 13 28
363 15 11 28
3414 14 11 28
3737 15 10 28
255 14 10 28
3931 19 3 28
818 18 1 28
825 18 2 28
4427 18 3 28
765 15 0 28
2371 15 1 28
3391 17 14 28
46 7 15 28
3407 12 14 28
876 10 19 28
879 11 19 28
896 11 18 28
2010 19 9 29
2142 18 9 29
3137 19 10 29
3782 18 10 29
4705 19 11 29
1872 17 10 29
3098 6 17 29
3895 6 16 29
713 16 2 29
3121 10 14 29
3562 9 15 29
4304 12 12 29
4415 12 10 29
4940 10 11 29
4977 9 11 29
100 1 3 29
1907 15 2 29
534 18 11 29
1155 17 11 29
1580 16 10 29
2299 16 11 29
2581 6 15 29
315 9 14 29
103 0 4 29
1102 0 3 29
3409 0 2 29
749 12 16 30
3865 9 12 30
5165 10 12 30
5585 10 10 30
2865 10 6 30
3052 9 6 30
3360 10 7 30
3657 9 7 30
5277 9 8 30
165 8 11 30
529 0 8 30
1257 0 9 30
1430 0 11 30
2766 4 1 30
2931 4 2 30
5654 2 1 30
1191 5 1 30
3252 12 17 30
2870 7 11 30
1275 0 10 30
1064 3 17 31
4302 3 18 31
4387 3 19 31
5532 2 19 31
1848 0 19 31
2876 0 18 31
4836 4 19 31
4267 19 5 31
4384 19 4 31
2620 17 4 31
4333 10 17 31
5614 11 17 31
1006 8 16 31
1358 10 8 31
1327 9 10 31
5117 8 8 31
3446 2 10 31
1111 19 3 31
5534 18 5 31
5574 18 4 31
732 18 3 31
1173 17 3 31
3105 16 3 31
3384 15 3 31
4686 15 4 31
1372 15 5 31
431 1 19 31
4282 5 19 31
5191 6 19 31
228 6 18 31
1896 7 18 31
2355 8 18 31
3049 9 18 31
3591 9 17 31
3645 9 16 31
4433 10 16 31
5201 11 16 31
2523 11 15 31
1213 7 10 31
2067 8 10 31
2898 0 15 32
5373 0 16 32
4835 12 3 32
309 11 5 32
810 12 5 32
1840 11 6 32
5430 12 6 32
2183 15 9 32
2806 2 11 32
2723 0 7 32
3160 1 5 32
5450 2 7 32
4338 0 2 32
524 11 7 32
1019 12 7 32
343 13 3 32
2795 3 11 32
123 3 10 32
972 17 9 33
1065 16 9 33
2890 16 8 33
3526 8 7 33
4575 8 6 33
4577 7 6 33
5092 6 6 33
5198 5 6 33
5283 6 7 33
931 0 3 33
3806 0 4 33
5484 0 5 33
5706 8 1 33
709 7 1 33
444 0 6 33
1841 1 6 33
2098 2 6 33
248 17 8 33
1428 17 7 33
1953 17 6 33
2007 16 6 33
2036 16 10 33
8 16 11 33
484 2 18 34
486 0 17 34
2471 0 14 34
4052 1 14 34
4221 0 13 34
4490 13 19 34
4622 14 19 34
5110 13 18 34
5233 15 19 34
735 15 14 34
2451 15 13 34
3832 7 7 34
4141 8 2 34
2645 4 6 34
3231 4 7 34
3487 5 7 34
5470 9 1 34
4906 9 0 34
1222 8 0 34
1813 7 0 34
4811 6 0 34
5154 5 0 34
1135 4 0 34
1561 3 0 34
180 1 4 34
65 1 18 34
682 1 16 35
2059 0 12 35
4752 1 12 35
2526 16 19 35
3373 17 19 35
4780 16 18 35
3227 14 18 35
3840 13 17 35
2414 19 17 35
4356 7 18 35
3822 12 11 35
5597 14 10 35
263 4 5 35
1381 2 4 35
2514 15 18 35
3804 1 13 35
188 1 15 35
1418 1 17 35
3499 2 17 35
348 1 11 35
1366 1 10 35
553 9 2 35
1333 4 18 36
2932 5 18 36
3736 4 17 36
1240 3 15 36
1762 19 0 36
1897 18 0 36
5465 19 1 36
614 3 12 36
1626 4 12 36
3416 18 17 36
4973 16 16 36
471 9 18 36
770 13 15 36
2552 10 5 36
5298 9 3 36
5348 4 4 36
392 18 1 36
813 2 12 36
661 5 17 36
873 14 17 36
171 5 19 36
2110 6 18 36
4200 6 19 36
965 7 19 36
1399 8 19 36
4730 8 18 36
2448 3 14 37
3682 4 14 37
1501 19 19 37
4218 18 19 37
1914 5 16 37
5664 18 2 37
5 17 16 37
356 17 15 37
516 16 15 37
5248 15 15 37
19 12 1 37
2063 11 1 37
1086 10 3 37
2674 13 16 37
4867 10 4 37
258 14 8 37
4458 13 8 37
1373 11 7 37
4038 8 12 37
4076 7 12 37
1348 6 11 37
4053 5 11 37
5707 8 10 37
4291 9 4 37
3973 7 4 37
4128 2 9 37
1237 6 9 37
2362 2 5 37
450 9 5 37
95 14 9 37
2442 11 8 37
218 4 16 37
2817 4 15 37
1960 19 18 37
2188 18 18 37
2330 17 18 37
2407 17 17 37
2822 16 17 37
1460 15 17 37
4628 15 16 37
741 14 16 37
2343 14 15 37
1106 7 11 37
2340 7 10 37
2700 5 10 37
767 4 11 37
1376 3 11 37
1462 3 10 37
3884 3 7 37
1329 1 9 37
2201 3 16 38
3860 17 0 38
4774 16 0 38
4844 15 0 38
1766 19 16 38
4417 5 14 38
807 10 0 38
990 11 0 38
4775 12 0 38
4952 13 0 38
5505 14 0 38
2151 14 2 38
2829 5 9 38
4135 7 5 38
1627 5 5 38
113 6 3 38
2649 6 2 38
705 2 2 38
40 8 5 38
367 8 4 38
1797 8 3 38
2992 7 3 38
4638 7 2 38
2617 6 5 38
5482 6 4 38
130 5 4 38
489 18 16 38
200 18 15 38
4051 19 2 38
2812 19 3 38
88 14 1 38
3763 13 1 38
233 13 2 38
1450 5 15 38
1103 2 16 38
3450 2 15 38
5227 2 14 38
472 1 2 38
1148 11 18 39
1216 10 18 39
1312 16 1 39
2496 15 1 39
2877 15 2 39
3329 19 9 39
3490 19 10 39
3924 19 11 39
4485 19 12 39
5345 17 11 39
4254 7 19 39
945 10 1 39
1565 10 2 39
3890 6 12 39
3981 7 17 39
5140 7 16 39
5379 7 15 39
5611 17 14 39
1818 6 1 39
2290 5 2 39
3889 2 3 39
1464 7 1 39
2782 7 0 39
3999 6 0 39
1486 5 1 39
4023 5 0 39
4281 4 0 39
581 5 3 39
5028 4 3 39
5719 18 9 39
970 16 14 39
997 18 1 39
3233 17 1 39
2267 11 2 39
3635 11 3 39
4634 11 4 39
962 12 4 39
104 14 3 39
3743 13 3 39
308 11 19 40
442 5 17 40
857 19 14 40
1119 18 11 40
2395 18 3 40
2661 18 4 40
2038 16 4 40
2616 16 5 40
4318 19 7 40
548 16 13 40
4828 14 13 40
4999 12 14 40
5050 9 12 40
5045 10 10 40
1099 4 9 40
622 19 13 40
2230 14 14 40
2574 13 14 40
3397 19 6 40
4167 18 5 40
5412 18 6 40
2840 10 19 40
3601 9 19 40
4223 8 19 40
97 8 18 40
226 8 17 40
250 9 17 40
379 2 19 41
759 3 19 41
1202 1 19 41
3332 3 18 41
578 19 15 41
1394 17 13 41
1579 19 8 41
1825 18 8 41
5584 16 2 41
1978 18 10 41
2296 8 15 41
1562 10 16 41
1812 10 14 41
2168 12 12 41
2637 10 12 41
4021 12 10 41
5651 5 10 41
454 18 15 41
2740 18 14 41
3778 18 13 41
4091 18 12 41
5409 17 12 41
1061 17 2 41
1937 17 3 41
2804 16 3 41
3850 15 3 41
4288 15 4 41
1726 3 17 41
4803 9 16 41
140 9 15 41
5601 9 14 41
1194 12 19 41
5478 12 18 41
557 12 17 41
576 6 10 41
1877 0 19 42
1917 0 18 42
2092 0 16 42
2479 0 15 42
2656 1 15 42
2797 4 19 42
4543 5 19 42
944 5 12 42
1594 17 10 42
1030 14 5 42
3984 12 16 42
4506 12 15 42
2176 15 8 42
5365 15 7 42
5522 14 7 42
274 9 11 42
402 10 11 42
1605 10 6 42
4003 9 6 42
3513 4 11 42
5209 4 10 42
1138 1 4 42
2247 1 3 42
4206 1 2 42
2030 6 19 42
3809 6 18 42
2967 6 17 42
5162 6 16 42
1970 11 10 42
2776 11 11 42
3550 11 12 42
1242 10 7 42
2952 18 9 43
3365 17 9 43
5595 16 9 43
5634 16 8 43
459 15 5 43
1528 13 7 43
3386 13 5 43
4130 15 10 43
4354 11 5 43
252 9 7 43
1411 8 7 43
2602 9 8 43
3247 8 6 43
3427 7 6 43
5093 8 11 43
151 5 6 43
1700 3 11 43
4314 3 10 43
5620 3 9 43
2186 0 11 43
3473 0 10 43
4737 0 9 43
5479 0 8 43
72 4 3 43
2401 4 2 43
3183 4 1 43
4125 2 1 43
3297 0 0 43
2554 5 1 43
445 15 11 43
2014 16 10 43
1870 16 11 43
2780 16 12 43
4830 17 8 43
1189 17 7 43
623 11 6 43
1685 7 11 43
1910 7 10 43
3802 6 6 43
2902 0 1 43
3208 1 1 43
1563 0 17 44
2257 1 17 44
2260 0 14 44
3777 1 14 44
5469 0 13 44
4259 13 18 44
2073 18 5 44
2243 14 11 44
66 13 4 44
4019 6 7 44
4896 2 11 44
178 0 3 44
467 0 4 44
4876 0 5 44
3274 8 1 44
314 15 9 44
959 14 9 44
1521 1 18 44
1913 2 18 44
804 2 17 44
298 13 19 44
2570 14 19 44
2145 15 19 44
5142 15 18 44
1992 1 11 44
963 1 10 44
2050 1 9 44
1231 0 12 45
4232 1 12 45
4834 2 12 45
11 7 13 45
1599 9 14 45
2922 15 13 45
3694 11 2 45
307 11 4 45
1472 13 3 45
1853 7 7 45
1801 0 6 45
2083 9 2 45
4096 8 2 45
1295 8 3 45
4239 7 3 45
4643 7 2 45
4782 7 1 45
922 15 12 45
3145 14 12 45
2467 1 13 45
1363 1 16 45
823 2 16 45
5527 16 14 45
2980 15 14 45
2404 11 3 45
809 13 2 45
3543 12 2 45
3681 12 3 45
254 12 4 45
1838 12 5 45
62 4 18 46
973 4 17 46
1112 4 16 46
3560 4 15 46
1900 9 15 46
2264 9 16 46
2331 19 3 46
3310 19 4 46
5577 19 5 46
3058 12 17 46
3956 4 6 46
235 0 7 46
96 9 1 46
571 9 0 46
4869 8 0 46
3308 7 0 46
4034 6 0 46
1198 19 6 46
1952 14 3 46
2081 14 4 46
3534 15 4 46
2948 4 7 46
988 5 7 46
473 3 15 47
2300 3 14 47
5680 19 0 47
1400 5 15 47
4194 17 19 47
5444 16 19 47
1720 17 17 47
2160 16 17 47
2594 8 16 47
4854 8 17 47
1641 15 3 47
4450 16 3 47
4555 18 7 47
5202 17 7 47
5714 10 7 47
4539 2 7 47
77 1 5 47
2191 4 14 47
1340 18 6 47
107 16 7 47
481 10 8 47
2950 3 7 47
2206 3 17 48
2424 3 16 48
4061 3 12 48
4895 4 12 48
5687 19 19 48
3186 15 0 48
506 18 0 48
1322 15 19 48
3471 14 19 48
4580 14 18 48
4831 10 15 48
1320 0 2 48
1930 2 17 48
1572 13 17 48
1830 14 17 48
2403 18 19 48
5341 0 1 48
2721 1 1 48
1502 7 18 49
1885 8 18 49
2607 8 19 49
3101 5 16 49
3311 19 18 49
5691 19 17 49
2866 17 18 49
781 16 18 49
5157 15 2 49
1362 16 0 49
1916 18 1 49
3708 12 18 49
4913 19 9 49
1303 19 13 49
3739 16 16 49
1730 17 11 49
3503 8 8 49
632 19 10 49
2468 18 18 49
3421 18 17 49
1283 16 11 49
592 15 18 49
119 19 1 49
458 19 2 49
270 15 1 49
3573 16 1 49
1420 17 0 49
1996 17 1 49
2058 9 10 49
2484 7 19 50
3317 6 19 50
3667 6 18 50
4043 9 19 50
4825 10 19 50
75 12 19 50
1824 17 16 50
3481 17 15 50
4349 16 15 50
5188 19 14 50
1330 14 16 50
1732 14 15 50
2055 13 15 50
2533 12 13 50
2747 14 10 50
3955 14 9 50
5268 2 10 50
5513 1 10 50
608 10 5 50
1309 9 5 50
364 8 5 50
2962 8 4 50
3594 11 19 50
4514 11 18 50
4640 10 18 50
2437 9 18 50
563 9 17 50
800 10 17 50
1692 11 17 50
1319 1 9 50
790 3 19 51
1748 2 19 51
3494 3 18 51
4258 1 19 51
93 6 16 51
334 6 15 51
1422 6 12 51
3914 6 13 51
70 4 14 51
490 17 14 51
1799 18 2 51
3077 18 3 51
4075 19 11 51
2212 11 1 51
5694 13 1 51
1911 5 3 51
187 9 3 51
1672 8 3 51
2232 7 3 51
1455 19 12 51
1022 18 4 51
773 0 19 52
1602 0 18 52
5383 1 18 52
1689 0 16 52
1749 1 16 52
2397 0 15 52
3790 1 15 52
4188 4 19 52
5408 5 19 52
2610 17 8 52
3609 19 15 52
4567 13 16 52
610 14 1 52
2100 14 0 52
2648 13 0 52
3363 11 0 52
1389 17 5 52
5086 15 4 52
1105 10 4 52
2234 17 13 52
2688 16 14 52
1133 13 2 52
4747 7 2 52
4243 6 1 52
4951 4 5 52
2911 7 1 52
1066 7 0 52
1334 6 0 52
1490 5 2 52
2364 5 1 52
3535 5 0 52
4787 4 0 52
170 2 18 52
27 5 18 52
2074 5 17 52
4738 6 17 52
704 7 17 52
4947 7 16 52
1986 19 16 52
4914 18 16 52
5695 18 15 52
1178 18 14 52
2595 18 13 52
627 18 8 52
1439 19 8 52
1717 19 7 52
2882 19 6 52
2787 10 0 52
192 10 1 52
1942 10 2 52
2549 10 3 52
4001 11 3 52
4857 12 0 52
2019 12 1 52
4246 12 2 52
2094 12 3 52
2236 12 4 52
2308 5 12 53
4026 18 9 53
4306 17 9 53
4667 16 9 53
4994 16 10 53
2564 16 13 53
4170 16 8 53
738 13 14 53
763 12 14 53
1786 13 13 53
2733 12 15 53
341 12 11 53
3834 12 5 53
4694 14 8 53
5617 10 10 53
3603 2 4 53
260 16 11 53
1031 17 1 53
423 16 1 53
2328 16 2 53
2892 17 2 53
5610 17 3 53
396 14 2 53
2977 14 3 53
4025 14 4 53
589 12 16 53
41 0 17 54
1488 0 14 54
2535 1 14 54
311 19 10 54
2091 17 10 54
4055 15 5 54
5118 14 5 54
5403 15 6 54
5670 15 11 54
5690 15 10 54
1577 12 6 54
1764 12 7 54
1902 12 8 54
3453 9 10 54
4488 4 9 54
2294 7 3 54
4777 8 3 54
5247 8 4 54
4833 8 5 54
5245 7 5 54
1991 18 10 54
3812 18 11 54
5702 18 12 54
2515 17 12 54
2941 16 12 54
3752 15 12 54
3178 15 9 54
4199 15 8 54
4476 13 5 54
4537 13 6 54
5286 14 6 54
4410 1 17 54
2137 2 17 54
82 0 12 55
2286 1 12 55
3079 0 13 55
3089 2 12 55
4926 1 13 55
5683 13 19 55
333 6 6 55
5359 7 6 55
5684 8 6 55
2224 10 6 55
2926 10 8 55
4428 8 11 55
210 5 9 55
400 5 5 55
4063 2 3 55
436 13 18 55
2973 13 17 55
3798 14 17 55
4979 15 17 55
5088 15 16 55
3965 15 15 55
211 9 6 55
3002 4 15 56
3524 4 16 56
3976 4 17 56
4535 4 18 56
4571 8 15 56
955 18 5 56
1032 18 6 56
1176 17 6 56
1735 10 17 56
1259 13 12 56
1850 7 13 56
4035 8 13 56
4241 9 13 56
515 10 11 56
2871 9 11 56
5036 9 12 56
1951 8 7 56
3607 4 11 56
547 5 6 56
1000 6 5 56
1950 6 3 56
4099 6 2 56
2111 6 4 56
2609 5 4 56
383 12 12 56
1290 11 17 56
2366 5 18 56
245 9 7 56
958 9 8 56
477 8 12 56
728 7 12 56
2335 3 15 57
2433 3 14 57
2441 10 2 57
2899 11 2 57
3509 10 13 57
2722 15 13 57
3597 14 4 57
3700 14 6 57
5231 11 5 57
5452 11 6 57
1244 10 12 57
2184 12 10 57
3538 7 10 57
4358 5 11 57
4704 2 11 57
660 3 11 57
4002 5 7 57
5217 0 8 57
558 1 4 57
1985 1 3 57
2714 2 2 57
388 10 3 57
1666 12 2 57
85 11 7 57
1036 11 8 57
580 7 11 57
646 6 11 57
717 6 10 57
865 5 10 57
1779 4 10 57
3357 3 10 57
295 3 9 57
426 1 11 57
758 0 11 57
3966 0 10 57
5296 0 9 57
449 1 9 57
1137 1 2 57
280 3 17 58
2341 3 16 58
2711 19 19 58
3702 18 19 58
4413 18 18 58
2245 19 6 58
2913 3 12 58
3697 4 12 58
4642 9 15 58
4892 9 17 58
4969 9 16 58
403 7 7 58
671 7 5 58
5295 9 3 58
1098 4 4 58
1511 5 2 58
2653 4 2 58
4014 5 1 58
4532 4 1 58
45 8 5 58
1172 4 3 58
1623 19 5 58
2139 14 3 58
2338 13 3 58
25 12 3 58
2485 11 3 58
3108 11 4 58
3433 12 4 58
4710 13 4 58
5297 13 5 58
4348 13 6 58
2161 2 17 58
5596 2 16 58
2846 6 7 58
1168 19 0 59
2076 19 1 59
5427 19 2 59
1515 19 18 59
2541 19 17 59
3403 19 16 59
1308 15 0 59
4147 15 1 59
5207 8 19 59
5619 9 18 59
345 5 16 59
1252 12 16 59
1302 10 16 59
1987 4 6 59
3716 4 7 59
232 0 3 59
1163 2 1 59
76 0 4 59
1915 0 5 59
422 19 3 59
2064 19 4 59
3902 18 4 59
3818 8 18 59
5606 12 17 59
4466 8 10 59
2105 17 18 60
4648 17 19 60
4935 16 19 60
5062 15 19 60
520 16 1 60
2794 13 18 60
3701 6 19 60
4315 7 19 60
855 5 17 60
1566 10 18 60
1706 5 15 60
2287 10 15 60
3136 9 4 60
3800 9 2 60
2072 0 7 60
2279 0 6 60
2466 9 0 60
3606 8 0 60
3295 9 1 60
880 13 17 60
2478 14 19 60
4337 18 0 60
7 9 19 60
366 10 19 60
4566 3 19 61
3699 1 19 61
3723 17 17 61
1800 18 15 61
2455 7 18 61
3273 12 19 61
4746 11 19 61
4871 3 9 61
1315 1 9 61
1388 0 2 61
2008 0 1 61
110 5 4 61
1360 6 4 61
3784 7 4 61
5229 8 4 61
693 8 3 61
302 8 2 61
2114 8 1 61
5008 7 1 61
193 7 0 61
3875 6 0 61
3704 5 0 61
2753 4 0 61
3689 19 14 61
856 18 17 61
5181 18 16 61
2284 17 16 61
5460 3 18 61
1339 2 19 61
1677 1 2 61
2729 1 1 61
3672 0 19 62
4624 0 18 62
5079 1 18 62
886 15 2 62
1750 7 17 62
4889 6 15 62
5067 8 18 62
1458 16 18 62
4924 15 16 62
394 5 14 62
1634 6 12 62
2849 18 14 62
3746 13 15 62
5481 15 14 62
2696 15 8 62
4699 15 9 62
2227 14 10 62
2402 12 13 62
2742 3 10 62
872 14 9 62
3629 18 13 62
3149 12 12 62
1335 2 18 62
748 8 17 62
923 0 16 63
1927 1 16 63
4870 0 15 63
4995 1 15 63
5012 4 19 63
5051 5 19 63
4657 16 0 63
5210 17 0 63
1514 18 2 63
2597 16 2 63
3296 4 14 63
3636 5 12 63
4072 19 9 63
4202 18 9 63
5346 17 9 63
1041 19 11 63
5132 19 3 63
957 8 16 63
1123 19 8 63
1925 18 8 63
1150 12 18 63
1753 12 17 63
3188 0 11 63
71 0 9 63
525 7 8 63
2367 16 9 63
940 17 14 63
5325 19 7 63
190 18 7 63
2324 19 4 63
169 15 3 63
1160 18 0 63
1245 18 1 63
3168 17 1 63
3477 17 2 63
1740 11 18 63
1505 0 10 63
3891 1 11 63
5364 1 10 63
720 2 10 63
3470 2 9 63
1208 0 0 63
1756 0 17 64
5705 0 14 64
4654 18 13 64
5681 10 1 64
3771 15 17 64
5144 16 17 64
1326 18 4 64
2406 17 4 64
2408 16 10 64
2954 16 11 64
3693 16 13 64
5249 11 3 64
3091 16 8 64
4798 2 7 64
1085 2 5 64
395 16 16 64
903 17 16 64
2606 17 15 64
5133 16 15 64
5622 15 15 64
238 15 18 64
316 17 8 64
1287 18 3 64
5214 17 3 64
56 1 17 64
1530 3 7 64
1628 1 14 65
2463 0 12 65
5242 1 12 65
1183 13 19 65
4253 14 19 65
4321 13 17 65
883 19 10 65
2600 18 10 65
3035 18 11 65
3904 13 1 65
4617 15 5 65
5230 14 5 65
5496 15 6 65
5529 13 14 65
3906 12 15 65
4329 15 10 65
4879 15 11 65
5256 8 8 65
1893 0 5 65
5331 1 5 65
2152 19 15 65
4113 19 14 65
3374 19 13 65
4092 19 12 65
2218 18 12 65
882 17 10 65
1074 17 11 65
204 17 12 65
3495 16 12 65
1629 13 16 65
2398 14 18 65
4388 14 17 65
39 12 14 65
3566 0 13 65
478 1 13 65
1876 4 15 66
3504 4 16 66
4581 4 17 66
5362 10 0 66
5718 11 0 66
3522 13 0 66
3570 14 0 66
3641 14 1 66
5059 14 2 66
3532 13 13 66
4143 8 15 66
4289 12 6 66
257 13 8 66
3023 11 7 66
4049 10 7 66
4474 9 7 66
5098 9 8 66
5646 9 10 66
840 6 10 66
1739 10 5 66
4316 9 5 66
3015 7 4 66
5519 6 4 66
421 8 5 66
1767 8 4 66
2125 11 8 66
1796 12 0 66
1205 4 18 66
3 5 18 66
2263 6 18 66
4766 6 17 66
5604 6 16 66
243 7 16 66
1423 7 15 66
3107 10 3 67
5168 10 2 67
4728 17 5 67
4931 17 6 67
538 15 4 67
2964 10 13 67
4801 12 5 67
5474 10 17 67
2270 14 8 67
4907 12 11 67
565 7 12 67
1445 6 11 67
3536 10 6 67
5255 9 6 67
2844 10 8 67
3320 10 10 67
354 14 9 67
1165 19 4 67
1533 15 3 67
500 12 1 67
975 11 1 67
1744 11 2 67
1938 12 2 67
1948 11 17 67
3304 11 16 67
4751 11 15 67
2737 2 18 68
5241 2 16 68
853 19 19 68
3868 18 19 68
1669 11 6 68
3217 11 5 68
290 10 4 68
1162 12 3 68
2097 7 13 68
2779 8 13 68
921 14 4 68
1385 15 12 68
2336 13 12 68
2583 12 12 68
3153 14 6 68
5350 8 12 68
1235 5 9 68
1775 5 5 68
1863 5 4 68
87 2 4 68
404 2 3 68
349 15 13 68
826 11 4 68
1979 12 4 68
256 14 3 68
3997 13 3 68
105 2 15 68
2115 2 17 68
3378 9 13 68
942 19 0 69
2106 18 0 69
2805 19 2 69
3476 3 12 69
3978 4 12 69
4503 18 5 69
3557 19 7 69
5421 10 12 69
5550 12 10 69
3339 8 10 69
4781 8 6 69
4980 7 6 69
2134 5 11 69
2667 5 10 69
3025 4 10 69
1663 1 11 69
5084 9 3 69
514 16 12 69
669 19 5 69
779 19 6 69
4621 18 6 69
5627 18 7 69
1537 17 7 69
157 19 1 69
124 18 1 69
325 7 10 69
2771 7 11 69
4305 8 11 69
4530 9 12 69
1466 9 11 69
3915 10 11 69
1463 2 12 69
2741 8 17 69
3138 4 9 69
1316 1 10 69
5451 19 13 70
2315 19 17 70
3766 19 18 70
4883 18 18 70
5422 17 18 70
5536 18 17 70
154 16 14 70
236 8 7 70
1765 7 7 70
2690 4 11 70
2896 3 11 70
648 2 11 70
3118 5 3 70
3177 4 3 70
3370 5 2 70
4010 4 4 70
4693 4 1 70
4641 4 2 70
2143 19 14 70
264 19 15 70
752 19 16 70
2291 18 16 70
2816 19 12 70
3189 18 12 70
3556 17 12 70
3668 17 13 70
3748 17 14 70
2968 17 19 70
4627 16 19 70
294 15 19 70
774 15 18 70
1398 2 10 70
2789 2 9 70
745 2 19 71
1337 3 19 71
1352 15 0 71
1811 15 1 71
1847 16 1 71
2281 7 19 71
5197 8 19 71
5315 13 18 71
570 6 6 71
1598 5 6 71
1886 5 7 71
1966 6 5 71
3683 7 5 71
4761 6 3 71
1554 7 3 71
2214 6 2 71
2503 7 2 71
4408 5 1 71
374 8 5 71
4526 14 18 71
225 14 17 71
2618 14 16 71
699 17 1 71
3068 12 2 71
640 13 2 71
2904 13 3 71
2920 3 18 71
414 6 7 71
2253 0 19 72
2676 0 18 72
5321 6 19 72
2297 5 17 72
3610 5 15 72
3808 10 19 72
4486 10 18 72
4668 10 16 72
37 12 16 72
1928 9 4 72
3272 9 3 72
4897 9 2 72
1157 4 5 72
3857 2 3 72
2052 6 1 72
3300 0 4 72
4057 1 4 72
4919 3 1 72
1039 8 4 72
2942 8 3 72
4131 8 2 72
1564 17 17 72
2027 1 19 72
446 1 18 72
2342 5 16 72
4260 9 19 72
81 0 16 73
712 1 16 73
881 0 15 73
1091 1 15 73
1860 2 15 73
3508 4 19 73
3578 5 19 73
694 7 18 73
692 19 16 73
1263 19 15 73
3959 12 19 73
4166 11 19 73
2211 10 15 73
2818 4 6 73
3710 4 7 73
658 4 9 73
747 2 9 73
1536 0 7 73
3519 0 6 73
815 9 0 73
2051 9 1 73
3155 7 1 73
977 8 1 73
3288 8 0 73
3431 7 0 73
645 6 0 73
2273 5 0 73
3815 4 0 73
782 3 0 73
1304 4 18 73
3634 11 18 73
4500 11 17 73
5576 11 16 73
5579 11 15 73
1691 3 9 73
2588 0 8 73
3196 0 14 74
3425 0 13 74
1484 2 14 74
5312 16 0 74
434 7 17 74
1272 8 17 74
3776 7 16 74
5384 15 2 74
5587 15 3 74
357 2 10 74
4251 0 2 74
387 0 0 74
2730 0 1 74
651 17 0 74
766 7 15 74
1390 0 17 74
2057 1 17 74
3836 2 17 74
4540 3 17 74
5322 3 16 74
1034 8 18 74
1132 9 18 74
3156 9 17 74
4276 1 10 74
4680 1 9 74
612 0 3 74
606 1 3 74
1379 19 9 75
1557 18 9 75
2990 16 9 75
3325 0 12 75
4868 1 12 75
5087 2 12 75
5480 1 14 75
1451 4 14 75
2436 15 19 75
3190 18 1 75
4763 17 1 75
152 18 3 75
3598 17 3 75
1408 18 16 75
5406 17 16 75
663 15 16 75
946 5 12 75
1491 10 1 75
2375 11 1 75
2482 11 2 75
3789 12 2 75
3945 2 1 75
4164 2 0 75
464 17 9 75
2923 16 19 75
293 18 2 75
430 17 2 75
1736 16 2 75
2390 16 3 75
137 1 13 75
1375 2 13 75
368 19 11 76
1415 19 12 76
2133 18 12 76
4481 18 13 76
4639 4 18 76
4894 4 17 76
837 4 15 76
1047 5 14 76
1152 19 3 76
2494 19 4 76
4786 19 5 76
5006 19 6 76
3081 13 19 76
4346 14 19 76
1603 15 17 76
2159 13 17 76
2562 17 17 76
4129 16 17 76
5033 16 16 76
691 6 12 76
3199 13 15 76
3730 15 14 76
4033 15 13 76
1517 19 14 76
83 13 16 76
1190 16 18 76
2724 15 18 76
675 4 16 76
1881 5 16 76
5279 5 18 76
355 6 18 76
768 6 17 76
937 6 16 76
1104 19 10 77
4065 18 10 77
4183 17 10 77
1999 16 12 77
2888 16 13 77
5080 10 0 77
5300 11 0 77
1719 10 2 77
2650 10 3 77
3226 11 3 77
4422 18 4 77
2411 15 5 77
4493 19 8 77
38 17 8 77
3888 14 7 77
1201 13 14 77
1788 12 14 77
1544 18 8 77
1664 15 6 77
3371 18 11 77
1243 16 10 77
1512 16 11 77
2009 17 11 77
2298 17 12 77
3586 17 13 77
1475 17 14 77
2032 18 14 77
3949 18 15 77
3218 14 5 77
3420 1 18 78
4020 2 18 78
5343 2 16 78
756 14 0 78
2510 13 0 78
5730 14 1 78
2365 14 3 78
5193 17 5 78
89 12 18 78
1485 12 17 78
2242 12 15 78
2443 15 11 78
3486 13 11 78
3540 15 10 78
4261 13 10 78
303 16 8 78
1506 12 13 78
3072 0 11 78
4185 0 10 78
4611 2 8 78
287 1 6 78
1522 2 6 78
1159 1 10 78
1477 17 4 78
1461 14 2 78
3109 12 0 78
4015 12 1 78
4248 13 1 78
4576 13 2 78
5083 13 3 78
2026 1 17 78
3163 2 17 78
686 3 18 78
4646 3 17 78
1586 11 18 78
2382 19 19 79
3125 18 19 79
3623 17 19 79
617 7 15 79
643 17 6 79
1678 8 16 79
2538 9 16 79
2869 8 15 79
3007 9 15 79
3455 10 14 79
3768 13 13 79
4189 13 4 79
4498 13 5 79
1780 13 7 79
2708 7 9 79
2777 0 9 79
4397 0 8 79
5127 3 10 79
1493 0 5 79
1595 1 5 79
4032 2 5 79
2692 1 9 79
4211 1 8 79
4802 1 7 79
5097 2 7 79
683 15 4 79
161 16 19 79
1080 16 18 79
5613 15 18 79
378 3 9 79
313 19 13 80
1196 19 14 80
2799 4 12 80
910 14 8 80
4818 13 8 80
1146 12 5 80
1614 12 11 80
3020 10 11 80
3085 9 11 80
676 10 7 80
1665 9 7 80
1532 8 9 80
603 18 5 80
1110 18 6 80
1688 17 0 80
1742 18 0 80
2887 19 0 80
3040 19 1 80
3692 19 2 80
4682 18 2 80
1271 17 2 80
6 18 14 80
3713 3 12 80
1496 1 19 81
3124 2 19 81
4004 3 19 81
1442 15 0 81
1469 15 1 81
2222 7 19 81
4529 8 19 81
283 13 18 81
346 8 14 81
2611 19 7 81
4620 10 4 81
5253 9 12 81
5488 13 6 81
456 12 7 81
2828 12 10 81
4376 7 12 81
2313 9 10 81
1068 10 5 81
1088 9 5 81
320 18 7 81
1293 17 7 81
4959 16 1 81
1377 16 2 81
5391 16 3 81
1258 12 6 81
1973 13 3 81
2956 12 3 81
4083 12 4 81
4203 11 4 81
128 11 5 81
893 11 6 81
3434 11 7 81
3531 11 8 81
4819 12 8 81
629 10 12 81
1354 3 18 81
926 9 14 81
1643 19 17 82
2426 18 17 82
2997 6 19 82
3568 6 18 82
3770 6 17 82
3922 6 16 82
5263 9 19 82
214 16 7 82
2759 13 12 82
2996 12 12 82
3404 10 6 82
3749 9 6 82
271 7 11 82
340 6 11 82
2392 6 5 82
4160 7 5 82
5455 5 6 82
324 8 5 82
2560 14 6 82
1424 14 5 82
2655 14 4 82
983 15 4 82
5502 16 4 82
933 15 12 82
14 19 18 82
793 18 18 82
2738 17 18 82
1236 16 18 82
1936 15 18 82
4414 14 18 82
594 14 17 82
3826 14 16 82
2660 0 19 82
1777 0 18 82
3611 8 12 82
502 8 11 82
3392 8 10 82
47 7 10 82
2261 5 7 82
4402 0 17 83
4843 1 17 83
916 0 15 83
1480 4 19 83
1993 5 19 83
2193 5 18 83
928 16 14 83
2352 9 17 83
2622 11 18 83
3348 10 16 83
4217 8 7 83
4168 3 11 83
497 5 11 83
3738 6 9 83
4465 8 4 83
5064 7 4 83
4733 5 17 83
241 0 16 83
5244 1 16 83
1584 2 17 83
5564 3 17 83
2477 3 16 83
246 8 6 83
668 7 6 83
2381 6 6 83
626 6 10 83
659 4 11 83
3953 4 10 83
714 4 3 83
2360 0 14 84
2663 0 13 84
2915 1 13 84
3918 2 13 84
3212 1 15 84
4242 7 18 84
4412 12 16 84
3043 9 9 84
4865 7 7 84
1728 5 10 84
3786 9 4 84
84 8 3 84
1124 7 3 84
1826 8 2 84
4245 5 5 84
5237 5 4 84
1827 2 4 84
4910 6 2 84
419 9 3 84
777 9 2 84
2216 7 2 84
4064 6 4 84
1520 6 3 84
1772 5 3 84
1781 5 2 84
2672 19 9 85
4697 18 9 85
4991 17 9 85
5477 16 9 85
2295 0 12 85
549 1 14 85
575 2 14 85
3198 19 0 85
4073 18 0 85
2966 18 14 85
5177 12 19 85
5344 11 19 85
564 6 7 85
1323 9 1 85
1567 8 1 85
5074 5 1 85
1716 1 12 85
2874 2 12 85
569 3 12 85
371 10 19 85
981 18 11 86
1538 19 11 86
2149 4 14 86
5145 19 12 86
5390 4 18 86
5721 4 17 86
22 19 1 86
299 18 1 86
5203 19 2 86
5600 17 1 86
2431 16 19 86
2415 7 16 86
5147 7 17 86
1042 18 13 86
3724 15 2 86
891 17 0 86
306 16 0 86
1905 16 1 86
1803 18 12 86
2158 10 10 86
2908 5 17 86
561 10 15 86
1126 8 17 86
1435 8 18 86
2339 9 18 86
4011 10 18 86
2043 10 17 86
2213 11 17 86
2624 11 16 86
4357 11 15 86
532 4 6 86
1386 4 7 86
1508 5 7 86
1990 19 10 87
4967 18 10 87
1846 17 10 87
4938 3 14 87
2906 5 16 87
3336 5 14 87
3828 13 19 87
4864 14 19 87
2654 16 18 87
3528 18 2 87
4066 15 3 87
4966 15 4 87
843 6 1 87
2596 7 1 87
519 0 6 87
555 0 7 87
1531 16 10 87
1432 15 19 87
1782 4 16 87
573 3 8 87
824 4 8 87
1569 4 10 87
833 2 11 87
1722 1 11 87
2345 1 10 87
2462 2 10 87
996 0 4 87
3913 1 4 87
1956 0 18 88
2833 3 18 88
3084 3 17 88
4300 19 6 88
1738 1 16 88
4277 17 4 88
4344 17 2 88
4731 16 15 88
5159 10 0 88
552 9 0 88
1968 8 0 88
535 7 0 88
828 6 0 88
1056 5 0 88
67 16 2 88
259 16 11 88
2069 17 11 88
321 3 16 88
1889 1 18 88
4536 2 18 88
3076 2 17 88
1364 0 0 88
628 19 19 89
1551 18 19 89
4732 19 18 89
4927 17 19 89
657 19 5 89
3029 19 4 89
3184 19 16 89
4341 18 16 89
4812 17 16 89
3131 11 0 89
3754 12 0 89
4856 13 0 89
5520 12 1 89
1898 0 1 89
114 19 3 89
5509 18 18 89
156 14 18 89
4301 15 18 89
4106 13 1 89
4249 14 0 89
4874 14 1 89
1378 19 13 90
1899 19 14 90
2985 19 15 90
3260 18 15 90
3298 17 15 90
121 3 12 90
1671 4 12 90
2989 5 12 90
4086 6 12 90
697 17 18 90
4090 15 17 90
754 19 8 90
5106 18 8 90
2174 18 6 90
4457 18 4 90
4829 13 17 90
5025 13 16 90
4178 15 15 90
4950 9 18 90
991 9 16 90
3031 7 15 90
5030 16 13 90
479 18 7 90
195 18 5 90
1070 14 2 90
2912 13 2 90
3026 12 2 90
3034 10 1 90
4353 11 1 90
1169 11 2 90
4572 10 2 90
4861 10 3 90
438 18 3 90
776 17 3 90
183 17 14 90
2565 17 13 90
3100 17 12 90
3187 16 12 90
1906 15 14 90
3908 13 15 90
2803 14 17 90
2001 3 13 90
2897 4 13 90
418 5 13 90
3062 6 13 90
2241 0 19 91
863 1 18 91
1021 3 19 91
1307 17 8 91
4725 17 5 91
727 12 18 91
2029 12 17 91
4448 14 3 91
662 12 3 91
1403 14 5 91
3687 11 3 91
5236 13 5 91
624 14 4 91
1226 13 3 91
1698 13 4 91
63 15 5 91
4144 1 19 91
2317 2 19 91
4394 2 18 91
4735 12 15 91
2071 19 17 92
4515 18 18 92
3061 15 0 92
3990 16 0 92
4089 15 1 92
4791 16 1 92
377 7 19 92
1033 8 19 92
1359 10 15 92
1426 10 14 92
533 15 13 92
4368 15 11 92
5352 13 11 92
812 12 5 92
2275 12 6 92
4771 16 8 92
4764 14 8 92
5512 12 8 92
2208 13 10 92
4174 15 12 92
3182 18 17 92
4431 17 17 92
4184 16 17 92
429 16 2 92
562 16 3 92
1699 16 4 92
1556 16 5 92
1909 12 4 92
2784 4 10 92
2868 3 10 92
4247 2 10 92
4987 1 11 92
1636 1 10 92
2428 0 10 92
2604 0 9 92
3785 1 9 92
3814 2 9 92
4373 3 9 92
469 0 0 92
806 6 19 93
116 6 18 93
285 13 18 93
1707 15 18 93
2838 9 15 93
3139 7 13 93
3761 8 13 93
771 13 13 93
4191 12 13 93
4574 15 10 93
5485 10 12 93
2089 3 4 93
2532 14 18 93
5435 9 19 93
9 10 19 93
1921 0 5 93
2671 0 16 94
4681 0 17 94
680 0 14 94
3143 0 13 94
3517 1 13 94
3842 7 18 94
5290 8 18 94
874 13 8 94
2445 9 12 94
2773 10 3 94
4663 10 4 94
1349 1 17 95
3921 4 19 95
2709 0 15 95
3520 19 13 95
3620 19 14 95
244 14 7 95
1077 19 15 95
1684 18 15 95
3467 17 15 95
2861 5 19 95
4193 14 13 95
1747 12 16 95
2498 8 9 95
3923 7 9 95
1804 0 19 96
3114 1 19 96
3703 3 12 96
4123 4 12 96
4560 5 12 96
5072 1 15 96
5631 5 18 96
637 11 8 96
3223 12 15 96
5131 13 12 96
4210 8 10 96
1161 7 10 96
1289 6 12 96
1568 5 7 96
1982 4 7 96
3608 4 6 96
413 5 6 96
3388 6 6 96
