2947
2701 7 19 1
4268 6 19 1
316 7 17 1
372 4 19 1
1074 6 17 1
1086 7 16 1
2807 0 19 1
4639 1 19 1
5765 0 18 1
1634 2 18 1
2107 0 16 1
3676 2 17 1
4824 0 15 1
1172 0 0 1
2466 2 0 1
2060 0 2 1
192 4 0 1
2345 2 2 1
442 0 4 1
5059 19 19 1
5399 18 19 1
4092 19 17 1
4505 16 19 1
4721 18 17 1
515 5 16 1
3184 2 15 1
303 0 14 1
619 7 18 1
1503 6 18 1
654 2 19 1
344 3 19 1
823 3 17 1
1916 3 18 1
2607 4 18 1
4498 5 19 1
4801 5 18 1
2895 7 15 1
4214 6 16 1
4321 6 15 1
5148 5 15 1
4676 3 15 1
391 4 15 1
986 0 17 1
4121 1 18 1
584 1 17 1
569 4 1 1
272 0 1 1
1686 1 2 1
4006 1 0 1
4323 1 1 1
5364 2 1 1
5651 3 0 1
13 3 1 1
2520 3 2 1
3587 0 3 1
534 19 16 1
1198 18 16 1
5423 19 18 1
2486 18 18 1
2826 17 19 1
4109 17 18 1
4521 16 18 1
3866 15 19 1
2855 15 18 1
22 10 1 1
2254 8 0 1
5600 10 2 1
5754 7 0 1
1700 8 1 1
1478 10 3 1
2428 6 0 1
2640 7 1 1
3467 8 2 1
4718 10 4 1
4194 5 0 1
158 6 1 1
296 7 2 1
1097 8 3 1
2538 10 5 1
3670 5 1 1
5055 6 2 1
715 7 3 1
4313 8 4 1
4671 11 5 1
5578 10 6 1
3147 5 2 1
1325 6 3 1
1455 7 4 1
2028 8 5 1
3833 12 5 1
4478 11 6 1
5143 11 4 1
5392 10 7 1
1 5 3 1
3008 6 4 1
5095 7 5 1
49 8 6 1
4251 13 5 1
3581 12 6 1
5538 12 4 1
1935 11 7 1
2408 11 3 1
3098 10 8 1
4143 5 4 1
3506 6 5 1
3744 7 6 1
3798 8 7 1
4538 14 5 1
5127 13 6 1
5641 13 4 1
1390 12 7 1
1676 12 3 1
1865 11 8 1
1949 11 2 1
2512 10 9 1
3990 5 5 1
5067 6 6 1
2774 7 7 1
3991 9 9 1
2913 15 5 1
3514 14 6 1
5723 14 4 1
193 13 7 1
712 13 3 1
2129 12 8 1
2417 12 2 1
2476 11 9 1
4370 11 1 1
1741 10 10 1
251 19 15 2
360 18 15 2
662 19 14 2
1004 17 15 2
2625 18 14 2
4342 19 13 2
4836 16 15 2
4878 17 14 2
5120 18 13 2
116 17 17 2
4630 16 17 2
2457 14 17 2
4788 13 19 2
2966 2 14 2
2996 3 14 2
1767 0 13 2
1880 1 12 2
711 11 19 2
3548 11 10 2
4190 12 9 2
5186 12 10 2
742 19 12 2
1002 18 12 2
1447 16 14 2
2854 11 18 2
3191 10 19 2
1954 10 18 2
3658 9 18 2
2314 17 16 2
3661 16 16 2
4588 15 17 2
4843 15 16 2
5599 14 16 2
2332 14 19 2
4131 14 18 2
4528 13 18 2
3143 12 19 2
663 12 18 2
748 12 17 2
2464 4 14 2
4554 5 14 2
641 6 14 2
2593 7 14 2
5569 7 13 2
5654 5 17 2
5767 4 17 2
171 4 16 2
300 3 16 2
498 2 16 2
4987 0 12 2
3061 4 2 2
3359 4 3 2
600 3 3 2
4311 2 3 2
4652 1 3 2
763 17 13 3
805 16 13 3
3633 17 12 3
4133 15 13 3
4638 16 12 3
5801 14 13 3
3809 15 15 3
4247 13 17 3
5048 13 16 3
444 11 15 3
1303 0 5 3
2349 1 5 3
4527 0 7 3
1644 3 5 3
4218 3 6 3
3498 1 8 3
4382 9 19 3
5732 9 17 3
3714 15 9 3
721 13 9 3
456 15 11 3
4352 15 10 3
298 13 10 3
4986 14 9 3
518 14 10 3
911 14 11 3
1727 13 11 3
1007 15 12 3
1016 14 12 3
3022 15 14 3
5473 12 16 3
2383 12 15 3
3884 13 15 3
611 14 15 3
3981 14 14 3
1978 10 17 3
253 11 17 3
934 11 16 3
1586 10 16 3
2699 9 16 3
2861 8 19 3
3111 8 18 3
216 8 17 3
5779 6 13 3
2070 5 13 3
4863 4 13 3
2721 3 13 3
635 1 16 3
2904 1 15 3
3245 1 14 3
3279 1 13 3
3697 2 13 3
3925 1 4 3
1357 0 6 3
3053 1 7 3
1594 1 6 3
3972 2 6 3
1062 2 5 3
1527 2 4 3
3573 0 8 3
1072 3 4 4
1085 0 11 4
2747 1 11 4
3000 0 10 4
3237 2 11 4
3543 1 10 4
3570 0 9 4
3611 3 11 4
4028 2 10 4
1521 12 14 4
2892 11 14 4
3578 12 13 4
3766 9 14 4
4099 10 15 4
1111 11 12 4
2574 3 7 4
3957 3 8 4
2426 5 12 4
4512 6 12 4
2589 5 10 4
2626 4 10 4
5050 9 12 4
57 9 10 4
2847 7 12 4
3283 7 11 4
4575 2 12 4
5371 3 12 4
5791 4 12 4
854 4 11 4
1149 5 11 4
449 13 14 4
482 13 13 4
714 13 12 4
2305 12 12 4
2308 12 11 4
5320 11 13 4
2579 9 15 4
1305 8 16 4
3118 8 15 4
3730 8 14 4
2785 8 12 4
4225 8 13 4
4358 9 13 4
754 10 14 4
200 1 9 4
374 2 7 4
2413 2 8 4
2147 2 9 4
3437 3 10 4
3757 3 9 4
3882 4 4 4
4390 4 5 4
4675 4 6 4
5455 4 7 4
1114 4 8 4
4235 11 11 5
825 6 9 5
1349 7 9 5
2196 5 0 5
5636 6 0 5
5724 7 0 5
528 10 4 5
1277 10 3 5
2819 8 2 5
3086 9 1 5
3582 4 9 5
4360 5 9 5
4449 5 8 5
4457 6 8 5
3954 7 8 5
1831 6 11 5
4419 6 10 5
4485 7 10 5
3371 10 13 5
3416 10 12 5
1174 10 11 5
1649 9 11 5
4471 8 11 5
896 10 6 6
1052 8 4 6
1483 5 2 6
1862 6 2 6
3690 5 1 6
435 7 3 6
1307 6 1 6
3042 7 2 6
3870 7 1 6
5728 8 1 6
1584 8 0 6
2502 9 0 6
4666 8 3 6
243 8 10 6
408 5 3 7
4399 6 3 7
423 10 7 7
5564 12 4 7
365 13 5 7
2356 11 6 7
5110 8 6 7
3381 19 0 8
3982 18 0 8
1044 19 2 8
1186 16 0 8
4239 18 2 8
5030 19 3 8
864 19 11 8
1154 18 11 8
1387 19 10 8
2039 17 11 8
2414 18 10 8
4374 19 9 8
4389 16 11 8
2276 17 9 8
3840 19 7 8
104 11 0 8
432 12 0 8
4103 13 0 8
5679 12 1 8
207 15 0 8
1782 13 2 8
2077 15 1 8
5360 15 2 8
770 15 4 8
1775 15 5 8
3310 17 3 8
4306 17 4 8
1658 19 5 8
1475 17 7 8
5227 15 7 8
985 13 8 8
2322 13 4 8
3429 12 7 8
4679 5 7 8
4215 7 7 8
4956 5 5 8
3439 10 9 8
2988 19 6 8
201 19 8 8
2911 17 10 8
4460 16 10 8
1870 16 9 8
197 16 7 8
2042 16 8 8
3076 17 8 8
5229 18 9 8
88 19 1 8
1430 18 1 8
898 16 1 8
1574 17 0 8
2578 17 1 8
4436 17 2 8
2330 16 2 8
1952 19 4 8
2552 18 3 8
4984 18 4 8
924 15 8 8
2100 14 8 8
38 15 3 8
2542 13 1 8
3343 14 0 8
3613 14 1 8
1540 14 2 8
5568 7 6 8
2546 5 6 8
5308 6 7 8
5647 6 6 8
36 7 4 8
3480 5 4 8
652 6 4 8
778 6 5 8
1100 7 5 8
1452 8 5 8
794 8 7 8
1055 11 7 8
800 9 9 8
3189 17 5 9
3980 13 11 9
527 12 9 9
894 9 11 9
3102 14 4 9
2654 14 7 9
4318 13 7 9
5036 12 2 9
791 11 1 9
952 18 8 9
4841 18 7 9
2791 18 5 9
3772 18 6 9
1892 17 6 9
4338 16 3 9
764 16 4 9
1454 16 5 9
1571 16 6 9
5187 14 5 9
2268 14 3 9
3693 13 3 9
4423 12 3 9
404 11 2 9
5504 11 3 9
5672 11 4 9
5685 12 8 9
1955 14 11 9
2128 14 10 9
2724 13 10 9
288 12 11 9
4140 12 10 9
520 10 11 9
2343 10 10 9
4179 11 10 9
1026 8 11 9
265 8 10 9
1718 8 9 9
2036 10 8 9
1678 15 6 10
2910 14 6 10
5735 13 6 10
586 12 6 10
1064 12 5 10
2120 11 5 10
2797 10 5 10
273 7 19 11
452 6 19 11
1033 7 18 11
1266 5 19 11
2751 6 18 11
3579 5 18 11
5149 5 17 11
255 4 17 11
4378 19 12 12
961 19 14 12
2020 19 15 12
2231 18 15 12
2335 17 15 12
3298 16 15 12
1331 19 13 12
2262 17 17 13
3255 16 17 13
5384 18 12 13
787 17 16 13
2772 16 16 13
3994 15 17 13
1034 7 17 14
2017 6 17 14
2734 7 16 14
2801 6 16 14
3268 7 15 14
3374 6 15 14
4408 5 15 14
31 3 19 14
1051 4 19 14
2693 3 18 14
3144 4 18 14
3401 18 14 14
4631 17 14 14
2927 15 14 14
4188 17 12 14
3520 3 12 14
5181 4 12 14
953 1 11 14
4488 2 10 14
5216 3 4 14
1626 14 13 14
1391 18 13 14
4893 17 13 14
703 15 13 14
920 16 14 14
5137 16 13 14
5382 16 12 14
203 15 12 14
575 14 12 14
568 1 10 14
1964 0 11 14
1585 0 10 14
1468 0 9 14
3010 1 9 14
4571 8 9 14
4899 8 10 14
5490 7 10 14
1989 6 10 14
2946 6 11 14
3844 5 11 14
4967 4 11 14
1528 4 15 14
4867 4 4 14
95 4 5 14
3127 4 6 14
3499 4 7 14
3887 4 8 14
991 0 19 15
1407 0 18 15
2812 2 19 15
4392 0 17 15
4941 14 16 15
709 12 16 15
3824 13 17 15
1592 14 14 15
5241 11 11 15
2010 13 16 15
2242 1 19 15
747 3 17 16
1120 2 17 16
1405 2 18 16
1489 1 18 16
1575 0 16 16
3436 0 15 16
676 10 16 16
1398 11 16 16
4541 11 15 16
1873 0 5 16
3152 1 5 16
4167 0 6 16
2043 8 16 16
4435 9 16 16
275 9 15 16
373 8 15 16
1426 8 14 16
2782 8 13 16
2320 9 13 16
5596 1 6 16
186 0 14 16
2218 4 17 16
2796 4 16 16
4286 3 16 16
4353 2 16 16
2608 1 17 16
5128 1 16 16
1496 1 15 16
4998 1 14 16
1071 1 13 16
1539 2 13 16
2614 2 12 16
3643 2 11 16
4022 3 11 16
5421 3 10 16
937 12 17 17
1795 12 18 17
2112 13 18 17
2118 13 14 17
4416 11 14 17
5260 10 14 17
5465 11 13 17
766 6 5 17
1059 7 5 17
2746 6 4 17
3678 8 5 17
5674 7 4 17
769 8 3 17
4616 5 2 17
685 7 2 17
413 5 1 17
1546 8 4 17
2169 0 0 18
2215 1 0 18
2517 0 1 18
3975 1 1 18
5615 2 1 18
5704 2 3 18
1090 4 2 18
1938 19 0 18
3820 18 0 18
554 13 13 18
2093 5 4 18
3456 5 3 18
3736 7 3 18
4029 10 6 18
5418 6 3 18
1472 6 2 18
5140 13 12 18
10 2 0 19
2495 3 0 19
3776 19 1 19
4242 18 1 19
5521 19 2 19
876 17 2 19
2518 17 0 19
3038 19 4 19
3403 16 0 19
4551 10 8 19
4797 11 3 19
4968 11 4 19
5456 5 1 19
2984 19 3 19
3682 18 2 19
1091 18 3 19
1287 18 4 19
5006 17 1 19
505 16 1 19
3937 16 2 19
2954 16 3 19
3361 16 4 19
4853 12 19 20
1779 0 2 20
2038 1 2 20
4971 0 3 20
5287 1 3 20
2228 16 11 20
3046 17 11 20
4518 16 10 20
3404 19 11 20
5447 19 10 20
4385 0 7 20
383 1 6 20
2955 8 15 20
1757 10 15 20
4464 8 13 20
2641 19 8 20
2468 3 11 20
1435 16 5 20
1683 13 6 20
5076 6 9 20
2188 8 10 20
2239 10 7 20
3463 8 7 20
5317 5 0 20
2516 8 1 20
307 7 1 20
891 6 1 20
1937 6 0 20
3230 7 0 20
4427 8 0 20
161 9 0 20
818 19 9 20
103 18 11 20
385 13 19 20
1811 14 19 20
4501 14 18 20
3951 14 17 20
1265 15 17 20
2722 15 16 20
5103 8 14 20
1881 6 6 20
3457 7 6 20
3860 8 6 20
218 1 4 20
302 2 4 20
1986 3 10 20
143 8 9 20
2980 4 11 20
310 5 11 20
1446 7 19 21
2062 6 19 21
3880 7 18 21
5670 5 19 21
160 4 0 21
1877 4 1 21
4860 2 14 21
5797 3 14 21
1930 5 14 21
2833 6 14 21
5111 7 14 21
5725 1 7 21
215 16 9 21
1013 17 10 21
1974 19 7 21
4061 19 6 21
4412 17 5 21
529 14 11 21
972 13 11 21
5574 12 6 21
242 16 8 21
3648 18 10 21
824 18 9 21
1110 17 9 21
690 17 8 21
2990 18 8 21
3616 18 7 21
2708 18 5 21
5759 14 10 21
463 13 10 21
2297 2 2 21
3300 3 1 21
4583 3 2 21
4596 3 3 21
4849 4 3 21
5663 4 4 21
560 2 11 21
5817 2 12 21
1526 4 14 21
308 6 18 22
596 19 12 22
1347 19 13 22
1698 2 6 22
5008 3 6 22
5784 3 7 22
756 0 8 22
5025 0 9 22
2710 11 0 22
3235 12 0 22
1754 14 0 22
1984 11 12 22
1183 13 0 22
2669 2 7 22
3023 19 14 23
3114 19 15 23
3557 18 15 23
4431 17 15 23
5707 16 15 23
5762 9 19 23
627 17 17 23
2068 16 17 23
2432 15 17 23
2760 18 12 23
2777 1 8 23
4345 1 9 23
2961 3 8 23
3302 15 0 23
3355 15 1 23
2490 14 2 23
4337 8 11 23
337 12 9 23
570 14 4 23
129 15 2 23
211 14 1 23
1355 17 16 23
2267 16 16 23
271 9 11 23
1247 8 19 23
1823 8 18 23
2586 8 17 23
2872 8 16 23
1264 9 16 23
1661 9 15 23
3421 9 14 23
4694 9 13 23
5119 10 13 23
2346 10 12 23
24 10 11 23
548 10 10 23
1467 2 8 23
3950 2 9 23
5169 3 9 23
115 7 16 24
174 6 16 24
1427 7 17 24
2302 7 15 24
3338 6 17 24
3838 6 15 24
4283 5 15 24
4322 16 14 24
5772 7 13 24
1552 7 11 24
2194 5 12 24
5261 5 11 24
5410 18 3 24
798 14 3 24
2712 15 3 24
2986 13 7 24
1516 15 4 24
283 17 3 24
73 16 3 24
322 16 4 24
2057 17 4 24
3040 18 4 24
513 7 12 24
3107 4 15 24
973 3 19 25
1660 4 19 25
3726 2 19 25
4144 3 18 25
4868 4 18 25
5519 1 19 25
5822 0 19 25
1374 19 19 25
1445 18 19 25
1674 19 18 25
2763 17 19 25
3805 18 18 25
1608 0 4 25
4191 13 16 25
1420 18 14 25
1037 15 15 25
4171 12 1 25
1829 13 3 25
4830 15 5 25
1480 19 5 25
1101 18 5 25
2839 13 1 25
3377 13 2 25
1816 11 2 25
3350 12 2 25
3415 12 3 25
1080 12 4 25
3479 18 13 25
367 17 14 25
77 15 16 25
347 17 18 25
119 16 18 25
1302 15 18 25
2352 1 4 25
5178 2 4 25
651 5 18 25
1902 5 17 25
743 3 17 26
4854 2 17 26
4900 2 18 26
1099 0 17 26
5312 0 18 26
5331 0 16 26
411 0 14 26
932 13 17 26
2758 2 5 26
3835 16 12 26
4383 15 14 26
4635 12 16 26
5513 3 10 26
415 5 10 26
2528 4 11 26
2912 9 4 26
817 4 10 26
1971 3 5 26
2261 0 15 26
3313 4 17 26
653 4 16 26
4560 3 16 26
1842 2 16 26
1222 1 18 26
3505 1 17 26
4381 1 16 26
2398 1 15 26
3284 1 14 26
2571 12 17 27
4685 12 18 27
4773 13 18 27
558 10 16 27
1970 11 16 27
2240 11 15 27
4534 11 14 27
1493 13 14 27
620 17 8 27
3297 17 7 27
2415 15 7 27
922 9 3 27
244 9 1 27
1847 18 8 27
2392 18 7 27
901 16 8 27
1392 16 7 27
2159 15 8 27
1633 17 12 27
1150 17 13 27
2310 16 13 27
1156 15 13 27
148 10 14 27
2498 10 10 27
1632 0 0 28
1740 1 0 28
2025 0 1 28
4362 1 1 28
4364 2 1 28
5184 2 2 28
64 0 6 28
450 0 5 28
544 1 5 28
1129 1 12 28
3270 2 12 28
3740 3 12 28
4822 4 12 28
1241 8 12 28
2602 10 11 28
3509 10 12 28
3513 3 9 28
4974 14 8 28
910 5 2 28
1933 6 2 28
3299 8 4 28
597 14 7 28
1190 9 11 28
3059 9 12 28
14 1 10 29
39 0 10 29
1973 2 0 29
2377 3 0 29
4912 19 3 29
5675 19 2 29
82 11 17 29
328 10 17 29
826 9 17 29
868 11 1 29
1362 11 2 29
2172 11 11 29
4005 13 8 29
5032 13 4 29
5175 12 7 29
2214 7 1 29
2248 7 2 29
994 12 2 29
317 12 8 29
1249 2 9 29
2152 2 10 29
2583 2 11 29
5809 1 11 29
3055 0 11 29
4180 0 12 29
4861 0 13 29
813 12 19 30
1623 13 19 30
2013 14 19 30
3292 4 2 30
32 2 3 30
860 3 5 30
3512 19 0 30
4954 18 0 30
645 16 0 30
3035 18 2 30
3074 16 1 30
5323 16 2 30
5344 16 3 30
2348 14 14 30
2570 19 4 30
2776 19 5 30
3044 5 7 30
1328 10 8 30
4558 12 4 30
1027 5 1 30
3842 6 1 30
592 6 0 30
5597 7 0 30
2069 8 0 30
2353 9 0 30
1039 16 4 30
314 19 1 30
567 18 1 30
5150 17 0 30
1946 17 1 30
2264 17 2 30
247 17 3 30
354 17 4 30
1560 18 4 30
2281 18 5 30
1139 4 3 30
406 7 18 31
1712 7 19 31
1815 6 19 31
4403 5 19 31
4687 0 2 31
315 19 17 31
473 18 17 31
1153 19 16 31
2610 18 16 31
352 15 19 31
539 14 13 31
1057 13 13 31
1685 5 6 31
3373 5 4 31
4620 5 3 31
5683 6 3 31
4509 9 5 31
2338 0 3 31
5355 1 2 31
2554 1 3 31
3768 1 4 31
5079 2 4 31
2617 17 16 31
3454 16 16 31
809 16 19 31
2 4 17 32
633 11 19 32
3394 10 19 32
1906 4 0 32
2505 4 1 32
3729 2 14 32
3863 16 10 32
1076 4 14 32
2155 15 16 32
1047 17 9 32
3202 7 7 32
4898 7 6 32
2484 5 5 32
3045 6 4 32
3639 8 5 32
2908 6 7 32
3810 6 6 32
3893 6 5 32
327 7 5 32
1028 7 4 32
1610 7 3 32
2695 8 3 32
1036 8 2 32
1822 9 2 32
2508 16 11 32
3756 17 11 32
78 8 6 32
724 3 1 32
1322 3 2 32
2270 3 3 32
1459 3 4 32
1990 4 4 32
2630 4 5 32
3196 4 6 32
621 11 18 32
1280 10 18 32
2802 1 7 33
4663 2 7 33
677 6 18 33
944 8 19 33
1464 1 16 33
4308 2 16 33
736 1 14 33
3491 4 15 33
5106 19 15 33
5626 18 15 33
87 16 15 33
5193 19 12 33
132 19 11 33
1953 18 11 33
4667 19 10 33
5168 19 9 33
5703 5 14 33
1707 7 14 33
2580 4 7 33
264 11 0 33
2382 12 0 33
877 18 10 33
1152 18 9 33
699 1 15 33
757 2 15 33
145 6 14 33
2862 19 14 33
419 19 13 33
286 17 15 33
530 9 19 33
788 9 18 33
4752 8 18 33
5342 8 17 33
664 1 8 34
1941 2 8 34
3598 7 15 34
1868 5 15 34
2420 7 17 34
3435 6 17 34
3609 17 16 34
749 17 18 34
1681 18 12 34
3677 17 12 34
3696 18 13 34
5466 8 16 34
2550 8 9 34
4608 9 9 34
3291 16 9 34
2272 16 8 34
4647 16 7 34
3899 0 7 34
4641 0 8 34
613 0 9 34
1442 1 9 34
3636 2 9 34
1216 2 10 34
4278 2 11 34
4808 1 11 34
5065 0 11 34
5100 0 12 34
5751 0 13 34
1960 7 16 34
3469 6 15 34
4466 6 16 34
4056 9 16 34
4178 17 17 34
1638 16 16 34
4774 1 17 35
5159 1 18 35
5328 0 19 35
474 4 19 35
3961 1 13 35
4015 2 13 35
17 16 14 35
2241 8 15 35
2979 9 15 35
5085 8 14 35
99 7 13 35
1968 7 12 35
4095 15 0 35
254 15 2 35
470 13 0 35
4052 10 9 35
4691 1 6 35
356 1 19 35
1377 15 1 35
2619 19 18 36
3952 2 19 36
2543 2 17 36
2991 4 18 36
2924 15 18 36
3544 8 11 36
4786 9 11 36
5799 9 14 36
2256 17 11 36
4578 5 12 36
577 7 11 36
3669 18 4 36
3967 18 5 36
2083 15 9 36
3149 14 9 36
4819 15 10 36
5425 14 10 36
5718 13 10 36
1567 11 12 36
2535 19 7 36
1218 14 0 36
4502 12 6 36
977 19 6 36
3962 17 10 36
2715 18 10 36
3718 18 9 36
1759 5 18 36
4939 5 17 36
5191 5 16 36
5209 4 16 36
421 2 18 36
124 3 19 36
1926 3 18 36
729 3 17 36
897 3 16 36
2688 9 12 36
1672 19 19 36
382 18 18 36
939 18 19 36
2166 17 19 36
3495 16 19 36
3719 16 18 36
5789 16 17 36
2870 15 17 36
2191 0 18 37
4071 0 17 37
4993 0 16 37
5051 0 15 37
291 1 3 37
565 12 17 37
4917 12 18 37
5390 13 18 37
182 2 6 37
4246 13 16 37
555 8 13 37
1281 9 13 37
3653 5 11 37
4447 17 5 37
1343 14 2 37
3125 14 3 37
3314 13 9 37
1395 13 7 37
5467 14 7 37
260 15 3 37
1924 0 3 37
5265 1 15 37
5412 2 15 37
2255 3 15 37
2989 3 14 37
4955 9 10 37
250 10 10 37
857 11 10 37
2529 14 18 37
4037 14 1 37
2386 0 0 38
2738 1 0 38
3574 0 1 38
5141 1 1 38
5153 2 1 38
816 0 4 38
909 1 4 38
947 2 5 38
1901 19 13 38
3601 19 14 38
2767 13 17 38
2928 16 12 38
3249 15 14 38
4892 15 11 38
5061 14 11 38
5275 13 11 38
351 19 8 38
992 18 8 38
2455 18 7 38
2886 18 6 38
3398 17 6 38
219 0 14 38
571 0 13 38
1229 2 4 38
4855 1 2 38
1530 2 2 38
3324 18 14 38
4004 17 14 38
4414 17 13 38
5290 16 13 38
1504 15 13 38
2273 15 12 38
1035 14 12 38
5361 13 12 38
801 12 16 38
3945 2 0 39
284 1 5 39
602 1 6 39
1752 0 12 39
2525 1 12 39
3576 0 11 39
4580 2 12 39
12 4 12 39
684 1 9 39
2994 9 16 39
1309 11 16 39
305 11 14 39
1276 19 1 39
3024 18 1 39
4595 19 2 39
4832 5 10 39
146 12 1 39
2899 9 4 39
4446 19 3 39
2703 18 3 39
2761 0 5 39
4206 0 6 39
516 0 7 39
1715 0 8 39
3459 0 9 39
4012 0 10 39
639 4 11 39
5676 3 0 39
5743 3 1 39
1337 13 1 39
1206 3 3 40
2375 3 4 40
4975 12 19 40
5461 13 19 40
1278 9 18 40
4152 10 18 40
71 4 8 40
5248 1 11 40
236 3 12 40
4135 2 9 40
4537 4 10 40
5582 11 15 40
5761 11 13 40
1629 8 12 40
3964 10 10 40
5579 14 8 40
5800 13 8 40
5099 12 7 40
5758 16 5 40
5731 14 4 40
504 12 2 40
1237 12 3 40
546 16 6 40
1561 13 2 40
1867 13 3 40
1722 3 11 40
2820 2 11 40
3142 12 8 40
4927 9 12 40
1915 8 18 40
3879 8 17 40
4126 9 17 40
4058 11 1 40
4713 11 2 40
4906 11 3 40
357 3 5 41
2040 19 0 41
3190 18 0 41
4159 17 0 41
4032 12 15 41
4514 6 9 41
94 14 6 41
804 5 2 41
3092 6 2 41
3387 7 2 41
2026 7 1 41
4566 7 0 41
4604 8 0 41
943 9 0 41
113 8 4 41
368 13 6 41
1168 2 4 41
3795 2 3 41
5820 7 18 42
781 0 3 42
5406 0 2 42
2182 3 1 42
3852 4 17 42
4250 9 19 42
414 16 0 42
2318 16 1 42
2749 16 2 42
5162 16 3 42
1945 18 2 42
2638 16 8 42
3934 18 6 42
2449 9 10 42
293 17 1 42
1406 17 2 42
858 1 2 42
1271 2 2 42
261 3 2 42
1248 8 10 42
2122 7 19 42
4148 10 19 42
4715 11 19 42
4804 11 18 42
5363 11 17 42
27 19 16 43
45 18 16 43
975 19 17 43
1311 18 18 43
2611 2 15 43
2800 2 14 43
194 16 11 43
1092 16 9 43
4585 19 6 43
5803 19 5 43
1810 13 15 43
2144 17 8 43
1850 16 7 43
4504 15 8 43
5134 5 7 43
5135 6 7 43
3507 16 10 43
2220 15 7 43
2269 19 4 43
4331 19 3 43
4821 18 3 43
1548 17 3 43
691 17 4 43
1193 16 4 43
2603 15 4 43
18 3 0 43
1253 4 0 43
2477 4 1 43
5029 4 2 43
762 4 3 43
1701 4 4 43
1883 4 5 43
4564 4 6 43
541 3 6 43
2359 18 17 43
3628 15 19 44
3806 17 17 44
4401 4 14 44
4712 0 8 44
5226 0 9 44
767 15 17 44
3200 14 13 44
3751 13 13 44
3876 5 6 44
4253 6 6 44
5339 6 5 44
5698 7 5 44
386 10 8 44
1675 12 4 44
2948 9 3 44
559 0 10 44
644 1 10 44
1677 2 10 44
3942 3 10 44
330 0 7 44
4175 14 19 44
3301 14 18 44
3595 14 17 44
2577 14 16 44
4661 11 4 44
797 0 19 45
1379 1 19 45
2209 1 18 45
3336 1 17 45
4163 6 19 45
4825 5 19 45
5165 7 15 45
5650 6 15 45
5717 7 16 45
214 1 15 45
1211 2 7 45
2781 18 10 45
3986 7 7 45
4328 7 6 45
130 9 5 45
950 11 6 45
1487 5 1 45
2856 6 1 45
3561 7 1 45
1812 9 1 45
83 17 10 45
3659 17 9 45
349 18 9 45
1684 8 19 45
40 8 18 45
2396 1 7 45
3486 1 8 45
5691 2 8 45
2596 19 18 46
5781 19 19 46
5 7 17 46
369 6 17 46
701 6 16 46
2944 4 16 46
4108 4 19 46
4597 3 19 46
4768 1 16 46
5591 2 16 46
1393 19 15 46
3399 18 15 46
3812 17 15 46
4530 0 13 46
4605 17 16 46
5329 8 17 46
2510 15 0 46
5693 15 1 46
1025 5 5 46
1860 6 4 46
4926 7 4 46
326 8 7 46
695 9 6 46
3542 5 0 46
3262 6 0 46
3654 7 0 46
2422 5 4 46
153 5 3 46
524 6 3 46
682 7 3 46
297 8 6 46
1798 8 5 46
827 8 4 46
941 8 3 46
234 14 1 46
525 13 1 46
2048 13 2 46
3029 13 3 46
1122 18 19 46
1049 9 17 46
1230 10 17 46
1996 10 16 46
295 6 18 46
5417 0 18 47
5633 0 17 47
3448 2 19 47
4237 17 19 47
5642 19 12 47
1429 17 12 47
3455 18 14 47
4550 17 14 47
4925 16 14 47
2427 8 14 47
3704 13 4 47
1617 18 12 47
2938 16 15 47
2823 17 18 47
702 16 19 47
233 8 16 47
462 8 15 47
2221 0 16 47
1005 0 15 47
1077 0 14 47
2960 1 14 47
4290 0 0 48
4754 1 0 48
147 2 1 48
2405 1 3 48
2628 2 3 48
5252 4 18 48
956 2 17 48
2921 12 16 48
3515 12 17 48
2663 18 11 48
4105 19 11 48
401 19 8 48
4367 5 14 48
4749 6 14 48
5038 9 15 48
1482 8 10 48
4651 19 10 48
378 19 9 48
1182 15 2 48
1038 0 1 48
2002 1 1 48
2469 1 2 48
3784 2 2 48
446 5 18 48
1324 5 17 48
3352 5 16 48
4704 5 15 48
5545 4 15 48
1267 2 18 48
1750 3 18 48
2233 3 17 48
4021 3 16 48
3490 3 15 48
5316 3 14 48
3012 3 2 49
3629 1 4 49
5333 2 4 49
5514 2 5 49
833 12 18 49
2637 13 18 49
3907 15 18 49
4094 4 7 49
549 19 14 49
945 19 13 49
1189 13 16 49
1284 7 14 49
2168 7 13 49
3330 7 12 49
4241 9 12 49
5098 10 9 49
1602 8 9 49
4077 9 9 49
4209 9 2 49
517 8 2 49
837 8 1 49
5722 8 0 49
1558 9 0 49
7 18 13 49
1721 17 13 49
1921 16 18 49
3428 16 17 49
3737 8 11 49
5043 9 11 49
3692 2 0 49
1957 3 0 49
5493 4 0 49
311 4 1 49
447 4 2 49
5416 12 19 50
5686 13 19 50
29 1 5 50
441 1 6 50
1625 2 6 50
2181 3 4 50
5405 0 12 50
3365 2 13 50
4295 3 11 50
313 15 14 50
1703 13 17 50
79 6 13 50
274 8 13 50
667 9 13 50
665 13 3 50
1063 13 2 50
3883 13 1 50
5515 15 11 50
5610 14 11 50
865 17 5 50
1693 12 10 50
3198 17 11 50
4920 17 10 50
5018 17 9 50
5113 18 9 50
301 18 8 50
3600 13 0 50
1024 15 13 50
1272 16 13 50
2370 16 12 50
3671 15 12 50
1729 14 12 50
339 9 14 50
51 3 3 50
399 6 12 50
796 3 5 51
196 11 19 51
697 10 19 51
3774 11 18 51
5486 10 18 51
1371 8 18 51
4104 0 11 51
225 1 9 51
900 8 15 51
2499 8 16 51
2871 9 16 51
3288 4 12 51
3699 4 11 51
4813 19 0 51
1716 7 11 51
2893 19 3 51
5540 18 3 51
75 18 5 51
1221 13 12 51
3266 14 1 51
889 14 3 51
1818 13 9 51
4785 14 2 51
478 15 2 51
795 15 3 51
779 12 9 51
1492 7 19 52
1499 7 18 52
1744 6 18 52
3706 2 12 52
3777 2 11 52
4049 0 10 52
4325 11 17 52
2161 11 16 52
3940 4 8 52
1056 15 9 52
2594 14 9 52
1106 18 0 52
4567 17 0 52
3755 12 15 52
5452 6 9 52
5661 14 7 52
2569 15 10 52
2379 14 10 52
3413 13 10 52
5375 13 11 52
982 19 16 53
1469 18 16 53
3782 19 17 53
4598 18 17 53
4950 18 19 53
5345 1 1 53
604 1 14 53
936 2 14 53
3644 3 12 53
4540 14 19 53
4710 19 2 53
2479 19 1 53
4226 18 1 53
5431 12 13 53
1003 2 9 53
2376 4 10 53
3083 5 10 53
1581 11 15 53
5627 19 4 53
4216 14 6 53
5129 13 7 53
4707 6 3 53
2109 8 3 53
418 5 3 53
453 5 2 53
3493 6 2 53
402 7 3 53
2140 7 2 53
785 8 2 53
1501 8 1 53
4565 8 0 53
172 18 4 53
1570 14 18 53
1282 1 13 53
2303 1 12 53
3337 1 11 53
3831 1 10 53
4057 2 10 53
5096 3 10 53
122 2 2 53
1399 1 2 53
5352 0 1 53
108 0 2 53
424 0 3 53
905 0 4 53
5133 0 5 53
2164 0 6 53
4790 15 19 54
5441 17 17 54
5662 4 14 54
526 1 7 54
1169 16 11 54
1270 16 10 54
1839 16 9 54
3099 14 17 54
3913 8 12 54
5118 8 11 54
5297 9 11 54
3453 12 12 54
4065 14 0 54
4740 13 0 54
1102 11 0 54
1162 15 7 54
4020 13 6 54
484 19 5 54
231 17 11 54
4110 12 0 54
395 12 11 54
965 14 16 54
606 0 9 54
227 6 19 55
235 5 19 55
417 4 17 55
1224 0 19 55
1262 1 19 55
1396 1 17 55
1466 3 0 55
3746 4 0 55
4789 3 1 55
5622 4 1 55
5645 4 2 55
784 7 16 55
506 8 19 55
533 9 19 55
598 15 12 55
878 14 12 55
1511 13 13 55
2137 13 15 55
4660 19 6 55
2951 18 8 55
3816 18 9 55
5295 15 8 55
585 14 8 55
1329 13 8 55
1874 12 8 55
4085 5 7 55
4454 6 7 55
4738 5 6 55
5171 6 6 55
4918 16 5 55
1922 12 6 55
683 6 5 55
1367 19 7 55
2097 12 7 55
958 15 17 55
2011 16 12 55
1855 9 18 55
2902 4 3 55
5172 4 4 55
5630 4 5 55
3895 4 6 55
591 7 15 55
1613 19 19 56
1828 19 18 56
2771 6 15 56
4463 0 14 56
4751 0 15 56
671 2 7 56
819 19 9 56
921 19 10 56
1375 18 10 56
1477 16 0 56
2204 16 1 56
964 17 3 56
2260 10 8 56
2976 14 4 56
2522 7 7 56
3947 8 6 56
3452 9 3 56
205 8 2 56
1891 7 6 56
90 7 5 56
150 17 10 56
765 17 9 56
1320 17 4 56
2536 17 1 56
2104 18 18 56
2052 0 18 57
2111 0 17 57
2298 0 16 57
2982 1 16 57
3239 2 16 57
3353 7 17 57
3354 6 17 57
5443 6 16 57
2481 4 16 57
2864 4 19 57
3645 18 2 57
4827 17 7 57
629 12 1 57
3458 12 2 57
5804 12 4 57
2727 11 6 57
2875 9 5 57
3915 5 2 57
4415 5 1 57
4510 7 2 57
1370 6 2 57
4552 8 5 57
589 18 7 57
1060 18 6 57
4149 17 6 57
3039 17 8 57
5306 16 8 57
5401 16 7 57
2642 16 6 57
3929 17 2 57
614 16 2 57
1133 16 3 57
1556 16 4 57
1578 12 3 57
2672 11 1 57
3328 11 2 57
3885 11 3 57
3933 11 4 57
389 1 15 57
2691 2 15 57
3427 1 18 57
1338 2 19 58
1743 3 19 58
4648 17 19 58
5052 17 18 58
5208 19 12 58
5407 18 12 58
2969 19 15 58
5792 18 15 58
4224 6 1 58
5347 7 1 58
1927 9 1 58
496 6 0 58
1296 7 0 58
48 8 1 58
1643 8 0 58
2065 9 0 58
1704 17 16 58
2195 16 19 58
2766 8 17 58
1171 9 17 58
2047 10 17 58
3801 10 16 58
4581 10 15 58
1547 1 0 59
1724 2 0 59
2395 0 0 59
4472 2 1 59
5454 0 1 59
5678 2 2 59
1437 2 5 59
2666 2 4 59
2922 1 4 59
3123 1 3 59
3251 4 18 59
3567 18 14 59
5478 17 14 59
1023 17 12 59
3182 16 12 59
3442 10 11 59
5424 15 0 59
1160 15 1 59
329 15 2 59
510 15 3 59
66 15 4 59
3691 9 10 59
1890 17 15 59
1254 14 13 59
978 15 13 59
1673 1 2 59
4484 0 2 59
199 0 3 59
238 0 4 59
2527 2 3 59
1538 3 2 59
829 12 16 60
1352 12 17 60
2997 12 18 60
3997 12 19 60
4846 13 19 60
5495 2 18 60
69 4 7 60
2500 10 13 60
3408 10 10 60
3444 13 4 60
2055 5 3 60
1903 16 18 60
43 13 18 60
5601 14 18 60
5796 15 18 60
149 15 17 60
543 16 17 60
2336 16 16 60
2421 8 14 60
1872 2 17 60
3473 3 18 60
4983 3 17 60
5681 3 16 60
1258 19 14 61
1334 19 13 61
1835 1 5 61
4257 1 6 61
1765 4 3 61
2887 4 4 61
514 4 6 61
2165 1 13 61
3372 19 11 61
4093 18 11 61
792 7 14 61
855 7 13 61
904 7 12 61
5682 6 12 61
1577 10 9 61
3105 17 11 61
3778 17 10 61
4316 17 9 61
4391 17 8 61
5794 16 8 61
142 18 13 61
346 17 13 61
758 0 13 61
67 2 6 61
1223 4 5 61
2253 7 19 62
3326 7 18 62
3539 6 18 62
3770 0 9 62
4304 2 12 62
4520 2 11 62
5174 0 10 62
1772 11 19 62
2362 10 19 62
3424 11 18 62
3849 10 18 62
180 6 14 62
1813 5 14 62
3031 9 15 62
3683 9 14 62
3837 19 8 62
1666 8 9 62
2339 9 10 62
3787 9 9 62
3944 5 5 62
5518 5 4 62
206 7 5 62
3304 7 3 62
120 9 2 62
1283 6 5 62
2657 6 4 62
3897 7 4 62
1893 8 5 62
2590 8 4 62
3686 9 4 62
3742 19 7 62
170 18 7 62
464 18 6 62
5326 17 6 62
1366 1 1 63
2506 1 2 63
5346 0 2 63
1299 18 19 63
5028 19 17 63
3594 1 12 63
3914 8 18 63
3985 8 17 63
5631 11 17 63
1911 4 8 63
2878 3 11 63
4705 8 10 63
1219 19 16 63
3317 18 18 63
466 11 16 63
248 9 18 63
4079 0 3 63
4284 0 4 63
883 0 5 63
2489 0 6 63
2085 18 16 64
2216 17 16 64
3796 1 9 64
4817 8 14 64
519 8 15 64
2074 8 16 64
3641 9 16 64
5062 4 14 64
500 0 7 64
1157 0 8 64
3531 15 15 64
16 15 13 64
1252 15 9 64
1778 14 9 64
2511 15 10 64
4070 14 10 64
503 17 8 64
957 8 7 64
1103 9 6 64
1645 5 0 64
3461 6 0 64
4073 7 0 64
2667 8 0 64
5045 9 0 64
1000 13 10 64
2827 13 11 64
5397 12 11 64
1166 16 15 64
2690 16 13 64
4723 16 14 64
3011 15 14 64
3243 9 17 64
270 6 19 65
984 5 19 65
2333 4 17 65
5300 0 19 65
112 4 0 65
608 3 0 65
623 4 1 65
1087 3 1 65
1126 4 2 65
1932 3 2 65
2160 15 17 65
3799 15 18 65
223 2 15 65
1780 1 15 65
2046 1 14 65
3707 13 18 65
5437 13 17 65
1944 3 12 65
472 16 11 65
844 16 10 65
2514 12 15 65
5057 6 9 65
5429 8 11 65
648 17 11 65
2621 9 11 65
547 3 3 65
1210 3 4 65
2153 3 5 65
2037 5 18 65
393 19 19 66
488 19 18 66
799 7 16 66
885 7 15 66
2841 6 15 66
3146 0 15 66
3999 0 14 66
4695 0 13 66
2670 16 19 66
5097 15 19 66
5607 16 18 66
1565 2 14 66
1919 13 16 66
3521 19 0 66
5087 6 13 66
5154 5 13 66
5244 5 12 66
4649 8 13 66
2136 8 12 66
2537 9 13 66
4887 9 12 66
3847 10 12 66
1065 14 19 66
4655 14 18 66
3794 14 17 66
552 0 12 66
44 0 11 66
563 1 11 66
2033 1 10 66
5255 2 10 66
4697 2 13 66
121 0 18 67
2293 0 17 67
1256 2 17 67
1694 3 17 67
3216 7 17 67
5282 6 16 67
626 8 19 67
968 9 19 67
1525 9 18 67
4265 9 17 67
4511 13 13 67
4793 1 7 67
4113 19 10 67
3186 17 10 67
3918 17 9 67
4623 16 0 67
1948 17 2 67
3253 7 11 67
720 13 15 67
803 3 10 67
3973 19 2 67
1351 14 7 67
2058 15 8 67
1591 15 2 67
2947 14 2 67
1848 13 1 67
1651 19 9 67
381 18 10 67
3016 18 9 67
3640 18 8 67
189 15 7 67
3410 16 9 67
1151 16 8 67
4207 13 6 67
4728 15 12 67
4441 10 17 67
3121 1 8 67
668 6 17 67
649 0 16 67
750 3 18 68
954 4 16 68
1030 17 19 68
2824 17 18 68
3344 19 12 68
3522 18 12 68
5559 13 14 68
1413 18 0 68
3829 17 0 68
4089 17 1 68
2059 19 3 68
4315 17 3 68
1490 15 1 68
2676 14 1 68
3375 15 11 68
5463 19 5 68
5705 18 5 68
1293 17 7 68
2775 12 13 68
5046 15 3 68
5551 10 8 68
4187 7 7 68
5621 7 6 68
2259 8 6 68
409 18 7 68
1119 19 7 68
1488 19 6 68
4244 18 6 68
2411 16 7 68
1453 19 1 68
3155 18 1 68
4891 18 2 68
5475 18 3 68
679 16 1 68
1212 16 2 68
1470 16 3 68
618 14 11 68
859 18 18 68
1802 18 17 68
1863 17 17 68
3828 16 17 68
4231 16 16 68
502 15 16 68
1665 12 14 68
3547 0 1 69
3872 0 0 69
4324 1 0 69
1940 19 15 69
3241 18 15 69
4045 17 15 69
4230 2 8 69
5586 2 10 69
340 4 10 69
1659 5 10 69
1797 12 11 69
3139 13 11 69
5755 12 10 69
1975 11 0 69
3014 11 1 69
4016 17 5 69
499 14 4 69
4031 14 8 69
4506 13 8 69
5263 12 8 69
355 12 7 69
1142 5 7 69
3569 6 7 69
3667 13 2 69
4384 12 4 69
790 8 5 69
125 9 3 69
3488 9 2 69
2307 5 6 69
5003 6 6 69
5457 6 5 69
5124 6 4 69
3154 17 6 69
3927 14 3 69
4747 11 2 69
2115 13 10 69
2329 13 9 69
2868 12 9 69
376 16 15 69
5589 2 9 69
2682 2 0 69
4606 2 1 69
4979 2 2 69
141 3 19 70
276 4 19 70
2821 2 19 70
2939 4 18 70
1630 12 16 70
895 0 3 70
1786 1 3 70
4657 2 5 70
4767 17 13 70
4764 10 15 70
930 15 4 70
5747 15 6 70
1621 13 3 70
2361 6 2 70
3978 7 2 70
5365 8 2 70
1784 9 5 70
3069 11 6 70
4192 16 6 70
980 19 4 70
2876 18 4 70
2915 17 4 70
5305 16 4 70
1972 16 5 70
1089 12 17 70
1542 12 18 70
1907 12 19 70
1987 13 19 70
2139 14 19 70
1498 14 18 70
2412 14 17 70
1423 14 16 70
2865 14 15 70
535 2 18 70
2521 1 19 70
3865 1 18 70
4624 1 17 70
5464 1 16 70
3713 2 16 70
4563 3 16 70
2163 0 4 71
2513 1 4 71
477 19 13 71
723 18 13 71
1543 19 14 71
2591 18 14 71
2787 4 7 71
3087 2 7 71
4326 16 13 71
5775 10 14 71
1053 9 12 71
1173 10 12 71
1481 9 11 71
4243 10 11 71
2932 15 0 71
4646 14 0 71
469 13 7 71
3015 13 6 71
5529 14 6 71
1240 13 4 71
2916 9 1 71
1717 12 6 71
2606 13 0 71
981 12 0 71
4442 12 1 71
428 12 2 71
3591 12 3 71
874 11 3 71
1286 11 4 71
1950 10 10 71
1098 17 12 71
1108 16 12 71
2357 15 12 71
1766 17 14 71
761 16 14 71
3556 15 14 71
97 14 14 71
58 1 5 71
1008 0 5 71
3632 0 6 71
4828 1 6 71
5013 2 6 71
2056 7 19 72
3464 7 18 72
3936 6 18 72
5078 0 9 72
5534 0 10 72
3608 4 3 72
3977 4 4 72
4262 4 5 72
2299 6 3 72
4106 5 3 72
2492 5 2 72
460 5 1 72
485 6 1 72
4245 7 1 72
4683 8 1 72
366 8 0 72
5696 9 0 72
4553 6 4 72
4848 7 4 72
2441 3 3 72
1534 6 17 72
457 0 2 73
646 1 2 73
1215 0 11 73
1657 11 19 73
2798 10 19 73
4217 11 18 73
3642 4 6 73
5476 19 11 73
2227 17 11 73
2258 19 7 73
3606 8 3 73
1243 19 6 73
760 18 11 73
1819 18 10 73
531 10 18 73
1275 1 1 73
4800 2 1 73
1742 18 19 74
1920 18 18 74
1962 18 17 74
2081 2 2 74
2561 2 12 74
2810 2 11 74
3747 1 11 74
4782 1 10 74
1834 5 14 74
3137 6 14 74
5541 7 14 74
1994 19 9 74
2843 19 8 74
5049 8 14 74
5335 9 15 74
65 18 9 74
5024 18 8 74
5319 18 7 74
625 18 6 74
4115 17 6 74
4281 16 6 74
1159 16 5 74
3260 15 5 74
431 14 5 74
1580 13 5 74
3873 12 5 74
507 11 5 74
11 9 14 74
688 9 13 74
2311 10 13 74
716 6 19 75
1931 5 19 75
4397 4 17 75
4617 0 19 75
5185 1 19 75
1020 4 14 75
1731 0 12 75
3367 1 12 75
3402 1 13 75
5533 2 13 75
3738 8 18 75
4003 8 17 75
5121 10 17 75
70 10 10 75
1050 9 10 75
2151 10 9 75
4203 9 9 75
412 5 6 75
3716 5 5 75
2280 5 4 75
96 6 6 75
4272 8 15 75
3802 8 16 75
1257 11 17 75
882 5 18 75
1853 0 13 76
2009 0 14 76
3201 0 15 76
3129 19 19 76
4168 19 18 76
4452 19 17 76
5101 19 16 76
556 7 16 76
1178 7 15 76
3034 4 0 76
2263 2 0 76
4599 4 2 76
1840 16 17 76
5160 15 17 76
371 15 15 76
2496 2 4 76
4341 0 6 76
4745 3 11 76
1235 4 8 76
1710 8 10 76
2860 6 4 76
4327 8 3 76
1522 6 5 76
2834 7 5 76
2175 7 3 76
2544 7 4 76
3001 8 4 76
3666 9 4 76
1789 16 15 76
2334 16 14 76
768 18 16 76
2135 2 3 76
1177 4 1 76
285 3 0 76
1859 8 9 76
1194 0 18 77
2323 0 17 77
2599 0 16 77
3673 2 16 77
1785 6 15 77
4425 12 19 77
5539 13 19 77
2482 15 19 77
3930 16 19 77
4803 17 17 77
2778 0 7 77
156 17 16 77
439 16 16 77
1273 15 16 77
59 14 19 77
98 0 8 77
1923 7 17 78
2814 5 17 78
3412 4 16 78
1163 2 18 78
1925 2 17 78
2425 2 15 78
3151 17 19 78
3712 17 18 78
1559 12 18 78
3901 13 18 78
5179 12 17 78
1285 4 13 78
3482 19 12 78
3905 18 12 78
1620 1 8 78
105 15 13 78
511 13 14 78
2906 12 14 78
3233 19 0 78
4508 19 1 78
5403 18 1 78
4627 15 10 78
5253 15 9 78
872 13 10 78
309 18 2 78
289 18 3 78
3130 18 4 78
4526 17 4 78
483 14 11 78
4240 14 10 78
4266 14 9 78
3511 13 9 78
3722 12 9 78
4035 17 12 78
109 16 18 78
3590 15 18 78
1261 14 18 78
1383 14 17 78
2437 13 17 78
262 1 18 78
1081 1 17 78
1425 1 16 78
1494 1 15 78
4470 1 14 78
4489 2 14 78
3635 0 0 79
3655 1 0 79
53 8 19 79
2556 9 19 79
840 10 18 79
1513 1 7 79
2130 5 12 79
2134 5 13 79
2650 7 13 79
3007 7 12 79
3555 13 13 79
4776 17 8 79
5440 8 7 79
5572 5 1 79
752 7 1 79
1738 8 1 79
963 5 0 79
1373 6 1 79
3739 6 0 79
4199 7 0 79
4 8 0 79
1756 9 0 79
917 16 11 79
2723 8 6 79
1214 9 18 79
2890 9 17 79
1773 9 16 79
727 10 16 79
2541 11 16 79
1474 0 1 79
2884 1 1 79
4826 2 1 79
2907 3 1 79
2167 3 2 79
2762 6 13 79
2023 6 12 79
1652 2 19 80
2631 3 19 80
3171 4 19 80
3276 19 15 80
4351 18 15 80
4555 17 15 80
4612 16 15 80
4692 17 14 80
4802 16 14 80
1310 13 16 80
2842 8 11 80
5614 8 12 80
26 19 10 80
1875 18 0 80
2187 17 0 80
4289 7 10 80
2350 5 8 80
579 15 14 80
3208 14 16 80
1733 14 15 80
4815 14 14 80
84 14 13 80
2244 8 13 80
861 7 9 80
1014 0 4 81
1369 1 4 81
3073 0 5 81
4895 1 5 81
3181 2 10 81
5532 2 8 81
1096 17 10 81
1637 17 9 81
2524 16 0 81
3596 18 3 81
2132 18 10 81
3088 18 9 81
30 18 8 81
601 18 7 81
4453 16 10 81
5259 16 9 81
655 16 8 81
2170 12 16 81
1600 1 6 81
486 7 19 82
806 7 18 82
1624 6 18 82
2493 0 3 82
3761 1 3 82
5237 2 3 82
5512 19 14 82
1104 16 13 82
1123 2 5 82
1327 2 6 82
2145 2 7 82
4269 4 7 82
5668 0 10 82
1238 5 11 82
1858 9 14 82
2014 10 14 82
2385 5 10 82
2956 19 3 82
168 17 3 82
185 13 11 82
3960 12 11 82
4686 12 10 82
4957 18 6 82
5497 17 6 82
1720 16 1 82
2430 17 1 82
1746 19 13 82
624 18 14 82
881 18 13 82
1175 17 13 82
1460 17 12 82
2313 16 12 82
4072 15 12 82
2131 0 8 82
3169 0 9 82
364 6 17 82
710 6 16 82
2084 5 16 82
427 5 15 82
1225 4 15 82
3523 5 18 82
3307 4 18 82
3797 7 11 82
3025 14 14 83
217 10 15 83
1457 3 10 83
2279 19 2 83
3153 9 13 83
3194 10 13 83
5053 9 12 83
468 10 12 83
465 17 5 83
1568 15 6 83
2652 11 0 83
5419 11 1 83
5750 11 2 83
1541 18 2 83
3009 17 2 83
4157 16 2 83
673 16 3 83
1749 9 11 83
3269 10 11 83
2119 14 13 83
847 14 12 83
1512 13 12 83
4142 12 12 83
1808 10 16 83
4796 0 1 84
873 18 19 84
959 18 18 84
4479 18 17 84
839 4 3 84
1762 4 4 84
2389 4 5 84
2423 0 11 84
3259 1 11 84
3886 2 11 84
838 18 5 84
3263 15 1 84
5378 14 1 84
5528 15 0 84
3483 15 11 84
4644 14 11 84
1112 15 7 84
1131 14 7 84
3063 15 8 84
705 14 0 84
2964 14 8 84
1476 14 10 84
1636 14 9 84
3204 13 9 84
4935 12 9 84
213 18 16 84
467 17 16 84
1631 16 16 84
410 10 19 84
1031 11 19 84
1800 11 18 84
755 1 10 84
997 1 9 84
1671 2 9 84
1361 0 2 84
1884 3 1 84
2851 2 1 84
1121 1 1 84
2090 1 2 84
3891 2 2 84
4473 3 2 84
5033 3 3 84
5624 3 4 84
1358 3 5 84
5293 0 19 85
675 6 19 85
1113 5 19 85
3390 3 18 85
5058 19 11 85
5620 18 11 85
5656 7 14 85
2075 5 14 85
2627 19 6 85
3750 19 5 85
5190 13 0 85
5367 12 0 85
3058 15 2 85
4811 13 3 85
5462 5 7 85
252 13 8 85
607 12 8 85
725 13 7 85
4068 12 7 85
3900 8 2 85
195 18 10 85
634 19 4 85
1021 18 4 85
4120 17 4 85
4779 4 6 85
2604 3 6 85
3434 3 7 85
4569 1 19 85
159 6 14 85
2566 6 13 85
2866 6 12 85
3215 6 11 85
4622 6 10 85
282 1 18 86
2288 1 17 86
5152 1 16 86
3346 9 15 86
4838 0 12 86
5090 1 12 86
2284 2 14 86
3902 4 14 86
4829 19 9 86
580 15 4 86
2088 10 8 86
2110 13 1 86
167 6 7 86
3649 6 6 86
5763 6 5 86
107 14 6 86
5254 5 4 86
6 5 2 86
1332 18 9 86
866 18 8 86
942 19 8 86
1821 19 7 86
3383 18 7 86
4437 17 7 86
138 17 11 86
848 16 11 86
2461 16 10 86
2987 16 9 86
5744 16 8 86
345 16 7 86
843 16 6 86
4097 16 4 86
1143 16 5 86
1315 15 5 86
628 15 3 86
2184 12 1 86
2950 8 13 86
5004 8 14 86
370 8 15 86
3174 1 15 87
3222 0 13 87
4114 8 18 87
987 10 17 87
1599 11 17 87
1603 13 2 87
3210 12 2 87
3760 12 3 87
1604 13 6 87
2374 12 6 87
2407 11 6 87
3319 9 6 87
4532 7 3 87
4942 7 2 87
5324 9 5 87
1900 9 1 87
1404 14 2 87
3386 14 3 87
2817 11 3 87
1073 0 18 87
2301 0 17 87
4703 0 16 87
1061 0 15 87
1292 0 14 87
3853 1 14 87
4682 1 13 87
267 19 19 88
574 19 18 88
3320 7 17 88
3949 6 17 88
4336 5 17 88
332 3 17 88
1043 5 15 88
2344 12 19 88
913 13 17 88
5201 8 17 88
5517 8 16 88
5700 7 7 88
3735 11 4 88
5571 12 4 88
222 13 4 88
832 14 4 88
5147 5 18 88
1244 19 17 88
3067 19 16 88
3637 18 16 88
603 7 15 89
1228 6 15 89
2836 7 16 89
3265 6 16 89
5373 5 16 89
1843 0 0 89
2720 17 19 89
4221 16 19 89
4743 17 18 89
100 2 18 89
1363 2 17 89
1917 3 16 89
2094 7 9 89
2739 8 9 89
2770 10 9 89
4232 10 11 89
5131 10 10 89
5477 17 17 89
179 17 16 89
343 16 16 89
3896 15 16 89
3781 16 18 89
1012 2 16 89
1384 2 15 89
3818 1 19 90
578 2 19 90
1655 3 19 90
4019 1 0 90
3848 2 1 90
2289 4 1 90
2737 4 0 90
3240 11 18 90
1615 8 19 90
2456 19 15 90
2497 18 15 90
2133 16 15 90
4762 18 13 90
5302 14 19 90
717 14 17 90
1268 14 16 90
1508 15 14 90
1590 12 13 90
2015 5 6 90
2719 5 5 90
3091 5 4 90
3551 5 3 90
4356 6 3 90
4609 7 6 90
5819 8 6 90
2435 7 4 90
3767 9 3 90
4252 8 2 90
4908 9 2 90
335 7 5 90
915 8 5 90
1201 8 4 90
1348 9 4 90
1662 17 15 90
1145 15 19 90
2157 13 19 90
3229 11 19 90
1456 1 1 90
5250 4 19 90
2274 0 4 91
2448 1 4 91
3534 0 5 91
3711 1 5 91
4166 1 6 91
5170 1 7 91
1595 2 0 91
1783 4 2 91
2480 10 19 91
3345 9 19 91
4182 19 13 91
5438 19 12 91
5665 18 12 91
1774 4 13 91
2605 5 13 91
5073 6 13 91
407 5 2 91
656 6 2 91
3030 10 18 91
4202 9 18 91
3431 9 17 91
1491 9 16 91
3366 10 16 91
996 7 7 91
1963 8 7 91
4141 0 7 91
135 7 13 91
1737 8 15 91
5264 7 19 92
3562 0 2 92
4213 0 3 92
4264 2 2 92
630 3 0 92
1140 16 18 92
5379 19 14 92
1607 18 14 92
2403 5 12 92
2755 1 8 92
3397 2 8 92
4151 1 10 92
5292 2 10 92
5815 13 16 92
1518 19 10 92
2445 19 8 92
2736 17 8 92
4162 14 13 92
5585 13 13 92
4499 19 7 92
490 6 12 92
674 7 12 92
5806 7 11 92
3588 7 18 92
4618 17 16 93
4714 16 16 93
660 15 13 93
1388 2 5 93
1804 2 6 93
2811 2 7 93
221 4 6 93
396 4 7 93
636 0 10 93
1015 19 0 93
4923 18 0 93
5246 19 1 93
3919 8 1 93
440 7 1 93
1233 6 1 93
1908 5 1 93
2857 5 0 93
4833 6 0 93
4907 7 0 93
4995 8 0 93
2034 9 0 93
5063 16 8 93
5709 18 1 93
37 17 0 93
2095 17 1 93
2393 16 1 93
888 0 1 94
1138 1 1 94
1479 1 2 94
2588 15 16 94
3823 16 11 94
4042 17 11 94
4305 16 10 94
416 16 9 94
2828 19 2 94
3487 11 16 94
3727 8 11 94
80 4 9 94
542 1 3 94
380 9 7 94
3167 1 19 95
3728 0 19 95
4200 0 18 95
1360 2 1 95
5298 2 3 95
3188 16 7 95
4395 17 7 95
224 18 2 95
545 17 2 95
4458 16 2 95
5155 16 3 95
925 17 3 95
1381 18 3 95
93 19 3 95
2557 15 6 96
2696 16 6 96
2765 16 4 96
3232 11 19 96
3080 4 3 96
4130 4 0 96
5130 4 19 96
5684 5 19 96
