3120
736 5 0 1
2608 4 0 1
2840 5 1 1
6453 3 0 1
523 4 2 1
2022 1 0 1
2122 3 2 1
2143 0 0 1
3069 0 1 1
4200 1 1 1
5837 0 2 1
5934 1 2 1
115 0 4 1
2639 3 4 1
1737 1 5 1
3245 2 6 1
4256 0 7 1
6185 0 8 1
6284 1 8 1
2429 0 19 1
2764 1 19 1
3861 0 18 1
6164 2 19 1
262 1 17 1
2035 4 19 1
2594 2 17 1
2804 1 16 1
5118 0 13 1
5620 1 13 1
735 0 9 1
2941 1 9 1
6122 0 10 1
2241 3 9 1
2690 1 11 1
2772 4 9 1
1999 5 4 1
4027 5 5 1
798 4 7 1
4222 3 7 1
1851 4 17 1
544 6 16 1
5345 3 13 1
4886 5 13 1
4334 0 17 1
4772 0 16 1
2904 2 13 1
2934 2 14 1
2574 1 14 1
3447 0 14 1
6157 0 15 1
6337 1 18 1
2544 2 18 1
5912 3 19 1
16 3 17 1
6010 3 18 1
1875 4 18 1
1876 5 19 1
2675 5 18 1
1312 5 14 1
1718 3 14 1
2432 4 13 1
3838 4 14 1
478 0 11 1
651 0 12 1
1062 1 12 1
3834 2 12 1
1125 0 5 1
1542 0 6 1
1592 1 6 1
1190 1 7 1
1763 2 7 1
3214 4 4 1
4034 4 5 1
90 5 2 1
927 5 3 1
1218 4 3 1
6103 3 3 1
6528 4 1 1
1220 3 1 1
2527 2 0 1
2692 2 1 1
4959 2 2 1
5063 2 3 1
1236 0 3 1
987 1 10 1
1885 2 9 1
5970 15 0 1
6559 16 0 1
1417 15 1 1
4223 17 0 1
3893 16 1 1
4226 15 2 1
6031 18 0 1
3366 17 1 1
1090 16 2 1
6571 15 3 1
384 14 4 1
567 19 0 1
1843 18 1 1
2494 17 2 1
2602 16 3 1
3283 15 4 1
3675 13 4 1
4239 13 2 1
1526 14 5 1
3268 19 1 1
5420 18 2 1
5726 17 3 1
280 16 4 1
4771 15 5 1
6060 12 4 1
4140 12 2 1
5227 13 5 1
719 13 1 1
1471 14 6 1
2320 19 2 1
5178 18 3 1
6180 17 4 1
6470 16 5 1
2838 15 6 1
5809 11 2 1
1525 12 5 1
3286 12 1 1
3482 13 6 1
4716 13 0 1
806 14 7 1
4126 19 3 1
4682 18 4 1
344 17 5 1
3143 16 6 1
4276 15 7 1
6203 11 1 1
6291 12 6 1
108 12 0 1
919 13 7 1
1538 14 8 1
1864 19 4 1
3549 18 5 1
4642 17 6 1
416 16 7 1
524 15 8 1
2663 10 5 1
3550 11 0 1
4298 12 7 1
4922 13 8 1
5897 14 9 1
6228 19 5 1
6333 18 6 1
1029 17 7 1
4118 16 8 1
3236 15 9 1
4972 9 5 1
2127 10 6 1
4144 10 4 1
5133 12 8 1
286 13 9 1
2014 14 10 1
3988 2 8 2
378 1 15 2
3294 2 16 2
3579 4 16 2
5703 12 19 2
6315 11 19 2
4109 12 17 2
4305 9 19 2
5776 11 17 2
972 12 15 2
5334 6 19 2
5666 7 18 2
5173 2 10 2
4835 4 10 2
1454 3 12 2
995 12 16 2
340 2 15 2
973 3 16 2
1193 3 15 2
4741 4 15 2
3078 5 17 2
1240 5 16 2
1415 5 15 2
2653 6 15 2
4164 12 18 2
5053 11 18 2
1073 7 19 2
6525 8 19 2
4229 6 18 2
5510 6 17 2
4990 7 17 2
1225 8 17 2
1339 8 18 2
5108 10 19 2
1985 2 11 2
4176 3 10 2
1306 3 11 2
2925 4 12 2
3079 4 11 2
683 3 8 2
928 4 8 2
5253 1 3 2
5355 1 4 2
37 2 4 2
1048 2 5 2
2332 3 5 2
5403 5 9 3
5490 6 9 3
5788 6 10 3
4466 10 17 3
5085 10 16 3
2746 8 16 3
5868 6 0 3
4501 8 0 3
4917 6 2 3
6418 9 0 3
4947 7 3 3
1739 7 14 3
3512 8 13 3
429 10 0 3
660 10 1 3
2989 9 1 3
4245 8 1 3
2315 6 1 3
2907 7 0 3
2912 7 1 3
2563 8 3 3
5214 6 3 3
2327 11 16 3
3317 11 15 3
4236 10 15 3
6473 10 18 3
4250 9 18 3
4357 9 17 3
5367 9 16 3
2394 9 15 3
5784 7 16 3
2606 7 15 3
3085 3 6 3
3303 4 6 3
3841 5 6 3
4539 5 7 3
64 5 8 3
13 5 10 3
1936 7 13 3
937 6 14 3
2294 6 13 3
4483 5 11 4
4533 10 2 4
4808 10 14 4
4817 11 14 4
2694 6 4 4
5676 7 4 4
6235 6 5 4
5208 7 6 4
5701 13 13 4
5747 13 12 4
2213 12 11 4
3715 10 12 4
4089 8 11 4
2142 8 10 4
5658 9 10 4
5884 8 9 4
832 6 6 4
1794 6 7 4
2803 7 7 4
4436 7 5 4
1489 10 3 4
814 7 2 4
1381 8 2 4
237 9 2 4
2428 9 3 4
1221 8 8 4
2065 13 11 4
2774 13 10 4
5724 10 10 4
974 5 12 4
1231 6 8 4
1832 7 8 4
1981 7 9 4
2387 7 10 4
4396 7 11 4
4235 12 14 4
1729 11 12 4
5739 12 12 4
4370 12 13 4
5448 11 13 4
1063 10 13 4
3824 8 15 4
5223 8 14 4
6436 9 14 4
1363 9 6 5
4900 12 10 5
6170 9 9 5
4991 18 0 5
6371 17 0 5
6509 16 0 5
1755 15 2 5
1920 9 8 5
1200 12 9 5
5430 6 11 5
6137 6 12 5
4020 7 12 5
5120 8 12 5
896 9 13 5
5316 9 12 5
1336 10 9 6
3626 15 3 6
4389 16 2 6
4648 15 0 6
4960 10 8 6
5610 9 11 6
750 10 11 6
2738 11 11 6
3490 11 10 6
356 11 9 6
2 12 4 7
1278 13 4 7
1626 13 5 7
2750 12 2 7
6380 14 5 7
3148 19 0 7
3976 19 1 7
6261 18 1 7
385 16 3 7
856 17 3 7
4451 11 8 7
1286 12 5 8
2508 13 6 8
4862 14 6 8
4949 15 6 8
2771 16 5 8
3956 13 0 8
4779 12 1 8
6169 18 3 8
860 13 1 8
3188 13 2 8
3581 15 5 8
1628 13 19 9
2024 14 19 9
2280 13 18 9
2715 15 19 9
2955 14 18 9
3615 13 17 9
4134 15 18 9
3185 14 16 9
4325 19 19 9
4461 18 19 9
1172 19 17 9
1443 16 19 9
3465 18 17 9
1177 19 15 9
2284 13 14 9
4645 14 14 9
4657 15 14 9
5704 14 13 9
1237 16 17 9
1449 16 16 9
1573 18 14 9
2453 18 13 9
3428 18 12 9
6120 18 11 9
66 14 12 9
393 15 12 9
957 14 11 9
3033 16 12 9
3275 15 11 9
3552 16 11 9
45 15 9 9
516 19 9 9
2658 14 7 9
4939 15 7 9
3265 19 8 9
3446 18 8 9
1330 19 6 9
3229 18 6 9
3305 19 5 9
3258 13 8 9
537 11 7 9
5336 8 7 9
5443 9 4 9
3228 12 0 9
6003 11 0 9
5226 16 6 9
3397 19 3 9
2077 19 2 9
2354 18 2 9
59 17 2 9
751 17 1 9
1325 8 6 9
6088 8 4 9
1614 8 5 9
3097 9 5 9
2550 13 7 9
3212 9 7 9
65 10 7 9
29 11 1 9
6488 11 2 9
5461 19 4 9
1448 19 7 9
3620 18 7 9
988 17 8 9
1882 19 14 9
4004 19 13 9
4473 19 12 9
5269 19 11 9
5780 19 10 9
3104 15 13 9
867 19 16 9
116 19 18 9
1311 18 18 9
3685 16 18 9
3528 17 19 9
4040 17 18 9
1028 17 17 9
2121 17 16 9
1599 13 16 9
2124 13 15 9
4824 14 15 9
6432 14 17 9
762 15 17 9
2227 15 16 9
2798 15 15 9
3088 16 15 9
5462 15 1 9
76 16 1 9
3846 18 16 10
5717 18 15 10
469 16 14 10
883 18 9 10
728 15 10 10
1038 14 10 10
5763 14 9 10
1424 9 3 10
2543 10 6 10
2638 18 5 10
3157 18 4 10
2307 10 3 10
5019 10 4 10
5569 10 5 10
1624 13 10 10
2509 13 9 10
4433 12 9 10
1418 14 8 10
1638 15 8 10
3267 18 10 10
1809 16 10 10
3877 16 13 10
4944 17 15 10
3759 17 14 10
4184 17 13 10
4660 17 12 10
791 17 11 10
5329 17 10 10
6199 17 9 10
467 16 9 10
6184 16 8 10
2864 16 7 10
4149 17 7 10
5709 17 6 10
2546 17 5 10
2526 17 4 10
3718 16 4 10
2595 15 4 10
2617 14 4 10
3704 5 0 11
3800 4 0 11
4487 5 1 11
4688 3 0 11
5036 4 1 11
5894 5 2 11
6527 1 3 11
2425 6 11 11
3042 6 12 11
184 5 3 11
1451 0 0 12
3876 1 0 12
4814 0 1 12
4983 2 0 12
5127 1 1 12
5817 2 1 12
1241 0 3 12
1485 4 2 12
4700 4 3 12
4920 3 3 12
711 16 1 12
4992 15 1 12
213 3 1 12
4422 3 2 12
1259 0 2 12
1846 1 2 12
2525 2 2 12
5577 2 3 12
691 2 7 13
3745 1 7 13
5027 1 6 13
5402 0 6 13
5761 0 5 13
6090 3 4 13
6537 4 4 13
499 3 6 13
2239 5 9 13
2869 6 9 13
129 5 10 13
6554 6 10 13
2114 0 4 13
106 1 5 14
1405 2 6 14
4343 1 15 14
6230 2 16 14
406 12 19 14
1537 11 19 14
3192 12 18 14
4119 10 19 14
5126 8 14 14
586 1 4 14
2074 2 4 14
3455 2 5 14
5813 3 5 14
1174 4 5 14
4821 4 6 14
4968 5 6 14
293 5 7 14
526 2 15 14
5695 5 16 14
1476 11 18 14
684 0 7 15
726 0 8 15
5483 1 8 15
6562 10 17 15
3489 12 10 15
5204 9 9 15
6218 9 8 15
1007 10 7 15
1121 9 7 15
1572 9 6 15
3600 8 6 15
5201 8 5 15
862 9 2 15
1433 10 2 15
1528 10 3 15
4318 10 4 15
1439 13 10 15
2146 13 9 15
2308 12 9 15
1100 2 8 15
464 3 8 15
252 4 8 15
4899 5 8 15
5059 6 8 15
5238 7 8 15
5799 7 9 15
346 0 19 16
1759 1 19 16
2962 2 19 16
3851 3 19 16
4909 4 16 16
5123 10 16 16
5256 12 14 16
392 10 14 16
721 10 9 16
3672 15 3 16
3867 17 2 16
5251 15 0 16
1833 10 8 16
204 12 13 16
2684 11 14 16
1924 11 13 16
3757 10 13 16
1064 0 16 17
5880 1 16 17
767 0 18 17
4614 1 18 17
5150 0 13 17
261 2 13 17
4232 4 19 17
1181 3 18 17
2821 7 7 17
6409 6 7 17
3199 7 4 17
3742 12 4 17
4598 13 4 17
5766 11 2 17
5848 13 5 17
6070 12 2 17
3775 18 0 17
2981 16 0 17
1712 17 0 17
491 6 4 17
195 8 4 17
3642 0 15 17
4315 0 14 17
258 1 13 17
5272 1 14 17
2559 2 14 17
3102 2 15 17
878 0 17 17
901 1 17 17
4492 2 18 17
5071 2 17 17
907 3 17 17
2352 3 16 17
2402 3 15 17
2964 4 15 17
3205 4 18 17
233 5 19 17
3269 5 18 17
4326 5 17 17
4656 5 16 17
5987 5 15 17
772 6 15 17
1561 7 15 17
6229 8 15 17
1968 2 9 18
2459 1 9 18
4460 0 9 18
5230 1 10 18
5476 0 10 18
5895 0 11 18
956 11 18 18
3811 5 10 18
4207 6 6 18
494 8 6 18
208 12 5 18
3575 11 6 18
6407 12 6 18
1764 15 5 18
2047 19 0 18
1344 19 1 18
5856 19 2 18
4643 16 2 18
6119 15 2 18
5523 6 5 18
3816 15 6 18
1113 0 12 18
1051 6 10 18
3418 10 18 18
1065 13 19 19
3705 14 19 19
5851 13 18 19
6204 15 19 19
1201 14 17 19
4423 4 9 19
5248 3 9 19
1248 1 12 19
2455 2 12 19
4411 1 11 19
4794 12 17 19
4048 8 19 19
5439 9 19 19
5971 16 3 19
761 19 3 19
2195 11 1 19
1660 13 0 19
2567 16 5 19
1426 17 3 19
2291 18 3 19
2399 18 2 19
3270 18 1 19
422 17 1 19
1494 16 1 19
2538 15 1 19
1112 7 6 19
582 12 1 19
2301 13 1 19
4003 13 2 19
1899 13 17 19
2442 14 18 19
2902 15 18 19
4116 15 17 19
2488 2 11 19
3136 3 10 19
4513 3 11 19
4724 4 11 19
870 5 11 19
2685 5 12 19
5040 6 12 19
331 11 17 19
4410 5 4 20
5543 5 5 20
6162 19 19 20
504 17 19 20
1826 13 16 20
1986 13 15 20
3522 14 15 20
5247 12 16 20
5314 11 16 20
5480 8 16 20
3168 6 0 20
3837 7 0 20
3916 6 1 20
19 14 16 20
3638 15 16 20
421 18 19 20
3982 7 16 20
3152 5 3 21
4625 5 2 21
5764 5 1 21
5986 4 1 21
2255 19 18 21
2406 19 17 21
2421 18 17 21
3531 19 16 21
3791 18 16 21
4254 16 19 21
6275 18 15 21
173 12 15 21
532 10 13 21
1928 11 13 21
3068 13 13 21
6550 6 2 21
3377 7 1 21
3766 8 1 21
4300 9 1 21
4834 6 3 21
4901 6 4 21
5425 6 5 21
2452 8 0 21
3895 9 0 21
4667 10 0 21
5130 10 1 21
639 18 18 21
3609 12 13 21
380 5 0 21
2928 4 0 21
3067 11 15 21
3774 10 15 21
5622 0 0 22
6314 1 0 22
6392 0 1 22
501 3 0 22
4613 1 3 22
4752 3 2 22
5432 3 7 22
1429 5 6 22
4046 7 19 22
1617 8 18 22
2176 13 14 22
5164 14 14 22
5531 15 14 22
2490 19 15 22
2651 19 14 22
3253 19 13 22
4271 19 12 22
5166 19 11 22
6237 19 10 22
317 14 13 22
3576 15 13 22
1619 5 7 22
4941 3 1 22
5 2 0 22
6501 2 1 22
3003 1 1 22
1643 6 19 22
1585 9 18 22
1215 0 4 23
1644 1 4 23
256 3 4 23
558 4 4 23
2184 3 17 23
2426 4 17 23
3770 3 16 23
2082 6 18 23
2182 6 17 23
4289 6 10 23
2189 16 17 23
2365 16 16 23
3066 16 14 23
3710 18 14 23
6075 18 13 23
6247 18 11 23
3833 14 10 23
3936 15 10 23
4322 14 9 23
5792 16 10 23
912 12 11 23
589 14 8 23
1459 15 8 23
5746 18 10 23
1304 18 12 23
2880 16 13 23
500 15 16 23
1805 15 15 23
2472 16 15 23
571 16 18 23
774 17 18 23
871 17 17 23
1166 17 16 23
3496 17 15 23
3607 17 14 23
5991 17 13 23
6441 4 18 23
3788 5 18 23
5411 5 17 23
2221 5 16 23
834 0 3 24
3501 4 2 24
2896 0 5 24
577 3 5 24
1825 1 7 24
2091 3 6 24
3077 0 14 24
3319 0 15 24
3842 1 15 24
4308 6 8 24
5313 7 18 24
5564 7 8 24
562 6 11 24
1382 14 12 24
1571 15 12 24
2323 14 11 24
3445 16 12 24
6111 15 11 24
1217 10 12 24
2139 11 12 24
5671 6 3 24
5770 7 3 24
6067 6 4 24
1277 9 3 24
3959 9 2 24
4472 10 6 24
6568 6 5 24
2251 7 5 24
778 7 2 24
1416 8 2 24
3165 8 3 24
1912 8 4 24
5617 8 5 24
6420 9 5 24
40 10 2 24
453 10 3 24
607 10 4 24
4397 10 5 24
3601 11 5 24
4527 16 11 24
3052 17 12 24
4632 17 11 24
1299 5 11 24
1543 5 12 24
1762 6 12 24
382 4 3 24
2130 3 3 24
885 0 2 24
2895 1 2 24
4155 2 2 24
5043 2 3 24
5571 2 4 24
5862 2 5 24
426 1 5 24
1957 4 5 24
2618 4 6 24
3202 4 7 24
197 7 17 24
1234 8 17 24
5370 0 6 25
2333 12 18 25
5281 12 19 25
5182 6 16 25
6506 7 16 25
207 8 14 25
2457 8 11 25
3639 18 5 25
442 0 7 25
547 0 8 25
1982 1 8 25
2193 1 6 25
3471 2 6 25
2414 2 7 25
2975 2 8 25
230 3 8 25
1518 4 8 25
4500 5 8 25
2808 9 18 25
741 0 19 26
3326 1 19 26
4612 3 19 26
519 3 13 26
1318 4 13 26
2731 3 14 26
2973 4 14 26
3856 11 17 26
4398 10 16 26
1733 4 16 26
2226 11 14 26
2391 12 14 26
3013 12 13 26
3511 12 12 26
5441 19 9 26
1281 15 9 26
2713 12 10 26
4431 9 9 26
5925 9 8 26
4883 18 4 26
821 13 12 26
1447 13 11 26
2851 13 10 26
3130 13 9 26
4875 12 9 26
5401 10 15 26
1802 2 19 26
57 0 17 27
439 1 17 27
2593 10 14 27
4767 18 9 27
275 10 7 27
900 9 7 27
2106 10 9 27
2279 10 8 27
3030 17 7 27
6142 16 7 27
2520 15 6 27
2894 14 8 27
5642 17 3 27
4988 18 1 27
5555 15 0 27
2556 18 3 27
1432 18 2 27
2800 17 2 27
1477 17 1 27
3020 16 1 27
72 15 1 27
1929 0 16 27
2785 1 16 27
6486 18 10 27
3475 9 6 27
1001 0 18 28
1661 1 18 28
2695 0 13 28
3700 1 13 28
6224 1 14 28
6336 0 12 28
507 0 9 28
598 1 9 28
815 2 9 28
939 2 11 28
2751 8 8 28
2783 8 9 28
6121 8 10 28
1642 9 10 28
2714 19 7 28
3755 18 7 28
2641 10 10 28
105 19 8 28
602 18 8 28
6257 17 8 28
1050 2 13 29
2413 4 19 29
5904 5 19 29
186 13 19 29
3370 14 19 29
5592 15 19 29
2329 13 17 29
5111 11 19 29
5371 10 19 29
948 8 15 29
3210 6 9 29
4088 4 10 29
1284 6 14 29
2703 6 13 29
4434 6 6 29
3376 19 4 29
4457 19 5 29
322 19 6 29
97 18 6 29
1475 17 6 29
5068 17 5 29
5829 17 4 29
5984 16 4 29
3532 2 14 29
1908 7 9 29
6503 7 10 29
2589 7 11 29
2344 11 18 29
5860 13 18 29
5064 6 5 29
868 5 4 30
4486 5 5 30
4633 3 18 30
6134 4 18 30
6144 4 9 30
1816 19 19 30
1839 18 19 30
3514 18 18 30
4219 14 18 30
4607 14 17 30
6161 14 16 30
6256 7 4 30
5282 7 6 30
8 11 8 30
1993 13 7 30
2069 13 6 30
2482 11 6 30
2814 11 4 30
3045 12 4 30
4577 11 3 30
548 12 1 30
461 15 18 30
2516 15 17 30
465 15 16 30
1012 7 5 30
3801 8 4 30
1091 3 9 30
6141 4 5 30
3086 4 6 30
3120 4 7 30
1297 2 18 30
4594 2 17 30
4673 2 16 30
6021 2 15 30
3871 3 15 30
4013 4 15 30
1488 5 18 30
3955 5 17 30
2599 5 0 31
4158 4 0 31
4174 5 1 31
4516 4 1 31
4608 5 2 31
259 1 1 31
2793 1 2 31
3885 1 5 31
5271 1 6 31
2358 2 12 31
3473 1 12 31
4161 1 11 31
4515 5 13 31
5608 12 17 31
489 8 16 31
2669 13 16 31
5463 13 15 31
1245 17 19 31
4316 13 8 31
4593 19 0 31
4910 18 0 31
5236 17 0 31
6193 12 3 31
4180 13 4 31
4447 15 5 31
1021 0 11 31
3894 0 10 31
4471 1 10 31
4494 2 10 31
5002 3 10 31
146 5 3 31
910 5 14 31
1097 14 15 31
2926 15 15 31
3191 16 15 31
612 3 1 32
1096 8 19 32
1434 9 19 32
1544 10 17 32
2374 4 11 32
966 12 16 32
2619 19 18 32
4202 19 17 32
4510 18 17 32
4738 19 16 32
5298 18 16 32
5820 16 19 32
2324 6 1 32
2914 6 0 32
4301 7 0 32
5482 8 0 32
1455 6 7 32
1645 7 7 32
2150 8 7 32
4371 9 6 32
5655 11 7 32
6494 19 1 32
448 16 3 32
1175 15 3 32
77 8 6 32
1002 3 11 32
2041 3 12 32
2786 4 12 32
4681 11 16 32
969 10 18 32
1196 9 18 32
1479 0 2 33
5949 0 1 33
1866 3 0 33
4650 1 3 33
214 3 15 33
2216 4 15 33
4509 11 13 33
34 13 13 33
841 13 12 33
1547 13 11 33
3594 13 10 33
3947 13 9 33
405 6 2 33
2234 7 2 33
3224 8 2 33
3394 8 3 33
4266 9 4 33
632 11 1 33
3879 11 2 33
4479 12 2 33
5924 19 3 33
402 16 2 33
1142 15 2 33
472 19 2 33
1292 18 3 33
1750 18 2 33
3082 17 2 33
3360 17 1 33
695 8 4 33
363 8 5 33
2102 9 5 33
1398 0 0 33
1696 1 0 33
2631 2 0 33
4043 2 1 33
5901 10 13 33
1000 12 15 33
5404 11 15 33
6354 10 15 33
540 4 2 34
2410 3 2 34
3181 2 5 34
3678 2 6 34
4644 3 7 34
5692 3 16 34
5959 6 10 34
6344 7 10 34
1043 7 1 34
3460 9 0 34
2052 11 0 34
5415 12 0 34
869 16 5 34
1089 16 0 34
688 16 1 34
1392 15 1 34
842 13 0 34
1159 13 1 34
2677 13 2 34
3463 13 3 34
4162 17 5 34
1149 8 1 34
2154 9 1 34
3480 10 0 34
2857 10 1 34
3570 10 2 34
3730 10 3 34
3900 10 4 34
4018 10 5 34
6474 11 5 34
5297 0 3 34
2330 4 3 34
3728 3 3 34
513 2 2 34
6287 2 3 34
456 7 11 34
4465 0 5 35
5677 0 6 35
6272 0 7 35
1110 2 7 35
2582 4 7 35
3458 16 17 35
5075 16 16 35
234 16 14 35
4246 18 15 35
5060 18 14 35
5814 18 13 35
319 0 8 35
1503 0 4 35
394 1 4 35
2044 2 4 35
2300 15 16 35
1293 16 18 35
2089 17 18 35
2464 17 17 35
2477 17 16 35
109 0 14 36
452 0 15 36
1423 1 15 36
1629 0 16 36
2921 1 16 36
3776 0 19 36
4845 1 19 36
5898 3 19 36
2408 4 4 36
2440 4 5 36
3752 7 9 36
6048 7 8 36
6444 6 8 36
4381 6 19 36
5216 7 19 36
5472 6 18 36
1169 8 18 36
2562 12 19 36
4708 8 13 36
99 13 14 36
759 14 14 36
3662 15 14 36
454 18 12 36
3793 18 11 36
1341 16 6 36
5112 17 6 36
2303 17 5 36
1036 1 7 36
1354 1 8 36
1685 2 8 36
2878 3 8 36
3028 4 8 36
131 3 4 36
497 3 5 36
4227 3 6 36
4240 4 6 36
1758 5 6 36
2740 5 7 36
2202 5 8 36
1118 5 9 36
1249 5 10 36
545 2 19 36
60 6 17 36
2110 7 18 36
2870 7 17 36
3927 8 17 36
4624 12 18 36
415 14 13 36
1792 15 13 36
552 16 13 36
3629 14 15 36
4993 15 15 36
1072 16 15 36
2190 17 15 36
4985 17 14 36
6233 17 13 36
686 0 17 37
804 1 17 37
5035 3 13 37
5852 4 13 37
5988 3 14 37
4474 6 16 37
6578 7 16 37
1219 11 18 37
1274 11 17 37
2706 11 16 37
5651 10 16 37
2203 6 11 37
4929 14 12 37
5369 15 12 37
5375 14 11 37
5668 16 12 37
1474 5 11 37
1163 4 14 37
2185 5 14 37
3062 7 11 37
3467 11 15 37
4400 10 15 37
1465 10 18 37
3041 9 18 37
3488 9 17 37
4028 9 16 37
4154 9 15 37
5037 19 15 37
5106 19 14 37
1698 19 13 37
1801 19 12 37
4012 19 11 37
6245 17 12 37
873 0 13 38
1198 1 13 38
1205 1 14 38
2666 0 18 38
2888 1 18 38
2901 0 12 38
3018 0 11 38
3753 0 10 38
6417 1 10 38
1904 5 17 38
2235 8 14 38
3406 10 14 38
4891 11 14 38
85 8 11 38
120 9 11 38
1677 10 11 38
3425 7 3 38
4928 18 10 38
5093 17 10 38
881 14 9 38
3794 14 10 38
4596 15 11 38
3410 6 3 38
4833 6 4 38
1890 6 5 38
2427 7 5 38
368 12 14 38
412 12 13 38
3405 10 13 38
1206 0 9 39
1539 1 9 39
4199 2 9 39
6496 2 11 39
1591 8 8 39
1704 9 8 39
2598 10 8 39
3441 8 10 39
5005 10 10 39
5140 10 1 39
5547 10 2 39
6194 15 10 39
831 11 11 39
874 9 7 39
1122 10 7 39
4691 10 6 39
5727 17 8 39
650 18 6 39
820 9 1 39
2451 9 2 39
3065 9 3 39
3073 10 3 39
6117 10 4 39
3046 8 9 39
366 2 10 39
3951 2 13 40
6191 5 19 40
1251 3 18 40
1860 5 4 40
1910 9 10 40
2382 9 9 40
3382 11 10 40
4508 19 8 40
1018 19 6 40
1509 15 9 40
2444 15 8 40
2572 15 6 40
5045 18 5 40
82 17 5 40
1973 17 3 40
709 18 3 40
1054 18 4 40
1563 17 4 40
2325 16 4 40
1298 15 4 40
596 10 9 40
2379 11 9 40
3641 5 5 40
3257 2 18 40
338 2 14 40
4112 2 15 40
604 2 16 40
2172 2 17 40
3711 3 17 40
1103 5 18 40
4366 4 19 40
6268 4 18 40
4347 4 17 40
5416 4 16 40
5552 5 16 40
6516 5 15 40
3832 6 15 40
1127 19 7 40
3262 18 8 40
4185 18 7 40
5347 17 7 40
5615 14 8 40
788 5 0 41
965 13 18 41
976 13 19 41
1880 14 19 41
3855 15 19 41
4169 15 18 41
1955 4 9 41
2687 19 10 41
6281 19 9 41
158 18 1 41
320 15 1 41
471 18 2 41
6087 17 2 41
635 3 9 41
1207 18 9 41
2644 17 9 41
1565 5 1 42
3647 5 2 42
4111 4 0 42
4330 5 3 42
4634 4 3 42
5231 1 1 42
617 1 4 42
3423 1 5 42
4121 1 6 42
5534 1 7 42
985 4 11 42
3655 8 19 42
4986 9 19 42
766 10 17 42
1171 19 19 42
2131 18 19 42
5910 19 18 42
205 18 17 42
2479 13 17 42
2946 15 17 42
3630 15 16 42
5011 16 19 42
5383 6 4 42
5428 6 5 42
667 8 4 42
2591 7 4 42
493 14 18 42
1126 14 17 42
2998 19 17 42
921 19 11 42
2498 19 12 42
3940 19 13 42
4984 19 14 42
1883 19 15 42
4393 19 16 42
4550 18 16 42
6385 18 18 42
1263 16 18 42
5831 0 0 43
199 0 4 43
1552 4 1 43
2403 12 18 43
4019 12 17 43
4730 12 16 43
5101 12 15 43
364 1 11 43
1828 1 12 43
3880 2 12 43
2364 6 1 43
3909 6 0 43
6140 7 0 43
1412 11 9 43
4882 13 7 43
4350 12 4 43
6080 11 6 43
3434 0 1 43
3786 1 0 43
2186 5 13 43
780 11 15 43
1031 10 15 43
2826 11 19 43
3005 10 19 43
3429 10 18 43
4888 9 18 43
43 9 17 43
822 3 0 44
2835 2 0 44
3537 3 1 44
3746 2 1 44
4388 2 2 44
4696 4 2 44
5935 1 2 44
4115 3 4 44
5967 3 5 44
6152 4 6 44
3450 4 17 44
5458 5 11 44
6447 6 9 44
1067 8 15 44
4750 13 15 44
2466 6 7 44
3470 7 7 44
3546 8 7 44
4497 8 6 44
5177 9 6 44
5938 11 7 44
2144 13 6 44
4557 11 3 44
4429 19 1 44
5457 19 2 44
5497 12 1 44
219 18 2 44
515 17 2 44
5301 13 1 44
2436 11 4 44
389 11 8 44
1027 7 11 44
1247 3 2 44
313 3 3 44
3796 0 2 44
4127 0 3 44
5660 1 3 44
615 2 3 44
1295 2 4 44
2046 2 5 44
3040 3 17 44
3023 8 16 44
3038 9 16 44
4011 9 15 44
4512 9 14 44
1047 13 16 44
2521 14 16 44
2113 14 15 44
5206 15 15 44
1328 7 10 45
2369 6 10 45
3315 3 16 45
3989 4 14 45
4428 6 14 45
4459 6 13 45
4344 17 19 45
4760 9 13 45
6526 10 13 45
5289 12 13 45
5427 10 0 45
2081 8 0 45
3565 6 6 45
4526 7 6 45
3541 13 8 45
3778 19 0 45
222 16 1 45
4795 12 3 45
3318 18 0 45
1124 17 1 45
4958 17 0 45
2040 16 0 45
2601 16 3 45
2936 6 5 45
78 9 0 45
1393 0 5 45
3138 0 6 45
3725 0 7 45
4543 0 8 45
4904 1 8 45
5824 2 7 46
849 4 7 46
1004 4 18 46
1505 0 19 46
255 0 14 46
441 0 15 46
5893 1 15 46
5679 16 18 46
447 13 13 46
529 13 11 46
730 13 10 46
546 19 5 46
3108 19 4 46
3708 18 4 46
1621 11 0 46
5810 12 0 46
5162 15 5 46
1668 13 4 46
4654 15 3 46
1918 13 0 46
1082 13 1 46
299 17 4 46
250 13 9 46
114 13 12 46
800 2 8 46
1535 2 6 46
1587 3 6 46
1960 3 7 46
3563 3 8 46
4188 4 8 46
1450 4 19 46
2983 3 19 46
2688 16 17 46
2480 17 18 46
3260 17 17 46
850 4 4 47
1688 7 9 47
5328 7 8 47
4734 1 19 47
5966 1 17 47
1361 3 14 47
1963 3 13 47
4706 4 13 47
2747 19 16 47
119 18 15 47
294 18 14 47
522 16 15 47
1462 16 14 47
2473 6 3 47
2475 6 2 47
4216 7 2 47
5785 8 2 47
3352 7 4 47
5489 9 4 47
3351 16 5 47
260 16 4 47
962 15 4 47
2117 7 5 47
848 10 4 47
3437 10 3 47
2763 7 1 47
3080 8 1 47
2723 6 8 47
3518 4 5 47
26 5 5 47
1235 5 6 47
2276 5 7 47
4087 5 8 47
5928 5 9 47
6041 5 10 47
857 4 10 47
399 5 13 47
5119 5 14 47
289 19 15 47
1510 19 14 47
964 19 13 47
3661 18 16 47
4070 16 16 47
5143 17 16 47
5358 17 15 47
6454 17 14 47
137 0 18 48
3478 1 18 48
1143 6 19 48
1964 6 18 48
3557 6 17 48
5437 0 13 48
5664 1 13 48
3401 1 14 48
3784 0 12 48
531 9 14 48
864 9 15 48
4157 6 16 48
55 18 13 48
6343 11 1 48
2037 11 2 48
1840 12 2 48
2049 13 2 48
2612 13 3 48
3509 0 11 48
69 0 17 48
983 0 16 48
1017 1 16 48
265 7 19 48
2994 12 19 49
3929 11 19 49
5979 10 19 49
191 11 17 49
1837 11 16 49
2568 2 19 49
3667 2 18 49
437 0 9 49
1369 1 9 49
3426 0 10 49
4042 2 9 49
6183 1 10 49
4241 2 11 49
6101 7 18 49
6187 8 18 49
4629 4 16 49
5174 8 14 49
6074 8 13 49
6448 12 14 49
6523 10 14 49
2471 19 3 49
4603 18 3 49
1784 18 2 49
1070 2 10 49
1676 3 9 49
2818 11 15 49
3274 10 15 49
4191 10 16 49
4077 7 17 49
5775 8 17 49
5670 11 18 49
6211 10 18 49
6271 9 18 49
1593 9 17 49
2777 9 16 49
3872 8 16 49
5591 7 16 49
2773 11 14 49
638 11 13 49
840 3 19 50
2629 4 19 50
2779 5 19 50
4217 2 13 50
4816 2 14 50
5090 13 14 50
5092 14 14 50
5398 14 13 50
160 6 11 50
6016 8 11 50
6244 9 11 50
1618 14 11 50
3094 14 12 50
3252 15 12 50
3472 16 12 50
5357 16 11 50
1598 10 1 50
2935 10 2 50
3139 10 3 50
3438 8 10 50
5619 8 9 50
3913 18 10 50
5905 10 10 50
6210 10 9 50
2852 7 3 50
3664 17 2 50
6215 17 1 50
6128 17 0 50
4406 16 0 50
367 9 1 50
2209 9 2 50
3399 9 3 50
147 8 3 50
1128 8 4 50
2843 8 5 50
4213 9 5 50
98 8 8 50
509 5 18 50
747 5 17 50
1820 5 16 50
3739 7 11 50
536 18 12 51
1514 11 12 51
3336 9 10 51
4355 9 9 51
4616 19 8 51
1498 17 8 51
4259 18 9 51
4619 17 9 51
4663 11 10 51
5309 15 11 51
6294 9 7 51
568 10 7 51
652 10 6 51
4255 10 5 51
4566 11 5 51
3807 9 8 51
3865 10 8 51
2493 11 8 51
5129 5 4 51
3323 5 5 51
5631 5 6 51
5989 5 7 51
5407 3 18 51
980 3 17 51
3220 2 17 51
977 12 12 51
5500 18 8 51
653 19 13 51
1167 19 12 51
71 4 0 52
2671 5 0 52
5574 5 1 52
2725 1 0 52
3973 1 1 52
4671 13 19 52
6047 14 19 52
3036 19 7 52
4183 19 6 52
6189 17 7 52
2111 15 7 52
2278 15 10 52
2536 14 10 52
3290 15 9 52
6460 14 9 52
6563 18 7 52
2033 14 7 52
3644 14 8 52
4751 15 8 52
2007 15 19 52
637 15 18 52
6393 13 18 52
2271 14 18 52
3433 14 17 52
4797 0 0 53
5270 0 1 53
886 0 5 53
1117 1 5 53
2160 0 6 53
2710 1 6 53
3921 1 4 53
3957 0 7 53
5830 4 9 53
3763 14 16 53
5621 19 9 53
5929 19 10 53
2020 17 6 53
56 17 3 53
846 16 3 53
42 16 2 53
2336 18 6 53
2518 18 5 53
3127 17 5 53
4102 17 4 53
5299 16 4 53
5825 15 4 53
179 0 8 53
459 3 9 53
427 19 11 53
609 18 11 53
2918 14 15 53
2756 5 2 54
6491 4 2 54
663 1 2 54
2351 3 0 54
6099 0 2 54
6376 0 4 54
6458 2 0 54
1749 1 7 54
2939 1 8 54
3240 2 8 54
3924 12 17 54
4141 12 18 54
4541 12 16 54
1358 7 19 54
2273 8 19 54
2317 9 19 54
2412 18 2 54
2676 18 1 54
2736 15 2 54
3332 15 1 54
923 18 0 54
1214 17 0 54
1684 16 0 54
2343 15 0 54
52 5 3 54
288 4 3 54
1814 4 1 54
2558 3 1 54
3019 2 1 54
3141 2 2 54
6282 3 2 54
6328 3 3 54
2318 0 3 54
897 1 3 54
403 2 3 54
592 3 10 54
3277 12 15 54
159 11 15 54
1681 10 15 54
4037 11 18 54
3219 3 4 55
3279 3 5 55
5426 4 5 55
5553 4 6 55
3634 2 16 55
3736 10 17 55
4524 10 16 55
278 4 14 55
2225 4 11 55
3314 19 19 55
5708 18 19 55
6104 19 17 55
6160 6 14 55
3621 9 13 55
3904 11 13 55
1160 3 11 55
1037 2 15 55
2322 2 17 55
2094 5 14 55
1914 10 18 55
4317 9 18 55
3731 9 17 55
502 9 16 55
1192 4 10 55
1958 2 4 55
3025 2 5 55
127 10 13 55
2032 19 18 55
926 3 6 56
2910 6 8 56
4244 4 17 56
4827 5 17 56
6317 5 16 56
2396 0 11 56
2979 1 11 56
4349 13 16 56
6513 13 17 56
117 15 18 56
706 5 10 56
4482 5 11 56
4532 18 18 56
5765 18 16 56
941 16 16 56
1069 6 13 56
2856 12 13 56
2849 1 12 56
4110 2 12 56
2841 3 12 56
3650 4 12 56
4938 5 12 56
6032 6 12 56
1303 2 6 56
1568 2 7 56
2376 12 12 56
1836 13 18 56
2269 14 18 56
2502 14 17 56
2668 15 17 56
4627 15 16 56
236 18 17 56
2349 4 4 57
3735 5 4 57
4683 5 5 57
5595 7 16 57
263 7 8 57
2283 7 9 57
3113 16 19 57
3355 17 19 57
3505 17 18 57
3905 6 0 57
5728 7 0 57
171 10 0 57
1493 9 0 57
3070 6 4 57
4869 6 5 57
5333 7 5 57
530 6 1 57
1279 7 1 57
1841 5 6 57
318 0 19 58
739 1 19 58
1580 0 18 58
1838 1 18 58
3056 0 17 58
4415 0 16 58
3806 5 18 58
5882 4 18 58
3780 4 7 58
4294 6 7 58
6150 7 7 58
3688 9 6 58
5446 10 7 58
6431 11 7 58
1649 13 7 58
645 6 6 58
827 7 6 58
3918 8 7 58
2277 8 6 58
188 8 0 58
2943 8 1 58
2489 9 1 58
5802 9 2 58
2009 5 7 58
1006 1 13 59
1216 0 13 59
1909 0 14 59
4579 0 15 59
2230 1 17 59
3882 2 17 59
5650 3 14 59
6401 3 13 59
6577 4 13 59
409 13 9 59
1144 13 8 59
1437 10 6 59
2522 11 6 59
4327 13 6 59
5304 11 4 59
1397 6 19 59
2152 6 18 59
6059 6 17 59
1738 7 17 59
1853 8 17 59
381 1 16 59
23 5 13 59
3195 5 14 59
1879 5 19 60
2199 4 19 60
3174 3 19 60
4777 12 19 60
2603 10 19 60
5725 2 13 60
6500 2 14 60
370 0 12 60
514 13 14 60
2952 14 14 60
5028 14 13 60
5551 16 18 60
130 19 16 60
4445 19 15 60
934 12 4 60
986 11 3 60
674 12 1 60
4031 13 1 60
5124 19 2 60
450 19 1 60
1321 19 0 60
1650 18 0 60
843 17 0 60
4345 11 2 60
1859 1 12 60
2092 2 12 60
3048 11 19 60
58 1 14 60
916 1 15 60
1014 2 15 60
2404 13 15 60
2125 14 15 60
795 16 17 60
2830 17 17 60
3101 17 16 60
1683 2 19 61
1896 10 18 61
3506 6 16 61
5022 9 14 61
5210 8 16 61
166 6 11 61
737 19 14 61
2528 19 13 61
3996 19 12 61
5384 18 12 61
2780 11 12 61
6009 8 11 61
2866 13 13 61
3585 13 12 61
5360 9 10 61
2656 19 8 61
2886 18 8 61
4455 18 7 61
4502 11 9 61
1468 13 2 61
1931 16 2 61
4478 16 1 61
5388 16 0 61
5885 15 0 61
3369 12 2 61
3431 12 3 61
5782 13 3 61
685 10 12 61
1106 11 18 61
1806 11 17 61
4930 11 16 61
6351 11 15 61
348 10 15 61
228 2 18 61
560 3 18 61
1653 3 17 61
1829 3 16 61
3117 3 15 61
6350 4 15 61
483 5 15 61
3287 6 15 61
997 12 12 61
1996 19 11 61
890 18 11 61
418 5 0 62
566 4 0 62
2001 5 1 62
3256 4 1 62
3356 3 1 62
4342 3 2 62
5748 0 9 62
6324 1 9 62
4560 3 9 62
1331 15 14 62
4197 16 14 62
4672 18 14 62
575 6 1 62
949 7 1 62
2246 6 3 62
248 9 2 62
301 11 10 62
1659 14 12 62
2416 15 12 62
5661 14 11 62
542 17 11 62
1566 9 7 62
1615 13 10 62
4926 17 10 62
1333 17 8 62
601 8 7 62
879 8 6 62
4591 6 2 62
3737 7 2 62
1239 13 11 62
1185 0 10 62
1258 1 10 62
75 2 9 62
133 18 13 62
790 15 13 62
585 16 13 62
225 18 15 62
172 0 0 63
395 1 0 63
1648 0 1 63
2806 1 1 63
2853 2 11 63
2976 2 12 63
3147 13 19 63
5783 13 18 63
1695 15 19 63
1790 10 1 63
1815 10 2 63
2699 10 3 63
5379 9 3 63
6399 15 11 63
4853 7 4 63
608 19 5 63
4147 17 5 63
1954 19 4 63
2275 9 1 63
1507 8 1 63
5828 8 2 63
2515 2 10 63
578 14 19 63
4079 14 18 63
816 5 2 64
1431 4 2 64
2397 5 3 64
4056 4 3 64
4956 3 3 64
5702 0 8 64
6232 0 7 64
3974 0 5 64
5693 1 5 64
2386 1 3 64
6269 6 18 64
6455 7 18 64
1850 8 10 64
3979 8 9 64
4284 8 8 64
4380 9 4 64
6126 10 4 64
2219 19 7 64
5361 19 6 64
492 13 0 64
1428 12 0 64
3520 11 0 64
3692 11 1 64
1438 17 7 64
1541 11 2 64
5017 12 2 64
5550 12 3 64
3353 18 6 64
943 6 17 64
1145 7 17 64
5588 0 6 64
1357 3 0 65
2759 2 0 65
2969 2 1 65
3412 1 2 65
4574 3 4 65
6285 3 5 65
5750 4 9 65
6045 4 10 65
100 3 16 65
1895 4 16 65
4069 8 18 65
1939 7 13 65
1238 12 14 65
2535 11 14 65
5255 10 14 65
4006 18 11 65
799 9 9 65
702 15 10 65
1366 14 10 65
1562 15 8 65
1693 15 7 65
1786 15 5 65
3740 18 5 65
625 18 4 65
1894 17 4 65
330 9 8 65
1905 10 10 65
2654 10 9 65
5707 10 8 65
808 11 8 65
646 10 13 65
2615 10 12 65
554 0 2 65
1042 0 3 65
2105 0 4 65
2788 1 4 65
269 2 2 65
1740 2 3 65
2627 2 4 65
2661 2 5 65
2854 8 17 65
3920 14 7 65
4735 14 8 65
5690 14 9 65
2570 15 9 65
1754 1 7 66
3183 3 6 66
753 1 16 66
1706 2 16 66
1950 12 18 66
5097 12 17 66
5122 10 17 66
6359 12 15 66
1338 6 8 66
1320 14 17 66
2287 14 16 66
4505 19 11 66
5754 19 10 66
2815 7 2 66
2370 17 0 66
3251 13 4 66
595 19 3 66
2140 7 3 66
1961 8 2 66
2474 8 3 66
353 1 8 66
4443 3 7 66
1600 1 6 66
1108 2 6 66
5570 2 7 66
698 2 8 66
2207 3 8 66
689 12 16 66
757 19 9 66
707 18 10 66
2011 18 9 66
2100 17 9 66
3276 13 3 66
3263 4 4 67
3374 5 4 67
68 4 6 67
142 0 11 67
4950 0 10 67
3009 6 19 67
4190 7 19 67
4231 8 19 67
163 4 14 67
2326 10 16 67
5587 4 8 67
2924 18 19 67
3311 19 19 67
3984 19 18 67
4802 19 17 67
5228 18 17 67
2334 4 11 67
6254 7 16 67
3850 19 0 67
3462 17 1 67
4705 17 2 67
244 15 6 67
2801 14 6 67
157 19 1 67
810 18 0 67
6338 18 1 67
6450 18 2 67
6530 18 3 67
975 17 3 67
2390 16 3 67
3145 18 6 67
3539 17 6 67
565 13 17 67
649 13 16 67
2965 13 15 67
3037 14 15 67
4898 1 12 67
5598 1 11 67
5922 1 10 67
480 2 10 67
5535 3 10 67
5681 3 11 67
1987 3 12 67
961 4 12 67
4892 4 5 67
1003 5 5 67
1180 5 6 67
1388 9 19 67
2361 9 18 67
4220 9 17 67
5890 9 16 67
1556 0 16 68
2732 0 17 68
4377 0 18 68
4610 0 19 68
6289 1 19 68
6479 6 9 68
6510 6 10 68
6515 7 8 68
690 6 14 68
2163 16 19 68
3014 17 19 68
4916 18 18 68
27 18 16 68
2118 18 15 68
2789 6 0 68
4163 7 0 68
6301 8 0 68
6557 15 2 68
4041 15 1 68
3464 14 18 68
4818 15 18 68
1702 15 17 68
844 17 18 68
727 7 9 68
760 7 10 68
1959 0 13 69
3327 1 13 69
3663 0 14 69
4659 1 14 69
5405 1 18 69
431 4 18 69
2192 5 18 69
2784 7 14 69
2954 9 13 69
4093 7 11 69
5496 16 16 69
6068 10 0 69
433 10 12 69
2767 6 4 69
3238 6 5 69
4364 7 5 69
6065 6 6 69
3914 15 16 69
1285 9 0 69
1340 9 1 69
1395 8 1 69
1731 8 2 69
3391 8 3 69
3427 8 4 69
1060 6 13 69
2116 0 15 69
2900 1 15 69
1035 10 13 69
715 5 19 70
2588 4 19 70
2755 3 19 70
6345 3 18 70
2340 3 8 70
3170 1 17 70
3499 3 14 70
4420 3 13 70
4925 4 13 70
828 12 19 70
4068 11 19 70
151 11 13 70
482 6 7 70
863 7 7 70
253 7 6 70
1633 8 7 70
295 2 8 70
819 5 13 70
984 5 14 70
440 12 13 70
3300 2 19 71
4253 2 13 71
823 11 18 71
917 10 18 71
1010 11 17 71
1093 10 19 71
3624 6 16 71
5518 8 16 71
2876 16 17 71
4100 12 12 71
4171 13 9 71
812 11 7 71
2551 8 6 71
4049 9 6 71
4585 11 6 71
628 11 4 71
1997 13 6 71
2448 8 5 71
4288 9 5 71
991 10 7 71
1202 10 6 71
1394 10 5 71
1602 11 5 71
292 11 16 71
4385 11 15 71
4620 10 15 71
7 2 14 71
1709 2 15 71
2874 3 15 71
3790 4 15 71
245 2 18 71
1389 2 17 71
3985 3 17 71
4588 4 17 71
6040 5 17 71
290 5 16 71
1197 5 15 71
2245 6 15 71
5947 7 15 71
1269 8 15 71
2566 9 19 71
1342 9 18 71
328 9 17 71
1606 9 16 71
4128 9 15 71
4228 9 14 71
4792 8 14 71
5454 8 13 71
672 5 0 72
929 4 0 72
2319 5 1 72
3090 4 1 72
4469 3 1 72
5433 3 2 72
5607 0 12 72
716 0 9 72
1501 2 9 72
2792 6 11 72
2810 13 15 72
2922 14 15 72
5104 13 14 72
6520 14 14 72
1314 16 18 72
4 8 11 72
232 13 8 72
334 13 7 72
2791 14 13 72
1835 17 18 72
2289 17 17 72
5871 17 16 72
2881 1 9 72
2290 2 2 72
785 11 12 72
3417 1 0 73
6112 0 0 73
3852 1 10 73
6249 2 10 73
1436 13 16 73
3751 13 17 73
6413 13 18 73
664 18 13 73
775 15 13 73
2945 16 13 73
1607 19 16 73
1780 19 15 73
1081 13 19 73
1710 3 9 73
2828 3 10 73
326 1 1 74
5249 5 2 74
1823 0 7 74
2600 0 8 74
2681 0 6 74
2893 1 8 74
3335 1 6 74
3689 2 8 74
4537 2 11 74
5154 14 19 74
5442 15 19 74
5485 14 18 74
1978 16 15 74
2805 18 14 74
287 10 1 74
311 9 1 74
743 10 2 74
2858 10 3 74
4544 9 3 74
4780 9 10 74
5220 10 10 74
6028 15 11 74
6471 11 3 74
1079 12 4 74
1061 19 14 74
2430 19 13 74
2662 19 12 74
3498 18 12 74
4148 15 18 74
206 15 17 74
2304 15 16 74
2765 15 15 74
2812 15 14 74
3500 16 14 74
193 17 15 74
1026 17 14 74
2066 17 13 74
3368 17 12 74
3961 12 13 74
4321 13 13 74
5716 13 12 74
1310 13 11 74
1379 1 11 74
18 1 12 74
112 2 12 74
1359 0 1 74
508 5 3 74
246 4 2 74
414 4 3 74
520 3 3 74
5752 11 2 74
5445 3 0 75
6308 2 0 75
1164 1 2 75
1716 1 4 75
3690 3 4 75
6296 3 5 75
2095 6 1 75
5047 7 1 75
5849 6 2 75
801 7 4 75
1111 19 8 75
2168 18 8 75
2867 18 7 75
4030 11 9 75
5737 19 1 75
5998 19 2 75
2837 13 1 75
3599 12 1 75
182 19 3 75
1427 18 1 75
4136 18 2 75
5914 18 3 75
371 17 3 75
5168 18 6 75
22 6 3 75
2485 7 3 75
3799 8 1 75
329 10 9 75
2816 0 2 75
3534 2 1 75
5945 2 2 75
321 1 3 76
3154 4 5 76
4562 6 18 76
5835 6 17 76
636 4 9 76
3659 4 10 76
5195 14 11 76
5325 14 12 76
5352 15 12 76
5606 16 12 76
6159 16 11 76
3110 9 2 76
5319 19 5 76
3771 13 2 76
880 15 3 76
1040 15 1 76
3868 16 3 76
1016 16 2 76
6489 16 1 76
5733 16 0 76
2098 15 0 76
1326 12 2 76
5070 12 3 76
6483 13 3 76
180 19 4 76
3964 18 4 76
3517 8 2 76
5186 8 3 76
693 3 9 76
2129 3 10 76
2884 3 11 76
2778 0 3 76
3218 0 4 76
3712 0 5 76
5424 1 5 76
50 2 3 76
3034 2 4 76
4979 2 5 76
254 4 4 77
1195 5 4 77
1888 4 17 77
1893 4 16 77
2281 7 18 77
4150 8 18 77
4843 9 14 77
5158 8 10 77
528 18 10 77
4680 16 10 77
5777 13 10 77
6475 9 4 77
375 18 9 77
830 8 4 77
1906 8 5 77
1917 9 5 77
725 8 7 77
1651 9 7 77
2915 10 7 77
4313 10 6 77
396 10 4 77
1941 10 5 77
2215 11 5 77
124 5 5 77
590 7 17 77
1287 8 17 77
1348 1 7 78
2492 2 7 78
3897 3 7 78
424 0 10 78
3344 0 11 78
4151 3 17 78
4626 7 8 78
5351 7 9 78
5467 6 9 78
3593 5 6 78
581 7 13 78
3536 8 9 78
5054 8 8 78
4623 19 7 78
5117 17 5 78
5565 17 4 78
3142 19 6 78
1725 18 6 78
1727 1 11 78
2005 1 12 78
3016 2 12 78
3058 3 12 78
4203 4 12 78
4790 2 6 78
1194 3 6 78
2621 4 6 78
73 0 13 79
435 1 13 79
4621 0 14 79
4640 1 14 79
39 1 16 79
748 2 17 79
1211 2 16 79
1703 12 18 79
2948 12 17 79
5029 12 16 79
5074 11 16 79
408 7 10 79
675 6 10 79
1173 16 19 79
4954 17 19 79
5841 18 18 79
1994 6 14 79
3089 6 13 79
3226 10 13 79
2012 13 0 79
2405 12 0 79
4452 11 0 79
4549 11 1 79
6397 11 2 79
281 12 2 79
111 12 3 79
220 13 3 79
2088 17 18 79
5465 17 17 79
397 10 14 79
1282 11 14 79
4662 12 14 79
443 12 13 79
1558 13 13 79
6222 13 12 79
468 13 11 79
553 3 16 79
2672 5 19 80
6055 4 19 80
6156 3 19 80
296 1 19 80
2411 0 19 80
1901 6 19 80
2454 7 19 80
2905 8 19 80
3560 9 19 80
3978 5 17 80
894 12 15 80
2171 10 17 80
2911 19 16 80
4964 18 16 80
6383 19 15 80
2104 18 11 80
3875 17 8 80
4761 15 0 80
5080 19 14 80
5145 19 13 80
390 18 15 80
227 11 15 80
481 5 18 81
2259 4 18 81
2718 2 19 81
2938 0 18 81
3217 2 13 81
5372 2 14 81
6025 3 13 81
510 5 13 81
1453 5 14 81
2027 6 8 81
1095 10 16 81
1157 7 14 81
1746 7 11 81
5224 15 16 81
1266 6 0 81
3055 7 0 81
4214 10 0 81
4498 19 12 81
5387 18 12 81
1787 9 9 81
1845 10 9 81
875 16 0 81
3084 16 1 81
1147 16 2 81
3242 15 2 81
1807 9 0 81
3193 8 0 81
6299 8 1 81
5688 8 2 81
1337 9 8 81
1854 10 8 81
473 5 7 81
388 9 13 81
3232 10 15 81
41 3 18 81
2132 2 18 81
2159 1 18 81
4710 1 17 81
4849 0 17 81
703 0 16 81
4832 0 15 81
5946 1 15 81
6167 2 15 81
1243 3 15 81
6567 3 14 81
847 4 13 81
990 4 14 81
1406 4 15 81
2885 5 0 82
2937 4 0 82
3124 5 1 82
4287 4 1 82
4879 3 1 82
5024 4 2 82
458 3 8 82
1521 12 19 82
2927 11 19 82
3383 10 19 82
3783 11 17 82
5819 6 16 82
10 8 16 82
572 15 15 82
2137 6 3 82
4491 7 3 82
3519 6 6 82
6325 7 6 82
189 11 12 82
1641 13 11 82
2862 14 10 82
2913 15 10 82
5086 14 9 82
5507 15 9 82
1723 18 19 82
2514 19 19 82
3561 19 18 82
4874 19 17 82
4880 18 17 82
1368 6 4 82
1478 6 5 82
6052 7 5 82
876 10 12 82
1490 0 12 82
221 11 18 82
2302 10 18 82
2860 9 18 82
630 9 17 82
2362 9 16 82
4358 9 15 82
6026 5 16 82
588 5 15 82
629 6 15 82
982 1 0 83
1858 0 0 83
2205 0 1 83
4521 0 2 83
5436 0 3 83
463 3 2 83
2229 0 9 83
4073 1 9 83
4247 2 9 83
4493 3 9 83
5940 3 10 83
3345 4 11 83
4707 6 11 83
6013 15 17 83
6467 14 17 83
1652 13 15 83
2642 13 14 83
4611 14 13 83
5125 16 17 83
2879 11 14 83
3530 12 14 83
3975 11 13 83
4955 12 13 83
835 19 11 83
314 6 7 83
3545 13 9 83
5633 19 10 83
155 19 9 83
323 18 9 83
2222 7 7 83
63 13 13 83
732 13 12 83
2002 12 12 83
2511 12 11 83
2348 7 16 83
3362 7 15 83
723 5 2 84
3908 5 3 84
4686 4 3 84
4726 3 3 84
5413 1 1 84
6481 2 10 84
3949 1 10 84
2531 16 18 84
4427 17 18 84
4618 16 16 84
4921 8 7 84
620 10 7 84
1583 11 7 84
2565 10 6 84
5756 11 6 84
5773 14 8 84
235 17 7 84
2956 18 4 84
3207 18 5 84
4584 19 0 84
5659 15 5 84
2238 18 6 84
192 17 17 84
3604 17 16 84
1101 9 7 84
1608 9 6 84
485 8 6 84
1970 3 0 85
2903 2 0 85
3823 2 8 85
3854 1 8 85
3939 0 8 85
3769 1 5 85
3995 15 19 85
4195 14 19 85
4896 15 18 85
6414 13 19 85
1349 2 11 85
183 8 11 85
1567 7 2 85
2166 15 8 85
3649 13 8 85
4829 13 7 85
5864 11 4 85
2758 17 1 85
4014 16 1 85
5012 18 3 85
6576 17 3 85
1743 16 3 85
445 14 18 85
2794 13 18 85
3795 13 17 85
5662 13 16 85
1609 14 16 85
3155 14 15 85
3466 14 14 85
3734 1 11 85
5537 1 12 85
503 3 11 85
140 2 1 85
5757 1 3 86
6251 1 4 86
1084 3 4 86
2419 5 5 86
3099 3 5 86
4052 16 14 86
4774 18 14 86
4897 19 14 86
1071 13 6 86
2285 15 7 86
2733 15 6 86
858 19 13 86
3032 18 13 86
1015 15 14 86
1523 15 13 86
2248 16 13 86
2719 18 15 86
3827 16 15 86
3173 17 15 86
3420 17 14 86
4558 17 13 86
3133 0 4 86
3200 0 5 86
3542 1 2 86
211 2 2 86
1796 2 3 86
3000 2 4 86
3665 2 5 86
749 14 7 86
1165 14 6 86
1818 5 4 87
2023 4 4 87
2847 4 5 87
3002 3 15 87
102 5 16 87
2350 6 18 87
3707 7 18 87
4076 6 17 87
2071 9 18 87
3694 4 9 87
4919 8 14 87
5939 8 13 87
1151 14 12 87
1502 15 12 87
1974 14 11 87
4249 16 12 87
4312 15 11 87
4418 16 11 87
797 6 2 87
5194 6 1 87
6072 7 1 87
6459 8 1 87
1942 16 0 87
2228 17 0 87
2368 18 0 87
3134 11 3 87
765 17 12 87
1255 17 11 87
4848 8 0 87
4867 9 0 87
3930 8 10 87
6349 9 10 87
6146 10 10 87
924 4 10 87
325 10 14 87
945 7 17 87
1130 8 18 87
5219 8 17 87
5520 9 17 87
699 9 16 87
2058 0 7 88
2063 1 7 88
2206 3 6 88
5160 19 10 88
5447 16 10 88
5673 6 4 88
6130 7 4 88
6382 6 5 88
6288 9 4 88
175 9 1 88
2634 9 2 88
2863 13 10 88
2940 11 8 88
5517 19 4 88
47 19 3 88
5008 18 1 88
5902 19 1 88
1744 19 2 88
2305 18 2 88
2512 17 2 88
5136 16 2 88
104 19 5 88
3492 19 6 88
3513 19 8 88
5213 18 8 88
5235 18 7 88
5241 18 6 88
6014 17 6 88
2986 19 9 88
3435 17 10 88
495 7 5 88
6206 10 4 88
6346 10 1 88
285 10 2 88
1290 10 3 88
2533 9 3 88
700 8 2 88
4192 8 3 88
5843 8 4 88
6300 8 5 88
3669 9 5 88
5527 10 5 88
5603 11 5 88
2958 12 10 88
2021 0 6 88
6342 1 6 88
2984 2 6 88
3910 1 13 89
5557 0 13 89
6107 1 14 89
6323 0 10 89
899 0 12 89
1616 3 16 89
2971 7 8 89
3697 7 9 89
1926 0 11 89
136 1 11 89
1115 1 12 89
2188 2 12 89
3831 3 12 89
5303 4 12 89
533 0 14 89
5653 12 1 89
6138 13 1 89
1714 13 2 89
3386 12 2 89
1176 0 15 90
1386 0 16 90
1679 1 16 90
2507 0 17 90
2717 1 17 90
5609 1 18 90
94 5 19 90
2760 4 19 90
3573 3 19 90
4563 3 18 90
1055 4 8 90
1570 4 6 90
4106 5 6 90
1066 10 18 90
1669 11 18 90
1155 6 9 90
4209 13 5 90
4263 13 4 90
4412 15 3 90
4977 14 5 90
5907 15 1 90
5834 16 3 90
5469 16 2 90
6038 15 2 90
3633 12 18 90
2825 1 15 90
496 0 18 91
1291 0 19 91
2155 1 19 91
4324 2 19 91
5818 2 18 91
6426 2 13 91
6572 5 18 91
194 3 13 91
201 4 13 91
297 3 14 91
1741 4 14 91
4861 16 19 91
6264 17 19 91
1049 19 19 91
1182 19 18 91
2356 7 10 91
3293 6 10 91
3716 19 17 91
4074 10 8 91
4306 9 8 91
631 7 13 91
1209 18 10 91
428 8 8 91
3393 8 9 91
3049 8 10 91
947 2 14 91
2148 4 18 91
681 18 9 91
1748 18 19 91
2659 18 18 91
1360 5 0 92
3103 4 0 92
4285 5 1 92
5504 4 2 92
5732 5 17 92
3087 6 19 92
3288 7 19 92
4871 9 19 92
5674 6 8 92
1233 5 13 92
2076 5 14 92
3004 18 17 92
3866 9 10 92
4647 10 10 92
2072 19 8 92
2292 18 8 92
5516 19 7 92
1862 17 5 92
2483 17 4 92
1622 4 1 92
619 8 19 92
2208 8 18 92
2824 8 17 92
3196 19 6 92
4535 18 7 92
2266 18 6 92
5685 17 6 92
2850 17 17 92
1146 1 0 93
3184 0 0 93
3744 0 1 93
4456 0 2 93
5323 1 2 93
5410 0 3 93
6391 0 4 93
511 10 19 93
768 11 19 93
1766 12 19 93
4047 12 18 93
5069 12 17 93
6565 3 8 93
164 6 16 93
3271 10 14 93
1789 11 17 93
3683 10 17 93
5532 9 17 93
5663 8 12 93
209 0 5 93
345 0 6 93
5197 1 6 93
6313 5 2 94
1529 3 2 94
2607 3 1 94
5095 1 1 94
5381 0 9 94
5760 1 9 94
6145 2 9 94
425 3 11 94
754 3 12 94
4470 4 12 94
5179 7 11 94
5980 7 12 94
6374 11 16 94
5815 11 3 94
152 6 0 94
1868 7 0 94
4595 8 0 94
4881 9 0 94
240 10 0 94
310 10 1 94
859 10 2 94
1401 10 3 94
2625 9 3 94
5933 6 3 94
2196 7 3 94
4996 8 3 94
3656 12 16 94
6405 12 15 94
28 11 15 94
2766 8 15 94
3379 3 9 94
3384 5 3 94
4525 17 12 94
4462 13 2 94
2571 12 2 94
4952 13 1 94
1916 11 2 94
818 12 1 94
1444 13 0 94
1713 11 1 94
2164 12 0 94
2942 11 0 94
3115 3 0 96
4103 2 0 96
5139 1 3 96
5597 1 4 96
640 4 0 97
861 5 0 97
2211 1 12 97
5475 2 12 97
3151 2 11 97
6054 14 4 97
6379 18 4 98
