2882
140 19 0 1
998 18 0 1
2725 19 1 1
527 16 0 1
721 18 2 1
2022 15 0 1
2664 16 1 1
4780 18 3 1
5443 19 8 1
368 17 8 1
4782 19 6 1
117 15 8 1
1780 17 6 1
2617 16 3 1
2986 14 4 1
2262 13 0 1
2583 12 0 1
1745 14 2 1
3991 13 2 1
4157 10 0 1
2687 12 19 1
1451 14 19 1
539 12 17 1
3676 13 17 1
4635 12 16 1
2654 16 19 1
4822 19 9 1
3371 17 9 1
1146 19 11 1
3355 15 9 1
1213 17 11 1
4872 19 13 1
4570 19 19 1
4062 19 18 1
341 17 19 1
2207 18 19 1
3486 18 18 1
4984 17 18 1
640 16 18 1
4221 15 19 1
3547 12 18 1
5339 13 19 1
267 13 18 1
2151 13 16 1
2319 14 16 1
3000 19 12 1
2981 19 10 1
920 16 11 1
4300 15 11 1
21 14 11 1
3446 14 9 1
3956 14 10 1
3183 15 10 1
5473 16 9 1
460 18 9 1
744 19 5 1
2217 19 7 1
201 14 8 1
1185 13 8 1
2408 16 6 1
115 15 6 1
122 14 6 1
1412 13 6 1
1478 13 7 1
1026 16 8 1
2518 18 8 1
1466 19 2 1
2187 19 3 1
2401 19 4 1
3725 18 4 1
2333 13 4 1
2831 12 4 1
2706 11 4 1
3020 10 4 1
3393 9 4 1
166 15 1 1
393 14 0 1
940 14 1 1
1248 13 1 1
3833 9 0 1
403 9 1 1
555 10 1 1
2159 11 0 1
4233 11 1 1
1385 12 1 1
4948 18 1 1
4007 17 0 1
664 17 1 1
1554 6 0 1
3675 5 1 1
686 7 0 1
1421 6 1 1
1434 3 0 1
317 5 2 1
3802 8 0 1
4680 7 1 1
383 6 2 1
2619 2 0 1
178 3 1 1
2059 5 3 1
3647 8 1 1
4054 7 2 1
1862 6 3 1
1899 1 0 1
4925 2 1 1
2005 3 2 1
2739 5 4 1
3695 8 2 1
204 7 3 1
1044 6 4 1
1405 0 0 1
1804 1 1 1
2994 2 2 1
4804 3 3 1
582 5 5 1
4032 8 3 1
4770 7 4 1
4115 6 5 1
5007 0 1 1
175 1 2 1
653 2 3 1
1304 3 4 1
3911 8 4 1
4579 7 5 1
4845 0 2 1
788 1 3 1
2785 2 4 1
2847 3 5 1
3395 8 5 1
5216 0 3 1
428 1 4 1
846 2 5 1
1999 3 6 1
2190 4 7 1
1485 0 4 1
5315 1 5 1
5366 2 6 1
385 3 7 1
2779 5 7 1
3657 4 8 1
2010 0 5 1
2673 1 6 1
1524 2 7 1
2315 3 8 1
3008 7 6 1
4433 5 8 1
4917 4 9 1
2593 14 7 2
3507 15 7 2
3813 16 7 2
4127 17 7 2
4624 9 2 2
4630 9 3 2
1171 12 2 2
4926 17 2 2
4066 18 17 2
4708 17 17 2
4779 18 16 2
4928 16 17 2
2283 19 14 2
5442 17 15 2
1597 14 17 2
5038 19 17 2
1458 19 16 2
4748 19 15 2
507 18 15 2
656 16 10 2
1238 17 10 2
283 18 10 2
1736 18 11 2
2073 18 12 2
1114 17 16 2
3894 14 18 2
4064 15 18 2
5232 15 17 2
349 15 16 2
1289 16 16 2
1987 18 7 2
2750 18 6 2
5010 18 5 2
1430 17 5 2
2888 16 5 2
3199 17 3 2
1655 17 4 2
1825 16 4 2
973 11 2 2
2492 10 2 2
4342 10 3 2
728 11 3 2
1867 12 3 2
5084 16 2 2
5259 15 2 2
5452 3 9 2
2116 2 9 2
2232 1 9 2
3201 0 9 2
4834 5 9 2
3014 8 6 2
1222 13 3 3
2789 11 5 3
2924 10 5 3
3271 12 7 3
3632 17 12 3
3593 15 12 3
4994 14 12 3
5152 15 13 3
3580 0 19 3
5202 1 19 3
4943 0 17 3
2188 3 19 3
4837 2 17 3
63 0 15 3
18 16 12 3
696 16 13 3
2045 17 13 3
5277 18 13 3
1455 18 14 3
5352 4 19 3
372 5 19 3
432 6 19 3
907 7 19 3
4293 8 19 3
208 0 18 3
1558 1 17 3
2471 1 18 3
2233 2 19 3
2409 2 18 3
3772 0 16 3
2718 14 13 3
719 14 3 3
141 15 3 3
3751 15 4 3
2411 15 5 3
3492 14 5 3
1292 9 5 3
1516 9 6 3
4306 10 6 3
1382 16 15 4
1602 15 15 4
4381 13 15 4
3094 13 9 4
4335 11 9 4
931 12 8 4
4538 13 11 4
362 10 10 4
1620 17 14 4
2347 16 14 4
3696 15 14 4
252 14 15 4
4319 14 14 4
1148 12 15 4
3275 1 15 4
4426 1 16 4
4589 2 16 4
3871 3 18 4
5359 4 18 4
498 5 18 4
3573 6 18 4
2575 7 18 4
2167 9 19 4
1480 13 10 4
4951 11 10 4
545 12 9 4
3172 12 10 4
417 12 11 4
3621 11 11 4
1350 10 11 4
5069 9 7 4
390 10 7 4
400 13 5 4
958 12 5 4
2057 12 6 4
3598 11 6 4
4006 11 7 4
5034 11 19 5
1811 11 17 5
3885 9 18 5
1774 10 16 5
3457 9 8 5
5301 8 9 5
3305 13 12 5
568 11 12 5
3606 10 12 5
5455 12 14 5
4218 0 14 5
116 2 14 5
1880 0 12 5
77 4 14 5
1608 2 12 5
2405 13 14 5
2443 13 13 5
1462 12 12 5
3520 12 13 5
863 11 16 5
2444 11 15 5
2663 10 15 5
2307 11 18 5
3808 10 19 5
4253 10 18 5
4814 10 17 5
5080 9 17 5
4900 8 18 5
3328 8 17 5
678 4 15 5
2701 2 15 5
2866 3 15 5
300 8 10 5
4960 11 8 5
2741 10 8 5
3530 10 9 5
4318 9 9 5
1105 9 10 5
700 0 13 5
1110 1 14 5
3505 1 12 5
5018 1 13 5
103 2 13 5
1309 3 14 5
66 3 17 6
2396 5 17 6
2938 6 17 6
3826 7 17 6
5106 6 16 6
5481 8 16 6
107 9 14 6
3669 7 14 6
5347 9 12 6
1176 0 11 6
2197 0 10 6
3931 2 11 6
3730 1 11 6
246 10 14 6
730 11 14 6
1527 11 13 6
4398 10 13 6
257 9 13 6
614 9 16 6
1975 9 15 6
995 3 16 6
2977 4 17 6
3174 4 16 6
3192 5 16 6
1357 6 14 6
4436 5 14 6
3319 5 15 6
4496 6 15 6
932 7 16 6
386 9 11 6
2216 8 11 6
3734 8 12 6
119 3 0 6
4587 3 12 7
4919 5 13 7
1457 4 11 7
1584 5 11 7
2945 7 12 7
3613 7 11 7
4716 7 10 7
3693 7 8 7
4935 8 8 7
1668 5 5 7
1748 6 5 7
1878 5 4 7
2933 0 0 7
3432 1 0 7
3118 2 2 7
3498 8 3 7
3548 7 2 7
4847 6 2 7
421 8 0 7
447 3 3 7
551 4 2 7
2035 4 0 7
1021 8 2 7
3544 8 1 7
858 2 0 7
4653 3 2 7
279 6 4 7
1860 7 9 7
2834 3 11 7
3472 3 13 7
5146 4 13 7
132 4 12 7
747 5 12 7
1215 7 15 7
2300 8 15 7
4678 8 14 7
346 1 10 8
2128 5 7 8
3915 8 7 8
34 0 4 8
908 1 4 8
1210 0 3 8
2928 2 4 8
3116 0 2 8
4461 3 4 8
5030 2 3 8
5240 0 1 8
1097 2 6 8
1102 3 6 8
1096 8 5 8
3592 7 5 8
5275 8 4 8
1158 6 1 8
4273 7 1 8
1542 7 0 8
1094 6 0 8
1640 1 3 8
2360 1 2 8
2864 1 1 8
833 2 1 8
3149 3 1 8
227 7 4 8
1250 7 3 8
1755 6 3 8
3494 4 1 8
3810 0 9 9
4251 1 9 9
724 3 10 9
1162 0 8 9
1802 1 8 9
2832 0 7 9
4503 2 8 9
4714 1 7 9
2318 0 5 9
2815 5 10 9
3926 5 9 9
2058 6 7 9
2765 7 7 9
153 0 6 9
4354 1 6 9
135 1 5 9
248 2 5 9
355 3 5 9
648 8 6 9
1256 7 6 9
3143 6 6 9
5005 5 6 9
4575 2 7 9
4693 2 10 9
4729 2 9 9
663 3 9 9
1058 4 10 9
1314 4 9 9
1305 3 7 10
1723 3 8 10
2095 17 0 11
3440 18 0 11
3518 19 0 11
407 19 1 12
1165 18 1 12
2357 19 2 12
3448 17 1 12
3511 18 2 12
1687 19 4 12
2559 16 2 12
2875 18 4 12
3451 19 8 12
4146 18 8 12
4553 19 7 12
1121 14 0 12
2203 15 0 12
2413 3 0 12
807 2 0 12
611 2 1 12
739 3 1 12
1122 4 1 12
502 19 3 12
1353 18 3 12
890 16 0 12
1950 16 1 12
676 12 1 12
891 13 1 12
2463 14 7 13
4144 15 7 13
3473 16 8 13
3685 17 8 13
5183 19 6 13
5242 19 5 13
64 13 3 13
997 11 5 13
2863 9 5 13
4609 10 5 13
1259 9 7 13
258 11 7 13
319 11 8 13
999 9 6 13
2577 17 7 14
4776 16 7 14
5159 17 6 14
5224 15 6 14
703 14 1 14
2238 16 3 14
3130 14 3 14
340 9 4 14
4205 10 4 14
4772 11 4 14
2416 13 4 14
559 18 7 14
2026 18 6 14
2063 18 5 14
3168 17 5 14
1272 16 6 14
3372 16 5 14
2136 17 3 14
2596 17 4 14
247 14 4 14
1271 15 1 14
3623 15 8 14
441 14 8 14
2771 13 8 14
4421 13 7 14
963 13 6 14
2481 14 6 14
569 12 0 15
1109 11 0 15
2086 9 2 15
2186 10 2 15
2963 9 3 15
3879 10 3 15
4676 12 7 15
4781 17 12 15
5403 17 13 15
1296 11 19 15
2776 11 18 15
513 18 13 15
1424 18 14 15
2434 17 14 15
1991 10 19 15
3933 13 0 15
2260 9 0 16
5209 10 0 16
5293 9 1 16
461 13 2 16
2494 14 2 16
1085 16 12 16
1708 15 12 16
1918 15 13 16
2608 14 15 16
3804 13 15 16
5358 12 15 16
2466 10 15 16
3575 11 16 16
3365 10 18 16
4137 9 18 16
97 16 13 16
2696 14 12 16
3672 14 13 16
968 10 14 16
518 11 15 16
4576 11 14 16
251 11 17 16
3958 15 2 16
4448 15 3 16
1034 13 1 16
4817 10 1 16
3961 11 1 17
4216 11 2 17
2027 0 19 17
3227 1 19 17
4580 0 18 17
1562 5 18 17
1599 6 18 17
3381 7 18 17
3619 8 18 17
4669 8 17 17
1280 4 13 17
2076 5 13 17
3002 3 13 17
3231 1 18 17
3787 2 19 17
591 17 2 17
3156 17 3 17
3177 17 4 17
2046 16 4 17
5310 15 4 17
3737 15 5 17
1691 11 3 17
197 12 1 17
701 12 2 17
1533 12 3 17
1648 12 4 17
768 12 19 18
4377 13 19 18
4548 12 18 18
5474 13 18 18
1074 15 15 18
1164 2 18 18
1551 3 18 18
1718 5 17 18
4612 9 8 18
4695 6 16 18
83 9 17 18
1136 8 9 18
1738 8 10 18
3344 7 12 18
5454 5 12 18
1247 4 12 18
3091 5 11 18
121 7 10 18
1654 7 9 18
4336 8 7 18
3040 5 7 18
420 8 6 18
927 7 6 18
1182 6 6 18
295 5 6 18
3869 7 11 18
232 10 17 18
236 10 16 18
900 4 18 18
2135 4 17 18
2456 6 17 18
2472 7 17 18
4230 3 12 18
3050 14 19 19
3615 15 19 19
4535 0 17 19
1333 2 15 19
2407 3 15 19
4877 7 16 19
1328 8 8 19
1388 7 8 19
743 3 11 19
4296 0 4 19
4613 1 4 19
1574 0 2 19
2598 2 3 19
2906 0 1 19
5177 3 5 19
177 0 3 19
1348 1 3 19
3667 1 2 19
4395 14 18 19
180 8 16 19
4220 9 16 19
2748 9 15 19
951 0 16 19
1359 1 18 19
2326 1 17 19
2872 1 16 19
3710 2 16 19
622 3 16 19
1263 4 16 19
2108 5 16 19
2482 5 15 19
4160 6 15 19
4977 7 15 19
2565 8 15 19
5039 8 14 19
1970 4 11 19
1827 12 17 20
3744 12 16 20
4038 19 17 20
4362 18 17 20
4533 19 16 20
4839 17 17 20
4117 0 9 20
4239 4 10 20
2689 1 6 20
2721 3 6 20
4539 2 7 20
431 6 5 20
491 5 5 20
3314 6 4 20
711 4 3 20
2571 2 6 20
1796 13 17 20
1881 13 16 20
3325 14 16 20
1545 1 9 20
155 19 0 21
423 18 0 21
1141 17 0 21
3185 16 0 21
3482 16 1 21
4443 19 9 21
3528 18 19 21
4255 17 19 21
5247 18 18 21
1161 15 18 21
1440 15 17 21
3973 17 16 21
5208 18 16 21
3902 19 15 21
4161 0 6 21
4629 0 7 21
4831 2 10 21
381 8 5 21
3905 7 5 21
487 0 0 21
1234 1 0 21
3111 2 0 21
2778 19 10 21
3579 15 16 21
1018 17 18 21
761 16 19 21
1877 16 18 21
2585 16 17 21
786 0 8 21
851 1 7 21
2044 1 8 21
2142 2 8 21
692 2 9 21
221 3 10 21
1052 3 9 21
3487 19 1 22
3588 18 1 22
3932 19 2 22
4864 17 1 22
5246 18 2 22
285 16 9 22
3067 17 9 22
4340 13 9 22
376 11 11 22
1184 10 11 22
2286 5 10 22
2798 5 9 22
1112 3 8 22
3560 3 7 22
2623 8 4 22
1241 7 4 22
1032 0 5 22
1159 1 5 22
1795 2 5 22
3709 2 4 22
2837 3 4 22
654 16 10 22
3024 17 10 22
2799 18 9 22
2155 18 10 22
3723 18 11 22
3854 18 12 22
4151 18 13 22
2292 13 10 22
41 4 9 22
2483 19 8 23
3003 18 8 23
39 19 3 23
397 18 3 23
1151 19 4 23
1712 17 3 23
1815 18 4 23
2084 17 4 23
4009 16 4 23
4409 15 8 23
4969 14 8 23
2426 14 6 23
3249 2 19 23
4177 3 19 23
1139 18 15 23
1522 17 15 23
3881 1 2 23
970 3 2 23
766 1 1 23
2030 2 2 23
3872 2 1 23
3115 19 14 23
4744 18 14 23
3868 10 19 23
3865 17 2 23
1786 13 8 23
2047 19 7 24
785 17 7 24
939 19 5 24
2305 17 8 24
2498 17 6 24
2545 15 7 24
3683 16 8 24
675 15 0 24
4238 14 0 24
4625 15 1 24
3437 13 17 24
3445 17 14 24
4020 11 8 24
2961 11 10 24
3280 12 10 24
1749 7 7 24
2620 5 8 24
5438 7 3 24
954 8 1 24
1177 6 2 24
2859 6 0 24
587 8 3 24
606 8 2 24
2248 7 2 24
370 3 0 24
888 3 1 24
1882 4 1 24
802 6 3 24
947 7 6 24
1518 13 16 24
4828 14 18 24
4231 14 17 24
5282 14 16 24
434 15 16 24
2251 16 16 24
4598 19 6 24
1313 18 7 24
3171 18 6 24
3316 18 5 24
3988 17 5 24
321 16 7 24
5433 14 7 24
791 13 7 24
849 13 6 24
687 9 2 25
2980 9 3 25
3232 10 1 25
5072 13 0 25
680 16 6 25
1221 19 10 25
3939 19 11 25
5372 19 12 25
816 17 12 25
2477 13 3 25
3086 11 5 25
5405 10 5 25
4715 18 14 25
3364 11 14 25
1364 12 11 25
1938 9 15 25
2003 9 14 25
3214 8 0 25
4139 7 0 25
181 7 1 25
354 6 1 25
959 10 14 25
4024 16 5 25
1692 15 6 25
237 9 1 26
424 9 0 26
1381 10 0 26
2802 11 0 26
5206 12 0 26
3421 14 9 26
4232 15 9 26
360 15 2 26
726 14 3 26
1499 14 4 26
1543 9 16 26
4515 10 16 26
4573 10 17 26
4883 9 5 26
1839 9 7 26
2753 12 12 26
3025 8 11 26
3423 8 14 26
2998 6 15 26
67 8 12 26
1651 16 2 26
2505 16 3 26
4313 15 3 26
198 15 4 26
3565 15 5 26
3998 14 5 26
433 9 6 26
2791 11 17 26
4043 14 2 27
780 12 1 27
3659 10 2 27
3761 10 3 27
2009 17 10 27
4063 17 11 27
4083 15 10 27
4404 11 12 27
599 8 15 27
3059 0 11 27
4278 0 10 27
3379 18 10 27
3789 16 10 27
224 14 10 27
3948 9 4 27
5414 10 4 27
450 14 1 27
2267 13 1 27
3136 13 2 27
3144 11 1 27
4614 11 2 27
4752 12 2 27
5181 12 3 27
5429 11 3 27
1001 11 4 27
1600 1 11 27
1615 1 10 27
1000 12 19 28
1624 13 19 28
1652 12 18 28
2393 13 18 28
2491 14 18 28
2532 11 18 28
2684 11 19 28
3276 10 19 28
4497 11 6 28
1266 15 11 28
3317 15 12 28
4536 15 13 28
4911 0 19 28
5088 14 15 28
1621 12 8 28
1879 12 9 28
3188 11 9 28
1572 10 12 28
528 14 17 28
2309 19 14 28
4739 19 13 28
3597 16 11 28
4355 16 12 28
3848 14 11 28
977 14 12 28
1195 14 13 28
205 13 10 28
1065 13 11 28
2219 13 12 28
4339 12 4 28
4813 13 4 28
2277 10 6 28
36 1 19 28
5041 15 15 29
1111 9 19 29
40 7 19 29
2690 6 19 29
3814 7 18 29
3987 5 19 29
4031 6 18 29
68 8 16 29
2 2 18 29
2118 3 18 29
2354 2 17 29
4451 3 17 29
4080 12 14 29
819 13 15 29
2399 9 8 29
2527 6 16 29
4305 7 15 29
4721 3 3 29
3634 4 2 29
1208 3 4 29
57 14 19 29
379 15 19 29
5203 16 19 29
5154 12 15 29
4108 11 17 29
1417 11 16 29
2098 11 15 29
2707 10 15 29
2754 10 14 29
4821 8 19 29
338 4 19 29
1342 4 18 29
3831 5 18 29
540 19 19 30
2856 19 18 30
3997 19 16 30
2488 17 18 30
2970 16 18 30
4242 1 18 30
5091 1 17 30
1456 10 18 30
1790 9 18 30
4025 8 9 30
915 4 17 30
2041 5 12 30
2672 7 14 30
3308 6 14 30
2386 7 12 30
2813 7 11 30
3645 4 1 30
5219 3 1 30
106 12 17 30
667 12 16 30
861 13 16 30
2537 19 17 30
693 8 10 30
1674 0 18 30
3047 0 17 30
3803 0 16 30
4672 1 16 30
4974 9 17 30
2932 8 18 30
2560 8 17 30
4988 19 0 31
3342 19 9 31
4204 18 9 31
5100 18 10 31
5341 2 15 31
48 6 12 31
1932 5 11 31
2516 3 10 31
5243 3 12 31
526 6 11 31
3173 0 9 31
4456 1 9 31
1636 2 9 31
3545 3 9 31
845 18 11 31
4163 18 12 31
4885 18 13 31
3060 2 16 31
1461 3 15 31
1858 3 16 31
1869 4 16 31
4235 7 16 31
3644 7 17 31
4138 6 17 31
4322 19 1 32
2210 17 1 32
2817 17 0 32
3087 16 0 32
4403 16 19 32
501 0 14 32
3686 1 14 32
4312 0 13 32
4953 7 10 32
548 7 8 32
4396 1 8 32
2226 1 6 32
3221 3 6 32
3529 0 5 32
1788 0 3 32
885 0 4 32
42 2 8 32
4762 8 8 32
2245 8 7 32
2679 8 6 32
2911 7 6 32
1783 7 9 32
5380 6 10 32
4640 6 9 32
1979 17 19 32
4655 18 19 32
943 18 18 32
2533 18 0 32
2198 18 1 32
2031 19 8 33
504 16 17 33
720 14 17 33
2630 17 17 33
3856 18 17 33
3989 2 14 33
2876 3 5 33
3785 1 5 33
4525 5 7 33
3114 1 3 33
2510 0 2 33
4830 0 1 33
2145 6 5 33
3189 5 5 33
966 6 3 33
419 5 1 33
3797 5 2 33
1246 14 16 33
213 15 19 33
852 15 18 33
1410 15 17 33
3625 15 16 33
3033 3 14 33
808 1 4 33
4004 19 3 34
912 17 2 34
1010 17 3 34
2511 19 7 34
4661 19 6 34
810 15 8 34
3374 14 8 34
4077 13 8 34
4544 14 7 34
4623 13 7 34
5031 15 3 34
1418 19 15 34
5371 19 14 34
1004 0 8 34
1682 5 3 34
1227 19 4 34
176 19 2 34
2658 18 2 34
25 18 3 34
993 18 4 34
4574 17 4 34
1134 4 3 34
1853 0 6 34
4758 0 7 34
1747 1 7 34
3688 2 7 34
414 17 8 35
1201 16 8 35
1489 17 7 35
1994 16 7 35
4778 17 6 35
5422 15 7 35
5241 19 5 35
5476 9 2 35
250 13 0 35
619 13 1 35
1956 13 2 35
2215 12 2 35
240 10 1 35
2465 14 6 35
996 13 4 35
3626 13 9 35
4992 1 10 35
2276 2 6 35
2885 1 9 35
5397 2 10 35
2925 2 9 35
4818 3 9 35
1986 17 9 35
3262 13 10 35
4442 13 11 35
30 18 8 35
749 18 7 35
1589 18 6 35
1666 18 5 35
3095 17 5 35
138 13 6 35
326 1 19 35
607 2 19 35
100 3 19 35
625 2 5 35
1526 14 0 36
1449 9 1 36
1746 9 0 36
2389 10 0 36
2484 12 0 36
242 15 6 36
1502 19 10 36
4317 19 11 36
2423 19 13 36
2616 16 9 36
1657 17 16 36
727 13 12 36
2589 0 12 36
553 6 10 36
3017 5 10 36
3903 5 9 36
399 8 5 36
673 7 5 36
1672 1 2 36
594 6 9 36
722 6 8 36
1411 18 16 36
4267 19 12 36
215 16 6 36
343 16 5 36
1779 15 0 36
4334 11 0 36
190 1 11 36
2071 1 12 36
4540 1 13 36
2745 2 13 36
2542 12 17 37
3888 13 17 37
4438 12 16 37
5384 13 16 37
4775 12 1 37
3717 11 1 37
4930 11 2 37
5095 11 4 37
978 13 3 37
3357 17 12 37
3827 17 14 37
2769 15 9 37
3333 14 9 37
1848 9 3 37
2383 9 4 37
1925 12 6 37
3126 12 7 37
1511 11 8 37
468 3 13 37
838 2 8 37
2948 6 7 37
1851 2 1 37
512 0 0 37
813 1 1 37
1941 1 0 37
3824 2 0 37
2078 2 7 37
2234 14 16 37
660 10 4 37
3293 10 2 37
4931 10 3 37
5362 11 3 37
1088 12 3 37
1219 12 4 37
1225 12 19 38
2278 13 19 38
4332 12 18 38
4385 14 19 38
1156 17 9 38
1187 17 10 38
2293 17 11 38
4504 18 14 38
4735 10 5 38
5386 11 7 38
444 14 10 38
877 13 11 38
1344 4 19 38
5331 4 18 38
937 4 16 38
1427 5 14 38
5192 5 4 38
3246 18 15 38
1046 13 18 38
2154 14 18 38
1686 15 19 38
150 15 18 38
2691 15 17 38
5061 15 16 38
3106 16 16 38
4107 18 11 38
1469 18 12 38
3604 18 13 38
1515 13 10 38
2328 3 14 38
1993 6 4 38
3923 16 1 39
2202 15 2 39
4429 16 10 39
651 16 12 39
688 14 11 39
1965 14 12 39
2662 16 14 39
2274 9 5 39
2855 9 6 39
3122 10 19 39
4529 11 19 39
5276 11 18 39
2955 10 17 39
3152 3 19 39
4520 2 19 39
4838 1 19 39
5166 0 19 39
1847 10 10 39
2130 10 11 39
4234 9 16 39
488 11 15 39
2137 11 14 39
4450 0 15 39
3955 8 7 39
2107 3 8 39
2693 7 4 39
942 8 6 39
1072 7 7 39
1315 7 6 39
1378 6 6 39
1704 5 6 39
3635 3 7 39
1727 14 13 39
99 16 11 39
557 15 10 39
145 15 11 39
505 15 12 39
2858 11 17 39
2931 11 16 39
4061 10 16 39
2531 16 2 39
3438 16 3 39
893 15 1 39
2112 14 1 39
4207 14 2 39
4895 14 3 39
282 14 4 39
1329 9 17 39
560 8 4 39
1338 14 15 40
3121 9 7 40
3150 9 19 40
3476 8 19 40
3648 8 18 40
4147 8 10 40
4326 11 10 40
4605 11 11 40
483 0 18 40
565 0 17 40
4720 0 16 40
1066 1 15 40
5186 8 15 40
125 10 14 40
662 9 12 40
4364 2 13 40
2205 8 3 40
3279 8 2 40
5125 8 0 40
56 1 13 40
13 10 15 40
4660 9 15 40
5238 19 0 41
1763 18 19 41
1868 19 19 41
2391 18 18 41
2547 19 18 41
3243 19 17 41
3345 19 16 41
4432 11 9 41
410 12 8 41
3937 11 12 41
218 7 19 41
2199 6 19 41
3527 7 18 41
4934 5 19 41
5336 6 18 41
2631 0 11 41
2953 1 11 41
4513 0 10 41
5117 0 9 41
1168 3 11 41
2091 6 8 41
615 1 9 41
850 18 16 41
1695 18 15 41
2605 17 15 41
1174 12 9 41
1512 12 10 41
2212 12 11 41
2271 12 12 41
196 5 18 41
3099 7 3 41
3531 19 1 42
3782 19 2 42
4907 19 9 42
365 17 19 42
3090 8 16 42
3186 7 16 42
3909 1 18 42
1073 3 16 42
1754 10 12 42
2987 8 1 42
5127 7 1 42
329 6 1 42
2649 7 0 42
191 6 0 42
369 17 18 42
650 18 9 42
1020 18 10 42
2346 18 11 42
4727 18 12 42
76 18 13 42
855 17 13 42
1028 16 13 42
1379 15 13 42
1841 8 14 42
3783 7 2 42
4290 6 2 42
1014 5 2 42
388 17 0 43
759 16 0 43
2011 17 1 43
2410 15 0 43
3301 19 8 43
4039 18 8 43
4341 18 7 43
4446 18 6 43
3006 16 18 43
3637 8 9 43
3766 10 18 43
1481 3 18 43
1759 2 18 43
3821 3 17 43
4946 1 16 43
5017 6 15 43
5435 3 10 43
78 5 13 43
3337 5 8 43
637 16 19 43
131 15 19 43
108 18 0 43
1690 18 1 43
1732 15 1 43
509 9 18 43
2501 9 17 43
2842 8 17 43
5103 7 17 43
1445 1 17 43
1483 2 17 43
1984 2 16 43
2183 2 15 43
2441 3 15 43
2436 19 3 44
2437 19 4 44
231 4 17 44
3724 0 14 44
4323 1 14 44
274 6 8 44
4119 6 9 44
1550 7 12 44
3055 5 12 44
1679 2 11 44
5111 2 10 44
4773 4 1 44
1555 2 9 44
2161 3 9 44
2140 0 13 44
4482 1 13 44
4981 1 12 44
2355 2 12 44
4294 3 12 44
4240 5 1 44
1216 18 3 45
3578 16 2 45
804 17 8 45
2670 16 8 45
1553 17 6 45
4532 15 7 45
494 12 15 45
2087 7 11 45
4171 7 10 45
4453 7 9 45
1566 8 8 45
1428 7 8 45
2175 7 7 45
2603 7 6 45
5164 6 6 45
645 12 14 45
4102 17 7 45
4487 16 7 45
273 16 6 45
104 18 4 45
2209 16 3 45
2206 18 2 45
3283 17 2 45
4188 17 3 45
1197 17 4 45
1281 19 7 46
2640 19 6 46
3462 19 5 46
4424 9 2 46
4807 16 4 46
1702 14 18 46
1770 14 17 46
2886 18 17 46
2170 13 15 46
5047 9 8 46
5139 6 16 46
941 8 14 46
2037 6 14 46
950 1 8 46
1211 18 16 46
2450 18 15 46
3027 17 18 46
3247 17 17 46
3413 16 17 46
359 9 14 46
1474 18 5 46
2381 17 5 46
3104 7 15 46
202 7 14 46
2668 2 14 46
3455 3 14 46
5252 6 17 46
945 13 8 47
2015 12 17 47
3557 12 16 47
1181 13 18 47
1354 0 7 47
1883 0 6 47
3147 2 7 47
3287 3 7 47
4583 2 5 47
1214 5 7 47
1579 2 3 47
2033 2 2 47
1012 5 6 47
2755 13 17 47
2822 13 16 47
3652 14 16 47
3212 15 8 47
3467 14 8 47
632 9 1 48
832 9 0 48
1416 10 0 48
2646 11 0 48
133 14 3 48
558 12 18 48
2474 12 19 48
2189 13 0 48
3651 13 1 48
1805 1 3 48
2370 3 6 48
3816 3 5 48
4983 3 3 48
2677 3 1 48
1196 3 2 48
1321 13 19 48
879 14 19 48
1191 15 19 48
690 15 18 48
1363 17 4 48
1856 14 0 48
151 12 0 48
2056 16 1 49
2788 15 1 49
1283 14 4 49
3254 10 1 49
5092 15 6 49
1399 19 10 49
3779 18 10 49
4696 19 11 49
4783 18 11 49
4498 19 14 49
5269 18 14 49
3107 10 5 49
5308 0 5 49
5340 0 4 49
983 19 15 49
2039 18 9 49
457 16 6 49
674 16 5 49
677 14 7 49
1231 13 7 49
1729 13 6 49
2458 14 6 49
1003 14 1 49
375 11 2 50
1536 11 1 50
4495 16 9 50
1397 17 11 50
1768 16 11 50
1819 19 12 50
37 18 12 50
4918 19 13 50
5180 18 13 50
2861 13 4 50
3571 14 15 50
3786 9 7 50
4200 11 7 50
4509 13 9 50
1909 9 19 50
2820 8 19 50
1817 8 10 50
2012 1 10 50
366 0 8 50
3258 1 8 50
4562 0 3 50
3007 1 1 50
779 5 3 50
474 0 2 50
2150 0 1 50
3049 0 0 50
3200 1 0 50
3294 2 0 50
4000 3 0 50
11 4 0 50
332 1 7 50
618 1 9 50
1366 2 9 50
1632 3 9 50
2628 17 13 50
1149 10 2 50
308 12 1 50
2061 8 18 50
2072 9 18 50
4899 19 0 51
101 14 2 51
1955 11 3 51
2686 15 16 51
3643 17 17 51
4862 17 16 51
4227 15 15 51
392 16 12 51
4914 15 12 51
1331 10 19 51
4262 11 19 51
5388 13 10 51
1104 11 10 51
2960 11 11 51
3321 9 17 51
4333 8 17 51
787 4 19 51
5172 4 18 51
2424 2 6 51
517 5 5 51
2303 6 5 51
4321 6 4 51
1842 7 2 51
1150 7 3 51
1824 6 3 51
3862 6 2 51
584 1 6 51
2650 1 5 51
1138 1 4 51
1793 2 4 51
4152 3 4 51
1921 11 18 51
1935 15 2 51
1232 19 1 52
2404 19 2 52
4247 18 19 52
4042 17 18 52
4464 19 9 52
4558 18 9 52
2958 19 15 52
3906 16 13 52
5028 15 13 52
5067 3 19 52
1776 11 9 52
3496 13 11 52
4447 13 12 52
4915 11 17 52
2818 0 16 52
623 7 17 52
5097 6 17 52
1523 4 16 52
4203 8 15 52
5228 7 15 52
3708 0 13 52
4353 0 12 52
5285 5 14 52
3035 5 4 52
707 18 18 52
1605 19 19 52
1087 19 18 52
801 19 17 52
1452 19 16 52
2732 18 16 52
469 18 15 52
268 17 9 52
1144 17 10 52
3768 16 10 52
4246 7 14 52
1564 2 19 52
1223 13 3 53
2156 17 12 53
4275 17 13 53
4405 12 8 53
466 0 19 53
2935 1 19 53
3075 0 18 53
1789 11 16 53
3559 10 15 53
1275 7 16 53
1494 10 10 53
2549 10 11 53
2566 8 11 53
2576 11 12 53
4679 8 12 53
2343 2 14 53
4416 3 14 53
4556 2 13 53
4328 5 11 53
4857 5 9 53
4785 6 3 53
1101 8 0 53
3163 17 19 53
98 12 9 53
803 12 10 53
1179 12 11 53
1264 12 12 53
706 8 16 53
1372 13 2 53
3602 12 2 53
774 12 3 53
1245 0 17 53
1689 1 18 53
4408 1 17 53
1836 19 3 54
3549 19 4 54
3910 18 4 54
4842 17 4 54
5363 18 1 54
43 19 8 54
2043 18 8 54
2523 18 7 54
2563 17 7 54
2582 15 9 54
2829 14 9 54
2904 14 10 54
154 12 14 54
1777 10 14 54
1948 11 15 54
2819 10 17 54
3222 7 19 54
3673 10 12 54
3934 5 19 54
5439 0 15 54
4527 3 16 54
4584 2 17 54
264 0 14 54
1242 1 14 54
4236 1 13 54
5073 7 5 54
3292 7 3 54
5398 6 2 54
3369 8 5 54
1261 15 10 54
2213 15 11 54
3861 14 11 54
4285 14 12 54
4893 14 13 54
1 11 14 54
2716 10 16 54
2909 9 16 54
1226 9 15 54
3764 9 14 54
58 18 0 54
4471 14 1 54
2941 14 0 54
3266 15 0 54
4986 16 0 54
3622 17 0 54
4627 17 1 54
261 6 19 54
5288 17 2 55
5312 16 2 55
5407 18 6 55
2257 15 19 55
3773 15 18 55
5470 10 3 55
173 11 18 55
3169 8 9 55
4651 1 15 55
1352 1 11 55
1812 0 11 55
2279 0 10 55
3036 0 9 55
1443 7 12 55
2090 5 12 55
2392 7 7 55
3159 7 0 55
3556 6 0 55
1633 8 7 55
2101 8 6 55
5325 7 6 55
886 1 9 55
446 16 19 55
944 16 18 55
1115 18 2 55
2694 18 3 55
5110 17 3 55
1400 9 6 55
3241 9 5 55
2275 1 12 55
3103 10 18 55
4195 9 18 55
4754 8 18 55
2627 7 18 55
3167 6 18 55
3389 5 18 55
1664 19 7 56
2579 19 6 56
5198 17 8 56
2395 15 8 56
5131 14 8 56
5466 14 7 56
4325 12 4 56
3412 1 17 56
3495 1 18 56
4116 2 12 56
576 3 11 56
1544 7 4 56
2580 8 4 56
3119 8 3 56
4003 8 2 56
4272 8 1 56
334 7 1 56
352 6 1 56
93 2 11 56
120 19 5 56
2901 18 5 56
2306 16 8 56
4968 10 2 56
718 2 19 56
3422 2 18 56
1831 3 18 56
1888 3 17 56
2254 4 17 56
3072 5 17 56
2486 15 7 57
2590 16 7 57
2805 17 5 57
543 12 16 57
1638 13 16 57
1846 12 17 57
499 13 8 57
3769 13 7 57
3845 13 6 57
2890 19 18 57
5377 19 17 57
1959 14 19 57
2297 12 7 57
4036 12 6 57
152 3 10 57
1077 5 2 57
3960 5 1 57
23 2 10 57
1081 2 9 57
1340 3 9 57
2995 19 16 57
1761 18 18 57
2621 18 17 57
4858 18 16 57
2143 18 15 57
2475 14 16 57
4301 17 6 57
628 1 16 57
1598 2 16 57
2268 2 15 57
3887 3 15 57
4682 12 3 58
5058 12 2 58
5148 12 1 58
163 13 17 58
5323 14 6 58
3572 17 15 58
4248 11 8 58
1931 9 8 58
3968 12 15 58
4751 6 15 58
974 5 13 58
1996 7 11 58
4406 7 8 58
2902 5 8 58
124 7 9 58
244 7 10 58
3353 17 14 58
1414 13 15 58
596 12 0 58
4021 6 16 58
1015 5 16 58
1468 5 15 58
2949 4 15 58
144 4 14 58
990 16 0 59
3699 15 0 59
4457 14 0 59
356 11 0 59
2509 10 0 59
3142 9 0 59
4259 9 1 59
4361 12 19 59
1153 14 3 59
2978 8 14 59
4522 7 14 59
1230 8 8 59
1915 8 7 59
4346 8 6 59
3790 0 7 59
4890 0 6 59
5190 2 7 59
211 1 7 59
304 1 6 59
2637 7 6 59
546 6 6 59
2950 5 6 59
3363 12 18 59
4302 13 19 59
1346 13 18 59
459 14 18 59
394 14 17 59
1071 15 17 59
324 9 14 59
1169 6 14 59
4648 11 1 60
5440 10 1 60
1235 14 4 60
2149 15 6 60
2440 16 9 60
4820 16 17 60
5085 1 4 60
4853 1 5 60
2715 17 9 60
495 16 6 60
2622 16 5 60
5059 4 13 60
1590 3 13 60
1990 19 0 61
4434 18 0 61
1337 12 0 61
2954 13 0 61
1391 13 2 61
2016 11 2 61
2493 10 2 61
4699 19 10 61
464 17 10 61
1370 19 12 61
1820 15 10 61
817 1 2 61
3601 2 2 61
4662 3 2 61
2775 0 2 61
3639 0 1 61
5074 0 0 61
1212 1 0 61
2717 2 0 61
3307 3 0 61
697 19 11 61
1039 16 10 61
2914 17 0 61
952 13 1 61
89 9 2 61
3228 9 3 61
736 17 1 62
1453 16 1 62
2340 15 1 62
1426 16 18 62
3491 16 19 62
3631 17 19 62
3981 19 19 62
5071 16 4 62
1514 17 11 62
2255 19 13 62
5081 14 17 62
856 9 4 62
1043 17 17 62
4029 18 15 62
4600 3 6 62
733 3 4 62
938 2 4 62
3663 1 3 62
3679 2 3 62
3324 3 3 62
603 19 14 62
2141 18 19 62
46 14 16 62
1124 15 17 62
2065 15 16 62
149 14 1 62
882 14 2 62
5458 15 2 62
872 11 3 62
4472 17 18 63
4219 17 12 63
4824 17 13 63
5108 9 5 63
764 11 6 63
1135 15 15 63
2055 14 15 63
4939 12 8 63
4963 0 4 63
5370 2 8 63
358 0 5 63
5170 1 5 63
3052 2 5 63
328 18 18 63
823 18 17 63
2997 13 15 63
395 13 3 63
818 13 4 63
130 19 1 64
206 19 2 64
377 19 3 64
704 19 4 64
2400 18 4 64
4940 17 4 64
5287 19 9 64
440 17 9 64
1854 15 11 64
2555 0 17 64
3935 0 18 64
311 9 6 64
1054 9 7 64
1837 11 7 64
3203 13 9 64
5233 12 9 64
531 3 13 64
1734 7 10 64
2412 7 9 64
681 5 10 64
2290 5 7 64
1890 18 9 64
456 18 10 64
1609 18 11 64
5123 18 12 64
1929 18 13 64
2258 16 11 64
2281 18 1 64
3073 3 12 64
316 0 19 64
73 1 19 64
1036 19 8 65
1322 18 8 65
1720 18 7 65
2678 17 7 65
4016 11 19 65
4671 10 19 65
698 8 19 65
1641 13 10 65
2211 12 10 65
3576 12 11 65
6 11 16 65
1294 9 16 65
1423 2 19 65
3274 3 1 65
2402 2 1 65
1703 2 18 65
953 9 19 65
2120 19 5 66
3532 18 5 66
4224 19 7 66
4360 17 2 66
5109 16 2 66
5450 19 16 66
1644 15 9 66
1966 14 9 66
4637 14 10 66
4954 14 11 66
4995 14 12 66
755 10 4 66
2295 16 13 66
4631 9 9 66
4912 9 10 66
162 11 10 66
2083 9 17 66
3392 7 18 66
2415 12 12 66
3181 11 12 66
3753 9 12 66
1961 1 10 66
2081 2 10 66
2054 19 15 66
142 19 14 66
293 18 14 66
174 17 14 66
10 18 16 66
3480 17 16 66
1373 14 13 66
712 16 12 66
1384 15 12 66
3070 15 13 66
4465 11 11 66
609 19 6 66
2666 18 6 66
3850 18 2 66
4955 18 3 66
991 17 3 66
5231 16 3 66
2801 17 8 67
3239 16 8 67
102 15 7 67
529 17 6 67
1571 15 19 67
3752 13 11 67
90 12 14 67
1127 11 9 67
2528 11 17 67
3061 10 17 67
3388 10 16 67
3962 10 15 67
821 7 19 67
5189 6 19 67
2451 2 13 67
2529 0 8 67
3327 1 8 67
3767 1 7 67
2126 1 3 67
1132 0 3 67
1834 0 2 67
323 2 3 67
478 3 3 67
363 13 12 67
2561 9 15 67
3180 9 14 67
732 16 7 67
5 2 14 67
1432 3 14 67
3284 14 2 68
4526 9 3 68
5011 10 3 68
4225 13 3 68
1228 11 18 68
4169 10 18 68
2349 10 14 68
2350 10 12 68
948 4 19 68
1843 5 19 68
661 3 17 68
1578 4 17 68
1465 8 9 68
5161 1 16 68
2502 5 9 68
2709 6 10 68
3108 0 1 68
3760 1 1 68
486 0 0 68
647 1 0 68
853 2 1 68
1051 2 0 68
1906 3 0 68
710 6 9 68
139 6 8 68
2682 17 5 68
638 15 2 68
3120 15 8 68
1677 8 10 68
2757 9 18 68
2843 8 18 68
3261 3 19 68
3054 0 16 68
3209 0 15 68
544 1 15 68
313 17 0 69
2719 16 0 69
2874 15 0 69
4723 14 0 69
1463 12 18 69
1623 12 17 69
2708 13 17 69
14 11 3 69
4040 13 4 69
4519 11 8 69
364 6 17 69
930 1 12 69
2674 2 11 69
430 3 7 69
2459 5 3 69
3741 2 6 69
3320 1 6 69
3458 3 8 69
185 1 11 69
1665 0 11 69
3883 0 10 69
320 12 16 69
1166 13 16 69
167 14 16 69
5356 11 4 69
1078 7 17 69
769 8 17 69
1806 6 18 69
1896 9 0 70
2490 10 0 70
4466 11 0 70
4878 9 2 70
5298 12 19 70
418 13 19 70
561 9 8 70
2362 13 15 70
3205 12 15 70
3303 1 19 70
3614 1 17 70
1092 9 15 70
1588 9 14 70
269 2 16 70
3012 2 15 70
5157 3 15 70
1175 7 12 70
4642 5 12 70
2104 7 7 70
4557 6 7 70
5267 6 1 70
3078 6 3 70
4763 13 18 70
3074 11 15 70
4971 11 14 70
353 9 1 70
669 2 12 70
222 1 18 70
1205 19 0 71
3097 18 0 71
4202 18 1 71
533 14 3 71
1389 14 4 71
2337 10 1 71
2967 13 8 71
4542 13 7 71
4975 13 6 71
5428 15 6 71
301 16 17 71
1103 8 14 71
1510 7 16 71
1649 6 16 71
3277 5 15 71
2285 3 16 71
3447 3 11 71
3938 6 4 71
4854 7 4 71
679 1 4 71
5014 16 9 71
2166 16 6 71
1371 14 8 71
5264 14 7 71
3901 14 6 71
4437 3 12 71
171 2 17 71
168 17 1 72
2314 16 1 72
3954 15 1 72
4348 14 1 72
5153 13 1 72
949 19 18 72
2480 18 18 72
3098 19 17 72
5235 18 17 72
899 17 15 72
1047 6 15 72
3176 6 14 72
3890 0 14 72
3921 0 13 72
1113 5 13 72
4214 7 11 72
5319 6 8 72
2242 1 5 72
2310 6 5 72
2751 5 5 72
919 7 1 72
5075 7 8 72
5156 8 8 72
1316 8 7 72
2828 8 6 72
3630 7 6 72
3313 6 6 72
31 5 6 72
1681 0 12 72
649 0 11 72
1438 0 10 72
3892 0 9 72
4554 1 9 72
5479 2 9 72
972 18 16 72
2821 17 16 72
3952 15 2 72
330 13 0 72
586 12 0 72
2097 5 14 72
878 15 3 73
982 19 19 73
1957 18 19 73
2096 17 19 73
2330 16 19 73
4706 17 18 73
4788 16 18 73
2857 10 2 73
3426 11 2 73
3731 19 10 73
4701 19 11 73
1057 12 7 73
3677 12 6 73
3739 0 5 73
2106 0 7 73
4791 2 7 73
3839 7 5 73
5381 5 4 73
3542 7 2 73
1735 8 5 73
2119 8 4 73
1507 0 6 73
212 1 6 73
2332 2 6 73
2865 2 5 73
3735 3 5 73
1484 5 8 73
2541 14 19 73
2702 13 2 73
2439 11 1 73
790 12 1 73
3134 12 2 73
3461 12 3 73
3788 12 4 73
238 1 13 73
921 1 14 73
1845 2 14 73
5309 3 14 73
182 19 1 74
416 19 2 74
2001 19 3 74
3286 19 4 74
2759 17 3 74
4265 16 3 74
4867 19 9 74
3322 17 10 74
59 18 12 74
639 14 18 74
672 14 17 74
909 18 13 74
5226 17 13 74
1050 3 10 74
1658 8 3 74
5163 7 3 74
573 4 0 74
2602 8 2 74
1133 8 1 74
3210 8 0 74
3219 7 0 74
897 6 0 74
482 6 3 74
922 6 2 74
1645 5 2 74
451 3 9 74
2633 14 16 74
1318 15 18 74
2758 15 17 74
1874 15 16 74
5042 16 16 74
1529 19 8 75
1606 18 8 75
3553 18 6 75
5286 18 9 75
345 15 10 75
1137 17 12 75
4135 19 12 75
3304 9 4 75
3306 9 5 75
3763 1 15 75
4909 0 15 75
5182 0 16 75
666 16 15 75
884 11 19 75
2760 10 19 75
4269 9 19 75
4860 0 19 75
126 19 13 75
438 18 10 75
449 18 11 75
994 17 11 75
172 17 9 75
3972 9 18 75
839 0 17 75
1002 0 18 75
1019 1 18 75
665 15 2 76
1048 16 2 76
1617 19 7 76
4030 19 6 76
4933 19 5 76
60 17 17 76
159 19 16 76
315 19 15 76
3770 10 5 76
348 15 11 76
5132 9 7 76
288 11 7 76
382 15 15 76
1603 14 15 76
4011 13 9 76
4292 13 10 76
4636 12 8 76
2000 2 8 76
2882 3 8 76
3855 1 4 76
4978 3 6 76
4989 3 0 76
2824 2 3 76
1358 0 4 76
209 0 3 76
822 0 2 76
2372 1 2 76
2841 2 0 76
2200 2 6 76
51 19 14 76
2726 12 9 76
2982 12 10 76
1794 18 5 76
2344 18 7 76
2397 17 2 76
2224 18 2 76
2445 18 3 76
2942 18 4 76
2683 17 4 76
695 16 4 76
1059 15 4 76
4478 9 6 76
3250 8 19 76
4571 17 8 77
2122 15 8 77
2455 14 8 77
4634 14 7 77
347 17 5 77
519 15 9 77
1429 15 13 77
2240 12 11 77
2996 11 11 77
3757 11 16 77
3837 11 15 77
207 3 14 77
4904 7 10 77
1192 6 9 77
3641 3 12 77
967 3 5 77
2535 3 3 77
834 2 5 77
3109 2 4 77
2270 7 9 77
4663 7 8 77
3291 8 8 77
4193 8 7 77
80 8 6 77
463 7 6 77
570 6 6 77
110 16 9 77
475 16 10 77
590 16 11 77
1625 14 9 77
3852 14 10 77
187 14 11 77
957 16 8 77
297 14 6 77
194 15 7 78
709 16 7 78
489 15 12 78
1844 13 11 78
4397 13 12 78
1233 2 19 78
1486 3 19 78
3907 9 9 78
4459 10 11 78
2586 9 16 78
4586 11 14 78
3390 5 10 78
3289 5 7 78
3350 3 2 78
811 2 2 78
2599 2 1 78
3759 3 1 78
4962 5 6 78
1807 5 8 78
3654 16 12 78
4349 16 13 78
1386 14 12 78
3943 14 13 78
2428 17 7 78
3092 17 6 78
5086 8 10 78
339 13 3 79
3976 9 3 79
3999 10 3 79
4938 10 4 79
4957 11 4 79
1444 12 9 79
219 11 9 79
929 12 10 79
2879 11 10 79
3748 10 15 79
3191 11 17 79
3746 13 13 79
5032 7 17 79
928 8 18 79
777 10 16 79
1548 12 19 80
1758 12 18 80
2222 13 18 80
3001 12 17 80
3179 13 17 80
3515 12 16 80
5200 13 16 80
5463 9 2 80
903 17 0 80
1576 16 0 80
1656 15 0 80
1821 14 0 80
2089 13 0 80
2592 12 0 80
4170 8 19 80
2712 6 19 80
2903 10 17 80
3740 12 12 80
5029 11 12 80
1697 8 11 80
1952 8 12 80
1771 14 16 80
3053 7 19 80
3244 7 18 80
1255 6 18 80
3674 19 0 81
4279 18 0 81
4501 18 1 81
5316 18 2 81
1064 11 3 81
2534 9 8 81
3131 1 17 81
3689 2 17 81
1910 1 19 81
3610 11 18 81
2539 13 15 81
741 1 14 81
1299 2 14 81
2252 2 12 81
4564 0 11 81
4599 1 11 81
2218 0 9 81
3795 2 10 81
4517 0 8 81
127 1 8 81
869 1 7 81
2643 1 6 81
3204 2 6 81
3539 2 5 81
5441 2 4 81
1442 3 4 81
3148 0 10 81
3758 1 10 81
2756 1 9 81
3561 2 9 81
1055 3 9 81
1460 13 19 81
1833 14 19 81
1751 12 15 81
2162 10 18 81
2334 9 18 81
4192 9 17 81
4372 8 17 81
470 0 17 81
740 0 18 81
1643 1 18 81
1816 2 18 81
65 3 18 81
442 17 2 82
1717 17 1 82
3568 16 1 82
4044 15 1 82
1495 9 0 82
1699 10 0 82
610 18 3 82
1393 15 19 82
2325 15 18 82
4184 15 17 82
1017 15 6 82
2449 14 6 82
4165 13 1 82
4990 13 2 82
5112 13 8 82
3514 13 4 82
2727 11 8 82
2609 9 14 82
1919 4 18 82
2378 0 2 82
2873 0 3 82
3206 1 3 82
3238 1 2 82
3563 2 2 82
655 2 1 82
2692 3 1 82
118 15 16 82
183 16 6 82
1698 16 5 82
5105 14 1 82
5006 14 2 82
4731 13 7 82
2752 13 6 82
35 9 1 82
199 11 0 82
1567 9 15 82
734 15 3 83
1369 16 19 83
1547 17 19 83
1613 16 18 83
3464 18 19 83
4947 17 18 83
5345 19 17 83
337 10 12 83
1814 7 16 83
3194 6 16 83
4843 7 15 83
4797 10 14 83
241 7 12 83
1183 5 12 83
3978 16 17 83
1945 16 16 83
2639 19 19 83
4991 19 18 83
3083 18 18 83
737 18 17 83
2367 14 3 83
5043 14 4 83
2825 8 16 83
3235 8 15 83
49 19 1 84
3019 19 2 84
2952 11 1 84
3399 19 10 84
380 18 15 84
916 18 14 84
975 6 18 84
4733 0 14 84
702 7 14 84
3640 6 14 84
2521 4 16 84
3288 8 8 84
3484 8 7 84
3896 8 6 84
636 6 7 84
1876 5 2 84
3990 6 0 84
3431 19 3 84
3031 19 4 84
4846 18 4 84
771 10 1 84
4331 10 2 84
426 11 2 84
876 12 1 84
3947 12 2 84
2770 12 3 84
4289 12 4 84
47 8 14 84
2174 6 15 84
1857 6 17 84
1038 4 19 84
4365 5 19 84
1604 5 18 84
2642 19 8 85
4681 18 8 85
1116 18 5 85
1287 16 3 85
4072 19 9 85
2464 17 9 85
2604 3 16 85
2606 0 12 85
3660 1 12 85
5477 5 13 85
322 7 11 85
1008 7 7 85
757 8 4 85
4476 7 4 85
3774 7 6 85
161 6 6 85
532 5 6 85
3138 7 8 85
4194 6 8 85
772 18 9 85
123 16 9 85
4545 17 3 85
1714 17 4 85
2495 16 4 85
3290 2 11 85
4452 0 13 85
70 1 13 85
2612 2 13 85
2294 3 13 85
5045 19 5 86
3044 19 7 86
3796 19 14 86
4964 19 13 86
5302 19 12 86
1278 15 4 86
2695 16 10 86
2921 15 10 86
5120 16 11 86
303 12 7 86
4363 12 6 86
4889 8 9 86
3443 19 11 86
824 14 10 86
4 19 6 86
2984 16 2 86
4825 15 2 86
3609 14 2 86
26 8 10 86
2517 16 8 87
4937 17 8 87
683 19 15 87
1859 19 16 87
3642 18 16 87
1290 17 10 87
1872 9 4 87
4075 9 5 87
4113 9 6 87
4241 2 18 87
4750 1 16 87
4897 2 16 87
402 5 14 87
1320 6 10 87
2979 0 6 87
776 2 6 87
1277 0 4 87
2014 0 3 87
2792 1 3 87
1943 7 0 87
4123 8 0 87
4105 0 5 87
3704 18 17 87
3727 17 17 87
4149 16 17 87
114 18 10 87
5060 1 18 87
4518 0 18 87
164 0 17 87
2020 0 16 87
3945 0 15 87
4808 1 15 87
4794 2 15 87
549 2 0 87
1006 1 0 87
2786 0 0 87
3425 0 1 87
1345 2 2 87
2796 1 2 87
2797 1 1 87
1351 2 1 87
3508 3 1 87
8 17 7 88
1108 16 7 88
2017 15 7 88
5318 14 19 88
5419 18 12 88
1470 18 13 88
3065 16 12 88
3361 16 13 88
1209 17 16 88
210 18 11 88
748 17 11 88
1293 17 12 88
1513 17 13 88
2425 18 7 88
3202 18 6 88
2069 15 8 88
4578 14 8 88
5335 14 7 88
1284 13 7 88
1335 13 6 88
2180 11 19 88
835 5 18 88
4148 5 19 88
4667 4 19 88
4256 2 19 88
325 16 6 89
525 13 3 89
1722 12 3 89
2127 12 4 89
3145 11 4 89
4164 9 3 89
2432 15 11 89
2860 15 12 89
4178 17 15 89
4777 11 6 89
5245 9 7 89
2777 9 9 89
3135 10 19 89
5348 9 19 89
1669 17 14 89
1962 17 6 89
2884 17 5 89
3089 16 5 89
4002 15 5 89
2833 3 11 89
1983 0 7 89
109 6 2 89
2700 12 19 90
3234 13 19 90
5033 12 18 90
91 14 18 90
2920 12 16 90
541 14 17 90
4179 9 1 90
4711 9 2 90
1454 16 9 90
1630 15 9 90
2064 14 9 90
2922 14 10 90
3715 14 11 90
4929 8 17 90
1207 10 16 90
3010 11 9 90
3950 12 10 90
3983 10 15 90
4015 5 10 90
4026 3 10 90
4865 1 7 90
4125 7 4 90
4393 6 4 90
5344 7 3 90
1446 8 3 90
2499 8 2 90
4196 8 1 90
946 7 1 90
245 6 1 90
179 1 6 90
480 3 9 90
113 12 17 90
4784 13 18 90
452 14 12 90
864 18 2 91
2626 18 1 91
5178 13 0 91
1710 11 0 91
2066 12 8 91
2988 12 9 91
3302 13 9 91
773 15 15 91
2132 14 15 91
1539 15 13 91
5176 11 7 91
5188 11 17 91
5227 11 16 91
170 12 15 91
685 12 14 91
3125 8 16 91
3658 0 19 91
3747 0 18 91
5378 0 17 91
278 13 12 91
1477 8 19 91
1886 7 19 91
2371 7 18 91
3005 7 17 91
4263 6 17 91
296 14 13 91
642 11 15 91
2225 11 14 91
848 13 10 91
1303 13 11 91
3504 12 0 91
1016 0 16 91
2164 0 15 91
2634 1 15 91
3187 2 15 91
378 3 15 91
3265 19 0 92
3713 18 0 92
4736 17 0 92
4823 16 0 92
4140 16 4 92
4483 17 4 92
4870 14 0 92
5249 14 1 92
2615 11 3 92
3967 9 8 92
1007 6 19 92
3141 5 19 92
3543 4 19 92
4462 3 19 92
350 8 5 92
2038 7 5 92
4033 6 5 92
186 7 10 92
4475 12 11 92
253 11 10 92
3567 15 0 92
4595 15 1 92
612 3 18 92
1152 1 8 92
3694 17 1 93
255 14 2 93
3701 19 19 93
4065 18 19 93
5040 19 18 93
5266 17 19 93
1885 9 0 93
2737 17 16 93
2743 11 19 93
3801 11 18 93
2048 8 18 93
3237 2 19 93
3859 1 19 93
4647 1 18 93
4740 9 10 93
1951 8 10 93
550 9 18 93
520 10 18 93
1236 1 17 93
812 2 17 93
1327 3 17 93
2632 4 17 93
1376 19 1 94
1660 19 2 94
4591 19 3 94
867 15 17 94
1475 15 19 94
2457 16 19 94
2530 15 18 94
3595 16 18 94
3878 17 18 94
4110 18 18 94
4547 13 15 94
2322 11 11 94
3554 11 12 94
4874 8 11 94
2793 19 17 94
1829 18 17 94
2176 17 17 94
111 8 12 94
3 19 4 94
1257 18 4 94
3485 4 2 94
436 1 2 94
2478 19 8 95
3175 18 8 95
3380 18 3 95
3490 12 19 95
2266 12 17 95
1775 1 4 95
714 12 18 95
195 7 16 95
4324 18 1 96
4677 18 2 96
112 12 16 96
1631 6 18 96
760 5 18 96
3129 8 3 97
1243 7 5 97
3534 6 5 97
4697 5 5 97
574 7 12 97
389 10 12 97
1439 19 7 97
2470 3 6 97
