2433
1939 0 19 1
2924 1 19 1
2101 0 17 1
1108 3 19 1
1316 4 19 1
1448 3 18 1
2084 1 16 1
2160 0 0 1
397 2 0 1
800 0 2 1
833 3 0 1
747 2 2 1
769 0 4 1
659 4 17 1
1472 4 16 1
150 0 14 1
1604 2 14 1
2387 0 12 1
473 4 14 1
1515 2 12 1
3088 0 10 1
3322 1 5 1
3226 0 3 1
424 1 4 1
3465 3 2 1
1220 4 2 1
1828 5 2 1
3288 6 2 1
3482 7 2 1
599 4 0 1
1059 5 0 1
3057 6 0 1
1961 7 0 1
1338 0 1 1
2732 1 0 1
35 0 5 1
848 0 11 1
514 0 16 1
2212 0 15 1
2590 1 14 1
2261 1 15 1
337 2 19 1
2125 2 18 1
3511 0 18 1
1314 1 18 1
2385 1 17 1
3574 2 17 1
1565 3 14 1
124 4 18 1
133 5 19 1
960 5 18 1
1746 5 17 1
3037 5 16 1
2047 3 12 1
470 4 12 1
2504 0 13 1
2277 16 0 1
128 15 1 1
1131 17 0 1
1946 16 1 1
2774 13 0 1
3467 15 2 1
1241 18 0 1
3312 17 1 1
3421 16 2 1
3444 12 0 1
3565 13 1 1
74 15 3 1
3180 19 0 1
3513 18 1 1
1401 17 2 1
1301 16 3 1
1381 11 0 1
2151 12 1 1
3283 13 2 1
1309 15 4 1
1977 19 1 1
2721 18 2 1
3040 17 3 1
3350 16 4 1
3557 10 0 1
166 11 1 1
469 12 2 1
1076 13 3 1
1499 15 5 1
3337 19 2 1
3338 18 3 1
2180 17 4 1
2572 16 5 1
1993 9 0 1
3014 10 1 1
1529 11 2 1
1189 12 3 1
2764 13 4 1
411 15 6 1
582 19 3 1
706 18 4 1
1775 17 5 1
1896 16 6 1
2108 8 0 1
2442 9 1 1
2299 10 2 1
2312 11 3 1
2681 12 4 1
3451 13 5 1
3518 15 7 1
2930 19 4 1
2062 18 5 1
2238 17 6 1
3353 16 7 1
1362 8 1 1
2940 9 2 1
1333 10 3 1
2017 11 4 1
2474 12 5 1
332 13 6 1
2762 15 8 1
3281 19 5 1
3355 18 6 1
1613 17 7 1
2944 16 8 1
3437 8 2 1
709 9 3 1
2707 10 4 1
3232 11 5 1
623 12 6 1
65 13 7 1
752 10 5 1
1318 11 6 1
1460 12 7 1
2468 13 8 1
782 7 1 2
2565 6 1 2
3215 5 1 2
164 6 19 2
263 7 19 2
1303 6 18 2
2210 8 19 2
2622 7 18 2
244 6 16 2
375 10 19 2
2853 8 17 2
2795 3 17 2
2776 6 13 2
645 8 13 2
2263 8 14 2
1729 0 6 2
2266 2 6 2
1874 0 8 2
3582 4 6 2
980 1 12 2
2538 1 13 2
3055 2 13 2
1534 3 13 2
1747 4 13 2
1104 3 16 2
869 6 17 2
1985 7 17 2
3313 7 13 2
160 7 14 2
2164 6 14 2
1368 6 15 2
2056 8 18 2
2231 9 19 2
2411 9 18 2
3299 10 18 2
3573 4 5 2
353 3 6 2
293 3 5 2
1405 2 5 2
3500 7 3 2
1012 6 3 2
1390 5 3 2
3003 4 3 2
52 3 3 2
1526 4 1 2
1986 3 1 2
2445 2 1 2
1134 1 1 2
2700 1 2 2
967 0 7 2
459 1 6 2
1509 0 9 2
905 7 16 3
317 9 16 3
2539 10 16 3
500 19 19 3
695 17 19 3
606 16 19 3
155 15 19 3
734 14 19 3
57 13 19 3
3154 12 19 3
2592 18 19 3
102 9 17 3
616 10 17 3
417 7 15 3
1139 8 16 3
358 8 15 3
1001 9 15 3
1963 10 15 3
2048 11 15 3
3380 1 3 3
3147 2 3 3
3425 2 4 3
1028 3 4 3
2523 4 4 3
404 11 19 4
660 11 18 4
2973 12 18 4
3514 11 16 4
1100 14 18 4
3049 2 7 4
2121 1 9 4
2243 4 7 4
42 19 18 4
2650 19 17 4
181 17 18 4
29 18 18 4
1982 18 17 4
3260 17 17 4
2354 15 18 4
428 16 18 4
882 16 17 4
3111 15 17 4
756 13 18 4
1120 11 17 4
3464 12 15 4
1374 1 7 4
3459 1 8 4
107 2 8 4
1034 3 7 4
2801 3 8 4
3406 4 8 4
790 5 4 4
2285 6 4 4
3028 7 4 4
392 7 5 4
2563 6 5 4
2432 1 11 5
542 3 11 5
1081 4 11 5
2868 3 10 5
1105 6 12 5
2521 7 12 5
3022 5 5 5
3168 6 7 5
156 18 16 5
485 19 14 5
1414 16 16 5
2985 7 7 5
928 7 6 5
3562 6 6 5
1191 5 6 5
1337 5 7 5
2750 1 10 5
804 2 11 5
1447 2 10 5
3550 2 9 5
1148 3 9 5
264 8 12 5
2344 19 13 5
996 19 16 5
316 19 15 5
3164 18 15 5
850 17 16 5
1810 17 15 5
656 16 15 5
1836 15 16 5
199 12 16 5
641 12 17 5
1248 13 17 5
1564 14 17 5
2072 14 16 5
117 6 11 6
625 4 10 6
1184 4 9 6
1587 5 9 6
998 9 14 6
2843 10 14 6
2171 9 12 6
544 12 14 6
2408 11 12 6
2249 5 8 6
2402 6 8 6
2404 7 8 6
741 13 14 6
1287 14 14 6
828 14 13 6
2413 13 13 6
973 9 13 6
378 10 12 6
2316 10 13 6
457 11 14 6
2162 11 13 6
2588 12 13 6
1147 13 16 6
1335 13 15 6
2551 14 15 6
2876 15 15 6
283 15 14 6
386 7 10 7
1371 8 10 7
2113 7 11 7
3525 10 10 7
273 17 14 7
784 17 13 7
1818 17 12 7
3496 19 12 7
3517 15 13 7
957 18 10 7
1444 18 7 7
1559 18 8 7
1583 19 10 7
763 12 11 7
3303 13 10 7
1198 14 12 7
2815 16 11 7
1469 16 14 7
1753 16 13 7
2152 16 12 7
2943 15 12 7
3179 15 11 7
680 12 12 7
1523 13 12 7
796 13 11 7
192 19 11 7
1568 18 14 7
1662 18 13 7
1023 18 12 7
1672 18 11 7
1710 17 11 7
2448 12 10 7
2528 11 10 7
227 11 11 7
1773 10 11 7
1479 8 11 7
1947 9 11 7
1489 13 0 7
1216 9 10 8
991 12 0 8
3325 11 0 8
552 14 11 8
2218 14 10 8
2857 15 10 8
1006 16 10 8
3447 17 10 8
56 14 0 8
2014 15 7 9
3186 15 6 9
1563 14 4 9
2796 8 0 9
1230 10 0 9
1912 10 2 9
3319 19 4 9
1592 17 4 9
766 9 0 9
2577 19 6 10
3217 19 7 10
1929 17 8 10
2831 17 5 10
3555 17 6 10
2752 16 4 10
3199 19 3 10
388 17 3 10
3105 17 2 10
3121 8 1 10
995 11 2 10
3512 10 3 10
1732 12 4 10
1323 14 3 10
2441 19 1 10
2656 16 1 10
2761 19 0 10
3129 17 1 10
673 19 2 10
776 19 8 10
913 19 9 10
1293 18 9 10
3221 17 9 10
727 0 19 11
2968 1 19 11
373 1 17 11
1654 12 8 11
2477 11 8 11
3328 10 8 11
2525 8 8 11
335 10 6 11
543 8 6 11
2142 8 4 11
2668 15 9 11
2433 16 9 11
3046 16 8 11
664 19 5 11
1050 8 2 11
2484 12 6 11
2786 13 6 11
2232 11 5 11
919 10 4 11
1365 16 3 11
2182 12 2 11
1780 14 2 11
2578 18 6 11
3145 18 5 11
983 18 4 11
1250 18 3 11
3059 18 2 11
979 18 1 11
1910 18 0 11
2184 17 0 11
2291 16 0 11
2253 8 3 11
1181 8 5 11
24 8 7 11
527 9 8 11
501 11 4 11
3510 11 3 11
1355 12 3 11
1166 12 5 11
1782 13 5 11
724 13 4 11
1925 13 3 11
2717 13 2 11
587 16 2 11
2192 17 7 11
46 16 7 11
198 16 6 11
1838 16 5 11
2105 15 8 11
3175 0 18 12
3446 1 18 12
2449 7 6 12
2630 7 8 12
1760 13 8 12
3320 13 7 12
3112 11 6 12
3123 10 5 12
1481 12 1 12
3165 14 1 12
456 12 7 12
950 11 7 12
2767 10 7 12
1533 9 7 12
3067 9 6 12
3272 9 5 12
288 9 4 12
2503 9 3 12
2989 9 2 12
366 9 1 12
1719 10 1 12
525 11 1 12
2501 11 0 12
342 12 0 12
1408 13 1 12
1476 13 0 12
2770 14 0 12
48 0 17 12
314 0 0 13
467 1 0 13
1428 0 1 13
2475 3 19 13
1704 2 17 13
1808 5 19 13
2637 1 16 13
2835 7 4 13
3027 7 5 13
2139 0 16 13
204 0 15 13
559 1 15 13
182 2 16 13
3536 2 15 13
2064 3 15 13
2610 4 15 13
2369 2 19 13
661 2 18 13
729 3 18 13
636 4 19 13
185 4 18 13
443 7 0 14
1205 6 0 14
1395 5 0 14
1655 4 0 14
2102 3 0 14
2586 2 0 14
1030 0 2 14
1436 0 3 14
83 2 1 15
1194 3 1 15
1855 2 2 15
1932 3 2 15
2457 2 3 15
2718 3 3 15
2855 7 2 15
2492 5 2 15
3460 5 3 15
1683 0 5 15
1021 0 4 15
521 1 1 15
768 1 2 15
1164 1 3 15
777 1 4 15
2806 2 4 15
2825 3 4 15
2221 7 3 15
2328 4 1 16
2601 5 1 16
141 7 1 16
406 7 16 16
944 13 17 16
1209 14 17 16
2380 13 16 16
2733 4 2 16
3399 4 3 16
3066 4 4 16
633 5 4 16
3364 6 1 16
1038 6 2 16
1724 6 3 16
865 6 4 16
890 6 5 16
1989 6 6 16
2078 5 6 16
3379 5 7 16
2807 17 9 16
1623 17 10 16
2938 16 10 16
2438 14 11 16
2988 6 19 17
3346 7 19 17
593 6 17 17
1628 9 19 17
1735 7 17 17
3478 8 16 17
94 9 17 17
331 6 11 17
339 14 16 17
3542 4 10 17
2085 7 10 17
2251 6 10 17
2141 6 8 17
1289 7 11 17
2154 6 18 17
2632 7 18 17
3347 8 19 17
3297 8 18 17
398 9 18 17
594 6 16 18
1766 6 15 18
1879 3 16 18
2778 4 16 18
79 1 7 18
1160 2 7 18
951 2 9 18
1174 4 8 18
2398 13 18 18
1706 16 17 18
231 2 16 18
2446 5 18 18
1259 7 15 18
1638 8 15 18
1157 16 18 18
3042 14 18 18
2530 15 18 18
1486 15 17 18
2794 15 16 18
2134 0 14 19
2641 2 15 19
183 2 10 19
1520 3 7 19
448 8 10 19
224 11 11 19
2080 11 10 19
2888 15 8 19
681 16 7 19
1625 16 6 19
1902 14 6 19
2076 2 14 20
564 0 13 20
2611 3 15 20
3538 1 10 20
2112 11 17 20
1086 2 11 20
88 4 11 20
51 17 14 20
1807 16 14 20
1185 18 12 20
1831 17 12 20
2270 17 9 20
1998 16 5 20
894 14 5 20
87 3 11 20
1276 3 10 20
1082 1 9 20
2437 1 8 20
789 2 8 20
831 3 8 20
2103 3 9 20
3571 4 9 20
964 3 14 20
2617 4 15 20
3096 19 12 20
146 18 14 20
1052 0 19 21
1569 1 19 21
2140 2 19 21
1506 0 17 21
618 0 11 21
1111 0 12 21
3206 11 16 21
121 9 14 21
487 10 14 21
3454 9 13 21
163 7 11 21
2320 8 11 21
2963 16 12 21
3485 19 11 21
579 18 9 21
3445 19 9 21
2527 17 8 21
1457 17 5 21
3369 14 0 21
1922 0 16 21
3162 0 15 21
3332 1 15 21
3068 1 14 21
615 1 11 21
972 1 12 21
239 1 13 21
901 2 13 21
1478 4 7 21
2335 9 11 21
2751 10 11 21
2992 10 10 21
3302 10 13 21
1862 11 14 21
1830 11 13 21
2851 12 13 21
1942 12 12 21
2850 13 12 21
413 0 18 22
1049 11 19 22
1851 11 18 22
702 8 12 22
810 12 8 22
1554 11 8 22
468 9 8 22
1452 8 0 22
3144 9 0 22
827 19 10 22
159 17 11 22
189 13 11 22
1292 19 8 22
3344 18 8 22
2658 19 6 22
2367 17 6 22
2531 16 4 22
2820 19 7 22
3282 17 7 22
354 18 7 22
1060 18 6 22
1093 18 5 22
1858 18 4 22
912 10 8 22
947 7 12 22
814 6 12 22
1816 18 11 22
1790 18 10 22
2639 17 10 22
2599 16 10 22
2378 14 11 22
2340 0 0 23
16 3 19 23
614 4 19 23
2506 7 6 23
306 19 19 23
1635 18 19 23
1956 18 18 23
722 8 8 23
2382 6 8 23
3240 19 3 23
349 0 1 24
1306 1 1 24
1433 1 2 24
2293 1 3 24
3298 7 0 24
1524 4 15 24
1988 10 19 24
2082 5 5 24
2077 13 8 24
2694 13 7 24
562 9 16 24
1541 19 18 24
1959 19 17 24
364 5 7 24
2839 18 14 24
2325 8 1 24
1530 19 2 24
1217 18 1 24
965 16 2 24
455 17 3 24
419 12 7 24
806 11 7 24
1685 5 8 24
177 5 6 24
2561 1 0 24
1173 18 13 24
868 17 13 24
3361 16 13 24
1370 19 16 24
1949 19 15 24
2746 18 15 24
2296 18 17 24
169 17 17 24
1290 17 16 24
3581 17 15 24
1064 16 15 24
2545 1 18 25
1168 3 18 25
1658 0 2 25
3556 0 3 25
1975 3 0 25
2901 4 0 25
2170 2 2 25
2341 2 3 25
1053 4 2 25
2486 4 14 25
1761 7 2 25
175 12 19 25
2898 13 19 25
402 15 19 25
298 8 6 25
50 8 7 25
1128 9 7 25
2947 10 7 25
1268 9 1 25
575 13 2 25
66 3 14 25
1121 2 18 25
154 0 4 25
233 1 4 25
278 2 4 25
201 2 0 25
717 2 1 25
472 12 18 25
1347 17 19 25
2452 16 19 25
1403 16 18 25
2321 14 19 25
2771 4 1 26
412 5 2 26
906 5 0 26
2867 4 3 26
1252 2 13 26
3539 7 3 26
3104 12 17 26
3566 13 1 26
2685 10 0 26
2143 8 5 26
2196 8 4 26
2844 8 3 26
1595 10 2 26
1915 12 3 26
365 19 4 26
821 12 5 26
2581 9 2 26
946 10 1 26
646 13 0 26
2773 12 0 26
320 11 0 26
1701 11 1 26
333 11 2 26
374 13 5 26
490 3 13 26
2693 4 13 26
2598 3 1 26
611 3 2 26
1615 3 3 26
1633 3 4 26
3532 4 4 26
617 5 1 26
1061 6 0 26
1451 0 15 27
2836 0 16 27
207 2 16 27
598 4 18 27
818 6 19 27
2071 7 19 27
2174 6 18 27
1092 8 17 27
3169 6 13 27
3462 7 13 27
2636 7 16 27
2177 7 1 27
498 7 4 27
1005 7 5 27
2460 12 16 27
3136 14 17 27
3036 1 13 27
1300 5 19 27
1715 5 18 27
2659 6 1 27
2951 6 2 27
703 6 3 27
826 5 3 27
218 5 4 27
368 6 4 27
1805 6 5 27
2706 6 6 27
2805 6 7 27
3194 7 7 27
410 7 8 27
2669 13 17 27
2725 14 18 27
1903 7 17 28
2614 6 17 28
2948 8 19 28
3342 6 14 28
1437 8 16 28
770 13 12 28
2274 12 12 28
3152 12 13 28
2589 13 16 28
2690 19 1 28
2739 14 4 28
969 19 0 28
1577 18 0 28
1114 5 17 28
2652 4 17 28
422 6 16 28
1593 6 15 28
2520 7 18 28
2633 8 18 28
648 9 19 28
701 0 14 29
783 1 14 29
917 2 15 29
3115 8 13 29
1322 7 15 29
416 9 17 29
1728 6 12 29
2459 3 10 29
2355 5 10 29
643 14 16 29
1606 9 11 29
1745 11 7 29
2217 11 6 29
2463 15 9 29
3385 18 2 29
3266 17 0 29
25 17 4 29
172 14 1 29
2748 10 7 29
3256 10 6 29
2723 9 6 29
862 4 10 29
3476 1 15 29
822 1 16 29
34 7 14 29
1582 8 14 29
22 8 15 29
165 9 15 29
1430 9 18 29
426 14 13 30
966 13 13 30
2880 14 14 30
1419 1 8 30
2792 2 8 30
3490 3 8 30
246 5 8 30
1555 12 18 30
678 13 17 30
1327 8 10 30
1473 14 10 30
1112 14 7 30
3561 16 0 30
1404 13 18 30
1610 14 18 30
2627 2 14 30
119 13 14 30
2822 12 14 30
2909 0 19 31
3143 1 19 31
1572 0 13 31
1844 1 13 31
2036 3 14 31
2087 3 13 31
2634 4 13 31
3431 3 11 31
1463 2 10 31
2900 7 10 31
1130 16 18 31
1261 16 17 31
1994 17 7 31
2414 16 7 31
2829 16 6 31
3334 19 5 31
693 14 6 31
3056 18 7 31
1163 18 6 31
1312 18 5 31
1898 18 4 31
2 18 3 31
291 17 3 31
401 17 2 31
529 17 1 31
976 16 1 31
2481 17 17 31
2564 15 18 31
2129 15 17 31
2863 15 16 31
2003 2 7 32
215 0 7 32
361 0 18 32
1676 0 17 32
895 3 15 32
1899 4 7 32
1015 4 8 32
1739 1 7 32
235 0 0 33
217 0 6 33
243 1 6 33
3134 0 5 33
1014 2 5 33
2653 0 11 33
3182 1 11 33
997 10 18 33
2939 10 16 33
3187 7 12 33
93 12 7 33
371 12 8 33
812 11 8 33
988 8 2 33
1385 10 15 33
114 10 17 33
674 0 12 33
2374 1 12 33
26 0 4 33
3004 2 6 33
2179 3 7 33
148 3 6 33
820 3 5 33
1517 3 19 34
1668 4 19 34
3468 5 19 34
1089 4 17 34
3363 0 1 34
1058 1 2 34
3418 2 0 34
229 7 0 34
2734 5 3 34
940 7 6 34
2983 9 14 34
1504 10 8 34
3025 10 7 34
3207 10 6 34
3270 12 6 34
1412 13 6 34
1429 13 5 34
2122 0 8 34
3390 2 11 34
1980 2 12 34
3570 3 12 34
2840 2 19 34
811 5 18 34
2213 5 17 34
3491 1 0 34
1398 1 1 34
1661 2 1 34
2476 6 0 34
2248 10 14 34
1514 11 14 34
1085 1 18 35
854 1 3 35
3026 4 15 35
1237 19 19 35
86 0 9 35
630 5 5 35
3157 5 6 35
1296 4 10 35
1421 7 11 35
3150 8 11 35
3330 9 13 35
3520 9 8 35
520 8 0 35
1602 9 0 35
2176 9 1 35
3436 12 11 35
1695 9 2 35
395 10 1 35
1240 16 19 35
232 17 19 35
254 18 19 35
1037 18 18 35
2454 8 12 35
2720 9 12 35
1146 3 1 36
2371 3 2 36
2859 3 3 36
420 0 10 36
2313 16 13 36
2395 18 11 36
1578 9 4 36
3327 13 10 36
1682 9 3 36
222 19 11 36
2083 16 12 36
586 1 10 36
847 1 9 36
898 2 9 36
1839 3 9 36
3472 4 9 36
1882 5 9 36
345 0 15 37
3015 1 15 37
1222 5 2 37
1551 7 7 37
1631 7 8 37
1645 9 10 37
2473 8 8 37
3411 8 7 37
2517 19 9 37
1570 17 11 37
1884 10 4 37
1340 9 7 37
1505 9 6 37
1608 9 5 37
891 10 5 37
129 11 5 37
923 10 3 37
568 19 10 37
81 0 16 37
321 0 2 37
654 0 3 37
639 0 4 37
3246 1 5 38
122 5 0 38
202 19 16 38
2109 18 16 38
1435 11 13 38
1756 11 12 38
2847 11 11 38
1688 13 11 38
256 11 8 38
692 12 8 38
3324 13 8 38
523 11 0 38
2430 17 8 38
2798 16 3 38
2110 19 3 38
2016 11 1 38
2405 13 7 38
294 13 6 38
1378 13 5 38
3203 19 15 38
2749 18 15 38
1647 1 4 38
907 2 4 38
1283 6 0 38
2672 12 10 38
481 11 10 38
41 10 13 38
2026 10 12 38
3205 10 11 38
603 7 17 39
2728 6 19 39
817 0 14 39
2039 1 17 39
3174 2 17 39
3395 1 16 39
3530 3 17 39
524 8 13 39
3515 4 3 39
82 4 12 39
1475 18 9 39
926 19 7 39
1924 14 3 39
308 14 1 39
597 19 8 39
1008 18 8 39
1281 18 7 39
12 13 3 39
1968 3 0 39
852 4 0 39
765 4 1 39
2655 5 1 39
3065 3 12 40
188 1 14 40
595 6 15 40
3456 7 19 40
534 9 19 40
1656 8 17 40
1864 6 13 40
2812 7 3 40
1510 4 11 40
2130 9 16 40
2364 18 18 40
3579 14 14 40
688 16 15 40
1712 17 13 40
1617 13 4 40
3304 17 5 40
546 18 3 40
987 19 18 40
1776 19 17 40
866 18 17 40
1528 17 17 40
2391 17 16 40
1716 7 13 40
2435 8 19 40
1731 10 19 40
1842 11 19 40
522 11 14 40
959 6 12 40
444 12 4 40
2061 0 19 41
3498 1 19 41
3455 7 18 41
303 8 14 41
1558 4 5 41
1795 4 6 41
338 0 8 41
408 2 8 41
1853 5 10 41
2319 11 18 41
503 3 10 41
653 4 8 41
2224 5 7 41
2557 18 15 41
3024 18 14 41
2199 18 13 41
1599 13 2 41
3086 14 2 41
1540 19 15 41
2314 19 14 41
2731 19 13 41
2022 17 15 41
1384 6 18 41
2214 6 17 41
935 6 16 41
265 6 14 41
370 7 14 41
326 8 18 41
2667 9 18 41
274 9 17 41
380 10 17 41
248 7 1 42
2885 1 7 42
3505 3 5 42
1556 12 18 42
1667 13 18 42
2220 5 8 42
1307 12 14 42
2919 19 11 42
3501 15 10 42
312 8 1 42
1232 8 2 42
938 9 2 42
1560 9 3 42
2383 10 3 42
152 19 6 42
2496 19 10 42
1714 18 10 42
2976 19 12 42
2756 18 12 42
3494 17 12 42
55 16 12 42
1600 8 16 42
1387 7 16 42
2535 7 15 42
3052 8 15 42
3449 9 15 42
383 10 15 42
151 13 14 42
1319 1 8 42
2287 0 0 43
2329 0 12 43
1914 3 11 43
2609 2 16 43
3257 3 16 43
1213 3 14 43
2821 7 4 43
1046 2 6 43
1366 11 16 43
1440 13 17 43
2729 14 16 43
3132 9 12 43
3285 12 13 43
1180 14 11 43
1962 11 7 43
3197 15 9 43
97 17 6 43
3315 18 6 43
2874 13 1 43
2660 13 5 43
737 13 6 43
2597 12 6 43
2809 11 6 43
2826 11 5 43
1142 12 12 43
2050 14 13 43
954 13 13 43
2451 13 12 43
2009 14 12 43
213 2 7 43
1183 3 6 43
75 0 13 43
2193 3 19 44
478 5 19 44
2760 1 6 44
1225 4 2 44
3140 3 13 44
2964 1 13 44
1889 4 16 44
2995 18 19 44
2856 7 5 44
3172 13 16 44
619 14 17 44
1325 8 10 44
573 9 11 44
1793 14 10 44
1145 19 1 44
2562 19 0 44
1634 18 0 44
494 14 18 44
1588 2 19 44
1888 4 19 44
1257 0 7 44
220 0 6 44
2246 0 16 45
2400 0 1 45
3572 0 2 45
318 0 5 45
1459 4 17 45
1622 2 5 45
3196 1 12 45
2038 1 10 45
1519 4 15 45
1666 4 14 45
1397 17 19 45
1083 7 10 45
2743 14 7 45
2918 10 0 45
2515 16 5 45
3166 14 5 45
45 17 0 45
857 12 2 45
2370 4 13 45
576 0 17 45
3103 0 18 45
829 1 18 45
3201 2 18 45
941 3 18 45
588 4 18 45
2514 5 18 45
377 5 17 45
3083 5 16 45
101 5 15 45
1501 5 14 45
1669 2 0 46
2409 3 0 46
2793 2 1 46
3349 4 0 46
629 1 3 46
1777 0 3 46
1941 11 19 46
3474 10 19 46
299 7 2 46
1894 19 19 46
1400 11 15 46
2194 16 19 46
2510 16 18 46
1207 17 16 46
667 8 4 46
3135 17 10 46
2848 19 6 46
1201 16 6 46
1757 14 4 46
184 16 0 46
197 8 3 46
844 8 5 46
644 19 5 46
2088 18 5 46
696 18 4 46
779 0 4 46
488 1 0 46
740 1 1 46
2158 1 2 46
1115 17 9 46
451 17 15 46
1360 17 14 46
2283 10 18 46
571 9 18 46
1095 9 17 46
1804 19 18 46
3487 17 18 46
1432 3 15 47
2123 7 0 47
936 5 5 47
1263 5 6 47
1809 8 12 47
1887 19 17 47
990 14 6 47
532 10 1 47
538 1 5 48
2708 2 3 48
1507 3 1 48
1774 4 1 48
2493 5 1 48
3265 5 2 48
63 4 7 48
1033 3 7 48
1905 3 8 48
2041 6 12 48
2237 7 12 48
2467 4 10 48
2593 7 7 48
846 9 13 48
1264 10 13 48
1172 16 12 48
3321 9 10 48
982 8 8 48
1733 8 7 48
1057 9 8 48
1202 9 7 48
1567 9 6 48
2415 9 5 48
1413 8 11 48
1480 7 11 48
602 7 8 48
27 1 4 48
832 2 4 48
2393 2 2 48
739 3 2 48
2533 3 3 48
1286 17 12 49
1957 18 12 49
2052 19 12 49
3072 1 11 49
289 5 3 49
874 7 6 49
1357 16 14 49
2081 11 10 49
803 8 0 49
984 9 0 49
3381 9 1 49
904 13 7 49
3417 12 7 49
3537 13 6 49
580 10 5 49
1921 19 3 49
379 12 6 49
92 19 2 49
2813 18 2 49
2932 0 11 49
3047 0 10 49
578 0 9 49
1420 5 0 49
723 6 0 49
1450 19 13 49
2546 19 14 49
327 19 15 49
1897 19 16 49
2974 18 16 49
311 18 17 49
1637 17 17 49
1991 16 9 49
3274 16 10 49
323 6 19 50
1171 6 18 50
1908 6 17 50
2054 7 17 50
2884 6 16 50
53 3 12 50
3523 17 11 50
329 9 14 50
974 10 14 50
3400 11 14 50
2379 10 11 50
601 10 4 50
2303 16 8 50
705 10 10 50
134 7 16 50
272 10 12 50
489 11 13 50
2345 0 19 51
1833 2 19 51
2877 0 17 51
324 2 17 51
1116 3 17 51
1493 0 13 51
2339 0 14 51
748 2 15 51
824 16 13 51
1334 16 11 51
362 12 12 51
2035 16 4 51
1075 17 4 51
1971 0 18 51
2149 1 19 51
277 15 11 51
1277 11 12 51
1859 11 11 51
1178 8 13 52
1547 7 13 52
3407 7 14 52
1266 7 19 52
1458 8 19 52
1466 7 18 52
1981 8 18 52
1262 0 15 52
2464 13 8 52
2824 12 8 52
3575 11 8 52
1644 18 11 52
699 9 5 52
825 9 6 52
873 10 8 52
536 9 8 52
2699 18 10 52
1552 19 10 52
2257 8 14 53
2338 0 0 53
704 15 19 53
958 4 3 53
43 3 5 53
2215 3 6 53
3041 0 6 53
3402 0 7 53
561 2 7 53
367 19 9 53
437 19 8 53
533 10 3 53
3089 11 0 53
96 1 7 53
668 4 6 53
925 4 5 53
195 7 1 53
1727 2 18 54
2058 3 18 54
3366 9 19 54
1275 10 18 54
1819 12 18 54
823 14 19 54
1324 0 12 54
1492 0 11 54
2595 0 10 54
956 1 8 54
2453 4 13 54
1084 5 10 54
423 5 8 54
981 18 0 54
3127 17 2 54
223 8 5 54
1103 8 6 54
3371 8 7 54
863 9 7 54
1382 10 7 54
1532 10 6 54
2645 11 6 54
206 11 5 54
1948 18 2 54
836 18 1 54
961 17 1 54
1796 17 3 54
1278 0 8 54
2168 0 9 54
864 1 18 54
1265 1 17 54
537 2 8 54
834 3 19 54
276 9 18 54
111 6 13 55
131 8 15 55
2025 3 16 55
2810 5 19 55
1080 4 2 55
1812 3 11 55
1919 11 18 55
838 4 12 55
1003 12 10 55
2511 11 4 55
391 13 3 55
861 11 1 55
1461 9 4 55
2066 9 3 55
3287 9 2 55
640 10 2 55
1718 12 4 55
452 12 3 55
2342 11 3 55
1996 2 16 55
1703 0 16 55
458 1 16 55
1179 1 15 55
2594 4 19 55
871 6 14 55
510 6 15 55
1056 7 15 55
1502 7 16 55
69 0 1 56
271 1 1 56
816 0 2 56
1302 2 1 56
1579 1 2 56
1823 2 2 56
2606 9 15 56
2987 10 15 56
3358 10 16 56
98 8 16 56
2618 19 14 56
2865 19 15 56
3208 17 14 56
1297 3 14 56
1200 7 3 56
2353 3 10 56
2419 4 8 56
2769 16 16 56
3247 5 7 56
719 18 8 56
58 16 2 56
2288 16 1 56
258 3 13 56
3484 7 4 56
3095 1 0 56
3200 2 0 56
2144 19 16 56
3453 17 15 56
742 1 7 57
1512 1 6 57
1764 2 6 57
2053 2 5 57
2928 7 0 57
1311 0 5 57
1482 0 4 57
2537 5 18 57
600 1 13 57
745 9 16 57
2870 4 11 57
3293 14 12 57
3329 19 11 57
3062 19 10 57
1255 18 10 57
1878 18 9 57
475 1 14 57
1117 2 14 57
1377 2 13 57
1951 4 18 57
845 0 3 58
1009 1 3 58
2956 2 3 58
3244 1 5 58
3552 19 13 58
2899 10 19 58
3391 11 19 58
3435 12 19 58
1346 12 17 58
1911 7 1 58
2308 1 10 58
3093 5 4 58
930 4 6 58
1783 5 6 58
1017 14 3 58
2386 14 2 58
492 19 7 58
698 18 7 58
1456 13 19 58
405 1 9 58
396 5 17 58
915 1 4 58
3242 2 4 58
10 18 13 59
1789 18 19 59
2388 17 18 59
212 13 17 59
1018 14 16 59
1244 9 12 59
1648 14 14 59
1768 14 13 59
2256 8 1 59
3292 8 2 59
920 19 5 59
1122 18 5 59
2727 19 4 59
1282 13 2 59
2462 14 1 59
2518 18 4 59
2362 17 4 59
2962 17 3 59
2343 16 3 59
3359 18 14 59
1279 13 18 59
3 14 18 59
977 6 19 60
415 6 16 60
753 6 15 60
1933 4 0 60
2902 3 2 60
2927 5 2 60
13 5 16 60
808 5 15 60
2065 19 19 60
1096 7 2 60
1041 7 4 60
1624 1 11 60
530 8 12 60
3073 8 11 60
149 12 14 60
1305 8 3 60
2191 6 18 60
3564 6 17 60
1474 1 12 60
792 3 15 60
1426 3 3 60
1521 6 0 60
2978 5 0 60
805 13 14 60
2428 13 12 60
733 13 13 60
1097 12 13 60
2425 0 19 61
2712 3 13 61
1561 12 16 61
1598 19 16 61
2280 19 17 61
2392 18 15 61
2612 5 3 61
1022 17 19 61
2363 16 19 61
3053 16 18 61
1891 7 5 61
1379 9 14 61
1652 10 14 61
1867 10 10 61
2005 12 11 61
2705 19 18 61
158 18 18 61
3551 3 12 61
2169 11 14 61
1047 11 13 61
2166 0 18 62
3261 1 18 62
208 0 16 62
2866 18 17 62
3480 16 17 62
2427 7 6 62
173 7 11 62
3367 16 14 62
2666 11 12 62
3012 8 0 62
2871 14 6 62
1618 18 16 62
59 17 17 62
651 17 16 62
190 17 15 62
1386 16 15 62
1709 13 16 62
962 0 17 62
76 1 19 62
241 10 12 62
3141 10 11 62
1048 11 11 62
1869 11 10 62
2295 8 13 63
2436 7 13 63
2587 8 14 63
3504 0 0 63
319 2 17 63
407 2 16 63
2631 3 4 63
3209 4 7 63
1636 7 12 63
1955 6 12 63
2165 7 10 63
1865 4 10 63
1940 7 7 63
2722 7 8 63
2185 14 11 63
2202 17 13 63
772 18 10 63
1527 16 9 63
1725 15 8 63
3171 10 0 63
1351 11 5 63
840 10 1 63
1883 9 0 63
2915 9 1 63
1228 18 9 63
596 6 14 63
2458 7 14 63
3183 7 15 63
486 7 16 63
837 19 12 63
1470 18 12 63
1660 1 17 63
1814 1 16 63
1969 13 11 63
3008 13 10 63
73 1 0 64
1102 2 0 64
2547 3 0 64
1918 3 19 64
3177 3 17 64
2279 0 13 64
2893 0 14 64
1054 6 18 64
439 8 18 64
1272 8 19 64
1234 15 19 64
3404 15 18 64
888 13 6 64
1138 12 6 64
1649 13 7 64
1815 11 6 64
700 8 10 64
2990 16 10 64
2952 16 8 64
2068 6 17 64
502 7 19 64
32 7 18 64
2195 9 19 64
3568 2 19 64
1032 2 18 64
1696 3 18 64
2426 4 19 64
2603 3 3 64
200 4 3 64
2416 4 4 64
257 3 15 65
2011 2 15 65
3138 9 18 65
460 4 5 65
1392 5 5 65
3235 2 8 65
628 16 13 65
2201 12 7 65
2808 11 7 65
1025 9 7 65
2887 11 5 65
839 19 6 65
1997 16 6 65
3005 14 5 65
1182 8 7 65
40 19 3 65
47 19 2 65
480 18 2 65
1673 18 1 65
2960 19 7 65
3013 10 18 65
751 0 2 66
3082 1 2 66
3548 0 1 66
384 6 13 66
1847 6 14 66
446 11 17 66
2333 9 15 66
64 13 8 66
3054 12 8 66
3098 11 8 66
2227 16 11 66
15 8 6 66
322 8 5 66
3085 8 4 66
610 17 6 66
738 16 0 66
942 9 8 66
17 10 8 66
142 10 7 66
191 18 6 66
2800 11 16 66
608 7 14 66
1664 0 15 66
1880 1 15 66
2375 1 1 66
1544 2 2 66
798 2 1 66
2702 3 1 66
1151 3 16 67
2714 7 15 67
3308 7 16 67
1396 7 0 67
1445 5 0 67
1938 1 12 67
2264 0 6 67
3058 1 6 67
801 0 8 67
2092 3 5 67
2926 19 15 67
216 13 19 67
2042 9 13 67
1035 11 13 67
1573 18 12 67
453 18 7 67
2604 13 1 67
507 17 0 67
3558 17 1 67
1477 16 1 67
1801 17 12 67
104 8 15 67
54 14 19 67
226 0 12 67
558 0 11 67
2673 0 10 67
2936 0 9 67
728 0 7 67
548 3 6 67
116 6 0 67
927 10 13 67
1781 10 12 67
2372 10 11 67
2524 11 11 67
3489 11 10 67
1487 5 19 68
2033 5 18 68
2640 0 3 68
3189 0 5 68
1411 3 14 68
584 5 14 68
2189 1 7 68
683 18 11 68
2306 10 5 68
474 16 5 68
1199 16 4 68
773 10 6 68
1350 9 6 68
2332 9 5 68
2365 17 4 68
1708 17 3 68
565 17 11 68
3223 17 10 68
1029 1 8 68
3252 1 9 68
330 0 4 68
3167 5 17 68
2543 4 19 68
2403 4 4 69
726 2 14 69
1031 3 12 69
1211 9 17 69
2682 7 3 69
505 11 18 69
1581 19 7 69
953 19 10 69
3237 16 3 69
2789 18 19 69
809 18 18 69
1740 17 18 69
440 6 19 70
540 2 1 70
2074 2 2 70
3100 4 2 70
1000 1 4 70
2568 1 5 70
851 19 11 70
2450 19 12 70
430 18 13 70
1271 5 10 70
3450 2 10 70
2621 12 18 70
2875 14 18 70
3569 14 17 70
775 14 12 70
1863 10 4 70
242 13 5 70
2675 11 3 70
1455 9 4 70
1434 12 5 70
2912 19 13 70
541 19 14 70
31 7 19 70
2677 7 18 70
2397 13 18 70
3160 15 17 70
1320 1 3 70
2961 0 19 71
2616 4 0 71
2324 9 19 71
682 1 14 71
3452 1 13 71
3094 4 8 71
3296 4 11 71
631 9 1 71
3224 8 1 71
2439 8 2 71
2337 10 3 71
1224 9 3 71
2534 9 2 71
574 10 2 71
3481 11 2 71
414 6 15 71
2967 6 16 71
3503 6 17 71
539 7 17 71
3466 8 17 71
999 12 19 71
2037 11 19 71
2267 10 19 71
553 10 18 71
849 9 12 71
620 13 14 71
819 14 14 71
2969 14 13 71
835 13 13 71
1308 12 13 71
6 1 15 72
2136 1 16 72
2384 1 17 72
2827 1 19 72
519 7 1 72
1165 3 13 72
171 12 17 72
2075 14 16 72
758 5 7 72
1336 16 16 72
3118 12 12 72
482 19 8 72
2133 17 9 72
2317 17 3 72
2680 19 5 72
880 11 0 72
2529 19 9 72
3362 18 9 72
325 18 8 72
929 17 8 72
1098 17 7 72
2228 16 7 72
3029 13 17 72
60 2 13 72
1402 2 12 72
418 2 11 72
1004 3 11 72
1144 3 10 72
1415 13 12 72
1446 13 11 72
3457 18 6 72
3339 2 19 73
67 4 1 73
1119 5 2 73
1467 2 4 73
2096 0 10 73
3130 1 10 73
3163 11 16 73
1906 5 13 73
2837 5 4 73
626 19 18 73
2240 18 15 73
3376 18 14 73
3405 5 8 73
1066 15 16 73
2118 12 10 73
663 18 5 73
1167 13 2 73
1072 18 0 73
1495 14 1 73
356 17 10 73
931 17 11 73
1043 17 12 73
1575 16 12 73
1285 13 16 73
2100 12 16 73
2689 0 9 73
885 1 9 73
1690 2 9 73
1442 2 5 73
3486 5 1 73
1995 6 1 73
1206 13 10 73
1154 17 0 73
157 0 15 74
162 0 16 74
269 0 17 74
1671 0 0 74
2906 1 1 74
3087 5 17 74
1513 7 13 74
2931 8 13 74
3410 5 15 74
209 3 6 74
554 4 6 74
642 5 6 74
1787 19 19 74
2791 18 19 74
666 16 19 74
2502 18 17 74
2785 17 14 74
3119 13 4 74
2745 11 4 74
285 12 4 74
1153 19 17 74
136 19 16 74
948 18 16 74
2349 15 17 74
1576 18 18 74
1904 17 19 74
2086 17 18 74
2440 16 18 74
2507 16 17 74
2552 17 17 74
2955 17 16 74
3161 17 15 74
2043 7 14 74
3269 8 14 74
281 2 6 74
450 5 16 74
1063 0 18 74
1893 1 18 74
662 1 0 74
2945 2 0 74
604 3 0 74
1326 3 1 74
1699 3 2 74
203 3 19 75
310 4 19 75
2455 3 18 75
1591 8 15 75
590 7 5 75
2161 16 14 75
2167 17 5 75
399 17 2 75
3176 16 2 75
2323 17 4 75
1516 18 4 75
3424 19 4 75
764 16 15 75
1674 9 18 75
3243 10 18 75
2816 7 2 75
2447 0 1 76
14 4 7 76
33 7 6 76
1642 10 11 76
2670 8 0 76
3234 9 0 76
3386 8 1 76
363 19 3 76
649 19 2 76
1219 14 4 76
555 13 3 76
1596 14 2 76
2029 8 2 76
677 12 3 76
2596 14 3 76
2998 3 17 77
3204 3 16 77
3146 6 13 77
878 6 15 77
1698 8 14 77
214 6 17 77
506 3 4 77
1806 7 4 77
2709 1 8 77
1361 3 7 77
2067 9 14 77
712 10 10 77
72 6 16 77
3352 6 14 77
78 7 14 77
3038 7 15 77
1394 3 8 77
877 7 0 78
2235 6 0 78
3577 9 15 78
1737 5 11 78
2499 7 12 78
1772 7 10 78
635 14 6 78
592 19 4 78
296 18 4 78
767 18 3 78
3374 18 2 78
794 18 1 78
2852 11 17 78
563 0 14 78
921 0 13 78
341 5 19 79
1294 5 18 79
2958 4 18 79
3420 6 18 79
115 8 17 79
1039 0 7 79
2091 5 0 79
3034 0 11 79
355 2 12 79
1107 5 3 79
1571 4 10 79
1091 7 11 79
70 10 1 79
511 9 1 79
2406 0 12 79
3000 1 12 79
3069 1 11 79
3409 2 11 79
1659 4 17 79
2999 4 16 79
3439 5 1 79
120 1 2 80
757 1 3 80
1834 6 19 80
1443 8 19 80
1974 8 18 80
3442 3 11 80
1439 7 7 80
1927 7 8 80
168 11 14 80
572 8 11 80
802 8 12 80
2624 13 8 80
518 11 8 80
2513 10 8 80
1389 17 13 80
2159 16 13 80
2560 17 12 80
2236 11 10 80
1110 14 11 80
3137 8 7 80
2540 12 8 80
2422 9 8 80
2429 9 7 80
2150 7 19 80
3173 7 18 80
2730 7 17 80
471 7 16 80
721 8 16 80
2063 0 2 80
2649 0 3 80
2559 10 14 80
1852 0 19 81
2203 0 18 81
2471 1 18 81
3002 2 0 81
3408 3 0 81
2719 2 2 81
3273 4 2 81
1410 3 15 81
1744 2 13 81
2882 10 18 81
1965 2 5 81
1407 14 19 81
1616 8 6 81
516 16 18 81
1077 15 19 81
1062 15 18 81
2937 15 17 81
346 9 18 81
2591 0 8 81
2772 3 5 81
2187 2 3 82
2554 0 5 82
2890 0 6 82
3142 2 6 82
903 10 19 82
1936 11 19 82
2946 12 19 82
360 5 14 82
1042 3 12 82
1751 7 2 82
1256 0 9 82
2304 1 9 82
694 19 14 82
2905 19 15 82
3245 19 16 82
369 16 17 82
2864 12 16 82
3106 9 12 82
2522 14 14 82
286 16 12 82
2001 18 16 82
560 17 17 82
632 13 19 82
3263 0 4 82
1313 7 3 82
1187 9 11 82
3479 14 13 82
2490 13 14 82
1068 12 14 82
939 14 7 82
431 9 6 82
357 10 6 82
932 10 7 82
3030 11 7 82
1549 12 7 82
1945 13 7 82
924 13 6 82
1857 12 6 82
3522 11 4 82
2553 12 3 82
253 1 19 83
1418 2 19 83
1242 1 17 83
2519 1 16 83
3018 11 18 83
3148 11 17 83
3422 9 10 83
1691 15 9 83
1680 16 5 83
655 8 10 83
2654 10 17 83
1694 16 1 83
1700 15 1 83
858 15 2 83
2841 11 6 83
788 0 0 84
262 0 17 84
860 1 15 84
2434 5 17 84
3019 5 16 84
2289 2 4 84
91 2 11 84
1621 0 10 84
2073 3 13 84
647 9 13 84
781 16 9 84
80 3 10 84
479 0 16 84
607 0 15 84
1150 0 14 84
2629 0 13 84
2019 0 12 84
2676 1 12 84
3314 1 11 84
3131 1 10 84
3039 2 10 84
2200 1 0 84
2106 7 1 84
2741 6 1 84
3412 11 16 84
875 4 19 85
1393 3 19 85
1934 3 18 85
3219 1 1 85
3429 2 1 85
841 4 0 85
1067 8 13 85
305 5 13 85
434 12 18 85
1149 12 17 85
1298 13 17 85
1983 13 16 85
856 15 17 85
2487 5 7 85
1231 5 10 85
2269 17 16 85
3216 11 13 85
77 19 0 85
1665 12 13 85
689 10 13 85
137 2 18 85
2000 16 16 85
1705 13 18 85
2396 7 13 86
3448 8 15 86
252 3 2 86
3323 5 15 86
295 9 19 86
1722 4 5 86
1769 5 5 86
3016 17 15 86
3543 16 15 86
713 19 12 86
170 9 18 86
442 9 17 86
1007 19 11 86
3116 19 13 86
225 13 13 86
870 14 13 86
436 0 1 86
1895 0 2 86
1750 0 3 86
2183 0 4 86
968 3 3 86
2124 4 3 86
2626 4 4 86
1373 5 4 86
3291 3 1 86
686 4 1 86
1136 8 5 86
292 9 5 86
359 10 5 86
3397 9 4 86
2351 2 16 87
2376 3 16 87
2377 3 5 87
2942 3 6 87
328 4 7 87
1363 19 19 87
1835 18 19 87
3064 17 19 87
1315 19 17 87
1369 17 17 87
1693 7 6 87
1118 11 12 87
2498 12 12 87
3181 14 12 87
624 19 10 87
2148 19 18 87
477 9 11 87
1169 10 12 87
1253 10 11 87
2605 11 11 87
1044 13 12 87
1488 14 8 87
1868 14 9 87
438 2 15 87
352 4 6 87
2002 5 6 87
2260 7 1 88
2644 6 13 88
2934 6 14 88
3286 7 5 88
2155 2 10 88
762 18 18 88
1585 16 19 88
1619 16 11 88
3554 17 11 88
1074 17 18 88
2975 16 18 88
1409 15 19 88
1846 15 18 88
3305 14 18 88
1590 14 17 88
918 1 10 89
2008 1 11 89
3006 1 12 89
671 5 19 89
1002 5 18 89
1755 4 18 89
2663 0 14 89
545 7 0 89
1759 6 0 89
3567 14 0 89
1212 13 0 89
1720 11 6 89
3151 10 16 89
143 6 1 89
531 18 17 89
427 18 16 89
1070 18 15 89
108 0 2 90
1221 1 2 90
1689 0 3 90
2390 0 4 90
2389 6 19 90
2860 7 19 90
3307 6 18 90
1016 3 8 90
1040 5 12 90
1866 8 14 90
1651 6 15 90
1175 5 8 90
2923 17 14 90
210 18 14 90
708 18 13 90
1367 18 12 90
140 18 11 90
1071 18 10 90
1468 17 10 90
30 4 8 90
1129 16 14 90
3423 7 14 90
3185 16 16 90
1976 15 16 90
2491 11 0 90
105 0 19 91
268 1 0 91
1960 2 0 91
2204 3 0 91
2526 3 1 91
813 1 3 91
1498 4 3 91
1802 7 3 91
3267 0 7 91
2854 6 17 91
3228 7 17 91
315 9 18 91
676 3 11 91
2331 3 10 91
2579 13 9 91
2736 18 9 91
3340 17 9 91
1204 8 4 91
2984 0 18 91
2309 7 4 91
1973 6 16 91
2031 19 9 91
3230 10 0 91
1176 9 0 91
2472 0 11 92
2286 0 5 92
2804 0 6 92
853 1 4 92
1196 2 6 92
2780 0 8 92
3158 7 18 92
3382 9 17 92
3306 8 0 92
1723 8 1 92
1653 19 8 92
3250 18 8 92
2830 17 8 92
138 0 12 92
381 0 13 92
1518 1 13 93
1223 1 5 93
2241 1 8 93
517 10 19 93
1845 11 19 93
2444 12 19 93
2265 7 7 93
2726 6 12 93
3403 14 13 93
710 11 11 93
985 7 12 93
1843 8 12 93
3495 1 14 93
732 12 9 93
3526 11 9 93
1123 1 6 93
669 1 7 93
1364 14 9 93
1900 13 8 93
2197 7 2 94
549 12 8 94
1952 11 8 94
2311 10 8 94
2516 8 8 94
3375 9 8 94
3488 9 7 94
2896 10 7 94
2275 14 0 94
1317 13 0 94
3077 0 9 95
1013 1 9 95
2423 4 13 97
3416 5 9 97
