2846
628 0 10 1
3080 1 10 1
3583 0 11 1
4225 2 10 1
4901 1 11 1
1903 0 13 1
2810 4 10 1
2893 2 12 1
2914 0 14 1
3553 5 10 1
3731 5 11 1
1551 4 12 1
3025 4 13 1
1991 0 19 1
3922 1 19 1
4034 0 18 1
4053 2 19 1
4610 1 18 1
1785 0 16 1
2607 4 19 1
5353 2 17 1
2323 12 19 1
4489 13 19 1
545 12 17 1
1640 15 19 1
1679 13 17 1
4037 19 19 1
4277 18 19 1
1353 19 17 1
2558 17 18 1
1712 18 16 1
3483 2 14 1
2699 5 15 1
2416 4 17 1
3472 6 17 1
3725 19 16 1
1752 19 15 1
879 18 15 1
4280 12 16 1
677 13 16 1
45 19 18 1
747 18 18 1
3208 18 17 1
3690 17 17 1
673 12 18 1
2945 13 18 1
3243 14 19 1
120 14 18 1
1135 15 18 1
4326 17 19 1
2644 16 19 1
4106 16 18 1
1716 0 17 1
1993 1 17 1
14 5 12 1
238 5 13 1
650 5 14 1
1073 1 14 1
3159 0 12 1
3372 1 12 1
4514 1 13 1
5277 2 13 1
3238 4 11 1
5309 2 11 1
1404 3 10 1
1554 3 11 1
2435 3 12 1
133 3 13 1
3890 0 15 1
2833 5 19 1
170 6 19 1
1313 7 19 1
2055 8 19 1
888 9 19 1
1802 7 17 1
4958 8 17 1
4448 9 17 1
5038 10 17 1
425 11 17 1
457 5 17 1
4776 2 18 1
3379 3 19 1
866 14 1 1
3896 13 1 1
858 14 2 1
4001 12 1 1
5226 13 2 1
1692 14 3 1
4545 11 1 1
4618 12 2 1
5335 13 3 1
769 14 4 1
1732 11 2 1
2389 12 3 1
4298 13 4 1
4464 14 5 1
4986 11 3 1
520 12 4 1
1297 13 5 1
2496 14 6 1
3314 11 4 1
3884 12 5 1
4954 13 6 1
47 14 7 1
573 11 5 1
1446 12 6 1
2184 13 7 1
2652 15 7 1
3953 14 8 1
4078 10 5 1
308 11 6 1
1341 12 7 1
3543 13 8 1
3600 16 7 1
3736 15 8 1
4229 14 9 1
118 8 4 1
501 9 3 1
2433 10 6 1
3398 11 7 1
4522 12 8 1
1684 13 9 1
1690 17 7 1
2499 16 8 1
2614 16 6 1
5043 15 9 1
5272 14 10 1
111 11 19 2
779 10 19 2
1509 11 18 2
1665 10 18 2
3158 9 18 2
4456 8 18 2
5360 7 18 2
2703 14 17 2
4209 15 17 2
5010 19 14 2
5255 17 14 2
202 19 12 2
2840 18 12 2
4417 19 11 2
91 15 14 2
690 2 15 2
4330 0 0 2
2231 0 1 2
5460 1 0 2
4501 1 1 2
4783 18 11 2
3163 19 13 2
5030 18 14 2
2722 18 13 2
94 17 13 2
956 14 16 2
1403 15 16 2
4493 16 17 2
2047 16 16 2
2156 17 16 2
2943 17 15 2
2432 11 16 2
2082 10 16 2
490 9 16 2
5091 8 16 2
4529 7 16 2
727 1 15 2
1644 1 16 2
2529 2 16 2
161 6 18 2
897 5 18 2
3881 4 18 2
3977 3 18 2
1533 3 17 2
450 3 14 2
1007 4 14 2
1475 4 15 2
1926 3 15 2
3332 14 14 2
1981 13 14 2
4805 12 14 2
3894 11 14 2
4974 10 14 2
4335 15 15 3
5454 14 15 3
1045 15 13 3
1255 14 13 3
3188 15 12 3
3603 17 12 3
4246 0 2 3
5246 1 2 3
4806 0 4 3
848 3 2 3
1348 2 1 3
5183 3 3 3
4222 1 5 3
2045 6 14 3
1128 8 14 3
3161 0 9 3
1371 0 8 3
2515 2 0 3
2808 3 0 3
3093 3 1 3
3264 4 1 3
3270 4 2 3
380 2 2 3
2771 2 3 3
3110 0 3 3
3307 1 3 3
4388 1 4 3
4856 0 5 3
1110 17 11 3
982 16 15 3
1278 16 14 3
2548 16 13 3
4929 16 12 3
5363 16 11 3
4620 13 13 3
282 12 13 3
1146 11 13 3
2626 10 13 3
3221 13 15 3
3292 12 15 3
3407 11 15 3
3440 10 15 3
2391 3 16 3
2750 4 16 3
3327 5 16 3
4322 6 16 3
5009 6 15 3
2033 7 14 3
2167 15 11 4
3812 14 11 4
4486 13 11 4
5077 1 9 4
1528 3 9 4
3751 1 7 4
509 5 9 4
969 3 7 4
1655 6 13 4
1635 8 13 4
3513 6 11 4
1176 3 4 4
4509 3 5 4
839 5 0 4
323 5 1 4
1688 6 0 4
2199 5 8 4
1199 1 8 4
2247 2 9 4
4047 4 3 4
115 4 4 4
1492 4 5 4
1659 4 6 4
3426 3 6 4
1865 0 7 4
2731 0 6 4
2481 1 6 4
2841 2 4 4
4749 2 5 4
4389 4 9 4
515 14 12 4
695 13 12 4
2653 6 12 4
1217 7 13 4
2373 6 10 4
1878 7 10 4
4475 7 11 4
2794 7 12 4
296 7 15 4
949 8 15 4
1423 9 15 4
1470 9 14 4
4122 9 13 4
379 12 12 5
523 11 12 5
1924 12 11 5
3724 11 11 5
4144 10 10 5
4483 9 0 5
4487 8 0 5
1950 9 2 5
2106 8 2 5
3612 6 1 5
4314 5 2 5
1473 6 3 5
1674 6 4 5
3750 6 7 5
5324 7 7 5
4886 6 9 5
2376 8 10 5
1761 11 8 5
3045 5 3 5
1198 5 4 5
1455 5 5 5
2872 6 5 5
3892 6 8 5
2224 11 10 5
2577 11 9 5
2775 10 9 5
736 8 11 5
3443 8 12 5
4998 9 12 5
301 10 12 5
360 10 11 5
338 8 7 5
1608 2 6 5
1649 2 7 5
1763 2 8 5
2807 3 8 5
3064 4 8 5
591 6 2 5
1736 9 1 5
3347 8 1 5
732 7 0 5
4045 7 1 5
4693 7 2 5
706 8 9 6
3286 8 3 6
3296 10 7 6
3785 8 6 6
4296 11 5 6
4985 12 5 6
5167 11 3 6
5430 13 6 6
1901 13 4 6
1326 12 2 6
4739 10 1 6
5375 10 0 6
726 13 5 6
3197 4 7 6
1236 5 7 6
3350 5 6 6
4168 6 6 6
811 7 6 6
5398 7 3 6
2162 10 8 6
1839 7 9 6
3887 7 8 6
5045 8 8 6
1836 9 11 6
3115 9 10 6
4987 9 9 6
5230 9 8 6
35 9 7 6
1820 11 2 6
791 10 2 6
3569 10 3 6
125 12 10 7
2543 13 10 7
2942 12 9 7
3783 13 8 7
181 12 6 7
5321 9 5 7
4681 9 3 7
4371 15 8 7
3434 13 2 7
5238 8 5 7
2175 7 5 7
3112 7 4 7
446 8 4 7
2877 9 4 7
63 11 7 7
586 11 6 7
1012 9 6 7
1366 10 6 7
2902 10 5 7
482 12 8 7
2815 12 7 7
3935 13 7 7
3723 13 9 7
3198 13 3 7
4773 12 3 7
3284 12 4 7
4027 11 4 7
770 19 0 8
3889 18 0 8
5007 19 1 8
5178 17 0 8
5361 18 1 8
492 19 3 8
1700 15 0 8
5266 17 2 8
1139 15 2 8
1534 15 3 8
1664 15 4 8
2035 15 5 8
4279 19 10 8
4378 17 10 8
5075 19 8 8
1662 15 10 8
4412 17 8 8
2228 19 6 8
4659 19 5 8
1699 17 5 8
1723 17 6 8
1052 11 0 8
981 13 1 8
1244 11 1 8
1323 12 1 8
3302 12 0 8
5248 13 0 8
3008 19 7 8
420 19 9 8
2222 14 10 8
1092 14 8 8
2289 14 9 8
2909 15 9 8
4361 16 10 8
3136 16 8 8
3971 16 9 8
4128 17 9 8
1363 18 10 8
2021 19 4 8
4085 15 6 8
1022 16 6 8
1179 16 5 8
157 19 2 8
5390 18 2 8
302 18 3 8
414 17 3 8
627 17 1 8
2642 15 1 8
3130 16 0 8
488 16 1 8
4704 16 2 8
654 16 3 8
3268 16 4 9
3970 17 4 9
1831 18 9 9
2721 18 8 9
1821 18 4 9
2569 18 5 9
2839 18 6 9
3506 18 7 9
4566 17 7 9
4607 16 7 10
5186 15 7 10
1462 14 7 10
3157 14 6 10
194 14 5 10
429 14 4 10
3843 0 10 11
4424 1 10 11
497 0 12 11
516 3 10 11
1908 1 12 11
3406 1 13 11
651 4 14 11
1955 10 12 11
3357 10 11 11
5027 4 15 11
277 0 11 11
1158 1 11 11
2801 2 10 11
1584 5 14 12
2061 5 13 12
2198 5 12 12
2776 5 11 12
3712 5 10 12
4716 4 10 12
2219 0 13 12
2250 0 14 12
2429 1 14 12
3126 0 15 12
1998 1 15 12
3330 2 11 12
336 11 19 13
1240 10 19 13
3239 11 18 13
3777 10 18 13
4942 9 18 13
5418 8 18 13
460 4 11 13
2610 4 12 13
3435 2 12 13
4344 2 13 13
825 7 18 13
2984 6 18 13
1521 4 13 13
1461 3 11 13
2030 3 12 13
2595 3 13 13
3474 3 14 13
3933 3 15 13
1728 0 19 14
1731 1 19 14
1825 0 18 14
2131 2 19 14
2930 1 18 14
3961 0 17 14
4154 3 19 14
5222 2 18 14
5352 1 17 14
1652 16 11 14
5017 5 18 14
1388 0 16 15
3162 0 2 15
3532 0 3 15
4286 2 2 15
740 1 4 15
1209 17 11 15
4848 15 12 15
734 15 15 15
792 14 15 15
2221 13 15 15
4003 12 15 15
5021 13 12 15
418 1 2 15
1193 1 3 15
162 2 3 15
364 2 4 15
871 2 5 15
2525 2 6 15
3732 2 7 15
2233 17 12 15
4525 11 15 15
4818 10 15 15
2018 1 16 15
1127 9 19 16
1563 8 19 16
2280 7 19 16
239 2 17 16
1715 16 12 16
1799 14 12 16
1999 12 12 16
484 10 13 16
2962 10 8 16
2617 15 11 16
2618 14 11 16
4591 13 11 16
638 12 11 16
1280 2 16 16
1121 7 18 16
1965 6 18 16
3226 6 19 16
4226 5 19 16
4511 4 19 16
463 4 18 16
2648 3 18 16
1324 3 17 16
1639 3 16 16
3395 4 16 16
3823 5 16 16
4339 6 16 16
4691 6 15 16
54 7 15 16
807 8 15 16
800 9 15 16
3251 9 14 16
4160 9 13 16
276 9 12 16
5022 9 11 16
1257 12 19 17
2474 13 19 17
2854 12 18 17
3605 14 19 17
4184 1 9 17
4299 2 9 17
4316 10 10 17
5089 9 0 17
5451 8 0 17
1424 1 8 17
1030 7 0 17
476 13 18 18
1724 15 18 18
2696 15 17 18
4434 19 14 18
4563 18 14 18
4699 19 13 18
4809 18 13 18
2215 8 9 18
4940 8 6 18
955 7 4 18
5334 6 1 18
4786 8 1 18
5231 9 1 18
974 10 7 18
1018 11 7 18
1004 10 5 18
1233 13 5 18
847 9 2 18
2901 8 2 18
1213 7 1 18
4170 12 5 18
1745 7 9 18
341 7 8 18
363 8 8 18
895 17 12 18
1299 17 13 18
1829 14 18 18
1467 12 17 19
2100 12 16 19
3319 14 17 19
5058 10 3 19
5259 12 4 19
284 10 2 19
413 14 1 19
451 14 2 19
4304 0 4 19
648 0 5 19
845 0 6 19
4865 1 6 19
4369 13 17 19
764 13 16 19
2387 14 16 19
3597 15 16 19
733 15 19 19
464 19 19 20
1214 18 19 20
2526 19 18 20
3231 17 19 20
3373 18 18 20
4217 18 17 20
793 16 0 20
1258 17 0 20
1291 18 0 20
1373 17 1 20
3430 19 0 20
4032 18 1 20
4097 19 1 20
4638 19 2 20
4734 5 3 20
1806 13 7 20
1677 5 4 20
2246 5 5 20
4058 6 5 20
2354 5 2 20
829 6 2 20
2209 7 2 20
48 16 19 20
3036 0 10 21
4450 1 10 21
274 19 17 21
5174 19 16 21
1984 17 18 21
3964 17 16 21
1769 12 7 21
3996 12 8 21
2081 12 10 21
2414 13 10 21
2664 14 10 21
4631 18 2 21
2850 7 3 21
1531 12 9 21
535 8 3 21
996 19 15 21
874 17 17 21
310 16 18 21
401 16 17 21
1669 16 16 21
81 0 11 22
621 1 11 22
2380 0 12 22
836 0 14 22
1220 15 0 22
1755 17 2 22
2715 2 0 22
5064 3 0 22
657 4 0 22
883 4 1 22
3796 4 2 22
1344 19 3 22
2497 19 4 22
2348 0 5 22
5456 0 6 22
1561 2 7 22
4074 2 3 22
384 5 7 22
4742 17 9 22
1321 13 9 22
2630 13 6 22
406 13 8 22
744 2 4 22
1565 2 1 22
4050 3 1 22
1899 18 16 22
672 18 15 22
833 0 13 22
2154 3 10 22
4208 2 10 22
153 11 19 23
679 10 19 23
916 11 18 23
5268 10 18 23
661 1 12 23
4239 1 13 23
269 0 15 23
1391 4 13 23
1789 4 14 23
3466 4 15 23
4031 16 2 23
1394 18 3 23
2517 19 10 23
4678 18 10 23
1302 0 7 23
2282 1 7 23
2888 1 6 23
3455 3 9 23
3534 4 9 23
4528 10 12 23
2566 16 5 23
5286 11 10 23
2958 16 1 23
5459 15 1 23
924 15 2 23
3442 1 5 23
3770 2 5 23
1536 1 8 23
3582 2 8 23
903 12 6 23
289 12 5 23
2272 11 9 23
1322 0 19 24
1430 1 19 24
4854 0 18 24
5128 2 19 24
3242 3 11 24
4223 4 11 24
1877 2 13 24
2739 2 14 24
5214 4 18 24
4114 17 14 24
680 6 14 24
4301 7 14 24
4836 17 3 24
1670 19 9 24
2848 18 9 24
3266 19 8 24
2916 5 4 24
2926 6 8 24
1788 8 8 24
4578 9 5 24
2270 17 10 24
318 5 5 24
3848 17 15 24
3974 3 17 24
3276 1 14 24
1053 1 15 24
135 11 5 24
3172 11 6 24
4708 10 6 24
1208 9 6 24
423 5 18 25
1065 4 12 25
3186 0 17 25
3859 0 16 25
4112 19 11 25
5055 18 11 25
3168 16 11 25
104 1 3 25
2403 6 13 25
2727 7 13 25
5139 6 12 25
609 2 1 25
1417 3 1 25
3057 16 4 25
2025 5 9 25
3344 5 8 25
4671 4 8 25
147 15 10 25
961 16 8 25
1328 17 8 25
3840 18 8 25
1803 6 7 25
2003 17 4 25
3381 18 4 25
2144 16 3 25
872 15 3 25
1115 15 4 25
3718 15 5 25
3942 15 6 25
3871 16 6 25
4203 16 10 25
4765 16 9 25
4853 15 9 25
5256 14 9 25
1498 14 8 25
20 4 7 25
1413 19 12 25
3599 18 12 25
713 5 15 26
1717 5 14 26
1857 5 13 26
4997 5 12 26
129 9 18 26
1750 8 18 26
5447 7 18 26
347 15 12 26
2143 15 11 26
3211 14 11 26
3619 13 11 26
4873 12 11 26
1451 8 13 26
1961 0 2 26
3981 0 3 26
4459 0 4 26
5396 1 4 26
4350 6 10 26
3677 7 12 26
4559 18 5 26
5110 18 6 26
101 1 5 26
4593 2 4 26
4677 2 5 26
358 2 6 26
1511 1 2 26
3035 2 2 26
3680 3 2 26
960 3 3 26
1933 4 3 26
5213 4 4 26
240 4 5 26
246 17 11 26
1162 6 11 26
83 7 10 26
3668 7 11 26
1156 9 19 26
2170 8 19 26
4312 7 19 26
1327 6 18 26
1383 6 19 26
4508 5 11 26
4686 5 10 26
5283 4 10 26
1956 3 10 26
1930 2 10 26
1944 2 11 26
3687 2 12 26
5012 3 12 26
2367 3 13 26
2896 3 14 26
3368 3 15 26
4830 16 14 27
4988 13 12 27
5187 1 9 27
2196 8 12 27
1779 10 10 27
4726 9 0 27
1506 6 9 27
2311 7 9 27
922 19 5 27
1566 19 6 27
1968 19 7 27
2925 18 7 27
735 8 0 27
4788 7 0 27
154 1 8 27
4124 2 9 27
815 2 8 27
1105 3 8 27
2485 3 7 27
187 3 6 27
383 4 6 27
1345 5 6 27
2582 6 6 27
746 8 11 27
3140 7 8 27
3959 12 19 28
5155 13 19 28
1508 15 19 28
5323 13 17 28
1093 5 19 28
4216 4 19 28
4685 3 19 28
588 2 18 28
4255 2 17 28
2685 15 17 28
297 17 15 28
782 18 15 28
4308 18 14 28
4899 19 12 28
1173 4 17 28
4816 17 12 28
3533 17 7 28
3679 6 3 28
1027 7 1 28
1772 9 2 28
2492 9 3 28
4237 18 4 28
4774 17 4 28
2072 17 5 28
2392 17 6 28
3366 16 6 28
5377 16 7 28
2136 19 15 28
2421 19 14 28
2465 19 13 28
3475 18 12 28
3469 18 13 28
4812 17 13 28
1962 14 19 28
1938 1 18 28
2651 1 17 28
2809 3 18 28
3086 3 17 28
46 12 18 29
1622 13 18 29
3393 12 17 29
3460 12 16 29
4766 15 18 29
2597 6 19 29
3289 6 18 29
4206 6 17 29
4542 7 17 29
283 6 15 29
985 14 12 29
4367 11 17 29
4885 11 16 29
544 9 17 29
2620 9 16 29
3913 11 13 29
5118 8 9 29
3837 6 4 29
3234 8 6 29
3925 12 4 29
4421 10 3 29
4043 10 2 29
190 6 5 29
3240 16 12 29
543 16 13 29
145 13 16 29
2803 14 18 29
3236 14 17 29
3325 14 16 29
4859 15 16 29
1238 10 17 29
3269 10 16 29
3764 8 17 29
4630 8 16 29
2155 5 17 29
649 19 19 30
2171 18 19 30
2520 19 18 30
4113 17 19 30
5298 18 18 30
869 18 16 30
932 14 15 30
566 12 15 30
1636 11 15 30
656 15 13 30
1109 10 13 30
1988 7 0 30
3152 8 0 30
4634 10 9 30
439 8 7 30
894 8 5 30
1312 7 7 30
2195 7 6 30
3338 7 5 30
1290 7 4 30
5345 9 1 30
2700 8 1 30
2344 16 19 30
2773 9 12 30
2862 9 13 30
970 13 15 30
1163 0 10 31
1832 1 10 31
773 2 15 31
1953 19 0 31
2813 18 0 31
4136 17 0 31
669 9 14 31
5448 13 14 31
660 15 8 31
2654 10 8 31
4090 13 4 31
1116 9 6 31
2627 10 6 31
1040 12 1 31
1729 19 2 31
3975 19 1 31
4331 18 1 31
3297 17 1 31
102 16 0 31
128 16 1 31
3968 15 1 31
5462 15 2 31
5207 15 3 31
1895 15 9 31
505 14 9 31
694 5 3 31
810 5 2 31
1140 6 2 31
4355 7 2 31
5227 8 2 31
947 8 3 31
5464 8 4 31
478 0 13 32
2150 0 12 32
2192 0 11 32
3541 1 11 32
3787 8 10 32
2381 13 8 32
3895 14 4 32
1083 12 2 32
1100 10 5 32
1577 10 2 32
1936 10 1 32
3898 10 0 32
1919 14 8 32
1168 8 11 32
2051 0 14 33
3199 1 14 33
3523 1 15 33
4590 7 19 33
1282 11 19 33
3039 17 18 33
4015 17 16 33
4260 11 18 33
5311 13 7 33
986 12 3 33
3359 13 1 33
15 16 18 33
2210 8 19 33
3634 9 19 33
4465 10 19 33
5066 10 18 33
5215 10 17 33
5354 10 16 33
2446 13 3 33
84 14 3 33
580 14 2 33
4720 14 1 33
1657 1 13 34
3156 0 19 34
4328 0 18 34
4903 2 19 34
753 8 14 34
994 15 0 34
472 16 0 34
3554 1 19 34
1410 1 18 34
1283 1 12 34
938 5 10 35
1781 4 10 35
1848 5 11 35
1883 3 10 35
3716 4 11 35
729 4 13 35
1210 19 11 35
1594 17 11 35
3004 2 12 35
3371 0 15 35
1805 1 17 35
2539 4 15 35
2628 5 18 35
4178 5 17 35
5317 17 1 35
1816 16 3 35
330 3 4 35
2551 3 5 35
2903 12 9 35
4368 12 8 35
445 11 9 35
2401 11 8 35
205 2 4 35
2293 15 1 35
1264 16 1 35
4771 12 7 35
1645 12 6 35
6 18 11 35
1469 18 12 35
2328 0 17 35
2631 0 16 35
1843 1 16 35
350 2 16 35
946 2 10 35
1303 2 11 35
1813 3 11 35
1337 4 14 36
2932 4 18 36
3084 3 18 36
3944 3 17 36
4523 3 0 36
794 0 0 36
3814 0 1 36
26 19 1 36
493 18 1 36
1390 19 2 36
2193 18 2 36
2567 18 3 36
3930 19 10 36
4092 2 5 36
4224 18 10 36
1514 17 10 36
602 12 10 36
5220 13 10 36
2448 14 10 36
3492 5 15 37
3851 5 14 37
558 19 16 37
3060 19 17 37
3993 19 15 37
790 17 14 37
5232 2 0 37
4494 1 3 37
470 15 15 37
5206 13 12 37
4295 3 3 37
855 1 9 37
972 2 8 37
607 4 9 37
3675 0 7 37
5124 1 5 37
411 13 3 37
3671 2 9 37
5085 3 9 37
3489 3 8 37
2097 3 7 37
168 1 0 37
393 4 0 37
1406 19 14 37
2533 19 13 37
2939 18 13 37
4257 17 13 37
3178 5 13 37
676 5 12 37
361 4 12 37
2244 3 12 37
466 3 13 37
1192 13 2 37
319 14 3 37
632 14 2 37
3101 14 1 37
860 12 19 38
1305 13 19 38
1969 14 19 38
2096 14 18 38
2441 14 17 38
3559 8 19 38
3631 9 19 38
812 8 17 38
1977 6 14 38
3207 7 14 38
3298 18 7 38
3441 19 7 38
4174 19 6 38
4949 19 5 38
1031 1 1 38
3539 3 1 38
291 0 9 38
2785 0 8 38
4847 7 13 38
1928 19 3 38
5436 16 4 38
624 10 12 38
984 10 10 38
1646 9 0 38
2205 1 8 38
756 2 1 38
1448 4 1 38
2251 9 1 38
1694 8 1 38
1106 19 4 38
1595 18 4 38
3615 8 16 38
2241 10 19 38
978 6 13 38
3842 6 12 38
2214 12 18 39
4139 13 18 39
4251 12 17 39
536 15 19 39
2537 16 19 39
5443 15 18 39
3329 15 14 39
4161 15 12 39
241 0 5 39
2955 0 6 39
3587 6 11 39
2122 11 10 39
3392 11 12 39
3673 15 6 39
4550 17 6 39
5441 6 9 39
2531 7 9 39
592 15 5 39
186 15 4 39
17 15 3 39
1910 15 2 39
2273 16 2 39
2066 17 2 39
771 19 8 39
5026 19 9 39
3609 18 9 39
1691 12 16 39
447 13 17 39
971 13 16 39
1033 14 16 39
436 16 18 39
387 19 19 40
4866 19 18 40
1268 6 17 40
3271 7 17 40
5333 2 4 40
2758 3 7 40
4498 5 0 40
4609 6 0 40
51 5 2 40
80 7 8 40
2145 7 3 40
2457 5 9 40
2720 3 8 40
1194 1 4 40
1466 0 4 40
1472 0 3 40
3695 0 2 40
4740 1 2 40
3555 7 7 40
2957 5 1 40
2487 6 1 40
595 6 2 40
2527 7 2 40
3621 17 19 40
5150 18 19 40
670 0 10 41
1483 1 10 41
2312 2 10 41
2383 1 18 41
3291 2 14 41
3537 3 19 41
3807 4 19 41
4248 5 19 41
614 18 16 41
3510 7 16 41
3948 13 15 41
4548 14 15 41
4640 14 14 41
4959 14 13 41
4999 13 13 41
2770 6 10 41
4532 7 10 41
295 2 7 41
152 5 3 41
228 1 7 41
2358 1 6 41
2012 2 6 41
2561 3 6 41
2385 6 8 41
559 2 3 41
2564 2 2 41
3358 3 2 41
3747 4 2 41
4604 4 3 41
5102 4 4 41
1519 4 5 41
3170 0 13 42
3805 0 12 42
4091 1 12 42
1647 2 15 42
3360 15 16 42
4780 11 17 42
824 10 14 42
2123 12 15 42
3195 14 12 42
4794 19 0 42
1295 6 12 42
507 8 12 42
1633 8 13 42
5420 9 13 42
78 8 10 42
4710 18 4 42
4422 5 4 42
2434 15 10 42
2994 14 10 42
3194 18 6 42
481 12 5 42
611 13 5 42
2666 5 5 42
455 15 17 42
3917 0 11 42
4680 1 11 42
914 2 11 42
144 11 16 42
4862 7 12 42
927 7 11 42
1085 8 11 42
1939 9 12 42
1314 18 5 42
777 18 0 42
2475 17 0 42
3015 16 0 42
4073 16 1 42
783 16 2 42
2040 3 11 43
3128 2 13 43
3134 7 19 43
4403 19 12 43
5415 18 12 43
841 19 14 43
1463 18 14 43
2180 18 15 43
3385 17 15 43
3775 8 16 43
4064 9 16 43
4405 9 14 43
4540 9 17 43
126 15 13 43
958 13 14 43
581 4 8 43
1318 5 8 43
5013 5 7 43
3139 8 8 43
5260 10 9 43
219 19 9 43
4867 18 9 43
5070 19 8 43
4446 15 9 43
1362 16 10 43
884 10 5 43
2660 10 2 43
4262 10 1 43
4543 12 2 43
256 10 0 43
832 4 7 43
4 4 6 43
2038 5 6 43
494 7 9 43
534 8 9 43
675 19 13 43
2502 18 13 43
3715 10 13 43
438 12 14 43
2458 6 19 43
3074 6 18 43
4232 7 18 43
4479 8 18 43
3429 9 18 43
433 18 8 43
3020 16 9 43
1098 18 10 43
3349 17 10 43
3979 17 9 43
1884 0 19 44
3241 1 19 44
3494 0 18 44
1626 0 14 44
2974 18 19 44
2115 16 18 44
3879 17 16 44
4975 4 17 44
1558 11 19 44
3090 11 18 44
3857 17 13 44
3906 7 7 44
4400 8 7 44
109 8 5 44
3204 6 5 44
3793 9 5 44
3454 10 8 44
4674 13 10 44
486 13 8 44
1370 13 7 44
2578 15 8 44
5088 13 4 44
4158 13 2 44
3189 17 19 44
4343 17 18 44
1734 18 18 44
3415 18 17 44
4995 17 17 44
5068 16 17 44
859 1 13 44
1389 1 14 44
2132 2 19 44
2466 12 7 44
159 12 6 44
371 13 6 44
539 13 9 44
678 14 9 44
2965 14 8 44
252 5 10 45
1014 5 11 45
3411 5 12 45
4895 1 15 45
541 8 6 45
2320 7 2 45
4200 5 3 45
4142 10 7 45
619 16 8 45
1186 10 3 45
1744 12 4 45
3480 12 3 45
4492 13 1 45
724 6 8 45
2242 6 7 45
797 3 10 45
1559 4 10 45
2725 4 11 45
2677 11 7 45
4399 17 8 45
4896 17 7 45
201 2 11 46
598 2 12 46
5107 5 13 46
473 8 14 46
479 19 11 46
504 18 11 46
1138 17 11 46
2345 15 0 46
4435 16 0 46
5067 15 1 46
5069 16 1 46
303 7 0 46
2819 7 1 46
3831 12 1 46
306 6 1 46
2451 6 2 46
3447 6 3 46
902 6 4 46
1943 8 0 46
3585 17 12 46
2959 0 15 46
4541 3 12 46
4808 4 12 46
1987 5 14 47
4131 4 14 47
4625 5 15 47
5254 4 15 47
2890 1 17 47
1434 3 17 47
1719 6 18 47
1871 10 19 47
4608 3 0 47
4912 4 0 47
2430 15 2 47
2806 16 2 47
3096 17 0 47
244 8 3 47
1315 9 1 47
1560 4 1 47
2904 8 1 47
1682 8 2 47
3577 9 2 47
4105 9 3 47
196 0 17 47
3127 0 16 47
4996 1 16 47
1585 5 17 47
2034 5 18 47
3488 4 18 47
3821 3 18 47
5114 2 18 47
5417 2 17 47
5426 2 16 47
1663 4 13 47
226 12 19 48
653 13 19 48
1773 14 19 48
3123 14 18 48
3652 19 15 48
3697 19 16 48
1301 13 16 48
2919 14 16 48
3565 8 19 48
4387 9 19 48
2234 15 3 48
1527 16 3 48
56 12 16 49
121 12 17 49
1624 12 18 49
1920 13 18 49
4011 6 14 49
5108 7 14 49
131 8 17 49
209 17 14 49
4666 0 0 49
877 3 5 49
1332 18 5 49
2104 12 10 49
3740 12 9 49
3746 13 9 49
4470 12 8 49
5265 12 7 49
2746 18 8 49
867 13 17 49
975 14 17 49
428 12 6 49
1986 13 6 49
4359 19 4 49
1133 14 9 49
1436 14 8 49
3012 19 19 50
3201 19 18 50
3536 18 18 50
4637 16 19 50
5164 15 19 50
1837 1 4 50
5171 1 3 50
3087 0 1 50
3786 1 1 50
4297 3 1 50
2673 3 4 50
2967 19 1 50
3370 19 2 50
4005 18 2 50
4384 18 3 50
4936 19 10 50
5453 18 10 50
3754 11 9 50
5348 11 8 50
74 0 4 50
3753 0 3 50
1331 1 0 50
600 2 0 50
1058 2 1 50
2935 4 1 50
266 19 17 50
1279 17 19 50
2090 17 18 50
1294 15 18 50
1316 11 7 50
1154 17 10 50
2084 17 9 50
5297 17 8 50
2964 18 0 50
3352 18 1 50
3388 17 1 50
4953 17 2 50
2070 0 11 51
4701 1 11 51
260 1 18 51
599 2 18 51
1532 6 17 51
1992 7 17 51
2591 15 15 51
4683 0 2 51
4889 2 3 51
5416 2 4 51
3248 0 9 51
4737 0 8 51
5224 13 12 51
2146 6 13 51
3694 7 13 51
2963 1 8 51
4276 1 7 51
30 2 5 51
34 1 2 51
321 2 2 51
262 2 17 51
671 0 10 51
2138 1 10 51
2928 2 10 51
1592 7 12 51
3196 3 10 52
3420 4 10 52
4652 4 11 52
1530 0 12 52
3618 0 13 52
562 2 19 52
2204 4 19 52
2300 6 19 52
3180 15 14 52
4360 15 12 52
4642 4 2 52
5331 4 7 52
5458 3 8 52
963 5 0 52
3845 6 0 52
2319 19 3 52
4982 19 4 52
337 17 5 52
2650 15 4 52
4782 3 7 52
2411 3 2 52
3476 3 3 52
5000 4 3 52
87 4 4 52
1013 4 5 52
340 1 12 52
616 3 19 52
1683 3 18 52
2686 4 18 52
156 5 19 52
2827 5 18 52
4900 5 17 52
206 19 5 52
2299 19 6 52
2997 19 7 52
2738 18 7 52
4177 17 7 52
2920 16 3 52
459 1 13 53
1245 2 13 53
2181 2 15 53
3749 3 11 53
4761 18 16 53
647 7 16 53
2142 7 19 53
843 19 13 53
2069 18 13 53
2191 19 12 53
3249 18 12 53
3726 17 12 53
3932 13 15 53
3306 10 16 53
378 12 12 53
3660 9 12 53
5329 6 11 53
937 7 8 53
976 6 8 53
1057 6 7 53
1593 5 1 53
2469 5 2 53
754 7 3 53
275 10 10 53
1042 9 0 53
639 6 1 53
448 0 3 53
814 0 4 53
1574 8 0 53
3803 8 1 53
1667 18 17 53
1707 14 15 53
1249 7 18 53
1450 8 18 53
1580 1 19 54
1875 0 19 54
2747 19 14 54
3091 18 14 54
4972 8 16 54
222 10 17 54
2147 11 17 54
5267 11 16 54
1573 14 14 54
2283 14 13 54
2825 12 14 54
2875 9 14 54
370 11 12 54
4056 6 10 54
1632 19 0 54
1681 18 0 54
887 5 9 54
2482 6 9 54
4789 7 9 54
2600 15 5 54
408 8 2 54
1479 9 2 54
1482 9 3 54
2415 18 15 54
1887 14 12 54
3341 11 10 54
273 12 15 54
1597 11 15 54
2059 0 18 54
3303 0 17 54
365 10 18 54
1452 9 18 54
2668 9 17 54
2461 9 16 54
3174 7 10 54
1207 15 6 54
1890 18 1 54
4744 5 10 55
5199 5 11 55
2050 4 13 55
2483 0 15 55
2540 1 15 55
2948 0 16 55
3362 1 16 55
4803 17 15 55
3962 15 13 55
876 11 14 55
1631 13 14 55
2743 3 9 55
4635 1 9 55
3010 1 7 55
3487 3 7 55
4356 6 12 55
4275 8 8 55
2068 1 8 55
67 2 9 55
3512 2 8 55
951 2 7 55
2694 13 13 55
2753 12 13 55
3479 11 13 55
225 2 16 55
211 5 13 56
1114 2 10 56
2609 2 11 56
307 0 14 56
328 18 19 56
700 0 7 56
701 9 13 56
1182 8 13 56
1648 8 12 56
132 4 9 56
2464 8 9 56
3762 10 9 56
346 7 2 56
904 5 3 56
1284 8 6 56
155 4 8 56
1800 5 8 56
3193 5 7 56
1263 17 19 56
123 1 14 56
355 2 14 56
4533 5 12 56
2226 4 12 56
556 1 12 56
767 2 12 56
1039 3 12 56
4392 3 13 56
1795 7 12 56
3563 7 11 56
208 5 14 57
2056 5 15 57
2140 4 15 57
3604 15 18 57
4801 16 18 57
1588 4 18 57
3826 4 17 57
4713 19 11 57
5147 18 11 57
434 8 14 57
3262 0 5 57
3847 15 0 57
5313 16 0 57
7 8 10 57
263 19 9 57
909 10 7 57
5295 11 7 57
64 17 6 57
1360 0 6 57
90 2 5 57
1425 1 5 57
3891 1 6 57
4676 2 6 57
4965 3 6 57
4864 4 6 57
1520 5 6 57
2420 6 6 57
4023 7 6 57
4840 17 11 57
953 4 14 57
2359 3 14 57
3999 8 11 57
1661 19 8 57
3547 18 9 57
2172 18 4 57
2837 12 19 58
3028 18 15 58
3885 19 15 58
4821 19 16 58
1008 0 17 58
1606 1 17 58
1791 17 18 58
2422 16 17 58
179 15 1 58
1525 7 0 58
3639 5 5 58
4883 5 4 58
4165 19 7 58
172 17 8 58
261 16 8 58
1367 17 9 58
1544 10 3 58
1940 12 1 58
214 8 0 58
1529 8 1 58
4779 7 1 58
1200 6 1 58
3073 6 2 58
454 15 17 59
681 13 17 59
3367 12 17 59
3893 12 16 59
3985 13 16 59
4305 19 17 59
1725 2 17 59
4616 5 18 59
3801 11 19 59
4373 11 18 59
2579 9 19 59
2852 17 10 59
3067 12 4 59
3148 12 3 59
367 13 1 59
521 2 16 59
1292 5 17 59
1215 8 19 59
802 17 19 60
861 16 19 60
1971 15 19 60
2968 13 19 60
3380 19 19 60
5061 19 18 60
5242 4 1 60
1985 10 19 60
2065 17 13 60
3461 6 14 60
4871 7 14 60
1232 17 4 60
1767 15 3 60
2182 7 7 60
2598 8 7 60
2656 19 6 60
3108 15 10 60
4517 14 10 60
5057 11 6 60
5366 10 2 60
912 12 2 60
3171 10 0 60
1589 13 3 60
3235 10 1 60
1072 4 0 60
907 18 18 60
3282 18 17 60
176 12 18 60
1967 13 18 60
88 14 19 60
2043 14 18 60
3950 14 17 60
4860 14 16 60
5020 15 16 60
2906 10 18 60
2331 16 10 60
3530 16 9 60
4453 0 10 61
4580 1 10 61
4647 0 11 61
5302 1 11 61
49 8 17 61
369 17 14 61
1222 0 0 61
1493 1 0 61
2011 0 3 61
3504 1 3 61
3861 0 4 61
3939 1 4 61
3088 16 1 61
5270 17 3 61
546 6 5 61
5002 8 5 61
5180 9 5 61
4079 11 5 61
760 17 0 61
646 15 2 61
1458 3 10 62
1756 4 10 62
3696 4 11 62
4076 0 18 62
3256 0 1 62
3272 1 1 62
3730 2 1 62
3811 3 5 62
954 6 2 62
2109 10 8 62
3423 19 5 62
4420 12 10 62
5303 13 10 62
309 12 8 62
1167 12 7 62
1354 12 6 62
1949 8 3 62
4385 12 5 62
4428 13 5 62
766 6 3 62
1261 6 4 62
2478 2 0 62
911 3 0 62
1845 3 1 62
1782 6 1 62
2342 7 1 62
3224 8 1 62
3005 9 1 62
1893 12 9 62
3550 0 12 63
4762 0 13 63
4763 2 12 63
4117 18 16 63
1016 2 15 63
1254 2 16 63
3179 5 17 63
942 7 17 63
1112 7 18 63
2208 8 18 63
1101 0 2 63
149 2 3 63
334 2 4 63
4396 2 5 63
4211 4 3 63
4717 19 1 63
130 17 1 63
2029 17 2 63
2711 19 10 63
1206 19 8 63
1398 15 9 63
3062 15 8 63
722 13 8 63
4484 13 6 63
2165 1 5 63
108 1 6 63
4104 1 2 63
4768 2 2 63
1247 18 17 63
1809 17 17 63
1443 17 16 63
5373 16 16 63
180 1 12 63
699 18 10 63
3844 18 9 63
4321 18 8 63
1504 19 2 63
2218 18 1 63
1783 18 2 63
3561 18 3 63
3369 18 4 63
3872 18 5 63
4362 18 6 63
4502 18 7 63
3003 17 7 63
2710 16 2 63
3078 16 3 63
4628 16 4 63
2505 16 5 63
3759 16 6 63
4345 16 7 63
2796 15 7 63
253 13 7 63
950 13 9 63
143 14 9 63
2117 14 8 63
2371 0 19 64
3856 1 19 64
1064 3 19 64
4419 2 13 64
1077 19 14 64
2356 19 13 64
3878 19 12 64
1557 15 15 64
4017 14 15 64
510 6 15 64
52 8 16 64
512 17 11 64
1709 0 9 64
4186 0 8 64
2002 14 12 64
4962 13 12 64
4169 11 8 64
5142 1 8 64
3756 18 14 64
4966 18 13 64
1414 13 15 64
105 1 18 64
351 2 19 64
230 2 18 64
1129 1 13 64
374 5 10 65
453 5 11 65
658 5 12 65
2256 4 12 65
2805 4 19 65
2828 5 19 65
2996 8 19 65
3855 3 18 65
2412 15 14 65
3082 15 12 65
3281 9 16 65
4524 11 17 65
268 12 15 65
2078 11 15 65
2936 4 2 65
3670 6 13 65
97 11 9 65
578 11 10 65
2592 3 8 65
3465 4 8 65
3535 4 7 65
3592 13 4 65
1840 2 8 65
1874 2 7 65
2691 3 2 65
3900 3 3 65
4663 3 4 65
4689 4 4 65
407 4 5 65
2005 7 19 65
2343 6 19 65
2062 6 18 65
5129 6 17 65
667 11 16 65
2216 10 18 65
2716 9 18 65
5050 9 17 65
1126 10 17 65
3742 10 16 65
4461 0 16 66
4648 1 16 66
737 2 10 66
2255 2 11 66
2913 5 13 66
5340 4 13 66
964 14 14 66
1009 14 13 66
1060 11 13 66
1143 6 11 66
1300 9 12 66
2449 5 0 66
3001 6 0 66
3937 13 2 66
382 13 13 66
395 3 11 66
1195 3 12 66
1879 3 13 66
234 0 15 67
325 16 18 67
1029 15 18 67
1552 5 14 67
1695 4 14 67
3228 5 15 67
4733 4 15 67
4741 18 19 67
1062 17 15 67
1118 9 14 67
1273 9 13 67
1598 8 13 67
2313 12 14 67
606 0 7 67
939 0 6 67
3552 8 12 67
3766 5 2 67
4111 5 1 67
4234 5 8 67
4258 5 7 67
5318 7 8 67
1591 8 9 67
2168 10 9 67
4167 6 1 67
1862 7 1 67
1697 0 14 67
107 1 15 67
3133 1 14 67
4651 2 14 67
3421 3 14 67
3779 3 15 67
898 7 13 67
2898 7 12 67
574 12 19 68
1035 12 18 68
2188 4 18 68
2797 19 11 68
4588 18 11 68
412 11 12 68
5034 6 10 68
540 19 2 68
1050 19 3 68
1411 19 4 68
4233 8 6 68
2453 7 3 68
103 15 13 68
1246 4 17 68
711 7 10 68
834 7 11 68
2674 12 17 69
741 15 17 69
1474 19 17 69
2554 19 16 69
2707 19 15 69
4264 18 15 69
4898 18 14 69
281 8 14 69
440 13 15 69
3051 13 14 69
2264 4 9 69
3748 3 9 69
5465 2 9 69
1017 19 0 69
1102 0 5 69
4153 11 14 69
4582 10 10 69
2166 17 5 69
712 8 0 69
2410 9 0 69
1601 12 16 69
1912 13 13 69
3588 12 13 69
2472 12 12 69
3663 5 18 69
3888 6 18 69
4273 6 17 69
818 15 19 70
1181 16 19 70
2922 14 19 70
3331 17 19 70
3656 14 18 70
3784 17 18 70
4984 14 17 70
1078 0 17 70
1833 2 18 70
2729 17 16 70
3428 18 13 70
3825 11 19 70
4440 11 18 70
4574 1 9 70
2404 15 0 70
1827 5 9 70
4922 7 9 70
1628 8 10 70
2754 6 9 70
3629 6 8 70
1811 18 12 70
899 19 9 70
2681 0 10 71
3866 1 10 71
5166 0 11 71
5169 13 19 71
442 19 19 71
3596 19 18 71
4872 9 19 71
5204 9 18 71
5367 4 0 71
933 1 7 71
3595 3 7 71
4294 1 5 71
3071 16 0 71
4500 17 0 71
292 16 9 71
3806 16 10 71
4341 7 0 71
4521 7 1 71
2759 6 7 71
4662 9 6 71
5243 5 5 71
1412 15 4 71
3610 11 7 71
2885 1 6 71
3689 1 8 71
846 2 8 71
2267 2 7 71
339 2 6 71
2105 4 1 71
2408 8 1 71
3043 9 1 71
3873 9 2 71
5379 9 3 71
1435 13 18 71
2892 13 17 71
3439 13 16 71
3846 14 16 71
44 15 16 71
3176 18 18 71
4243 1 11 71
317 18 0 71
1265 18 1 71
1666 18 2 71
304 4 10 72
1853 3 10 72
2823 4 11 72
3674 3 11 72
1898 0 18 72
2635 17 14 72
4767 0 0 72
4841 1 0 72
4973 2 0 72
3790 0 4 72
1427 6 14 72
2594 7 14 72
4129 10 19 72
5276 8 17 72
1142 18 3 72
1545 17 6 72
2643 5 4 72
1087 15 5 72
2774 15 6 72
5450 19 7 72
500 12 4 72
2519 12 3 72
1000 5 3 72
1495 0 3 72
1487 1 4 72
2102 1 3 72
375 3 0 72
849 9 17 72
637 10 18 72
2571 10 17 72
4070 10 16 72
236 1 12 73
571 1 13 73
1819 0 1 73
2130 1 1 73
2295 4 4 73
3858 4 5 73
4570 6 12 73
349 15 2 73
1188 15 3 73
1306 17 3 73
2665 7 7 73
2861 8 7 73
5154 18 10 73
1614 16 8 73
93 18 5 73
485 15 10 73
3081 14 10 73
468 11 6 73
3473 11 4 73
1629 12 1 73
3955 13 1 73
5116 1 2 73
852 3 1 73
1730 2 1 73
2565 2 2 73
3038 3 2 73
5194 3 3 73
3865 3 4 73
4968 3 5 73
2524 3 6 73
134 0 12 73
174 0 13 73
377 18 9 73
808 17 10 73
837 17 9 73
928 17 8 73
2734 18 8 73
967 18 4 73
2185 17 4 73
353 15 1 73
585 16 1 73
2254 16 2 73
2521 16 3 73
2213 16 4 73
772 16 5 73
3135 16 6 73
315 0 19 74
1522 2 19 74
1735 18 16 74
2407 6 1 74
5029 6 5 74
1486 10 8 74
1760 8 8 74
4196 19 5 74
4103 12 10 74
4447 13 10 74
2513 8 5 74
1549 1 19 74
2730 1 18 74
889 19 6 74
778 18 6 74
2749 18 7 74
5355 17 7 74
3527 16 7 74
3633 15 7 74
1159 5 10 75
1852 5 11 75
3403 5 12 75
5019 4 12 75
5117 2 14 75
431 2 16 75
2054 4 19 75
220 5 18 75
5384 4 17 75
1285 6 2 75
2121 7 2 75
3322 8 2 75
142 12 9 75
1069 12 8 75
3820 12 7 75
840 9 5 75
1048 11 5 75
1983 11 3 75
3024 10 1 75
3676 6 3 75
3528 6 4 75
499 8 1 75
1503 9 1 75
2126 9 2 75
4096 9 3 75
745 8 3 75
2512 3 19 75
399 3 12 75
5269 5 19 75
1421 12 6 75
2480 12 5 75
11 13 7 75
192 13 9 75
720 14 9 75
1708 14 8 75
2377 14 7 75
863 14 6 75
5463 0 16 76
4474 8 19 76
3617 19 14 76
195 5 17 76
674 15 14 76
2152 15 13 76
4325 17 13 76
4445 16 11 76
5143 11 17 76
1397 9 16 76
2427 10 0 76
2274 19 13 76
166 9 17 76
2765 10 17 76
1957 2 10 77
2687 1 11 77
3013 5 13 77
4823 5 14 77
3836 1 14 77
4551 1 16 77
4951 18 19 77
288 15 18 77
1002 16 18 77
1721 14 15 77
4615 15 15 77
4945 7 19 77
2308 6 17 77
3758 19 12 77
5251 4 1 77
3728 6 13 77
1187 13 3 77
2177 4 2 77
623 3 1 77
1650 2 1 77
2683 18 18 77
5252 18 17 77
4863 17 17 77
5217 16 17 77
3737 10 16 77
5006 11 16 77
707 1 17 77
2398 2 17 77
629 5 15 77
1287 4 13 77
4285 2 11 77
1823 2 12 77
2265 2 13 77
2645 3 13 77
4150 3 14 77
158 6 19 77
2454 6 18 77
69 12 19 78
538 12 18 78
3326 17 15 78
3927 4 18 78
5328 19 11 78
456 1 3 78
519 14 14 78
1055 14 13 78
2363 13 13 78
2829 11 13 78
2977 12 14 78
4925 6 15 78
1768 10 14 78
4263 2 8 78
1269 4 7 78
2905 8 13 78
1036 6 11 78
2868 10 12 78
3738 7 8 78
2675 6 0 78
372 13 4 78
2443 11 1 78
798 11 0 78
2080 12 0 78
2442 13 0 78
2649 5 0 78
405 5 1 78
547 5 2 78
1849 5 3 78
2718 2 7 78
1136 0 3 78
2897 0 2 78
4955 1 2 78
3183 6 8 78
4572 12 13 78
5293 10 13 78
3018 7 13 78
2079 13 5 78
4271 12 17 79
5461 12 16 79
1311 17 11 79
2423 8 16 79
3095 0 9 79
3219 12 12 79
4121 3 2 79
5393 2 5 79
3685 6 10 79
4695 7 10 79
3760 8 12 79
4861 3 8 79
4583 8 9 79
5385 10 9 79
929 1 4 79
3336 18 11 79
2714 11 12 79
2009 7 12 79
2134 7 11 79
5249 8 11 79
285 18 14 80
2690 18 15 80
3054 15 19 80
4218 16 19 80
1351 18 18 80
2509 13 17 80
2784 15 17 80
4451 14 12 80
3408 2 4 80
4842 18 1 80
2388 8 6 80
759 4 2 80
2189 4 3 80
1541 13 16 80
458 19 15 80
4054 19 16 80
1183 17 19 80
1612 17 18 80
4293 13 12 80
3575 19 1 80
1289 13 19 81
2317 16 17 81
86 0 17 81
844 1 17 81
2194 2 17 81
3957 4 15 81
4213 11 19 81
75 13 14 81
957 11 16 81
4282 1 9 81
204 8 14 81
2031 11 8 81
471 18 2 81
3956 19 10 81
4537 19 9 81
4735 18 9 81
1523 7 3 81
2693 6 3 81
1478 6 4 81
2793 8 3 81
189 19 13 81
437 18 13 81
1170 18 12 81
4401 17 12 81
4612 13 18 81
3250 14 19 81
5218 14 18 81
1070 14 17 81
1997 14 16 81
2858 15 16 81
223 11 9 81
570 13 15 81
696 12 15 81
3519 11 18 81
467 1 10 81
3445 0 10 81
3499 0 11 81
352 4 14 81
930 19 19 82
3657 19 18 82
419 0 12 82
934 0 13 82
1904 0 14 82
2864 4 10 82
4845 3 10 82
4979 4 11 82
2206 2 12 82
2232 4 0 82
4353 3 0 82
799 9 19 82
3574 9 18 82
1814 1 8 82
2584 11 10 82
3824 17 2 82
5421 19 8 82
1157 0 8 82
5 3 1 82
1250 2 9 82
4302 3 9 82
2670 0 15 82
5435 1 15 82
444 2 11 82
1358 3 11 82
1741 1 12 83
2866 0 18 83
3206 1 18 83
259 0 0 83
294 1 0 83
1068 0 1 83
1347 2 0 83
2581 1 1 83
4430 0 2 83
625 9 17 83
1063 0 5 83
4342 0 6 83
5197 2 7 83
5280 18 0 83
287 15 0 83
1095 15 1 83
2445 17 1 83
3636 17 9 83
1578 14 9 83
2737 14 8 83
286 0 7 83
923 1 7 83
2137 3 7 83
368 1 2 83
999 2 1 83
1571 2 2 83
3132 2 3 83
552 17 14 83
3564 1 13 83
835 17 8 83
1310 18 8 83
1611 18 7 83
73 19 0 83
3187 19 1 83
1490 19 2 83
207 19 3 83
1165 19 4 83
5365 18 4 83
2075 0 19 84
3529 1 19 84
4329 2 19 84
1859 19 16 84
1880 11 14 84
3278 7 9 84
561 5 9 84
5381 3 4 84
2183 6 12 84
2633 10 10 84
416 6 5 84
780 17 4 84
1119 17 7 84
636 0 3 84
786 0 4 84
1164 1 4 84
1623 1 5 84
2975 1 6 84
4738 2 6 84
398 3 3 84
27 4 3 84
1935 4 4 84
659 4 5 84
1189 3 5 84
1407 3 6 84
4851 4 6 84
50 6 9 84
3390 6 8 84
354 4 9 84
2341 4 8 84
1738 19 17 84
4877 17 17 84
3829 7 12 84
4108 7 11 84
2786 2 18 84
587 17 0 84
1485 16 0 84
1538 16 1 84
1771 5 10 85
36 4 13 85
322 2 13 85
489 4 14 85
1088 8 17 85
2235 6 14 85
3551 7 14 85
4051 8 10 85
715 15 3 85
1229 17 3 85
640 18 10 85
3493 17 10 85
4978 16 10 85
1400 8 7 85
2243 17 5 85
184 8 11 85
3490 10 19 85
968 10 18 85
1190 10 17 85
5195 10 16 85
2073 5 11 85
57 15 2 85
2733 16 2 85
3644 16 3 85
643 0 16 86
723 2 16 86
2220 2 14 86
2676 4 19 86
1960 5 1 86
2638 6 1 86
2969 5 2 86
4981 7 1 86
119 9 0 86
2501 16 9 86
5301 8 3 86
2375 7 0 86
4598 8 0 86
1947 3 19 86
235 0 15 86
342 5 15 87
990 5 14 87
2662 5 13 87
2751 5 12 87
2799 4 12 87
2871 0 10 87
2929 1 10 87
3363 0 11 87
3457 2 10 87
4916 1 11 87
1067 8 19 87
2 7 7 87
1471 19 4 87
2262 19 5 87
3450 19 6 87
3648 5 5 87
2316 5 3 87
2428 6 3 87
805 8 8 87
2438 14 10 87
2817 15 10 87
3058 15 9 87
3727 9 6 87
2608 5 4 87
1346 6 4 87
1047 5 8 87
2008 6 8 87
2456 6 7 87
2201 5 7 87
4826 10 8 87
2249 2 11 87
199 3 11 87
1535 3 12 87
3069 3 13 87
4629 3 14 87
784 8 18 87
112 19 3 87
1005 18 3 87
1570 18 4 87
2865 18 5 87
475 15 8 87
1517 12 19 88
1727 12 18 88
1766 18 19 88
2760 17 19 88
2779 17 18 88
2879 17 17 88
2933 1 13 88
3540 1 14 88
3681 19 15 88
4516 19 14 88
4627 19 13 88
4941 18 13 88
2157 17 15 88
2873 4 18 88
316 6 19 88
919 19 11 88
2843 18 11 88
5120 18 17 88
1380 13 18 88
4597 3 18 88
19 1 16 88
739 1 15 88
1808 2 15 88
2178 3 15 88
2603 5 19 88
2744 19 7 88
1228 15 4 88
973 16 4 88
25 16 5 88
430 15 5 88
822 15 6 88
2629 16 6 88
3818 17 6 88
995 16 18 89
3181 15 18 89
3223 15 15 89
4513 4 17 89
5127 5 17 89
1032 17 14 89
3458 17 13 89
3691 16 13 89
3994 15 13 89
348 13 15 89
1080 3 5 89
1609 4 5 89
3021 4 4 89
332 1 2 89
813 6 2 89
1726 7 2 89
424 9 1 89
1590 8 1 89
1946 8 2 89
2091 9 2 89
2364 9 3 89
164 14 15 89
893 12 14 89
1599 12 15 89
2493 11 15 89
2545 5 18 89
730 7 19 89
3275 9 12 89
880 16 19 90
1615 15 19 90
2334 14 19 90
2766 12 17 90
3285 12 16 90
3378 13 16 90
3144 18 14 90
4382 18 15 90
3505 7 18 90
1710 19 12 90
4133 15 12 90
4438 4 1 90
4592 3 1 90
682 6 15 90
1873 11 18 90
2151 11 17 90
4791 9 14 90
5103 0 3 90
4231 13 12 90
1242 8 5 90
1339 12 10 90
2851 12 9 90
3980 12 8 90
4030 12 7 90
5074 12 6 90
1043 11 7 90
2098 11 6 90
4534 10 3 90
4977 13 2 90
3220 0 4 90
608 2 1 90
185 18 12 90
1293 7 17 90
3210 6 18 90
3318 6 17 90
634 13 10 90
610 13 9 90
725 13 8 90
2049 13 7 90
3908 13 19 91
4021 13 18 91
2103 15 17 91
5364 18 18 91
5408 3 17 91
3313 9 16 91
3584 2 2 91
3729 14 12 91
857 9 13 91
1281 6 13 91
5208 5 7 91
789 9 5 91
1494 11 5 91
1685 13 6 91
5338 12 4 91
1923 10 2 91
4748 13 1 91
3544 2 8 91
1941 2 9 91
3317 3 9 91
3032 4 9 91
1605 13 17 91
4798 14 18 91
5239 14 17 91
77 14 16 91
8 16 17 91
666 12 5 91
477 13 5 91
1602 3 18 92
2058 0 17 92
2368 19 19 92
1028 8 16 92
3752 11 19 92
4221 10 19 92
1025 4 2 92
3966 4 3 92
4266 2 4 92
4673 16 12 92
2094 12 12 92
4006 0 9 92
4048 8 13 92
4796 3 7 92
270 10 1 92
977 10 0 92
1714 11 0 92
4318 14 1 92
5202 14 2 92
2937 0 8 92
4315 3 2 92
4793 3 3 92
280 2 3 92
826 6 7 92
3620 17 12 92
3918 17 11 92
3511 19 18 92
988 7 13 92
2238 1 12 93
3337 0 12 93
4449 0 13 93
1620 0 18 93
2798 1 18 93
4025 4 10 93
4409 19 17 93
4756 4 15 93
2713 2 5 93
4084 3 5 93
4227 11 12 93
4333 0 7 93
5262 6 11 93
3883 8 6 93
2064 18 17 93
831 0 14 93
2836 3 10 93
138 0 19 94
1547 1 19 94
1869 3 19 94
2305 2 11 94
2621 2 12 94
3581 0 15 94
4317 4 0 94
4827 3 0 94
1307 1 0 94
3410 0 0 94
474 13 14 94
2211 0 2 94
4000 11 15 94
4191 12 15 94
5319 12 14 94
1234 2 0 94
513 0 1 94
1627 2 19 94
1010 2 18 94
213 6 10 94
1526 7 10 94
703 5 10 95
788 5 11 95
2129 16 19 95
3109 15 19 95
3456 14 19 95
2437 18 14 95
2723 18 15 95
2792 9 19 95
2804 9 17 95
3218 19 0 95
3237 18 0 95
4510 17 0 95
1150 0 4 95
2846 4 13 96
4386 2 13 96
329 16 0 96
2396 15 0 96
113 4 5 96
3986 0 8 96
2761 1 8 96
3719 19 1 97
4270 18 1 97
3184 17 1 97
2203 16 1 97
