2760
2429 19 19 1
2559 18 19 1
4262 19 18 1
4399 16 19 1
2741 18 17 1
1839 19 15 1
2156 0 19 1
2895 1 19 1
3360 0 17 1
3523 3 19 1
1967 2 17 1
3458 0 15 1
4156 18 14 1
3596 19 12 1
2665 16 14 1
1879 17 16 1
4627 17 12 1
4397 15 17 1
4638 14 17 1
2016 12 17 1
318 14 19 1
2830 14 15 1
3884 2 15 1
4700 3 15 1
3049 0 13 1
602 2 13 1
199 19 11 1
237 19 14 1
1723 19 13 1
833 19 17 1
2081 19 16 1
4644 18 16 1
4711 18 15 1
3 17 14 1
90 17 15 1
1218 0 16 1
580 18 18 1
830 17 19 1
1364 16 17 1
506 17 17 1
1105 17 18 1
1939 16 18 1
2174 15 19 1
3180 15 18 1
2909 4 19 1
947 5 19 1
979 6 19 1
1616 7 19 1
2796 8 19 1
1286 13 17 1
618 3 17 1
2604 4 17 1
807 5 17 1
2338 6 17 1
1533 7 17 1
1841 2 19 1
3462 0 18 1
2757 13 15 1
2790 12 15 1
159 11 15 1
1699 10 15 1
4194 9 15 1
3636 4 15 1
4518 5 15 1
918 6 15 1
3089 7 15 1
2636 0 14 1
417 16 12 1
1992 15 12 1
3311 14 12 1
4484 13 12 1
842 12 12 1
1276 3 13 1
3809 4 13 1
2525 5 13 1
156 6 13 1
609 7 13 1
1271 1 13 1
1367 10 0 1
4339 8 0 1
3136 11 0 1
852 10 1 1
2302 7 0 1
3580 8 1 1
2807 12 0 1
3213 11 1 1
4124 10 2 1
1605 6 0 1
4338 7 1 1
892 8 2 1
684 13 0 1
2099 12 1 1
2217 11 2 1
2508 10 3 1
2787 5 0 1
3433 6 1 1
3626 7 2 1
3642 8 3 1
856 14 0 1
934 13 1 1
4608 12 2 1
743 11 3 1
110 10 4 1
923 4 0 1
930 5 1 1
3174 6 2 1
49 7 3 1
2123 8 4 1
2458 15 0 1
135 14 1 1
2928 13 2 1
1799 12 3 1
3454 11 4 1
587 10 5 1
1626 3 0 1
2102 4 1 1
2488 5 2 1
3206 6 3 1
1988 7 4 1
2913 8 5 1
3345 16 0 1
380 15 1 1
3255 14 2 1
1754 13 3 1
2859 12 4 1
785 11 5 1
3625 10 6 1
363 2 0 1
908 3 1 1
2120 4 2 1
4565 5 3 1
3488 6 4 1
3610 7 5 1
4035 8 6 1
4534 17 0 1
4595 16 1 1
2620 15 2 1
2805 14 3 1
3279 13 4 1
3451 12 5 1
797 11 6 1
1735 10 7 1
2646 1 0 1
4012 2 1 1
4032 3 2 1
4182 4 3 1
4720 5 4 1
433 6 5 1
1509 7 6 1
1549 8 7 1
3577 18 0 1
143 17 1 1
2096 16 2 1
3559 15 3 1
3855 14 4 1
3897 13 5 1
3655 0 0 1
511 4 5 1
756 1 18 2
1182 1 17 2
2890 2 16 2
3987 3 16 2
4239 13 19 2
2062 11 19 2
4096 14 18 2
2523 10 19 2
3382 9 19 2
4571 10 18 2
1363 14 16 2
2104 15 16 2
2610 14 14 2
3348 17 13 2
3973 16 13 2
3394 0 12 2
1195 2 12 2
2400 0 10 2
2436 3 12 2
3298 2 10 2
1099 0 8 2
1853 0 9 2
525 18 13 2
2760 18 12 2
4745 18 11 2
851 17 11 2
903 16 11 2
1780 4 12 2
3210 5 12 2
3871 6 12 2
902 7 12 2
3192 8 13 2
2861 8 12 2
98 16 16 2
181 1 16 2
1716 1 15 2
2383 1 14 2
2977 2 14 2
744 3 14 2
4578 13 16 2
699 12 16 2
87 9 18 2
3102 2 18 2
3218 3 18 2
3788 4 18 2
4352 5 18 2
106 6 18 2
309 13 18 2
322 12 19 2
911 12 18 2
2181 11 18 2
2597 4 16 2
1386 5 16 2
2259 6 16 2
2676 7 16 2
995 3 10 2
2846 4 10 2
776 5 10 2
1642 6 10 2
1956 7 10 2
4877 0 11 2
339 1 12 2
1691 9 10 2
2842 10 17 3
3287 9 17 3
4274 7 18 3
4619 4 14 3
427 2 11 3
593 3 11 3
414 2 9 3
3950 3 9 3
28 13 14 3
2144 11 14 3
2377 10 14 3
307 11 12 3
1380 5 5 3
982 6 6 3
145 7 7 3
1646 5 9 3
1960 9 12 3
1221 1 11 3
1628 1 10 3
3980 1 9 3
1103 1 8 3
4656 2 8 3
2071 4 9 3
2443 6 7 3
1971 5 6 3
3750 5 7 3
1229 15 11 3
555 14 11 3
805 13 11 3
1494 12 11 3
2451 10 10 3
3061 11 10 3
3624 11 11 3
920 12 14 3
1876 5 14 3
2717 6 14 3
1460 7 14 3
3936 11 17 3
84 11 16 3
491 10 16 3
1644 9 16 3
1725 8 18 3
4087 8 17 3
2080 8 16 3
698 4 11 3
2724 5 11 3
3053 6 11 3
626 7 11 3
3833 13 10 4
4405 12 10 4
4497 13 9 4
862 11 9 4
1233 13 7 4
1916 10 9 4
3640 3 8 4
4034 6 9 4
3910 11 7 4
4249 13 8 4
229 12 9 4
218 4 8 4
1436 5 8 4
1825 6 8 4
2324 9 9 4
2422 8 15 4
2512 8 14 4
2906 9 14 4
1815 9 13 4
4098 7 9 5
4343 8 1 5
1277 10 1 5
3489 7 8 5
780 10 2 6
1703 8 2 6
1993 12 0 6
850 12 2 7
1150 6 1 7
3948 11 2 7
907 8 3 7
2238 10 3 7
1318 13 0 8
1528 13 2 8
2980 5 1 8
3018 7 3 8
202 14 0 9
320 14 2 9
939 10 6 9
3355 11 3 9
3400 11 5 9
4002 3 0 9
4425 4 1 9
3146 5 2 9
3276 6 3 9
1113 8 5 9
131 4 0 9
2220 5 0 9
1662 6 0 9
3101 6 2 9
1360 7 2 9
1736 7 1 9
483 7 0 9
1800 8 0 9
475 0 7 10
538 1 7 10
635 0 6 10
1418 2 7 10
2235 1 6 10
250 0 4 10
2495 4 7 10
3500 2 5 10
3926 0 3 10
4682 0 1 10
1026 3 1 10
2336 2 0 10
3337 3 2 10
2483 5 3 10
2605 11 8 10
3000 9 8 10
447 13 6 10
2055 11 6 10
2077 15 0 10
3122 15 2 10
4403 12 3 10
1474 6 5 10
2091 8 6 10
3219 10 5 10
1976 12 8 10
2329 12 7 10
2613 12 6 10
333 0 5 10
3253 1 5 10
4329 4 2 10
328 4 3 10
347 3 3 10
916 0 2 10
1207 2 1 10
1190 1 0 10
573 2 6 10
3793 3 7 10
539 7 6 10
1553 7 5 10
1243 10 8 10
1048 10 7 10
1213 17 19 11
2169 18 19 11
3851 19 19 11
4220 19 10 11
1694 17 10 11
2693 19 8 11
4616 16 10 11
406 17 8 11
3876 19 6 11
1027 18 5 11
1561 19 3 11
2756 16 5 11
3247 18 3 11
3441 19 1 11
3731 14 10 11
1093 15 8 11
2114 15 7 11
2501 2 2 11
2664 2 3 11
4151 17 0 11
3297 17 2 11
954 15 3 11
1074 19 2 11
2035 18 2 11
3895 19 0 11
921 18 0 11
2157 18 1 11
2941 17 1 11
1871 19 5 11
1738 19 4 11
2705 18 4 11
340 9 1 11
251 9 2 11
379 9 3 11
728 19 7 11
854 19 9 11
909 18 10 11
770 18 8 11
3734 18 9 11
3742 17 9 11
1426 14 7 11
2824 14 8 11
1687 14 9 11
938 15 10 11
1696 15 9 11
68 16 9 11
93 16 8 11
1009 16 7 11
1023 17 7 11
4074 18 7 11
2869 18 6 11
3211 17 5 11
2920 17 6 11
3922 16 6 11
1671 15 6 11
1809 15 5 11
1915 14 5 11
2594 13 5 11
1889 12 5 11
1167 14 3 11
1608 13 3 11
577 16 0 11
1775 15 19 12
4666 16 19 12
952 0 0 12
2589 1 0 12
3380 11 11 12
4687 9 11 12
361 9 9 12
3944 3 5 12
4298 17 3 12
1753 17 4 12
3455 1 1 12
3953 1 2 12
4196 1 3 12
351 1 4 12
1317 2 4 12
1483 3 4 12
4564 3 6 12
518 4 6 12
1060 4 5 12
1122 4 4 12
1358 5 4 12
2369 6 4 12
1555 7 4 12
1978 8 4 12
709 11 10 12
3060 15 18 12
4010 16 18 12
3606 8 11 12
2492 6 18 13
2792 5 18 13
3321 4 18 13
2652 3 14 13
3379 2 14 13
4558 1 14 13
4642 19 18 13
1432 19 16 13
2419 17 17 13
4635 13 19 13
2833 19 17 13
162 17 18 13
825 18 18 13
1181 18 17 13
2681 18 16 13
758 13 18 13
3134 12 19 13
1598 12 18 13
450 11 18 13
1623 1 15 13
3811 12 11 14
3880 13 11 14
101 0 19 14
137 1 19 14
1109 0 18 14
2933 2 19 14
2658 14 11 14
2901 15 11 14
3434 16 11 14
3597 17 11 14
2927 18 11 14
3132 18 12 14
884 2 18 15
4468 3 18 15
2791 1 18 15
3810 1 17 15
4188 0 17 15
4289 0 16 15
2171 18 13 15
1178 8 19 15
1520 10 17 15
1596 9 17 15
2147 19 13 15
1777 4 14 15
1835 5 14 15
3492 6 14 15
645 7 14 15
410 3 19 15
70 4 19 15
1306 5 19 15
1640 6 19 15
1866 7 19 15
1268 0 14 16
3799 0 15 16
3978 1 15 16
4140 1 16 16
1552 3 17 16
3341 4 17 16
4761 5 17 16
1857 17 14 16
3924 7 18 16
4057 7 17 16
608 13 10 16
1171 12 10 16
4135 13 9 16
4259 11 10 16
866 14 4 16
2205 15 4 16
3815 13 4 16
1227 10 2 16
1191 12 0 16
1647 16 4 16
331 16 3 16
1484 16 2 16
2747 16 1 16
171 15 1 16
3170 14 1 16
391 18 14 16
935 2 17 16
1058 2 16 16
2356 3 16 16
3115 4 16 16
3969 5 16 16
4410 6 17 16
4674 6 16 16
4857 7 16 16
468 12 19 17
708 11 19 17
1050 10 19 17
1146 9 19 17
1927 10 18 17
2178 9 18 17
2825 2 8 17
3085 13 8 17
3829 12 9 17
3918 12 2 17
3935 11 2 17
4648 6 1 17
2921 12 8 17
1706 12 18 17
4362 11 18 17
3939 11 17 17
443 8 18 17
781 8 17 17
1697 1 8 17
2389 6 2 17
984 14 16 18
2222 13 16 18
2462 1 9 18
3800 6 9 18
695 9 10 18
1693 8 4 18
1729 10 3 18
3747 13 3 18
4560 13 2 18
4592 13 0 18
1567 9 2 18
390 5 1 18
2853 5 0 18
3362 6 0 18
4261 13 7 18
3775 11 9 18
3010 12 16 18
4419 11 16 18
299 10 16 18
571 9 16 18
1011 8 16 18
1477 8 15 18
2402 8 14 18
3856 9 14 18
4689 9 13 18
129 18 11 19
2715 19 11 19
3497 18 12 19
4247 19 12 19
2788 16 16 19
4018 17 13 19
4861 16 13 19
749 14 14 19
761 2 9 19
3157 3 9 19
2290 7 9 19
2370 11 7 19
4842 10 6 19
393 11 3 19
61 14 3 19
2011 7 2 19
420 7 0 19
434 8 0 19
2315 14 2 19
2686 14 0 19
317 14 1 19
1144 13 1 19
1624 12 1 19
359 7 1 19
1973 12 7 19
2697 12 6 19
1637 19 13 19
1909 19 14 19
3848 19 15 19
2817 15 16 19
3907 3 8 19
180 4 9 19
319 4 8 19
3460 5 8 19
3995 6 8 19
730 7 8 19
802 0 12 20
2552 0 11 20
3586 0 7 20
968 2 7 20
1452 0 5 20
3069 3 7 20
1042 3 0 20
1086 4 0 20
2365 3 3 20
4321 10 1 20
3385 11 1 20
1928 4 5 20
2862 0 6 20
4426 1 7 20
385 19 19 21
2954 18 19 21
3844 17 19 21
4015 16 14 21
2004 0 9 21
2286 1 12 21
1551 19 10 21
2136 18 10 21
3073 2 12 21
325 4 12 21
4458 5 12 21
3672 18 7 21
4754 17 7 21
97 0 1 21
1256 0 2 21
1365 0 3 21
3268 0 4 21
44 4 7 21
1456 4 6 21
1880 7 12 21
399 14 6 21
2780 4 3 21
2800 7 4 21
529 0 10 21
330 1 10 21
1849 1 11 21
3779 2 11 21
280 3 12 21
395 3 11 21
1918 6 12 21
1595 8 12 21
872 3 6 21
996 1 6 21
2357 2 6 21
3072 2 5 21
4683 1 5 21
342 15 19 22
779 16 19 22
2148 19 7 22
2321 19 8 22
4288 18 8 22
2300 15 10 22
72 17 10 22
2486 13 14 22
2554 12 14 22
4583 4 11 22
4826 5 11 22
2375 18 6 22
172 1 2 22
815 1 3 22
1478 1 1 22
638 4 1 22
666 19 9 22
2005 18 9 22
712 15 9 22
2086 16 10 22
754 1 4 22
1197 2 4 22
3919 3 4 22
47 4 4 22
523 2 0 22
1214 2 1 22
1526 3 1 22
2311 3 2 22
4539 4 2 22
3415 17 16 23
790 17 11 23
1018 15 11 23
2087 14 11 23
3252 14 12 23
1108 12 12 23
3680 17 8 23
4661 19 6 23
120 17 6 23
1602 11 9 23
959 12 7 23
1374 12 6 23
2034 9 8 23
3184 5 4 23
503 6 2 23
3256 17 9 23
2126 16 9 23
3130 16 8 23
4614 16 7 23
7 12 8 23
2814 11 8 23
1289 17 12 23
759 16 11 23
1919 16 12 23
2978 15 12 23
4702 5 2 23
1275 5 3 23
3850 6 4 23
1372 6 3 23
3838 7 3 23
1346 18 18 24
2314 15 18 24
3824 4 19 24
3933 5 19 24
113 13 18 24
1315 12 18 24
1617 13 17 24
4555 11 18 24
1511 12 11 24
2769 13 11 24
3780 13 12 24
4762 10 14 24
732 19 4 24
3046 17 5 24
4454 13 7 24
4637 13 6 24
843 15 2 24
2653 14 2 24
4331 15 0 24
496 11 6 24
1575 11 5 24
2992 12 3 24
4825 19 5 24
1762 18 5 24
3688 16 0 24
1091 14 0 24
173 11 14 24
3275 0 18 25
4633 0 19 25
4686 1 19 25
462 3 19 25
1790 2 17 25
3849 12 17 25
2352 1 11 25
4183 3 11 25
600 4 9 25
3272 15 5 25
598 14 5 25
4395 17 4 25
1051 19 3 25
4163 19 2 25
828 8 6 25
4716 10 5 25
839 18 4 25
256 18 3 25
1574 18 2 25
2192 13 5 25
3476 12 5 25
149 12 4 25
899 11 4 25
3248 10 4 25
2392 7 6 25
1130 2 19 25
914 2 11 25
4611 8 11 25
3124 7 11 25
188 6 11 25
1935 0 16 26
3491 0 17 26
1578 19 18 26
36 2 16 26
55 3 16 26
1900 4 16 26
2437 5 16 26
2731 1 14 26
3511 2 14 26
19 11 17 26
2308 19 0 26
3611 18 0 26
1455 7 5 26
999 19 1 26
3945 18 1 26
1333 3 14 26
436 4 14 26
652 5 14 26
1524 6 14 26
1661 7 14 26
367 0 14 27
1440 0 15 27
817 1 15 27
1466 13 19 27
4125 12 19 27
556 9 19 27
599 19 13 27
2732 19 15 27
3579 17 17 27
2270 7 19 27
690 14 10 27
3011 14 9 27
3116 15 9 27
4112 11 12 27
4116 6 5 27
4496 5 5 27
707 12 9 27
1722 17 1 27
3892 6 0 27
3257 16 9 27
748 11 2 27
2599 6 1 27
738 18 17 27
1070 19 17 27
1272 19 16 27
134 18 16 27
1755 19 14 27
4317 17 18 27
4796 16 18 27
190 1 16 27
2813 1 17 27
481 1 18 27
3114 2 18 27
1521 6 19 27
3738 11 19 27
3913 10 19 27
3354 5 6 27
4662 5 7 27
2069 4 18 28
3639 5 18 28
3979 18 13 28
4607 18 14 28
2388 13 16 28
3175 14 16 28
4605 10 17 28
1446 8 19 28
118 1 9 28
958 14 8 28
3556 14 7 28
4514 15 7 28
1547 6 9 28
1655 4 4 28
3006 3 4 28
20 8 5 28
3726 12 2 28
3310 7 1 28
940 15 6 28
3623 15 8 28
1159 16 8 28
4788 16 7 28
710 16 6 28
3278 16 5 28
3861 16 4 28
4810 17 0 28
189 16 0 28
4307 18 15 28
3193 10 18 28
685 9 18 28
3431 3 18 28
3512 3 17 28
369 4 17 28
1888 5 17 28
3459 1 8 28
1599 19 11 29
2815 18 11 29
3290 19 12 29
976 17 14 29
2866 7 18 29
4794 8 18 29
138 9 17 29
3923 9 11 29
3399 9 10 29
4361 3 1 29
4413 11 11 29
4829 14 0 29
1057 13 3 29
1102 10 4 29
1539 8 4 29
3453 13 2 29
26 13 0 29
2105 17 15 29
370 18 12 29
261 8 17 29
3359 7 17 29
140 6 18 29
4168 6 17 29
2663 8 11 29
3306 7 11 29
2500 6 11 29
1656 0 0 29
1952 1 0 29
3676 16 16 30
3410 14 15 30
4198 13 15 30
282 17 12 30
1444 15 12 30
2070 0 12 30
2387 0 11 30
54 8 15 30
1517 8 14 30
3839 10 15 30
1039 0 7 30
4478 1 7 30
1834 2 6 30
2670 2 8 30
3971 13 10 30
2084 4 5 30
867 2 0 30
1138 2 1 30
2399 9 9 30
3858 6 1 30
1570 13 9 30
775 13 8 30
151 12 8 30
659 12 10 30
1566 11 10 30
166 17 13 30
2342 16 12 30
3898 9 13 30
121 9 14 30
755 9 15 30
1334 0 10 30
2464 1 10 30
4657 16 14 31
4659 14 14 31
2475 12 15 31
3284 4 10 31
1189 2 7 31
2074 3 7 31
3699 0 6 31
4294 1 6 31
623 1 4 31
4812 5 6 31
4568 7 6 31
4055 11 4 31
3689 18 1 31
1384 11 8 31
4853 18 2 31
3835 18 3 31
4143 17 3 31
396 13 5 31
267 12 5 31
1530 12 4 31
1614 13 4 31
2162 14 4 31
3261 15 4 31
62 16 13 31
4051 19 19 31
2602 12 16 31
632 3 10 31
1892 6 6 31
4234 3 6 31
4356 3 5 31
3941 0 5 31
201 1 5 31
1692 2 5 31
3025 2 4 31
2924 16 19 32
726 3 14 32
3673 4 14 32
4308 5 14 32
840 7 14 32
1712 7 15 32
2125 18 8 32
2423 19 10 32
3781 18 10 32
4250 8 10 32
2177 3 0 32
4323 4 0 32
4601 3 3 32
2553 11 7 32
2762 8 2 32
3687 10 1 32
4079 11 2 32
1098 5 0 32
521 5 1 32
82 8 9 32
1503 2 15 32
304 3 15 32
2659 4 15 32
4390 5 15 32
1066 6 14 32
687 6 15 32
2424 15 19 33
3571 18 16 33
3887 17 16 33
1651 15 10 33
2839 16 10 33
3319 3 12 33
133 6 8 33
178 8 8 33
1627 12 1 33
1734 7 2 33
2785 10 2 33
1029 11 1 33
191 11 3 33
1282 10 3 33
3591 18 15 33
2 17 15 33
1507 16 15 33
2582 14 19 33
2289 18 19 34
2502 17 19 34
2736 15 18 34
3543 0 13 34
3701 1 13 34
3942 17 10 34
2822 12 14 34
3828 13 14 34
4430 4 12 34
4488 5 12 34
4731 4 11 34
596 5 9 34
1450 17 3 34
1496 8 1 34
1371 7 0 34
2929 8 0 34
941 1 12 34
1038 17 11 34
2111 19 16 34
1531 19 17 34
3964 18 17 34
3830 18 18 34
670 17 18 34
2299 0 19 35
3034 1 19 35
3141 0 18 35
3875 2 19 35
4463 1 18 35
534 10 19 35
1145 11 19 35
1534 4 19 35
1964 5 19 35
4517 6 19 35
1400 13 17 35
1783 15 11 35
2024 14 11 35
3036 14 12 35
3834 3 13 35
1174 19 9 35
2763 19 8 35
831 7 13 35
2274 8 13 35
2467 8 12 35
3712 8 11 35
1513 5 11 35
531 18 9 35
43 2 13 35
1863 2 12 35
2854 2 11 35
977 5 10 35
1353 4 13 35
2592 5 13 35
3486 6 13 35
603 6 18 36
1320 1 8 36
2153 0 8 36
2521 0 9 36
2884 13 11 36
2904 12 11 36
3109 13 12 36
4733 12 12 36
155 10 16 36
208 11 16 36
486 11 15 36
2201 11 14 36
3269 19 7 36
2970 17 7 36
2996 19 5 36
2457 17 9 36
4849 7 11 36
2640 1 0 36
2719 1 1 36
3338 1 2 36
574 19 6 36
298 18 7 36
1110 17 8 36
314 16 9 36
537 16 8 36
1538 16 7 36
60 0 10 36
633 0 14 37
767 0 15 37
1375 0 16 37
1536 1 16 37
1763 0 17 37
3367 1 17 37
4531 12 19 37
2045 12 16 37
407 3 19 37
4416 3 18 37
889 14 19 37
1155 0 0 37
1443 0 1 37
2116 0 2 37
2411 0 4 37
3813 18 5 37
4186 16 6 37
4401 19 4 37
4809 11 10 37
448 18 4 37
1250 18 3 37
2619 18 2 37
2237 17 2 37
1669 18 6 37
3326 17 6 37
697 0 3 37
782 1 3 37
4136 0 5 37
4688 1 5 37
1016 11 9 37
243 13 19 37
23 2 18 37
228 9 19 38
238 9 18 38
2333 19 19 38
3143 19 18 38
4133 19 17 38
584 4 18 38
3461 5 18 38
3777 19 14 38
2285 17 15 38
4492 18 12 38
553 16 11 38
1612 16 12 38
3560 12 8 38
3575 12 7 38
1147 4 7 38
1579 4 6 38
3402 3 6 38
4272 15 4 38
4495 9 8 38
1072 10 6 38
1212 5 4 38
2504 6 4 38
402 5 1 38
606 4 1 38
1117 10 17 39
2482 12 17 39
2706 1 14 39
3013 2 14 39
2019 3 15 39
2802 4 15 39
3282 18 17 39
4505 18 18 39
4591 17 11 39
1589 3 17 39
2519 4 17 39
4214 6 15 39
1701 16 15 39
2675 1 12 39
4536 1 11 39
103 3 11 39
158 3 10 39
2855 13 8 39
3242 13 7 39
1936 12 5 39
2718 7 12 39
4569 5 3 39
3477 12 4 39
1222 18 11 39
2173 19 11 39
3314 19 12 39
360 19 13 39
371 19 16 39
2219 19 15 39
4176 18 15 39
59 10 18 39
3226 2 17 39
174 1 15 39
1046 2 15 39
3251 2 16 39
2142 3 16 39
2632 4 16 39
1082 5 15 39
3047 2 12 39
524 2 11 39
4860 6 12 39
95 6 11 39
297 17 17 40
2672 1 9 40
3846 4 9 40
1297 14 8 40
4758 15 8 40
2840 14 6 40
2965 15 3 40
437 17 2 40
161 15 0 40
3807 13 2 40
819 14 7 40
657 17 18 40
846 11 17 40
100 11 18 40
2466 12 18 40
3121 13 18 40
3038 14 18 40
364 15 17 41
601 14 17 41
4122 7 19 41
4838 8 19 41
401 7 17 41
1429 6 17 41
3771 18 14 41
3501 16 14 41
1846 14 14 41
2346 10 14 41
988 9 12 41
4535 18 2 41
4599 18 3 41
4847 17 5 41
1980 2 4 41
3735 6 9 41
1389 13 4 41
2699 15 2 41
2826 7 5 41
1813 18 4 41
2401 17 4 41
2231 11 5 41
3588 11 6 41
3900 12 6 41
2995 13 6 41
3711 13 5 41
2403 14 2 41
3727 14 3 41
4265 14 4 41
1948 2 3 41
2476 2 2 41
572 7 4 41
739 18 13 41
1359 17 14 41
1120 5 17 41
2931 7 18 41
1162 8 18 41
2709 14 16 42
4171 12 15 42
4580 14 10 42
224 4 10 42
233 11 12 42
997 5 5 42
1352 6 5 42
1445 6 6 42
1902 9 11 42
1035 8 5 42
1990 12 2 42
654 14 9 42
658 19 3 42
1802 19 2 42
1124 19 1 42
2036 19 0 42
3285 18 0 42
1244 12 4 42
878 13 16 42
1543 9 17 42
1787 19 15 43
2690 18 15 43
2723 0 12 43
3005 0 11 43
1895 15 12 43
3043 15 9 43
3864 12 10 43
1321 11 11 43
1793 9 10 43
4013 8 6 43
1943 17 0 43
4150 16 0 43
983 5 2 43
4105 6 2 43
4320 6 3 43
2991 14 0 43
3135 17 1 43
1510 13 9 43
2660 12 9 43
264 11 9 43
796 17 12 43
4846 17 13 43
387 16 13 43
1140 19 16 43
3015 18 16 43
3154 17 16 43
405 18 19 44
3564 17 19 44
4319 16 19 44
4005 6 14 44
257 0 13 44
2725 1 13 44
4522 2 13 44
165 9 16 44
686 8 14 44
1292 15 10 44
1913 17 10 44
737 10 15 44
2012 16 5 44
2891 16 4 44
1142 7 3 44
2810 8 3 44
752 16 10 44
2615 16 9 44
1100 17 18 44
227 15 19 44
3325 3 14 44
4110 4 14 44
2121 5 14 44
516 5 15 44
18 0 19 45
718 1 19 45
1390 0 18 45
1459 2 19 45
3732 1 18 45
3100 14 15 45
2047 19 10 45
2514 17 6 45
3052 2 11 45
3906 2 12 45
4432 4 13 45
845 6 13 45
932 4 11 45
1248 3 7 45
2905 2 7 45
4567 1 7 45
2804 12 14 45
1893 0 5 45
1014 6 8 45
1206 5 10 45
2225 13 5 45
286 8 8 45
494 3 2 45
2843 10 4 45
4875 10 2 45
3425 12 1 45
1548 7 2 45
4387 7 1 45
490 11 1 45
3305 3 1 45
1718 0 7 45
1910 0 6 45
313 18 10 45
13 13 6 45
1104 12 6 45
1977 11 6 45
291 7 14 45
1430 5 13 45
860 10 19 46
2499 11 19 46
2628 4 19 46
4575 5 19 46
1514 0 9 46
2262 0 8 46
4060 1 8 46
3243 3 9 46
4009 13 11 46
1087 2 2 46
4350 1 6 46
818 5 9 46
4643 5 6 46
30 17 4 46
2754 8 1 46
2145 17 3 46
1396 16 3 46
3867 16 2 46
4753 2 6 46
1096 12 11 46
777 12 12 46
540 6 19 46
2794 0 10 46
104 1 10 46
992 2 10 46
1255 2 9 46
1645 2 8 46
2684 3 8 46
2922 4 8 46
3558 5 8 46
3981 5 7 46
4181 6 7 46
301 0 14 47
675 0 15 47
3245 1 15 47
4540 0 16 47
2886 2 18 47
897 15 18 47
1750 14 18 47
2009 13 18 47
2607 13 17 47
3432 6 18 47
3593 7 18 47
3819 13 12 47
702 10 18 47
3092 10 16 47
620 19 5 47
3493 3 13 47
1021 17 8 47
4368 16 8 47
1737 13 10 47
3422 8 10 47
4225 13 9 47
1417 12 9 47
128 11 9 47
3356 16 18 47
1441 15 11 47
1673 14 11 47
2152 14 12 47
3236 2 17 47
67 0 17 47
1652 1 17 47
2982 1 16 47
4717 3 12 47
3377 4 12 47
3601 7 6 47
463 16 17 48
1497 9 19 48
4089 9 17 48
2355 13 16 48
4260 12 16 48
4566 13 15 48
1032 19 9 48
1274 19 8 48
1523 19 7 48
418 2 5 48
2837 3 5 48
719 8 9 48
3023 12 4 48
3704 5 1 48
683 3 1 48
2216 3 0 48
2247 10 5 48
1040 7 4 48
614 1 5 48
3012 4 5 48
3273 4 4 48
3677 3 4 48
4459 19 6 48
1439 18 6 48
2161 8 4 48
4756 19 19 48
2867 13 14 48
703 9 18 48
1564 8 18 48
2803 8 17 48
4562 8 16 48
168 1 14 49
643 2 14 49
2168 3 14 49
2579 4 14 49
198 19 14 49
672 19 13 49
729 11 18 49
277 7 13 49
2130 19 0 49
2330 19 1 49
1188 18 0 49
423 16 9 49
1559 17 9 49
1760 18 9 49
2373 18 8 49
1152 10 17 49
1111 3 19 49
1594 5 14 49
3631 8 13 49
1127 8 12 49
1332 8 11 49
1707 16 18 50
1727 17 18 50
1981 18 18 50
2154 19 18 50
2806 18 17 50
3396 19 17 50
4374 3 15 50
3901 5 15 50
4029 19 11 50
273 17 11 50
1225 17 12 50
2445 17 15 50
2465 17 14 50
4380 7 11 50
3977 0 0 50
1709 2 0 50
2631 0 2 50
3808 0 4 50
4670 11 9 50
1680 9 9 50
3660 11 7 50
4145 10 3 50
661 8 2 50
813 19 12 50
868 18 11 50
2050 18 12 50
3982 15 19 50
653 2 15 50
1412 4 15 50
1868 6 12 50
1817 0 3 50
1391 1 4 50
2479 2 1 50
1247 0 1 50
2408 1 0 50
3890 1 1 50
1357 1 2 50
3608 1 3 50
3757 2 3 50
1911 6 1 50
2294 1 17 51
2926 2 17 51
3373 4 17 51
4391 4 18 51
388 19 16 51
595 18 16 51
674 14 17 51
3004 15 17 51
3983 7 16 51
3602 16 11 51
1118 1 9 51
4102 4 9 51
4192 11 8 51
4388 10 1 51
1771 17 17 51
1818 17 16 51
2529 1 16 51
2836 2 16 51
713 3 18 51
2573 3 17 51
2688 3 16 51
2870 4 16 51
4621 5 18 51
111 6 19 52
583 7 19 52
1010 8 19 52
2851 14 16 52
2955 16 15 52
3150 16 12 52
147 15 11 52
3940 1 12 52
323 12 15 52
3227 18 6 52
2023 16 6 52
3765 15 8 52
4751 11 10 52
4590 18 5 52
904 18 4 52
963 19 4 52
1845 19 3 52
3522 19 2 52
2067 19 1 52
2477 18 1 52
373 14 10 52
1786 16 16 52
1949 15 16 52
2944 15 15 52
1045 14 11 52
2740 8 18 52
2609 19 15 53
2115 6 17 53
3294 0 12 53
3315 0 11 53
4011 0 10 53
2426 15 14 53
2252 3 11 53
2679 4 10 53
4471 15 6 53
530 12 12 53
969 11 12 53
1674 8 11 53
3404 4 7 53
3483 13 8 53
255 13 6 53
2572 5 5 53
3628 6 5 53
2696 7 6 53
3142 15 4 53
3327 15 3 53
4783 16 3 53
544 17 1 53
4340 9 8 53
4509 12 2 53
1337 15 5 53
1541 13 7 53
2271 13 9 53
3196 2 6 53
4206 3 6 53
3249 4 6 53
2645 4 5 53
607 18 15 53
1251 18 14 53
1220 18 13 53
2976 17 13 53
31 5 17 53
4042 7 17 53
4500 8 17 53
4852 8 16 53
2213 1 11 53
3176 1 10 53
4671 2 10 53
4811 2 9 53
2106 2 8 53
112 6 6 53
2190 19 19 54
2608 18 19 54
3056 17 9 54
3698 16 9 54
3702 15 9 54
1259 12 10 54
1336 12 9 54
4131 12 8 54
183 12 7 54
678 16 14 54
721 16 13 54
3600 17 19 54
239 16 19 54
592 15 19 54
610 14 19 54
693 13 19 54
1166 0 17 55
1470 0 18 55
1765 1 18 55
2113 0 19 55
881 14 12 55
4257 5 11 55
2185 8 12 55
3603 9 11 55
3582 13 3 55
71 11 6 55
1238 10 6 55
1985 8 6 55
822 15 0 55
1823 13 2 55
350 12 3 55
2564 12 6 55
2187 12 5 55
3099 11 5 55
3209 11 4 55
4588 11 3 55
597 11 2 55
2066 11 1 55
613 9 10 55
263 15 12 55
944 15 13 55
784 1 19 55
3818 7 12 55
2910 4 19 56
3905 5 14 56
4344 13 14 56
440 7 14 56
1848 10 14 56
4816 18 1 56
2584 18 0 56
2938 17 0 56
4538 16 0 56
337 5 19 56
1269 5 18 56
1953 5 17 56
1745 6 14 56
2325 0 14 57
2617 0 15 57
3955 1 15 57
3970 0 16 57
266 0 13 57
451 1 13 57
1137 2 13 57
1615 2 12 57
2503 3 12 57
3452 2 11 57
4304 19 10 57
4876 18 10 57
1894 8 17 57
4582 8 16 57
1493 0 9 57
2474 0 8 57
235 5 13 57
4066 17 6 57
3204 9 12 57
1752 18 4 57
3216 18 3 57
1654 19 1 57
4022 5 4 57
4363 5 3 57
1487 4 1 57
1295 19 4 57
1714 19 3 57
3014 19 2 57
3230 18 2 57
2900 17 3 57
4541 17 2 57
757 16 2 57
3228 16 1 57
3347 15 1 57
816 18 9 57
2180 18 8 57
4421 18 7 57
4586 17 7 57
4069 16 7 57
3661 15 7 57
3585 4 0 57
2372 5 0 57
3307 6 4 57
1708 6 3 57
669 1 8 57
3393 1 11 57
3665 1 10 57
119 4 13 57
296 2 19 58
2481 8 18 58
79 1 16 58
576 17 17 58
1132 8 14 58
1807 9 16 58
809 0 6 58
3521 0 7 58
4781 1 7 58
1414 3 7 58
3889 4 11 58
4169 2 9 58
4420 13 1 58
1106 17 10 58
1153 16 10 58
2923 15 10 58
3181 14 10 58
429 14 9 58
2438 14 8 58
415 2 7 58
3361 14 11 58
452 3 19 58
1601 2 8 58
1808 4 12 58
2065 5 12 58
3578 6 13 58
589 1 14 59
2328 3 14 59
3110 4 14 59
14 7 17 59
1959 7 18 59
2032 6 18 59
4532 5 18 59
3296 15 19 59
2650 13 19 59
4359 11 19 59
2341 13 17 59
3387 16 17 59
1013 10 15 59
1822 12 13 59
4494 12 14 59
2742 16 4 59
11 1 2 59
985 1 1 59
1264 2 1 59
3414 2 2 59
879 14 19 59
3144 12 19 59
1168 2 14 59
3033 19 17 60
1037 17 19 60
1177 3 15 60
1453 17 16 60
2635 16 16 60
3263 10 19 60
3604 10 18 60
3682 11 17 60
605 13 15 60
1397 13 16 60
4119 0 5 60
3478 2 4 60
2197 6 3 60
4246 8 4 60
847 8 2 60
727 7 3 60
1733 8 3 60
213 19 18 60
2758 18 17 60
861 16 19 60
125 2 15 60
2899 1 17 61
27 19 11 61
1280 18 11 61
1408 19 12 61
2344 18 12 61
2098 6 16 61
3991 19 9 61
499 19 6 61
1112 7 10 61
1618 18 5 61
1937 1 6 61
691 3 4 61
184 17 5 61
2014 16 5 61
4677 15 5 61
1717 18 9 61
2774 2 18 61
3067 5 19 62
3739 6 19 62
272 3 17 62
1179 3 18 62
1335 19 14 62
2549 18 14 62
2570 19 13 62
3656 17 14 62
622 17 11 62
844 15 16 62
1241 14 16 62
2621 15 15 62
4594 14 15 62
505 16 12 62
1204 15 12 62
3152 1 12 62
886 19 7 62
1077 7 12 62
570 6 8 62
1741 2 5 62
1842 3 5 62
604 19 5 62
2079 19 4 62
2354 19 3 62
3201 19 2 62
2269 18 2 62
344 19 8 62
4778 1 5 62
3309 1 4 62
1260 1 3 62
1508 2 6 62
3449 3 6 62
1761 4 6 62
2366 4 5 62
3188 4 4 62
2603 18 13 62
3976 17 12 62
890 17 13 62
3398 7 19 62
150 8 19 62
2186 9 19 62
3021 9 18 62
1883 9 17 62
258 10 17 62
2885 10 16 62
3697 4 18 62
295 4 17 62
3708 2 17 62
4068 2 16 62
1266 3 16 62
473 7 11 62
419 17 18 63
2150 19 16 63
2166 15 17 63
3129 19 15 63
288 12 15 63
3258 7 16 63
4449 3 13 63
232 14 14 63
1107 5 9 63
4347 5 6 63
1115 8 9 63
3703 11 5 63
4072 12 3 63
2379 18 6 63
1451 16 18 63
1796 15 18 63
1865 14 17 63
2038 14 18 63
2413 13 18 63
2362 11 18 63
4202 12 18 63
497 12 17 63
2207 12 16 63
1411 11 16 63
17 11 15 63
1946 11 14 63
3532 11 13 63
826 6 6 63
3487 5 10 63
3027 4 13 63
564 19 19 64
662 6 17 64
2397 0 12 64
3133 0 11 64
2155 8 13 64
4658 7 13 64
21 17 8 64
1006 16 8 64
1632 15 8 64
1705 14 8 64
1565 16 6 64
2505 0 0 64
2601 1 0 64
1294 14 4 64
2244 13 4 64
4073 14 3 64
4843 15 2 64
1094 5 1 64
3796 5 0 64
1830 14 2 64
65 16 11 64
1413 15 11 64
2381 19 18 64
3374 18 19 64
741 18 18 64
725 18 17 64
1160 18 16 64
2903 18 15 64
747 17 15 64
1240 16 15 64
3164 0 10 64
4424 6 13 64
1383 14 10 65
1639 15 10 65
1934 14 9 65
2218 16 10 65
3020 15 9 65
3724 17 10 65
1590 2 10 65
3467 11 10 65
1930 4 0 65
504 13 10 65
515 13 9 65
4165 0 1 65
4287 4 9 65
254 17 5 65
2396 16 5 65
3077 15 5 65
3316 8 8 65
3720 10 5 65
2393 8 1 65
4076 17 4 65
32 17 3 65
1773 17 2 65
2193 19 0 65
705 16 9 65
1884 17 9 65
4142 1 1 65
4189 15 14 65
3042 0 19 66
3096 1 19 66
4007 0 17 66
4797 3 0 66
509 2 0 66
1141 5 10 66
1184 0 2 66
1290 0 3 66
1604 12 10 66
400 8 10 66
1675 9 10 66
1843 6 4 66
1887 7 4 66
853 12 9 66
1133 7 3 66
1932 8 3 66
2535 0 18 66
1351 1 18 66
25 0 14 67
3349 3 19 67
667 5 14 67
3427 6 14 67
649 14 12 67
2714 3 11 67
495 4 10 67
1157 4 12 67
2871 5 12 67
2943 7 11 67
956 14 7 67
1838 2 2 67
2761 12 8 67
45 10 4 67
3091 2 1 67
1435 3 1 67
2752 14 11 67
2907 13 14 67
144 4 19 67
501 4 18 67
2778 4 17 67
3877 5 17 67
4251 5 16 67
2879 3 10 67
461 3 9 67
2265 5 11 67
4748 6 12 67
4326 6 11 67
943 6 10 67
1613 6 9 67
3222 7 9 67
3891 7 8 67
3234 0 16 68
3303 0 15 68
3719 1 15 68
1402 0 13 68
3111 1 13 68
3179 2 13 68
3592 8 19 68
167 19 10 68
3674 18 10 68
480 7 14 68
973 10 14 68
1938 12 12 68
2000 11 12 68
998 3 2 68
2228 11 8 68
3744 10 2 68
348 8 12 68
1659 8 11 68
2137 9 11 68
2700 9 19 68
2637 2 19 68
3003 3 12 68
2083 2 12 68
3823 2 11 68
3229 1 11 68
2743 18 9 68
4451 18 8 68
733 18 7 68
905 17 7 68
1208 16 7 68
3621 15 7 68
3825 15 6 68
4705 14 6 68
2673 14 5 68
2095 13 8 68
3320 1 14 69
1458 1 16 69
3264 9 18 69
3304 9 17 69
3706 9 16 69
4278 9 15 69
102 6 6 69
3952 18 1 69
1836 12 7 69
2278 5 5 69
2703 12 1 69
2046 10 1 69
372 18 2 69
663 18 0 69
2491 17 0 69
3084 13 7 69
1406 0 4 69
2484 1 4 69
4864 1 3 69
3644 2 3 69
2522 6 5 69
1481 18 18 70
1922 0 9 70
2008 0 8 70
3153 4 7 70
4270 16 0 70
4844 13 6 70
2707 13 3 70
376 13 2 70
3029 14 2 70
3707 7 6 70
4600 7 5 70
38 7 2 70
223 7 1 70
245 7 3 70
444 8 3 70
1877 12 9 70
2335 11 9 70
1437 19 18 70
5 4 14 70
2648 0 10 70
2781 1 10 70
820 18 19 71
2230 17 19 71
2765 16 19 71
3782 16 18 71
4178 15 18 71
3063 1 18 71
1283 3 16 71
2224 3 14 71
2386 4 18 71
4456 5 18 71
724 8 18 71
1583 10 17 71
1914 10 16 71
353 3 7 71
3504 2 9 71
3801 17 3 71
4164 9 9 71
2548 9 7 71
10 11 6 71
2215 8 5 71
3468 13 1 71
689 15 4 71
1022 15 3 71
3630 16 3 71
656 12 6 71
927 1 17 71
4203 2 14 71
248 1 9 71
578 1 8 71
3103 2 8 71
2248 3 9 71
24 4 11 71
163 5 11 71
2550 4 13 71
3457 5 13 71
876 6 13 71
1653 6 12 71
3083 6 11 71
542 18 16 72
2571 18 15 72
3117 16 16 72
3446 2 18 72
4441 6 18 72
4737 19 11 72
717 17 12 72
2103 4 17 72
3001 5 17 72
3357 4 16 72
4059 5 16 72
4487 18 6 72
4726 17 6 72
615 15 0 72
2729 11 7 72
1183 4 19 72
1958 5 19 72
2131 6 19 72
2959 7 19 72
4814 7 18 72
4669 7 17 72
2555 8 17 72
3464 8 16 72
1586 18 17 73
2455 18 14 73
4357 15 19 73
4476 14 19 73
4545 15 17 73
195 19 12 73
3389 6 16 73
3840 16 15 73
4529 16 14 73
4548 19 9 73
1886 9 12 73
1905 16 2 73
4003 17 0 73
870 17 18 73
1606 9 19 73
834 3 18 73
2711 3 17 73
874 14 17 74
2485 14 16 74
3785 14 15 74
4126 13 19 74
3178 11 19 74
3547 18 12 74
4100 19 8 74
1252 19 6 74
1409 19 5 74
510 19 3 74
2391 19 2 74
81 0 7 74
502 1 7 74
3104 0 6 74
4082 2 7 74
4869 1 6 74
375 7 10 74
1546 9 8 74
1556 12 2 74
465 19 4 74
368 17 4 74
1149 18 5 74
1242 18 4 74
1782 18 3 74
2128 18 2 74
3381 17 2 74
3205 1 5 74
3756 1 4 74
470 18 11 74
1017 17 11 74
1304 15 16 74
3505 15 15 74
1201 14 18 74
3448 10 19 74
1034 10 18 74
478 12 19 74
1209 19 19 75
2449 19 18 75
3090 19 17 75
3231 19 16 75
4848 19 15 75
1562 14 10 75
4474 15 10 75
4831 14 9 75
69 17 10 75
2059 13 18 75
3059 12 16 75
4185 2 12 75
283 15 14 75
2041 15 13 75
558 3 4 75
231 15 9 75
75 16 10 75
1766 16 9 75
4624 17 9 75
409 15 12 75
56 19 14 75
917 19 13 75
1560 18 13 75
4144 16 17 75
1234 17 17 75
1719 17 16 75
1890 17 15 75
3963 17 14 75
4336 17 13 75
408 16 13 75
2249 16 12 75
4160 16 11 75
4213 15 11 75
4667 14 11 75
2667 11 18 75
4223 12 18 75
2683 2 19 76
2850 1 19 76
3232 0 19 76
3989 0 18 76
4719 0 17 76
1342 7 16 76
3546 0 12 76
849 0 10 76
1685 2 11 76
3430 2 10 76
4064 3 12 76
4337 3 13 76
2623 14 13 76
3149 13 13 76
3329 13 12 76
4712 12 15 76
1078 7 12 76
1485 8 12 76
3647 8 11 76
3722 9 11 76
4596 5 4 76
4297 19 1 76
2911 19 0 76
4162 18 0 76
1198 17 0 76
764 17 1 76
1385 16 1 76
1065 15 1 76
2551 19 7 76
4612 5 3 76
242 6 17 76
522 0 11 76
472 3 10 76
358 4 13 76
1044 5 13 76
2254 14 14 77
3386 13 14 77
4485 13 15 77
1872 10 15 77
2273 8 13 77
3308 7 13 77
3700 6 13 77
4862 6 8 77
2440 0 5 77
2827 2 5 77
4233 3 5 77
4290 2 6 77
4604 4 0 77
2712 10 3 77
136 1 5 77
1795 3 6 77
175 13 16 77
479 13 17 77
2253 6 12 77
621 3 18 78
676 3 19 78
2547 3 17 78
2939 4 19 78
3139 1 17 78
798 0 14 78
823 18 8 78
948 16 9 78
1463 15 9 78
1991 16 8 78
3335 5 9 78
4460 13 7 78
247 13 10 78
1746 11 10 78
1858 0 1 78
1881 1 1 78
2277 2 1 78
3741 18 7 78
646 14 8 78
1173 15 8 78
425 13 8 78
476 13 9 78
701 2 17 78
492 5 19 78
2064 6 19 78
3050 4 9 78
1607 3 9 78
3370 1 14 79
3957 2 14 79
46 8 19 79
2973 9 19 79
3485 7 19 79
4503 4 14 79
289 6 14 79
937 0 13 79
4597 5 11 79
4647 5 10 79
887 17 4 79
2245 18 4 79
4306 18 3 79
253 16 6 79
1489 16 3 79
2695 15 3 79
4341 0 0 79
1163 0 2 79
3168 0 3 79
766 14 6 79
855 8 8 79
3214 10 5 79
1874 18 5 79
2319 17 5 79
3685 16 5 79
768 0 4 79
681 1 0 79
1940 2 0 79
1968 3 0 79
374 3 1 79
4507 4 1 79
3710 12 10 79
424 12 9 79
383 10 19 79
1361 5 14 79
3794 2 13 79
4228 1 13 79
34 1 12 79
1007 1 11 79
1609 1 10 79
4786 0 15 80
2198 15 12 80
2888 7 18 80
3746 8 16 80
1172 10 18 80
4377 19 10 80
216 0 8 80
4573 8 14 80
569 8 9 80
4293 8 10 80
1779 11 9 80
2040 4 7 80
3055 2 4 80
1008 17 0 80
4342 16 0 80
4835 12 6 80
300 6 4 80
315 7 4 80
1427 8 1 80
2498 18 10 80
2058 18 9 80
2292 17 9 80
3239 17 8 80
1347 17 7 80
3051 16 7 80
789 13 6 80
734 1 4 80
735 1 3 80
4023 2 3 80
1633 4 6 80
2882 4 5 80
3827 4 4 80
1505 9 10 80
3549 14 12 80
2914 11 18 80
1747 0 16 80
3191 9 18 80
1052 0 9 80
3151 1 9 80
4381 1 8 80
192 2 8 80
1600 14 18 81
389 16 19 81
720 16 17 81
2515 18 18 81
3008 7 14 81
3071 4 11 81
3371 12 13 81
4803 10 14 81
2509 11 12 81
3202 5 6 81
4438 14 5 81
1422 19 0 81
3902 14 3 81
2340 19 1 81
1151 17 2 81
2949 18 2 81
1504 18 0 81
474 18 1 81
543 11 5 81
1325 12 5 81
2261 13 5 81
3519 12 12 81
3725 12 14 81
210 3 11 81
268 18 19 82
1678 17 19 82
2323 1 18 82
3262 2 18 82
3499 15 15 82
1851 18 16 82
1898 4 13 82
2591 5 13 82
4865 3 10 82
1742 3 8 82
2415 7 11 82
4180 5 5 82
2574 7 5 82
2251 11 8 82
2986 13 3 82
3502 15 2 82
945 13 2 82
3017 14 2 82
3064 8 0 82
706 3 1 82
2119 2 17 82
1028 8 7 82
898 4 12 82
1622 5 12 82
2101 6 12 82
2624 6 11 82
3039 6 10 82
4708 6 9 82
547 7 9 82
1300 7 8 82
3054 7 7 82
2704 3 9 82
3533 4 10 82
3166 4 9 82
679 4 8 82
1423 5 8 82
4556 5 7 82
791 6 7 82
1515 6 5 82
882 6 6 82
1684 7 6 82
1850 14 19 83
459 16 18 83
1907 17 18 83
2951 18 15 83
3832 2 16 83
4439 3 16 83
951 5 16 83
965 4 17 83
1355 19 14 83
1636 19 13 83
3031 18 13 83
3197 16 13 83
4589 18 6 83
4543 16 7 83
4653 14 7 83
4777 17 1 83
1378 3 2 83
1804 4 2 83
3465 6 3 83
1187 5 0 83
3424 7 0 83
4477 7 1 83
901 6 0 83
3235 6 1 83
12 4 1 83
265 5 1 83
1343 8 4 83
639 16 12 83
4373 18 14 83
4027 15 19 83
1273 15 18 83
4409 4 16 83
4577 16 16 84
430 15 16 84
1001 3 14 84
3366 5 19 84
3946 4 18 84
4016 5 17 84
4333 7 17 84
1193 14 15 84
2358 13 16 84
2668 16 14 84
3539 19 12 84
1778 18 7 84
3763 13 9 84
4040 12 9 84
4263 13 8 84
16 2 2 84
1226 11 4 84
836 14 1 84
3301 8 3 84
3550 10 2 84
4114 10 1 84
3650 7 3 84
1228 12 8 84
2313 12 7 84
2797 11 7 84
205 19 11 84
303 16 15 84
783 15 17 84
186 14 16 84
3079 14 17 84
987 5 18 84
240 6 19 84
2595 6 18 84
2721 6 17 84
1506 19 15 85
3022 12 18 85
3200 10 19 85
3992 18 12 85
859 18 11 85
1814 19 7 85
2082 19 8 85
1319 6 16 85
2108 9 18 85
2412 10 17 85
3694 10 16 85
4521 9 12 85
160 18 1 85
1235 16 4 85
1245 10 4 85
4086 12 1 85
1635 19 9 85
3155 19 19 85
3225 19 18 85
1393 19 16 85
4385 19 17 85
1785 18 17 85
3531 17 17 85
4291 17 16 85
4386 17 15 85
4836 17 14 85
2043 17 13 85
740 17 12 85
880 17 11 85
1588 16 11 85
1682 15 11 85
343 14 11 85
1824 13 11 85
4045 12 11 85
4235 11 11 85
731 8 18 85
2967 8 17 85
365 9 17 85
366 9 16 85
1293 2 19 86
2692 1 19 86
3183 0 19 86
3525 16 10 86
2141 19 4 86
3845 3 7 86
4508 3 6 86
1377 1 2 86
1324 19 6 86
2363 19 5 86
1803 18 5 86
456 15 10 86
1869 14 10 86
4355 14 9 86
4422 14 8 86
4358 15 8 86
85 4 6 86
3173 0 18 86
40 12 19 87
83 12 16 87
384 2 13 87
1951 1 13 87
2061 2 12 87
3131 1 12 87
4782 18 10 87
4791 13 15 87
3281 2 8 87
2196 19 1 87
2687 19 3 87
4765 19 2 87
514 18 2 87
2541 17 10 87
2691 13 19 87
1677 13 18 87
2536 13 17 87
4094 12 17 87
636 11 19 87
3678 11 18 87
4444 0 12 87
3865 1 8 87
773 4 19 88
1620 0 17 88
2039 1 11 88
4746 2 11 88
774 0 9 88
1525 3 13 88
2203 10 15 88
772 8 13 88
2002 7 13 88
2625 6 13 88
3324 0 7 88
3878 0 6 88
116 3 19 88
50 3 18 88
788 3 17 88
177 2 10 88
2739 5 7 88
1258 3 11 88
1584 3 12 88
2307 4 12 88
8 2 17 89
107 0 16 89
3853 0 14 89
80 2 14 89
1462 13 14 89
692 14 12 89
3831 14 11 89
4292 17 9 89
269 17 3 89
4729 17 2 89
634 16 2 89
546 14 2 89
354 16 9 89
808 15 10 89
1205 15 9 89
3542 14 9 89
4741 14 8 89
1882 15 6 89
4053 15 7 89
4525 15 8 89
2015 16 8 89
1480 12 12 89
2056 14 14 89
3397 1 14 89
3984 9 1 89
4000 1 7 90
4237 2 7 90
4832 1 6 90
1576 0 5 90
2841 0 4 90
3438 0 15 90
3789 6 17 90
4345 6 18 90
4818 0 1 90
1067 2 0 90
4285 3 0 90
3927 5 4 90
4052 3 4 90
1114 13 10 90
1024 12 10 90
1326 4 4 90
1053 4 5 90
3112 3 5 90
2768 2 6 90
2109 2 5 90
700 4 0 90
1499 6 19 91
2863 7 19 91
2989 7 18 91
3988 14 18 91
4685 17 11 91
1407 15 11 91
1532 4 14 91
1728 5 14 91
2538 7 16 91
2947 8 16 91
3334 12 14 91
4056 7 12 91
442 7 10 91
487 5 9 91
1482 11 10 91
1806 7 9 91
3993 7 8 91
2680 8 7 91
3190 10 8 91
394 16 11 91
2600 12 15 91
493 8 12 91
39 7 7 91
4520 3 17 92
1020 0 18 92
3951 19 19 92
3966 18 19 92
742 17 14 92
906 17 13 92
1076 13 18 92
1757 9 19 92
4121 8 19 92
665 0 13 92
794 6 14 92
848 10 18 92
1475 4 10 92
1744 19 10 92
2622 19 9 92
3770 5 11 92
3958 5 10 92
4697 8 11 92
1982 10 10 92
2227 12 7 92
2560 10 6 92
3044 13 2 92
3816 12 2 92
411 18 9 92
2940 18 8 92
837 13 7 92
2998 13 6 92
1854 0 12 92
3653 0 11 92
1399 0 10 92
4104 8 18 92
655 19 18 93
3220 18 18 93
3599 19 17 93
37 16 17 93
53 8 14 93
236 0 8 93
812 1 8 93
3929 17 8 93
970 18 5 93
1500 16 5 93
1811 19 3 93
536 8 5 93
4436 19 2 93
2404 18 4 93
1059 13 1 93
3267 10 3 93
260 3 18 94
1219 2 18 94
1473 16 19 94
2545 17 19 94
3551 16 18 94
1495 19 16 94
3026 18 16 94
2661 18 17 94
94 17 18 94
863 17 17 94
3872 7 14 94
1428 5 13 94
9 4 13 94
1314 11 1 94
1490 11 2 94
3002 11 3 94
1955 2 16 95
2337 3 16 95
2953 13 19 95
2075 4 7 95
2586 4 6 95
2611 4 5 95
3437 3 5 95
3798 19 14 95
3893 18 14 95
3949 19 15 95
1856 18 15 95
4174 10 19 95
3743 6 9 95
4046 6 10 95
585 1 7 95
1341 13 7 97
4161 2 7 97
1593 3 7 97
2326 3 6 97
