2734
1806 19 11 1
65 17 11 1
1010 19 13 1
1253 16 11 1
2792 17 12 1
3141 19 14 1
3883 15 11 1
4077 16 12 1
3802 19 19 1
4269 18 19 1
4640 19 18 1
1199 16 19 1
1239 18 17 1
197 14 11 1
988 13 11 1
2414 14 12 1
4011 12 11 1
4687 13 12 1
799 14 14 1
4843 10 11 1
2561 12 13 1
1644 16 14 1
2667 17 14 1
2775 15 16 1
2817 14 19 1
3248 13 19 1
4295 11 19 1
3354 13 17 1
354 16 17 1
1166 0 13 1
281 2 13 1
2261 0 15 1
212 16 16 1
944 18 18 1
1794 10 19 1
3643 9 19 1
4689 8 19 1
486 7 19 1
836 6 19 1
726 15 17 1
1312 14 17 1
2538 14 16 1
2672 13 16 1
2790 0 16 1
897 0 14 1
1751 1 13 1
3375 1 14 1
3970 2 14 1
4589 3 13 1
106 3 14 1
172 4 14 1
1129 12 19 1
1027 15 19 1
2081 17 19 1
2252 19 17 1
1190 15 14 1
145 15 12 1
1803 15 13 1
2959 16 13 1
4234 17 13 1
595 19 12 1
2866 18 11 1
3310 18 12 1
3645 18 13 1
2208 12 12 1
4085 10 12 1
2733 11 11 1
4039 11 12 1
1896 11 13 1
3172 10 13 1
3444 10 14 1
3546 14 13 1
1192 13 13 1
1488 4 0 1
4812 5 1 1
217 6 1 1
813 3 0 1
1809 4 1 1
3490 5 2 1
3651 7 1 1
1786 6 2 1
3302 2 0 1
2427 3 1 1
4361 4 2 1
3916 5 3 1
3934 8 1 1
922 7 2 1
2020 6 3 1
2272 1 0 1
2421 2 1 1
2951 3 2 1
4149 4 3 1
4512 5 4 1
3377 10 0 1
3770 8 2 1
4810 7 3 1
575 6 4 1
195 0 0 1
230 1 1 1
1132 2 2 1
2117 3 3 1
2574 4 4 1
3209 5 5 1
3719 11 0 1
3758 10 1 1
371 8 3 1
523 7 4 1
2198 6 5 1
2328 0 1 1
3782 1 2 1
4571 2 3 1
185 3 4 1
252 4 5 1
647 5 6 1
786 12 0 1
2945 11 1 1
4552 10 2 1
1228 8 4 1
3505 7 5 1
651 6 6 1
1322 0 2 1
1987 1 3 1
2103 2 4 1
2378 3 5 1
4065 4 6 1
1392 5 7 1
1772 13 0 1
4047 12 1 1
156 11 2 1
1095 10 3 1
3112 8 5 1
4720 7 6 1
1845 6 7 1
3580 0 3 1
3986 1 4 1
4360 2 5 1
845 3 6 1
1626 4 7 1
2292 14 0 1
1291 13 1 1
4198 12 2 1
2278 11 3 1
2355 10 4 1
2896 8 6 1
4042 7 7 1
3786 6 8 1
1270 0 4 1
2904 1 5 1
4746 2 6 1
4857 3 7 1
1605 15 0 1
1634 14 1 1
2408 13 2 1
2879 12 3 1
4386 10 5 1
4454 8 7 1
1265 7 8 1
2716 5 8 1
4270 6 9 1
4338 0 5 1
4662 1 6 1
433 2 7 1
4734 0 19 2
3695 2 19 2
1446 0 17 2
1911 1 17 2
2860 4 19 2
4511 2 17 2
1088 19 16 2
1974 18 16 2
1855 16 18 2
3830 1 15 2
573 3 15 2
4824 6 18 2
4450 4 17 2
1740 8 18 2
4557 6 16 2
1699 13 14 2
3799 12 16 2
3013 19 15 2
2308 18 14 2
2785 18 15 2
322 17 18 2
803 17 17 2
3245 17 16 2
3531 17 15 2
3931 16 15 2
1236 11 14 2
1401 12 14 2
200 15 18 2
128 14 18 2
2314 13 18 2
5 9 18 2
807 10 18 2
577 11 18 2
3247 12 18 2
1072 12 17 2
3518 0 18 2
991 1 19 2
1025 1 18 2
4764 2 18 2
4151 3 19 2
804 6 15 2
2500 5 15 2
4426 5 16 2
367 4 15 2
1259 1 16 2
1210 2 15 2
4040 2 16 2
364 5 19 2
986 7 18 2
377 6 10 2
1341 4 8 2
891 3 8 2
4300 4 16 3
2966 0 8 3
974 2 8 3
1241 0 10 3
2287 2 9 3
3422 0 11 3
4468 7 16 3
427 2 12 3
4190 3 12 3
3300 5 12 3
4569 3 10 3
46 10 17 3
3905 5 14 3
2419 7 14 3
2149 8 13 3
62 0 12 3
2385 1 12 3
2539 2 10 3
1508 0 9 3
1727 1 8 3
4095 1 9 3
493 1 10 3
1681 1 11 3
2097 2 11 3
604 4 12 3
4645 9 17 3
3117 3 16 3
3270 3 17 3
755 3 18 3
761 4 18 3
1614 5 18 3
1976 11 17 3
3328 7 15 3
2942 5 13 3
884 6 14 3
4182 6 13 3
2043 7 13 3
2333 5 9 4
3374 5 10 4
2693 9 16 4
1979 8 14 4
3409 6 12 4
4712 7 12 4
4384 8 11 4
4393 8 10 4
3251 10 10 4
848 10 8 4
2418 10 9 4
2911 8 12 4
2285 10 16 4
2351 11 16 4
3009 5 17 4
3192 6 17 4
3262 7 17 4
4084 8 17 4
4310 8 16 4
4263 3 11 4
3443 3 9 5
4220 4 9 5
501 8 8 5
666 10 7 5
1773 10 6 5
267 7 1 5
880 6 1 5
3426 4 1 5
23 4 10 5
1683 4 11 5
1726 5 11 5
2224 8 15 5
419 3 1 6
4529 6 2 6
75 7 2 7
497 8 2 7
2353 7 3 7
640 4 3 7
1421 5 4 7
1920 1 0 7
1984 2 1 7
2029 8 1 7
2464 2 0 7
664 3 0 7
1277 4 0 7
2753 8 3 8
3669 0 0 8
3676 0 1 8
4840 1 1 8
893 11 0 8
550 2 3 8
2094 3 3 8
2542 7 4 8
173 4 4 9
683 4 6 9
27 8 4 9
605 10 2 9
1570 0 2 9
3201 6 6 9
4737 7 5 9
2491 10 0 9
4357 6 7 10
731 8 5 10
2267 1 4 10
3292 2 4 10
3678 3 4 10
4447 2 5 10
85 3 6 10
1750 12 0 10
2858 12 2 10
249 10 4 10
386 10 3 10
3887 0 3 10
4070 1 3 10
632 1 2 10
3918 2 2 10
3791 3 2 10
3893 4 2 10
2448 3 5 10
4258 4 5 10
3717 19 11 11
4863 18 11 11
1695 19 10 11
2576 18 10 11
2470 19 8 11
2794 16 10 11
3704 18 8 11
57 19 6 11
333 11 10 11
3965 12 10 11
4543 11 9 11
4730 13 10 11
1206 12 8 11
2652 14 9 11
1616 11 6 11
4308 18 5 11
4444 17 5 11
2953 19 3 11
822 16 4 11
942 17 7 11
3157 18 2 11
2277 13 7 11
3337 19 2 11
1496 13 0 11
3558 14 0 11
2354 15 0 11
3097 16 0 11
4609 17 0 11
4815 18 0 11
759 19 0 11
1100 19 1 11
1110 18 1 11
686 19 5 11
1452 19 4 11
316 17 4 11
3722 18 4 11
22 18 3 11
711 17 3 11
2478 16 3 11
1018 19 7 11
1690 18 7 11
1703 18 6 11
1871 17 6 11
1107 11 8 11
1403 11 7 11
2120 12 7 11
3370 12 6 11
599 13 6 11
4299 19 9 11
4362 18 9 11
1827 14 10 11
2152 15 10 11
2218 12 9 11
2993 13 9 11
3831 13 8 11
1328 14 8 11
2900 15 8 11
2223 15 9 11
2717 16 9 11
866 17 10 11
2556 17 9 11
3581 17 8 11
3671 16 8 11
4852 16 7 11
746 15 7 11
3835 14 7 11
2241 14 6 11
2655 15 6 11
4591 16 6 11
3561 16 5 11
637 15 5 11
2078 14 5 11
3630 13 5 11
4480 12 5 11
4498 11 5 11
538 11 4 11
1839 12 4 11
247 13 4 11
688 14 4 11
810 15 4 11
2736 15 3 11
3049 14 3 11
1433 11 2 11
2366 11 3 11
4540 12 3 11
388 13 3 11
413 13 2 11
495 14 2 11
631 15 2 11
713 16 2 11
2925 17 2 11
3972 17 1 11
3224 16 1 11
635 15 1 11
2742 14 1 11
431 13 1 11
1200 12 1 11
757 11 1 11
2066 10 1 11
204 10 5 11
3957 6 11 11
4615 7 11 11
2090 7 10 11
2174 6 10 11
2335 7 8 11
320 3 8 11
2503 4 8 11
1960 5 8 11
3123 2 6 11
3204 0 4 11
4358 0 5 11
4560 1 5 11
4617 1 6 11
3189 0 6 11
3937 0 7 11
4088 1 7 11
1024 2 7 11
1815 3 7 11
2779 4 7 11
3355 5 7 11
3457 5 6 11
301 5 5 11
1660 6 5 11
2169 6 4 11
1196 6 3 11
1233 5 3 11
3297 5 2 11
995 5 1 11
1139 15 11 12
1884 16 11 12
2099 15 12 12
2979 17 11 12
4437 16 12 12
3963 18 12 12
1349 19 14 12
4387 19 15 12
2055 0 19 12
2814 1 19 12
116 7 7 12
202 8 7 12
1650 7 6 12
4238 8 6 12
2220 19 12 12
2440 19 13 12
3382 15 13 12
1572 16 13 12
1263 17 12 12
2273 17 13 12
2458 18 13 12
3821 18 14 12
2059 18 15 12
1116 19 19 13
2936 18 19 13
3174 17 19 13
3842 19 17 13
394 0 18 13
1702 1 18 13
2591 2 18 13
4197 4 16 13
1141 19 18 13
300 2 19 13
2849 0 17 14
4118 1 17 14
4555 2 17 14
2665 18 18 14
4203 17 18 14
3408 16 19 14
1724 3 19 14
289 4 19 14
1957 5 19 14
1318 18 17 14
3532 17 17 14
1511 17 16 14
3032 15 19 14
1336 15 18 14
1467 14 18 14
3250 13 18 14
4121 1 16 15
97 14 11 15
2409 13 11 15
3140 14 12 15
3392 12 11 15
3597 14 13 15
3811 11 11 15
1354 10 13 15
2984 10 14 15
3812 12 14 15
1026 6 11 15
2948 7 11 15
3320 6 10 15
4831 7 10 15
2122 5 8 15
2786 6 8 15
2987 7 8 15
292 10 7 15
453 10 5 15
3533 10 6 15
4492 5 11 15
565 17 16 16
2818 13 13 16
3108 13 12 16
3129 12 12 16
4317 0 8 16
4659 1 8 16
1442 10 11 16
1919 14 14 16
2194 8 8 16
2689 4 2 16
2939 6 2 16
3125 6 3 16
251 10 12 16
570 11 12 16
3028 19 16 17
3530 0 12 17
4211 1 12 17
4776 0 11 17
19 2 11 17
3455 0 9 17
302 2 8 17
1424 3 8 17
2920 4 8 17
4132 5 10 17
4322 7 3 17
387 2 10 17
17 0 10 17
102 1 11 17
1530 1 10 17
1719 1 9 17
1504 2 9 17
1588 3 9 17
2338 3 11 17
4139 4 11 17
712 17 17 17
4113 18 17 17
99 18 16 17
181 1 15 18
690 7 16 18
2145 7 15 18
4074 8 3 18
1376 0 1 18
2092 1 1 18
3674 0 0 18
3703 2 1 18
4439 1 0 18
4501 2 0 18
4762 4 1 18
603 6 5 18
2649 5 5 18
3568 6 4 18
1284 4 3 18
2738 8 1 18
3236 6 1 18
120 7 1 18
404 7 2 18
1651 8 2 18
564 16 18 18
2499 12 13 18
1642 11 13 18
2687 11 14 18
572 17 13 19
979 16 13 19
1397 17 14 19
4180 16 14 19
2001 14 19 19
2413 13 19 19
2653 14 18 19
4334 12 19 19
650 15 16 19
808 16 16 19
2486 10 16 19
2944 9 16 19
1364 13 16 19
307 6 12 19
775 5 7 19
393 15 13 19
444 15 14 19
3195 15 19 19
1146 15 18 19
1244 15 17 19
609 5 6 19
956 6 19 20
1334 7 19 20
3233 8 19 20
3325 7 18 20
3935 9 19 20
4708 10 19 20
2454 13 18 20
2457 12 18 20
1023 6 7 20
2298 6 6 20
3267 7 6 20
3280 8 6 20
4142 7 5 20
1775 16 2 20
697 14 2 20
563 13 3 20
583 12 3 20
1985 11 3 20
51 10 2 20
430 11 0 20
3962 0 2 20
2123 2 3 20
1692 17 2 20
3615 7 4 20
1066 8 15 20
1603 8 16 20
2 11 19 20
3834 1 2 20
4739 2 2 20
356 3 3 20
151 4 15 21
1941 3 15 21
2643 18 11 21
4559 19 11 21
234 13 17 21
498 12 17 21
646 4 12 21
1142 5 11 21
1891 11 5 21
1903 12 5 21
2628 11 4 21
2988 13 5 21
4836 12 4 21
3600 8 11 21
3683 8 10 21
4851 14 3 21
2725 17 1 21
1566 0 7 21
1889 1 7 21
2856 0 6 21
3200 2 7 21
3428 1 6 21
1227 13 4 21
714 2 12 21
3176 3 12 21
348 19 12 21
1039 19 13 21
2231 18 13 21
3439 18 14 21
193 14 17 21
478 14 16 21
2240 2 15 21
4018 2 16 21
3135 3 16 21
2400 19 10 22
3298 18 10 22
3785 19 9 22
3819 17 10 22
1989 5 12 22
4219 5 13 22
4241 15 7 22
3183 19 0 22
174 14 5 22
2646 15 0 22
3326 14 0 22
3666 12 0 22
4548 13 2 22
3345 8 5 22
537 0 5 22
4146 1 5 22
4673 0 4 22
2522 3 5 22
3714 2 6 22
3351 11 2 22
72 19 1 22
528 18 1 22
4245 18 0 22
1396 17 0 22
2585 16 0 22
3118 16 1 22
1771 14 4 22
3949 14 7 22
856 14 6 22
1167 15 6 22
439 13 0 22
3562 12 2 22
794 8 4 22
1370 6 13 22
2085 7 13 22
2480 7 12 22
3350 8 12 22
398 1 4 22
815 2 5 22
418 2 4 22
596 3 4 22
2606 4 7 22
3114 3 7 22
3256 3 6 22
1061 4 6 22
2016 4 5 22
2125 4 4 22
2640 5 4 22
480 5 3 22
1691 5 2 22
2349 5 1 22
3329 6 18 23
524 19 8 23
955 18 8 23
1757 19 7 23
2051 17 8 23
2876 18 9 23
3454 18 7 23
3549 17 9 23
3926 18 6 23
76 15 10 23
1404 1 10 23
2821 2 10 23
1067 10 10 23
1729 10 9 23
3094 10 4 23
3698 10 3 23
3998 0 3 23
4502 1 3 23
2226 10 0 23
562 17 6 23
113 16 10 23
1495 3 11 23
3724 4 11 23
1793 4 10 23
4192 3 10 23
4345 1 2 23
1097 2 2 23
3341 3 2 23
1735 0 17 24
4406 1 17 24
4616 2 17 24
4628 9 18 24
4757 10 18 24
3460 19 6 24
3648 19 5 24
4388 19 4 24
4577 18 4 24
4446 3 1 24
1296 18 3 24
3327 17 2 24
2074 17 3 24
460 11 18 24
1705 3 0 24
2429 4 0 24
3891 0 13 25
3999 1 13 25
237 4 13 25
1195 4 14 25
1742 19 19 25
2188 18 19 25
2415 19 18 25
717 16 18 25
1255 18 16 25
3401 16 11 25
4057 15 11 25
389 14 13 25
4254 14 12 25
1319 16 3 25
1669 17 11 25
3178 0 14 25
1400 14 11 25
1753 3 13 26
2200 2 13 26
2228 17 19 26
4453 16 19 26
1677 18 18 26
2578 17 16 26
2676 13 11 26
4440 12 11 26
1050 13 12 26
2494 10 12 26
2843 12 14 26
1725 11 10 26
3808 12 10 26
118 11 8 26
2579 14 10 26
2748 11 7 26
3458 12 7 26
3708 0 8 26
3039 15 8 26
3154 16 5 26
1468 11 9 26
2071 13 10 26
1113 1 8 26
2709 1 9 26
3951 2 9 26
1687 17 18 26
1837 15 19 26
3373 15 18 26
390 3 14 26
16 13 13 26
2816 0 18 27
3268 1 18 27
4157 3 19 27
2195 4 16 27
4207 19 12 27
2325 17 12 27
2971 16 12 27
3715 19 16 27
466 14 14 27
2268 10 11 27
2766 11 11 27
2886 11 12 27
4837 11 14 27
4443 12 9 27
39 6 10 27
1928 6 11 27
3927 7 11 27
881 8 8 27
1848 8 2 27
2875 7 2 27
2833 6 3 27
315 12 8 27
1568 7 10 27
1053 18 12 27
543 15 12 27
704 19 17 27
1607 18 17 27
3632 17 17 27
613 16 17 27
4871 15 17 27
2859 14 17 27
1875 2 19 27
1936 2 18 27
1426 12 12 27
1844 12 13 27
2130 11 13 27
2362 10 13 27
2808 10 14 27
3092 6 2 27
2025 1 15 28
2473 19 13 28
1383 19 15 28
1549 4 19 28
1789 5 19 28
2166 0 10 28
3845 0 11 28
788 14 16 28
1882 7 16 28
2068 9 17 28
2664 7 15 28
2970 5 14 28
4629 6 14 28
470 4 11 28
4523 4 10 28
1327 13 8 28
4513 18 5 28
2531 11 6 28
3449 5 8 28
3323 7 8 28
3483 8 4 28
2142 13 9 28
1219 12 6 28
3488 13 6 28
4466 14 6 28
2279 14 7 28
362 14 8 28
1002 14 9 28
3692 15 9 28
933 16 9 28
4288 16 8 28
4485 0 12 28
2720 6 8 28
2082 6 13 28
122 19 14 28
1787 10 17 28
435 1 14 28
2684 2 14 28
3882 2 15 28
4699 2 16 28
4547 17 13 29
649 17 14 29
1885 16 14 29
3493 4 18 29
4306 1 12 29
1517 3 12 29
1738 17 3 29
205 7 13 29
3241 8 3 29
3863 0 1 29
1490 2 1 29
1507 4 1 29
309 0 9 29
574 1 11 29
1645 2 12 29
1064 2 11 29
3416 3 11 29
1876 3 10 29
3764 7 12 29
634 16 13 29
781 15 13 29
3119 15 14 29
12 0 0 29
843 15 17 30
2551 14 17 30
2577 15 18 30
4805 14 18 30
1632 5 18 30
2681 9 19 30
3387 10 19 30
4489 8 19 30
1998 2 8 30
4193 3 8 30
4325 4 8 30
3273 18 3 30
270 17 7 30
1217 17 5 30
1682 5 10 30
423 10 7 30
742 10 6 30
3609 4 6 30
1555 6 5 30
2000 7 3 30
2529 7 4 30
2946 1 1 30
1942 19 3 30
2399 17 4 30
3309 16 4 30
560 17 6 30
3285 1 8 30
4469 1 9 30
4865 2 9 30
4868 3 9 30
542 4 9 30
1948 5 9 30
4124 7 14 30
243 15 19 30
608 14 19 30
409 1 0 30
3613 2 0 30
972 3 0 30
1316 4 0 30
1746 1 2 30
2820 2 2 30
131 6 4 30
1104 3 14 31
1287 15 16 31
1814 13 19 31
2915 12 19 31
3833 13 18 31
873 8 18 31
2442 11 16 31
1230 9 16 31
4135 8 14 31
4316 19 2 31
519 10 5 31
2874 19 1 31
831 16 17 31
2534 16 16 31
827 11 19 31
3054 4 15 31
4049 3 15 31
4134 2 14 31
3592 2 15 31
1158 19 11 32
3601 17 11 32
774 0 19 32
1105 1 19 32
2880 2 19 32
2933 19 9 32
3981 19 10 32
3805 13 16 32
4788 17 2 32
721 7 9 32
1001 8 9 32
1461 10 8 32
1888 7 5 32
2803 8 1 32
3889 7 1 32
4725 6 1 32
3765 4 3 32
3768 6 2 32
743 18 2 32
732 18 11 32
1918 18 12 32
2350 18 13 32
2871 18 14 32
1171 18 15 32
1608 17 15 32
1867 3 3 32
2372 5 15 33
3101 6 15 33
2183 6 18 33
3656 12 18 33
4159 11 18 33
919 15 9 33
748 5 13 33
416 5 11 33
1522 11 5 33
987 13 5 33
2679 8 13 33
4717 16 6 33
659 7 7 33
2739 8 7 33
4257 4 5 33
373 11 4 33
391 12 5 33
971 12 4 33
1591 14 9 33
2837 14 8 33
2202 14 7 33
1971 4 12 33
3045 5 12 33
149 6 13 33
662 6 12 33
1413 7 12 33
3856 13 17 33
1597 12 17 33
1927 11 17 33
1563 6 16 33
2487 5 16 33
4448 6 19 33
3240 7 19 33
3687 7 18 33
2381 4 4 33
340 3 6 33
56 3 16 34
1035 0 17 34
4188 9 18 34
4166 17 6 34
738 19 7 34
946 19 8 34
4407 18 9 34
1160 19 0 34
4328 8 12 34
4744 8 11 34
4771 7 10 34
1020 15 3 34
1123 15 2 34
1967 16 2 34
305 19 1 34
1013 18 10 34
1352 17 10 34
48 8 10 34
505 10 18 34
455 10 17 34
1454 10 16 34
3552 3 18 34
611 0 13 35
1209 1 13 35
2832 0 14 35
3405 1 14 35
3694 17 9 35
857 14 5 35
936 18 0 35
2111 16 0 35
2937 15 0 35
402 14 3 35
4260 14 2 35
4268 11 3 35
3980 13 0 35
2192 18 1 35
2212 17 0 35
3501 17 1 35
1465 16 1 35
2317 15 1 35
2700 14 0 35
3920 14 1 35
3691 3 13 36
653 18 19 36
1431 19 19 36
1600 19 18 36
772 12 13 36
1112 1 11 36
2118 1 10 36
3599 2 10 36
3635 18 7 36
921 0 6 36
1649 1 6 36
2402 0 7 36
2708 1 7 36
4289 13 2 36
4400 13 1 36
661 11 0 36
802 10 2 36
400 18 6 36
849 19 6 36
1380 19 5 36
154 19 3 36
232 19 4 36
728 18 4 36
1165 17 4 36
1826 16 4 36
169 18 8 36
2476 17 8 36
1211 15 10 36
1785 16 10 36
2883 16 9 36
363 16 8 36
3096 16 7 36
3793 15 7 36
3346 12 0 36
1193 1 9 36
1480 2 9 36
2537 2 11 36
3107 3 11 36
4022 3 10 36
1320 3 9 36
1183 4 9 36
3611 11 13 36
2250 4 13 36
4368 4 14 36
297 2 7 36
1526 3 7 36
2163 4 7 36
2759 5 7 36
3877 5 6 36
4015 5 5 36
473 17 19 37
1527 17 18 37
2559 4 15 37
2887 0 18 37
4791 1 18 37
4833 19 17 37
552 17 17 37
2337 10 10 37
3781 8 5 37
4218 10 4 37
4800 0 2 37
3739 2 3 37
4366 4 2 37
2853 10 3 37
288 10 9 37
80 3 15 37
3143 2 13 37
586 2 14 37
1111 3 3 37
2903 12 12 38
3445 12 11 38
222 2 18 38
1902 18 18 38
3843 18 17 38
4214 18 16 38
1881 12 17 38
3906 12 16 38
917 0 3 38
2905 1 3 38
260 11 17 38
408 1 2 38
953 2 2 38
2215 3 2 38
3106 3 1 38
332 3 0 38
1700 4 0 38
429 19 12 39
3423 18 12 39
3431 19 13 39
3557 18 13 39
3973 19 14 39
2359 14 11 39
2734 13 11 39
2850 14 12 39
3491 13 12 39
4326 14 13 39
1996 17 16 39
2981 10 12 39
4175 12 14 39
291 14 1 39
3771 15 1 39
4493 13 6 39
2135 10 0 39
357 16 1 39
1728 16 2 39
2129 16 3 39
998 16 4 39
1561 18 14 39
379 13 13 39
1835 0 15 40
1923 0 16 40
2193 1 16 40
3186 14 19 40
4649 15 19 40
529 13 17 40
1125 16 11 40
1506 15 11 40
2326 16 12 40
68 19 16 40
401 19 15 40
947 4 19 40
1505 5 19 40
2070 6 19 40
42 0 12 40
3948 0 11 40
4849 0 10 40
1810 11 9 40
2674 15 7 40
1612 11 10 40
1371 12 10 40
1573 18 15 40
1294 16 19 40
1685 16 18 40
2116 15 18 40
1451 15 12 40
109 1 17 40
617 1 15 40
2008 15 17 41
2947 17 15 41
3252 10 11 41
4186 11 11 41
4276 11 12 41
148 8 19 41
4499 9 19 41
4853 7 19 41
1057 11 19 41
2302 8 17 41
4567 6 17 41
4844 16 7 41
1163 7 12 41
3249 6 12 41
4419 6 13 41
1157 13 14 41
2563 0 8 41
30 12 8 41
4598 12 6 41
2004 13 10 41
3383 0 5 41
3438 0 4 41
1180 11 8 41
1666 11 7 41
855 12 7 41
2010 13 7 41
218 0 9 41
475 16 17 41
769 14 14 41
434 10 19 41
783 8 16 41
2186 19 11 42
2459 18 11 42
2035 4 14 42
4612 2 14 42
2257 16 15 42
3890 16 13 42
4090 4 18 42
90 4 16 42
1541 5 14 42
1964 6 14 42
2546 1 12 42
887 3 10 42
2181 7 18 42
59 9 17 42
1571 10 13 42
2744 15 10 42
1493 2 8 42
1556 3 8 42
3162 4 8 42
4297 1 4 42
1267 14 10 42
3276 1 8 42
504 1 9 42
1388 2 9 42
1402 3 9 42
842 5 12 42
532 16 16 42
1659 18 15 42
1988 18 14 42
93 17 11 42
2772 17 12 42
2356 17 13 42
2514 17 14 42
2645 16 14 42
2041 15 13 42
4532 15 14 42
2666 10 14 42
1643 11 13 42
2570 11 14 42
1289 3 14 42
3321 7 17 42
4650 1 5 42
483 0 19 43
2997 12 19 43
4083 13 19 43
904 19 9 43
1082 19 10 43
2754 6 16 43
4544 7 16 43
3528 15 16 43
4515 3 12 43
3872 12 10 43
4336 17 1 43
203 19 3 43
2144 17 3 43
2447 19 4 43
4073 16 5 43
4828 3 7 43
4627 18 1 43
879 18 10 43
108 12 9 43
155 2 12 43
1333 2 11 43
2496 3 11 43
1470 15 15 43
3378 1 19 43
3930 2 19 43
4172 3 19 43
4732 3 18 43
691 0 17 44
2210 1 17 44
491 6 18 44
2394 5 18 44
3229 13 18 44
4685 12 18 44
353 13 16 44
682 11 17 44
1194 17 10 44
2382 16 10 44
2524 7 13 44
4025 7 14 44
4414 17 7 44
3854 5 10 44
485 14 9 44
1818 19 6 44
687 17 5 44
1036 18 3 44
2474 7 11 44
2506 6 11 44
4344 8 3 44
2288 4 7 44
3429 5 7 44
438 19 5 44
1414 13 9 44
4333 6 10 44
89 14 18 44
447 11 18 44
739 0 13 45
2830 0 14 45
3510 2 13 45
3871 2 16 45
1514 8 18 45
2475 9 18 45
3110 17 9 45
4731 17 8 45
175 15 9 45
317 11 6 45
900 11 7 45
2046 11 16 45
3836 8 10 45
1448 7 9 45
1062 8 8 45
3471 10 9 45
3590 10 8 45
245 2 7 45
2889 2 5 45
4294 8 1 45
1438 2 1 45
1886 4 1 45
2516 12 7 45
1052 16 9 45
130 16 8 45
835 15 8 45
1783 14 8 45
3525 13 8 45
914 13 7 45
750 14 7 45
787 14 6 45
139 15 6 45
4239 2 4 45
718 2 6 45
2216 8 9 45
1906 10 18 45
2038 10 17 45
4654 2 17 45
1581 1 13 45
278 1 14 45
1286 1 15 45
1384 2 15 45
958 4 13 46
2865 5 13 46
4284 5 12 46
4365 8 16 46
4381 8 14 46
3038 14 0 46
3690 15 0 46
3794 17 0 46
4509 19 1 46
3560 5 8 46
3646 15 5 46
4597 10 6 46
521 11 2 46
1569 8 2 46
1805 7 2 46
1520 4 6 46
3742 5 6 46
2184 4 3 46
2714 3 3 46
4279 6 4 46
701 6 1 46
2627 17 6 46
1617 19 2 46
2594 16 0 46
2411 16 1 46
865 4 12 46
1894 10 7 46
1949 9 16 46
157 10 16 46
503 3 13 46
1189 3 14 46
1168 7 1 46
4155 0 18 47
4726 17 18 47
581 4 15 47
1099 11 5 47
2982 12 5 47
3358 11 4 47
1536 5 11 47
4441 14 5 47
1378 8 6 47
1532 7 6 47
1391 10 5 47
2492 7 8 47
1986 0 1 47
18 2 2 47
138 3 2 47
984 7 4 47
3081 7 3 47
1502 6 2 47
4127 12 4 47
1375 16 16 47
1134 3 15 47
459 0 0 47
286 3 1 47
968 6 3 47
461 17 17 48
1546 2 17 48
1843 12 11 48
3603 12 12 48
3614 13 13 48
1047 19 8 48
2238 19 7 48
4259 1 11 48
2472 2 10 48
4024 10 10 48
3115 14 2 48
3664 14 3 48
3991 11 3 48
4442 10 3 48
2271 7 5 48
238 18 10 48
344 18 9 48
1938 18 8 48
2283 18 7 48
2952 16 17 48
4690 12 13 48
621 1 10 48
730 1 9 48
2017 2 9 48
2019 3 9 48
587 2 11 48
2027 3 11 48
3745 4 11 48
4177 4 10 48
3743 4 9 48
1303 5 9 48
1584 19 18 49
1901 18 18 49
182 19 12 49
582 19 13 49
2179 17 12 49
4674 19 14 49
2867 2 19 49
1268 19 0 49
3604 8 13 49
4847 8 12 49
1717 13 5 49
606 12 3 49
3699 12 2 49
4663 0 7 49
1427 1 5 49
2245 7 10 49
993 8 5 49
2710 8 4 49
3274 10 4 49
2892 15 6 49
4403 16 6 49
3596 17 6 49
2076 18 0 49
4305 18 1 49
299 18 2 49
1251 17 2 49
15 8 11 49
2049 17 13 49
1821 19 19 49
3078 18 19 49
1879 17 19 49
1817 1 19 49
4801 0 6 49
980 1 7 49
437 1 6 49
1214 2 6 49
2342 3 6 49
2703 6 10 49
3593 0 16 50
4153 1 16 50
1475 19 17 50
1675 3 19 50
2586 16 19 50
912 13 11 50
1155 14 11 50
2533 16 2 50
24 12 0 50
335 0 2 50
2788 13 0 50
4639 18 17 50
1369 13 12 50
2990 14 12 50
3057 14 13 50
1491 14 14 50
227 0 15 50
213 17 11 51
338 16 11 51
1766 15 11 51
2170 16 12 51
2401 15 12 51
2515 15 13 51
3644 18 15 51
3670 17 15 51
4075 15 18 51
4829 15 19 51
658 10 11 51
812 11 11 51
1231 10 12 51
1828 11 12 51
2931 11 13 51
3109 11 14 51
4508 14 16 51
2079 15 2 51
3415 15 3 51
3446 8 7 51
4610 7 7 51
962 0 3 51
1796 2 3 51
4331 11 0 51
1553 4 5 51
1736 4 2 51
3896 16 3 51
443 16 18 51
699 12 13 51
1564 12 14 51
4280 1 3 51
375 1 2 51
806 1 1 51
2819 1 0 51
2906 2 0 51
3058 3 0 51
4516 4 0 51
399 3 5 51
1662 3 4 51
1741 4 4 51
568 19 11 52
665 19 15 52
1780 4 19 52
4839 5 19 52
1968 14 19 52
2995 14 18 52
4335 13 7 52
4755 14 7 52
4016 10 2 52
273 16 1 52
2829 15 1 52
254 14 1 52
3952 13 6 52
967 14 6 52
1310 15 6 52
54 18 11 52
170 18 12 52
1730 19 16 52
4721 18 16 52
345 17 16 52
1978 6 19 52
2924 7 19 52
3319 8 19 52
3663 9 19 52
1558 0 19 53
760 1 14 53
3385 2 14 53
4067 18 13 53
667 16 16 53
989 13 19 53
1178 12 19 53
3569 11 19 53
1300 0 12 53
3861 0 11 53
4209 0 10 53
4860 10 0 53
372 18 14 53
2964 16 17 53
4624 15 17 53
530 14 17 53
1658 10 19 53
960 1 19 53
2737 4 14 53
2810 1 10 53
111 0 17 54
817 1 17 54
1455 11 10 54
3226 17 13 54
216 15 14 54
1275 8 17 54
2138 7 17 54
220 4 18 54
2902 13 18 54
3138 11 18 54
3417 10 18 54
250 17 14 54
331 16 13 54
1907 16 14 54
2638 16 15 54
422 12 18 54
838 0 13 55
3516 1 13 55
239 4 17 55
624 2 16 55
1544 7 12 55
3194 6 12 55
4242 6 13 55
366 5 14 55
747 5 15 55
920 7 16 55
1425 13 16 55
2396 11 17 55
4232 16 10 55
4286 17 10 55
1070 19 10 55
2244 15 7 55
2388 15 6 55
1836 1 12 55
1970 2 12 55
2528 2 11 55
328 19 9 55
2294 18 10 55
1800 0 14 55
1221 0 15 55
1594 1 15 55
2042 2 15 55
1359 2 13 55
2189 4 13 56
3828 3 13 56
4599 4 14 56
2969 10 19 56
4767 9 19 56
3301 7 19 56
3396 6 19 56
4580 5 18 56
4701 5 17 56
20 14 14 56
590 13 14 56
1983 17 8 56
4564 16 9 56
1633 16 6 56
3879 10 17 56
3019 9 16 56
4651 8 16 56
2604 6 14 56
285 7 13 56
2168 17 6 56
1065 0 8 56
2565 5 13 56
3424 3 10 56
127 17 9 56
132 18 9 56
1680 18 8 56
4482 12 14 56
2728 3 14 56
3784 8 19 56
2165 0 9 56
4483 5 12 56
3151 17 19 57
161 14 6 57
196 13 6 57
1144 12 6 57
2364 12 7 57
3489 9 17 57
3968 12 9 57
4032 14 17 57
4676 10 13 57
4315 8 15 57
4455 19 2 57
645 17 2 57
1149 3 12 57
3655 15 0 57
2321 13 0 57
368 19 1 57
241 18 2 57
3418 14 0 57
4751 11 9 57
1377 0 18 57
1011 1 18 57
2453 9 18 57
1033 8 18 57
4572 7 18 57
680 6 18 57
2616 6 17 57
467 13 17 57
3710 12 17 57
1543 10 14 57
3839 3 11 57
1487 17 18 58
2721 16 18 58
3169 11 6 58
3384 11 7 58
4461 11 8 58
472 2 18 58
705 14 10 58
484 10 16 58
1627 8 11 58
1130 11 5 58
2327 12 5 58
4144 11 4 58
4425 18 0 58
1631 16 0 58
1830 15 5 58
2303 4 12 58
3289 5 10 58
3127 8 9 58
1041 0 4 58
180 5 8 58
1325 17 0 58
2568 12 8 58
1900 12 10 58
1966 13 10 58
3517 15 10 58
720 12 4 58
3544 8 10 58
1256 4 15 58
4719 11 16 58
4071 12 16 58
2806 0 5 58
2133 0 6 58
1447 19 19 59
4120 18 19 59
1115 18 16 59
2890 14 12 59
2213 12 11 59
3133 19 6 59
3901 19 3 59
4178 19 4 59
4714 19 5 59
2232 17 3 59
4706 16 3 59
1696 16 5 59
1462 1 8 59
2822 3 8 59
3536 4 8 59
4703 10 7 59
2108 7 9 59
1078 6 10 59
3818 15 9 59
4347 14 9 59
2299 13 9 59
2677 13 8 59
2160 14 8 59
3884 15 8 59
4841 16 8 59
1720 16 7 59
4723 17 7 59
539 10 6 59
544 2 17 59
551 14 13 59
1525 12 12 59
271 1 4 59
351 2 4 59
745 2 8 59
905 17 12 60
1174 18 12 60
4531 19 18 60
752 17 16 60
1373 0 16 60
3576 0 15 60
1554 19 8 60
2520 19 7 60
2848 17 5 60
3164 17 4 60
4353 1 11 60
1087 7 11 60
1697 5 12 60
1565 10 9 60
2899 14 5 60
554 8 8 60
2060 11 2 60
3578 9 2 60
3621 19 9 60
737 18 9 60
2622 18 8 60
1934 18 7 60
644 16 4 60
115 10 8 60
3191 18 18 60
1973 6 11 60
3932 5 11 60
2482 4 11 60
3335 4 10 60
165 1 18 61
2253 18 11 61
2991 17 11 61
4152 16 11 61
4675 15 11 61
2227 17 14 61
2256 19 16 61
2379 16 19 61
2584 15 19 61
4445 15 18 61
4539 15 13 61
3855 10 10 61
969 1 9 61
3873 1 7 61
1321 4 6 61
2609 8 6 61
3792 7 6 61
1131 15 12 61
571 16 12 61
580 19 17 61
3618 18 17 61
3711 17 17 61
158 16 17 61
819 15 17 61
1749 1 10 61
961 2 10 61
3187 2 9 61
3837 19 11 62
3852 19 12 62
4464 19 13 62
4682 19 14 62
652 14 11 62
1963 12 12 62
3820 15 16 62
284 10 11 62
709 11 11 62
2331 10 12 62
2407 12 14 62
2654 10 14 62
3304 8 13 62
3456 19 0 62
4275 19 1 62
2465 14 3 62
476 16 2 62
3166 10 6 62
3584 10 5 62
4027 2 7 62
4641 7 8 62
4474 11 3 62
796 4 7 62
4141 5 7 62
2602 6 3 62
3193 6 4 62
3706 10 3 62
141 14 16 62
411 13 11 62
298 13 12 62
3795 13 13 62
4422 12 13 62
2512 11 12 62
776 11 13 62
1017 11 14 62
766 5 6 62
184 0 18 63
1093 0 19 63
1980 1 16 63
3938 8 12 63
4671 14 4 63
2656 13 5 63
3196 14 2 63
3317 8 7 63
3779 12 0 63
4874 0 2 63
1043 0 0 63
4237 3 3 63
2523 15 4 63
2683 15 3 63
2838 15 2 63
1977 13 4 63
2813 1 19 63
1281 2 19 63
818 3 19 63
3220 3 18 63
192 0 1 63
4397 7 7 63
4004 3 7 63
1460 11 9 64
2722 11 10 64
1443 0 14 64
3299 1 14 64
3976 3 14 64
329 18 13 64
2918 17 13 64
4202 0 7 64
2026 13 2 64
3598 7 5 64
673 4 3 64
257 1 2 64
841 8 2 64
4638 6 1 64
219 12 10 64
3725 13 10 64
911 13 9 64
2908 13 8 64
3898 14 8 64
2371 15 8 64
4091 16 8 64
1150 13 3 64
1252 12 3 64
2815 12 2 64
168 0 17 64
350 1 17 64
1234 1 15 64
2148 18 14 64
4066 16 13 64
2712 7 4 64
1317 1 1 64
3721 1 0 64
4348 2 0 64
69 0 13 65
2741 1 13 65
3494 2 13 65
3950 11 19 65
464 13 19 65
347 7 18 65
214 0 6 65
2439 11 0 65
600 6 2 65
894 2 14 65
1428 15 17 65
81 15 14 65
3071 16 14 65
945 12 19 65
1412 0 3 65
633 1 3 65
1240 2 3 65
3551 2 2 65
3042 3 13 66
4535 4 13 66
496 3 15 66
3467 3 17 66
3650 9 18 66
3881 10 18 66
4055 11 18 66
4199 0 12 66
4459 0 11 66
41 0 9 66
369 6 13 66
1225 7 12 66
2669 4 5 66
3436 4 2 66
3175 2 17 66
1459 2 15 66
4670 2 16 66
710 4 14 66
780 4 15 66
277 19 15 66
1521 0 10 66
1445 1 10 66
1545 2 10 66
2087 2 9 66
4780 3 9 66
167 6 12 66
74 6 11 66
2143 5 11 66
2635 4 11 66
2642 4 10 66
1618 5 19 67
2641 4 19 67
2545 10 19 67
1021 6 18 67
334 6 16 67
689 9 1 67
82 5 14 67
2114 9 19 67
616 17 19 68
2209 17 18 68
3145 16 18 68
1672 11 6 68
1676 11 7 68
2519 3 19 68
4210 3 18 68
2912 5 18 68
4658 5 17 68
876 14 19 68
1476 13 17 68
1515 13 16 68
1798 13 7 68
3181 14 7 68
4304 14 9 68
3595 15 10 68
4200 18 10 68
1679 11 17 68
4031 11 16 68
4337 0 5 68
934 2 5 68
107 11 8 68
1348 7 10 68
1096 4 18 68
2630 4 17 68
1128 6 19 68
2804 7 19 68
3727 8 19 68
4115 8 18 68
2197 6 17 68
1305 3 5 68
1242 3 6 68
2368 2 6 68
2632 1 6 68
3542 1 5 68
4781 1 4 68
1653 2 4 68
882 3 4 68
4314 4 4 68
3481 19 19 69
4592 18 19 69
2598 14 6 69
3480 13 6 69
3612 12 6 69
2791 2 19 69
3912 14 10 69
2670 12 10 69
3393 12 9 69
4221 14 13 69
2466 12 13 69
3476 9 17 69
4287 8 17 69
1622 14 16 69
1864 16 10 69
692 17 8 69
1410 19 10 69
4633 8 11 69
274 8 5 69
3640 10 4 69
801 9 3 69
2489 7 4 69
4476 8 1 69
1582 12 7 69
1262 12 8 69
1279 13 10 69
2526 13 9 69
3553 13 8 69
279 14 8 69
2162 19 9 69
414 17 10 69
1005 10 3 69
1172 10 2 69
4563 8 10 69
1707 7 17 69
2894 19 18 70
4436 19 17 70
3680 17 17 70
4679 16 17 70
1924 18 12 70
3239 17 12 70
4412 16 12 70
482 14 14 70
1477 16 9 70
2119 17 9 70
3228 16 8 70
707 7 16 70
2777 10 17 70
3362 11 5 70
3055 1 1 70
1154 15 9 70
4058 15 8 70
198 16 6 70
852 11 4 70
359 12 5 70
2678 12 4 70
1122 13 4 70
2365 13 3 70
1853 18 18 70
2839 18 17 70
1917 10 13 70
2872 11 13 70
3482 1 0 70
1016 0 16 71
2954 0 17 71
2425 1 19 71
3848 15 17 71
4623 14 17 71
3171 17 16 71
3626 14 12 71
3007 11 14 71
4030 8 15 71
183 10 16 71
3594 19 6 71
2828 19 4 71
3773 19 3 71
4574 3 11 71
674 18 0 71
28 19 2 71
2124 19 5 71
2560 2 18 71
623 0 15 71
142 8 16 71
2928 9 16 71
832 15 12 72
1472 15 11 72
1540 16 11 72
2438 17 11 72
3440 18 11 72
4014 19 11 72
4292 18 14 72
4632 6 15 72
3659 19 9 72
4012 19 8 72
2300 17 7 72
3015 17 5 72
3759 17 4 72
3925 17 2 72
4435 3 12 72
684 17 0 72
1937 16 0 72
114 4 10 72
589 4 1 72
2061 19 7 72
862 18 9 72
4424 18 8 72
4527 18 7 72
681 18 6 72
1849 18 5 72
2347 18 4 72
907 7 15 72
727 19 12 72
1374 19 13 72
2015 19 14 72
3652 4 12 72
1947 4 11 72
2525 0 19 73
2940 0 18 73
330 2 17 73
502 16 19 73
507 15 19 73
1315 15 18 73
1872 19 15 73
2696 17 14 73
3242 14 11 73
3314 15 13 73
4411 7 13 73
294 1 12 73
1528 1 10 73
4875 8 12 73
2204 17 3 73
829 14 4 73
1156 13 4 73
3404 5 11 73
4601 15 0 73
3564 18 3 73
4794 18 2 73
4045 18 1 73
3059 13 3 73
3410 12 3 73
73 12 2 73
1418 1 18 73
2398 1 17 73
35 19 16 73
1089 18 16 73
1335 18 15 73
1355 17 15 73
215 15 14 73
2040 16 13 73
4656 16 14 73
2336 14 18 73
937 1 11 73
975 2 12 73
2726 2 11 73
3177 2 10 73
736 5 10 73
4660 10 13 74
1671 12 11 74
4463 15 16 74
4060 16 6 74
4784 16 5 74
457 6 11 74
3213 7 11 74
2054 10 10 74
2629 2 8 74
4472 3 8 74
1519 14 2 74
3538 14 0 74
4775 10 8 74
86 8 7 74
2680 7 7 74
296 16 7 74
3730 10 7 74
722 16 16 74
2762 16 15 74
4534 15 15 74
101 11 13 74
1169 13 11 74
3390 0 13 75
3527 1 13 75
3607 2 13 75
1090 10 11 75
2477 11 11 75
3072 10 12 75
4050 11 12 75
703 1 15 75
1140 13 18 75
1282 12 14 75
1764 11 10 75
2713 11 9 75
2977 11 8 75
1846 12 4 75
4669 8 13 75
764 8 10 75
1466 8 9 75
3803 10 9 75
3974 16 3 75
4554 4 8 75
3066 1 7 75
2760 2 6 75
4046 8 6 75
2917 0 1 75
628 13 0 75
1250 12 0 75
2637 3 2 75
4644 3 1 75
266 16 4 75
1012 12 5 75
3685 13 5 75
871 14 5 75
3662 12 8 75
4462 13 8 75
723 14 8 75
1205 1 16 75
190 12 12 75
536 13 12 75
2067 13 13 75
3610 13 14 75
1819 10 14 75
1816 0 2 75
1921 0 3 75
2450 1 3 75
290 3 13 76
992 4 13 76
1870 4 14 76
2691 4 15 76
2923 13 19 76
94 17 6 76
850 18 6 76
1593 18 5 76
1804 18 4 76
2749 18 3 76
3091 19 0 76
58 19 2 76
2158 7 10 76
4507 7 9 76
553 0 4 76
3020 7 6 76
3398 3 3 76
4369 0 0 76
2433 19 1 76
1929 18 2 76
2222 18 1 76
2620 17 1 76
2225 0 15 76
2507 0 14 76
3271 1 14 76
21 1 0 76
3303 2 3 76
3679 2 2 76
3754 2 1 76
1297 2 0 76
3339 3 0 76
3924 4 0 76
312 7 19 77
4496 8 19 77
1615 7 17 77
2943 3 14 77
4433 3 15 77
4558 3 17 77
2704 11 19 77
3847 0 12 77
208 0 10 77
490 0 8 77
1000 1 8 77
4116 8 8 77
4807 12 2 77
1337 9 2 77
3062 11 0 77
1471 10 2 77
4854 11 2 77
4372 2 14 77
2063 2 15 77
1238 2 16 77
2469 12 19 77
221 0 11 77
1479 1 11 77
3545 2 11 77
233 17 19 78
1954 19 14 78
2057 19 13 78
3179 18 13 78
3347 17 13 78
636 7 18 78
1854 8 18 78
4240 9 19 78
997 4 11 78
3585 5 13 78
2196 7 12 78
1469 12 3 78
1852 13 3 78
1905 14 3 78
3946 0 7 78
55 6 9 78
2310 6 2 78
1034 4 12 78
1118 5 12 78
1440 6 12 78
779 6 13 78
4528 16 13 78
3479 16 14 78
1162 9 18 78
1362 0 6 78
1198 1 6 78
2132 1 5 78
4272 1 4 78
678 2 4 78
4718 0 9 78
3027 1 9 78
1186 3 10 78
3756 2 10 78
4156 2 9 78
4377 3 9 78
4728 4 9 78
1481 19 19 79
2845 18 19 79
2999 3 16 79
3371 11 6 79
3508 11 7 79
592 6 10 79
694 10 7 79
1955 10 6 79
2782 10 5 79
3018 13 2 79
4106 4 6 79
4173 5 6 79
1684 7 8 79
1718 7 5 79
3466 4 2 79
1423 5 10 79
990 5 9 79
2864 5 8 79
3744 6 8 79
1436 6 7 79
1589 6 6 79
121 6 5 79
397 5 5 79
648 4 5 79
171 2 7 79
719 3 7 79
1595 3 6 79
3357 3 5 79
4051 3 4 79
895 2 16 80
1037 19 18 80
2234 19 17 80
2826 6 19 80
1887 3 19 80
2403 12 7 80
319 12 6 80
4094 19 16 80
311 10 19 80
531 10 18 80
365 2 15 81
1232 2 14 81
3158 1 14 81
2053 0 17 81
2128 18 17 81
2960 17 17 81
3281 18 16 81
3617 2 19 81
103 5 19 81
2140 5 18 81
3657 5 4 81
2086 6 18 81
1188 0 14 81
2297 0 15 81
3442 0 16 81
242 1 16 81
4378 1 17 81
3023 4 19 81
2377 18 18 81
49 17 18 81
3338 19 12 82
1208 17 11 82
1851 15 12 82
4754 1 19 82
4145 15 17 82
4537 14 19 82
1060 5 17 82
2963 14 13 82
3210 13 16 82
60 12 10 82
744 14 10 82
3627 12 8 82
1721 12 9 82
293 13 10 82
1137 9 1 82
910 6 17 82
140 15 11 82
1601 16 11 82
500 2 3 82
547 1 3 82
2012 0 3 82
2072 0 2 82
396 1 2 82
2154 2 2 82
4126 2 1 82
4391 2 0 82
930 3 0 82
4111 4 0 82
601 19 11 83
1652 18 11 83
3366 0 19 83
325 17 16 83
1859 18 14 83
3214 6 16 83
343 14 12 83
2695 11 13 83
3124 14 14 83
339 9 18 83
1716 8 17 83
2134 7 15 83
4416 14 9 83
4825 14 8 83
870 13 9 83
1058 13 8 83
1842 6 15 83
1781 0 18 83
735 18 12 83
1042 17 12 83
1762 16 12 83
1304 7 16 83
641 12 13 84
1356 14 18 84
382 13 17 84
3506 12 17 84
4255 17 10 84
4222 10 13 84
4769 10 14 84
489 14 7 84
3982 11 2 84
1290 11 3 84
1249 10 3 84
4385 10 2 84
7 14 17 84
4098 14 16 84
1562 2 13 85
2910 1 13 85
3684 0 13 85
1636 2 17 85
2811 15 19 85
4078 17 14 85
4229 14 11 85
451 16 13 85
87 11 17 85
1187 11 16 85
4105 12 16 85
1260 18 10 85
1999 17 9 85
668 11 4 85
868 11 5 85
1136 12 5 85
4576 13 5 85
4760 14 5 85
1031 15 10 85
2205 16 10 85
2675 16 9 85
2764 15 9 85
2021 15 8 85
1824 0 14 85
1873 19 16 85
725 15 18 85
1307 15 13 85
2919 15 14 85
4087 16 14 85
1539 13 11 85
4581 1 6 85
2230 0 6 85
3682 5 7 85
4063 4 7 85
2769 3 7 85
3068 3 6 85
474 0 15 86
3421 0 16 86
4434 10 11 86
306 13 19 86
432 12 19 86
762 19 10 86
4367 19 9 86
4835 19 8 86
1657 17 8 86
1895 9 17 86
928 8 15 86
1473 11 14 86
1712 7 13 86
2636 17 5 86
814 18 9 86
1051 18 8 86
2109 16 8 86
1138 6 4 86
1324 10 12 86
1915 1 15 87
1044 11 11 87
1784 11 12 87
3452 12 12 87
2823 13 18 87
3862 12 14 87
4148 11 10 87
3642 11 8 87
4247 6 13 87
2882 19 7 87
4814 18 7 87
834 19 5 87
2387 17 6 87
2479 1 12 87
3391 19 0 87
511 18 3 87
1914 16 2 87
3718 8 5 87
1732 19 6 87
1777 18 6 87
3136 18 5 87
1686 11 9 87
3205 12 9 87
3295 13 9 87
4657 13 8 87
1866 13 7 87
1961 17 7 87
134 16 7 87
2058 15 7 87
2305 1 16 87
4130 1 17 87
4789 1 18 87
3554 2 18 87
187 12 18 87
96 16 12 88
2547 17 12 88
2548 17 13 88
4430 17 19 88
1654 11 18 88
2422 6 12 88
2018 11 4 88
1351 11 5 88
1743 15 2 88
349 4 0 88
1667 3 0 88
1715 2 0 88
3827 1 0 88
4465 1 1 88
4636 2 1 88
1908 16 19 88
2593 19 19 89
3474 18 19 89
3880 18 18 89
4309 4 13 89
1301 3 15 89
3237 12 11 89
4342 13 11 89
527 19 3 89
1272 19 4 89
952 18 4 89
1509 17 4 89
657 14 16 89
1840 15 16 89
2697 13 12 89
2802 13 13 89
3929 13 14 89
1822 10 17 89
264 10 18 89
2555 3 13 89
1769 7 19 90
2615 2 18 90
4736 3 18 90
91 3 16 90
283 11 7 90
1542 11 6 90
3571 12 6 90
545 6 17 90
1266 6 14 90
1537 7 14 90
4028 12 5 90
859 14 5 90
2580 0 12 90
2980 0 11 90
4131 1 11 90
4179 2 11 90
1361 1 9 90
2384 10 16 90
4526 8 14 90
383 15 7 90
2504 16 7 90
3763 16 6 90
378 12 4 90
4409 13 5 90
3772 3 9 90
4007 2 9 90
2084 3 17 90
923 2 12 90
2141 3 12 90
3004 8 13 90
2157 11 19 90
655 10 19 90
2927 9 19 90
3726 8 19 90
4112 8 18 90
1069 19 18 91
1201 19 17 91
3254 19 16 91
4395 0 14 91
3522 6 19 91
3034 1 8 91
3723 0 8 91
3838 0 9 91
3990 0 10 91
4013 1 10 91
1611 16 5 91
4215 4 12 91
4481 4 11 91
3570 6 11 91
2242 16 4 91
1063 15 0 91
1170 16 0 91
1574 17 0 91
2432 18 0 91
4525 3 11 91
4573 1 14 91
1925 18 12 92
964 17 18 92
1223 17 17 92
2851 1 18 92
2536 6 18 92
186 12 7 92
2780 8 12 92
163 7 12 92
3472 8 11 92
313 7 11 92
4291 8 10 92
2121 7 10 92
2755 6 10 92
4620 7 9 92
4603 10 10 92
4667 8 8 92
3105 19 2 92
3757 18 2 92
3761 19 1 92
1464 8 9 92
3100 18 17 92
4420 4 6 92
1567 5 6 92
4583 3 6 92
4773 4 7 92
406 10 4 92
863 5 7 92
1850 2 6 92
2339 3 7 92
3776 1 6 92
1407 2 7 92
67 19 12 93
1092 0 18 93
1439 0 17 93
1808 1 17 93
784 16 14 93
2295 18 16 93
2572 5 19 93
3063 5 18 93
4026 2 10 93
454 2 9 93
1086 4 10 93
1091 4 9 93
2834 17 3 93
4630 16 3 93
463 17 2 93
770 2 8 93
669 3 10 93
1032 3 9 93
1812 3 8 93
4745 4 8 93
146 6 9 93
1774 1 7 93
1389 3 4 93
2311 2 4 93
2732 1 4 93
4594 0 4 93
1673 19 11 94
2151 18 11 94
2861 17 11 94
3219 16 11 94
3486 15 11 94
3629 16 18 94
4596 15 18 94
207 16 16 94
3988 15 16 94
135 0 19 94
1094 7 5 94
2391 4 0 94
4551 3 0 94
1045 2 0 94
1863 1 0 94
1945 0 0 94
1197 3 3 94
1710 2 3 94
4053 1 3 94
4327 0 3 94
1745 19 14 96
2126 16 19 96
2521 15 19 96
3367 14 19 96
4099 14 18 96
941 14 11 97
1463 10 14 97
2296 14 16 98
3503 11 13 98
854 10 13 98
