2443
83 19 19 1
908 18 19 1
3510 19 17 1
921 16 19 1
982 15 19 1
989 16 18 1
2991 18 16 1
3046 19 14 1
1981 17 14 1
285 19 12 1
2032 18 12 1
3713 19 11 1
98 15 14 1
1083 0 19 1
760 2 19 1
3621 0 17 1
1938 4 19 1
2398 2 17 1
2913 0 15 1
2035 15 17 1
691 18 11 1
267 19 13 1
1056 19 16 1
1301 19 15 1
1905 19 18 1
3004 17 19 1
1361 17 18 1
1725 18 18 1
2669 18 17 1
1267 16 17 1
3525 17 17 1
1069 15 18 1
2568 14 19 1
3182 14 18 1
3740 13 18 1
3856 13 17 1
271 14 14 1
1873 13 14 1
515 16 14 1
568 5 19 1
684 6 19 1
2703 6 18 1
1309 5 18 1
3761 4 18 1
3089 0 18 1
2106 1 19 1
1084 1 17 1
3477 1 18 1
2820 2 18 1
3677 3 19 1
3139 0 16 1
2618 1 0 1
3459 2 1 1
481 3 1 1
698 0 0 1
1564 1 1 1
2642 2 2 1
3048 4 1 1
3197 3 2 1
2175 0 1 1
3008 1 2 1
3562 2 3 1
141 5 1 1
2115 4 2 1
20 3 3 1
742 0 2 1
1647 1 3 1
3462 2 4 1
1833 6 1 1
133 5 2 1
3859 4 3 1
212 3 4 1
566 0 3 1
873 1 4 1
3324 2 5 1
505 7 1 1
589 6 2 1
1437 5 3 1
1941 4 4 1
1998 3 5 1
2086 0 4 1
2923 1 5 1
50 2 6 1
530 8 1 1
681 7 2 1
1013 6 3 1
1781 5 4 1
1463 4 5 1
2229 3 6 1
2312 0 5 1
1181 1 6 1
1503 2 7 1
3485 9 1 1
680 8 2 1
1272 7 3 1
3098 6 4 1
3665 5 5 1
336 4 6 1
525 3 7 1
939 0 6 1
966 1 7 1
1505 2 8 1
2071 10 1 1
1298 9 2 1
1593 8 3 1
2362 7 4 1
3653 6 5 1
3685 5 6 1
3493 4 7 1
2077 3 8 1
2687 0 7 1
3478 1 8 1
193 11 1 1
258 10 2 1
1413 9 3 1
974 8 4 1
761 7 5 1
1127 6 6 1
863 5 7 1
1261 4 8 1
1834 0 8 1
1506 13 16 2
3701 13 15 2
663 15 16 2
1241 16 16 2
2416 2 16 2
567 1 14 2
1408 4 16 2
2778 2 14 2
474 1 12 2
1470 12 19 2
3393 10 19 2
3307 12 17 2
227 14 17 2
1659 14 16 2
1829 14 15 2
2812 15 15 2
3260 16 15 2
1795 17 16 2
216 12 16 2
1324 12 18 2
2584 11 19 2
2980 11 18 2
2396 10 18 2
1104 9 19 2
237 9 18 2
1202 8 18 2
3009 6 17 2
417 3 18 2
907 3 16 2
2345 3 17 2
1219 4 17 2
1460 5 17 2
3313 5 16 2
138 1 16 2
573 1 15 2
937 2 15 2
3725 2 12 2
184 3 12 2
3185 4 12 2
654 5 12 2
999 6 12 2
679 0 14 2
3163 5 8 2
2588 0 13 3
2630 1 13 3
3526 0 12 3
2700 1 11 3
3762 3 14 3
773 0 9 3
3489 17 15 3
2404 18 15 3
2567 18 14 3
3835 18 13 3
1021 2 11 3
1257 3 11 3
3127 4 11 3
543 5 11 3
603 6 11 3
2090 2 13 3
235 3 13 3
2308 8 19 3
3172 7 19 3
59 7 18 3
889 7 17 3
3575 8 17 3
2372 3 15 3
2506 4 15 3
3742 5 15 3
735 6 16 3
1037 6 15 3
1629 0 11 3
3212 0 10 3
1531 11 17 4
1281 9 17 4
1964 11 15 4
2434 8 16 4
2417 10 14 4
2877 4 14 4
1877 6 14 4
848 8 14 4
2132 2 10 4
571 4 10 4
1366 1 10 4
1813 1 9 4
2402 2 9 4
668 3 10 4
2494 3 9 4
1054 4 9 4
972 4 13 4
1869 5 14 4
3153 5 13 4
2337 6 13 4
157 11 16 4
491 9 16 4
1458 10 17 4
2395 10 16 4
3849 10 15 4
2627 9 14 4
2519 9 15 4
2994 8 15 4
2045 7 16 4
1483 12 15 4
1627 12 14 4
3855 11 14 4
931 8 13 5
389 7 11 5
1767 10 13 5
1909 10 12 5
3100 11 10 5
637 16 13 5
970 17 11 5
1057 14 13 5
3555 16 11 5
2207 18 10 5
57 17 9 5
2786 19 8 5
1439 19 7 5
3679 17 10 5
1807 13 13 5
2123 12 13 5
2444 12 12 5
1602 13 12 5
2274 14 12 5
3176 15 13 5
1071 19 10 5
35 19 9 5
1112 18 9 5
2673 11 13 5
3131 11 12 5
1236 11 11 5
1333 9 13 5
3616 9 12 5
845 7 15 5
3014 7 14 5
2578 7 13 5
176 7 12 5
604 8 12 5
3692 6 10 6
1382 8 10 6
2044 5 10 6
1692 5 9 6
2607 6 9 6
1607 7 10 6
2746 7 9 6
3399 8 9 6
377 8 11 6
2344 9 11 6
2876 10 11 6
409 10 10 6
401 9 10 6
520 1 0 6
1684 0 0 6
2440 18 8 7
3029 17 8 7
3226 15 8 7
833 16 10 7
3787 19 6 7
2806 18 6 7
2873 17 6 7
2910 16 6 7
1722 15 6 7
1641 18 7 7
1306 17 7 7
3137 14 8 7
2681 13 8 7
661 12 11 7
2599 13 11 7
2553 14 11 7
419 9 9 7
1420 9 8 7
2268 8 8 7
3030 7 8 7
2378 6 8 8
3078 8 7 8
3109 9 7 8
1417 16 9 8
1025 14 10 8
1286 13 10 8
1207 19 5 8
2562 17 5 8
3554 19 3 8
378 15 5 8
3066 17 3 8
2826 19 1 8
3716 10 9 8
1581 11 8 8
473 10 6 8
3456 19 0 8
3764 19 2 8
1953 19 4 8
1125 16 8 8
639 16 7 8
1667 15 7 8
976 14 7 8
1685 13 7 8
334 11 9 8
2629 12 10 8
1632 10 8 8
3216 10 7 8
819 9 6 8
343 16 3 8
1987 15 3 8
3230 14 3 8
2631 13 3 8
3372 12 3 8
2260 16 5 8
1879 18 5 8
25 17 4 9
3367 17 2 9
477 14 5 9
2854 11 7 9
1887 12 5 9
2513 10 5 9
2529 10 3 9
1613 18 0 9
1255 16 1 9
1385 15 1 9
2347 13 2 9
3157 13 1 9
3661 9 1 9
1966 8 2 9
3289 7 2 9
2102 5 2 9
3549 4 2 9
144 6 4 9
3763 5 5 9
452 18 4 9
619 18 3 9
973 18 2 9
1530 18 1 9
1894 17 1 9
3019 16 2 9
3434 15 2 9
1095 14 2 9
1158 14 1 9
1676 16 4 9
2381 15 4 9
3256 14 4 9
82 14 6 9
200 11 5 9
1710 11 6 9
3533 6 2 9
1106 2 3 9
282 1 3 9
3110 0 3 9
2452 17 0 10
2284 10 4 10
2754 9 4 10
3061 12 2 10
3080 12 1 10
1373 10 2 10
1386 7 6 10
2165 8 6 10
3244 7 5 10
3122 0 7 10
3035 2 7 10
3815 0 5 10
3264 4 7 10
3750 2 5 10
2729 8 1 10
509 6 1 10
3695 4 5 10
2680 5 4 10
635 16 0 10
1007 15 0 10
3632 14 0 10
1405 13 0 10
1618 12 0 10
460 10 1 10
1489 7 1 10
1089 9 2 10
338 9 3 10
1091 7 4 10
598 9 5 10
1471 8 5 10
1880 8 4 10
3720 8 3 10
3351 7 3 10
3678 6 3 10
793 5 3 10
2020 6 5 10
1198 1 7 10
3530 3 5 10
1362 0 6 10
2131 19 19 11
2549 18 19 11
3582 19 18 11
806 18 17 11
1552 0 8 11
1616 1 8 11
1793 2 8 11
2473 4 8 11
779 6 6 11
3026 0 4 11
2340 4 3 11
2366 2 2 11
1712 5 1 11
1875 0 2 11
731 18 18 11
1235 4 4 11
3676 5 8 11
241 3 8 11
583 3 7 11
753 13 16 12
2769 14 16 12
3395 13 15 12
3450 14 15 12
2203 17 19 12
2970 17 18 12
3331 3 4 12
2933 0 1 12
3389 0 0 12
2612 2 1 12
2171 4 1 12
1036 19 17 12
101 13 19 13
210 14 19 13
703 13 18 13
1041 15 19 13
1558 13 17 13
2278 15 15 13
508 2 4 13
1160 2 3 13
123 0 3 13
557 14 17 13
1476 14 18 13
1631 15 18 13
1978 16 19 13
2522 16 18 13
1256 3 3 13
2028 3 2 13
2030 3 1 13
3347 15 16 14
1674 18 16 14
762 19 14 14
1240 19 13 14
2903 2 16 14
2199 4 17 14
2789 6 16 14
3344 6 15 14
5 19 16 14
135 19 15 14
2552 16 17 14
45 17 17 14
1066 17 16 14
2181 16 16 14
3006 1 16 14
245 3 17 14
498 5 17 14
114 17 15 15
3114 18 13 15
3128 0 14 15
354 2 14 15
2815 2 15 15
2841 3 15 15
431 10 10 15
1180 18 15 15
1711 18 14 15
2837 16 15 15
1269 16 14 15
3421 10 11 15
985 1 15 15
3288 1 14 15
1051 5 16 15
1206 18 9 16
1498 19 9 16
2455 18 11 16
3012 2 13 16
2920 3 13 16
2924 4 13 16
750 8 9 16
2377 19 10 16
213 19 11 16
362 19 12 16
1414 18 12 16
1995 1 13 16
2422 0 13 16
648 0 19 17
1448 1 19 17
1234 16 14 17
2350 14 14 17
2843 12 13 17
28 14 12 17
880 14 11 17
1824 0 12 17
3279 0 11 17
1029 17 14 17
3431 17 13 17
3780 17 12 17
3829 16 12 17
1658 15 14 17
2511 15 13 17
355 12 12 17
1102 13 14 17
1535 13 13 17
1656 13 12 17
2264 13 11 17
209 12 11 17
1314 0 10 17
1788 0 13 18
2605 0 16 18
1434 0 18 18
538 2 19 18
3796 3 19 18
1778 11 17 18
3302 10 17 18
342 0 17 18
2965 2 18 19
799 11 16 19
3112 3 12 19
2776 6 13 19
3565 6 12 19
3217 1 10 19
3294 3 10 19
1094 17 4 19
1161 18 1 19
1784 17 1 19
542 6 8 19
2944 5 8 19
73 18 4 19
1956 18 3 19
3535 18 2 19
3708 17 2 19
1617 16 2 19
726 15 2 19
877 14 2 19
1662 14 1 19
253 14 0 19
882 13 0 19
1157 16 4 19
1513 15 4 19
182 1 9 19
3587 2 9 19
1801 3 9 19
3734 4 9 19
2314 6 11 19
2010 1 18 19
582 6 19 20
1302 5 19 20
2472 6 18 20
3105 4 19 20
578 3 17 20
847 3 16 20
766 4 15 20
3353 4 12 20
3586 9 3 20
1468 11 7 20
2144 8 5 20
743 12 2 20
30 14 6 20
791 5 3 20
829 6 3 20
231 4 16 20
1445 6 17 20
1830 3 18 20
1644 4 18 20
2571 5 18 20
3511 5 17 20
1839 5 16 20
3622 5 15 20
1278 5 14 20
1378 5 13 20
1762 5 12 20
222 18 19 21
480 19 19 21
1962 9 17 21
1123 9 15 21
591 8 15 21
2327 12 15 21
2833 12 14 21
758 2 12 21
2180 12 10 21
3448 8 3 21
3453 8 4 21
2105 6 5 21
3 13 6 21
3532 11 6 21
1949 11 1 21
2536 9 2 21
3310 12 1 21
2400 9 16 21
3291 10 16 21
3624 10 15 21
295 11 15 21
1599 11 14 21
2799 11 13 21
946 11 12 21
1 2 17 21
3209 1 17 21
3488 1 16 21
3387 7 3 21
1172 7 4 21
1741 7 5 21
1121 12 11 22
1804 13 11 22
2233 13 12 22
2154 14 15 22
3075 17 16 22
1371 16 15 22
2992 18 18 22
3751 12 19 22
1162 8 19 22
1191 8 17 22
1295 13 5 22
292 11 5 22
896 8 6 22
1390 9 5 22
3491 11 3 22
2832 11 2 22
2524 14 5 22
3826 14 4 22
2488 13 13 22
3151 13 14 22
3536 13 15 22
3174 19 18 22
155 9 4 22
2338 10 5 22
918 12 18 22
1196 7 19 22
2653 14 16 23
1586 13 18 23
2027 13 19 23
2688 14 19 23
943 16 19 23
2245 8 13 23
2346 8 11 23
3037 8 8 23
2611 18 0 23
2838 13 4 23
3717 0 8 23
484 4 8 23
1472 17 0 23
2665 17 19 23
51 17 18 23
513 13 16 23
2247 13 17 23
440 15 19 23
3050 9 6 23
923 19 17 24
1492 19 16 24
1630 19 15 24
1775 18 15 24
805 16 18 24
2075 16 16 24
3348 14 18 24
3639 14 17 24
700 14 10 24
1307 11 12 24
1340 11 11 24
1859 10 11 24
3642 15 2 24
522 16 0 24
1330 15 0 24
2751 7 6 24
786 3 8 24
2572 2 8 24
3523 0 7 24
1113 3 4 24
205 15 18 24
1204 13 10 24
2139 1 8 24
314 18 16 25
547 18 17 25
915 17 15 25
1344 17 14 25
3512 17 13 25
909 1 15 25
1600 10 15 25
3655 11 15 25
1374 19 5 25
2803 19 4 25
2291 9 13 25
152 8 12 25
2206 5 10 25
3795 5 9 25
794 14 2 25
634 3 7 25
683 1 7 25
1318 0 5 25
1649 2 4 25
499 18 5 25
2474 18 4 25
953 17 17 25
2998 16 17 25
330 15 17 25
524 15 16 25
2352 15 15 25
2466 10 16 25
326 9 16 25
437 8 16 25
3663 2 7 25
3799 0 6 25
540 1 16 26
981 19 14 26
1023 19 13 26
1479 19 12 26
1597 0 15 26
2684 0 14 26
541 17 8 26
1227 16 8 26
2667 14 4 26
2950 6 9 26
3558 2 3 26
580 18 9 26
671 18 8 26
850 18 7 26
116 17 7 26
1311 16 7 26
1755 15 7 26
1128 14 5 26
1876 14 6 26
1848 14 7 26
2114 13 7 26
2080 18 14 26
2593 18 13 26
494 3 15 26
2249 0 19 27
2432 19 11 27
1860 10 19 27
2212 9 19 27
3107 2 13 27
2420 4 18 27
224 4 16 27
514 6 17 27
1683 6 16 27
159 11 13 27
2835 11 10 27
478 6 10 27
1153 5 7 27
1719 14 0 27
2526 12 1 27
2767 13 2 27
1293 9 1 27
3744 0 4 27
3495 0 1 27
3610 0 0 27
181 18 11 27
1356 0 3 27
1511 10 10 27
1682 11 14 27
174 9 14 27
442 10 14 27
1731 10 13 27
1979 10 12 27
416 9 12 27
2468 9 11 27
3386 9 10 27
3476 1 19 27
2964 6 15 27
2374 11 19 27
1092 0 16 28
2537 0 17 28
2885 12 12 28
2972 12 13 28
3706 0 13 28
529 16 13 28
3790 4 17 28
3501 3 13 28
3507 4 13 28
1958 19 3 28
2318 19 2 28
2951 9 9 28
3280 7 5 28
1718 4 4 28
3010 2 2 28
3181 15 4 28
3420 16 4 28
3546 16 5 28
629 16 14 28
868 13 17 28
396 13 16 28
593 13 15 28
104 9 8 28
307 9 7 28
510 8 7 28
403 3 18 29
813 13 14 29
1751 14 12 29
706 16 12 29
1496 17 10 29
2324 2 14 29
421 0 12 29
1892 3 12 29
77 17 5 29
364 7 4 29
1591 7 3 29
1603 6 2 29
2663 18 5 29
127 18 4 29
15 17 12 29
203 18 12 29
611 8 2 29
1332 7 2 29
1512 7 1 29
526 1 14 29
1258 1 13 29
3472 1 12 29
3224 2 18 30
2172 6 19 30
3205 4 19 30
2527 14 11 30
2448 6 15 30
616 17 7 30
959 5 12 30
1173 6 12 30
2443 4 7 30
2177 3 5 30
3396 2 5 30
3538 4 3 30
394 16 7 30
575 15 7 30
151 3 3 30
539 6 18 30
44 5 19 30
2068 5 18 30
2862 5 17 30
262 5 16 30
2360 5 15 30
712 19 18 31
2785 19 19 31
3084 18 19 31
3494 17 19 31
418 2 16 31
1124 19 10 31
3550 12 18 31
1665 8 18 31
142 14 14 31
425 5 13 31
837 6 13 31
3258 14 7 31
1650 5 5 31
2150 6 4 31
2889 13 7 31
2022 18 7 31
3748 18 8 31
2092 18 9 31
3798 18 10 31
318 18 11 31
1223 17 11 31
599 17 18 31
178 6 3 31
2304 5 3 31
2039 2 15 31
313 0 18 31
464 7 18 31
1042 7 17 31
2783 3 19 32
197 17 17 32
270 12 17 32
1300 12 16 32
2060 11 16 32
2093 10 16 32
3193 14 13 32
3640 16 11 32
1192 0 10 32
1455 1 10 32
2959 4 9 32
2235 9 14 32
2530 12 11 32
395 15 4 32
798 15 3 32
2116 18 3 32
1858 8 9 32
3471 14 3 32
2532 14 6 32
774 14 5 32
372 15 5 32
1208 16 5 32
1393 13 13 32
2715 13 12 32
2938 13 11 32
2686 13 10 32
3063 13 3 32
1982 12 3 32
400 10 14 32
1798 0 11 32
3669 1 11 32
2019 2 11 32
3354 1 9 32
2355 2 9 32
3173 3 9 32
454 2 19 32
2239 1 19 33
2500 13 16 33
1924 10 18 33
1957 4 15 33
2916 5 15 33
699 8 14 33
3171 4 12 33
1518 16 4 33
1911 17 2 33
2038 18 2 33
2507 19 0 33
2585 17 0 33
544 19 1 33
89 18 4 33
2925 17 4 33
3590 17 3 33
3782 16 3 33
47 13 15 33
332 13 19 34
3145 14 19 34
1473 13 17 34
2277 14 17 34
351 16 17 34
2183 17 11 34
3804 5 8 34
1292 7 7 34
1329 7 2 34
741 5 1 34
139 13 18 34
325 14 18 34
122 5 2 34
427 4 2 34
339 3 2 34
964 19 17 35
1170 18 17 35
1955 19 16 35
1991 17 16 35
2390 16 16 35
2865 16 19 35
3215 12 19 35
327 16 14 35
1232 12 15 35
3648 8 16 35
3043 10 9 35
3438 7 1 35
932 0 3 35
167 3 1 35
3333 1 0 35
1664 18 16 35
897 18 18 35
1926 17 18 35
3167 16 18 35
495 15 19 35
2591 15 18 35
274 15 17 35
2269 15 16 35
408 14 16 35
1360 14 15 35
788 0 2 35
487 12 14 35
1401 11 14 35
1588 19 15 36
2813 19 14 36
3175 19 13 36
1076 1 16 36
945 11 19 36
1406 0 15 36
2845 0 14 36
1381 14 10 36
3696 10 14 36
3839 10 13 36
230 9 12 36
1559 11 11 36
3192 2 12 36
3784 10 7 36
862 11 9 36
3424 8 11 36
165 9 7 36
1993 9 3 36
302 15 2 36
61 16 2 36
1316 10 8 36
257 6 1 36
1287 9 8 36
1867 8 7 36
1878 8 8 36
486 9 11 36
1890 11 12 36
3350 10 12 36
941 10 11 36
2868 10 10 36
1780 11 18 36
2295 11 17 36
3659 10 17 36
861 0 19 37
1853 0 18 37
2389 19 12 37
1224 19 7 37
1754 19 9 37
2586 8 19 37
672 12 10 37
1026 11 8 37
1782 16 0 37
3099 12 3 37
818 7 6 37
852 10 3 37
1167 1 8 37
3714 0 8 37
365 18 0 37
2003 15 0 37
136 13 3 37
2469 11 7 37
423 19 11 37
1152 19 8 37
2802 18 7 37
3647 7 19 37
3251 7 18 37
80 0 7 37
2911 0 6 37
1248 0 16 38
3545 0 17 38
346 17 14 38
470 18 14 38
3338 17 13 38
3378 18 13 38
3845 8 17 38
24 0 9 38
2342 1 9 38
3429 0 13 38
414 2 13 38
2157 17 8 38
2373 12 13 38
517 13 5 38
1691 12 2 38
2368 11 2 38
32 10 2 38
3447 10 1 38
1433 16 5 38
1652 15 5 38
1787 14 5 38
2431 14 4 38
2898 13 4 38
246 18 8 38
1971 18 15 38
844 17 15 38
1130 16 15 38
1139 12 12 38
2758 10 19 38
2907 9 19 38
376 9 18 38
3850 9 17 38
3777 9 16 38
660 7 17 38
808 7 16 38
3094 3 18 39
3253 5 16 39
3832 5 17 39
461 17 12 39
2879 15 14 39
449 14 12 39
1339 1 15 39
2626 2 15 39
3069 11 5 39
240 6 9 39
2062 8 5 39
2297 3 2 39
1556 18 12 39
161 3 4 39
782 3 3 39
2646 2 3 39
402 6 16 40
1263 6 17 40
1392 6 18 40
65 2 19 40
366 2 18 40
917 4 16 40
895 15 13 40
1164 17 10 40
1572 11 14 40
3749 2 14 40
2696 3 13 40
3195 4 13 40
2551 16 7 40
827 14 9 40
1550 19 5 40
612 13 7 40
1143 18 1 40
1846 9 8 40
3228 10 5 40
1190 17 1 40
1990 16 13 40
748 16 12 40
2556 15 12 40
2560 15 11 40
1663 15 7 40
2984 12 9 40
832 1 14 40
317 1 13 40
930 4 8 40
2609 3 8 40
2636 2 8 40
3152 2 7 40
3170 19 19 41
244 17 19 41
496 6 19 41
1201 5 19 41
2977 14 16 41
569 0 11 41
3198 2 10 41
992 16 10 41
1290 15 10 41
1322 15 9 41
2008 11 13 41
3397 3 12 41
3268 9 13 41
1548 11 10 41
3817 9 9 41
1996 4 5 41
2209 19 1 41
3047 19 2 41
3728 19 3 41
556 18 19 41
385 11 12 41
1736 10 12 41
2565 10 11 41
3542 10 10 41
3794 9 10 41
1494 8 10 41
1343 0 12 41
1654 1 12 41
2589 2 9 41
443 5 18 41
2385 19 18 42
3502 3 19 42
3843 2 16 42
1169 12 18 42
1925 19 11 42
3022 18 5 42
281 16 5 42
3223 6 11 42
2954 5 9 42
145 13 6 42
1742 14 6 42
2917 8 7 42
2546 5 7 42
2601 6 5 42
2718 7 5 42
2723 8 3 42
2739 6 2 42
768 8 2 42
383 6 1 42
238 19 10 42
3527 18 11 42
293 18 10 42
305 18 9 42
369 11 3 42
2055 8 6 42
581 8 8 42
2218 4 19 42
2597 4 18 42
3401 4 17 42
2639 17 17 43
149 1 19 43
1126 12 17 43
3342 12 16 43
3730 10 17 43
1621 9 18 43
3106 13 16 43
744 15 12 43
975 19 6 43
2953 18 6 43
1275 16 6 43
407 5 11 43
1881 8 13 43
3591 15 2 43
3819 14 2 43
2446 11 7 43
1590 12 5 43
301 15 0 43
2670 13 1 43
546 17 6 43
411 17 5 43
2736 15 6 43
3481 15 5 43
3711 14 5 43
1870 16 12 43
93 8 12 43
1215 9 17 43
1551 9 16 43
3277 10 16 43
1277 8 18 43
2004 7 18 43
2666 7 17 43
12 7 16 43
2491 13 19 44
1907 15 19 44
1002 9 19 44
1188 10 19 44
3036 0 10 44
3486 4 15 44
1481 19 3 44
1604 3 9 44
3618 4 9 44
3634 3 10 44
188 4 12 44
1970 13 2 44
3235 13 3 44
938 5 4 44
1010 4 4 44
2478 1 2 44
475 19 4 44
277 18 4 44
273 14 19 44
124 1 10 44
1789 6 15 44
906 5 15 44
3225 10 18 44
646 11 18 44
3487 11 17 44
1372 11 16 44
1802 11 15 44
1851 10 15 44
3514 19 17 45
55 13 18 45
1243 13 17 45
1857 14 17 45
2421 13 15 45
3702 13 14 45
2179 5 13 45
1297 16 11 45
1043 15 7 45
3442 9 15 45
3592 9 14 45
984 19 1 45
2807 19 0 45
1364 17 3 45
322 12 1 45
1969 10 1 45
2899 8 1 45
3278 3 8 45
1615 1 7 45
2528 0 5 45
2682 19 2 45
1105 18 0 45
229 17 0 45
1135 11 1 45
90 14 7 45
1578 15 11 45
2224 14 18 45
328 0 4 45
3007 7 15 45
3681 8 15 45
146 8 14 45
842 7 14 45
537 2 8 45
820 2 7 45
2863 0 7 45
2349 0 6 45
3649 19 13 46
704 19 16 46
1522 17 18 46
2503 16 17 46
2147 17 16 46
2214 17 7 46
2693 12 12 46
2698 12 11 46
3314 14 11 46
3403 5 12 46
68 7 13 46
893 17 1 46
1426 5 8 46
1744 4 8 46
1891 4 7 46
3758 8 2 46
3822 10 2 46
126 3 4 46
1419 0 0 46
2017 0 2 46
3480 9 2 46
2608 9 1 46
288 17 11 46
795 19 14 46
1264 18 18 46
2672 18 17 46
3296 18 16 46
191 16 19 46
375 16 18 46
426 15 18 46
1679 15 17 46
2216 15 16 46
2974 16 16 46
3285 0 1 46
1477 1 1 46
3177 3 7 46
2040 19 15 47
2960 0 19 47
3082 0 18 47
2184 1 16 47
1109 0 15 47
1642 0 14 47
3842 1 14 47
243 15 4 47
488 15 5 47
3611 15 3 47
2668 6 8 47
3234 5 5 47
1986 6 4 47
2265 4 3 47
3437 2 6 47
1895 1 4 47
2719 14 5 47
3557 14 4 47
963 13 4 47
2690 12 4 47
3179 11 4 47
3121 19 12 47
586 3 3 47
605 1 3 47
1250 1 13 47
1920 1 6 47
2029 1 5 47
2018 0 16 48
1079 12 19 48
2042 19 7 48
3413 18 7 48
3021 18 12 48
1680 14 10 48
3820 18 4 48
2320 18 3 48
3404 18 2 48
765 17 2 48
3635 17 4 48
3818 16 4 48
130 16 3 48
2025 16 2 48
552 16 1 48
1734 15 1 48
2427 7 2 48
2166 11 19 48
208 11 18 48
2773 11 17 48
2034 0 17 48
734 16 12 49
1838 16 13 49
2091 17 13 49
95 19 14 49
1429 4 17 49
1816 3 18 49
2651 19 8 49
2119 11 12 49
2397 11 11 49
3146 9 12 49
26 8 9 49
1436 4 2 49
2217 4 1 49
2243 6 1 49
2766 18 8 49
1504 18 13 49
3156 8 8 49
1117 4 18 49
656 17 14 50
3001 16 14 50
3032 19 10 50
3474 7 19 50
3499 7 18 50
590 9 17 50
1862 9 16 50
643 12 14 50
670 12 15 50
817 11 15 50
2069 6 18 50
2787 6 17 50
3569 6 16 50
347 8 15 50
856 8 14 50
345 9 11 50
1823 8 12 50
647 19 9 50
644 18 14 50
3119 11 16 50
1923 10 16 50
740 10 15 50
781 8 19 50
1098 8 18 50
523 6 15 50
1068 19 19 51
3589 18 19 51
763 14 15 51
2955 17 12 51
290 2 19 51
3362 2 18 51
936 8 16 51
3184 12 10 51
2846 11 8 51
2905 14 3 51
558 14 4 51
690 13 4 51
37 17 11 51
1826 8 17 51
2094 7 17 51
650 7 16 51
2319 7 15 51
2558 7 14 51
3422 1 18 51
3436 1 17 51
63 0 9 52
2550 2 9 52
3161 11 9 52
3860 12 9 52
1262 8 11 52
2544 12 3 52
3086 11 3 52
759 17 0 52
2411 16 0 52
22 1 9 52
1108 19 18 53
1353 3 19 53
1440 4 19 53
1449 4 18 53
3025 2 16 53
673 4 16 53
1469 14 12 53
676 0 13 53
1388 1 13 53
1915 0 12 53
1052 10 9 53
1595 10 8 53
1817 10 7 53
2839 10 6 53
618 9 5 53
2737 6 7 53
2775 1 8 53
756 2 8 53
947 1 15 53
1750 2 7 53
308 3 7 53
335 0 8 53
777 0 7 53
1799 0 6 53
2109 1 6 53
2383 1 5 53
66 13 19 54
256 14 19 54
1327 14 18 54
3469 17 19 54
3531 16 19 54
3755 17 17 54
1553 14 16 54
2426 16 16 54
955 14 14 54
1004 19 12 54
3049 19 11 54
3656 6 19 54
3606 12 13 54
92 17 9 54
609 16 9 54
1359 1 12 54
1689 6 9 54
3411 9 7 54
3243 8 5 54
2313 6 3 54
3667 3 3 54
826 5 3 54
2117 5 2 54
2392 5 1 54
3329 3 2 54
312 9 6 54
1831 8 6 54
1049 5 19 54
2694 5 18 54
3133 5 17 54
3432 5 16 54
518 19 17 55
536 15 19 55
1016 1 19 55
1501 11 18 55
99 12 16 55
436 11 16 55
399 2 15 55
615 0 11 55
990 1 11 55
1005 5 15 55
1011 14 5 55
3142 13 5 55
3689 12 2 55
1415 9 4 55
724 11 2 55
1560 11 1 55
1761 14 4 55
503 13 4 55
1575 12 4 55
1383 8 4 55
2790 7 4 55
2849 7 3 55
3384 7 2 55
490 7 1 55
493 19 13 56
2097 18 13 56
2328 13 18 56
2161 17 10 56
3028 9 19 56
3330 8 19 56
3365 11 19 56
2566 5 13 56
608 11 14 56
3445 17 4 56
225 6 11 56
2590 18 14 56
2098 10 19 56
3371 7 11 56
1159 7 12 56
2280 17 18 57
2748 16 17 57
2192 19 16 57
559 0 19 57
2824 0 18 57
3155 0 17 57
2309 7 16 57
341 14 17 57
462 4 13 57
994 0 10 57
2162 1 10 57
614 5 9 57
797 19 15 57
2580 18 18 57
666 18 17 57
1467 16 18 57
1723 15 18 57
2596 15 17 57
3660 15 16 57
1229 13 17 57
415 13 16 57
1122 13 15 57
2447 13 14 57
3504 0 4 57
42 7 15 57
622 1 18 57
2296 1 15 58
189 7 17 58
279 12 19 58
825 12 18 58
2332 12 17 58
2997 11 17 58
3723 14 13 58
1326 18 10 58
2210 4 15 58
1086 3 13 58
2539 19 7 58
1270 17 7 58
2361 16 10 58
3240 19 6 58
821 17 6 58
969 11 13 58
1119 15 6 58
232 14 7 58
3297 8 8 58
3808 0 3 58
1148 3 2 58
1790 1 1 58
2120 18 6 58
320 14 6 58
1331 18 7 58
1507 17 16 58
360 13 13 58
441 1 3 58
1367 18 14 59
2213 5 12 59
2836 6 12 59
3189 6 13 59
3470 1 17 59
996 1 16 59
1155 14 11 59
1252 16 7 59
2331 13 12 59
384 19 4 59
2962 19 3 59
3085 18 3 59
1411 3 11 59
3468 3 9 59
3778 4 9 59
2598 8 7 59
2644 7 1 59
2867 3 1 59
2587 19 2 59
3457 18 2 59
194 12 12 59
720 12 11 59
2523 13 11 59
3213 8 6 59
1425 2 17 59
3595 3 17 59
3646 3 16 59
886 0 16 59
1645 0 15 59
722 0 14 59
899 1 14 59
1090 17 14 60
1601 16 14 60
1338 7 19 60
2222 7 18 60
2901 7 14 60
234 18 12 60
561 18 11 60
562 16 12 60
2289 19 10 60
3328 19 9 60
3712 3 15 60
459 9 15 60
737 3 12 60
883 14 9 60
3339 15 7 60
3227 15 5 60
458 16 6 60
1454 15 3 60
2654 16 3 60
1628 16 0 60
1346 13 6 60
2330 9 3 60
2271 5 8 60
2515 3 7 60
1032 11 1 60
4 11 2 60
169 19 5 60
1574 18 9 60
550 4 8 60
1760 19 19 61
2922 18 19 61
3292 19 14 61
3383 19 15 61
3498 8 18 61
3811 9 18 61
1917 9 16 61
2298 7 12 61
3552 7 13 61
3657 8 13 61
358 15 9 61
3426 18 4 61
926 4 12 61
1487 4 11 61
2058 5 11 61
2246 13 7 61
2405 17 0 61
2514 16 2 61
2781 15 2 61
3203 13 3 61
392 2 5 61
218 13 2 61
1245 14 2 61
1354 18 5 61
1114 17 5 61
3247 16 5 61
804 16 4 61
172 15 4 61
3556 14 4 61
1610 13 4 61
192 12 4 61
1176 18 18 61
736 6 8 61
1690 8 17 61
2765 9 17 61
199 10 18 61
1363 10 17 61
1377 10 16 61
112 3 16 62
910 3 18 62
1015 5 18 62
2869 5 16 62
3500 16 13 62
405 12 14 62
1655 12 15 62
1906 18 0 62
2986 19 0 62
306 0 9 62
693 1 9 62
3614 2 9 62
106 11 9 62
3150 11 7 62
3672 7 4 62
3736 7 3 62
1752 6 5 62
2637 4 4 62
78 19 1 62
1724 19 2 62
3505 18 2 62
746 19 8 62
96 18 8 62
3132 17 8 62
2857 16 8 62
3528 15 8 62
625 14 8 62
755 12 9 62
2067 17 13 62
2470 17 12 62
1012 13 13 62
1283 11 15 62
1136 7 5 62
435 4 7 62
3559 5 7 62
2084 2 19 63
160 5 19 63
1187 19 18 63
1555 9 13 63
2890 11 10 63
3194 9 9 63
70 7 11 63
1014 8 11 63
695 12 4 63
247 11 2 63
2486 0 2 63
3125 1 2 63
3444 0 1 63
3636 12 3 63
3000 10 4 63
3271 18 18 63
2197 0 0 63
1499 1 0 63
828 1 3 63
2569 7 15 63
717 2 16 63
3104 3 19 63
3123 4 19 63
3567 4 18 63
1009 13 19 64
2194 4 16 64
2676 17 17 64
577 11 12 64
2509 11 11 64
1260 8 12 64
871 11 6 64
158 8 4 64
2987 8 3 64
1717 5 5 64
1687 17 3 64
1700 17 2 64
1898 17 1 64
685 14 12 64
1520 1 19 65
1835 1 18 65
3625 15 19 65
645 17 16 65
1039 16 16 65
3580 13 16 65
1516 8 17 65
2251 8 16 65
2407 0 12 65
595 0 14 65
1288 1 14 65
1933 10 11 65
674 12 1 65
1749 10 1 65
2064 7 2 65
2603 4 3 65
1058 14 19 65
2966 6 4 65
2323 5 4 65
2343 5 3 65
150 10 10 65
1450 8 15 65
1753 8 14 65
3160 9 14 65
162 9 17 65
3027 0 13 65
76 1 13 65
2504 2 18 65
2141 2 17 65
3492 3 17 65
21 13 17 66
329 13 18 66
448 13 15 66
682 14 15 66
1165 13 14 66
2782 14 16 66
3684 14 14 66
438 11 18 66
664 13 11 66
2198 13 9 66
2445 10 9 66
1407 15 0 66
2036 8 9 66
1598 6 2 66
3204 19 11 66
3210 19 12 66
286 19 13 66
3388 14 18 66
1566 6 19 66
3465 6 18 66
1059 17 19 67
87 15 18 67
924 19 17 67
971 18 13 67
1396 17 13 67
2499 17 12 67
632 8 19 67
2453 9 19 67
2902 11 19 67
1022 13 13 67
466 13 4 67
3221 14 4 67
3564 12 7 67
785 9 1 67
168 1 5 67
173 4 5 67
2353 5 1 67
2490 1 3 67
929 14 3 67
220 12 6 67
2013 5 2 67
3513 4 2 67
3033 4 1 67
72 16 19 67
3664 15 16 67
3524 15 17 67
19 16 17 67
3670 16 18 67
859 17 18 67
2635 12 13 67
110 10 19 67
3091 2 7 67
1936 19 16 68
3570 5 13 68
3827 17 11 68
1716 18 9 68
1961 16 9 68
2382 12 16 68
2428 11 16 68
2937 12 12 68
2996 19 2 68
958 14 2 68
2333 14 0 68
1963 0 4 68
3718 1 4 68
710 19 1 68
33 6 1 68
752 12 11 68
2051 18 14 69
2 0 19 69
3427 0 18 69
3779 0 17 69
3800 6 17 69
2657 5 15 69
3593 5 12 69
3848 6 12 69
1842 1 13 69
2225 11 15 69
3743 16 11 69
993 0 11 69
1533 1 11 69
2441 15 4 69
2459 16 4 69
2201 14 6 69
361 6 9 69
485 9 5 69
610 8 5 69
2814 12 2 69
3040 13 2 69
3814 6 8 69
147 16 5 69
1291 12 3 69
1097 14 5 69
1140 13 5 69
2170 12 5 69
1818 11 5 69
476 11 14 69
331 1 12 69
3262 7 5 69
1677 16 15 70
1721 15 15 70
2471 6 16 70
3286 6 15 70
186 6 13 70
226 12 19 70
694 12 18 70
771 12 17 70
1296 11 17 70
3797 7 17 70
2894 0 16 70
309 13 12 70
1945 15 12 70
1063 15 10 70
1822 16 7 70
2457 6 7 70
428 11 4 70
479 11 3 70
79 15 11 70
2934 7 16 70
2658 0 15 70
1438 1 17 70
3858 6 11 70
3699 19 19 71
1836 19 13 71
2310 19 14 71
2575 19 15 71
3206 7 19 71
778 9 17 71
54 1 15 71
1030 4 15 71
1583 4 14 71
2254 18 10 71
118 7 15 71
1249 8 15 71
554 19 5 71
3509 19 4 71
404 18 2 71
570 1 8 71
2146 0 8 71
3854 5 7 71
534 3 8 71
103 19 3 71
386 17 10 71
810 18 19 71
23 5 14 71
56 6 14 71
211 7 18 71
857 8 18 71
1033 9 18 71
2825 10 18 71
2827 10 17 71
841 4 8 71
2804 4 7 71
455 0 7 71
1334 0 6 71
531 1 6 71
175 6 18 72
709 5 18 72
1510 4 18 72
3402 2 18 72
58 18 12 72
1213 19 12 72
1214 18 11 72
1416 19 11 72
2828 15 14 72
2057 16 12 72
1017 3 16 72
3721 3 15 72
2943 8 13 72
3497 19 7 72
1646 4 13 72
2480 3 13 72
2379 0 10 72
1809 3 11 72
2969 3 9 72
640 9 4 72
413 6 4 72
2717 10 4 72
702 5 4 72
1580 19 10 72
576 19 9 72
925 19 8 72
2436 7 12 72
2887 7 13 72
1209 7 14 72
1315 8 14 72
121 3 14 72
2255 2 19 73
2935 12 15 73
1577 9 14 73
1918 18 7 73
3102 18 8 73
2393 15 9 73
3650 18 4 73
3316 1 10 73
2475 19 0 73
3752 18 0 73
3757 19 1 73
696 4 9 73
1648 5 9 73
2909 9 8 73
3727 8 7 73
2755 18 1 73
1341 18 3 73
2127 9 7 73
1882 12 14 73
11 11 14 73
1474 13 19 74
2156 14 19 74
780 6 19 74
1110 5 19 74
1726 4 19 74
2202 16 10 74
2234 17 10 74
2615 17 7 74
111 9 15 74
1771 19 6 74
2037 18 6 74
2613 0 9 74
3544 1 9 74
3805 2 9 74
1074 3 12 74
3428 4 12 74
1303 5 11 74
2189 16 2 74
2788 15 2 74
2315 17 0 74
3079 14 3 74
1078 7 1 74
1960 6 3 74
2622 5 3 74
303 3 1 74
444 18 5 74
987 17 5 74
3284 17 4 74
1486 13 3 74
890 6 1 74
2741 5 2 74
2780 4 2 74
814 4 1 74
60 17 9 74
1065 17 8 74
1115 16 8 74
2872 13 7 74
228 19 18 74
2492 3 19 74
2707 3 18 74
2118 4 11 74
878 15 19 75
1103 16 19 75
607 17 18 75
18 4 16 75
2677 13 10 75
3118 12 10 75
2823 10 12 75
3287 9 9 75
387 11 9 75
2063 11 7 75
2967 7 3 75
2413 3 5 75
287 15 7 75
1561 15 8 75
154 16 18 75
914 12 9 75
719 5 16 75
2722 5 17 75
3108 4 17 75
2712 3 17 75
855 2 17 75
1335 1 19 75
2957 1 18 75
3356 1 17 75
2520 1 16 75
1988 2 16 75
1554 2 15 75
489 17 17 76
928 16 17 76
1317 17 16 76
3369 15 17 76
3412 16 16 76
2830 13 18 76
2915 13 17 76
3517 13 16 76
553 13 14 76
1764 11 12 76
2348 11 11 76
171 8 14 76
3846 8 11 76
119 6 11 76
1763 7 4 76
944 6 5 76
2113 5 4 76
2752 4 4 76
91 13 15 76
840 11 10 76
269 10 10 76
846 7 5 76
3547 2 8 76
170 15 16 77
1347 8 18 77
2547 9 18 77
3455 11 18 77
1651 7 16 77
432 12 11 77
2371 17 6 77
3694 17 5 77
1268 8 12 77
834 11 5 77
1912 17 4 77
986 2 1 77
602 8 17 77
1197 8 16 77
3836 9 16 77
424 13 11 77
497 17 19 77
1151 18 19 77
1018 19 18 78
2433 19 17 78
3154 19 16 78
69 16 18 78
1451 18 13 78
1929 16 14 78
3140 11 14 78
2904 5 13 78
962 2 2 78
988 13 9 78
3626 12 9 78
2256 16 6 78
729 16 5 78
492 15 6 78
1948 15 5 78
1212 14 5 78
1984 13 5 78
3135 2 3 78
202 3 3 78
1669 3 4 78
628 2 4 78
1116 2 5 78
858 11 13 78
2021 5 14 78
2848 18 18 78
1545 18 17 78
2664 17 11 78
1186 15 18 78
3673 14 18 78
1625 14 17 78
2248 14 16 78
867 11 19 79
3658 17 15 79
884 12 16 79
1785 11 16 79
1805 17 12 79
2107 19 8 79
3710 19 9 79
284 16 9 79
3141 0 7 79
3773 1 7 79
113 15 7 79
1137 13 7 79
3113 19 2 79
187 8 8 79
1351 10 9 79
879 11 6 79
3246 12 6 79
16 11 2 79
275 0 3 79
276 19 3 79
137 18 3 79
3686 15 3 79
579 0 6 79
1100 1 6 79
1352 2 7 79
1050 18 9 79
1118 17 9 79
1475 17 8 79
2050 14 7 79
2855 0 19 80
3318 0 18 80
1047 2 17 80
1900 3 17 80
3451 4 17 80
289 0 13 80
2128 0 12 80
2496 1 12 80
1737 16 15 80
198 12 12 80
2401 16 3 80
3615 16 0 80
1916 12 5 80
2952 8 4 80
393 12 13 80
560 19 19 81
800 0 17 81
815 12 19 81
1985 12 18 81
3233 12 17 81
49 8 19 81
823 9 19 81
2375 0 15 81
250 5 17 81
1350 6 17 81
708 13 13 81
948 10 11 81
1370 10 10 81
2043 8 9 81
2628 12 7 81
960 13 6 81
1532 13 5 81
3320 14 5 81
3844 14 4 81
1509 12 4 81
3853 14 2 81
1480 13 1 81
1608 15 0 81
1769 13 4 81
1973 13 3 81
3467 12 3 81
2073 11 3 81
190 11 17 81
516 10 19 81
2508 10 18 81
1702 0 14 81
2176 7 14 81
1430 18 19 81
102 6 18 82
251 5 18 82
1040 1 19 82
3130 0 16 82
3293 6 16 82
429 5 14 82
1391 0 4 82
2941 1 4 82
3136 2 4 82
3534 5 12 82
2230 7 13 82
967 12 1 82
1959 2 5 82
3093 2 6 82
3129 3 6 82
1178 5 16 82
636 3 19 83
687 2 19 83
1442 19 15 83
1605 12 14 83
2614 12 15 83
3697 19 13 83
201 18 12 83
920 1 13 83
1150 15 14 83
2774 15 12 83
1992 13 11 83
3325 13 12 83
2919 5 5 83
3134 9 3 83
368 10 1 83
2241 9 1 83
471 6 1 83
1847 7 2 83
2129 6 2 83
2305 5 2 83
333 11 15 83
2173 7 19 83
621 7 18 83
998 7 17 83
2187 19 12 83
901 19 14 83
446 15 15 83
353 8 3 83
1061 3 4 83
2253 18 18 84
46 8 17 84
3270 13 19 84
1919 15 13 84
3095 0 11 84
3317 1 11 84
3688 15 10 84
1852 16 7 84
3241 15 5 84
3309 4 5 84
718 2 3 84
2600 5 1 84
412 15 3 84
669 15 4 84
2140 16 5 84
2321 16 4 84
206 8 16 84
132 10 17 84
249 9 17 84
1904 9 16 84
2163 10 16 84
2380 10 15 84
2487 1 3 84
2732 1 2 84
1701 6 19 85
195 2 16 85
261 15 18 85
337 18 17 85
2302 3 16 85
2801 3 15 85
2143 4 14 85
2442 1 14 85
2574 19 10 85
3368 17 11 85
697 16 10 85
1738 10 13 85
1827 17 7 85
3588 15 9 85
1708 6 7 85
822 10 14 85
1811 5 19 85
2464 4 19 85
371 4 18 85
2262 3 18 85
1709 2 18 85
221 1 18 85
1203 1 17 85
1132 1 16 85
3566 1 15 85
3633 2 15 85
627 17 10 85
565 19 11 85
980 18 11 85
2363 18 10 85
143 18 19 85
398 15 6 85
869 14 6 85
9 14 7 85
3060 4 3 85
831 3 3 85
1589 3 2 85
1739 4 2 85
131 4 1 85
769 16 19 86
533 17 16 86
2365 3 14 86
2821 0 9 86
1001 17 4 86
233 19 6 86
1336 2 14 86
1619 1 9 86
1239 15 19 86
43 14 19 86
1447 13 18 87
1635 13 17 87
1735 13 16 87
2138 13 15 87
3222 4 13 87
3572 3 13 87
839 4 15 87
388 8 13 87
3375 19 7 87
1756 17 9 87
2460 0 5 87
3248 1 5 87
214 12 10 87
420 13 10 87
2232 18 6 87
961 11 4 87
2153 18 7 87
153 14 18 87
2089 8 1 87
715 0 2 87
108 9 16 88
397 9 15 88
1060 11 10 88
1768 11 11 88
2610 11 13 88
3466 13 14 88
1850 3 12 88
3830 4 12 88
1634 11 12 88
2056 10 12 88
3377 8 16 88
3111 16 18 89
3180 16 16 89
2061 19 6 89
2242 19 5 89
548 18 5 89
13 16 14 89
2501 9 12 89
3311 9 13 89
1922 7 15 89
2993 8 15 89
410 9 17 90
1815 11 19 90
3628 10 19 90
3760 19 18 90
483 12 16 90
732 11 16 90
3463 11 15 90
545 15 16 90
1423 15 15 90
3380 18 14 90
356 16 13 90
1639 19 9 90
2926 18 9 90
3460 19 8 90
3599 0 8 90
10 3 7 90
951 5 10 90
3282 4 11 90
1183 18 8 90
3041 17 8 90
2958 18 13 90
1402 19 17 90
721 0 19 91
776 0 18 91
2623 0 17 91
3018 12 19 91
291 19 19 91
1085 18 19 91
1640 4 16 91
1776 0 10 91
2634 1 10 91
3602 5 13 91
655 7 12 91
2724 7 11 91
892 5 11 91
1562 0 7 91
3242 1 7 91
64 16 9 91
2261 16 8 91
1404 17 19 91
134 0 6 91
469 1 6 91
502 1 8 91
3707 1 9 91
838 8 11 91
2874 10 2 91
3612 9 2 91
2111 4 18 92
1387 2 18 92
2007 7 19 92
117 9 19 92
790 11 18 92
1048 0 14 92
74 3 11 92
164 3 10 92
2273 5 16 92
2692 5 15 92
2859 15 8 92
357 15 7 92
1400 4 1 92
2645 2 1 92
1418 4 10 92
370 12 18 92
3724 12 17 92
865 8 19 92
1637 0 0 92
1974 6 18 93
2186 5 18 93
2286 6 17 93
3081 2 19 93
1134 19 14 93
2756 18 16 93
2764 5 17 93
278 1 0 93
716 1 19 94
2168 1 18 94
2059 12 9 94
3607 13 9 94
2110 6 11 94
3627 7 7 94
242 8 7 94
745 9 7 94
933 4 7 94
2808 5 7 94
1044 18 5 95
1211 11 9 95
2695 10 9 95
1636 10 8 95
2158 11 8 95
555 12 8 95
3726 13 8 95
