2590
507 19 9 1
2979 18 9 1
982 19 11 1
2334 16 9 1
136 17 11 1
918 19 13 1
1596 0 19 1
1942 1 19 1
1410 0 17 1
2137 3 19 1
880 2 17 1
1579 0 15 1
2327 19 19 1
2636 17 19 1
912 19 17 1
2029 15 19 1
3690 17 17 1
2018 19 15 1
587 14 9 1
3937 17 14 1
2575 19 16 1
909 19 18 1
1344 18 19 1
1075 18 17 1
3397 18 18 1
1447 17 18 1
1404 14 19 1
3930 13 19 1
3232 12 19 1
766 11 19 1
304 10 19 1
3004 16 19 1
2857 19 14 1
1643 16 14 1
2223 15 14 1
166 19 12 1
61 19 10 1
1683 14 10 1
3300 16 11 1
631 15 11 1
375 15 9 1
698 15 10 1
2739 16 10 1
613 17 9 1
3883 17 10 1
870 0 14 1
2420 0 16 1
2964 4 19 1
3229 5 19 1
407 6 19 1
2767 3 17 1
752 4 17 1
3321 5 17 1
2132 6 17 1
1234 6 18 1
666 2 19 1
1673 0 18 1
286 14 0 1
703 13 1 1
1230 15 0 1
468 14 1 1
2605 12 1 1
517 13 2 1
1089 16 0 1
1288 15 1 1
1337 14 2 1
2589 11 1 1
3215 12 2 1
3330 13 3 1
3502 17 0 1
354 16 1 1
436 15 2 1
2695 14 3 1
3345 10 1 1
1487 11 2 1
393 12 3 1
2066 13 4 1
2193 18 0 1
3222 17 1 1
3512 16 2 1
1383 15 3 1
3659 14 4 1
4014 10 2 1
541 11 3 1
1125 12 4 1
16 13 5 1
755 19 0 1
2380 18 1 1
2701 17 2 1
3808 16 3 1
2205 15 4 1
763 14 5 1
1897 10 3 1
3565 11 4 1
160 12 5 1
2252 13 6 1
3528 19 1 1
2331 18 2 1
199 17 3 1
226 16 4 1
1252 15 5 1
2537 14 6 1
2564 10 4 1
2910 11 5 1
3733 12 6 1
1867 13 7 1
123 19 2 1
1121 18 3 1
1361 17 4 1
2612 16 5 1
3818 15 6 1
678 14 7 1
1112 10 5 1
3573 11 6 1
3682 12 7 1
2241 13 8 1
2454 19 3 1
3831 18 4 1
1303 17 5 1
3379 16 6 1
3801 15 7 1
533 14 8 1
622 10 6 1
1584 11 7 1
307 12 8 1
1362 13 9 1
452 19 4 1
623 18 5 1
2302 17 6 1
2786 16 7 1
3413 15 8 1
1506 10 7 1
2417 11 8 1
2681 12 9 1
3128 13 10 1
3709 15 12 2
3466 17 12 2
420 5 18 2
734 4 18 2
1255 15 18 2
3900 16 16 2
1222 13 18 2
1578 14 16 2
429 2 16 2
3248 12 10 2
3884 17 16 2
346 18 16 2
2896 15 13 2
3804 16 12 2
50 16 13 2
1291 17 13 2
151 18 10 2
1126 18 11 2
1435 18 12 2
1695 18 13 2
3200 18 14 2
1843 16 18 2
2157 16 17 2
3538 12 18 2
3454 11 18 2
1387 10 18 2
2240 9 19 2
2824 9 18 2
1542 8 18 2
1060 13 16 2
767 12 16 2
2422 11 16 2
3351 10 16 2
646 9 16 2
1516 14 18 2
3096 3 16 2
3159 4 16 2
3275 5 16 2
3743 6 16 2
930 6 15 2
1401 3 18 2
3810 2 18 2
323 1 18 2
1149 1 17 2
705 1 16 2
1396 14 17 3
1734 13 17 3
3648 12 17 3
1786 2 15 3
804 1 13 3
2994 4 15 3
2237 3 13 3
3068 1 11 3
1864 7 16 3
2133 0 0 3
2218 2 0 3
2415 0 2 3
2671 6 14 3
3084 5 15 3
1582 5 14 3
667 1 15 3
2167 1 14 3
1616 2 13 3
3157 2 14 3
1639 3 15 3
1602 3 14 3
1736 4 14 3
950 18 15 3
2522 17 15 3
3488 16 15 3
352 15 17 3
2543 15 16 3
3712 15 15 3
862 7 15 3
2927 11 17 3
3037 10 17 3
3778 9 17 3
2196 8 19 3
2239 7 19 3
2452 7 18 3
1671 7 17 3
635 8 17 3
1333 2 11 3
2951 3 11 3
1954 4 11 3
2625 5 11 3
64 6 11 3
2382 0 13 3
896 3 0 3
2663 4 0 3
2211 5 0 3
1881 6 0 3
3101 7 0 3
2470 0 1 3
4020 1 0 3
1913 1 12 4
2077 2 12 4
2403 1 10 4
3134 2 10 4
3302 13 15 4
3282 14 13 4
4039 11 15 4
3314 12 13 4
780 14 11 4
2257 2 1 4
2508 1 3 4
3295 4 1 4
1613 3 3 4
1810 1 5 4
1879 5 13 4
3013 0 12 4
1943 0 11 4
610 0 10 4
3613 0 9 4
3653 1 9 4
1535 14 12 4
539 3 12 4
1854 4 13 4
1022 4 12 4
1053 5 12 4
1549 14 15 4
2177 14 14 4
568 13 13 4
3632 13 14 4
1701 12 15 4
3993 12 14 4
2129 7 14 4
926 10 15 4
1159 9 15 4
856 8 16 4
1890 8 15 4
629 8 14 4
1669 9 14 4
2686 2 5 4
79 3 5 4
3313 4 5 4
1828 5 5 4
2296 6 5 4
3059 5 1 4
413 6 1 4
1768 7 1 4
675 8 0 4
2991 8 1 4
709 8 2 4
1371 1 1 4
3702 1 2 4
1077 2 3 4
1305 2 2 4
139 3 1 4
2413 3 2 4
2418 0 3 4
837 0 8 5
2803 1 8 5
3576 3 8 5
816 0 5 5
1385 0 4 5
3893 3 10 5
630 5 10 5
4009 12 12 5
2966 10 12 5
871 4 3 5
416 4 8 5
690 5 8 5
2085 6 8 5
3342 7 8 5
1822 8 8 5
3662 2 9 5
2759 3 9 5
1659 4 10 5
4001 4 9 5
979 5 9 5
1268 13 12 5
2208 13 11 5
1155 12 11 5
1872 9 12 5
819 8 12 5
2833 7 12 5
2871 6 12 5
465 6 13 5
88 11 14 5
337 10 14 5
1480 2 8 5
1784 1 4 5
2430 2 4 5
1232 3 4 5
2769 4 4 5
3025 8 3 5
1996 4 2 5
1032 5 2 5
1845 6 2 5
2011 7 2 5
3261 7 3 5
2502 0 7 6
2733 1 7 6
2834 0 6 6
1798 3 7 6
942 9 11 6
1777 8 11 6
2005 9 10 6
2668 11 10 6
3458 6 3 6
2266 7 5 6
3622 6 10 6
3814 5 7 6
985 1 6 6
1570 2 7 6
220 2 6 6
474 3 6 6
1376 4 7 6
726 4 6 6
1187 5 6 6
1066 11 9 6
3113 6 9 6
3617 8 10 6
769 7 11 6
1532 7 10 6
2971 7 9 6
1531 8 9 6
1765 9 9 6
1863 7 13 6
2295 8 13 6
1063 9 13 6
1029 10 13 6
2037 11 13 6
1611 5 3 6
1967 5 4 6
1428 6 4 6
2878 7 4 6
1665 8 4 6
12 6 7 7
1714 7 7 7
1595 10 2 7
2367 18 0 7
2389 17 0 7
1972 15 1 7
2687 16 2 7
3673 11 3 7
4016 12 3 7
1920 11 1 7
1927 14 3 7
1116 9 0 7
2048 11 2 7
1900 6 6 7
1956 7 6 7
3402 11 12 7
3479 11 11 7
2444 10 11 7
3638 10 10 7
1327 10 9 7
1848 8 5 7
1838 10 8 8
100 8 7 8
508 10 3 8
2893 19 0 8
2263 18 2 8
1738 15 4 8
2950 8 6 8
2065 9 8 8
869 9 7 8
3644 9 6 8
1726 9 5 9
2728 10 5 9
3886 9 4 9
1676 12 5 9
3683 11 6 9
51 19 3 9
1312 18 3 9
1592 19 2 9
2503 17 3 9
2712 17 2 9
3031 16 5 9
3525 15 5 9
152 14 4 9
219 14 7 9
237 12 7 9
591 12 1 9
1133 14 1 9
2982 12 2 9
260 19 1 9
1524 18 1 9
1747 17 1 9
2155 16 1 9
2453 16 0 9
347 9 3 9
3516 9 2 9
54 9 1 9
2886 10 1 9
3168 10 0 9
1880 10 4 9
2678 11 5 9
3034 11 4 9
3782 12 4 9
81 12 6 9
2122 14 0 9
33 12 0 9
2550 15 0 9
2867 11 0 9
1051 19 8 10
1508 17 8 10
3259 19 6 10
803 15 8 10
1095 17 6 10
2659 19 4 10
2974 10 6 10
333 12 9 10
1576 12 10 10
1830 13 10 10
3606 14 5 10
702 19 5 10
1537 17 5 10
322 19 7 10
1718 16 6 10
1336 14 8 10
986 9 6 10
1025 9 7 10
1513 10 7 10
2549 11 7 10
1175 13 9 10
1245 13 3 10
2768 13 4 10
655 13 5 10
3264 16 8 10
3590 18 8 10
1797 19 9 11
3904 18 9 11
63 10 14 11
107 15 9 12
212 16 9 12
240 17 9 12
2398 19 11 12
2457 19 12 12
2855 15 12 12
3129 16 12 12
316 15 13 12
477 16 13 12
1866 17 13 12
11 19 10 12
821 0 19 13
2672 1 19 13
3956 0 18 13
1416 16 10 13
3700 17 10 13
194 19 13 13
1194 19 14 13
867 15 10 13
1037 15 11 13
1108 16 11 13
1041 17 11 13
428 18 10 13
1737 18 11 13
3513 18 12 13
233 6 18 14
330 6 19 14
2392 5 19 14
2569 4 19 14
3490 3 19 14
4058 2 19 14
2790 0 17 14
1580 8 9 14
2294 9 9 14
2250 15 0 14
17 9 8 14
157 7 9 15
2451 6 9 15
3277 2 18 15
2064 1 16 15
3688 0 16 15
3795 1 15 15
103 4 17 15
1452 3 15 15
1569 4 13 15
1711 5 15 15
1816 4 12 15
2411 5 17 15
3445 6 17 15
1233 0 15 15
1667 5 9 15
19 4 9 15
2584 3 9 15
2510 2 9 15
3591 1 9 15
3577 0 9 15
2908 0 10 15
3032 0 11 15
922 1 18 15
3150 1 17 15
941 2 17 15
1603 5 12 15
2039 6 12 15
966 18 11 16
995 17 13 16
1556 12 17 16
1764 13 17 16
2277 11 17 16
3570 14 17 16
834 10 17 16
2800 9 17 16
276 8 17 16
1227 0 7 16
2016 2 7 16
2423 9 14 16
714 8 16 16
773 8 15 16
1921 8 14 16
463 17 11 16
878 17 12 16
2414 18 12 16
3770 18 13 16
1421 18 14 16
385 18 15 16
1183 17 15 16
1117 16 15 16
2340 0 6 16
1145 19 19 17
2729 18 19 17
3635 19 18 17
3698 0 8 17
3726 2 8 17
2506 3 7 17
192 9 2 17
1638 9 1 17
2368 11 2 17
408 17 1 17
2321 16 1 17
2326 18 1 17
779 18 0 17
1180 17 0 17
3992 16 0 17
1161 10 2 17
1522 10 1 17
3046 10 0 17
3478 11 0 17
3970 12 0 17
1719 18 18 17
3620 17 18 17
506 1 8 17
762 1 7 17
2844 1 12 18
3455 1 13 18
1419 5 18 18
1693 4 18 18
768 3 12 18
3140 4 15 18
3509 4 7 18
1552 5 3 18
3553 9 11 18
3678 7 11 18
2780 8 11 18
1752 11 10 18
2731 15 0 18
4055 14 0 18
1241 2 12 18
3074 2 13 18
933 3 18 18
119 3 17 18
2590 3 16 18
2744 4 16 18
3108 5 16 18
736 6 16 18
3453 6 15 18
1067 6 3 18
1085 2 9 19
1225 1 9 19
1565 0 9 19
2117 14 18 19
2162 16 17 19
3580 13 15 19
256 3 8 19
939 4 8 19
2006 5 8 19
338 10 7 19
583 11 7 19
1518 17 7 19
86 10 5 19
777 12 4 19
3083 15 3 19
953 6 8 19
1959 7 8 19
2020 8 8 19
509 4 9 20
1056 3 9 20
2082 4 10 20
3777 3 10 20
2912 16 16 20
1147 12 15 20
2721 0 4 20
3459 1 4 20
1619 0 5 20
2792 19 8 20
4049 18 8 20
1510 9 8 20
723 11 6 20
479 12 5 20
802 0 6 20
929 1 6 20
2046 2 6 20
3062 3 6 20
3518 4 6 20
3721 5 6 20
994 6 6 20
578 2 4 20
1758 3 4 20
1837 4 4 20
456 5 4 20
2873 6 4 20
1211 9 7 20
719 11 5 20
1674 2 10 20
2010 1 10 20
2753 0 10 20
3833 0 11 20
2578 17 16 20
1221 0 12 21
1574 13 14 21
692 14 12 21
1492 8 15 21
2317 9 15 21
924 16 0 21
1005 17 0 21
163 19 7 21
3235 18 7 21
371 19 5 21
1742 17 5 21
2219 15 7 21
3005 17 2 21
566 15 5 21
264 15 1 21
95 0 13 21
2399 0 14 21
3041 1 14 21
954 8 14 21
1317 17 8 21
138 19 6 21
2699 19 10 22
3908 18 10 22
228 16 19 22
653 18 16 22
813 12 14 22
1551 5 9 22
2613 11 9 22
2624 18 0 22
1636 16 8 22
3369 15 8 22
3511 16 7 22
83 13 8 22
1503 15 6 22
1939 13 7 22
1951 18 5 22
2840 18 4 22
3530 17 4 22
2449 9 3 22
3079 14 4 22
2060 14 1 22
3304 12 2 22
2123 11 1 22
426 14 0 22
273 18 1 22
419 18 6 22
1808 17 6 22
1908 16 6 22
3106 16 5 22
486 16 4 22
3017 7 4 22
2585 8 4 22
809 14 8 22
1205 14 7 22
1295 14 6 22
1329 19 9 22
1567 18 9 22
3475 17 19 22
244 17 9 23
898 16 9 23
3560 15 9 23
3057 0 19 23
1213 15 13 23
3694 16 13 23
2151 16 11 23
3315 17 11 23
1964 19 16 23
82 2 14 23
1581 3 14 23
2641 12 13 23
4018 10 14 23
2538 8 5 23
2571 11 4 23
3869 10 2 23
1656 9 0 23
3636 12 1 23
3061 10 1 23
3385 10 0 23
1038 11 0 23
615 12 0 23
482 19 0 23
421 19 1 23
469 19 2 23
1687 4 14 23
2952 5 14 23
1724 0 18 23
3358 10 15 23
20 11 15 23
345 11 14 23
3349 19 17 23
510 17 10 24
835 16 10 24
1442 6 18 24
2141 6 19 24
2942 5 19 24
1049 1 19 24
1771 2 19 24
1002 18 17 24
127 0 10 24
1372 1 10 24
2493 3 13 24
3359 12 12 24
1092 7 13 24
2611 5 12 24
356 10 6 24
1775 19 4 24
521 14 3 24
381 19 3 24
2885 18 3 24
1694 17 3 24
3226 16 3 24
3772 16 2 24
2567 15 2 24
3554 14 2 24
1689 4 19 24
3547 3 19 24
1594 0 11 24
743 15 10 24
1321 15 11 24
4007 15 12 24
1922 16 12 24
2356 1 18 25
3839 18 18 25
3362 7 17 25
3639 0 0 25
3646 0 1 25
113 7 2 25
826 8 4 25
2977 6 4 25
540 1 0 25
1289 7 19 26
1203 19 11 26
1491 19 12 26
4029 17 13 26
2072 0 18 26
2655 0 17 26
2496 2 18 26
3484 12 18 26
179 8 16 26
448 7 16 26
3153 7 15 26
3386 7 14 26
397 6 9 26
1391 8 8 26
798 17 12 26
85 18 11 26
658 18 12 26
1331 7 18 26
1374 8 14 26
687 8 19 27
1754 9 19 27
1143 11 19 27
1855 12 19 27
2547 19 17 27
2849 19 18 27
2540 0 14 27
3420 1 14 27
4017 0 15 27
598 19 14 27
1340 14 19 27
2052 15 19 27
2481 0 8 27
1949 2 8 27
1528 8 13 27
668 6 8 27
2505 7 8 27
3045 9 10 27
239 1 8 27
2881 8 10 27
949 0 16 27
991 19 13 27
2056 18 13 27
2207 18 14 27
2787 10 19 27
1215 13 19 27
2225 19 19 27
3198 18 19 27
366 17 19 27
1464 1 15 28
3244 1 16 28
2570 3 19 28
2607 3 18 28
3699 14 17 28
884 3 15 28
3957 4 17 28
2012 5 15 28
1984 2 13 28
886 1 11 28
3925 10 18 28
1940 13 18 28
3347 12 17 28
3539 10 15 28
3171 3 7 28
891 0 13 28
1144 1 13 28
190 1 12 28
2276 1 17 28
1411 6 17 28
265 11 18 28
3505 11 17 28
3979 10 17 28
2201 13 17 28
2267 17 18 29
2858 16 17 29
2293 14 18 29
656 4 19 29
1119 4 18 29
2688 5 18 29
3657 5 17 29
387 0 9 29
642 1 9 29
665 8 18 29
3047 13 15 29
3779 13 16 29
1103 5 14 29
3789 2 1 29
746 0 7 29
2108 14 11 29
520 5 7 29
549 6 7 29
1425 13 10 29
1772 8 7 29
2442 11 2 29
573 9 2 29
840 9 1 29
2139 10 1 29
3115 10 0 29
3350 11 0 29
418 12 0 29
2772 0 6 29
603 7 7 29
70 1 1 29
118 17 17 29
195 14 16 29
3601 16 18 29
2377 15 18 29
694 8 17 29
110 9 18 29
881 9 17 29
320 9 16 29
673 10 16 29
1550 13 9 29
888 2 15 30
1821 3 17 30
432 4 15 30
2957 3 12 30
1783 5 11 30
1475 3 9 30
2058 12 16 30
3870 4 9 30
475 2 7 30
1895 10 13 30
2338 10 12 30
728 8 12 30
957 5 8 30
796 9 7 30
1045 19 2 30
1064 19 3 30
1106 18 3 30
1198 17 3 30
955 19 1 30
3487 18 1 30
4005 17 1 30
1824 16 1 30
831 1 7 30
1841 3 8 30
3012 4 8 30
664 4 7 30
441 4 14 30
1354 4 13 30
1790 4 12 30
2116 4 11 30
2329 3 11 30
185 2 9 30
637 2 17 30
1170 2 16 30
3881 3 16 30
142 4 16 30
402 5 16 30
1992 6 16 30
2203 6 15 30
1891 19 15 30
1307 16 16 31
1769 5 4 31
2734 4 4 31
1614 0 3 31
3107 1 3 31
3237 3 1 31
4012 4 1 31
876 6 1 31
3706 7 1 31
828 7 12 31
2572 7 11 31
2975 8 10 31
3284 8 11 31
2017 12 10 31
3218 12 9 31
4045 11 8 31
169 14 6 31
1750 8 1 31
1120 8 2 31
1355 8 3 31
1384 1 2 31
1861 5 1 31
1809 14 5 31
2604 12 8 31
3433 19 9 32
791 0 11 32
1316 0 12 32
2440 0 13 32
973 0 4 32
496 2 4 32
1193 2 5 32
1440 2 3 32
2555 3 3 32
2860 12 15 32
875 4 5 32
2622 5 5 32
1526 11 10 32
217 9 4 32
741 11 5 32
1182 12 4 32
425 1 4 32
59 3 4 32
1046 3 5 32
442 2 2 32
92 3 2 32
944 4 2 32
1019 5 2 32
3587 6 2 32
3741 6 3 32
2188 1 13 32
2261 1 12 32
364 2 12 32
669 5 10 32
89 14 9 33
562 14 10 33
2742 15 10 33
2797 18 9 33
2990 17 19 33
3003 16 19 33
1068 17 16 33
2466 13 14 33
2918 6 5 33
282 19 8 33
1907 18 8 33
3961 17 8 33
2033 15 3 33
1512 15 0 33
1351 14 0 33
938 17 7 33
1011 1 5 33
1242 0 5 33
2104 0 6 33
424 1 6 33
594 2 6 33
1627 3 6 33
2094 4 6 33
2644 5 6 33
3867 6 6 33
3977 15 11 33
3395 15 12 33
144 16 12 33
1021 17 12 33
2324 16 18 33
3177 15 18 33
3404 15 17 33
770 15 16 33
471 15 9 34
988 16 9 34
2086 17 9 34
3181 5 19 34
223 10 16 34
2863 8 15 34
3268 8 14 34
1839 13 13 34
1586 9 8 34
437 6 19 34
2084 6 18 34
2439 6 17 34
3406 16 10 34
1562 17 10 34
1696 11 16 34
3377 11 15 34
1076 18 19 35
280 17 17 35
3906 5 9 35
1793 11 9 35
48 19 0 35
104 18 0 35
553 17 0 35
3716 16 0 35
3791 12 7 35
3834 19 1 35
1666 18 1 35
3366 17 1 35
3980 16 1 35
3403 18 18 35
3728 18 17 35
213 12 14 35
577 0 19 36
3316 2 19 36
24 7 19 36
2633 7 18 36
215 11 14 36
760 14 7 36
1131 14 8 36
1870 15 8 36
2724 16 8 36
3672 16 7 36
2158 19 7 36
488 12 5 36
945 17 7 36
1275 18 7 36
2101 1 19 36
1030 11 13 36
751 7 17 36
3356 8 17 36
1378 19 11 37
1684 19 13 37
1818 0 16 37
2102 0 17 37
3028 0 18 37
3520 0 0 37
1912 10 19 37
3465 2 11 37
270 13 11 37
2913 12 11 37
3583 18 6 37
1244 17 5 37
2935 15 7 37
971 13 9 37
2904 12 8 37
2067 17 6 37
592 15 6 37
784 16 6 37
3110 16 5 37
2741 16 4 37
963 17 4 37
1705 19 6 37
522 19 5 37
2147 0 1 37
1366 0 10 37
1482 1 10 37
3923 3 13 37
3160 19 12 37
1869 13 8 37
1156 13 7 37
187 2 12 38
211 0 14 38
4000 15 12 38
8 17 12 38
872 2 17 38
1358 4 13 38
1899 4 12 38
2948 4 11 38
2662 7 2 38
3297 8 2 38
3631 7 3 38
1846 8 3 38
2307 8 4 38
2089 0 15 38
3926 1 12 38
2639 1 13 38
32 15 13 38
657 11 15 38
721 11 16 38
2258 15 11 39
757 17 11 39
2870 17 10 39
3020 3 19 39
3151 3 18 39
691 18 18 39
2880 17 18 39
2799 16 17 39
2859 15 19 39
2213 19 15 39
2568 11 19 39
536 13 17 39
1926 14 17 39
2771 14 16 39
1583 0 8 39
2968 1 8 39
600 3 11 39
1081 7 13 39
1699 5 12 39
39 1 7 39
969 2 18 39
2473 1 18 39
3477 1 17 39
2761 19 14 39
2864 16 10 39
3280 16 11 39
3555 16 12 39
485 16 13 39
392 16 18 39
2175 15 18 39
4034 15 17 39
3600 14 19 39
165 13 19 39
1199 12 19 39
2820 12 18 39
236 11 18 39
309 11 17 39
2115 10 17 39
1240 4 19 40
1806 4 18 40
1969 5 18 40
2342 5 17 40
191 18 17 40
2348 3 15 40
2825 8 1 40
3033 8 0 40
253 2 0 40
1511 3 0 40
1124 2 8 40
859 19 4 40
940 11 7 40
1219 11 6 40
2947 12 6 40
3052 9 5 40
2226 9 3 40
2316 9 2 40
3254 9 1 40
58 17 1 40
3982 17 2 40
2142 10 1 40
2735 10 0 40
3162 11 0 40
2970 12 0 40
414 19 3 40
812 19 5 40
820 18 5 40
1299 3 8 40
3251 4 8 40
1559 4 7 40
1399 1 0 40
807 6 18 40
1386 6 17 40
1955 13 6 40
526 19 19 41
1965 19 18 41
3708 19 17 41
3796 19 16 41
1365 2 15 41
2310 3 17 41
3847 7 14 41
303 7 17 41
478 8 17 41
394 0 9 41
3236 1 9 41
10 3 5 41
3372 3 4 41
1267 18 1 41
1314 18 2 41
3825 4 4 41
1204 5 4 41
1332 2 9 41
2852 18 16 41
2284 15 16 41
2531 16 16 41
2919 7 15 41
3415 7 16 41
94 8 16 41
178 19 9 42
3182 19 10 42
3654 2 14 42
781 3 12 42
4041 4 17 42
25 8 19 42
2848 0 10 42
3308 2 2 42
1778 0 3 42
3039 3 1 42
3183 4 1 42
1833 0 5 42
1892 0 6 42
2562 8 13 42
329 6 9 42
1306 8 8 42
2791 16 5 42
2230 14 4 42
1026 16 4 42
1981 3 2 42
2424 4 0 42
73 13 16 42
243 8 18 42
472 9 19 42
498 16 6 42
649 14 9 43
681 0 11 43
731 0 12 43
1647 1 12 43
3317 0 13 43
4032 1 13 43
749 4 15 43
952 5 15 43
1460 2 1 43
3619 6 0 43
3689 7 0 43
701 12 14 43
744 12 13 43
1052 9 10 43
2090 8 9 43
3697 15 1 43
3794 14 3 43
2114 16 1 43
1823 1 1 43
1359 1 2 43
1590 1 14 43
2061 1 15 43
1944 7 1 43
2936 6 1 43
229 5 0 43
197 5 1 43
2657 9 9 43
201 14 10 43
759 17 13 44
1995 17 14 44
2410 16 14 44
983 2 9 44
1937 0 4 44
2232 3 2 44
2518 5 11 44
3704 6 11 44
2384 8 11 44
3668 8 10 44
2109 11 8 44
848 2 13 44
2400 3 13 44
2588 3 14 44
1633 4 14 44
453 5 14 44
2856 4 2 44
3375 5 2 44
2097 6 2 44
3015 6 3 44
1413 18 9 45
2928 17 9 45
379 15 9 45
1132 5 19 45
188 16 16 45
606 11 15 45
2298 12 15 45
2333 11 16 45
2390 13 15 45
3125 10 18 45
7 3 9 45
467 3 3 45
661 1 5 45
1459 14 11 45
2940 0 7 45
3141 4 9 45
3568 14 6 45
2830 2 3 45
1781 1 11 45
257 1 10 45
584 2 10 45
3940 3 10 45
497 4 10 45
315 6 19 45
2869 18 19 45
3461 17 19 45
1023 15 10 45
4061 16 9 45
2271 16 10 45
2406 0 19 46
2489 2 19 46
2884 2 18 46
815 14 19 46
1521 13 19 46
2601 14 18 46
3949 12 19 46
2087 16 19 46
3174 17 17 46
3207 17 16 46
492 10 16 46
2837 8 16 46
3851 13 14 46
29 8 14 46
2532 2 7 46
1292 11 13 46
365 9 13 46
2297 11 11 46
458 9 11 46
1893 4 4 46
525 1 7 46
652 1 6 46
3400 5 9 46
1185 1 19 46
1253 7 16 46
1290 7 15 46
2272 8 15 46
3355 13 18 46
1318 19 11 47
2675 19 12 47
672 16 18 47
3616 13 16 47
3803 12 16 47
3986 12 17 47
2762 7 19 47
3146 7 18 47
3309 0 1 47
3446 0 2 47
754 13 13 47
1499 10 15 47
2045 9 12 47
3514 4 5 47
3535 5 5 47
117 5 7 47
334 6 7 47
2642 4 7 47
2980 19 8 47
3114 18 8 47
254 11 9 47
518 11 5 47
599 9 4 47
3720 15 4 47
2106 17 4 47
2332 13 6 47
3843 12 4 47
567 16 4 47
3517 15 18 47
2527 15 17 47
3602 15 16 47
503 12 18 47
1722 11 18 47
3054 11 17 47
3725 10 17 47
981 8 18 47
1345 19 13 48
1660 19 14 48
2178 8 12 48
4042 4 8 48
2469 11 14 48
3353 13 10 48
3665 12 9 48
3927 12 7 48
3975 13 7 48
915 7 4 48
2393 7 5 48
2690 9 9 48
3007 17 8 48
3006 19 1 48
3650 19 0 48
339 15 3 48
883 11 4 48
545 18 0 48
3592 17 0 48
454 3 8 48
3245 3 7 48
172 12 10 48
1407 11 10 48
3730 13 8 48
3841 14 7 48
1154 14 8 48
1249 15 8 48
2597 16 8 48
3109 16 7 48
23 0 18 49
3121 0 17 49
439 0 15 49
990 16 10 49
2163 0 0 49
1405 5 14 49
2775 5 13 49
150 19 7 49
2876 19 6 49
827 9 8 49
1098 15 2 49
3396 14 2 49
21 5 8 49
255 6 8 49
601 0 16 49
3307 1 18 49
281 15 10 49
362 0 14 50
627 1 14 50
1237 1 15 50
1178 17 10 50
2521 17 11 50
2682 16 12 50
3788 3 19 50
3760 6 18 50
1862 3 15 50
2923 4 14 50
3190 10 19 50
1553 1 11 50
2169 1 10 50
650 8 0 50
1527 5 1 50
500 5 4 50
1493 8 7 50
3740 8 4 50
1976 19 5 50
2704 12 5 50
3416 14 1 50
787 19 2 50
460 6 17 50
1047 4 19 50
593 8 5 50
2314 16 13 50
972 16 11 50
2062 9 19 50
3519 9 18 50
1706 17 19 51
2050 18 19 51
3642 17 12 51
2428 2 17 51
3675 5 0 51
3767 4 0 51
484 2 13 51
1216 3 14 51
311 8 1 51
2401 5 2 51
3239 13 11 51
1403 18 6 51
3209 9 7 51
2488 19 3 51
1915 11 3 51
2299 12 3 51
1423 10 1 51
238 3 0 51
1631 2 0 51
2038 1 0 51
2894 1 1 51
3681 1 2 51
1439 1 3 51
2847 1 4 51
3193 2 4 51
3169 2 5 51
1293 1 17 51
2464 1 16 51
287 17 18 51
1389 12 11 51
271 18 7 51
1420 19 19 52
1698 19 18 52
1802 19 17 52
3664 19 16 52
910 15 19 52
2186 16 17 52
2341 3 13 52
2754 8 2 52
1208 7 1 52
1857 9 5 52
3626 11 7 52
3661 17 5 52
3941 18 5 52
274 19 4 52
2602 10 0 52
370 18 4 52
967 18 3 52
1422 11 0 52
685 12 6 52
1974 11 6 52
2606 8 3 52
618 4 13 52
91 18 18 52
149 18 17 52
2353 18 16 52
245 15 18 52
427 19 9 53
457 19 10 53
987 14 9 53
404 2 14 53
1247 3 17 53
3255 11 19 53
3368 11 18 53
917 7 14 53
134 4 12 53
579 4 11 53
2183 7 3 53
3082 9 0 53
4003 9 1 53
358 9 3 53
2103 12 0 53
1975 9 2 53
1158 7 2 53
1319 2 15 53
2079 2 16 53
2480 3 16 53
805 3 18 53
328 19 15 53
724 14 10 53
3203 11 17 53
3567 10 17 53
1702 17 13 54
1909 5 18 54
3898 5 17 54
543 16 14 54
1670 18 15 54
1791 15 16 54
2014 0 11 54
3147 0 12 54
205 3 12 54
513 7 17 54
3324 8 17 54
1031 14 8 54
2000 15 8 54
2591 17 2 54
2446 17 0 54
651 17 1 54
3863 17 3 54
3073 16 3 54
1555 0 13 54
1853 1 13 54
570 1 12 54
1091 2 12 54
2068 2 11 54
1642 16 13 54
2441 15 17 54
198 7 16 54
680 7 15 54
3745 8 15 54
711 14 7 54
947 15 7 54
853 16 8 54
411 16 7 54
2100 17 7 54
3418 17 6 54
296 16 6 54
3120 15 6 54
38 16 9 55
483 17 9 55
561 18 9 55
686 12 18 55
3407 13 18 55
3692 5 16 55
1196 0 10 55
1860 0 9 55
1982 1 9 55
3651 2 9 55
1657 2 0 55
2369 2 1 55
849 1 3 55
2573 3 2 55
2727 8 19 55
3178 6 11 55
1083 0 8 55
1298 1 8 55
1730 2 8 55
2113 3 8 55
2920 3 7 55
3042 7 0 55
2514 12 1 55
2542 1 0 55
1111 6 0 55
2774 6 1 55
3438 6 2 55
2309 6 16 55
3149 18 10 55
1481 9 19 55
916 0 19 56
3290 1 19 56
2394 6 19 56
1212 0 3 56
1086 3 0 56
3058 3 1 56
147 5 11 56
560 2 5 56
2027 8 11 56
2070 8 10 56
3561 11 0 56
1585 4 1 56
2397 4 2 56
224 5 19 56
977 4 19 56
341 15 9 56
2 15 10 56
1488 15 11 56
2841 15 12 56
1844 15 13 56
3882 15 14 56
2429 11 1 56
2243 19 12 57
2375 2 19 57
2544 2 18 57
2660 3 18 57
3874 1 18 57
396 11 15 57
1572 10 18 57
1906 1 4 57
2244 1 7 57
2319 4 3 57
2463 13 9 57
3989 19 2 57
1033 17 3 57
3677 18 0 57
129 18 3 57
384 18 2 57
785 18 1 57
2098 17 1 57
2556 16 3 57
3252 16 2 57
1243 0 4 57
2693 5 3 57
170 6 3 57
3136 4 18 57
3765 4 17 57
722 19 11 57
575 18 11 57
1102 19 13 58
2343 12 19 58
1484 15 18 58
2365 15 17 58
2680 13 15 58
2843 14 16 58
634 3 3 58
825 10 17 58
899 11 17 58
1015 12 17 58
1970 2 11 58
3139 3 9 58
984 14 11 58
1284 1 5 58
3294 0 7 58
3263 5 12 58
1370 8 13 58
3671 5 9 58
1140 8 9 58
850 0 5 58
3621 0 6 58
4038 1 6 58
857 2 6 58
605 2 10 58
361 3 11 58
1426 3 10 58
99 4 9 58
2260 4 10 58
3267 5 10 58
3996 7 13 58
946 13 19 58
866 14 19 58
2874 14 18 58
2134 14 17 58
3634 13 17 58
3649 13 16 58
612 0 18 59
2121 0 17 59
164 16 19 59
399 18 18 59
1799 18 17 59
3909 19 15 59
1971 16 16 59
2603 7 19 59
2956 7 18 59
2224 0 1 59
3098 11 16 59
3968 8 12 59
1468 4 8 59
2632 9 10 59
1832 16 7 59
56 15 1 59
267 0 2 59
3298 6 10 59
730 19 14 59
2609 8 18 59
742 9 18 59
1128 9 17 59
71 14 3 59
596 15 7 59
3679 0 16 60
2504 16 18 60
3582 7 16 60
443 10 16 60
682 10 15 60
2747 11 14 60
3069 13 13 60
3166 4 5 60
3322 5 5 60
3457 8 8 60
2594 9 12 60
2539 11 10 60
2810 13 10 60
3786 12 10 60
3880 12 9 60
1662 11 8 60
962 12 7 60
2190 12 6 60
1027 15 5 60
332 7 15 60
1923 9 16 60
2281 8 16 60
1792 12 8 60
1558 13 8 60
3768 0 13 61
2119 18 19 61
2652 17 19 61
3233 17 18 61
3792 0 15 61
1502 17 12 61
1901 16 11 61
3238 2 15 61
3652 0 0 61
3111 13 14 61
4008 8 15 61
412 5 8 61
2988 6 9 61
2630 6 7 61
1424 6 5 61
2635 8 5 61
2766 19 8 61
3180 9 9 61
3934 11 6 61
1114 1 0 61
1282 1 1 61
2346 1 2 61
3604 2 2 61
616 2 3 61
1130 2 4 61
1712 3 4 61
1836 3 5 61
2889 5 7 61
993 4 7 61
349 6 8 61
1626 0 14 61
41 9 15 61
758 19 19 62
845 19 18 62
2985 19 17 62
609 1 17 62
1936 5 14 62
2450 4 2 62
473 16 8 62
774 17 8 62
2095 11 9 62
2545 11 5 62
302 9 4 62
1412 13 7 62
1987 15 4 62
2987 16 4 62
1163 16 3 62
1924 4 1 62
3494 4 0 62
111 5 0 62
2637 6 0 62
2751 6 1 62
797 19 16 62
3049 18 16 62
319 18 8 62
2360 14 7 62
2071 17 11 63
3628 18 11 63
3950 3 19 63
450 16 17 63
2811 2 17 63
3030 2 16 63
3408 3 16 63
1013 16 12 63
1465 15 19 63
1731 3 14 63
2034 8 3 63
3952 19 6 63
2895 14 5 63
1495 12 4 63
1794 17 4 63
360 2 7 63
992 2 6 63
3093 3 6 63
832 4 6 63
1260 5 6 63
2355 6 6 63
2615 1 16 63
2998 1 15 63
2691 2 12 63
725 8 2 63
1630 17 17 63
1172 19 7 63
2287 19 9 64
2345 19 11 64
1910 14 9 64
2264 15 9 64
3764 14 10 64
2461 17 13 64
2842 11 13 64
3437 13 11 64
2245 8 14 64
3175 7 2 64
617 9 8 64
1328 18 7 64
748 9 5 64
1471 18 4 64
1725 19 0 64
2477 16 2 64
1368 14 2 64
2529 16 0 64
3703 14 3 64
1127 19 1 64
3223 18 3 64
4030 18 2 64
2525 18 1 64
2949 17 1 64
4006 16 1 64
663 19 10 64
3571 12 11 64
1682 17 7 64
2009 18 9 65
3097 17 9 65
3545 16 9 65
1168 3 17 65
2154 16 13 65
3586 12 18 65
679 2 14 65
1547 5 15 65
168 9 13 65
3216 16 5 65
431 11 4 65
1710 16 3 65
2249 15 3 65
2378 15 2 65
173 15 1 65
2798 15 0 65
2447 14 0 65
3161 1 14 65
3584 3 15 65
13 18 10 65
1044 17 10 65
3014 16 10 65
597 15 10 65
689 15 11 65
1621 15 12 65
378 15 13 65
1209 5 19 66
3009 5 18 66
182 4 16 66
1226 11 18 66
738 13 19 66
750 14 17 66
1264 1 12 66
2126 1 11 66
2288 1 10 66
2967 15 14 66
3104 6 12 66
1685 7 15 66
1917 7 14 66
2231 18 6 66
109 11 7 66
369 4 15 66
3589 4 14 66
141 4 19 66
1575 14 19 66
1257 17 4 66
193 0 19 67
1601 1 19 67
1686 2 19 67
1536 5 16 67
1589 5 13 67
2130 8 0 67
3498 8 2 67
3751 3 11 67
3758 6 4 67
4024 10 0 67
158 9 0 67
1978 9 1 67
844 8 1 67
1007 7 1 67
1246 19 13 68
2653 19 14 68
3329 17 14 68
1285 17 16 68
2587 6 19 68
3273 6 18 68
3707 12 19 68
4048 2 0 68
3179 1 2 68
1557 4 0 68
855 6 0 68
1998 5 2 68
2593 11 15 68
3820 9 7 68
210 9 3 68
1110 9 2 68
207 12 0 68
405 1 0 68
1885 1 1 68
1774 5 0 68
2372 18 16 68
877 19 12 68
632 18 12 68
932 18 13 68
1123 18 14 68
2412 18 15 68
3669 17 15 68
2364 16 14 68
340 11 19 68
934 14 4 68
3 0 12 69
155 15 18 69
2634 14 16 69
2689 1 14 69
318 0 2 69
2631 0 3 69
3055 0 4 69
3897 0 5 69
262 14 14 69
1308 14 13 69
3785 5 4 69
3191 8 4 69
928 8 7 69
3829 15 1 69
1812 15 0 69
3135 14 0 69
295 0 11 69
2714 0 10 69
3185 0 9 69
3742 1 9 69
641 15 17 69
1176 15 16 69
1341 14 18 69
1429 13 18 69
175 2 12 70
1988 4 13 70
2528 13 16 70
1929 8 19 70
3876 9 19 70
490 7 17 70
801 10 17 70
2105 11 17 70
3065 2 9 70
3998 3 0 70
1634 4 1 70
3793 2 2 70
3899 4 3 70
1490 1 4 70
3823 2 4 70
523 6 11 70
1635 11 12 70
3807 0 6 70
3158 2 7 70
292 1 3 70
2599 2 3 70
277 2 1 70
1520 3 1 70
1997 1 15 70
628 5 3 70
373 5 1 70
2536 13 17 70
80 12 17 70
1197 12 16 70
1840 10 19 70
3713 10 18 70
1379 8 18 70
3774 9 18 70
643 9 17 70
1224 8 17 70
1256 16 1 70
1588 1 16 71
1681 0 16 71
2433 0 17 71
3806 0 18 71
1280 2 11 71
1607 3 9 71
1632 4 9 71
2164 0 8 71
2255 1 8 71
1675 7 0 71
1950 7 1 71
2222 2 5 71
3552 5 11 71
2592 8 11 71
3398 9 11 71
3861 4 7 71
67 13 9 71
401 15 8 71
1449 2 8 71
154 3 8 71
980 3 7 71
1745 8 10 71
863 2 10 71
1043 3 10 71
1050 0 14 71
2371 0 13 71
1539 1 13 71
321 6 1 71
2649 6 2 71
2911 6 3 71
3598 7 3 71
677 7 4 71
1796 7 5 71
580 7 16 71
2234 8 16 71
2455 11 0 71
3205 13 8 71
604 14 8 71
3889 14 7 71
1850 15 7 71
66 16 19 72
368 17 17 72
1835 14 11 72
2472 14 12 72
2643 13 12 72
2339 17 2 72
22 18 3 72
626 12 5 72
1313 19 1 72
559 15 13 73
887 15 12 73
1811 15 11 73
3495 15 10 73
1678 18 10 73
662 19 19 73
2075 18 19 73
3625 19 17 73
372 19 15 73
2197 1 17 73
3500 3 19 73
3960 4 19 73
1235 4 14 73
2789 5 14 73
3378 11 14 73
2131 0 7 73
3434 9 15 73
3469 13 13 73
1153 4 5 73
1236 8 8 73
189 12 2 73
98 1 7 73
1654 1 5 73
2500 1 6 73
2646 2 6 73
3496 4 2 73
806 5 5 73
727 1 18 73
2645 19 16 73
535 19 18 73
3566 17 19 73
1017 9 14 73
1486 9 16 73
2443 10 16 73
2914 10 15 73
800 4 15 74
1571 3 15 74
2854 3 16 74
2946 2 16 74
3127 19 9 74
3999 19 10 74
2683 19 12 74
1010 17 18 74
1395 5 12 74
1615 17 0 74
2019 9 12 74
3965 15 2 74
788 16 8 74
400 11 3 74
2581 12 3 74
1649 18 18 74
817 18 17 74
904 18 16 74
308 19 11 74
1035 16 18 74
174 16 17 74
183 15 17 74
3186 15 16 74
1680 18 8 74
1703 17 8 74
2899 17 7 74
3534 17 1 74
3529 18 1 74
2336 14 10 75
1082 16 10 75
2312 18 9 75
3197 16 12 75
3281 17 12 75
355 2 15 75
380 1 15 75
2900 15 3 75
336 11 9 75
640 15 7 75
3334 11 5 75
602 4 4 75
516 0 15 75
1554 0 14 75
1474 0 13 75
515 16 11 75
272 14 9 75
864 15 9 75
1090 16 9 75
3944 17 9 75
1445 17 10 75
3734 17 11 75
1324 18 11 75
1651 18 12 75
1598 3 18 76
2265 4 18 76
824 5 19 76
2526 18 13 76
3873 17 13 76
1450 13 17 76
3922 0 0 76
2370 13 10 76
3210 11 10 76
2002 17 6 76
3240 17 3 76
3344 9 4 76
1948 11 2 76
449 9 1 76
3227 1 0 76
2462 16 13 76
417 15 19 76
268 16 3 76
974 16 6 76
2373 15 6 76
1042 12 10 76
1986 12 9 76
3036 12 8 76
2069 13 8 76
2492 14 8 76
1001 14 7 76
2565 14 6 76
4022 13 6 76
137 13 5 76
792 0 19 77
1343 1 19 77
1485 2 19 77
2395 1 18 77
3499 2 18 77
2667 4 16 77
3100 14 19 77
3137 11 18 77
1239 11 19 77
2730 10 19 77
1323 1 1 77
2748 8 16 77
3933 13 11 77
1815 11 13 77
481 2 17 77
745 3 17 77
2386 4 17 77
299 10 18 77
512 17 14 78
2032 6 17 78
2144 6 16 78
2887 14 17 78
40 16 16 78
1104 13 19 78
1432 1 13 78
2801 2 13 78
2903 1 12 78
1036 4 12 78
1813 0 10 78
1979 0 9 78
2702 13 14 78
2621 8 0 78
4047 8 1 78
1271 6 3 78
1801 9 0 78
3546 11 0 78
37 1 9 78
756 4 11 78
3959 2 14 78
327 6 4 78
822 19 13 78
3491 19 14 78
1622 18 14 78
1273 10 0 78
534 6 19 79
708 6 18 79
2026 17 16 79
3072 16 14 79
451 0 13 79
1958 0 12 79
3624 0 11 79
499 7 19 79
1152 7 18 79
2548 8 18 79
2853 8 2 79
167 1 0 79
353 2 0 79
3896 2 1 79
398 3 1 79
550 3 2 79
1020 1 11 79
2713 5 18 79
565 5 17 79
102 5 16 79
3596 5 15 79
1717 6 15 79
2120 6 14 79
1028 12 19 79
140 15 19 80
976 15 18 80
1805 14 16 80
3432 4 13 80
3752 5 13 80
1483 2 12 80
2976 8 15 80
306 7 13 80
3556 8 3 80
3370 6 13 80
3852 6 12 80
225 14 18 80
125 13 18 80
633 12 18 80
529 0 18 81
4051 0 17 81
1759 8 19 81
611 8 17 81
2143 12 17 81
3815 12 16 81
2479 9 13 81
2557 5 7 81
1903 19 0 81
3133 19 1 81
1504 9 8 81
696 19 5 81
230 17 5 81
838 13 16 81
444 9 19 81
935 18 0 81
3448 17 19 82
2958 17 17 82
3945 1 2 82
3188 0 4 82
644 7 17 82
2665 7 16 82
3390 7 15 82
77 1 11 82
2015 1 10 82
1597 10 18 82
248 4 0 82
348 5 0 82
3830 4 2 82
49 5 3 82
1169 14 11 82
1640 14 12 82
3319 11 4 82
542 9 7 82
325 13 12 82
2182 16 19 82
3105 16 18 82
3722 16 17 82
2666 15 17 82
1931 9 18 82
18 7 14 82
45 10 12 82
203 10 13 82
1819 0 5 82
2763 16 3 82
3411 16 9 83
3471 15 9 83
3612 18 12 83
894 16 13 83
2073 10 17 83
3550 2 11 83
1498 6 0 83
1608 6 1 83
1919 1 5 83
2929 6 7 83
3119 17 8 83
1138 19 7 83
2212 11 8 83
2703 11 7 83
3228 19 4 83
2194 16 5 83
2396 17 2 83
3249 9 5 83
989 13 6 83
765 9 3 83
1200 9 2 83
2354 14 3 83
106 16 2 83
1515 17 9 83
445 11 17 83
920 11 16 83
1367 9 17 83
2934 9 16 83
1960 10 16 83
3087 14 2 83
818 19 6 83
847 17 7 83
1953 16 6 83
3492 15 6 83
1957 18 10 84
3022 1 9 84
1139 3 9 84
2533 10 14 84
2610 9 14 84
2124 0 8 84
2883 1 8 84
2229 5 8 84
145 5 5 84
2700 6 5 84
3422 19 8 84
34 1 7 84
2152 1 6 84
43 2 8 84
76 2 9 84
2349 2 10 84
314 8 14 84
2179 8 13 84
2456 14 13 84
3392 14 14 84
1254 10 15 84
2891 11 15 84
1989 12 0 84
531 18 8 84
159 18 7 84
783 18 6 84
5 18 5 84
1262 14 8 84
430 13 8 84
2023 19 9 85
3419 19 10 85
3854 19 11 85
1048 19 19 85
1113 19 18 85
1261 1 16 85
1652 2 16 85
1150 4 17 85
3655 4 15 85
1648 0 1 85
1829 0 2 85
476 7 0 85
480 7 1 85
901 0 3 85
2595 1 3 85
2049 3 0 85
3813 0 16 85
1968 18 19 85
704 18 11 85
2083 14 9 86
2198 14 10 86
3447 19 14 86
290 17 13 86
555 19 17 86
608 19 16 86
1122 2 17 86
2379 3 17 86
2707 4 11 86
1315 3 1 86
3242 4 1 86
3414 3 2 86
36 7 11 86
514 7 10 86
2719 4 8 86
221 3 5 86
1904 4 9 86
3593 5 9 86
1018 2 5 86
659 3 8 86
2875 7 9 86
3192 5 1 86
3423 5 2 86
2146 6 2 86
1427 7 2 86
3131 7 3 86
3857 19 12 86
44 19 13 86
1600 18 13 86
3750 8 10 86
1325 0 19 87
2517 1 19 87
3737 2 19 87
2650 1 17 87
351 4 19 87
1605 16 10 87
874 18 18 87
1952 18 17 87
2907 18 16 87
528 4 7 87
3924 3 7 87
911 9 9 87
42 19 15 87
3929 17 18 87
956 16 18 87
1658 15 10 87
3194 7 8 87
3748 6 8 87
4060 6 9 87
1469 6 10 87
764 3 19 87
1876 0 0 87
1538 12 6 87
3467 16 11 88
1238 1 18 88
1825 2 18 88
1933 5 19 88
3435 18 14 88
3946 17 14 88
1629 14 19 88
130 18 2 88
1994 19 2 88
1039 19 3 88
403 18 15 88
895 18 9 88
546 17 9 88
569 17 10 88
1563 17 11 88
1650 17 12 88
1218 16 12 88
1677 15 11 88
2376 15 12 88
3102 15 13 88
433 3 18 88
959 4 18 88
1962 1 15 89
1072 3 15 89
2185 3 16 89
3208 2 13 89
3769 10 19 89
470 12 19 89
879 13 19 89
3340 12 18 89
2030 16 2 89
269 13 2 89
961 14 2 89
2330 15 2 89
2628 15 3 89
2778 0 7 89
3440 1 7 89
3387 1 6 89
927 12 7 89
1201 13 7 89
278 11 19 89
1135 11 18 89
1477 11 17 89
3040 11 16 89
3145 6 19 89
27 6 18 89
2620 5 18 89
833 5 17 89
2808 6 17 89
902 6 16 89
55 4 16 89
1847 5 16 89
2546 5 15 89
511 6 15 89
1795 2 15 89
3918 4 3 89
1646 0 9 90
2749 0 10 90
3761 0 11 90
288 1 12 90
3164 1 13 90
3817 10 16 90
3966 8 16 90
6 16 17 90
739 15 17 90
3771 16 16 90
1166 13 18 90
461 1 0 90
923 4 10 90
2507 3 13 90
2831 12 15 90
3064 14 14 90
1624 13 12 90
2868 13 11 90
3853 9 12 90
1692 16 8 90
209 14 13 90
234 3 10 90
1688 3 11 90
3504 0 12 90
2586 0 13 90
3293 11 9 90
3766 15 5 90
390 14 5 90
889 13 5 90
1679 9 4 90
2004 10 4 90
2520 11 4 90
2722 12 4 90
4036 12 5 90
3365 2 0 90
505 16 3 90
1220 17 3 90
2003 18 3 90
2125 0 18 91
3272 3 3 91
1304 1 3 91
1672 16 19 91
153 8 0 91
948 7 0 91
1852 8 1 91
3078 8 2 91
3995 7 19 91
1782 15 19 91
377 0 17 91
645 0 16 91
1548 0 15 91
4025 10 3 91
3318 18 19 92
674 1 7 92
1382 2 5 92
1925 17 16 92
2872 15 16 92
2007 7 18 92
2168 8 18 92
3287 6 3 92
1129 13 17 92
1834 13 16 92
2383 7 1 92
2921 2 12 92
1763 9 1 92
2524 8 19 92
3123 9 19 92
2174 9 18 92
2278 17 15 92
3283 17 19 92
4040 5 10 92
1991 19 13 93
3021 18 13 93
266 18 11 93
2074 17 9 93
2127 16 9 93
2136 15 9 93
2738 1 2 93
2836 17 17 93
860 0 5 93
1157 0 7 93
2999 7 7 93
3902 7 5 93
2220 0 6 93
504 1 1 93
422 2 1 93
1466 2 2 93
684 17 18 93
717 18 9 94
936 18 10 94
999 17 10 94
331 16 13 94
1444 0 13 94
2402 3 10 94
2961 4 5 94
3220 8 3 94
882 0 3 94
2253 0 4 94
116 17 11 94
2387 19 9 95
3428 19 10 95
3575 19 11 95
30 0 12 95
1743 0 11 95
1898 0 10 95
2781 0 9 95
2112 17 7 95
148 8 12 95
2268 7 12 95
2273 13 7 95
2308 3 9 95
1070 9 1 96
2978 9 13 96
