2599
4050 19 0 1
233 17 0 1
980 19 2 1
1569 16 0 1
2651 17 1 1
2232 18 3 1
2917 19 19 1
2363 17 19 1
4000 19 17 1
4313 16 19 1
2191 17 17 1
2621 19 15 1
4183 19 5 1
488 17 5 1
4201 19 7 1
286 15 5 1
1170 17 7 1
1317 19 9 1
1955 13 0 1
1993 13 2 1
3579 15 1 1
3397 16 3 1
642 0 19 1
2098 2 19 1
2436 0 17 1
3713 4 19 1
496 2 17 1
1314 0 15 1
888 16 16 1
1824 15 16 1
675 19 14 1
1912 18 14 1
3849 17 14 1
4219 16 14 1
4307 15 14 1
317 19 16 1
2207 17 16 1
193 19 18 1
1390 0 18 1
1517 1 19 1
3822 16 17 1
3087 15 17 1
770 3 17 1
3132 4 17 1
1533 5 17 1
1323 6 17 1
3551 7 17 1
129 0 14 1
2589 0 16 1
988 3 19 1
813 15 19 1
2708 14 19 1
3645 13 19 1
3984 12 19 1
1807 11 19 1
461 18 19 1
1833 19 10 1
2645 19 8 1
54 19 6 1
1382 16 7 1
3148 15 7 1
556 14 7 1
3636 13 7 1
1254 19 3 1
1598 19 4 1
1600 18 5 1
3130 18 4 1
996 19 1 1
3325 18 0 1
3677 18 1 1
4213 18 2 1
2946 15 3 1
4051 13 3 1
3281 14 3 1
2819 13 1 1
3750 15 0 1
61 14 0 1
74 14 1 1
1303 14 2 1
1422 15 2 1
1808 16 1 1
3106 16 5 1
1606 1 0 1
3493 2 1 1
1616 3 1 1
2406 0 0 1
205 1 1 1
3817 2 2 1
1031 4 1 1
3988 3 2 1
161 0 1 1
329 1 2 1
1351 2 3 1
4105 5 1 1
2402 4 2 1
3530 3 3 1
3897 0 2 1
3904 1 3 1
3968 2 4 1
225 6 1 1
256 5 2 1
3591 4 3 1
3696 3 4 1
3799 0 3 1
1909 1 4 1
3587 2 5 1
840 8 0 1
893 6 2 1
1639 5 3 1
2654 4 4 1
3561 3 5 1
3589 0 4 1
82 1 5 1
1072 2 6 1
1951 9 0 1
162 8 1 1
574 6 3 1
2441 5 4 1
4212 4 5 1
516 3 6 1
2327 0 5 1
3014 1 6 1
3496 2 7 1
3906 10 0 1
871 9 1 1
1215 8 2 1
2445 6 4 1
2969 5 5 1
3729 4 6 1
170 3 7 1
184 0 6 1
2300 1 7 1
2646 2 8 1
811 11 0 1
1866 10 1 1
2998 9 2 1
4088 8 3 1
641 6 5 1
3214 5 6 1
562 4 7 1
637 3 8 1
1227 0 7 1
1612 1 8 1
2061 2 9 1
2571 12 0 1
2666 11 1 1
3194 10 2 1
264 9 3 1
2565 8 4 1
2669 6 6 1
3108 5 7 1
4005 4 8 1
4147 3 9 1
4317 0 8 1
803 1 9 1
1066 2 10 1
1474 16 2 2
4255 13 4 2
2557 13 6 2
2989 17 18 2
1716 9 4 2
480 18 18 2
938 18 17 2
2240 18 16 2
3862 18 15 2
1057 17 15 2
3374 16 18 2
3888 15 18 2
2282 14 18 2
3409 13 18 2
3908 12 18 2
764 7 18 2
1313 6 18 2
1152 1 17 2
1683 1 18 2
2438 2 18 2
2186 3 18 2
2999 4 18 2
700 13 5 2
382 17 2 2
701 17 3 2
836 17 4 2
1818 16 4 2
4015 15 4 2
2794 3 10 2
3468 5 8 2
2050 17 8 3
2235 19 11 3
2486 18 11 3
1130 19 13 3
535 16 11 3
2698 15 11 3
2968 17 13 3
159 15 8 3
440 14 8 3
2635 15 9 3
821 13 15 3
1806 14 16 3
790 19 12 3
2707 18 13 3
998 18 12 3
1207 14 11 3
2194 13 11 3
1285 14 9 3
985 13 8 3
1023 13 9 3
1294 13 10 3
2910 14 10 3
707 15 10 3
1496 16 8 3
4159 14 4 3
46 14 5 3
791 14 6 3
2368 15 6 3
2711 16 6 3
3079 16 15 3
3327 15 15 3
3467 14 15 3
73 14 14 3
1172 13 14 3
4136 14 17 3
207 11 18 3
4197 5 18 3
1144 5 19 3
3253 6 19 3
2764 7 19 3
1452 8 19 3
2509 17 9 4
4305 0 11 4
3734 2 11 4
2898 0 13 4
1767 4 11 4
3178 2 13 4
4060 13 17 4
1014 11 17 4
1391 12 15 4
3006 9 17 4
3923 10 18 4
2293 16 13 4
823 17 6 4
829 18 6 4
949 18 7 4
4145 18 8 4
2555 18 9 4
634 16 9 4
2439 16 10 4
2684 12 14 4
2009 13 16 4
3442 12 17 4
3475 12 16 4
1189 11 16 4
3962 10 17 4
2168 10 16 4
2810 9 16 4
3557 10 19 4
138 9 19 4
1052 9 18 4
3135 8 18 4
3724 8 17 4
2227 4 12 4
2515 0 12 4
3023 1 13 4
4124 1 11 4
1644 1 12 4
3414 2 12 4
777 3 11 4
4123 3 12 4
2399 3 13 4
31 1 16 5
3179 3 16 5
3873 4 16 5
3045 14 13 5
1411 12 13 5
3357 11 13 5
3785 10 15 5
1174 8 15 5
1103 9 13 5
326 5 15 5
3255 18 10 5
4019 17 10 5
2367 17 11 5
3813 17 12 5
2583 16 12 5
3936 15 13 5
4262 13 13 5
1467 11 15 5
3699 11 14 5
2211 4 15 5
2693 3 15 5
4298 2 16 5
657 2 15 5
2979 1 15 5
1427 1 14 5
2942 4 13 5
1729 8 16 5
2304 5 16 5
2655 6 16 5
2369 7 16 5
2992 7 15 5
3304 6 15 5
3679 8 13 5
875 7 13 5
3703 9 15 5
1010 2 14 6
2767 3 14 6
1138 12 11 6
1685 11 11 6
499 12 9 6
1682 9 11 6
3010 10 9 6
3186 12 7 6
130 5 13 6
1320 5 11 6
3269 7 12 6
4312 6 10 6
3311 4 10 6
1211 12 1 6
1481 12 6 6
249 12 8 6
993 12 10 6
995 4 14 6
1029 5 14 6
2210 6 14 6
2440 7 14 6
1376 8 14 6
2139 10 11 6
3600 5 12 6
892 6 13 6
2728 6 12 6
525 6 11 6
2163 9 9 6
3248 8 9 6
1671 5 10 6
137 1 0 6
365 0 0 6
124 11 10 7
684 10 10 7
2400 11 9 7
2605 9 10 7
2887 8 10 7
2291 10 8 7
2993 9 8 7
1410 11 6 7
1045 11 2 7
2580 11 3 7
3049 12 5 7
1567 6 8 7
2543 6 7 7
4326 8 7 7
2873 6 1 7
1741 5 2 7
3262 3 2 7
3352 4 3 7
3752 1 2 7
1535 12 2 7
1931 12 3 7
2122 12 4 7
937 11 8 7
1605 11 7 7
1003 9 7 7
2245 10 7 7
3969 10 6 7
1151 9 6 7
2025 8 8 7
213 9 14 7
383 10 14 7
3091 10 13 7
1940 2 2 7
140 4 2 7
2391 11 4 8
2634 8 6 8
3704 5 4 8
4253 4 4 8
3602 2 4 8
953 6 2 8
1131 3 6 8
1396 2 7 8
3033 1 6 8
467 0 5 8
2676 10 0 8
1381 9 1 8
2251 8 1 8
2448 5 1 8
4254 4 1 8
2053 9 0 8
353 8 0 8
3073 5 3 8
39 11 5 8
2489 0 4 8
2659 1 4 8
3416 1 5 8
604 2 6 8
974 2 5 8
554 0 6 9
1922 0 7 9
2663 4 9 9
2573 2 9 9
2626 5 6 9
2851 12 0 9
3682 10 5 9
1488 6 5 9
3558 6 4 9
3685 6 3 9
3868 8 3 9
2443 3 1 9
1543 11 0 9
2126 11 1 9
2187 10 1 9
2575 5 5 9
2608 1 7 9
1690 0 10 10
2015 1 10 10
3807 0 9 10
3191 5 9 10
719 4 8 10
1092 9 5 10
4101 8 5 10
2209 9 3 10
356 6 6 10
3239 6 9 10
2217 7 3 10
833 5 8 10
2844 5 7 10
2977 0 8 10
2305 1 9 10
2957 1 8 10
3074 2 8 10
3153 2 10 10
3358 3 10 10
4045 3 9 10
2705 3 8 10
3992 3 7 10
4156 4 7 10
1077 4 6 10
2335 4 5 10
3116 3 5 10
3322 3 4 10
1981 3 3 10
3942 2 3 10
4170 1 3 10
603 0 3 10
1705 0 2 10
2037 0 1 10
979 19 0 11
1850 18 0 11
2586 19 1 11
2947 18 1 11
384 15 2 12
1757 14 2 12
2735 14 1 12
2569 17 0 12
2577 18 2 12
2224 0 0 12
543 19 2 12
2000 14 0 12
12 15 0 12
1264 16 0 12
3068 16 1 12
3147 17 1 12
3321 17 2 12
2830 2 1 12
42 0 1 12
100 1 1 12
2389 1 0 12
3022 18 3 13
1168 19 19 13
1274 18 19 13
1867 19 18 13
132 12 14 13
1162 11 14 13
3804 19 3 13
1766 17 3 13
2259 18 18 13
2247 17 19 14
2513 16 19 14
389 15 19 14
1795 14 19 14
2624 13 19 14
3859 19 17 14
1395 14 17 14
1804 11 19 14
2611 10 19 14
3204 11 18 14
3674 9 19 14
3240 11 15 14
863 6 15 14
1871 12 19 14
592 9 18 14
2384 8 18 14
2803 8 17 14
1963 15 4 15
3195 19 5 15
1776 15 17 15
3220 16 17 15
1074 18 17 15
1599 18 16 15
3454 7 15 15
797 19 4 15
57 19 16 15
144 19 15 15
1953 18 15 15
594 17 17 15
2105 17 16 15
2323 17 15 15
2447 16 15 15
854 15 15 15
1150 14 15 15
2454 16 18 15
4102 15 18 15
564 14 18 15
870 13 18 15
2248 12 18 15
3875 12 17 15
3941 12 16 15
60 11 16 15
3550 16 4 16
2492 17 5 16
2395 0 11 16
3101 19 6 16
1852 19 8 16
2001 17 8 16
333 16 10 16
379 18 10 16
2352 19 11 16
992 19 7 16
1478 0 12 16
766 15 10 17
1921 14 10 17
3448 13 10 17
387 15 5 17
919 16 5 17
2786 15 6 17
3461 16 6 17
3642 17 6 17
2026 1 11 17
2176 1 12 17
2468 2 12 17
2534 2 16 17
2733 3 16 17
4244 4 16 17
4016 18 11 17
70 13 9 17
2041 13 8 17
2083 13 7 17
3190 16 9 17
1437 16 8 17
958 1 14 17
2627 1 15 17
2156 5 16 17
3343 6 16 17
3474 7 16 17
1880 8 16 17
269 13 1 18
885 13 0 18
2017 14 0 18
514 19 10 18
2231 19 9 18
945 19 13 18
1235 18 13 18
1456 14 13 18
1353 9 6 18
3208 10 6 18
1758 4 6 18
1358 7 11 18
2702 19 12 18
3556 18 12 18
1256 15 13 18
477 14 14 18
1119 13 14 18
3005 13 2 19
3018 13 3 19
3456 14 3 19
4210 16 0 19
2303 2 11 19
2652 3 11 19
3279 9 15 19
3540 12 13 19
3978 11 13 19
2738 12 11 19
3042 11 11 19
3048 12 10 19
1113 11 9 19
2920 9 12 19
3234 10 7 19
1083 0 6 19
4225 0 7 19
2165 1 9 19
2289 2 10 19
2859 8 6 19
3425 12 0 19
591 9 7 19
251 11 10 19
81 14 4 19
4283 14 5 19
2941 14 6 19
1233 15 0 19
156 13 13 19
1487 8 12 19
2284 11 0 19
3133 11 1 19
369 10 1 19
97 1 7 19
1868 3 10 19
3625 3 9 19
47 2 9 19
1927 0 12 20
2339 0 13 20
2944 1 13 20
3096 1 14 20
4207 16 11 20
294 14 11 20
618 13 11 20
1198 9 11 20
3732 12 9 20
416 1 10 20
2975 0 10 20
1200 10 5 20
3294 4 5 20
3998 3 5 20
4113 5 3 20
560 11 5 20
1442 11 4 20
614 15 11 20
559 8 11 20
1554 0 9 20
1914 0 8 20
812 1 8 20
2467 2 8 20
541 0 19 21
1291 1 19 21
3623 0 18 21
1861 3 8 21
2317 5 8 21
2545 9 5 21
1374 10 4 21
1637 8 3 21
3745 10 3 21
386 6 4 21
4243 6 3 21
1815 3 7 21
295 4 8 21
762 4 7 21
1160 5 7 21
1603 14 1 22
3951 14 2 22
155 17 1 22
1202 15 3 22
1366 16 3 22
3615 19 0 22
1857 13 4 22
1884 13 5 22
2760 3 15 22
2864 4 15 22
2937 2 13 22
115 4 11 22
1428 4 12 22
2884 4 13 22
4131 12 6 22
4206 12 7 22
177 9 10 22
1159 8 10 22
3249 9 9 22
3775 8 9 22
1114 6 5 22
3339 8 5 22
4223 8 4 22
3118 2 5 22
266 3 3 22
2199 9 4 22
2268 9 3 22
3406 12 8 22
62 11 6 22
629 11 7 22
1203 11 8 22
1449 17 13 22
1585 14 4 22
2380 14 5 22
3192 14 6 22
3213 14 7 22
4209 15 7 22
75 16 1 22
458 15 1 22
816 15 2 22
910 16 2 22
1400 3 12 22
3649 3 13 22
419 1 5 22
4061 1 4 22
146 19 1 23
881 19 2 23
139 19 4 23
1098 17 3 23
1208 2 19 23
3072 3 19 23
390 1 18 23
2113 1 17 23
2817 12 4 23
3675 12 3 23
3839 12 2 23
3989 6 6 23
45 10 1 23
1157 3 1 23
2278 2 1 23
3105 11 1 23
616 19 3 23
456 17 2 23
819 17 0 23
1187 18 0 23
1596 18 1 23
493 18 2 23
1919 18 3 23
2641 0 17 23
1179 19 18 24
2131 2 18 24
2831 3 18 24
729 4 18 24
775 5 18 24
304 12 18 24
538 12 17 24
2463 5 13 24
1910 8 11 24
2313 1 1 24
530 19 19 24
2716 18 18 24
3901 18 19 24
2003 4 19 24
109 5 19 24
300 6 13 24
2485 15 4 25
309 19 5 25
506 17 19 25
1508 16 19 25
2609 15 19 25
3705 14 19 25
2280 2 17 25
3449 6 17 25
1587 12 19 25
3030 7 19 25
694 14 4 25
3209 14 5 25
148 13 19 25
1895 3 17 25
3746 4 17 25
2198 5 17 25
3346 5 16 25
3831 6 16 25
1549 6 19 25
2069 6 18 25
4064 7 18 25
936 13 7 26
2166 13 8 26
3228 15 7 26
1282 17 7 26
1828 0 14 26
2519 0 15 26
3545 11 18 26
1107 8 19 26
1860 17 17 26
2022 15 18 26
3536 13 18 26
1484 6 12 26
1735 6 11 26
3902 2 8 26
3934 2 6 26
1412 12 5 26
1537 11 5 26
2484 11 4 26
1331 6 2 26
1042 11 3 26
239 11 2 26
3369 10 2 26
3635 9 2 26
4151 6 3 26
36 0 16 26
717 16 18 26
1873 14 18 26
553 11 19 26
4076 10 19 26
721 9 19 26
4187 9 18 26
3668 8 18 26
412 8 17 26
1184 7 17 26
2741 5 12 26
2572 5 11 26
2950 5 10 26
135 5 9 26
1772 1 8 26
2469 3 6 26
258 17 5 27
3117 18 19 27
3340 18 18 27
2778 19 16 27
1421 17 16 27
2048 15 8 27
3709 17 10 27
453 16 7 27
2464 16 17 27
3081 13 15 27
4134 13 9 27
1925 7 15 27
2885 11 15 27
1414 6 9 27
2204 5 7 27
2257 5 6 27
391 8 2 27
2493 17 11 27
1085 13 6 27
38 19 15 27
4098 19 17 27
2223 18 17 27
2674 18 16 27
1986 18 15 27
3432 17 15 27
3176 10 17 27
1248 11 17 27
3515 5 5 27
3843 5 4 27
4141 4 4 27
2366 3 4 27
3037 4 7 27
30 3 7 27
1016 13 1 28
1495 13 0 28
1887 14 0 28
580 17 4 28
3780 16 4 28
584 16 6 28
3820 17 6 28
4211 15 6 28
782 16 8 28
2394 15 16 28
3882 13 10 28
2431 5 16 28
2853 9 16 28
3411 17 12 28
3573 8 8 28
3584 6 8 28
1586 0 5 28
1972 16 5 28
16 15 5 28
311 16 16 28
3660 16 15 28
1334 15 15 28
1687 14 15 28
2261 15 17 28
2151 14 17 28
2997 13 17 28
4148 13 16 28
552 6 7 28
867 0 4 28
2419 15 0 29
2938 16 0 29
464 15 2 29
2911 5 17 29
2331 3 17 29
3443 0 11 29
4304 1 11 29
2071 14 10 29
2477 13 13 29
2773 12 15 29
2936 8 12 29
3162 7 12 29
3338 6 1 29
873 4 17 29
133 4 16 29
245 3 16 29
259 2 16 29
435 12 16 29
2269 7 11 29
2418 7 10 29
3507 7 9 29
4083 7 8 29
2312 15 1 30
2827 16 1 30
486 19 6 30
758 0 12 30
2690 0 13 30
3853 2 12 30
551 19 10 30
1321 19 9 30
1730 19 13 30
216 17 13 30
113 2 15 30
2882 16 12 30
105 14 13 30
2444 14 14 30
3855 9 14 30
278 10 2 30
3548 8 1 30
3633 5 1 30
2180 16 2 30
3164 6 13 30
669 1 12 30
149 1 13 30
1040 13 14 30
2174 17 2 31
3976 19 7 31
1194 19 14 31
2094 18 14 31
2540 17 14 31
2792 16 14 31
2892 15 14 31
3075 19 12 31
3348 17 8 31
4295 8 14 31
1930 14 11 31
2123 13 11 31
3227 11 14 31
2840 12 9 31
4086 12 8 31
3731 11 7 31
2578 4 1 31
485 11 8 31
358 15 13 31
381 18 13 31
1459 18 12 31
297 19 8 31
1263 2 11 31
90 3 11 31
1205 3 12 31
1154 3 13 31
2870 12 14 31
1246 11 6 31
2636 13 2 32
3388 13 3 32
2596 17 9 32
4178 16 10 32
3402 11 13 32
2256 12 11 32
3514 11 11 32
3637 4 6 32
372 1 10 32
1827 0 10 32
3299 0 9 32
2086 9 5 32
1699 5 5 32
357 12 10 32
3222 16 9 32
2755 14 1 32
3439 14 2 32
3632 12 13 32
494 5 9 32
1269 5 8 32
1336 4 8 32
3628 4 7 32
3335 0 8 32
2183 18 0 33
2912 19 2 33
478 1 19 33
886 0 19 33
1301 19 11 33
3912 5 15 33
1306 7 17 33
27 9 18 33
1545 10 5 33
2633 10 4 33
3592 10 3 33
4269 8 3 33
2986 3 7 33
3273 2 7 33
4091 3 6 33
2592 4 4 33
4069 4 2 33
4163 5 2 33
2628 9 4 33
3370 9 3 33
472 9 2 33
399 9 1 33
196 17 0 33
337 17 1 33
2316 8 15 33
2521 9 15 33
1830 10 14 33
2757 10 15 33
4117 10 16 33
1156 4 5 33
623 3 5 33
3265 3 4 33
336 19 19 34
1044 19 0 34
1217 19 1 34
1370 2 19 34
1695 3 19 34
2058 4 19 34
3264 5 19 34
3876 6 19 34
1277 19 3 34
50 16 2 34
2228 16 3 34
2334 9 19 34
3159 10 19 34
4106 10 18 34
1468 9 12 34
512 11 10 34
2325 11 8 34
92 9 8 34
3313 9 6 34
2157 11 9 34
935 17 3 34
1180 18 1 34
3669 18 2 34
2393 18 3 34
3430 19 18 34
3436 19 17 34
3828 18 17 34
1137 19 4 35
3298 3 18 35
599 0 18 35
1239 0 17 35
1322 15 4 35
3376 15 5 35
3517 13 4 35
4121 13 6 35
2681 3 13 35
3021 1 15 35
77 3 15 35
2556 12 4 35
1638 12 2 35
2478 6 6 35
3753 0 7 35
3866 0 6 35
242 6 4 35
1965 3 2 35
4224 2 4 35
3177 12 3 35
3680 11 3 35
3869 11 2 35
632 5 4 35
1494 16 13 35
2420 15 13 35
2434 18 4 35
289 13 5 35
781 15 3 35
321 2 13 35
220 1 13 35
3827 1 14 35
3282 6 7 35
360 0 8 35
405 17 19 36
692 16 18 36
1369 13 19 36
1725 13 17 36
3438 19 5 36
3768 2 18 36
3747 0 16 36
4152 6 18 36
1640 7 18 36
1793 4 11 36
2834 13 7 36
274 15 7 36
1800 9 11 36
2776 12 7 36
3076 12 6 36
4092 11 6 36
2241 5 10 36
1540 3 10 36
2695 9 1 36
152 0 3 36
2504 3 1 36
2236 10 1 36
37 11 1 36
2466 11 0 36
2876 10 0 36
3575 9 0 36
1234 8 0 36
3788 13 8 36
1312 1 18 36
1406 5 18 36
2027 4 18 36
1691 4 17 36
4135 3 11 36
1333 3 12 36
2514 4 12 36
788 16 19 36
563 15 19 36
662 14 19 36
1475 14 18 36
3838 10 6 36
200 6 10 36
282 4 7 36
395 2 10 36
1058 11 16 37
3526 5 11 37
3694 5 12 37
345 9 10 37
908 8 10 37
2220 9 9 37
2333 8 9 37
801 5 9 37
3823 5 8 37
1628 4 3 37
3329 0 2 37
2208 5 3 37
2243 6 3 37
497 5 13 37
960 6 13 37
1311 19 18 38
2832 13 0 38
3479 14 0 38
3383 16 5 38
3725 17 5 38
4267 17 7 38
928 4 10 38
1379 4 9 38
2138 8 5 38
2428 6 5 38
1419 9 2 38
2347 9 3 38
2397 9 4 38
605 8 4 38
3054 13 1 38
1197 18 19 38
740 4 8 38
1527 3 8 38
1721 3 9 38
2019 2 9 38
2567 1 9 38
4007 1 8 38
474 1 7 38
832 1 6 38
4026 19 17 39
4138 19 16 39
1136 15 0 39
222 16 4 39
1026 17 4 39
3622 11 19 39
4129 11 18 39
1393 1 16 39
397 2 3 39
2967 0 1 39
3083 0 0 39
26 0 15 39
2675 0 14 39
909 1 17 39
955 12 19 39
918 12 18 39
590 19 15 39
2221 18 17 40
371 18 15 40
2164 16 16 40
2533 17 0 40
739 15 2 40
1648 17 3 40
301 17 6 40
2065 16 6 40
4233 7 19 40
4278 8 19 40
4289 4 17 40
2090 15 8 40
3501 17 10 40
3840 8 11 40
1457 8 6 40
3783 3 3 40
1383 1 1 40
262 15 3 40
2462 15 6 40
1655 15 10 40
409 16 0 40
2106 18 16 40
476 18 18 40
2002 17 18 40
355 8 18 40
1838 4 18 40
3165 5 18 40
1177 1 0 40
192 3 4 40
728 3 5 40
4158 2 5 40
1750 1 5 40
3337 1 4 40
942 16 7 41
1597 16 8 41
2141 16 9 41
2612 15 9 41
2935 14 9 41
2047 13 10 41
2494 17 2 41
3044 0 11 41
4009 1 11 41
3184 19 7 41
3295 19 8 41
2034 3 17 41
2145 14 17 41
2939 14 16 41
4220 9 17 41
1575 12 0 41
437 11 0 41
1939 10 0 41
3221 9 0 41
866 8 0 41
3460 13 9 41
1464 13 8 41
2354 14 8 41
2740 14 7 41
3541 14 6 41
314 14 5 41
555 14 4 41
1132 15 16 41
2140 2 17 41
2350 2 16 41
359 3 16 41
537 8 17 41
1641 13 3 42
4329 14 3 42
392 13 1 42
1219 15 19 42
3975 19 6 42
2990 17 8 42
4182 19 14 42
524 18 13 42
3078 15 14 42
624 17 12 42
3597 0 12 42
542 2 11 42
3886 12 17 42
3242 11 15 42
1229 9 16 42
3080 13 14 42
3553 5 16 42
2201 6 1 42
40 18 14 42
2562 13 2 42
248 14 2 42
2340 14 1 42
2342 15 1 42
677 16 1 42
2133 17 1 42
595 14 19 42
1471 12 16 42
2925 13 16 42
3670 11 17 42
199 10 17 42
422 10 16 42
649 8 16 42
3687 7 16 42
681 3 11 42
1415 8 12 42
1033 8 8 42
2265 17 9 43
2988 0 13 43
3684 1 13 43
1407 3 12 43
2709 15 10 43
166 13 11 43
191 13 13 43
455 12 13 43
607 7 15 43
977 10 15 43
4030 9 13 43
2020 6 10 43
2108 4 7 43
814 6 8 43
3580 0 5 43
1445 14 10 43
2196 14 11 43
4186 12 18 43
586 13 18 43
3328 6 9 43
173 1 12 43
2252 2 12 43
1262 2 13 43
1431 4 12 43
1565 4 13 43
2318 9 15 43
2602 0 4 43
1035 4 8 43
276 19 2 44
668 19 19 44
845 18 19 44
1125 14 18 44
1802 19 9 44
4038 19 10 44
1493 19 13 44
2470 19 12 44
3137 17 14 44
3773 16 14 44
4062 16 10 44
4303 8 15 44
3749 8 13 44
1266 6 13 44
2189 12 8 44
3305 12 10 44
3790 6 12 44
2307 5 6 44
492 2 9 44
1832 8 4 44
944 2 6 44
978 9 4 44
1099 9 3 44
2424 9 2 44
4288 8 2 44
1135 12 9 44
1295 11 9 44
687 18 12 44
1713 18 18 44
1067 5 7 44
3210 6 7 44
1516 8 14 44
2961 3 9 44
3856 3 8 44
394 2 8 44
2723 19 0 45
406 0 19 45
1206 2 19 45
4079 17 13 45
1792 3 18 45
2697 4 18 45
2813 10 14 45
1236 11 7 45
1485 12 5 45
1982 11 5 45
2774 11 4 45
410 1 9 45
1935 19 1 45
2437 18 0 45
1423 10 13 45
347 1 19 45
123 16 19 46
3847 16 18 46
165 14 19 46
2330 13 19 46
3562 12 19 46
1840 0 18 46
2390 1 18 46
1490 19 11 46
3829 3 19 46
1201 0 14 46
2678 5 15 46
1593 7 16 46
1689 4 1 46
852 12 11 46
1553 11 11 46
1147 15 18 46
3931 15 17 46
2525 16 17 46
1355 17 19 46
3066 12 18 46
2299 13 18 46
3965 1 14 46
1473 2 18 46
2329 4 19 46
1998 19 3 47
2030 19 4 47
2288 19 5 47
4322 16 12 47
502 10 16 47
1875 3 16 47
2722 4 16 47
1769 5 19 47
2984 5 18 47
3407 5 13 47
59 16 13 47
1340 5 12 47
451 0 15 47
588 0 16 47
2558 0 17 47
2807 1 17 47
1253 2 17 47
2631 2 16 47
3860 2 15 47
4274 2 14 47
1538 4 15 47
247 8 16 47
2215 5 17 47
3216 6 19 47
305 13 8 48
442 13 7 48
1165 15 6 48
1214 13 5 48
1975 13 4 48
2772 14 4 48
2893 19 18 48
2919 18 18 48
2192 13 15 48
3552 10 17 48
718 15 13 48
66 7 18 48
2055 6 18 48
2751 3 14 48
3870 9 15 48
79 9 10 48
185 8 10 48
1027 5 11 48
1551 6 11 48
4285 8 8 48
1576 10 5 48
3884 10 3 48
1915 8 3 48
507 0 2 48
1326 11 3 48
1401 10 4 48
190 9 14 48
716 8 14 48
3 3 11 48
1430 4 11 48
3145 4 12 48
2029 7 8 48
78 17 18 48
2744 14 8 49
3424 13 0 49
3864 14 0 49
611 10 19 49
661 9 19 49
921 10 18 49
3187 9 18 49
896 19 15 49
3519 9 5 49
204 9 4 49
596 9 3 49
3810 8 18 49
2890 8 17 49
3181 7 17 49
3794 6 17 49
2301 6 16 49
600 15 0 50
861 16 0 50
1363 16 2 50
1582 16 3 50
3139 13 6 50
4324 15 3 50
1078 19 17 50
1265 17 7 50
2190 12 18 50
3821 9 11 50
1985 11 1 50
1111 8 1 50
2170 5 4 50
3435 5 5 50
1028 19 16 50
2507 13 18 50
3957 13 17 50
206 12 7 50
1660 12 6 50
1997 11 6 50
65 10 6 50
2056 17 0 51
3987 16 4 51
229 17 4 51
608 15 4 51
4257 17 5 51
1720 18 16 51
2510 17 16 51
3314 16 16 51
3634 13 9 51
273 15 12 51
307 9 12 51
375 8 12 51
2721 9 9 51
3538 8 9 51
749 5 10 51
3396 4 10 51
4232 4 9 51
89 2 10 51
2359 1 10 51
962 5 7 51
1933 12 1 51
4049 10 1 51
1878 12 0 51
284 11 0 51
1611 10 0 51
2321 9 0 51
3756 8 0 51
443 8 5 51
756 18 15 51
1740 17 15 51
2409 16 15 51
1230 18 17 51
570 11 19 51
3683 11 18 51
2855 11 17 51
2745 11 16 51
1188 0 10 51
3266 0 9 51
1043 13 3 52
1733 14 3 52
3792 15 2 52
3801 17 2 52
4048 17 3 52
468 16 5 52
1424 0 17 52
1566 0 16 52
2900 1 16 52
645 1 14 52
2730 13 10 52
2905 11 11 52
1934 11 9 52
3150 6 7 52
3784 3 10 52
3905 3 9 52
1702 2 8 52
3748 3 6 52
3421 4 2 52
1531 4 4 52
1281 6 5 52
794 4 3 52
145 11 10 52
1054 15 5 52
3175 14 5 52
989 14 6 52
1670 14 7 52
631 4 6 52
1782 4 5 52
1245 3 4 52
2487 3 5 52
3151 2 5 52
1864 0 15 52
3463 1 15 52
254 1 17 52
136 13 2 53
1703 14 2 53
1377 17 6 53
2622 15 7 53
447 0 11 53
2081 1 11 53
3491 1 12 53
3819 6 19 53
1183 17 9 53
1417 2 14 53
2929 13 16 53
3657 4 17 53
3933 5 17 53
1787 11 8 53
3715 12 4 53
3726 0 8 53
966 6 1 53
1562 6 3 53
1128 2 3 53
1283 0 1 53
2356 15 19 53
626 13 1 53
1664 14 1 53
1814 15 1 53
705 16 1 53
3412 17 1 53
3763 16 6 53
844 16 7 53
2219 12 16 53
3016 12 15 53
182 12 14 53
527 0 0 53
1945 1 0 53
439 0 13 53
1744 1 13 53
2216 7 19 53
482 8 19 53
872 8 18 53
2798 1 8 53
1855 19 1 54
2551 19 2 54
3611 19 19 54
1296 19 6 54
2107 19 8 54
3278 19 9 54
4149 19 10 54
400 16 9 54
927 15 10 54
3874 17 10 54
4245 3 11 54
991 2 13 54
2904 11 14 54
3919 8 11 54
1903 9 8 54
2281 12 3 54
2951 11 3 54
933 0 7 54
3772 12 2 54
1375 11 2 54
2358 10 2 54
407 6 6 54
678 18 19 54
779 17 19 54
1480 19 7 54
3944 0 6 54
3872 4 11 54
4164 4 12 54
2964 2 12 54
3577 3 12 54
462 3 13 54
1091 4 13 54
4081 19 0 55
53 16 13 55
160 16 14 55
2263 17 14 55
4172 17 18 55
446 17 8 55
508 3 17 55
3172 16 10 55
3363 7 17 55
217 6 4 55
2433 8 2 55
4195 6 2 55
376 3 2 55
912 18 0 55
3721 6 17 55
1171 6 16 55
1448 18 14 56
2042 19 14 56
2841 19 13 56
4040 19 12 56
4261 0 19 56
1127 4 19 56
1451 17 17 56
3276 16 17 56
1781 14 18 56
1811 13 13 56
2713 9 17 56
4017 7 15 56
368 13 11 56
853 12 14 56
1433 9 14 56
3061 9 13 56
3818 8 13 56
957 11 13 56
1529 9 7 56
1623 3 4 56
1984 3 5 56
2720 3 3 56
2104 0 4 56
3762 0 3 56
831 12 13 56
983 4 3 56
842 5 3 56
1218 5 2 56
1284 5 1 56
725 8 17 56
2706 4 18 56
415 3 18 56
1854 6 15 56
643 19 3 57
1330 19 4 57
3693 19 5 57
3982 16 12 57
4181 12 11 57
4221 12 10 57
1416 5 12 57
1775 6 12 57
1966 12 6 57
2099 11 6 57
571 6 10 57
1080 12 5 57
3004 11 5 57
4279 2 5 57
2160 3 1 57
2388 1 0 57
378 11 4 57
1439 10 4 57
268 12 9 57
1349 12 8 57
2791 12 7 57
101 11 7 57
972 11 10 57
72 2 2 57
469 3 8 57
2262 4 5 57
984 19 18 58
2429 13 4 58
2945 13 5 58
3953 15 5 58
1325 13 8 58
3283 13 7 58
2271 15 19 58
498 15 16 58
1841 17 13 58
4033 18 13 58
4259 3 16 58
3781 4 6 58
1048 7 7 58
1609 18 17 58
2159 18 18 58
3771 18 19 58
250 8 7 58
824 5 6 58
1223 6 6 58
1472 4 16 58
534 13 0 59
1938 14 0 59
3160 13 1 59
4059 14 1 59
4056 15 6 59
566 14 19 59
2362 13 19 59
2943 12 19 59
3230 13 18 59
577 15 9 59
682 13 15 59
3056 6 9 59
2272 0 9 59
2132 2 9 59
3085 0 6 59
3630 0 5 59
950 13 17 59
24 16 6 59
2932 12 15 59
1389 12 16 59
433 2 4 59
1446 5 9 59
2181 1 9 59
2796 1 8 59
1432 15 0 60
1659 16 0 60
298 0 18 60
582 1 18 60
1836 1 17 60
1907 16 7 60
2482 16 8 60
3834 15 8 60
2178 18 12 60
1298 9 19 60
3564 10 19 60
306 11 17 60
2045 15 1 60
1 11 16 60
188 11 19 60
862 11 18 60
429 1 19 60
2382 2 1 60
3576 1 1 60
3892 1 2 60
4096 1 3 60
163 1 4 60
2750 1 5 60
2719 1 6 60
3170 1 7 61
3395 15 3 61
4001 17 0 61
275 3 15 61
2701 4 15 61
3403 5 13 61
3832 6 13 61
23 3 19 61
1507 17 19 61
2806 16 19 61
2685 6 15 61
1139 13 6 61
1343 5 19 61
696 19 11 61
2326 8 19 61
528 15 14 61
868 8 5 61
1794 8 4 61
1610 9 4 61
1845 9 3 61
3608 9 2 61
2091 15 13 61
1117 16 18 61
3146 15 18 61
1105 15 17 61
3940 14 17 61
4085 14 16 61
2770 18 0 61
367 2 19 61
1950 6 16 61
2878 6 17 61
622 7 19 61
1505 18 2 62
3009 18 3 62
3547 18 4 62
3990 17 4 62
4008 3 14 62
4139 17 5 62
154 17 7 62
176 17 12 62
769 9 1 62
4035 18 5 62
21 19 17 63
1624 17 16 63
253 13 2 63
743 13 3 63
3606 19 15 63
373 1 6 63
3692 8 17 63
4 12 18 63
2604 9 11 63
203 8 16 63
1199 8 15 63
1348 8 14 63
916 2 6 63
1148 2 7 63
561 3 7 63
1087 4 7 63
169 4 8 63
922 5 8 63
856 19 16 63
3535 16 16 63
85 11 18 63
3308 0 12 64
3453 19 2 64
1491 19 19 64
3419 15 1 64
894 16 3 64
3605 13 9 64
659 5 11 64
2498 9 10 64
3196 8 10 64
724 18 19 64
2320 18 18 64
3332 18 17 64
2302 18 16 64
131 6 11 64
421 1 13 65
1977 19 0 65
2528 18 0 65
2642 17 3 65
826 16 6 65
1514 17 6 65
3180 18 6 65
3019 15 7 65
34 2 11 65
751 15 12 65
3202 9 12 65
3525 8 12 65
1225 9 9 65
3913 19 1 65
546 18 1 65
2054 16 1 65
4042 17 1 65
884 17 2 65
1316 16 2 65
3738 15 2 65
1479 14 2 65
802 14 3 65
635 0 13 65
625 8 9 65
171 5 15 65
212 0 14 66
902 1 15 66
1901 0 17 66
2918 0 19 66
3420 1 19 66
3422 2 19 66
3654 19 8 66
291 19 10 66
2353 16 5 66
2665 19 12 66
4226 19 13 66
28 6 19 66
2125 7 19 66
2802 0 11 66
3981 1 11 66
331 13 17 66
923 4 10 66
4002 4 9 66
1944 10 5 66
310 6 6 66
1250 5 6 66
2153 8 1 66
3850 9 5 66
2985 19 14 66
968 18 14 66
2213 17 14 66
3803 16 14 66
3355 19 9 66
579 16 4 66
4294 15 4 66
142 12 17 66
733 0 15 66
1711 0 16 66
1626 1 16 66
1068 1 12 66
3924 4 5 66
3125 5 5 66
3830 18 5 67
4258 17 18 67
3599 18 16 67
1619 15 18 67
2639 15 17 67
2972 18 10 67
609 16 9 67
1024 4 19 67
1270 13 16 67
3811 7 18 67
874 3 11 67
4082 3 13 67
267 16 12 67
3764 15 10 67
1247 13 10 67
3522 12 11 67
3489 9 4 67
1889 11 11 67
342 16 13 67
1047 15 13 67
1636 18 15 67
2460 17 15 67
2725 16 18 67
3138 18 11 67
1686 19 3 67
1990 19 4 67
4125 19 5 67
4308 19 6 67
2970 19 7 67
3302 18 7 67
2700 8 18 67
117 1 14 67
710 4 11 67
3378 4 1 67
663 13 5 68
1342 15 5 68
2172 2 16 68
3111 2 17 68
3336 18 8 68
25 14 18 68
210 9 18 68
1290 9 17 68
3292 11 16 68
3609 11 14 68
572 13 13 68
615 12 13 68
1231 8 15 68
2149 8 14 68
4029 11 10 68
2610 5 12 68
2833 6 12 68
3134 6 11 68
2880 12 8 68
3686 12 7 68
151 9 3 68
1826 9 2 68
1005 12 6 68
730 12 10 68
1763 12 9 68
1289 19 18 68
2092 18 18 68
234 18 17 68
970 17 17 68
1420 16 17 68
2618 16 16 68
1196 16 15 68
735 14 17 68
1834 14 15 68
2371 18 9 68
3215 17 8 68
1384 13 4 68
4089 12 16 68
1034 6 18 68
3604 5 18 68
2672 13 0 69
2717 14 0 69
3189 13 1 69
3315 13 7 69
3532 13 8 69
2298 16 10 69
1798 4 18 69
3844 4 16 69
4194 13 14 69
3648 9 16 69
3458 8 16 69
2552 0 10 69
252 6 16 69
907 5 9 69
1647 8 11 69
4315 11 9 69
4132 11 7 69
712 12 5 69
2286 11 5 69
4234 11 4 69
2756 6 7 69
479 10 4 69
667 11 6 69
1060 14 1 69
364 5 10 69
835 17 1 70
2909 15 4 70
569 13 11 70
2267 9 15 70
2479 12 14 70
2118 1 4 70
4075 9 13 70
1718 8 13 70
1992 2 10 70
257 3 7 70
1652 5 7 70
2712 11 8 70
2901 9 8 70
3455 12 4 70
2638 11 3 70
1251 8 3 70
231 6 4 70
926 12 3 70
153 10 3 70
1799 10 2 70
1453 8 2 70
2036 15 6 70
899 15 0 70
3444 9 14 70
209 1 10 70
1307 1 9 70
792 1 5 70
3593 3 10 70
2753 3 9 70
3428 4 7 70
1803 14 2 71
2410 0 18 71
2495 2 15 71
2921 2 14 71
4011 16 7 71
4260 15 15 71
1000 11 13 71
445 9 7 71
3595 6 8 71
581 1 8 71
1258 11 2 71
3027 11 1 71
1359 3 5 71
3666 4 5 71
33 6 2 71
1056 12 2 71
1455 12 1 71
2238 12 0 71
219 11 0 71
2253 10 0 71
2916 9 0 71
3949 8 0 71
3973 14 10 71
3640 17 0 71
3954 16 0 71
3546 16 1 71
1519 15 19 71
606 13 18 71
1278 1 16 71
1354 1 17 71
2927 1 18 71
3485 2 18 71
948 5 8 71
4325 5 5 71
3317 5 4 71
1020 18 7 72
1061 19 7 72
2801 19 6 72
3911 19 5 72
848 16 4 72
2332 17 5 72
3128 19 3 72
917 18 1 72
1881 15 9 72
1839 13 15 72
2148 3 14 72
2524 6 9 72
2823 4 3 72
3385 0 4 72
438 1 3 72
4320 2 2 72
817 4 1 72
1182 1 0 72
1572 14 9 72
1710 19 4 72
761 6 10 72
2747 0 3 72
882 0 2 72
2582 1 2 72
3171 1 1 72
4319 2 1 72
99 17 4 73
934 18 18 73
1037 17 7 73
2315 14 19 73
3846 13 19 73
3857 12 19 73
2579 16 15 73
2616 18 14 73
3544 17 14 73
3871 18 13 73
4058 16 14 73
3398 17 12 73
3997 5 16 73
63 3 15 73
567 4 15 73
1521 5 13 73
2581 6 13 73
2742 6 3 73
471 7 0 73
2881 6 0 73
774 17 13 73
1142 16 13 73
911 15 13 73
2426 18 12 73
2820 18 11 73
1731 18 4 73
87 5 3 73
1739 5 2 73
520 19 1 74
969 19 2 74
1756 18 19 74
3120 17 19 74
1392 15 19 74
1672 19 16 74
4118 0 13 74
4144 0 12 74
235 3 16 74
3188 5 15 74
1008 1 9 74
1368 3 6 74
2530 16 19 74
759 16 18 74
1613 16 17 74
959 9 19 74
1512 10 19 74
3434 11 19 74
2336 3 19 74
281 0 9 74
2497 0 8 74
1506 19 0 75
2007 18 0 75
2212 17 0 75
3614 16 0 75
14 14 1 75
776 13 2 75
1726 13 3 75
638 19 19 75
4099 19 18 75
4249 19 15 75
180 2 13 75
3174 10 18 75
2974 12 16 75
2835 6 15 75
178 4 6 75
2656 19 17 75
243 18 17 75
3415 17 17 75
617 18 15 75
2965 17 15 75
3920 17 16 75
4168 16 16 75
119 15 16 75
2275 14 16 75
526 14 15 75
3254 12 15 75
1140 4 7 75
315 4 8 75
1898 18 2 76
3285 17 2 76
1936 13 4 76
1709 13 9 76
3050 14 9 76
2715 0 16 76
483 13 18 76
680 9 11 76
1360 8 7 76
2797 8 8 76
2891 3 9 76
183 16 1 76
460 3 8 76
93 2 9 76
3567 2 8 76
454 16 2 77
1821 13 6 77
2351 14 7 77
3144 18 6 77
1228 0 15 77
2079 1 15 77
2607 0 14 77
3000 1 16 77
549 0 19 77
771 1 19 77
3297 2 19 77
3841 3 19 77
925 11 19 77
2903 11 18 77
4080 5 19 77
548 9 10 77
2670 8 10 77
3157 5 11 77
1007 0 6 77
2511 17 6 77
3246 12 18 77
1387 12 17 77
1722 5 10 77
1620 6 10 77
83 1 14 77
1120 1 13 77
3349 1 12 77
349 0 5 77
2137 0 7 77
2759 1 7 77
828 13 5 78
3429 15 5 78
3505 16 5 78
2430 18 8 78
2505 19 14 78
3743 19 13 78
3761 19 12 78
1019 19 10 78
58 14 11 78
86 1 18 78
283 2 18 78
3258 2 11 78
1882 10 19 78
1186 15 13 78
2349 9 12 78
3110 8 12 78
2981 8 9 78
1762 19 11 78
67 18 12 78
413 18 11 78
3885 3 18 78
2072 13 1 79
2405 13 0 79
3446 14 0 79
2650 13 7 79
4067 13 8 79
4266 16 6 79
441 19 8 79
589 10 17 79
1513 9 17 79
1712 10 16 79
4191 9 19 79
3824 7 19 79
1622 6 19 79
2453 6 18 79
2766 9 9 79
1579 5 2 79
2474 4 2 79
533 19 9 79
64 18 9 79
385 14 8 79
2258 15 0 79
2337 15 14 79
1817 14 18 79
640 9 18 79
815 8 19 79
780 8 18 79
2414 8 17 79
2762 5 18 79
1149 17 1 80
3408 16 1 80
1960 0 11 80
1961 1 11 80
2648 13 14 80
4240 16 10 80
827 2 16 80
1121 11 14 80
3932 4 16 80
822 10 2 80
2458 10 3 80
3890 9 5 80
4041 8 5 80
1338 5 3 80
1706 5 4 80
839 15 1 80
808 4 4 80
2544 3 4 80
1093 15 4 81
1916 17 18 81
4273 17 17 81
2416 14 17 81
4291 13 13 81
1608 9 14 81
1469 12 9 81
2718 12 10 81
1243 8 15 81
2758 6 10 81
904 3 10 81
1441 1 5 81
3028 0 0 81
1511 1 2 81
2688 11 10 81
4202 16 18 81
2874 13 17 81
660 8 14 81
1943 0 2 81
3665 0 1 81
1503 1 1 81
2032 2 1 81
2266 5 10 81
646 18 7 82
2004 18 5 82
3518 16 7 82
924 17 15 82
1458 16 17 82
4286 2 15 82
1164 12 15 82
1030 9 16 82
2789 9 15 82
2858 5 12 82
3702 6 12 82
1386 4 10 82
2600 4 9 82
2784 4 8 82
3382 10 5 82
1497 10 4 82
1345 19 7 82
1259 19 6 82
2117 19 5 82
22 18 15 82
2018 13 11 82
3487 12 14 82
2664 6 11 82
1957 0 18 82
2630 0 17 82
3094 1 17 82
1460 18 17 83
1465 18 9 83
2392 2 14 83
2539 15 15 83
343 12 17 83
2383 12 13 83
4053 8 17 83
805 6 6 83
1012 9 4 83
2980 8 4 83
2344 9 0 83
2480 8 0 83
539 8 2 83
3889 10 0 83
1361 10 1 83
1450 11 17 83
1917 11 16 83
3055 11 15 83
3272 10 15 83
164 10 14 83
4128 1 14 83
1123 8 16 83
2799 19 1 84
3465 19 2 84
2374 18 3 84
2564 14 3 84
4241 16 4 84
1115 12 18 84
2541 12 19 84
2811 13 19 84
3053 14 19 84
4177 14 18 84
195 18 18 84
1178 16 9 84
1288 4 19 84
3112 1 10 84
147 1 6 84
1971 9 3 84
2124 1 4 84
850 4 4 84
679 9 2 84
3092 9 1 84
1681 19 3 84
1241 5 18 84
1929 4 18 84
952 3 18 84
1717 8 18 84
2598 7 18 84
2031 0 10 84
94 19 0 85
2378 18 1 85
15 18 19 85
1463 17 19 85
1534 16 19 85
550 16 15 85
943 18 13 85
4036 17 13 85
2119 0 13 85
3878 6 16 85
4130 9 7 85
1418 1 8 85
1926 6 5 85
2915 5 6 85
436 15 9 85
56 18 0 85
2150 17 0 85
2184 16 0 85
2080 15 0 85
683 18 14 85
737 17 14 85
103 16 18 85
374 15 19 85
1856 15 18 85
1906 15 17 85
4239 0 12 85
1552 5 5 85
3733 4 5 85
932 13 3 86
2016 13 2 86
2677 14 2 86
2850 14 1 86
800 19 4 86
1829 18 11 86
1969 18 12 86
2729 17 12 86
3482 3 11 86
3527 3 16 86
3681 5 16 86
2290 3 14 86
3158 10 13 86
3347 9 13 86
849 5 8 86
3270 18 10 86
1041 18 4 86
428 18 2 86
1134 11 13 86
1169 5 10 86
1704 5 9 86
202 6 9 86
773 4 11 86
2923 0 5 86
41 0 4 86
2561 4 3 86
1564 2 10 86
3627 16 2 87
3698 13 4 87
495 15 6 87
1055 13 6 87
2044 19 19 87
3274 19 18 87
91 0 16 87
997 4 12 87
825 3 15 87
3445 4 15 87
3571 5 15 87
1632 15 7 87
2154 14 4 87
1747 19 5 87
3219 19 6 87
1760 18 6 87
647 19 17 87
35 5 13 87
951 6 13 87
1293 2 2 87
121 3 2 87
1673 15 5 88
2064 16 5 88
3198 19 15 88
3572 18 15 88
3842 19 16 88
1399 0 15 88
3387 1 15 88
3620 0 14 88
544 15 14 88
1574 15 11 88
1848 8 13 88
1822 11 10 88
3719 11 9 88
639 12 8 88
1618 11 8 88
2897 13 5 88
1364 14 5 88
2120 14 6 88
4174 18 16 88
1038 13 18 88
1004 13 17 88
126 8 14 88
1524 1 14 88
3971 1 16 88
1280 1 7 88
515 0 7 88
2343 0 8 88
2481 0 9 88
423 1 9 88
1607 13 1 89
2226 13 0 89
120 14 10 89
1577 15 10 89
2816 15 9 89
434 10 4 89
473 11 5 89
1050 11 4 89
3877 12 4 89
7 12 3 89
731 11 3 89
4037 11 2 89
1862 12 2 89
1261 10 0 89
3499 11 0 89
334 12 0 89
3084 12 1 89
3469 11 1 89
2049 10 1 89
511 3 9 89
2195 2 9 89
2928 2 8 89
2348 1 0 89
940 14 0 89
2427 3 12 89
167 8 7 89
709 15 0 90
1097 16 0 90
2828 15 1 90
3960 17 0 90
174 13 7 90
674 14 7 90
1352 13 8 90
2130 16 6 90
2888 19 12 90
2978 19 13 90
3524 19 11 90
3047 19 9 90
2136 18 8 90
2948 10 14 90
3121 10 15 90
1257 12 16 90
1679 13 16 90
3036 0 19 90
3205 1 19 90
3574 0 18 90
1339 11 19 90
4023 5 19 90
1675 4 18 90
2899 10 10 90
4031 10 9 90
1226 8 3 90
1558 7 2 90
1304 19 14 90
2063 18 14 90
3088 17 14 90
3471 16 14 90
128 19 10 90
3143 15 2 90
3601 16 1 90
3624 17 1 90
2129 0 17 90
765 14 6 91
2452 14 8 91
2958 15 8 91
2526 17 18 91
4127 17 17 91
1885 18 10 91
658 11 15 91
690 11 16 91
820 9 17 91
3372 0 11 91
565 7 3 91
1765 19 8 91
1908 14 5 91
2222 14 4 91
2554 0 12 91
1888 2 19 91
179 3 19 91
2115 3 18 91
3983 2 18 91
4248 1 18 91
2412 15 4 92
3287 19 5 92
2242 18 6 92
1570 15 7 92
2780 16 7 92
3480 13 17 92
3581 16 10 92
4297 1 11 92
736 16 8 92
51 19 6 92
2011 19 7 92
876 18 7 92
55 14 17 92
2435 6 8 92
878 2 11 92
3107 2 12 92
3238 1 12 92
110 6 19 92
930 7 19 92
583 18 5 93
1017 19 17 93
2814 18 17 93
3063 18 16 93
3064 17 15 93
703 18 9 93
1166 15 18 93
1347 15 17 93
2594 1 16 93
3736 2 16 93
1502 1 17 93
1557 2 17 93
1771 10 16 93
1835 10 17 93
3235 10 19 93
3659 9 19 93
3123 17 16 93
4265 16 18 93
4314 16 17 93
686 2 15 93
1408 2 14 93
2754 1 14 93
340 8 19 93
722 0 4 93
3484 19 1 94
920 19 3 94
1426 14 16 94
2143 13 15 94
3789 14 9 94
426 14 11 94
1216 15 13 94
3865 14 13 94
4280 13 13 94
3263 19 2 94
1070 12 15 94
1286 3 4 94
323 2 4 94
1255 19 0 95
2386 18 0 95
4205 17 0 95
3257 18 2 95
1727 18 1 95
4122 9 16 95
768 5 4 95
2403 5 5 95
3316 14 0 96
3099 16 14 96
3916 17 14 96
754 15 0 96
1581 6 6 96
2203 2 11 97
1129 2 8 97
3619 3 8 97
1327 4 8 97
