2603
2077 0 19 1
3505 1 19 1
3833 0 18 1
3164 3 19 1
3889 1 17 1
1515 0 15 1
193 5 19 1
1537 5 18 1
2425 5 17 1
3452 5 16 1
2078 3 17 1
2163 1 14 1
4225 2 14 1
155 0 12 1
2036 1 12 1
3371 0 11 1
3864 4 14 1
1391 6 19 1
247 8 19 1
548 6 17 1
3351 9 19 1
81 8 17 1
2765 6 15 1
2959 0 9 1
3515 2 9 1
3732 4 9 1
2906 0 0 1
1273 2 0 1
7 0 2 1
2234 4 0 1
888 2 2 1
122 5 9 1
3151 6 9 1
1527 7 9 1
768 8 9 1
3193 9 9 1
2898 3 9 1
315 0 10 1
1965 1 9 1
178 0 14 1
648 0 13 1
3449 1 13 1
4022 2 13 1
3979 10 19 1
254 11 19 1
3712 12 19 1
375 12 18 1
2319 11 18 1
21 6 18 1
3943 7 19 1
1754 7 17 1
4006 7 18 1
2140 8 18 1
2382 6 16 1
3132 0 17 1
3723 0 16 1
3237 2 15 1
447 1 15 1
80 1 16 1
343 4 19 1
572 4 17 1
896 4 18 1
1000 3 18 1
971 1 18 1
2529 2 19 1
3139 2 18 1
1413 2 17 1
3737 0 3 1
2048 3 2 1
3592 4 2 1
2549 5 2 1
3228 6 2 1
1948 7 2 1
3419 5 0 1
3568 6 0 1
4041 7 0 1
2013 8 0 1
2878 9 0 1
2067 3 0 1
2453 0 1 1
435 1 0 1
211 17 0 1
856 16 1 1
1846 18 0 1
674 17 1 1
3115 15 1 1
255 16 2 1
1476 19 0 1
2620 18 1 1
2758 17 2 1
3041 14 1 1
3622 15 2 1
3852 16 3 1
2107 19 1 1
2830 18 2 1
2430 17 3 1
1202 14 2 1
1564 15 3 1
2956 16 4 1
3059 19 2 1
344 18 3 1
1079 17 4 1
1372 14 3 1
3484 15 4 1
1897 16 5 1
867 19 3 1
1699 18 4 1
2300 17 5 1
3456 14 4 1
471 15 5 1
727 16 6 1
1171 19 4 1
1248 18 5 1
1718 17 6 1
3010 14 5 1
1121 15 6 1
685 16 7 1
1637 19 5 1
1853 18 6 1
1989 17 7 1
1455 14 6 1
395 15 7 1
955 16 8 1
4124 19 6 1
1250 18 7 1
2484 17 8 1
3425 14 7 1
4287 15 8 1
1385 16 9 1
1721 19 7 1
1849 18 8 1
4164 17 9 1
655 13 7 1
2690 14 8 1
3308 15 9 1
3517 16 10 1
287 19 19 2
523 18 19 2
3599 19 18 2
1167 16 19 2
2113 18 17 2
1102 19 15 2
2504 4 16 2
1038 3 14 2
3658 17 10 2
4229 19 8 2
1161 19 9 2
3180 18 9 2
4266 18 10 2
1798 19 10 2
3266 10 9 2
2534 10 10 2
2965 9 10 2
4101 8 10 2
2335 7 10 2
1856 3 13 2
4210 4 13 2
1330 19 14 2
2108 19 17 2
3342 19 16 2
3785 18 16 2
507 18 18 2
687 17 19 2
1213 17 18 2
2321 16 18 2
2630 15 19 2
665 15 18 2
1007 14 18 2
493 10 18 2
2707 9 18 2
39 9 17 2
2821 10 17 2
3606 11 17 2
2311 2 16 2
3294 3 16 2
1446 3 15 2
1570 4 15 2
2479 5 15 2
3991 0 4 2
3300 10 0 2
2560 11 0 2
185 12 0 2
3293 12 1 2
3534 11 1 2
3170 1 2 2
1408 1 1 2
1590 2 1 2
1914 3 1 2
78 4 1 2
2780 2 10 3
1986 4 10 3
3844 2 12 3
486 16 17 3
1009 15 17 3
1578 16 16 3
1639 14 17 3
2450 15 16 3
4198 16 15 3
2716 18 15 3
2857 17 13 3
3043 6 14 3
3008 5 12 3
3634 19 11 3
3657 18 11 3
3875 17 11 3
17 16 11 3
97 1 10 3
500 1 11 3
1348 2 11 3
629 4 12 3
638 3 12 3
3834 3 10 3
2317 3 11 3
2440 4 11 3
3801 6 10 3
1882 5 10 3
1482 7 16 3
2593 8 16 3
697 9 16 3
2929 10 16 3
3413 11 16 3
3473 12 17 3
992 16 13 3
4155 15 13 3
1535 14 13 3
3214 13 13 3
886 12 13 3
2964 5 14 3
3081 5 13 3
4084 6 13 3
3370 15 15 3
1166 14 19 3
1555 13 19 3
607 13 18 3
1375 13 17 3
1885 13 16 3
2596 17 17 3
2598 17 16 3
1900 17 15 3
4200 10 1 3
2984 9 1 3
1773 5 1 3
743 6 1 3
995 7 1 3
2358 8 1 3
4025 8 2 3
1520 17 14 4
3998 18 14 4
2899 16 14 4
3602 19 12 4
1622 0 8 4
3640 1 8 4
6 0 6 4
2973 3 8 4
3403 1 6 4
1603 8 15 4
2355 7 13 4
127 10 15 4
4050 11 15 4
95 9 13 4
3638 14 16 4
1912 1 3 4
2666 5 11 4
1919 19 13 4
2305 18 13 4
2455 18 12 4
9 17 12 4
499 16 12 4
273 15 14 4
1996 13 15 4
2269 14 15 4
2709 14 14 4
3524 13 14 4
484 12 16 4
1969 12 15 4
3789 12 14 4
4206 7 15 4
143 7 14 4
1731 8 13 4
1258 8 14 4
2667 9 15 4
3716 9 14 4
1992 4 8 4
3245 5 8 4
195 6 8 4
2010 7 8 4
4040 8 8 4
244 0 7 4
1743 1 7 4
1358 2 8 4
1990 0 5 4
2345 1 5 4
482 1 4 4
4140 9 2 4
351 10 2 4
4035 11 2 4
1093 12 2 4
3615 12 3 4
3429 3 3 5
2170 2 5 5
4027 5 3 5
2020 4 5 5
2298 7 12 5
3758 9 12 5
1850 12 12 5
4059 3 7 5
1085 5 7 5
583 7 7 5
1180 2 7 5
2204 2 6 5
2088 5 5 5
196 6 5 5
639 7 5 5
1168 8 5 5
544 9 5 5
329 6 3 5
729 7 3 5
2588 8 3 5
1145 9 3 5
4221 10 3 5
3824 4 3 5
4181 2 3 5
225 2 4 5
1081 4 7 5
1381 6 7 5
1249 6 12 5
2438 6 11 5
2097 7 11 5
1138 8 12 5
1646 8 11 5
4280 11 14 5
1073 10 14 5
3063 10 13 5
1529 9 8 5
1755 10 8 5
2312 11 8 5
2659 11 9 5
2499 12 9 5
2972 15 12 5
175 14 12 5
4102 13 12 5
3496 3 4 6
4179 10 12 6
52 12 11 6
3695 15 11 6
2338 14 9 6
853 8 7 6
313 10 5 6
1185 3 5 6
1394 3 6 6
1734 4 6 6
2132 5 6 6
3144 6 6 6
2628 13 11 6
2961 14 11 6
1483 4 4 6
2437 5 4 6
65 6 4 6
569 7 4 6
672 8 4 6
1464 11 3 6
3453 9 7 7
4158 10 7 7
3329 11 5 7
1600 14 3 7
446 13 1 7
3284 15 4 7
2053 15 3 7
3538 7 6 7
261 8 6 7
381 9 6 7
1410 10 6 7
837 9 4 7
994 10 4 7
1232 11 4 7
2142 12 4 7
3267 12 5 7
1278 13 0 7
788 14 0 7
370 14 4 8
472 13 4 8
1563 13 3 8
2846 13 2 8
3042 15 6 8
3195 14 2 8
3225 17 5 8
2490 19 4 8
3173 18 3 8
3262 19 1 8
1340 17 2 8
137 19 0 8
262 14 1 8
2655 15 0 8
470 19 3 8
3362 19 2 8
810 18 2 8
341 11 7 9
2708 14 6 9
3586 19 6 9
3116 17 6 9
3870 18 7 9
3927 17 7 9
464 15 8 9
718 17 3 9
1898 15 2 9
3380 15 1 9
3856 17 1 9
2083 18 1 9
3244 18 0 9
3352 17 0 9
468 19 5 9
915 18 6 9
1039 18 5 9
1539 18 4 9
2902 17 4 9
1757 11 6 9
3743 14 10 10
3278 19 11 10
4086 18 11 10
2050 19 9 10
2447 16 11 10
709 17 9 10
3830 12 8 10
4114 13 7 10
2151 15 9 10
88 12 7 10
1310 12 6 10
2727 13 6 10
3286 13 5 10
3811 14 5 10
651 15 5 10
3546 19 7 10
565 19 8 10
67 19 10 10
1407 15 10 10
3441 16 9 10
813 16 10 10
154 17 11 10
2586 17 10 10
3076 18 10 10
1571 18 9 10
613 18 8 10
1253 17 8 10
48 16 8 10
311 0 19 11
1481 1 19 11
1863 0 18 11
2541 2 19 11
2896 1 18 11
3301 0 17 11
3467 0 16 11
1279 19 16 12
1648 18 16 12
3165 19 17 12
3252 19 18 12
1282 17 15 12
987 1 16 12
1179 17 19 12
1270 14 19 12
2714 13 19 12
3595 14 15 12
2004 10 14 12
284 10 13 12
745 14 14 12
910 19 19 12
3363 18 19 12
774 17 16 12
86 4 19 13
1845 3 19 13
126 1 17 13
1924 18 17 13
2201 17 17 13
1559 16 19 13
3162 15 19 13
1694 2 10 13
1643 1 10 13
738 1 11 13
1028 2 11 13
3868 3 10 13
3450 18 18 13
4131 17 18 13
1397 16 18 13
260 4 18 14
387 1 15 14
702 0 15 14
2090 0 14 14
3148 0 13 14
1425 15 18 14
1654 14 18 14
3746 4 13 14
1198 3 11 14
746 17 14 14
892 13 18 14
251 3 18 15
264 4 17 15
2895 4 16 15
3752 5 10 15
3859 16 14 15
2551 13 12 15
1315 3 10 15
1586 4 10 15
53 2 18 15
1504 5 19 15
3064 5 18 15
710 5 17 15
1110 5 16 15
3766 19 15 15
113 19 14 15
397 2 15 16
2557 2 14 16
141 2 11 16
1184 2 12 16
372 19 12 16
56 1 14 16
780 3 17 16
103 2 17 16
783 2 16 16
3361 3 16 16
3677 3 15 16
2122 19 13 16
2239 18 13 16
3582 18 12 16
4110 17 12 16
1387 16 12 16
3796 15 12 16
4193 14 12 16
2988 14 11 16
3554 13 11 16
673 0 10 17
1155 0 11 17
1761 0 12 17
1844 16 18 17
3328 16 17 17
1378 14 17 17
1409 16 15 17
1514 4 14 17
3576 2 3 17
1902 4 3 17
1934 4 4 17
3665 5 4 17
934 10 13 17
1427 10 12 17
469 2 4 17
1106 3 3 17
1347 3 4 17
1738 3 5 17
1569 6 4 17
3969 7 4 17
3700 8 4 17
821 15 17 17
73 13 17 17
135 13 16 17
249 13 15 17
3539 6 19 18
3669 7 19 18
335 9 14 18
2434 10 17 18
3612 11 17 18
3975 12 17 18
74 9 4 18
701 10 4 18
2333 14 1 18
1395 14 4 18
2873 15 6 18
3384 18 5 18
3566 17 5 18
1104 14 2 18
1291 13 2 18
1328 13 3 18
3720 13 4 18
61 9 15 18
1641 12 19 19
3032 11 19 19
3691 12 18 19
1133 9 19 19
1864 8 19 19
3248 6 18 19
1516 7 17 19
849 14 11 19
1598 19 5 19
3919 18 6 19
593 15 7 19
964 13 5 19
1262 18 4 19
1889 17 4 19
367 6 17 19
439 8 14 19
1422 7 14 19
3807 11 18 19
503 10 19 19
1907 10 18 19
2491 7 18 19
2209 13 11 19
1276 19 6 19
961 0 9 20
1193 1 9 20
3279 1 10 20
4270 1 11 20
1683 6 15 20
1445 8 17 20
770 0 8 20
2320 1 8 20
2890 0 7 20
3495 2 8 20
1728 14 10 20
2542 19 7 20
4052 19 4 20
967 19 3 20
3082 19 2 20
2387 18 2 20
2783 18 1 20
200 18 0 20
3339 17 0 20
314 1 12 20
2186 1 13 20
3201 2 13 20
392 6 16 20
3842 7 15 20
407 7 16 20
1170 8 16 20
216 8 18 20
1323 9 18 20
2777 9 17 20
920 9 16 20
132 0 16 21
963 0 17 21
1457 0 18 21
4055 1 18 21
102 0 5 21
2384 1 4 21
1957 1 7 21
2148 2 7 21
2646 3 8 21
3783 4 8 21
2055 7 8 21
3545 8 8 21
3818 17 11 21
2604 19 10 21
1313 12 10 21
4070 13 10 21
782 0 6 21
2277 5 8 21
3694 6 8 21
3706 6 7 21
121 0 19 21
722 1 19 21
3772 19 11 21
586 18 11 21
604 18 19 22
2115 19 19 22
618 2 19 22
628 1 5 22
2341 2 5 22
2768 5 3 22
3312 6 4 22
198 8 4 22
1886 9 8 22
2600 10 8 22
980 16 11 22
1068 19 9 22
1999 19 8 22
3039 17 8 22
1623 17 6 22
1091 1 6 22
1475 2 6 22
847 2 4 22
4095 3 4 22
932 6 3 22
579 2 9 22
199 14 12 22
1954 15 12 22
3810 16 12 22
2561 17 12 22
3068 18 12 22
1139 17 19 23
1335 17 18 23
1823 18 18 23
2774 19 18 23
3488 19 17 23
2017 18 13 23
2184 3 19 23
3997 4 19 23
854 1 16 23
3512 14 19 23
506 3 9 23
2072 5 9 23
4081 6 9 23
2360 14 15 23
3233 7 10 23
3407 8 10 23
1873 10 9 23
2636 10 10 23
728 17 10 23
4147 17 9 23
2829 15 8 23
1671 4 9 23
3767 5 19 23
858 7 9 23
1176 8 9 23
1905 9 9 23
2313 9 10 23
90 19 13 23
1461 13 19 23
1543 13 18 23
3253 13 17 23
641 13 16 23
2926 13 15 23
1368 18 10 23
3366 18 9 23
1210 18 8 23
1060 18 7 23
1899 17 7 23
2855 1 17 24
3727 2 18 24
1448 1 15 24
2265 1 14 24
3445 19 15 24
650 17 14 24
2632 17 15 24
1228 18 17 24
1209 9 5 24
3102 8 5 24
1429 12 5 24
3847 13 9 24
664 12 9 24
3630 9 12 24
2304 0 15 24
3054 0 14 24
1094 19 16 24
3896 10 14 24
654 3 17 25
3387 4 17 25
3684 3 18 25
4202 4 18 25
308 3 15 25
421 4 15 25
633 19 14 25
750 7 14 25
1951 8 14 25
1434 4 13 25
2124 17 17 25
2937 3 10 25
3161 3 11 25
1687 5 10 25
1551 12 4 25
2509 11 4 25
3288 11 3 25
800 7 12 25
1499 8 12 25
540 4 5 25
3097 6 5 25
3111 12 12 25
3125 9 7 25
174 12 8 25
4012 13 8 25
4250 15 9 25
828 13 4 25
997 13 3 25
1572 17 3 25
1142 17 1 25
2275 15 1 25
716 18 1 25
1150 18 0 25
1384 17 0 25
1922 13 2 25
12 14 2 25
3047 15 2 25
1991 4 7 25
2000 3 7 25
933 14 8 25
1284 14 7 25
1630 13 7 25
4136 12 7 25
2508 4 10 25
1815 2 17 25
2601 5 18 25
360 5 17 25
956 6 10 25
431 18 14 25
2942 18 15 25
1576 18 16 25
972 17 16 25
496 15 10 25
1942 16 10 25
4134 16 9 25
1691 16 8 25
4068 16 7 25
802 16 6 25
3740 0 0 26
357 3 16 26
438 4 16 26
1872 8 15 26
1354 16 14 26
2008 12 3 26
3243 12 2 26
3912 11 2 26
2841 9 2 26
861 13 15 26
1320 3 5 26
2016 10 7 26
4120 3 6 26
408 4 6 26
1065 10 2 26
1034 10 3 26
1208 9 3 26
2120 0 1 26
2589 1 0 26
2742 1 1 26
209 2 1 26
928 3 1 26
938 4 1 26
1295 5 1 26
2993 6 1 26
588 7 1 26
2877 8 1 26
755 8 2 26
2468 2 16 26
2987 2 15 26
456 2 14 26
993 5 16 26
3337 5 15 26
878 7 15 26
612 0 10 27
1868 0 11 27
2882 0 12 27
947 13 16 27
1723 13 17 27
3788 13 18 27
4199 14 18 27
2324 16 19 27
3235 16 18 27
3552 8 13 27
1649 19 13 27
1685 19 12 27
2413 18 12 27
1299 0 13 27
1195 7 13 27
1144 15 19 27
3891 15 18 27
719 6 19 28
2809 2 9 28
115 16 15 28
616 3 13 28
2645 10 16 28
2781 11 16 28
649 10 14 28
117 4 3 28
1444 11 5 28
1493 3 3 28
869 3 4 28
2080 4 4 28
2497 5 4 28
2880 5 5 28
522 5 6 28
4274 6 6 28
682 2 13 28
3491 4 14 28
1240 12 5 28
659 10 18 29
1923 2 10 29
3175 10 19 29
3724 11 19 29
3792 12 19 29
3849 11 18 29
749 9 14 29
1190 16 13 29
2856 15 13 29
3823 14 13 29
281 12 14 29
1403 12 13 29
2750 17 13 29
3439 17 12 29
2135 16 12 29
3910 15 12 29
2087 10 15 29
803 9 15 29
2174 12 18 29
4262 6 17 30
1217 7 19 30
1647 8 19 30
1655 0 9 30
1939 2 11 30
2985 14 17 30
1263 2 0 30
3353 3 0 30
1701 6 14 30
3540 10 13 30
582 10 3 30
903 8 5 30
2194 10 4 30
3033 14 1 30
3705 14 2 30
4042 9 5 30
40 9 4 30
851 9 3 30
283 1 0 30
2033 15 17 30
2637 16 17 30
1577 14 16 30
2939 1 9 30
1632 1 10 30
2391 1 11 30
4281 6 18 30
3011 9 19 30
3553 9 13 30
577 1 19 31
850 0 19 31
1439 6 15 31
2654 7 15 31
2865 6 16 31
3933 7 16 31
502 10 12 31
1388 4 7 31
3728 5 7 31
361 15 6 31
3626 15 5 31
1903 19 6 31
2679 18 6 31
2486 13 2 31
3885 13 1 31
3542 15 2 31
1704 13 0 31
1478 14 0 31
2066 15 0 31
474 5 8 31
1186 6 8 31
1915 6 7 31
3608 1 18 31
4082 0 18 31
1545 0 17 31
263 0 16 31
1302 0 15 31
1884 0 14 31
1789 0 13 31
2776 1 13 31
1423 9 12 31
842 8 18 32
1156 9 18 32
3964 8 16 32
13 0 5 32
658 0 6 32
1747 1 6 32
1918 2 6 32
312 12 7 32
2954 13 7 32
3704 15 7 32
2401 19 5 32
2399 14 3 32
131 18 5 32
538 17 5 32
2276 7 18 32
3109 7 17 32
274 8 17 32
2647 9 16 32
1746 9 17 32
1935 10 17 32
2200 11 17 32
2640 12 17 32
884 12 16 32
1653 12 15 32
3254 11 15 32
840 11 14 32
1495 11 13 32
3455 11 12 32
2718 14 7 32
1667 17 19 33
3787 18 19 33
2 18 12 33
2459 17 13 33
592 0 8 33
210 2 8 33
514 3 8 33
550 14 6 33
1188 15 3 33
766 0 7 33
2029 1 8 33
918 1 7 33
214 2 7 33
119 3 7 33
2469 3 6 33
2568 4 6 33
259 17 12 33
359 16 12 33
796 15 12 33
754 19 19 33
1982 19 12 34
3223 19 13 34
3486 18 13 34
3644 1 1 34
252 2 1 34
3436 1 5 34
3962 14 12 34
1595 5 3 34
2626 6 3 34
4137 14 10 34
160 1 2 34
2702 2 5 34
3504 19 7 34
779 4 19 35
2513 5 19 35
793 3 17 35
2904 4 17 35
3212 2 17 35
3621 0 16 35
3850 0 15 35
236 17 18 35
1508 18 18 35
1246 1 12 35
1852 13 19 35
683 16 17 35
4103 6 4 35
652 12 11 35
1201 19 4 35
2762 19 3 35
1959 19 2 35
2134 18 2 35
2697 18 1 35
3681 18 0 35
580 17 0 35
3616 0 14 35
3936 19 18 35
152 19 17 35
378 19 16 35
2106 0 18 36
4159 1 18 36
4234 0 17 36
147 1 2 36
2064 12 0 36
384 10 0 36
1041 9 0 36
2404 8 0 36
4010 10 2 36
4237 4 0 36
2822 6 0 36
2907 9 3 36
1780 7 3 36
2061 4 8 36
2336 5 8 36
1113 9 4 36
29 11 0 36
3166 5 0 36
848 7 0 36
1013 1 17 36
234 1 16 36
473 3 19 37
756 1 10 37
812 1 11 37
1303 2 16 37
2737 2 15 37
322 4 14 37
2086 1 0 37
2982 0 0 37
3389 19 14 37
3494 5 9 37
533 7 9 37
941 8 14 37
1285 12 1 37
2827 1 3 37
2795 3 3 37
4288 6 7 37
109 0 1 37
463 0 2 37
2260 0 3 37
2052 0 4 37
2913 1 4 37
660 6 8 37
2811 7 8 37
3605 8 8 37
3799 9 8 37
4051 10 8 37
2722 0 10 37
2790 0 11 37
2143 0 12 37
2235 0 13 37
3490 1 13 37
3551 7 14 37
489 6 9 37
3402 18 14 37
1061 18 15 37
1797 18 16 37
1146 6 19 38
1927 6 18 38
873 8 15 38
3273 9 15 38
3349 9 16 38
2287 3 16 38
2585 4 16 38
3238 3 15 38
3782 4 15 38
1216 4 12 38
2436 12 3 38
2669 12 2 38
865 3 9 38
1843 4 9 38
3886 4 10 38
3596 4 1 38
2458 6 1 38
1062 7 13 38
1421 14 19 38
2359 15 19 38
3548 14 18 38
4251 7 10 38
1607 9 9 38
846 15 15 38
2394 15 10 38
4260 18 11 38
10 7 5 38
784 7 4 38
1033 8 4 38
1343 8 3 38
481 7 1 38
2521 5 1 38
276 3 1 38
383 8 9 38
320 17 17 38
2970 17 16 38
1498 13 18 38
2023 13 17 38
2526 11 2 39
2699 8 1 39
2792 9 19 39
3096 10 19 39
4154 11 19 39
1801 1 9 39
1304 4 13 39
2860 5 10 39
403 13 16 39
1224 8 13 39
818 9 10 39
2531 10 9 39
1847 19 11 39
483 17 11 39
1619 11 1 39
1693 10 1 39
1763 9 1 39
2470 9 2 39
25 8 2 39
1811 7 2 39
1947 6 2 39
857 5 2 39
1594 2 9 39
36 6 10 39
602 8 10 39
562 10 10 39
1450 12 19 39
1552 12 18 39
2981 11 18 39
1956 3 14 40
3730 3 13 40
3821 6 17 40
373 10 18 40
773 12 17 40
1147 12 15 40
985 10 16 40
2465 16 15 40
4076 3 4 40
1880 9 13 40
1283 13 15 40
556 10 8 40
1241 10 7 40
2512 11 3 40
3357 11 4 40
2011 19 9 40
57 17 10 40
494 17 9 40
3423 19 7 40
635 12 16 40
4115 12 4 40
1267 19 8 40
2006 19 10 40
268 18 10 40
396 18 9 40
1783 0 19 41
3130 1 19 41
3509 2 19 41
3931 2 18 41
1370 0 9 41
1804 0 10 41
3341 0 11 41
587 6 15 41
3002 6 16 41
173 7 14 41
2451 8 19 41
3255 9 14 41
3533 10 14 41
2559 16 12 41
1984 15 14 41
4247 9 12 41
3388 4 4 41
51 13 14 41
1836 12 9 41
879 14 7 41
690 17 8 41
827 19 4 41
4058 17 4 41
1542 18 8 41
1077 18 7 41
632 15 12 41
138 5 4 41
31 5 5 41
433 0 12 41
935 3 18 41
778 4 18 41
3391 5 18 41
3239 5 17 41
441 10 15 41
1243 7 19 41
599 7 15 41
3961 16 1 41
1122 16 2 41
2147 16 3 41
307 1 16 42
2495 1 15 42
4203 1 14 42
1092 8 16 42
2834 8 18 42
2535 18 15 42
3289 2 10 42
3325 3 10 42
3882 3 12 42
4096 9 8 42
4171 8 8 42
2290 16 19 42
2639 16 18 42
2631 3 7 42
4222 4 7 42
1393 12 14 42
3670 10 12 42
3531 11 9 42
2947 14 11 42
317 17 7 42
3483 19 3 42
2003 0 14 42
2461 0 13 42
2520 1 13 42
3578 2 14 42
2933 2 13 42
3994 2 12 42
302 2 11 42
1818 3 11 42
346 19 15 42
364 13 17 42
960 14 17 42
737 15 18 42
4183 15 17 42
2044 13 11 42
2250 7 18 42
1345 7 16 42
498 7 17 42
1140 8 17 42
180 9 18 42
1175 9 17 42
4272 10 17 42
1365 11 17 42
763 15 11 42
1350 16 11 42
2007 16 10 42
325 16 9 42
1839 7 8 42
2489 6 8 42
787 12 5 42
1251 11 5 42
1036 17 19 43
3194 17 15 43
1838 18 14 43
3790 1 4 43
2224 0 7 43
2658 3 5 43
2676 7 12 43
4004 13 12 43
2266 2 7 43
608 8 7 43
2354 11 8 43
3009 11 7 43
3543 17 6 43
3098 15 6 43
926 19 2 43
1428 19 1 43
1725 19 0 43
930 8 12 43
1112 18 19 44
2801 19 19 44
3944 1 1 44
4026 0 1 44
836 19 12 44
2105 18 12 44
4135 19 13 44
2901 17 14 44
41 5 12 44
151 10 13 44
1074 12 7 44
1332 13 7 44
3230 19 6 44
212 6 14 44
516 18 13 44
1686 17 12 44
1690 17 13 44
2571 16 14 44
739 16 13 44
808 18 7 44
3067 18 6 44
2441 5 19 45
2271 19 18 45
2546 0 2 45
2281 1 5 45
3687 3 0 45
3774 3 1 45
1099 2 3 45
2998 4 3 45
2024 5 5 45
107 7 5 45
753 8 5 45
1753 10 3 45
4057 14 4 45
3457 16 4 45
807 15 7 45
157 0 3 45
885 0 4 45
1565 0 5 45
1776 0 6 45
3141 2 4 45
3878 2 5 45
3507 4 5 45
4176 10 4 45
3655 7 4 45
597 2 0 45
877 2 1 45
3784 15 4 45
1593 0 18 46
3261 1 18 46
3960 0 17 46
2665 4 19 46
2127 0 8 46
3313 1 8 46
3437 12 12 46
4217 6 5 46
1599 13 2 46
2409 13 1 46
2810 13 0 46
645 19 5 46
1840 1 7 46
1635 1 6 46
2273 2 6 46
2249 3 6 46
2377 4 6 46
978 0 16 46
2731 0 15 46
2861 0 14 46
3781 1 17 46
1014 5 18 46
2068 4 18 46
1916 14 12 46
2076 15 12 46
3988 15 13 46
1676 3 19 47
2037 3 18 47
2691 3 17 47
3698 4 17 47
4020 19 17 47
104 18 18 47
1257 17 18 47
3086 0 13 47
4141 1 13 47
882 1 10 47
2330 5 4 47
4195 5 3 47
3557 13 9 47
4175 9 7 47
123 14 6 47
2539 16 3 47
3874 2 8 47
279 3 8 47
1187 4 8 47
2232 1 2 47
1326 2 2 47
3835 5 17 47
677 3 16 48
2932 4 16 48
3946 3 15 48
2159 6 19 48
2213 7 19 48
3153 6 18 48
4213 7 18 48
705 18 17 48
2736 13 19 48
4089 15 17 48
721 0 12 48
2753 1 12 48
3594 4 14 48
3861 12 0 48
1808 6 3 48
3069 12 8 48
4016 17 2 48
2130 14 3 48
1568 13 8 48
188 1 11 48
1322 4 15 48
724 5 16 48
899 5 15 48
2343 5 14 48
3196 13 18 48
291 13 17 48
3689 14 17 48
1562 16 2 48
96 17 17 49
1794 9 19 49
2700 10 19 49
2704 9 18 49
3472 11 19 49
164 4 12 49
166 5 13 49
1373 4 0 49
4153 5 0 49
202 7 0 49
1666 8 0 49
998 10 0 49
1128 11 0 49
4119 10 1 49
2908 8 3 49
2349 6 8 49
1462 6 4 49
555 15 9 49
3556 11 5 49
2149 17 5 49
1018 18 5 49
1756 18 4 49
1379 16 17 49
2259 12 19 49
1298 16 9 49
1710 5 8 49
272 7 8 49
3004 7 4 49
4130 8 4 49
190 9 0 49
1205 9 1 49
2374 8 1 49
4265 7 1 49
2211 5 9 50
2381 0 0 50
2432 1 0 50
2785 2 0 50
3236 12 18 50
547 12 11 50
806 13 11 50
1101 11 1 50
3461 7 7 50
2388 9 4 50
2031 19 14 50
2123 19 15 50
146 0 19 51
563 1 19 51
2074 2 19 51
2093 3 14 51
553 4 13 51
2888 6 17 51
3493 7 16 51
4005 7 15 51
323 10 17 51
465 5 10 51
3052 1 3 51
4277 0 3 51
1940 6 9 51
814 4 1 51
108 5 7 51
149 9 5 51
205 12 1 51
532 13 3 51
2518 3 13 51
1165 2 18 51
414 6 10 51
455 7 9 51
748 8 9 51
2496 7 17 51
2254 8 17 51
568 10 4 51
1533 10 5 51
1380 13 4 51
678 0 16 52
1096 1 16 52
2329 0 15 52
2607 1 17 52
2673 1 15 52
2743 0 14 52
3688 1 14 52
2481 0 9 52
2599 1 9 52
2602 0 10 52
3930 2 9 52
4014 0 11 52
2208 13 17 52
2712 13 16 52
4259 6 12 52
69 9 17 52
388 9 16 52
3155 9 15 52
4209 10 15 52
358 10 18 52
3499 12 17 52
2368 0 4 52
266 8 10 52
551 17 3 52
786 1 11 52
457 2 17 52
2688 2 16 52
2692 2 15 52
2738 2 14 52
3036 2 13 52
2635 3 9 52
1183 4 9 52
1822 4 10 52
1064 11 18 52
1220 11 17 52
3061 0 5 52
2793 6 7 52
2891 15 19 53
3642 14 19 53
1367 12 16 53
2983 0 6 53
3124 9 10 53
345 6 16 53
417 6 15 53
1538 10 10 53
1891 15 18 53
1252 13 18 53
1929 14 18 53
603 14 17 53
762 12 15 53
4000 19 15 54
4087 19 14 54
176 17 15 54
3822 0 1 54
1490 2 1 54
3558 3 3 54
1611 1 4 54
976 6 0 54
1633 6 1 54
1656 7 1 54
2799 19 11 54
1037 19 10 54
1509 18 10 54
2350 18 9 54
3579 18 8 54
3697 18 7 54
1720 10 16 54
769 11 16 54
2567 11 15 54
371 1 1 54
626 5 1 54
905 16 15 55
2075 19 12 55
3693 18 12 55
790 18 14 55
1911 8 19 55
2018 8 18 55
2842 7 14 55
2844 7 12 55
1799 14 12 55
350 0 7 55
1662 3 5 55
2242 4 5 55
2649 17 11 55
1459 8 17 55
2047 8 16 55
1055 8 15 55
237 19 13 55
3022 18 13 55
1729 13 12 55
2166 16 11 55
2210 16 10 55
2798 16 9 55
179 0 17 56
922 0 18 56
3118 1 18 56
3853 5 19 56
3200 4 18 56
3392 16 14 56
4197 15 12 56
1227 9 14 56
2230 1 7 56
2237 17 6 56
423 14 2 56
852 14 1 56
1866 17 1 56
3073 14 0 56
3287 15 0 56
2380 5 18 56
2482 8 14 56
1748 17 14 56
487 5 8 56
3056 4 8 56
4001 11 8 56
337 0 2 56
791 9 3 56
297 4 19 57
400 3 19 57
1540 3 18 57
2825 3 17 57
617 19 17 57
845 19 16 57
1547 3 13 57
4214 3 9 57
676 2 10 57
2719 16 12 57
611 3 0 57
775 3 1 57
909 8 9 57
2292 7 9 57
2314 7 10 57
2893 5 12 57
3855 3 8 57
2323 1 6 57
3857 3 4 57
1 10 13 57
1164 9 8 57
2850 11 7 57
3932 12 7 57
386 15 8 57
1215 19 5 57
4284 16 5 57
296 19 6 57
258 18 6 57
733 18 5 57
1103 0 5 57
3364 1 5 57
85 7 8 57
832 8 8 57
1419 6 10 57
2291 17 12 57
1519 17 13 57
3918 16 13 57
2903 18 15 57
1069 10 14 57
1709 19 19 58
1618 17 19 58
2289 3 16 58
3143 4 16 58
4017 3 15 58
1742 0 13 58
3432 1 13 58
1968 3 12 58
539 18 16 58
829 16 17 58
2286 3 10 58
3258 8 12 58
3820 9 9 58
2251 8 7 58
610 4 15 58
1236 4 17 58
2578 5 17 58
3430 5 16 58
1416 5 15 58
2422 10 9 58
3256 10 10 58
2257 19 18 58
3355 18 19 58
2454 16 19 58
1342 16 18 59
1401 15 18 59
2999 6 19 59
3394 7 19 59
227 9 18 59
619 9 19 59
883 10 19 59
1436 12 19 59
720 1 10 59
1097 1 11 59
3934 15 15 59
1157 13 15 59
3528 2 3 59
62 4 3 59
477 0 8 59
996 1 8 59
3013 3 7 59
3577 12 13 59
3952 4 8 59
4036 6 5 59
2094 19 2 59
2582 19 1 59
519 19 0 59
1561 2 8 59
1628 2 7 59
26 2 4 59
241 2 5 59
3858 2 6 59
114 4 7 59
295 4 4 59
2051 11 19 59
615 0 0 60
3368 2 0 60
3649 6 18 60
4069 5 14 60
2164 4 0 60
3544 5 0 60
4104 5 1 60
1316 6 2 60
3721 4 12 60
508 12 15 60
1994 13 14 60
2255 8 4 60
2918 7 4 60
1286 11 3 60
1329 11 4 60
1806 11 8 60
3881 10 8 60
1149 14 10 60
557 14 8 60
1431 12 9 60
2231 13 2 60
454 13 1 60
573 13 0 60
605 14 0 60
740 1 0 60
831 1 1 60
2439 10 7 60
3123 9 7 60
575 14 9 60
75 7 18 60
1178 12 14 60
1369 0 19 61
2477 1 19 61
2711 2 19 61
2734 3 14 61
380 18 18 61
3726 13 19 61
789 7 17 61
1790 7 16 61
2921 7 15 61
3190 7 3 61
2989 7 5 61
1813 15 11 61
2803 16 11 61
809 14 7 61
1017 17 3 61
2467 13 5 61
2930 15 2 61
3030 18 11 61
2386 15 10 61
839 8 5 61
1926 7 2 61
331 2 18 61
730 6 17 61
2996 6 16 61
3829 6 15 61
1290 6 14 61
1941 18 17 61
2656 17 18 61
3184 17 17 61
505 0 16 62
2026 1 16 62
3374 0 15 62
2784 0 3 62
1665 15 17 62
2406 5 9 62
128 12 18 62
44 10 17 62
365 10 16 62
1874 7 0 62
823 9 0 62
4032 9 1 62
4071 9 3 62
1415 11 2 62
561 19 10 62
1452 19 9 62
2925 19 8 62
434 14 5 62
2847 15 0 62
18 15 1 62
419 1 3 62
47 8 0 62
3489 8 1 62
2410 8 2 62
3005 9 2 62
916 12 2 62
1978 12 3 62
2806 12 4 62
105 12 5 62
286 0 14 62
3854 1 17 62
257 2 17 62
3673 4 9 62
970 2 9 63
1896 1 9 63
2449 0 9 63
3060 0 10 63
1177 1 15 63
1878 1 14 63
3607 13 18 63
907 5 10 63
2056 12 0 63
4080 10 0 63
578 10 12 63
567 8 8 63
816 7 8 63
2624 7 7 63
713 12 12 63
19 17 8 63
1386 11 0 63
1317 11 1 63
355 10 1 63
50 16 19 63
93 15 19 63
352 14 19 63
1355 14 18 63
459 0 11 63
461 0 12 63
695 1 12 63
1714 4 10 63
269 6 9 63
825 6 10 63
2485 18 15 64
3045 19 15 64
66 0 6 64
1008 0 5 64
1471 7 13 64
1730 4 1 64
2371 13 16 64
4138 9 10 64
1946 15 14 64
3269 9 4 64
3550 12 11 64
2243 17 9 64
2448 13 4 64
3535 14 4 64
3189 1 5 64
1517 6 3 64
1848 12 8 64
83 10 10 64
2121 13 17 64
3321 14 17 64
2670 16 1 64
2202 0 1 65
1945 9 17 65
2389 9 16 65
3340 9 15 65
3748 10 15 65
218 19 12 65
393 18 12 65
1469 17 12 65
1492 19 14 65
2136 16 15 65
2940 16 16 65
3215 2 5 65
2475 4 7 65
142 6 7 65
3426 9 5 65
4273 16 9 65
60 16 8 65
404 0 2 65
68 8 5 65
2575 11 9 65
1549 19 13 65
172 15 16 65
27 14 16 65
1659 14 15 65
3984 14 14 65
168 16 10 65
2565 17 10 65
2175 0 18 66
2282 1 18 66
979 5 19 66
1199 5 18 66
2705 5 17 66
280 8 19 66
382 2 1 66
3087 6 14 66
624 10 18 66
1877 11 18 66
2570 11 17 66
3028 18 14 66
220 7 12 66
711 10 14 66
2395 16 4 66
207 1 1 66
1153 3 3 66
478 8 3 66
2747 0 17 66
4188 1 17 66
4039 5 16 66
3659 5 15 66
870 4 15 66
1932 4 14 66
900 7 14 66
3257 12 17 66
927 12 16 66
945 11 16 66
1681 11 15 66
2515 11 14 66
1194 11 13 66
1412 11 12 66
55 18 13 66
741 4 19 67
1587 3 19 67
640 4 17 67
776 3 17 67
1512 0 4 67
3902 2 4 67
334 16 14 67
3154 6 8 67
3260 15 12 67
94 10 1 67
1191 11 1 67
3591 13 3 67
3157 14 3 67
223 5 8 67
880 5 7 67
2403 12 1 67
3386 12 2 67
3749 12 3 67
1212 12 4 67
1486 4 18 67
2058 3 18 67
820 19 16 68
1733 1 5 68
2228 1 4 68
2256 1 3 68
3613 3 13 68
4048 6 3 68
4235 8 10 68
868 6 0 68
2418 6 1 68
246 8 1 68
2572 9 14 68
3957 14 12 68
1463 12 5 68
2331 19 11 68
2452 18 11 68
2927 18 10 68
336 16 6 68
2038 0 7 68
144 6 4 68
2717 7 1 68
28 7 2 68
140 8 2 68
4054 9 2 68
2687 10 2 68
1222 10 3 68
2533 10 4 68
1579 3 9 68
2928 4 9 68
3480 4 10 68
1909 14 11 68
1109 18 9 68
1479 18 8 68
2849 18 19 69
3755 19 19 69
534 6 19 69
1023 7 19 69
1158 16 19 69
1513 15 19 69
70 3 5 69
855 16 12 69
3412 4 4 69
4196 4 5 69
1602 17 11 69
3798 10 5 69
22 16 7 69
794 18 7 69
1272 19 4 69
1800 11 5 69
2502 17 10 69
3172 16 10 69
1126 15 10 69
2367 15 9 69
2288 14 9 69
4061 19 18 69
124 14 14 69
1339 17 7 69
2969 12 19 70
3345 11 19 70
3778 10 19 70
3867 9 19 70
511 4 15 70
3070 4 14 70
3645 5 12 70
1288 3 0 70
2295 3 1 70
2807 6 10 70
3971 3 8 70
801 1 7 70
902 13 0 70
3020 14 2 70
270 17 2 70
1675 17 1 70
785 19 7 70
2131 13 1 70
326 14 0 70
1044 14 1 70
1650 15 1 70
1115 14 3 70
2931 4 13 70
1442 8 9 70
3464 6 9 70
3764 7 9 70
2222 7 10 70
3297 9 18 70
3034 17 19 70
1437 0 19 71
2464 1 19 71
3285 2 19 71
1606 5 15 71
2579 5 16 71
2771 4 16 71
2862 3 16 71
3887 3 15 71
3941 15 15 71
2444 6 15 71
2405 1 12 71
3359 0 12 71
303 1 10 71
2884 2 10 71
2629 0 0 71
267 2 0 71
2015 3 4 71
3826 19 3 71
2563 1 6 71
1668 1 0 71
2994 1 1 71
643 3 14 71
2414 2 18 71
513 6 16 71
574 0 17 72
1501 1 17 72
4088 0 16 72
4128 1 16 72
4261 0 15 72
2100 13 15 72
2172 15 16 72
3901 6 17 72
726 0 11 72
1454 19 18 72
3899 2 3 72
584 9 12 72
693 9 8 72
2840 10 7 72
2081 12 7 72
11 17 5 72
3460 17 6 72
1732 9 7 72
156 11 7 72
642 12 8 72
2101 1 11 72
554 2 17 72
1321 2 16 72
895 5 14 72
1740 6 18 72
2845 19 17 72
1116 14 15 72
1359 14 16 72
2233 0 10 73
3146 0 9 73
4037 1 9 73
45 13 19 73
2945 14 19 73
3186 14 17 73
3497 0 3 73
2615 18 18 73
1047 0 7 73
1871 0 8 73
1979 1 8 73
1933 2 11 73
2641 4 0 73
3291 5 0 73
1366 4 2 73
2791 5 13 73
158 13 8 73
2696 13 7 73
3922 16 8 73
1779 19 5 73
3714 16 5 73
752 19 6 73
3433 18 6 73
1230 18 5 73
1786 18 4 73
318 18 3 73
4108 2 8 73
1398 2 9 73
815 0 14 74
1281 1 14 74
1751 0 13 74
1930 1 13 74
689 15 17 74
2173 7 17 74
3295 6 16 74
2337 7 14 74
3911 5 9 74
3939 3 11 74
1197 8 3 74
1392 7 3 74
3072 18 17 74
3095 3 7 74
2653 2 7 74
1634 1 15 74
3053 4 13 74
2198 6 9 74
3894 7 9 74
944 7 18 74
1784 13 17 75
2975 13 18 75
3322 10 4 75
937 0 1 75
3865 18 16 75
3405 0 5 75
4186 7 10 75
2165 12 18 75
410 11 15 75
1083 11 14 75
1334 5 5 75
1679 7 5 75
111 0 6 75
948 0 2 75
1553 1 1 75
3443 14 18 75
620 15 18 75
1287 12 17 75
353 9 18 76
1708 9 17 76
3580 9 16 76
4189 10 15 76
480 5 10 76
874 7 13 76
4226 4 1 76
305 6 2 76
2760 13 14 76
4021 4 8 76
231 11 0 76
328 12 0 76
2278 12 1 76
2472 12 2 76
2672 12 3 76
3083 9 10 76
2111 11 12 76
3176 7 4 76
3951 14 11 76
564 12 10 76
285 12 8 76
2675 5 8 76
3035 5 1 76
3897 5 2 76
1131 10 8 76
3986 6 13 76
2045 12 4 76
1305 13 16 76
2876 14 16 76
2370 14 15 76
221 9 15 76
35 15 11 76
2770 16 11 76
1592 4 19 77
2183 3 19 77
3761 4 18 77
4029 3 18 77
975 0 18 77
1173 3 10 77
2428 16 17 77
235 16 15 77
3399 18 15 77
666 19 12 77
2874 18 12 77
2963 10 17 77
1788 8 0 77
1169 2 5 77
118 15 14 77
1035 12 11 77
2397 19 2 77
213 1 18 77
1292 2 18 77
581 3 9 77
1135 4 9 77
1998 4 10 77
637 16 16 77
1351 16 18 77
3128 17 12 77
460 14 14 77
2102 10 16 77
3547 11 16 77
2421 12 16 77
622 5 19 78
686 5 18 78
1680 5 17 78
1712 4 17 78
2910 3 14 78
1148 19 17 78
1855 19 16 78
1660 1 2 78
2091 1 3 78
2128 2 4 78
2812 7 9 78
1792 7 0 78
3585 7 1 78
528 10 0 78
1311 5 7 78
1402 6 3 78
908 10 10 78
3409 9 4 78
3966 8 4 78
2063 0 4 78
3500 1 4 78
1441 1 5 78
2177 1 6 78
4047 2 6 78
3163 4 7 78
4142 3 17 78
106 7 2 78
1904 9 0 78
2766 19 15 78
3438 19 19 79
3516 18 19 79
3583 8 19 79
700 3 13 79
953 4 13 79
3246 7 15 79
3980 6 0 79
3699 10 9 79
1636 19 14 79
170 9 13 79
2199 10 13 79
38 16 14 79
2383 15 12 79
3501 8 2 79
3303 5 8 79
1673 1 1 79
2171 2 1 79
2435 2 2 79
2446 3 2 79
2169 3 3 79
2587 6 1 79
1528 5 1 79
2379 5 2 79
2417 9 5 79
2478 8 5 79
2627 7 16 79
1396 9 9 79
3653 8 9 79
3527 8 10 79
2503 10 12 79
2652 13 4 79
3348 13 5 79
914 19 13 79
34 11 13 79
1910 13 9 79
4166 15 1 79
3084 16 1 79
3690 16 2 79
1206 15 2 79
824 6 19 80
1505 7 19 80
1604 15 19 80
1645 16 19 80
1827 9 19 80
3156 10 19 80
3227 10 18 80
2390 12 19 80
1741 18 14 80
3421 12 17 80
1046 6 7 80
1225 8 8 80
3462 8 7 80
1621 10 1 80
3304 11 1 80
2767 14 9 80
59 14 7 80
453 14 4 80
1203 19 1 80
2344 19 0 80
2545 14 3 80
294 6 8 80
432 7 8 80
681 7 7 80
1192 9 7 80
1042 6 18 80
1026 11 2 80
1254 10 2 80
1274 14 8 80
1901 18 13 80
3050 17 19 80
2302 11 19 80
3178 11 18 80
3614 11 17 80
1344 11 16 80
1556 12 16 80
1363 12 15 80
1722 12 14 80
2650 0 19 81
3317 1 19 81
3664 2 19 81
3725 4 15 81
3756 4 14 81
2039 9 15 81
3660 10 14 81
184 7 12 81
2046 17 12 81
2864 4 4 81
3199 4 5 81
531 12 13 81
3375 12 12 81
2462 14 12 81
2566 16 10 81
571 16 12 81
4165 3 5 81
872 9 14 81
1129 8 1 81
3283 9 1 81
3950 9 2 81
58 9 3 81
1842 10 3 81
3710 0 17 82
1993 1 16 82
4271 3 17 82
1554 3 15 82
2530 15 18 82
986 5 12 82
4157 15 15 82
2195 8 5 82
4148 10 5 82
942 13 9 82
977 11 3 82
1759 16 11 82
3290 17 11 82
2112 18 9 82
1588 16 9 82
2900 19 10 82
2562 18 8 82
2733 16 4 82
517 9 5 82
250 0 16 82
644 6 12 82
968 6 13 82
2817 2 18 82
3679 1 18 82
159 16 18 82
3119 19 9 82
4243 19 8 82
761 6 15 83
2212 6 14 83
2752 1 17 83
3131 0 10 83
512 3 0 83
546 3 1 83
772 3 8 83
2527 12 9 83
16 11 5 83
1108 19 11 83
2554 16 7 83
3080 19 7 83
3088 18 7 83
621 5 14 83
1500 5 15 83
2583 5 16 83
2755 4 16 83
1021 3 16 83
2079 0 9 83
14 19 4 83
744 19 6 83
139 18 11 83
1059 18 10 83
2548 17 10 83
1682 17 9 83
1443 17 8 83
1601 17 7 83
2252 1 15 84
2352 1 14 84
3862 1 9 84
3274 5 9 84
3584 7 18 84
4248 7 17 84
1550 0 2 84
1010 13 19 84
2661 7 14 84
1052 1 7 84
2510 13 16 84
835 17 6 84
1944 16 6 84
208 0 3 84
991 0 15 84
1958 0 14 84
1057 6 9 84
1070 14 19 84
348 15 4 84
951 18 6 84
2153 18 5 84
275 18 4 84
429 17 4 84
2433 16 16 85
2838 15 16 85
2875 6 18 85
3879 6 17 85
757 13 17 85
4002 4 12 85
134 0 8 85
2619 1 8 85
3949 0 7 85
379 2 8 85
653 6 16 85
1612 7 16 85
2905 13 18 85
1820 14 18 85
1626 15 1 85
1706 14 1 85
3675 19 18 86
3970 18 18 86
2511 18 16 86
4163 12 14 86
191 3 2 86
699 12 15 86
859 12 16 86
1136 11 16 86
3837 10 15 86
1575 10 16 86
2608 9 18 86
3920 8 18 86
3872 8 17 86
278 4 19 87
342 3 19 87
1629 4 18 87
1829 3 18 87
2060 1 13 87
2492 1 12 87
936 1 10 87
1307 18 17 87
1785 2 9 87
2934 3 9 87
3632 2 10 87
1705 5 10 87
4121 13 15 87
1181 3 12 87
1817 0 4 87
4245 1 4 87
627 0 6 87
3320 4 0 87
3731 4 1 87
376 0 5 87
187 1 5 87
427 1 6 87
169 5 0 87
411 0 13 87
1627 0 12 87
2189 0 11 87
2591 1 11 87
541 4 9 87
15 5 19 88
662 5 18 88
1726 5 17 88
889 0 18 88
2617 1 18 88
4100 3 14 88
4264 16 18 88
600 17 16 88
983 0 0 88
1049 1 0 88
3181 3 10 88
1114 13 14 88
1893 6 13 88
504 7 7 88
1426 7 8 88
2500 6 8 88
1525 5 8 88
2466 0 1 88
957 12 5 88
444 5 1 88
1955 4 17 88
226 4 10 88
2544 7 13 88
110 12 3 89
1474 19 19 89
2363 18 19 89
2517 17 19 89
3573 17 18 89
3813 17 17 89
3973 12 4 89
2035 9 2 89
3773 16 15 89
1770 9 17 89
2577 3 2 89
3021 4 2 89
424 11 4 89
2245 10 4 89
3587 11 0 89
3940 12 0 89
2283 19 17 89
3791 19 16 89
1502 19 15 89
3627 18 15 89
98 17 15 89
405 17 14 89
2740 16 17 89
798 15 17 89
316 5 13 90
912 5 14 90
1082 5 15 90
3158 6 19 90
965 9 19 90
1608 10 19 90
1857 8 17 90
929 16 19 90
1781 15 19 90
2041 14 19 90
2917 2 0 90
1261 1 1 90
46 3 3 90
1172 0 3 90
1360 12 18 90
1377 12 16 90
2238 9 16 90
2280 6 9 90
2971 7 9 90
2272 8 10 90
2442 10 15 90
3138 3 7 90
3458 4 8 90
4178 5 2 90
2693 2 7 90
2769 2 6 90
2788 2 1 90
3921 2 2 90
162 1 2 90
289 1 3 90
795 2 3 90
2348 2 4 90
2923 3 4 90
3334 3 5 90
3995 3 6 90
3027 4 7 90
2104 5 16 90
2689 7 10 90
692 6 10 90
2916 12 15 90
3275 8 9 90
368 15 11 90
2306 14 11 90
332 0 19 91
1805 1 19 91
2416 2 19 91
2751 4 14 91
3271 7 19 91
625 12 19 91
1713 12 17 91
1928 8 16 91
3395 6 4 91
4003 6 5 91
959 2 18 91
1488 15 7 91
448 0 17 92
2427 0 16 92
2976 0 15 92
3126 0 14 92
4160 0 13 92
2114 4 15 92
197 4 13 92
3745 3 13 92
2219 19 12 92
4063 12 1 92
631 11 19 92
3025 9 15 92
525 17 7 92
1090 17 8 92
3734 16 8 92
1824 0 12 92
704 12 2 92
520 17 5 92
3636 4 17 93
293 3 17 93
2084 1 16 93
2261 8 19 93
2977 10 17 93
1465 12 0 93
2506 11 0 93
4283 10 0 93
2236 7 16 93
30 6 16 93
1214 6 14 93
4109 6 15 93
4286 7 15 93
2819 8 15 93
3122 7 13 93
876 10 16 93
974 16 12 93
2746 17 12 93
656 5 1 93
2754 5 0 93
366 6 0 93
3347 1 17 94
3604 3 15 94
23 5 3 94
751 4 3 94
680 1 15 95
1318 1 9 95
2818 0 9 95
3406 0 10 95
2040 7 17 95
3411 7 18 95
3529 9 19 95
3873 3 0 95
324 3 8 95
2145 2 8 95
2168 2 7 95
771 3 1 95
2867 10 19 95
3956 9 0 95
4145 8 0 95
3476 7 0 95
1795 8 17 96
1087 5 8 96
3696 6 8 96
