2674
579 0 0 1
691 1 0 1
1631 0 1 1
3303 2 0 1
3759 1 1 1
4433 0 2 1
752 4 0 1
3069 2 2 1
3412 0 4 1
3928 0 10 1
377 2 10 1
1203 0 8 1
3553 3 10 1
4010 2 9 1
2294 1 7 1
2829 0 5 1
3136 1 5 1
1850 3 5 1
2679 3 3 1
530 5 4 1
2264 6 0 1
4303 7 0 1
2779 5 2 1
3092 6 2 1
3242 7 2 1
2733 5 10 1
3710 4 8 1
2366 0 19 1
4271 1 19 1
858 0 17 1
943 3 19 1
3778 2 17 1
3938 0 15 1
2007 4 19 1
3238 5 19 1
2102 6 19 1
679 6 18 1
2519 5 18 1
2108 0 18 1
3763 1 17 1
1186 1 18 1
2103 2 19 1
109 2 18 1
782 0 16 1
638 0 7 1
1403 0 6 1
2066 1 6 1
1551 0 9 1
4419 1 10 1
550 1 9 1
558 1 8 1
561 2 8 1
1718 3 8 1
2705 4 10 1
612 2 5 1
38 2 1 1
1964 5 3 1
3044 2 3 1
771 0 3 1
2204 1 2 1
2434 1 3 1
331 1 4 1
719 2 4 1
2975 3 4 1
3385 3 0 1
3378 5 0 1
329 8 0 1
4283 11 0 1
843 12 1 1
2410 13 1 1
2563 10 0 1
3490 11 1 1
2760 12 2 1
4399 15 0 1
376 13 2 1
2577 9 0 1
848 10 1 1
2268 11 2 1
324 12 3 1
952 16 0 1
3363 15 1 1
227 13 3 1
1795 9 1 1
556 10 2 1
1508 11 3 1
2324 12 4 1
4373 17 0 1
22 16 1 1
2484 15 2 1
4305 13 4 1
1976 9 2 1
2661 10 3 1
2981 11 4 1
3729 12 5 1
4441 18 0 1
563 17 1 1
2038 16 2 1
2162 15 3 1
426 13 5 1
3667 9 3 1
2889 10 4 1
3811 11 5 1
3107 12 6 1
3195 19 0 1
3640 18 1 1
3895 17 2 1
525 16 3 1
1590 15 4 1
3796 13 6 1
3948 10 5 1
4179 11 6 1
3599 12 7 1
3080 19 1 1
3295 18 2 1
344 17 3 1
734 16 4 1
2623 15 5 1
3499 13 7 1
3807 10 6 1
3814 11 7 1
3926 12 8 1
961 19 2 1
1811 18 3 1
2934 17 4 1
4048 16 5 1
533 15 6 1
2401 13 8 1
1225 10 7 1
1919 11 8 1
2762 19 3 1
3988 18 4 1
1945 17 5 1
3783 16 6 1
4191 15 7 1
2239 10 8 1
766 3 1 2
1216 4 1 2
1463 3 9 2
2041 2 7 2
3681 4 7 2
3527 6 3 2
3611 7 4 2
2429 5 5 2
3942 9 4 2
871 7 6 2
1136 0 11 2
2945 1 11 2
1898 0 13 2
1941 3 11 2
405 2 13 2
498 9 6 2
2134 9 8 2
2571 2 16 2
2838 4 16 2
136 6 8 2
349 1 16 2
3278 2 14 2
738 0 14 2
2832 4 11 2
815 5 11 2
1490 6 11 2
967 9 9 2
4049 9 7 2
804 9 5 2
2327 2 6 2
3889 3 7 2
2972 3 6 2
784 3 2 2
4371 4 2 2
984 4 3 2
754 4 4 2
2810 4 5 2
17 4 9 2
1562 5 9 2
174 5 8 2
237 5 7 2
2898 6 7 2
1243 6 4 2
2104 7 3 2
2855 5 1 2
3083 6 1 2
590 7 1 2
2355 8 1 2
2505 8 2 2
1731 2 11 2
3906 0 12 2
2673 5 16 2
3556 6 16 2
4037 6 17 2
42 5 17 2
432 3 18 2
493 4 18 2
2480 4 17 2
2620 1 13 3
3054 1 12 3
3454 4 12 3
3841 7 7 3
3512 7 9 3
1367 7 11 3
1389 9 10 3
3828 9 11 3
198 9 12 3
2202 3 14 3
2006 5 15 3
1236 5 13 3
1051 1 14 3
3492 1 15 3
466 2 15 3
4075 3 17 3
8 3 16 3
1349 3 15 3
2940 4 15 3
602 2 12 3
1470 3 12 3
2033 3 13 3
3496 4 13 3
3355 6 15 3
733 6 9 3
2788 6 10 3
3856 7 10 3
3784 7 8 3
3141 4 6 3
3260 5 6 3
2984 6 6 3
148 6 5 3
298 7 5 3
2356 8 3 3
3568 8 4 3
1082 5 12 3
2752 10 12 3
725 6 13 4
4395 8 14 4
1380 7 19 4
4185 8 19 4
1093 7 17 4
659 10 19 4
1701 9 17 4
142 19 19 4
4443 19 18 4
621 11 19 4
4356 12 19 4
995 13 19 4
2511 14 19 4
650 15 19 4
1083 7 18 4
542 7 16 4
2003 4 14 4
4121 5 14 4
3576 6 14 4
1062 9 14 4
2343 10 14 4
809 11 14 4
2142 11 12 4
98 11 13 4
1703 10 13 4
4160 6 12 4
218 7 12 4
1579 8 5 4
3225 8 6 4
1694 8 7 4
2121 8 8 4
3401 8 9 4
4201 9 19 4
1625 9 13 5
2060 9 15 5
1647 8 17 5
3417 8 18 5
1356 11 18 5
4381 12 18 5
1507 18 19 5
1914 17 19 5
2700 18 18 5
4223 16 19 5
2457 17 17 5
2906 15 18 5
3161 17 16 5
1118 19 16 5
1745 19 14 5
2029 17 14 5
4410 19 12 5
105 11 15 5
2474 13 17 5
410 15 16 5
2283 19 13 5
2117 19 15 5
913 19 17 5
243 18 17 5
1195 18 16 5
1684 18 14 5
1623 18 15 5
2562 17 15 5
3191 8 10 5
1422 12 17 5
1500 11 17 5
889 9 18 5
2292 10 18 5
306 10 17 5
2126 10 15 5
1853 17 18 5
3125 16 18 5
3403 16 16 5
453 16 17 5
3152 15 17 5
2403 13 18 5
3785 14 18 5
1332 14 17 5
1187 12 15 6
3160 13 15 6
3214 12 14 6
4417 13 14 6
383 12 12 6
115 15 14 6
257 17 13 6
278 15 13 6
1886 19 11 6
3663 17 11 6
2896 19 10 6
4100 18 11 6
4345 18 10 6
2460 17 10 6
296 12 11 6
514 18 13 6
2243 18 12 6
2319 17 12 6
764 12 13 6
778 13 13 6
2641 14 13 6
4103 14 14 6
665 11 0 6
4171 10 11 7
677 10 9 7
3528 12 10 7
3624 13 10 7
4133 19 6 7
2588 17 6 7
3135 19 8 7
862 10 0 7
870 9 0 7
2111 19 9 7
457 10 10 7
3644 11 11 7
3886 11 10 7
838 11 9 7
989 12 9 7
1191 13 9 7
1471 19 7 7
2611 18 6 7
978 13 12 8
1281 13 11 8
1642 15 11 8
3103 15 10 8
4111 18 7 8
1473 16 7 8
1869 18 9 8
2674 17 9 8
3085 13 5 8
2637 18 0 8
3990 17 1 8
4363 16 1 8
3127 9 3 8
3951 11 3 8
1846 9 1 8
2173 10 1 8
2624 13 3 8
4273 15 3 8
4227 14 1 8
801 17 0 8
1849 16 0 8
1247 9 2 8
4274 13 1 8
1085 12 1 8
127 11 1 8
2551 18 8 8
3415 17 7 8
4145 17 8 8
605 16 11 8
2796 16 10 8
1326 14 3 8
2192 16 9 9
2285 15 9 9
2392 13 6 9
3317 11 6 9
922 12 7 9
1305 15 4 9
1522 10 5 9
3551 10 4 9
460 19 0 9
1583 19 1 9
1599 18 1 9
1767 18 2 9
3329 17 2 9
4330 16 3 9
4423 16 2 9
594 10 3 9
1732 10 2 9
110 11 2 9
193 16 8 9
3860 12 6 9
368 12 5 9
2015 11 5 9
3482 11 4 9
4210 10 6 10
419 11 7 10
753 19 2 10
872 19 3 10
1806 18 3 10
2027 19 4 10
3028 17 3 10
3952 18 4 10
4396 19 5 10
903 13 7 10
1372 15 8 10
495 18 5 10
3572 16 4 10
3641 17 4 10
1260 17 5 10
1339 16 5 10
2711 15 5 10
3973 16 6 10
305 10 7 10
1870 10 8 10
1011 11 8 10
1868 12 8 10
2822 13 8 10
642 3 0 11
1719 2 0 11
431 0 0 11
490 0 1 11
1364 0 3 11
2902 15 7 11
173 15 6 11
522 0 2 11
1259 1 0 11
2765 0 10 12
2990 1 10 12
4232 1 1 12
928 2 1 12
2218 2 2 12
3471 3 2 12
3961 2 3 12
818 0 4 12
3215 0 9 12
779 1 9 12
1975 1 8 12
355 1 2 12
1274 1 3 12
3205 1 4 12
3622 2 4 12
3650 3 4 12
126 4 0 13
709 5 0 13
3104 4 2 13
1129 2 8 13
2118 3 9 13
2416 4 9 13
200 4 7 13
636 13 2 13
2272 14 2 13
2320 9 0 13
1057 15 2 13
116 15 1 13
1630 15 0 13
3216 14 0 13
2725 13 0 13
941 10 0 13
137 3 8 13
4296 3 7 13
4189 4 3 13
3053 4 4 13
84 5 9 13
869 5 8 13
885 5 7 13
2443 3 1 13
3661 4 1 13
4268 5 1 13
1027 6 1 13
3071 7 1 13
3111 8 1 13
4137 8 2 13
899 6 3 14
1686 1 13 14
1759 1 12 14
3235 4 12 14
3438 7 7 14
3604 1 14 14
1147 1 15 14
1374 2 15 14
3113 2 12 14
52 3 12 14
3757 5 12 14
39 4 10 15
3212 3 10 15
3761 2 10 15
4249 0 9 15
1636 7 4 15
4122 6 9 15
732 7 8 15
745 9 13 15
917 9 15 15
1316 10 15 15
3781 6 10 15
824 2 9 15
1268 1 9 15
2430 6 4 15
409 7 3 15
2821 8 3 15
628 0 7 16
2886 0 6 16
3712 2 7 16
4126 0 5 16
221 2 5 16
2689 6 6 16
2557 9 4 16
2784 9 5 16
808 8 10 16
3851 9 10 16
4017 9 11 16
1544 6 13 16
2183 8 18 16
983 8 17 16
2976 6 12 16
2000 8 11 16
101 5 6 16
2573 0 8 16
985 1 8 16
2388 1 7 16
3432 1 5 16
3333 1 6 16
3519 2 6 16
2985 3 7 16
3689 3 6 16
1961 4 6 16
4422 4 5 16
1330 8 4 16
3662 9 18 16
3958 11 13 17
4057 10 13 17
2078 3 14 17
1154 10 11 17
3246 10 10 17
3524 11 11 17
3630 11 10 17
588 11 12 17
2846 10 12 17
3186 9 12 17
1397 4 6 18
1750 7 6 18
2025 8 12 18
2767 11 14 18
3795 10 14 18
1827 8 13 18
3211 7 15 18
1441 12 15 18
1708 13 15 18
1933 12 14 18
2281 13 14 18
72 15 15 18
894 13 12 18
1128 15 11 18
1649 11 9 18
2550 12 9 18
3153 13 9 18
3286 16 11 18
3922 9 14 18
646 0 12 19
2156 0 11 19
3722 1 11 19
3902 2 11 19
442 11 18 19
1832 12 18 19
2122 11 17 19
2936 13 18 19
3023 12 17 19
3105 12 13 19
3429 13 13 19
334 18 9 19
4209 17 9 19
3366 16 8 19
483 13 5 19
655 11 5 19
2497 18 8 19
291 2 12 19
1454 3 12 20
3821 3 13 20
2362 6 10 20
3324 5 12 20
2782 7 18 20
199 10 9 20
1341 10 10 20
1891 11 10 20
2956 12 10 20
3059 12 12 20
3258 15 10 20
4042 16 10 20
1699 17 8 20
2736 13 6 20
527 11 4 20
1648 16 9 20
4420 15 9 20
880 11 11 20
1715 12 11 20
182 0 13 20
2579 0 14 20
205 1 14 20
715 1 15 20
2123 2 15 20
40 7 19 20
1751 8 19 20
2075 9 19 20
2605 9 18 20
2744 10 18 20
2794 10 17 20
3647 6 12 21
4095 4 13 21
66 18 19 21
881 17 19 21
2277 16 19 21
2806 17 18 21
3911 16 18 21
342 17 5 21
2529 16 5 21
1148 13 8 21
1707 12 8 21
854 11 6 21
2642 18 0 21
3183 17 0 21
713 15 1 21
567 18 18 21
3982 3 11 21
2477 0 10 22
3049 1 0 22
3507 2 0 22
645 6 0 22
735 8 0 22
2154 3 3 22
119 5 3 22
1249 5 4 22
2467 18 17 22
3207 17 17 22
3404 18 16 22
3456 16 17 22
3098 15 18 22
3319 19 6 22
3024 19 5 22
1848 19 3 22
1807 17 4 22
2177 18 2 22
1435 19 2 22
707 19 0 22
2373 19 1 22
500 18 1 22
902 15 2 22
4120 19 4 22
1394 18 5 22
4146 18 4 22
191 18 3 22
289 17 3 22
3675 11 8 22
3732 10 8 22
1922 11 0 22
2598 11 1 22
479 15 5 22
3652 19 7 22
248 18 8 22
1934 18 6 22
1205 18 7 22
2151 17 7 22
2209 16 16 22
554 17 16 22
678 1 10 22
1595 1 9 22
2873 1 8 22
3121 1 7 22
2781 7 0 22
1242 15 17 22
34 14 18 22
361 14 17 22
99 0 0 23
1689 0 1 23
2489 1 1 23
2691 0 2 23
20 6 1 23
878 4 3 23
3980 7 3 23
1213 6 4 23
3093 19 17 23
1725 10 5 23
3274 10 6 23
3534 9 3 23
3326 15 9 23
3068 12 6 23
4259 17 1 23
1022 17 2 23
2556 12 5 23
2265 9 2 23
2042 10 4 23
3327 10 7 23
4009 11 7 23
65 12 7 23
2597 13 7 23
1182 19 16 23
502 8 1 23
912 7 1 23
3208 0 3 24
4079 1 3 24
4426 1 2 24
1923 3 2 24
2466 3 0 24
4374 3 1 24
1808 5 10 24
2340 6 3 24
3013 0 13 24
3513 1 13 24
310 9 6 24
2504 9 7 24
3073 7 7 24
1549 4 12 24
4127 4 11 24
904 19 15 24
1839 18 13 24
2079 16 13 24
3917 10 2 24
1514 12 2 24
3949 15 7 24
1513 10 3 24
1554 11 2 24
601 16 7 24
2242 16 6 24
2413 15 6 24
2399 15 8 24
263 18 12 24
3262 17 13 24
3375 17 12 24
4397 16 12 24
161 1 12 24
1760 2 12 24
2897 2 13 24
1779 2 14 24
92 0 14 24
3263 1 14 24
258 5 11 24
2564 6 11 24
2803 2 1 24
3818 2 2 24
1282 2 3 24
807 4 10 25
247 1 10 25
4300 0 8 25
3400 0 4 25
1035 4 0 25
2473 5 0 25
1134 4 2 25
4437 3 8 25
1601 8 17 25
1255 15 13 25
3485 11 3 25
85 15 12 25
551 19 13 25
998 19 14 25
1680 18 14 25
2514 18 15 25
2722 17 15 25
346 16 15 25
407 16 14 25
1864 15 14 25
3380 7 17 25
2194 7 16 25
2187 0 9 25
1407 1 4 25
2614 2 4 25
2869 3 4 25
3063 4 4 25
1144 4 1 25
2594 5 1 25
603 5 2 25
1620 6 2 25
1744 7 2 25
3047 8 2 25
3687 8 3 25
128 3 10 26
2510 2 10 26
3458 2 9 26
3706 0 5 26
4027 1 5 26
69 0 7 26
345 1 7 26
1872 5 9 26
3817 3 7 26
547 0 19 26
3091 1 19 26
4400 0 18 26
1568 4 18 26
4429 6 9 26
420 0 6 26
2685 1 6 26
3357 1 9 26
1390 1 8 26
1421 2 8 26
2681 2 7 26
1538 3 6 27
2306 9 4 27
3170 0 17 27
3823 1 17 27
1606 2 19 27
2525 4 17 27
3106 7 8 27
1413 11 12 27
4143 10 12 27
4343 11 13 27
94 8 15 27
2221 10 15 27
3628 12 3 27
1209 14 3 27
125 10 0 27
465 12 4 27
610 1 18 27
744 9 5 27
2746 2 6 27
3740 2 5 27
4235 3 5 27
1371 3 9 27
3297 4 9 27
2016 8 4 27
3755 7 4 27
686 9 2 27
3788 9 1 27
3540 11 2 27
992 5 8 28
2073 5 7 28
3680 5 6 28
1101 6 17 28
1218 6 19 28
3407 7 6 28
202 0 16 28
821 1 16 28
2307 1 15 28
249 7 9 28
2345 7 10 28
564 9 10 28
2988 7 11 28
2831 9 11 28
3875 4 15 28
1740 7 13 28
1843 10 13 28
1960 11 14 28
203 13 4 28
2938 13 3 28
3642 10 14 28
317 6 18 28
1322 5 17 28
2833 5 18 28
4019 5 19 28
4411 4 19 28
562 3 19 28
1089 4 8 28
1527 4 7 28
1638 4 6 28
1957 4 5 28
1966 5 5 28
1556 6 5 28
1992 7 5 28
3390 8 5 28
4135 8 6 28
2196 0 11 29
2728 1 11 29
3882 0 12 29
421 3 11 29
1550 2 18 29
1926 0 15 29
222 2 15 29
598 9 8 29
1543 9 9 29
2545 6 13 29
3658 8 14 29
666 8 19 29
813 10 11 29
1010 11 11 29
2018 13 10 29
1167 16 4 29
1343 16 3 29
2098 0 14 29
2655 1 14 29
1637 1 12 29
2048 2 11 29
2380 3 18 29
863 9 12 29
320 3 12 30
1983 3 13 30
3639 5 15 30
2322 9 19 30
4112 8 18 30
3871 11 18 30
4221 12 17 30
3017 12 15 30
308 12 13 30
2259 9 0 30
2600 12 14 30
2090 2 12 30
2634 2 13 30
2795 2 14 30
2217 6 15 30
1086 11 17 30
315 9 18 30
955 9 1 30
2338 10 1 30
1450 2 16 31
1729 5 11 31
2378 5 12 31
91 6 10 31
2365 4 13 31
1047 10 18 31
3435 10 17 31
3453 12 18 31
2943 16 15 31
1748 13 15 31
3865 13 12 31
4368 16 11 31
4408 11 9 31
1871 16 2 31
1711 14 1 31
1841 12 1 31
1059 16 1 31
759 16 0 31
1525 15 0 31
1785 14 0 31
1176 2 17 31
4195 3 17 31
1542 3 16 31
789 3 15 31
2143 3 14 31
180 6 11 31
1373 6 12 31
582 7 12 31
1591 11 1 31
1935 11 0 31
55 7 19 32
578 18 15 32
1448 17 15 32
1717 18 14 32
2509 17 14 32
3575 16 14 32
3921 15 14 32
971 13 18 32
473 19 11 32
1586 18 11 32
1555 19 9 32
2047 17 10 32
468 13 13 32
528 16 9 32
4431 12 9 32
1376 19 10 32
1875 18 10 32
454 13 9 32
740 17 13 32
1227 17 12 32
3305 16 12 32
14 15 12 32
1112 13 14 32
2367 15 15 32
2809 7 18 32
363 7 17 32
402 0 0 33
2729 0 2 33
3465 0 10 33
3543 0 9 33
4351 18 18 33
1449 16 18 33
1856 10 9 33
2868 10 10 33
4319 11 10 33
133 17 9 33
702 12 12 33
1347 15 11 33
1873 16 8 33
2987 15 8 33
497 18 9 33
393 16 10 33
643 15 10 33
1757 12 10 33
2296 12 11 33
680 13 11 33
1132 1 9 33
3588 1 8 33
2001 2 8 33
1002 0 1 33
852 18 19 33
755 17 18 33
1392 17 19 33
1546 16 19 33
2058 15 19 33
2882 10 19 33
3399 11 19 33
224 12 19 33
2662 13 19 33
2578 14 19 33
4023 14 18 33
360 14 17 33
149 1 0 34
415 2 0 34
1467 1 1 34
4342 2 1 34
2035 0 3 34
2816 18 7 34
3393 13 7 34
3884 12 4 34
11 14 4 34
12 18 5 34
157 17 5 34
2253 16 5 34
3449 18 4 34
251 18 3 34
358 17 2 34
1069 17 3 34
756 16 3 34
2847 18 8 34
3422 17 8 34
3794 9 18 34
982 9 17 34
1657 1 2 34
1253 2 2 34
2610 2 3 35
3913 7 4 35
1532 3 19 35
1724 4 19 35
4398 4 16 35
164 10 7 35
633 11 7 35
3756 10 8 35
4003 12 7 35
776 10 3 35
2374 10 4 35
3660 16 7 35
27 11 4 35
935 18 6 35
4109 17 7 35
1529 17 6 35
4172 16 6 35
1119 15 6 35
2830 11 8 35
2860 12 8 35
1994 13 8 35
2595 3 18 35
1773 3 17 35
3497 5 19 35
790 1 3 35
1936 1 4 35
4040 2 4 35
135 2 10 36
1573 3 10 36
711 8 0 36
3257 8 1 36
3022 11 6 36
3995 13 6 36
4141 18 1 36
644 19 1 36
1342 19 0 36
2207 18 0 36
2841 17 0 36
1817 2 9 37
2758 3 0 37
4203 3 1 37
1577 6 1 37
3765 4 3 37
411 8 2 37
1289 9 4 37
3935 9 5 37
2220 19 14 37
3833 19 13 37
4324 14 2 37
132 16 1 37
3058 16 0 37
760 19 12 37
441 18 12 37
1143 17 12 37
1276 16 12 37
2195 15 12 37
1423 1 9 37
1676 3 9 37
2083 8 4 37
3552 8 3 37
2854 6 0 37
3362 7 0 37
1770 7 1 37
2844 4 1 37
3792 5 1 37
178 2 2 37
895 3 2 37
2903 3 3 37
1640 3 4 37
3045 13 2 37
1173 13 1 37
600 1 6 38
1876 0 6 38
2645 7 3 38
2030 4 9 38
3159 4 8 38
3301 4 7 38
1501 6 8 38
4032 6 18 38
2606 5 16 38
1818 19 16 38
3787 18 16 38
909 16 16 38
2925 17 18 38
3448 5 18 38
3636 0 5 38
452 1 5 38
2267 7 2 38
3518 6 7 38
3581 17 16 38
622 0 7 39
1658 1 7 39
2773 6 2 39
469 5 4 39
217 4 6 39
2818 6 6 39
175 0 11 39
589 1 11 39
3027 0 12 39
1616 0 17 39
1894 17 19 39
4117 16 19 39
413 10 6 39
1910 10 5 39
4065 11 5 39
54 12 5 39
630 13 5 39
2857 2 11 39
2917 4 4 39
979 4 10 39
3488 5 10 39
2184 5 9 39
2891 5 8 39
3360 5 7 39
697 5 6 39
2100 5 2 39
2947 5 3 39
2950 6 3 39
3918 6 4 39
860 11 15 39
2524 15 19 39
326 3 7 40
976 3 6 40
1425 2 19 40
2342 2 18 40
2859 3 18 40
4409 4 17 40
283 6 19 40
687 0 13 40
2040 1 13 40
2632 0 15 40
701 7 6 40
4156 7 8 40
4320 5 15 40
241 13 17 40
2398 9 3 40
2589 9 2 40
78 0 14 40
851 1 12 40
3354 5 19 40
942 9 1 40
974 1 10 41
1434 2 17 41
1438 3 17 41
2087 2 16 41
1521 0 16 41
2287 1 14 41
1480 9 6 41
2694 6 7 41
3264 7 7 41
4202 9 7 41
566 9 9 41
1439 2 12 41
2964 2 13 41
4302 5 11 41
447 7 12 41
536 8 14 41
793 8 13 41
2911 9 19 41
4002 10 19 41
1365 12 19 41
2068 13 19 41
3593 3 16 41
519 3 15 41
4178 11 13 41
888 11 12 41
1958 10 12 41
837 9 8 41
3237 11 19 41
988 0 8 42
4301 0 19 42
3613 6 10 42
3574 5 12 42
2508 4 13 42
3745 7 19 42
3090 18 19 42
338 10 14 42
897 10 15 42
618 8 15 42
1609 9 18 42
1903 12 17 42
3337 19 11 42
2495 19 7 42
225 18 11 42
4158 0 18 42
748 1 19 42
1313 1 18 42
1777 1 17 42
2323 1 16 42
159 1 15 42
3495 11 15 42
1920 19 19 42
676 12 3 42
3510 0 0 43
3609 0 1 43
1575 2 2 43
1953 0 10 43
3119 0 9 43
3739 0 4 43
4245 4 11 43
4308 4 12 43
1948 4 18 43
2583 8 19 43
3653 8 18 43
3907 19 18 43
693 19 17 43
1962 9 17 43
3924 11 17 43
1046 15 18 43
3086 18 10 43
2478 15 9 43
4165 14 3 43
276 19 10 43
188 7 18 43
49 7 17 43
4388 2 11 43
233 3 11 43
287 3 12 43
574 3 13 43
1117 1 9 43
3981 1 8 43
444 0 2 43
4325 1 2 43
67 15 19 43
763 14 19 43
997 18 18 43
2883 18 17 43
2168 13 3 43
2446 13 2 43
2612 13 1 43
2721 4 0 44
2922 4 1 44
3131 9 10 44
3845 9 11 44
1605 11 18 44
1896 12 18 44
3175 19 15 44
336 16 15 44
213 17 16 44
3863 17 13 44
625 15 16 44
2158 12 15 44
2302 12 14 44
4139 13 14 44
313 10 11 44
572 11 11 44
1081 12 11 44
1017 18 9 44
1183 19 6 44
954 13 9 44
1937 10 1 44
1951 11 1 44
3034 18 6 44
3370 19 9 44
3174 19 8 44
4367 18 8 44
696 17 15 44
467 18 15 44
819 7 2 44
1151 7 1 44
879 10 18 44
2953 10 17 44
1756 17 17 44
3477 13 18 44
3537 14 18 44
4022 3 9 45
3695 2 3 45
3838 3 3 45
4229 7 4 45
2166 3 15 45
2672 6 9 45
279 7 10 45
2032 7 11 45
1677 10 12 45
1124 17 14 45
2086 16 14 45
3081 13 15 45
1162 10 9 45
3738 12 13 45
104 10 10 45
406 18 14 45
716 18 13 45
3903 18 12 45
4080 17 12 45
3461 2 15 45
3894 2 14 45
3200 3 14 45
18 6 11 45
671 6 12 45
611 7 9 45
3467 3 8 45
2344 8 3 45
2647 8 4 45
720 16 18 45
2615 16 17 45
2954 15 17 45
3614 14 17 45
1758 9 1 45
1576 9 0 45
1628 10 0 45
866 11 0 45
2031 2 8 46
2382 3 19 46
3094 4 19 46
186 11 12 46
2290 11 13 46
4318 10 13 46
1833 7 13 46
3945 15 14 46
2471 13 13 46
1188 11 9 46
3678 13 11 46
4085 12 12 46
1564 17 10 46
3773 16 10 46
3210 17 8 46
3925 17 9 46
1350 16 9 46
158 13 12 46
274 15 15 46
46 3 16 46
2360 4 16 46
3698 4 15 46
4148 4 14 46
1902 5 19 46
2828 5 18 46
117 11 10 46
4432 12 9 46
822 12 10 46
282 13 10 46
2690 2 0 47
3530 1 0 47
1624 7 1 47
2072 3 2 47
2418 4 2 47
3877 15 10 47
4358 16 13 47
294 10 8 47
986 11 8 47
2488 12 8 47
2989 13 8 47
3643 17 7 47
350 10 7 47
1294 18 11 47
1997 17 11 47
2927 16 11 47
620 15 11 47
4181 16 12 47
4236 15 12 47
4293 6 13 47
4334 5 13 47
1306 3 0 48
4154 3 1 48
3474 0 2 48
3659 0 6 48
3779 1 6 48
1754 2 7 48
3715 15 8 48
3898 13 7 48
958 11 2 48
1009 11 7 48
3847 12 7 48
1472 13 5 48
207 11 5 48
1819 18 8 48
3193 18 7 48
3342 18 6 48
4184 17 6 48
184 16 8 48
318 16 7 48
683 16 6 48
1222 15 6 48
512 8 17 48
675 7 17 48
144 0 5 48
2312 1 5 48
1845 0 3 48
4041 2 1 48
3041 1 1 48
3287 1 2 48
1269 1 3 48
1861 1 4 48
4155 2 4 48
2463 3 4 48
214 0 7 49
1310 1 7 49
2808 8 1 49
2853 8 0 49
2944 7 0 49
3633 6 0 49
1622 2 6 49
3758 5 2 49
4372 5 3 49
1323 7 2 49
1690 7 3 49
3548 19 5 49
1321 15 5 49
1072 16 3 49
2742 2 5 49
2261 4 3 49
2238 5 0 49
3239 5 1 49
3905 6 1 49
4292 6 2 49
2316 6 3 49
3936 3 8 50
4138 3 7 50
1979 5 4 50
2596 2 19 50
2763 1 19 50
4097 3 18 50
4 4 16 50
337 4 15 50
2387 16 5 50
3450 19 4 50
2584 19 2 50
690 19 1 50
963 19 0 50
1239 18 0 50
68 17 0 50
1300 16 0 50
238 19 3 50
2456 6 4 50
3452 2 9 51
471 5 10 51
3835 4 8 51
1149 4 6 51
2496 1 12 51
2683 1 13 51
3676 0 13 51
51 6 6 51
1329 2 18 51
1612 2 17 51
3606 2 16 51
968 6 19 51
3776 5 19 51
4339 5 18 51
232 14 5 51
1765 14 4 51
1822 10 2 51
3005 11 6 51
4385 14 1 51
1805 13 2 51
1971 13 3 51
1764 3 16 51
2326 3 17 51
347 4 17 51
1164 5 17 51
1181 6 17 51
2080 6 16 51
124 3 6 51
2293 3 5 51
2537 4 7 51
2250 0 8 52
3479 0 19 52
3766 0 18 52
4134 0 12 52
3187 9 4 52
3562 9 5 52
887 0 16 52
1172 0 15 52
1840 0 14 52
3834 2 15 52
1400 7 6 52
2049 6 8 52
2361 7 8 52
3503 5 13 52
304 10 0 52
4164 11 0 52
389 13 1 52
1130 1 18 52
50 0 11 52
2053 1 11 52
1419 6 15 52
261 5 15 52
591 7 9 52
3206 1 8 52
565 8 2 52
1442 8 3 52
239 8 4 52
2559 0 0 53
155 9 6 53
2708 9 7 53
4123 9 8 53
1455 6 7 53
2864 6 10 53
1324 17 19 53
1880 16 19 53
3140 15 19 53
4045 14 19 53
3539 11 14 53
3559 11 15 53
4149 19 14 53
204 19 12 53
2315 13 17 53
2182 15 13 53
1344 9 0 53
1794 9 1 53
3373 17 5 53
2263 18 3 53
44 15 7 53
2543 18 5 53
3800 18 4 53
1333 15 3 53
2475 15 4 53
307 16 4 53
2587 17 4 53
3883 17 3 53
977 17 2 53
634 9 2 53
3590 9 3 53
1399 10 3 53
769 16 7 53
2753 16 6 53
3310 15 6 53
3802 19 13 53
2646 0 17 53
649 1 17 53
1396 1 16 53
2141 1 15 53
2152 1 14 53
226 7 7 53
4316 0 1 53
2431 16 18 53
1743 0 10 54
3670 2 1 54
1802 0 3 54
575 4 0 54
2893 5 0 54
3447 4 1 54
1406 3 11 54
4269 4 11 54
947 2 13 54
4362 5 12 54
1879 9 9 54
4106 9 10 54
689 10 7 54
3469 10 6 54
647 14 2 54
973 10 5 54
1220 10 4 54
3702 11 4 54
141 2 14 54
428 2 11 54
2405 2 12 54
1928 5 11 54
1428 6 11 54
134 9 11 54
1121 0 4 54
1557 2 2 54
387 0 9 54
266 5 1 54
76 6 1 54
3095 6 2 54
3557 6 3 54
1223 4 10 55
1264 4 12 55
1610 4 13 55
2786 7 12 55
1753 8 13 55
3531 8 14 55
1558 7 19 55
2214 7 18 55
2458 7 17 55
4166 11 18 55
2826 19 15 55
830 17 1 55
3129 13 4 55
2464 3 12 55
3252 3 13 55
4239 3 14 55
2580 6 12 55
481 6 18 56
898 5 15 56
3803 6 13 56
474 8 19 56
1014 8 18 56
4414 19 19 56
834 12 18 56
926 18 15 56
3168 18 14 56
4163 16 1 56
160 3 19 56
631 4 19 56
765 4 18 56
1927 2 8 56
1007 1 8 56
2208 1 9 56
3156 1 10 56
489 18 19 56
1907 2 0 57
2284 2 2 57
3478 1 4 57
1385 3 3 57
3259 6 17 57
3853 11 12 57
168 9 19 57
2176 11 19 57
1679 17 15 57
2139 16 15 57
2171 15 15 57
3451 19 1 57
4286 18 1 57
370 19 0 57
583 18 0 57
450 17 0 57
1505 16 0 57
480 18 2 57
1952 17 2 57
3046 16 2 57
3377 15 2 57
3919 15 1 57
458 15 0 57
513 14 0 57
831 13 0 57
64 11 13 57
1317 1 0 57
3307 10 19 57
518 10 18 57
2966 7 1 58
3872 6 1 58
4352 6 2 58
2778 7 4 58
3250 3 17 58
3760 4 17 58
106 7 13 58
706 10 13 58
2716 10 14 58
2960 9 17 58
1491 18 18 58
4204 17 16 58
3820 17 13 58
1639 13 13 58
509 13 11 58
1426 15 11 58
269 13 10 58
964 18 13 58
1418 18 12 58
2427 17 12 58
810 16 13 58
1233 16 12 58
3299 15 12 58
1320 13 12 58
2140 3 16 58
2627 3 15 58
586 5 17 58
3703 8 17 58
4039 10 15 58
4029 6 9 58
1377 3 0 58
1114 3 1 58
1512 3 2 58
236 19 18 58
366 12 19 58
2096 13 19 58
2164 13 18 58
1360 0 7 59
1908 0 1 59
2023 0 2 59
3223 6 0 59
845 6 3 59
1171 6 4 59
2233 7 9 59
1278 8 15 59
1444 15 16 59
3586 12 15 59
3830 17 11 59
773 17 9 59
2280 15 10 59
195 16 11 59
2992 12 14 59
484 13 14 59
4347 6 12 59
4402 6 11 59
2633 1 1 59
3876 1 2 59
1308 1 3 59
1345 7 0 59
2107 8 0 59
2227 8 1 59
71 2 10 60
242 3 10 60
792 3 9 60
3879 2 8 60
451 0 6 60
3289 4 7 60
433 7 10 60
4092 7 11 60
535 9 18 60
2769 11 17 60
2101 19 16 60
2801 18 11 60
2912 17 10 60
994 19 11 60
2942 16 10 60
1466 0 5 60
3 1 10 60
1061 10 18 60
1430 10 17 60
1772 12 17 60
1325 19 17 60
1 18 16 60
2005 18 17 60
1621 2 9 61
2750 2 7 61
2246 4 3 61
3446 3 8 61
45 4 18 61
731 4 19 61
3668 1 5 61
3994 5 1 61
2445 8 2 61
4299 16 18 61
1493 14 18 61
2062 16 16 61
1946 17 8 61
4278 10 11 61
1207 12 11 61
357 15 8 61
3893 14 7 61
1712 10 10 61
378 11 11 61
2132 11 10 61
1145 3 18 61
1238 3 19 61
2396 2 19 61
194 3 7 61
118 17 18 61
176 17 17 61
2157 16 17 61
1066 15 18 61
2397 15 17 61
2590 14 17 61
2193 10 8 61
1037 0 9 62
3109 0 8 62
4241 5 10 62
946 3 6 62
1906 7 2 62
2618 1 19 62
2727 1 18 62
2 3 15 62
2459 4 15 62
2805 3 16 62
3617 19 10 62
102 19 8 62
445 19 7 62
1468 17 7 62
2231 19 5 62
2428 18 5 62
2835 16 5 62
3397 11 8 62
4285 12 8 62
412 19 9 62
501 18 10 62
2012 18 9 62
3484 18 8 62
3751 18 7 62
4260 11 7 62
2008 12 7 62
35 4 16 62
3066 5 16 62
4025 6 16 62
297 6 15 62
417 7 3 62
1752 8 3 62
3769 0 0 63
3304 0 19 63
2775 0 12 63
3256 8 4 63
1862 15 9 63
2210 19 6 63
3468 18 6 63
4357 17 6 63
654 19 3 63
741 19 4 63
1857 16 4 63
2969 12 6 63
3026 14 3 63
60 18 4 63
253 17 4 63
2973 15 5 63
2974 15 4 63
951 16 9 63
1110 16 8 63
2487 16 7 63
2905 16 6 63
3300 15 6 63
352 0 18 63
2093 0 11 63
190 5 9 63
1475 0 10 64
1989 1 10 64
3372 2 1 64
2127 4 6 64
1697 9 4 64
1728 9 5 64
1497 9 7 64
3279 9 8 64
1202 0 17 64
775 1 11 64
987 2 11 64
1107 1 12 64
1381 2 12 64
2440 12 10 64
3498 13 10 64
2334 11 5 64
1461 10 3 64
1709 11 3 64
1073 19 2 64
2670 18 2 64
1831 10 5 64
2581 10 4 64
3077 11 4 64
914 12 9 64
1087 13 9 64
464 10 12 64
814 9 6 64
960 1 9 64
73 1 8 64
2206 1 7 64
2522 1 6 64
3986 2 6 64
805 2 5 64
3146 3 5 64
181 0 4 65
185 3 1 65
959 3 2 65
2730 4 10 65
3112 3 19 65
3567 1 17 65
3480 6 5 65
1215 0 16 65
1883 0 15 65
3158 1 15 65
1571 1 13 65
2664 6 9 65
2894 6 10 65
923 4 12 65
1523 4 13 65
1592 15 14 65
2774 11 2 65
3481 17 14 65
825 16 14 65
714 16 13 65
114 0 13 65
1340 0 14 65
1533 1 14 65
196 1 16 65
597 3 18 65
1654 2 19 65
2325 2 18 65
3696 2 17 65
3719 2 16 65
3608 2 15 65
3843 2 14 65
5 3 12 65
1152 4 9 65
1878 4 8 65
3219 5 8 65
4068 5 7 65
3535 3 0 66
4370 7 6 66
1245 6 8 66
3149 7 8 66
3772 6 19 66
404 5 15 66
2602 5 13 66
864 7 12 66
2759 8 14 66
1175 13 18 66
1298 16 19 66
1228 18 19 66
2876 5 19 66
1155 7 5 66
4252 8 5 66
3386 8 6 66
1655 17 19 66
3139 17 18 66
1670 2 0 67
2840 2 2 67
3134 0 3 67
552 9 12 67
708 19 19 67
857 19 18 67
580 10 15 67
1395 19 14 67
2483 11 6 67
3220 14 5 67
3999 14 4 67
4034 16 3 67
1299 9 3 67
2848 9 2 67
1909 15 0 67
1561 17 3 67
456 17 2 67
1331 15 5 67
2567 15 4 67
3273 15 3 67
354 10 2 67
1617 14 6 67
1165 11 7 67
1581 12 7 67
2675 1 0 67
3166 19 17 67
446 2 3 68
1166 3 3 68
2247 8 0 68
2719 7 0 68
3424 5 0 68
627 5 17 68
499 7 19 68
90 7 17 68
2335 10 12 68
3626 11 18 68
2481 13 19 68
3720 18 13 68
770 16 13 68
3428 10 1 68
4078 13 2 68
234 19 13 68
3198 19 12 68
4289 18 12 68
231 17 12 68
1045 16 12 68
58 5 18 68
4000 6 18 68
3455 6 17 68
721 7 18 68
1859 8 1 68
3694 7 1 68
4366 4 0 68
3832 4 1 68
4434 4 2 68
2358 11 12 68
736 11 13 68
2097 11 14 68
2376 11 15 68
3443 14 19 68
4063 15 19 68
4110 15 18 68
100 0 1 69
576 0 2 69
2530 3 11 69
4128 4 11 69
749 5 11 69
920 16 14 69
2757 17 14 69
4375 19 15 69
531 8 19 69
1424 10 18 69
1541 10 17 69
3558 13 17 69
4279 15 13 69
1646 13 1 69
1884 11 1 69
43 15 12 69
348 3 12 69
1025 3 13 69
3383 6 11 69
663 8 18 69
3716 8 17 69
758 6 0 69
1528 18 14 69
83 2 8 70
1700 1 8 70
3749 0 7 70
2216 6 4 70
658 5 2 70
1196 17 0 70
2698 16 0 70
3368 17 1 70
1378 15 2 70
1158 9 1 70
2146 9 0 70
3571 10 0 70
4228 11 0 70
1026 7 9 70
1972 8 3 70
2301 9 19 70
4094 10 19 70
16 11 19 70
1783 12 19 70
3713 12 18 70
212 12 17 70
81 5 4 71
400 5 3 71
940 2 17 71
1109 8 15 71
3008 18 17 71
3589 18 16 71
2415 15 16 71
624 12 15 71
1721 19 0 71
2601 12 5 71
1776 18 0 71
1791 18 1 71
2726 19 1 71
1280 19 2 71
669 17 5 71
3067 12 4 71
3070 17 11 71
2649 16 11 71
2288 12 14 71
2128 18 15 71
123 2 16 71
996 2 15 71
1076 0 8 72
1169 0 9 72
1877 1 9 72
2799 2 9 72
4359 0 5 72
88 1 7 72
2451 3 7 72
3114 5 10 72
3405 5 9 72
1135 2 13 72
1033 7 13 72
2644 13 14 72
875 16 10 72
2777 18 4 72
3314 18 3 72
271 18 2 72
1691 17 4 72
3012 17 3 72
3656 17 2 72
1001 16 2 72
1917 16 1 72
3578 15 1 72
2962 14 1 72
403 13 15 72
798 3 13 72
3171 5 12 72
216 0 6 72
1016 2 7 72
619 0 0 73
3376 4 9 73
559 3 6 73
2363 6 1 73
2310 6 3 73
3323 9 9 73
3987 9 10 73
1990 6 12 73
3473 6 13 73
2161 8 17 73
3427 10 13 73
3460 10 14 73
3747 18 7 73
3930 18 8 73
4311 15 10 73
2586 15 7 73
3414 9 17 73
75 9 11 73
723 5 8 73
250 1 0 73
3691 6 2 73
1053 11 13 73
2631 11 14 73
443 11 15 73
1723 2 1 74
1275 0 10 74
3234 1 10 74
3679 2 10 74
549 5 1 74
827 2 6 74
3009 0 19 74
4176 1 19 74
37 4 19 74
379 5 19 74
1292 4 18 74
3343 5 18 74
120 16 17 74
1161 15 17 74
4091 10 10 74
1246 10 8 74
1271 10 7 74
1901 11 7 74
4046 10 6 74
504 10 5 74
2034 10 4 74
2051 11 4 74
2099 12 4 74
53 12 7 74
2978 10 9 74
505 11 10 74
1416 11 9 74
2328 12 9 74
3033 13 9 74
219 18 18 74
3345 0 18 74
56 6 18 74
292 6 17 74
3870 1 6 74
333 1 5 74
934 2 5 74
1593 3 5 74
918 0 4 75
2230 4 10 75
883 3 1 75
3699 3 2 75
1888 8 1 75
2421 8 2 75
1272 5 5 75
1904 5 7 75
3249 0 11 75
3972 0 12 75
503 2 19 75
2930 3 19 75
3181 7 9 75
1459 17 13 75
3607 17 12 75
1769 0 13 75
2555 6 11 75
1730 3 10 75
9 3 9 75
4258 3 8 75
1661 4 8 75
2055 4 7 75
2444 3 0 76
2958 4 0 76
2402 8 3 76
2959 8 4 76
4119 9 4 76
59 9 6 76
4226 7 6 76
4350 2 18 76
382 4 17 76
1060 2 15 76
2933 0 14 76
3816 1 14 76
215 4 15 76
2498 7 10 76
1279 15 18 76
1517 16 18 76
1924 19 10 76
2067 16 12 76
3056 15 12 76
280 13 12 76
2145 15 2 76
3409 14 2 76
290 18 10 76
3037 13 13 76
3335 17 18 76
4055 17 17 76
2188 2 14 76
856 3 18 76
3253 3 17 76
4401 7 11 76
623 4 1 76
907 4 2 76
3177 9 5 76
3255 2 0 77
210 0 3 77
2039 4 3 77
416 6 5 77
592 7 7 77
1950 9 7 77
3984 9 8 77
1996 6 19 77
19 3 15 77
3436 15 19 77
4059 16 16 77
4030 18 9 77
2527 15 9 77
4378 13 11 77
1097 15 3 77
4428 15 4 77
4087 15 5 77
1267 19 9 77
2507 19 8 77
1477 19 7 77
2124 19 6 77
2888 18 6 77
919 16 11 77
1008 15 11 77
1663 17 16 77
1168 6 18 77
2622 1 0 77
1627 14 19 77
95 11 8 77
322 2 2 78
401 2 3 78
640 3 3 78
728 8 0 78
3243 0 18 78
4365 0 17 78
496 0 15 78
3580 5 15 78
1404 9 12 78
1411 17 12 78
641 9 19 78
4291 10 19 78
1503 10 15 78
3269 10 11 78
1100 16 9 78
390 17 7 78
2499 17 6 78
3388 19 5 78
1629 19 4 78
1755 19 3 78
440 19 2 78
1021 18 2 78
2926 18 5 78
543 17 5 78
2131 17 9 78
165 17 8 78
1071 18 12 78
1847 19 12 78
2807 19 13 78
660 0 16 78
1197 1 18 78
2995 1 15 78
1457 5 0 78
1780 6 0 78
2299 7 0 78
3920 7 1 78
2923 7 2 78
4314 7 3 78
1494 11 15 78
153 11 19 78
3978 12 19 78
3837 0 1 79
131 7 8 79
392 0 13 79
399 1 13 79
2892 1 12 79
3750 2 12 79
4379 4 11 79
4018 5 17 79
4424 7 12 79
2061 5 12 79
2616 19 14 79
1409 12 18 79
1603 11 11 79
2002 11 10 79
2200 15 8 79
2436 13 8 79
3052 16 5 79
1814 12 6 79
3569 11 6 79
937 10 5 79
2205 10 4 79
2304 14 3 79
2599 13 3 79
1798 16 8 79
139 16 7 79
1039 16 6 79
2308 15 6 79
956 12 8 79
1763 12 7 79
3167 13 7 79
408 11 9 79
546 1 11 79
3899 2 11 79
3969 3 11 79
1892 6 17 79
867 0 2 79
26 1 1 79
2695 1 2 79
3051 1 3 79
945 1 4 79
3690 2 4 79
2317 11 5 79
615 0 7 80
865 0 6 80
3544 1 6 80
4438 1 8 80
2109 3 12 80
2541 4 12 80
2937 3 13 80
560 7 19 80
2311 7 18 80
28 9 13 80
617 7 15 80
2568 11 17 80
2603 12 17 80
3072 19 15 80
4183 18 15 80
742 16 14 80
806 16 4 80
746 17 4 80
3632 13 6 80
1866 11 4 80
2932 15 5 80
783 13 5 80
369 18 14 80
1240 17 13 80
1672 17 14 80
2604 3 14 80
3522 5 13 80
470 4 13 80
3901 4 14 80
321 5 14 80
796 5 11 80
526 2 7 80
463 2 8 81
829 3 8 81
950 5 3 81
1194 5 4 81
1650 1 16 81
3967 3 17 81
2626 8 19 81
3099 8 15 81
3693 18 18 81
548 19 17 81
3470 19 16 81
4332 18 16 81
1363 13 18 81
1737 15 14 81
2717 12 14 81
4005 12 13 81
896 13 10 81
1004 16 3 81
3138 11 3 81
492 17 3 81
626 12 12 81
1250 12 11 81
2747 12 10 81
487 12 9 81
847 13 9 81
1483 13 13 81
2406 18 17 81
570 16 19 81
1824 8 18 81
1955 1 17 81
2036 6 14 81
2252 7 14 81
3006 4 2 82
3019 6 4 82
3365 19 18 82
3001 19 19 82
4170 18 19 82
4168 10 12 82
506 19 11 82
1020 19 2 82
1286 18 2 82
1509 19 1 82
2408 18 1 82
4016 16 2 82
4215 9 3 82
1858 9 1 82
3097 9 0 82
3977 10 0 82
1942 16 0 82
211 9 2 82
462 10 3 82
2636 10 2 82
2941 18 10 82
3003 18 11 82
3669 17 11 82
4230 17 19 82
25 17 18 82
836 17 17 82
1665 17 16 82
698 11 12 82
1596 0 0 83
2386 0 8 83
2547 0 9 83
3762 1 9 83
981 0 5 83
4020 12 19 83
774 11 19 83
1000 11 18 83
4187 10 18 83
4290 13 17 83
340 15 16 83
604 16 11 83
593 15 0 83
1486 11 0 83
1354 15 11 83
1651 10 17 83
1643 1 5 83
2553 2 1 84
2613 5 10 84
2916 5 9 84
1398 1 7 84
1452 2 7 84
220 3 6 84
2652 6 0 84
3292 7 0 84
3791 6 1 84
1261 13 19 84
2425 11 2 84
2680 13 1 84
448 11 1 84
555 12 15 84
614 3 7 84
2352 5 8 84
817 7 1 84
3487 14 19 84
3491 14 18 84
1531 14 17 84
670 0 10 85
1088 1 10 85
1669 2 10 85
3115 3 10 85
3996 4 10 85
4182 0 4 85
930 6 3 85
1013 2 13 85
1784 2 14 85
1916 9 9 85
2772 9 10 85
3674 9 11 85
1370 19 12 85
1443 18 12 85
1432 18 14 85
3061 19 0 85
3150 18 0 85
2531 17 0 85
138 19 13 85
1254 18 13 85
3313 3 14 85
4412 2 9 85
632 3 9 85
1687 4 9 85
2554 4 8 85
2136 4 7 85
653 3 0 86
1653 4 0 86
3708 5 0 86
3897 3 2 86
910 0 19 86
2607 7 11 86
3516 7 13 86
3868 5 13 86
4288 4 13 86
3201 13 15 86
3369 13 13 86
1492 17 5 86
2875 18 5 86
1098 19 3 86
4247 19 4 86
656 18 4 86
1572 18 3 86
1582 17 3 86
2812 17 2 86
3583 17 1 86
74 16 1 86
685 15 1 86
882 14 1 86
901 14 0 86
1146 13 0 86
850 13 14 86
2159 4 14 86
267 5 14 86
750 1 19 86
2494 2 6 86
3685 2 5 86
3950 3 5 86
635 3 1 86
803 4 1 86
1224 5 1 86
3367 5 2 86
2686 6 2 86
2707 7 2 86
436 8 3 87
541 8 4 87
877 9 4 87
1296 9 5 87
2046 1 18 87
2155 4 19 87
3330 5 19 87
3445 10 14 87
169 7 17 87
743 17 11 87
3016 13 5 87
2723 18 11 87
391 18 10 87
781 7 16 87
1973 8 18 87
2120 9 18 87
4369 9 17 87
63 8 17 87
908 8 16 87
657 2 0 87
2512 1 0 87
841 10 13 87
1283 11 13 87
1336 11 14 87
1938 11 15 87
1949 11 5 87
2820 12 5 87
855 0 2 88
1131 0 3 88
154 8 5 88
639 2 18 88
1705 6 7 88
2276 6 8 88
3550 6 9 88
3780 6 10 88
1304 9 6 88
2414 16 17 88
3040 16 15 88
3976 15 15 88
388 19 6 88
2260 18 6 88
811 18 7 88
828 19 7 88
924 19 8 88
2957 18 8 88
1219 15 11 88
717 15 17 88
209 10 10 88
2448 10 9 88
3088 11 9 88
93 12 9 88
302 13 9 88
1963 0 1 89
256 2 2 89
1788 2 3 89
2718 8 0 89
993 12 8 89
1084 11 8 89
1210 10 8 89
1123 10 6 89
1940 10 7 89
2379 11 7 89
3281 12 7 89
3683 13 7 89
1353 16 8 89
2482 17 8 89
2321 0 18 89
921 8 6 89
2441 1 1 89
3163 1 2 89
4136 1 3 89
3700 1 4 89
3943 7 1 89
705 8 1 89
2526 8 2 89
3142 3 3 90
3441 4 3 90
254 0 13 90
1598 1 13 90
3036 0 14 90
3321 1 14 90
316 2 12 90
1015 0 16 90
2961 0 17 90
4270 6 5 90
1106 8 7 90
3118 5 18 90
3525 6 19 90
651 9 7 90
1563 9 8 90
2748 5 15 90
2827 5 14 90
886 17 9 90
2269 16 7 90
2433 15 7 90
1232 16 6 90
1674 15 6 90
1024 0 15 90
3339 6 18 90
1034 0 7 91
2144 0 6 91
3734 1 6 91
3742 2 6 91
1116 1 8 91
1720 2 8 91
3688 3 8 91
3733 5 8 91
4233 5 3 91
3154 0 12 91
3221 1 12 91
3909 0 11 91
1312 2 15 91
3521 2 17 91
517 4 14 91
1662 5 17 91
1262 10 2 91
2201 10 1 91
3864 11 1 91
2349 16 16 91
2439 1 17 91
3437 1 15 91
3997 1 16 91
4405 2 16 91
3638 6 17 91
1208 5 7 91
4276 3 7 91
785 1 11 91
3346 2 11 91
335 14 14 91
1918 14 15 91
2054 17 12 91
3914 5 1 92
4309 5 5 92
1185 1 19 92
1258 2 19 92
2148 3 19 92
3825 3 17 92
4328 3 14 92
86 4 15 92
4360 3 11 92
2546 3 15 92
3815 3 16 92
1445 3 18 92
4024 4 18 92
2077 4 17 92
2793 4 16 92
3043 5 16 92
703 7 5 92
853 4 1 93
1837 4 2 93
3737 5 2 93
3272 0 0 93
4348 1 0 93
3472 0 8 93
1031 4 11 93
1366 5 11 93
2963 7 9 93
3248 7 10 93
2710 19 8 93
3236 16 18 93
3804 2 0 94
4211 3 1 94
4380 0 9 94
4418 1 9 94
1334 0 5 94
2044 1 5 94
1050 2 1 94
364 1 1 94
228 1 2 94
3953 1 3 94
1417 0 10 95
2979 1 10 95
3822 2 10 95
1120 3 10 95
1170 4 10 95
1652 0 4 95
1673 5 10 95
2899 5 9 95
3974 1 7 95
4014 2 7 95
4251 3 7 95
3332 1 4 95
4026 2 4 95
2570 18 11 95
6 3 0 96
230 4 0 96
1458 5 0 96
3196 6 0 96
3296 7 0 96
2450 16 9 96
2593 15 9 96
2834 14 9 96
2741 9 9 96
1094 0 7 96
2824 0 6 96
2485 1 6 96
3829 4 9 97
4205 3 9 97
