2359
593 0 19 1
856 1 19 1
1591 0 18 1
2297 2 19 1
2603 1 18 1
3433 0 17 1
2426 4 19 1
2508 2 17 1
431 0 15 1
3135 1 14 1
781 0 12 1
1871 3 14 1
1145 2 12 1
1528 0 10 1
909 0 0 1
1566 1 0 1
2819 0 1 1
2914 3 0 1
295 1 2 1
2488 2 2 1
1165 0 4 1
2256 0 8 1
1471 0 16 1
1787 1 17 1
1114 3 15 1
3406 0 14 1
2239 0 13 1
2096 1 12 1
3256 1 13 1
1619 2 13 1
1047 2 14 1
2325 2 18 1
353 3 19 1
2294 3 18 1
836 4 18 1
1201 5 19 1
244 5 18 1
2361 6 18 1
1277 0 11 1
2843 0 9 1
2878 0 2 1
462 0 3 1
1262 0 7 1
164 1 8 1
1251 1 1 1
1853 2 0 1
77 2 1 1
1337 3 1 1
2073 15 0 1
2464 14 1 1
1389 16 0 1
2511 15 1 1
2882 13 1 1
3016 14 2 1
1809 17 0 1
2434 16 1 1
2524 15 2 1
3368 13 2 1
66 14 3 1
157 18 0 1
2571 17 1 1
3218 16 2 1
1054 15 3 1
1580 13 3 1
2144 14 4 1
2253 19 0 1
776 18 1 1
1893 17 2 1
2035 16 3 1
3106 15 4 1
3221 13 4 1
1222 14 5 1
979 19 1 1
3405 18 2 1
2296 17 3 1
1589 16 4 1
2111 15 5 1
1131 13 5 1
2780 14 6 1
3111 19 2 1
3455 18 3 1
1590 17 4 1
1622 16 5 1
95 15 6 1
231 13 6 1
3385 14 7 1
1253 19 3 1
839 18 4 1
358 17 5 1
2164 16 6 1
2220 15 7 1
2816 13 7 1
167 14 8 1
360 19 4 1
1107 18 5 1
2481 17 6 1
1174 16 7 1
812 15 8 1
849 13 8 1
908 14 9 1
2527 19 5 1
3168 18 6 1
3254 17 7 1
3309 16 8 1
777 12 8 1
2818 13 9 1
2775 15 9 1
2916 14 10 1
1674 19 19 2
1857 18 19 2
2573 19 18 2
3136 16 19 2
2592 18 17 2
33 19 15 2
177 2 15 2
1070 3 17 2
118 19 17 2
1119 19 16 2
1978 18 18 2
1097 15 19 2
2247 14 19 2
557 14 18 2
3146 15 18 2
688 16 18 2
2155 17 19 2
1173 1 15 2
1731 1 16 2
3110 2 16 2
176 3 16 2
299 6 17 2
2867 5 17 2
2590 4 17 2
608 4 16 2
2913 1 7 2
2314 2 8 2
242 2 7 2
2171 7 19 3
2317 8 19 3
2357 7 18 3
3174 10 19 3
465 8 17 3
1986 7 15 3
765 17 18 3
855 17 17 3
1338 15 17 3
721 17 15 3
312 18 15 3
113 18 16 3
1321 17 16 3
2990 14 17 3
255 14 16 3
2636 15 16 3
1227 16 17 3
1387 16 16 3
1700 16 15 3
1892 7 14 3
2677 7 17 3
2902 7 16 3
889 8 16 3
1410 8 18 3
2018 9 19 3
2408 9 18 3
3417 10 18 3
584 11 19 3
1299 11 18 3
2132 12 18 3
612 3 8 3
1915 3 7 3
3211 4 7 3
810 0 6 4
972 1 6 4
743 3 6 4
945 1 4 4
2811 12 17 4
2910 19 14 4
3301 18 13 4
241 16 14 4
521 18 14 4
1135 17 14 4
867 17 13 4
2741 16 13 4
2169 15 15 4
565 14 15 4
2577 14 14 4
3181 15 14 4
1889 15 13 4
3424 11 17 4
209 10 17 4
1290 9 17 4
3374 9 16 4
649 10 16 4
1497 12 19 4
2263 13 19 4
155 13 18 4
1217 13 17 4
2633 19 13 4
2382 1 3 4
2107 0 5 4
2322 1 5 4
514 2 6 4
900 2 5 4
1807 3 5 4
168 4 8 4
141 5 8 4
2957 5 7 4
1078 5 6 4
3364 4 6 4
1205 4 15 5
2324 5 15 5
3431 4 14 5
3051 5 13 5
1617 3 12 5
2316 4 11 5
2605 1 10 5
1381 14 13 5
1450 11 16 5
3394 12 16 5
61 13 16 5
410 13 15 5
857 12 15 5
2899 3 11 5
1988 1 11 5
2024 2 11 5
2078 1 9 5
1275 3 13 5
1518 4 13 5
1572 4 12 5
1952 5 12 5
1074 5 14 5
636 4 5 5
1668 5 5 5
1346 5 4 5
2054 4 4 5
8 3 4 5
1876 5 16 6
3268 5 0 6
2386 4 2 6
1216 7 0 6
1862 8 0 6
2881 7 1 6
2404 19 9 6
1679 17 9 6
2251 19 11 6
1644 2 4 6
1985 4 10 6
607 9 15 6
180 19 12 6
862 11 15 6
121 10 15 6
2695 3 10 6
253 2 10 6
453 2 9 6
1928 3 9 6
444 4 9 6
505 19 10 6
98 18 9 6
2568 2 3 6
1950 3 2 6
845 3 3 6
1261 4 3 6
508 8 1 6
1718 9 0 6
3073 9 1 6
2194 10 1 6
1895 4 0 6
389 4 1 6
2484 5 1 6
2980 6 0 6
1669 6 1 6
3079 17 10 7
2615 15 10 7
1396 17 12 7
2937 6 2 7
2922 8 2 7
1133 6 4 7
2785 7 4 7
1663 9 14 7
509 7 13 7
3304 18 12 7
254 18 10 7
2844 18 11 7
3299 17 11 7
447 6 5 7
1812 7 5 7
2391 5 2 7
1355 5 3 7
1852 6 3 7
3271 7 2 7
1340 7 3 7
1028 8 3 7
802 10 0 7
1322 11 0 7
1514 11 1 7
2892 11 2 7
597 10 2 7
1860 9 13 8
2723 10 13 8
349 7 12 8
1140 5 10 8
1291 7 10 8
34 6 8 8
2212 13 14 8
2392 12 13 8
2405 9 2 8
344 9 3 8
3430 7 11 8
823 9 12 9
2418 10 14 9
3036 12 14 9
2217 12 12 9
195 10 12 9
1476 14 12 9
1610 13 10 9
3178 12 10 9
1139 6 6 9
796 8 6 9
3311 6 7 9
789 7 6 9
700 16 9 10
283 8 10 10
1688 10 10 10
873 8 8 10
1246 9 8 10
671 8 4 10
801 9 4 10
1846 10 5 10
2798 11 3 10
1394 19 8 10
2561 17 8 10
704 19 6 10
3097 15 8 10
822 17 6 10
1382 19 7 10
1242 18 8 10
3082 18 6 10
2560 18 7 10
2745 17 7 10
928 10 8 10
2444 11 8 10
512 12 8 10
532 13 8 10
736 14 8 10
2904 16 10 10
479 9 10 10
124 8 5 10
1502 9 5 10
2587 16 8 10
735 0 19 11
1282 1 19 11
2279 0 18 11
2491 2 19 11
1550 1 17 11
3398 6 19 11
2532 5 18 11
1824 14 10 11
3007 9 6 11
3326 10 6 11
3354 19 5 11
656 17 5 11
2206 19 3 11
987 19 2 11
1364 19 4 11
1475 18 5 11
1539 18 4 11
1746 17 4 11
576 15 9 11
577 14 9 11
1843 13 9 11
3093 12 9 11
948 1 18 11
1386 0 17 11
2411 6 18 11
3207 0 16 12
1777 2 17 12
179 5 19 12
3122 3 19 12
937 10 15 12
500 3 13 12
1437 4 13 12
2942 5 11 12
1875 4 12 12
1391 5 12 12
2906 2 18 12
3314 3 18 12
848 4 19 12
2743 4 18 12
1540 2 14 13
1768 12 16 13
2090 8 15 13
2287 15 12 13
2480 5 9 13
2639 13 7 13
300 12 5 13
1370 13 5 13
2043 12 4 13
2215 15 6 13
531 16 4 13
3017 15 4 13
1361 18 3 13
1788 18 2 13
94 17 2 13
2280 16 2 13
3293 17 1 13
1938 19 0 13
3306 13 3 13
442 12 1 13
2087 15 1 13
749 19 1 13
2053 18 1 13
1662 18 0 13
274 17 0 13
843 16 1 13
3348 16 0 13
3132 15 0 13
1332 12 0 13
1913 17 3 13
1400 16 3 13
427 13 4 13
363 16 12 13
942 16 11 13
2833 15 11 13
682 14 11 13
150 8 14 13
1018 8 13 13
2642 8 12 13
2679 8 11 13
1472 9 11 13
1393 10 11 13
879 2 13 13
813 12 3 13
2363 12 2 13
3103 13 2 13
3173 17 19 14
658 19 19 14
1629 0 13 14
2232 0 14 14
2848 0 15 14
3133 7 19 14
1905 9 19 14
409 7 17 14
503 10 18 14
3131 13 19 14
578 13 17 14
880 14 15 14
2254 14 14 14
3250 18 19 14
435 18 18 14
978 19 18 14
3387 19 17 14
338 19 16 14
831 18 16 14
3140 16 16 14
1801 13 16 14
2229 13 15 14
3143 12 15 14
1697 7 16 14
2872 13 18 14
1884 7 18 14
3312 8 19 14
981 4 9 15
2278 3 9 15
2371 2 9 15
3069 2 10 15
2908 0 12 15
1041 10 17 15
1728 3 14 15
1308 10 19 15
1944 11 19 15
1268 0 6 15
3034 1 6 15
2572 3 4 15
2407 5 5 15
24 15 3 15
1320 13 1 15
1357 13 0 15
997 15 2 15
73 12 19 15
404 12 18 15
1409 11 18 15
2504 11 17 15
2564 5 4 15
2782 0 5 15
466 2 11 16
192 4 16 16
2928 1 5 16
3064 5 15 16
303 4 17 16
2584 1 9 17
762 15 19 17
2063 14 19 17
3377 15 18 17
2672 2 12 17
558 2 13 17
946 16 15 17
664 16 19 17
917 16 18 17
1752 16 17 17
1878 14 18 17
2460 14 17 17
437 14 16 17
51 0 9 17
78 0 10 17
791 0 11 17
2172 1 11 17
2494 1 12 17
623 1 13 17
206 1 14 17
1613 1 15 17
219 1 16 17
392 2 16 17
860 3 16 17
2835 3 15 17
3170 4 15 17
863 4 14 17
1184 5 14 17
40 18 18 18
1770 18 17 18
2586 8 17 18
92 2 6 18
653 3 6 18
3325 2 5 18
2086 5 0 18
2131 19 18 18
3425 19 17 18
1614 8 16 18
116 8 18 18
746 9 18 18
3274 9 17 18
1672 9 16 18
2052 10 16 18
3257 11 16 18
3290 6 17 18
2300 1 4 18
1402 3 5 18
96 4 6 18
455 4 5 18
3345 4 4 18
67 6 0 18
2968 6 1 18
603 19 15 19
1220 18 15 19
3141 18 14 19
86 16 12 19
282 17 10 19
1836 1 3 19
998 18 10 19
59 17 14 19
963 17 13 19
1050 16 13 19
2535 19 16 19
2950 18 16 19
3384 17 16 19
2446 16 16 19
3215 15 16 19
69 0 0 20
91 1 0 20
2678 15 11 20
961 10 13 20
1023 4 0 20
2208 4 1 20
2879 4 2 20
2850 8 12 20
988 10 11 20
2740 8 10 20
478 14 11 20
926 0 3 20
347 0 19 21
1766 1 19 21
3155 2 19 21
3145 0 17 21
618 12 18 21
1634 0 2 21
2331 0 1 21
3340 2 0 21
2267 12 15 21
3175 12 14 21
657 10 14 21
3238 10 10 21
491 11 18 21
161 0 18 21
1682 3 0 21
938 5 13 22
534 8 13 22
1199 6 0 22
2594 8 0 22
2450 7 2 22
3156 5 2 22
1416 10 0 22
1200 11 2 22
3272 9 2 22
3379 16 6 22
551 16 5 22
101 15 5 22
1096 19 14 22
1652 19 13 22
992 9 13 22
2000 9 12 22
23 5 12 22
2857 11 0 22
208 11 1 22
691 5 1 22
2889 6 1 22
2823 7 0 22
425 7 1 22
171 8 1 22
2074 9 0 22
2163 16 7 22
899 1 18 23
2042 2 16 23
430 1 14 23
1083 13 15 23
3040 13 16 23
1424 19 9 23
969 12 12 23
2355 10 9 23
3203 8 9 23
770 11 8 23
1141 13 9 23
2112 13 8 23
1511 10 8 23
3015 2 14 23
3303 11 17 23
1982 12 17 23
2999 12 16 23
125 0 16 24
169 6 19 24
452 6 18 24
1628 6 17 24
2779 3 16 24
930 2 1 24
1015 3 1 24
1072 3 2 24
1603 15 12 24
3279 5 9 24
1464 7 12 24
1627 7 11 24
2646 19 11 24
1392 17 11 24
1454 8 8 24
2368 15 10 24
794 12 6 24
1751 13 6 24
294 8 11 24
2006 1 1 24
2778 1 2 24
2985 2 2 24
1138 19 10 24
1546 19 12 24
336 16 11 24
1494 16 10 24
3329 1 13 25
2996 2 17 25
1087 19 19 25
2931 18 19 25
71 3 9 25
865 4 9 25
1243 7 10 25
1904 9 3 25
3359 8 5 25
103 9 12 25
1408 10 12 25
27 1 17 25
45 1 16 25
2858 2 18 25
459 9 11 25
471 9 10 25
788 9 9 25
1172 9 8 25
3370 9 5 25
2975 19 18 25
751 19 17 25
1984 19 16 25
1586 1 11 26
2079 0 11 26
2601 1 12 26
2710 4 19 26
1742 4 17 26
2429 1 5 26
1486 6 16 26
3410 4 14 26
3412 6 8 26
364 8 1 26
2062 14 12 26
2281 14 11 26
264 12 11 26
2089 11 9 26
3188 6 15 26
2353 0 12 26
1384 0 13 26
475 0 14 26
128 0 15 26
48 1 15 26
460 2 15 26
1457 3 15 26
1760 5 19 26
1987 1 4 26
734 2 4 26
369 2 3 26
1035 3 3 26
732 4 3 26
248 5 3 26
1057 9 1 26
1758 10 1 26
2665 10 2 26
1373 3 19 27
3332 7 19 27
3441 8 19 27
3447 7 14 27
2626 7 16 27
2518 7 1 27
152 16 13 27
3392 17 13 27
2438 6 6 27
2669 7 6 27
3308 15 5 27
1059 13 5 27
2370 12 3 27
488 12 2 27
1403 13 2 27
292 12 5 27
730 12 4 27
1659 13 4 27
60 6 7 27
37 0 10 27
384 0 9 27
651 1 9 27
1510 2 9 27
232 7 15 27
573 8 14 27
588 8 15 27
2790 8 16 27
1453 7 18 27
1069 8 18 27
1863 17 12 27
3157 15 19 28
1263 16 19 28
1743 17 19 28
2310 16 18 28
380 18 16 28
1712 9 5 28
2556 11 4 28
2578 9 6 28
129 12 9 28
473 12 8 28
507 15 6 28
1478 16 3 28
964 15 7 28
2406 8 2 28
1851 14 19 28
2118 4 16 29
371 19 16 29
2349 19 17 29
396 16 17 29
748 17 18 29
1442 10 19 29
1737 12 19 29
2923 10 17 29
3331 2 12 29
10 4 12 29
737 5 12 29
2742 5 0 29
2860 14 18 29
2563 14 16 29
2204 10 6 29
1717 19 5 29
2562 19 4 29
3360 17 3 29
341 3 12 29
1870 4 15 29
257 3 17 29
249 5 1 29
1882 11 3 29
1849 10 3 29
2752 11 19 29
2167 11 18 29
2637 11 17 29
2730 12 17 29
267 12 16 29
1342 9 19 29
3011 9 18 29
3401 9 17 29
592 19 18 29
1287 18 18 29
1997 18 17 29
2754 17 17 29
632 14 17 29
3242 15 18 29
50 15 17 29
550 0 0 30
940 1 0 30
1113 1 1 30
2100 1 2 30
1936 5 3 30
2385 3 11 30
2634 17 14 30
1375 18 15 30
2333 6 5 30
1347 7 3 30
3396 17 5 30
3038 18 3 30
1327 19 1 30
1867 19 3 30
1294 19 2 30
598 18 5 30
876 18 4 30
2542 17 4 30
2008 16 5 30
70 16 4 30
1490 15 4 30
251 2 11 30
640 2 10 30
983 3 10 30
2537 2 2 30
1530 7 5 30
2716 8 3 30
1711 19 15 30
2732 0 18 31
902 4 11 31
561 19 14 31
2016 19 13 31
3061 19 12 31
1995 15 11 31
2372 16 11 31
2313 17 2 31
2755 17 1 31
2375 15 2 31
1318 18 2 31
2289 18 1 31
1238 18 0 31
2701 17 0 31
423 16 2 31
436 16 1 31
898 16 0 31
1001 15 0 31
1058 4 10 31
2056 5 10 31
851 0 19 31
711 18 14 31
986 18 13 31
2447 1 19 32
3190 2 19 32
3109 3 6 32
1592 2 4 32
2115 7 0 32
2161 10 15 32
2523 16 15 32
280 13 14 32
136 0 5 32
1230 0 6 32
21 4 6 32
641 6 0 32
383 0 17 33
806 1 17 33
1203 1 16 33
1692 3 0 33
2275 4 0 33
3139 4 1 33
3196 5 1 33
1601 8 0 33
1914 9 0 33
1965 9 1 33
1902 8 6 33
99 19 8 33
1420 18 8 33
1565 19 7 33
1750 18 7 33
1185 6 1 33
1755 10 1 33
2341 10 2 33
3070 10 3 33
840 9 13 33
178 10 13 33
884 1 18 34
3083 4 18 34
2305 0 16 34
3151 0 15 34
1847 2 16 34
2106 2 14 34
2703 6 19 34
957 6 17 34
1056 0 1 34
1585 0 2 34
686 1 4 34
1805 3 12 34
2994 4 15 34
2550 7 18 34
3187 9 18 34
1855 8 16 34
1010 6 14 34
826 6 18 34
68 5 19 34
225 5 18 34
422 5 17 34
622 5 16 34
2158 5 15 34
2213 5 14 34
1439 16 10 34
191 7 17 34
817 17 15 34
1771 17 16 34
2589 16 16 34
397 15 16 34
2114 15 15 34
2496 15 14 34
1215 0 14 35
3413 1 14 35
3 0 5 35
582 0 6 35
3266 2 0 35
1733 3 1 35
80 4 2 35
1193 13 15 35
2809 4 5 35
3162 7 2 35
2698 16 12 35
2479 17 12 35
631 18 9 35
2252 17 7 35
868 1 15 35
1136 2 15 35
1695 1 6 35
1126 2 6 35
2214 2 5 35
3249 3 5 35
2477 4 3 35
3419 0 4 35
3353 0 3 35
604 1 3 35
175 3 2 35
1583 2 1 35
1887 2 2 35
1941 2 3 35
2675 3 3 35
2456 3 4 35
3126 4 4 35
548 5 4 35
286 5 2 35
1118 6 2 35
1714 6 3 35
634 6 4 35
1163 7 4 35
3054 18 12 35
1827 13 16 35
2711 15 12 35
1844 0 13 36
3121 12 15 36
1017 7 12 36
3191 7 11 36
197 10 11 36
366 5 10 36
2487 19 9 36
1977 19 11 36
14 8 10 36
97 17 8 36
3026 5 9 36
440 8 12 36
1048 8 11 36
1305 9 11 36
2082 19 10 36
523 2 17 37
973 7 19 37
2869 11 0 37
2963 10 0 37
1060 10 14 37
3349 12 14 37
2829 17 11 37
1029 9 10 37
2084 9 9 37
811 19 7 37
718 16 8 37
547 19 6 37
3193 18 7 37
3404 18 6 37
256 18 5 37
984 18 4 37
2153 17 4 37
846 16 4 37
1709 15 4 37
1727 16 7 37
2614 2 18 37
1147 3 19 37
2651 3 18 37
2748 18 11 37
3112 18 10 37
2210 10 13 37
200 1 9 38
1151 2 9 38
1547 0 9 38
1923 0 10 38
2618 0 11 38
2696 4 10 38
2604 9 19 38
2388 13 19 38
2961 13 18 38
1488 12 17 38
3127 10 18 38
85 14 19 38
1764 15 19 38
1658 11 1 38
2440 11 2 38
456 9 2 38
3408 8 9 38
122 8 2 38
127 8 3 38
687 10 1 38
2558 10 2 38
989 0 12 38
1438 8 19 38
2856 8 18 38
2028 13 11 38
245 4 16 39
2948 15 18 39
1157 13 17 39
2036 13 16 39
544 5 11 39
258 12 13 39
1991 11 3 39
3365 10 10 39
1657 9 8 39
1912 11 8 39
2687 13 4 39
402 13 2 39
874 19 0 39
2534 18 0 39
3033 17 0 39
767 13 3 39
57 12 16 39
133 10 9 39
49 10 8 39
1706 10 3 39
1003 16 18 40
1404 16 19 40
3236 17 19 40
1493 19 19 40
2165 3 19 40
1720 8 8 40
1295 16 10 40
1796 15 10 40
1413 13 8 40
1533 13 9 40
2105 12 2 40
3062 12 1 40
2545 12 0 40
2470 13 0 40
311 18 19 40
3002 19 18 41
1953 4 19 41
2658 5 19 41
3029 0 0 41
3328 2 1 41
1244 2 13 41
2972 7 14 41
438 14 15 41
2457 14 14 41
1911 12 4 41
2738 13 7 41
675 1 13 41
712 5 18 41
309 2 2 41
766 1 0 41
2813 1 1 41
3237 1 2 41
1055 1 3 41
1405 2 3 41
62 12 5 41
1465 8 14 41
627 0 18 42
1388 0 19 42
1800 1 19 42
2728 2 19 42
1579 4 17 42
1937 19 15 42
2354 19 16 42
64 18 18 42
1144 7 16 42
1448 10 17 42
1489 16 17 42
1903 12 19 42
586 16 14 42
3369 10 4 42
3158 9 6 42
1888 2 18 42
1910 3 18 42
2789 3 17 42
139 5 5 42
1713 11 4 42
65 19 17 42
288 17 18 42
637 17 17 42
1125 18 17 42
525 18 16 42
752 7 17 42
624 8 17 42
1584 9 17 42
1046 7 15 42
140 12 18 42
1974 10 19 42
3282 11 19 42
690 11 18 42
832 11 17 42
2946 3 16 43
2130 5 2 43
666 2 12 43
559 1 10 43
780 1 6 43
2020 3 3 43
1202 14 13 43
3442 19 13 43
1081 13 10 43
3341 14 10 43
1789 15 7 43
2896 15 4 43
2451 3 0 43
2060 13 13 43
925 13 12 43
1520 12 12 43
665 15 8 43
1359 19 12 43
1285 19 14 43
2241 14 18 44
3248 14 17 44
3222 5 13 44
17 6 16 44
1063 6 15 44
1933 3 11 44
235 5 0 44
399 6 0 44
1390 16 11 44
2381 15 11 44
594 8 0 44
2071 9 0 44
1881 4 3 44
2512 5 3 44
747 8 3 44
494 15 3 44
1061 15 2 44
2121 15 1 44
15 7 10 44
3275 4 11 44
1643 15 17 44
1647 0 17 45
2830 1 17 45
2884 1 18 45
476 2 15 45
892 3 17 45
1068 0 14 45
2137 14 16 45
1802 16 16 45
1626 2 6 45
3210 4 6 45
1053 8 15 45
2666 10 16 45
1823 8 4 45
2 7 6 45
1734 6 6 45
433 3 15 45
143 3 6 45
5 15 16 45
2827 15 15 45
3060 15 14 45
217 0 16 46
841 0 15 46
2168 0 4 46
1101 0 6 46
2474 4 14 46
2622 4 0 46
774 17 14 46
958 18 16 46
3022 10 13 46
1250 7 9 46
1729 8 11 46
2662 9 11 46
1605 8 6 46
2528 11 5 46
421 6 7 46
1487 19 8 46
2940 17 8 46
3005 16 5 46
1422 15 6 46
2243 18 8 46
2719 18 7 46
2799 15 5 46
724 11 6 46
379 3 5 46
1362 0 5 46
2886 1 5 46
38 2 5 46
2993 0 3 46
1235 17 16 46
301 17 15 46
3028 18 15 46
3105 18 14 46
825 2 17 47
1273 0 13 47
2726 3 0 47
1561 7 19 47
2198 8 19 47
2327 8 18 47
2988 3 14 47
1224 11 0 47
290 9 1 47
864 8 14 47
959 8 12 47
2261 19 6 47
944 19 4 47
134 19 3 47
1005 19 2 47
1625 18 2 47
3443 18 1 47
520 18 0 47
1167 17 0 47
616 19 5 47
1380 3 13 47
2661 4 13 47
246 2 0 47
950 10 0 47
1973 10 1 47
2350 10 2 47
1336 10 3 47
451 9 3 47
378 9 4 47
2909 8 17 47
16 9 17 47
317 9 16 47
428 6 19 48
1943 0 12 48
2237 0 11 48
3350 0 10 48
329 2 2 48
3445 3 2 48
542 7 0 48
625 7 11 48
1297 7 12 48
3004 5 12 48
1942 3 10 48
2195 10 14 48
2150 12 14 48
75 15 13 48
3267 14 11 48
506 0 9 48
1310 1 9 48
569 2 14 48
18 2 16 48
1681 1 16 48
1745 1 15 48
2190 1 14 48
2360 1 13 48
1398 1 12 48
1815 1 11 48
1225 2 11 48
1412 15 12 48
1611 14 12 48
2660 7 13 48
211 8 13 48
407 16 13 48
2064 17 13 48
1480 6 18 49
1705 4 16 49
2330 4 2 49
2276 8 2 49
2771 12 15 49
553 5 10 49
918 10 15 49
112 6 6 49
2691 7 4 49
2808 19 9 49
2761 10 11 49
2493 13 6 49
419 8 1 49
184 9 15 49
1293 9 14 49
2159 9 13 49
2797 9 12 49
805 10 12 49
56 15 14 49
1110 15 15 49
2655 16 15 49
1656 6 17 50
2821 0 1 50
126 18 19 50
1558 17 19 50
1587 16 19 50
205 7 1 50
3403 13 17 50
1212 12 16 50
2709 7 3 50
660 19 10 50
3213 16 7 50
924 19 7 50
2801 16 6 50
555 18 7 50
1921 13 16 50
2435 13 15 50
3008 13 14 50
1112 13 13 50
2271 9 19 50
3226 10 19 50
72 16 18 50
154 17 18 50
3042 0 2 51
3422 0 3 51
920 2 3 51
1640 13 19 51
214 11 19 51
490 1 5 51
2274 19 12 51
1990 13 12 51
2866 11 11 51
2888 11 10 51
2978 11 9 51
3209 13 11 51
3165 13 18 51
1571 19 11 51
1309 0 18 52
2443 0 19 52
2625 1 19 52
2704 2 19 52
1873 4 19 52
2268 5 19 52
2425 0 0 52
2595 4 13 52
2311 3 5 52
234 2 10 52
1038 12 17 52
2579 7 10 52
1254 18 6 52
768 18 4 52
1461 16 4 52
388 18 2 52
1524 17 1 52
236 18 1 52
1485 18 0 52
1799 17 0 52
42 16 3 52
1562 18 5 52
115 17 6 52
194 17 5 52
2224 17 4 52
2617 17 3 52
2046 2 9 52
2264 3 9 52
3346 8 10 52
2307 9 10 52
2075 9 9 52
2272 10 9 52
271 10 8 52
901 2 5 52
2608 7 2 52
870 12 18 52
3047 3 19 53
502 5 18 53
1417 0 8 53
3382 1 8 53
11 3 8 53
32 4 8 53
614 2 0 53
1525 2 1 53
1961 3 6 53
575 3 13 53
1664 3 12 53
4 1 0 53
289 1 1 53
1025 1 2 53
3362 1 3 53
2007 0 7 53
2246 1 7 53
1612 2 8 53
2936 2 7 53
2209 3 7 53
1218 4 7 53
1917 5 8 53
193 19 19 53
1653 2 11 54
2668 1 11 54
102 2 13 54
3245 14 18 54
2767 6 1 54
3243 18 17 54
1089 17 17 54
2981 17 16 54
1248 19 14 54
1527 4 5 54
2145 8 8 54
809 10 19 54
1007 10 18 54
285 16 8 54
469 15 8 54
798 2 14 55
951 0 17 55
1002 1 17 55
418 17 18 55
1160 18 18 55
1071 7 18 55
1523 7 17 55
2478 8 17 55
2977 6 14 55
1830 4 12 55
212 5 11 55
2133 17 13 55
2714 16 13 55
1455 18 11 55
2431 18 10 55
1690 16 10 55
3025 15 10 55
446 19 2 55
1790 19 3 55
382 18 3 55
2154 17 3 55
481 17 2 55
1466 16 2 55
2390 16 1 55
2607 16 0 55
2883 15 0 55
117 1 18 55
3323 9 17 55
2825 19 18 55
107 19 17 55
322 19 16 55
1517 19 15 55
1090 0 16 56
1377 0 15 56
1935 2 16 56
2935 0 14 56
1762 3 17 56
1994 6 16 56
3351 6 15 56
2951 0 5 56
581 14 16 56
2387 13 13 56
3031 12 8 56
3289 13 8 56
1385 12 2 56
1606 12 1 56
3439 12 0 56
703 13 0 56
2260 6 10 56
3077 6 11 56
2189 6 12 56
2465 6 13 56
237 1 16 56
2188 1 4 56
723 14 17 56
782 12 13 56
372 2 17 57
556 5 13 57
1339 5 14 57
3270 3 16 57
170 0 13 57
583 14 19 57
904 15 19 57
2039 0 7 57
461 2 7 57
2211 3 7 57
1780 3 0 57
2795 6 0 57
2591 14 14 57
2938 15 14 57
3107 14 15 57
495 1 10 57
943 1 9 57
1842 2 9 57
1501 5 7 57
3352 3 3 57
1209 9 16 57
676 16 12 57
2233 12 3 57
2871 13 3 57
1115 3 9 57
230 0 6 57
2806 1 7 57
183 1 6 57
613 2 6 57
910 2 5 57
450 4 7 57
2875 4 6 57
1744 5 6 57
1894 5 5 57
1317 7 16 57
954 7 19 58
2970 8 18 58
3366 5 0 58
1094 8 1 58
2482 8 15 58
1175 14 13 58
3099 14 12 58
1560 15 12 58
2962 15 11 58
3225 16 11 58
2900 7 15 58
1196 8 19 58
894 9 19 58
3080 10 19 58
7 5 16 59
1482 3 14 59
1960 15 17 59
890 4 0 59
445 4 2 59
1920 4 3 59
3089 6 2 59
1822 10 18 59
2751 11 1 59
2166 7 14 59
516 19 13 59
572 10 16 59
2552 11 4 59
2756 10 10 59
1169 19 0 59
713 19 1 59
2690 18 1 59
3264 18 0 59
1358 17 0 59
1204 5 15 59
2041 4 14 59
2849 15 18 59
1276 9 17 59
2681 10 17 59
756 6 19 60
2149 6 18 60
2880 0 9 60
3006 0 1 60
41 15 15 60
803 16 14 60
1129 19 16 60
1153 19 15 60
1508 8 0 60
398 11 0 60
716 7 13 60
3094 8 13 60
1219 6 3 60
1306 11 2 60
1522 11 3 60
2427 9 3 60
370 13 11 60
1189 13 10 60
2095 13 5 60
266 0 10 60
1641 0 11 60
1739 0 12 60
359 6 17 60
2068 15 16 60
374 14 10 60
2949 19 17 61
3277 19 18 61
3327 2 2 61
626 3 2 61
650 13 18 61
2708 13 17 61
1080 17 14 61
3045 18 16 61
3085 10 13 61
1576 9 0 61
79 8 5 61
2059 9 5 61
2983 9 6 61
526 10 9 61
2992 10 8 61
3206 11 8 61
1670 17 2 61
1735 15 3 61
1723 15 1 61
147 13 4 61
156 9 1 61
3276 10 0 61
2954 10 1 61
3148 10 2 61
416 10 3 61
560 19 19 61
1631 18 19 61
513 17 19 61
881 16 19 61
872 0 19 62
2473 1 19 62
3228 0 18 62
1970 5 17 62
291 0 2 62
674 0 3 62
3253 5 12 62
563 5 10 62
2329 7 0 62
2945 13 16 62
81 10 15 62
947 8 14 62
1779 10 12 62
2694 8 12 62
1255 6 13 62
2003 6 12 62
1325 6 11 62
1837 0 4 62
1559 7 12 62
2749 7 11 62
3232 8 11 62
1093 9 15 62
1425 12 3 62
683 12 4 62
807 12 5 62
2045 12 6 62
2847 16 3 62
2015 17 3 62
2141 17 4 62
1684 2 19 63
2033 3 19 63
2463 0 0 63
3452 13 19 63
1206 2 3 63
3343 3 10 63
3428 12 16 63
995 10 14 63
1105 7 5 63
1378 8 6 63
1504 6 10 63
2445 18 9 63
3092 11 5 63
3334 11 6 63
1006 19 7 63
1869 18 7 63
2472 17 7 63
2786 13 3 63
198 15 2 63
3440 16 2 63
1707 16 1 63
3342 16 0 63
144 15 0 63
1503 3 9 63
2659 9 14 63
3066 9 13 63
2367 9 12 63
2389 1 18 64
138 5 18 64
1182 4 13 64
1194 4 14 64
1538 0 8 64
1665 2 8 64
1992 2 6 64
1499 14 17 64
2713 14 18 64
833 10 19 64
3260 11 19 64
1636 19 9 64
1052 8 3 64
1210 7 8 64
2396 13 15 64
1449 6 5 64
2286 7 6 64
785 5 19 64
1051 4 19 64
1650 6 6 64
888 1 8 64
562 1 7 64
935 1 6 64
1231 19 10 64
1858 19 11 64
3171 19 12 64
545 15 18 64
2727 13 14 64
318 12 15 64
2185 12 19 64
89 2 14 65
739 2 0 65
1062 1 2 65
2266 5 8 65
2982 3 6 65
3300 3 5 65
606 6 1 65
2299 15 12 65
3333 11 12 65
74 12 14 65
368 15 8 65
1286 15 5 65
2807 15 4 65
119 13 2 65
1956 13 1 65
320 13 0 65
2030 2 5 65
1326 1 3 65
564 3 8 65
2027 4 8 65
3397 4 7 65
3159 1 0 65
6 1 1 65
1544 2 1 65
2259 3 1 65
2717 4 1 65
1673 5 1 65
2245 5 2 65
2409 7 1 65
218 15 11 65
328 16 11 65
654 2 18 66
1854 0 16 66
1661 0 12 66
3113 2 12 66
492 2 10 66
1079 12 17 66
1252 8 2 66
1491 9 2 66
2791 7 10 66
202 10 11 66
2453 11 11 66
35 11 9 66
1885 19 8 66
1929 18 8 66
2120 17 8 66
2612 16 8 66
2685 16 5 66
1443 0 17 66
2554 9 11 66
3321 7 2 66
3432 7 3 66
2410 9 1 66
185 11 10 66
19 12 18 66
1660 11 18 66
2026 6 11 67
2351 3 16 67
2495 2 17 67
2841 2 16 67
1868 0 15 67
3255 0 14 67
815 18 19 67
2293 17 19 67
411 18 17 67
2620 3 12 67
907 6 8 67
1691 6 7 67
2826 7 7 67
2941 8 10 67
1082 19 6 67
3307 19 5 67
1323 13 7 67
2540 15 7 67
2339 16 7 67
345 8 7 67
1033 6 12 67
2917 1 17 67
3202 1 16 67
485 9 10 67
226 18 18 67
2688 6 13 68
2729 6 14 68
3265 6 17 68
457 3 17 68
2332 3 13 68
3030 14 19 68
3183 15 19 68
2920 0 13 68
2965 0 7 68
260 7 18 68
1111 4 6 68
367 2 13 68
356 5 13 68
915 5 14 68
827 3 18 68
1221 5 6 68
1329 5 5 68
153 15 18 68
223 16 19 68
543 7 15 68
3269 7 16 68
149 7 17 68
203 6 16 69
941 5 16 69
1680 6 15 69
1754 5 15 69
1907 3 8 69
2513 0 6 69
2682 0 5 69
3055 0 4 69
3142 8 17 69
3283 4 12 69
1877 18 5 69
2490 18 6 69
1234 4 8 69
228 4 7 69
1793 3 7 69
2184 2 7 69
1710 1 7 69
2718 1 6 69
310 1 5 69
677 1 4 69
533 6 18 70
913 6 19 70
1954 5 19 70
1999 4 19 70
646 0 9 70
1698 0 10 70
2759 0 11 70
2744 3 0 70
221 7 19 70
434 8 19 70
975 16 17 70
1555 16 15 70
2399 15 13 70
968 3 14 70
1236 6 0 70
1621 8 18 70
9 9 19 70
1901 9 18 70
2525 9 17 70
3023 10 17 70
3380 13 14 70
1850 16 18 71
163 16 16 71
381 5 0 71
2270 19 16 71
373 15 15 71
1099 15 14 71
83 16 14 71
284 8 0 71
2526 8 1 71
2737 18 12 71
1265 13 13 71
2645 19 4 71
885 7 1 71
1155 9 1 71
1434 16 13 71
628 0 1 72
1009 19 19 72
1908 19 17 72
2907 6 3 72
2953 19 15 72
1102 11 0 72
1414 10 0 72
1841 11 2 72
424 19 12 72
2952 19 11 72
667 16 11 72
733 9 3 72
1316 13 12 72
1226 17 6 72
2674 17 5 72
3088 17 4 72
332 16 4 72
1451 16 6 72
761 15 6 72
3258 11 3 72
882 19 10 72
1190 19 14 72
109 19 18 72
518 18 18 72
773 17 18 72
106 17 17 72
1162 15 18 72
1468 15 17 72
2234 15 16 72
3091 14 16 72
2005 14 15 72
2777 14 14 72
1031 14 13 72
639 14 12 72
759 2 2 73
869 4 0 73
2912 2 11 73
352 7 17 73
1689 7 16 73
2565 7 15 73
1532 1 5 73
1632 16 10 73
1806 15 10 73
1341 17 3 73
2174 16 3 73
487 16 2 73
2011 3 11 73
196 15 11 73
279 3 18 74
611 4 18 74
2014 0 19 74
2686 0 18 74
2805 0 0 74
1683 1 6 74
2225 3 3 74
408 4 5 74
615 6 2 74
2851 8 8 74
638 13 11 74
1181 13 10 74
1949 13 9 74
2343 13 8 74
2598 13 6 74
1838 16 1 74
1415 8 7 74
2383 3 19 74
790 5 1 74
1804 4 1 74
1496 13 17 74
1677 2 19 75
1687 1 19 75
2395 0 17 75
2915 2 15 75
351 3 15 75
824 3 14 75
2567 5 14 75
2640 0 8 75
496 2 8 75
1037 0 2 75
1098 0 3 75
3115 1 3 75
3246 6 12 75
2437 13 19 75
2702 12 19 75
2298 10 18 75
2905 9 18 75
3071 9 17 75
333 8 15 75
1469 5 2 75
1926 5 3 75
1143 18 15 75
1813 18 14 75
1345 18 4 75
2031 19 4 75
3388 19 3 75
215 18 3 75
1500 18 2 75
2802 19 2 75
554 5 18 75
1365 1 8 75
939 1 7 75
441 11 1 75
1208 18 16 75
772 17 16 75
2428 17 15 75
784 17 14 75
1897 2 14 76
2218 2 13 76
429 2 0 76
891 13 18 76
2995 12 18 76
745 10 17 76
1536 9 0 76
3129 10 13 76
1073 13 5 76
1121 19 1 76
2559 18 1 76
1161 18 0 76
698 5 5 76
1043 5 6 76
731 1 0 76
2124 2 18 77
3048 0 16 77
3310 5 8 77
53 1 2 77
587 2 5 77
1495 2 3 77
3114 6 11 77
529 4 11 77
1545 4 10 77
1773 12 16 77
1685 9 4 77
3375 14 18 77
1616 9 6 77
298 1 18 77
753 3 11 77
100 5 7 77
1027 1 1 77
2772 2 1 77
316 14 17 77
1460 1 15 78
2984 0 12 78
46 2 12 78
2080 4 8 78
2684 4 7 78
2947 5 1 78
3317 6 1 78
426 7 14 78
1620 7 13 78
3086 8 13 78
76 10 9 78
764 9 7 78
1479 15 12 78
2173 15 11 78
976 11 8 78
395 7 12 78
515 7 11 78
877 8 11 78
173 4 1 78
1506 9 19 78
54 10 19 78
527 11 19 78
268 1 16 79
1557 5 17 79
3125 5 16 79
224 5 15 79
315 0 6 79
574 0 5 79
1642 0 4 79
1704 3 8 79
2101 2 10 79
919 8 18 79
1783 8 17 79
2846 10 16 79
2458 4 12 79
2862 8 2 79
1516 13 17 79
1916 12 17 79
1232 7 10 79
1311 8 4 79
331 0 15 79
44 1 17 79
82 11 13 79
1880 12 8 79
820 8 16 79
3072 9 16 79
1856 1 4 79
2750 2 4 79
2476 3 7 79
166 6 19 80
199 3 17 80
1498 4 17 80
306 12 15 80
929 3 13 80
1186 12 13 80
2974 16 19 80
1767 18 19 80
1979 18 18 80
2067 12 9 80
22 6 10 80
2157 7 8 80
2369 8 3 80
771 10 1 80
2776 11 3 80
1349 8 7 80
3344 19 4 80
999 17 19 80
750 12 12 80
1247 11 4 80
2057 9 1 80
2288 9 2 80
1701 0 11 81
2103 0 10 81
1716 13 16 81
1859 13 15 81
3184 13 14 81
3335 3 12 81
1367 14 19 81
2359 15 19 81
2967 16 18 81
165 18 17 81
1188 18 16 81
2070 12 11 81
2058 10 11 81
174 11 9 81
186 16 13 81
335 11 5 81
605 16 12 81
2541 19 10 81
2616 18 10 81
2757 19 9 81
589 18 9 81
1635 17 18 81
1932 15 18 81
1722 0 9 81
1481 12 10 81
145 11 11 81
895 11 10 81
3438 10 10 81
2432 12 14 81
2705 11 6 81
719 0 13 82
2142 3 0 82
1399 10 15 82
1553 19 19 82
1623 19 18 82
2800 19 17 82
1085 5 0 82
1324 6 0 82
1791 7 0 82
2093 8 14 82
1596 16 16 82
2510 15 17 82
3319 6 7 82
3227 6 5 82
1207 8 6 82
1899 6 3 82
2277 8 10 82
2205 18 11 82
346 19 8 82
439 19 0 82
1946 18 0 82
1564 18 8 82
2040 17 8 82
2138 19 16 82
3046 19 15 82
1304 19 14 82
1192 16 4 82
2378 13 4 82
1531 0 14 82
2583 1 14 82
1368 1 13 82
2151 1 12 82
720 6 8 82
2156 6 6 82
717 7 7 82
2398 7 6 82
2416 0 7 82
2255 1 7 82
417 2 7 82
1575 2 6 82
1909 3 6 82
3179 15 1 82
482 14 1 82
775 13 1 82
1148 7 19 83
1270 8 19 83
3204 3 1 83
1732 1 10 83
792 15 16 83
871 15 15 83
2433 15 14 83
1741 7 1 83
1756 16 8 83
2969 15 8 83
26 17 7 83
90 16 17 83
2034 17 17 83
2868 17 16 83
330 14 16 83
2140 14 15 83
148 14 14 83
778 1 9 83
1925 2 9 83
302 9 19 83
1570 10 19 83
220 11 19 83
955 11 18 83
1757 11 17 83
2200 11 16 83
3251 11 15 83
1149 4 0 83
210 4 1 83
2207 10 0 83
3357 11 0 83
1549 11 1 83
1769 11 2 83
934 13 0 83
160 0 19 84
853 0 18 84
1654 1 18 84
2402 4 19 84
2712 5 19 84
376 7 18 84
609 7 15 84
1761 19 11 84
1794 19 12 84
2125 16 14 84
110 15 6 84
1607 14 4 84
1407 16 7 84
2308 18 7 84
633 19 7 84
709 19 6 84
1352 19 13 84
1671 16 15 84
1703 17 15 84
2029 17 14 84
2670 7 17 84
1301 7 16 84
1930 8 16 84
1 9 16 84
620 9 15 84
281 1 19 85
528 2 19 85
883 3 19 85
1077 3 18 85
1900 4 18 85
966 0 0 85
2352 1 0 85
818 1 5 85
1569 18 12 85
2083 16 11 85
2335 13 7 85
2692 15 7 85
3449 12 0 85
2117 13 3 85
3233 5 18 85
3063 18 13 85
905 17 13 85
1011 17 12 85
1738 17 11 85
1975 0 17 86
2197 3 16 86
2566 0 8 86
2689 1 8 86
3284 0 7 86
365 1 6 86
1543 0 1 86
2414 1 1 86
1395 3 14 86
2628 5 14 86
2836 3 3 86
1401 11 13 86
2506 12 12 86
2854 10 12 86
1084 10 2 86
2282 11 12 86
546 11 11 86
1127 1 7 86
566 15 13 86
263 0 16 87
1861 0 15 87
536 2 14 87
3134 2 18 87
2919 0 2 87
489 4 16 87
3167 5 8 87
916 4 5 87
2319 6 12 87
2653 6 2 87
3076 7 2 87
3252 16 2 87
1269 15 2 87
1446 0 14 87
927 2 8 87
393 7 3 87
2804 14 13 87
923 13 19 88
960 12 19 88
3416 13 18 88
400 1 14 88
1574 2 13 88
535 0 12 88
859 3 2 88
1004 1 2 88
2092 3 6 88
2544 4 6 88
3285 3 5 88
2365 1 4 88
3262 6 11 88
2734 12 18 88
729 11 19 88
1014 11 18 88
207 1 13 88
313 2 0 88
685 2 1 88
697 2 2 88
216 13 0 88
3052 18 6 88
261 17 6 88
403 16 6 88
484 1 16 89
844 5 17 89
1343 5 16 89
1492 2 12 89
1582 3 7 89
1763 4 8 89
2077 6 1 89
1467 13 9 89
1832 14 9 89
3117 15 9 89
2346 16 9 89
1645 17 9 89
1298 17 10 89
3205 16 10 89
2746 1 12 89
88 5 18 89
28 1 15 89
181 1 17 89
1166 5 1 89
3087 4 1 89
3195 4 2 89
222 4 7 89
2257 5 7 89
2258 5 6 89
348 5 5 89
1183 11 2 89
3130 11 1 89
334 11 0 89
2721 10 0 89
375 9 0 89
2502 8 0 89
875 8 1 89
1749 9 1 89
2959 9 2 89
1328 15 4 89
47 16 4 89
568 17 4 89
1542 18 4 89
1736 19 4 89
2654 19 5 89
2148 18 5 89
2469 17 5 89
2489 16 5 89
2630 15 5 89
3298 4 17 90
104 6 19 90
135 6 18 90
1444 6 17 90
1976 6 16 90
2318 6 15 90
2927 0 6 90
1519 10 17 90
1666 11 17 90
1024 4 11 90
2384 4 10 90
2585 14 12 90
779 4 3 90
2001 10 13 90
599 14 3 90
2515 15 3 90
2736 16 3 90
2815 17 3 90
2864 18 3 90
30 19 3 90
304 19 2 90
1076 18 2 90
3363 17 2 90
1371 16 2 90
1568 15 2 90
1989 14 2 90
2358 13 2 90
1676 6 14 90
2863 6 13 90
2226 5 15 90
2925 3 17 90
87 2 17 90
842 2 16 90
2436 0 5 90
3197 0 4 90
994 0 3 90
2038 14 7 90
965 3 8 91
1785 2 8 91
2344 2 7 91
1159 0 11 91
3456 0 10 91
1228 3 11 91
2758 0 9 91
319 1 9 91
647 3 10 91
2222 2 6 91
2582 2 5 91
123 16 19 92
1288 17 19 92
2022 17 18 92
2575 17 17 92
187 13 16 92
1197 12 16 92
1366 4 2 93
1638 4 1 93
2356 16 17 93
3180 16 18 93
3296 15 18 93
678 15 19 93
696 14 19 93
2958 14 18 93
580 19 19 94
1176 18 19 94
1981 19 18 94
2700 18 18 94
3423 19 17 94
3273 19 15 94
758 19 16 94
1198 18 17 94
1537 0 19 95
2641 1 19 95
2979 0 14 95
1551 0 13 95
1818 6 10 95
25 9 4 95
2127 8 8 96
1214 8 2 97
