2518
176 0 19 1
353 1 19 1
1118 0 18 1
2643 3 19 1
3453 1 17 1
1660 0 15 1
2037 0 0 1
3416 1 0 1
1295 0 2 1
500 3 0 1
427 2 2 1
3159 0 4 1
1 0 14 1
2415 1 14 1
3080 0 13 1
3717 2 14 1
404 1 12 1
2481 4 14 1
3201 0 10 1
2442 19 19 1
3404 18 19 1
3682 19 18 1
2190 16 19 1
3476 18 17 1
2127 19 15 1
3134 0 5 1
573 0 3 1
3653 3 2 1
2854 4 2 1
2924 5 2 1
3285 6 2 1
111 7 2 1
67 4 0 1
2631 5 0 1
3136 6 0 1
1638 7 0 1
3579 8 0 1
312 2 0 1
1510 0 1 1
3128 19 14 1
455 19 17 1
864 19 16 1
3013 18 16 1
2106 18 18 1
2049 17 19 1
2569 17 18 1
1874 16 18 1
35 15 19 1
1448 0 17 1
2482 0 16 1
2147 1 15 1
3261 1 16 1
3808 1 18 1
458 2 19 1
620 2 18 1
937 3 18 1
1080 3 14 1
766 1 13 1
1267 0 12 1
1292 0 11 1
1008 1 11 1
3763 1 10 1
324 2 10 1
2571 14 0 1
2030 12 0 1
1734 15 0 1
669 14 1 1
1774 11 0 1
936 12 1 1
3026 16 0 1
60 15 1 1
1250 14 2 1
2205 10 0 1
2828 11 1 1
1148 12 2 1
349 17 0 1
1575 16 1 1
3168 15 2 1
2115 14 3 1
3284 9 0 1
3399 10 1 1
2389 11 2 1
521 12 3 1
526 18 0 1
2434 17 1 1
975 16 2 1
1069 15 3 1
2008 14 4 1
2587 9 1 1
301 10 2 1
461 11 3 1
1494 12 4 1
1757 19 0 1
1837 18 1 1
2210 17 2 1
759 16 3 1
1007 15 4 1
1758 14 5 1
1201 9 2 1
1233 10 3 1
3434 11 4 1
115 12 5 1
967 19 1 1
1865 18 2 1
2316 17 3 1
3236 16 4 1
3282 15 5 1
3426 14 6 1
3634 9 3 1
638 10 4 1
3214 11 5 1
3849 19 2 1
918 18 3 1
2253 17 4 1
1209 16 5 1
2327 15 6 1
3263 14 7 1
1289 9 4 1
1161 10 5 1
1197 19 3 1
1241 18 4 1
2697 17 5 1
243 16 6 1
686 15 7 1
2083 14 8 1
2119 9 5 1
3152 13 9 1
3490 19 4 1
1588 18 5 1
1707 17 6 1
2668 16 7 1
3499 15 8 1
3243 14 9 1
146 12 9 1
600 12 7 1
811 13 10 1
1317 2 17 2
2168 3 17 2
804 5 17 2
995 4 18 2
1668 6 17 2
1495 19 5 2
1722 19 6 2
2678 19 8 2
269 17 7 2
639 6 19 2
2055 8 19 2
528 1 1 2
1733 2 3 2
451 19 13 2
948 18 15 2
3098 17 17 2
3320 16 17 2
2490 14 19 2
890 13 19 2
2218 12 19 2
2833 11 19 2
3493 11 18 2
2558 14 10 2
236 19 9 2
13 16 8 2
968 19 7 2
752 2 15 2
2075 2 16 2
1558 3 16 2
428 4 17 2
1740 4 19 2
2909 5 19 2
3525 5 18 2
126 6 18 2
873 7 19 2
1938 7 18 2
2720 9 19 2
1567 2 11 2
273 0 6 2
1014 1 2 2
3001 1 3 2
3532 1 4 2
2228 2 4 2
2137 2 1 2
2659 3 1 2
68 4 1 2
3488 5 1 2
271 6 1 2
602 6 15 3
930 5 16 3
1793 7 15 3
2422 6 16 3
544 5 13 3
2914 10 19 3
3737 10 18 3
2021 8 18 3
2688 10 16 3
3280 8 17 3
1435 18 6 3
984 17 8 3
2200 17 9 3
161 2 13 3
2494 3 13 3
1636 3 11 3
1124 15 18 3
3090 13 18 3
2163 15 17 3
1869 14 18 3
2809 14 17 3
2971 13 17 3
1365 12 18 3
3581 12 17 3
1480 11 17 3
3546 18 7 3
200 18 8 3
226 18 9 3
3174 3 10 3
3799 2 12 3
299 3 12 3
2700 4 13 3
992 4 12 3
1977 5 12 3
3140 3 15 3
401 4 16 3
838 4 15 3
1095 5 15 3
1584 5 14 3
1634 6 14 3
110 10 15 3
1190 7 17 3
153 7 16 3
403 8 16 3
286 10 17 3
782 9 18 3
1254 9 17 3
3004 9 16 3
3660 9 15 3
1188 7 1 3
2361 8 1 3
2505 8 2 3
2916 8 3 3
2994 7 3 3
1509 17 16 4
1899 16 16 4
394 17 14 4
50 14 16 4
755 13 16 4
1642 14 15 4
2834 16 13 4
1514 1 5 4
1037 3 5 4
188 17 15 4
436 15 16 4
443 15 15 4
2685 16 15 4
3114 16 14 4
1931 13 15 4
3104 11 16 4
1110 12 16 4
2836 12 15 4
32 11 15 4
767 11 14 4
2591 18 14 4
2203 18 13 4
2615 17 13 4
2984 7 14 4
2726 8 15 4
3841 8 14 4
1476 9 14 4
2428 10 14 4
929 10 13 4
513 1 6 4
281 2 5 4
364 2 6 4
2166 3 6 4
1271 6 3 4
1433 5 3 4
2003 4 3 4
432 3 3 4
1589 3 4 4
762 0 9 5
1195 1 9 5
1650 0 8 5
2093 2 9 5
2810 1 8 5
698 4 9 5
887 19 11 5
3316 17 10 5
1333 16 10 5
1912 17 12 5
3094 4 4 5
3180 6 4 5
328 4 6 5
3070 7 4 5
2839 8 4 5
3301 8 5 5
3353 7 5 5
357 6 5 5
1181 4 5 5
2473 5 4 5
164 0 7 5
405 1 7 5
2198 3 9 5
695 19 12 5
3108 18 12 5
1351 19 10 5
3334 18 10 5
2391 18 11 5
2958 17 11 5
1047 12 14 5
1368 13 14 5
3332 14 14 5
1719 15 14 5
2437 15 13 5
3729 9 13 5
1437 8 13 5
1525 5 11 6
2080 6 11 6
3254 7 11 6
3703 6 12 6
547 5 9 6
1103 6 9 6
1015 2 7 6
1873 2 8 6
2601 4 7 6
2757 5 7 6
1283 15 12 6
3045 13 13 6
2511 11 13 6
275 10 12 6
1168 3 7 6
3030 3 8 6
3089 4 8 6
3514 5 8 6
3369 5 5 6
3469 5 6 6
3649 6 6 6
1101 7 6 6
2788 8 6 6
617 16 12 6
616 16 11 6
3065 11 12 6
3807 12 13 6
1644 12 12 6
3203 13 12 6
1215 14 13 6
1795 14 12 6
1842 4 11 6
3447 4 10 6
773 5 10 6
1089 6 10 6
2158 7 10 6
1623 10 11 6
3536 12 0 6
540 6 13 7
3046 7 13 7
2461 9 12 7
2549 7 7 7
2620 8 7 7
2767 9 7 7
3598 7 9 7
3782 8 10 7
910 10 10 7
2888 12 10 7
2081 12 6 7
1477 9 0 7
2579 11 0 7
2444 11 2 7
3564 17 0 7
631 16 1 7
2673 16 0 7
1769 10 0 7
3340 6 7 7
561 6 8 7
2941 7 8 7
52 7 12 7
3830 9 6 7
323 8 9 8
3153 8 8 8
1023 10 9 8
1366 10 7 8
2220 19 0 8
129 15 4 8
2686 14 5 8
3713 14 3 8
1219 16 3 8
3298 12 4 8
2043 15 1 8
2369 9 2 8
3155 10 2 8
3427 9 1 8
1943 15 0 8
1041 10 1 8
317 11 1 8
592 18 0 8
1717 15 3 8
2450 14 4 8
899 16 9 9
2013 16 5 9
2177 15 5 9
3196 16 4 9
3396 15 6 9
1465 14 7 9
1833 18 3 9
3164 19 1 9
122 9 4 9
1079 10 4 9
1583 9 3 9
2029 12 5 9
2790 14 1 9
96 12 2 9
2765 14 0 9
2644 17 1 9
2518 18 1 9
1620 10 3 9
982 14 6 9
2573 12 7 10
508 12 11 10
3061 14 10 10
593 16 8 10
947 15 7 10
1297 16 7 10
1843 16 6 10
889 18 5 10
913 18 4 10
460 12 9 10
303 9 5 10
576 10 5 10
3362 12 1 10
64 19 4 10
2215 19 3 10
2282 19 2 10
2196 18 2 10
915 17 6 10
1469 17 5 10
488 17 4 10
935 17 3 10
2988 17 2 10
3343 16 2 10
372 11 5 10
661 11 4 10
709 11 3 10
785 12 3 10
209 15 10 10
1823 11 11 10
2156 11 10 10
514 11 9 10
3271 2 19 11
497 0 19 11
2128 4 16 11
2225 9 14 11
3308 15 9 11
3313 14 9 11
3457 15 8 11
3537 14 8 11
3681 15 2 11
2267 14 2 11
2531 10 14 11
646 10 13 11
53 9 13 11
844 1 19 11
2811 0 18 12
2329 2 18 12
1382 0 16 12
2114 1 16 12
2617 3 19 12
1386 4 17 12
3552 9 15 12
1134 12 0 12
3185 0 17 12
1230 1 18 12
1245 1 17 12
181 9 16 12
62 3 17 13
2293 3 18 13
2510 4 18 13
2509 5 17 13
3506 6 16 13
41 7 18 13
465 7 15 13
3464 5 4 13
3262 5 6 13
471 7 5 13
470 7 8 13
1530 6 15 13
2550 2 17 13
788 5 16 13
2651 4 19 13
3224 5 19 13
1140 5 18 13
1635 6 18 13
2837 6 17 13
168 7 17 13
359 7 16 13
187 8 16 13
2721 8 15 13
263 5 5 13
298 6 5 13
1868 0 1 14
934 0 15 14
1367 1 15 14
2046 2 15 14
4 3 4 14
1076 7 4 14
2431 2 16 14
2645 3 16 14
3318 3 15 14
71 4 15 14
1217 5 15 14
134 5 14 14
292 6 14 14
431 7 14 14
818 8 14 14
1255 8 13 14
3643 8 12 14
3051 8 11 14
2009 3 3 14
2621 4 3 14
1453 0 0 14
1708 1 0 14
104 0 2 15
579 1 2 15
1483 0 3 15
1617 1 3 15
2375 1 4 15
2638 5 3 15
1857 2 4 15
2233 2 5 15
2948 16 2 15
412 17 2 15
453 18 2 15
1075 19 2 15
1700 19 3 15
3139 19 4 15
3668 19 5 15
792 19 6 15
1416 19 7 15
2610 18 7 15
1034 18 8 15
331 17 16 16
437 16 16 16
741 16 14 16
3220 17 15 16
468 16 15 16
665 15 16 16
3594 15 15 16
761 15 14 16
2007 15 13 16
406 14 13 16
1661 14 12 16
1112 3 0 17
1858 4 0 17
3468 5 0 17
3481 6 0 17
57 0 7 17
90 1 7 17
1872 0 9 17
2221 8 0 17
2273 7 6 17
2541 8 12 17
1285 9 6 17
3165 10 6 17
2877 0 8 17
1729 1 8 17
2189 1 9 17
2895 2 9 17
326 3 9 17
3225 6 6 17
1276 2 0 17
3781 7 0 17
1590 11 6 17
725 0 4 18
786 0 5 18
981 0 6 18
2364 3 1 18
1712 5 1 18
853 3 3 18
17 7 2 18
768 7 1 18
2038 4 10 18
3054 5 10 18
587 7 10 18
1151 6 12 18
1427 8 13 18
18 6 10 18
2034 9 13 18
3467 1 6 18
1394 2 6 18
3184 3 6 18
3531 3 7 18
177 2 1 18
477 2 2 18
861 3 2 18
692 4 3 18
2564 4 1 18
945 4 2 18
1260 5 2 18
3386 6 1 18
1532 6 2 18
2222 6 3 18
2867 7 3 18
340 8 1 18
688 8 2 18
1685 8 3 18
1703 8 4 18
2452 8 5 18
2535 8 6 18
1651 0 14 19
1782 1 10 19
2497 3 10 19
38 5 12 19
215 7 12 19
51 2 10 19
329 10 19 20
879 10 18 20
3486 10 17 20
3730 3 14 20
2577 19 0 20
3041 18 0 20
3406 7 13 20
145 19 8 20
3078 19 9 20
3557 10 7 20
2235 10 9 20
3504 11 9 20
1528 12 7 20
5 2 14 20
400 1 14 20
1056 11 7 20
648 18 1 20
1765 9 18 21
1559 6 13 21
1882 5 13 21
2646 1 11 21
3040 0 13 21
3238 3 9 21
3568 19 4 21
3678 19 5 21
2277 18 12 21
2284 19 10 21
192 18 9 21
961 9 13 21
1622 8 8 21
3834 7 9 21
2863 16 4 21
1031 18 8 21
257 19 3 21
1128 19 2 21
2170 18 2 21
805 1 13 21
2125 2 11 21
3840 9 12 21
1752 3 8 21
696 19 12 21
3160 19 11 21
2911 18 10 21
2519 18 11 21
3672 17 11 21
1306 16 11 21
87 7 19 22
797 6 19 22
1389 5 19 22
1471 5 18 22
1529 10 13 22
1990 10 14 22
2619 10 15 22
2886 8 18 22
1954 7 16 22
2728 0 10 22
3121 0 11 22
3554 18 14 22
105 8 10 22
2176 8 9 22
1006 11 10 22
1396 15 11 22
2012 15 6 22
810 15 3 22
1061 0 12 22
1286 1 12 22
1308 2 12 22
1643 3 12 22
268 10 16 22
706 6 18 22
3498 18 13 22
2927 11 11 22
98 9 16 23
973 19 19 23
1747 18 19 23
2690 19 18 23
3123 17 19 23
1152 16 18 23
1235 14 17 23
527 13 17 23
572 12 17 23
1177 12 16 23
3721 12 15 23
2879 13 14 23
3102 14 14 23
3709 13 12 23
1810 14 6 23
1401 9 17 23
1723 19 17 23
2457 19 16 23
2091 18 16 23
2727 18 18 23
217 17 18 23
325 11 17 23
2624 11 16 23
376 11 15 23
1117 11 14 23
2287 12 14 23
826 12 13 23
998 12 12 23
1998 0 19 24
3151 0 18 24
3302 0 17 24
615 6 17 24
2133 0 1 24
2219 0 0 24
2285 1 0 24
3590 2 0 24
656 4 16 24
2268 18 15 24
2732 14 16 24
3294 5 9 24
2260 6 10 24
712 10 10 24
79 18 7 24
1657 17 7 24
2140 14 10 24
670 14 7 24
2997 14 5 24
2784 16 5 24
95 14 3 24
676 19 7 24
909 19 6 24
3667 15 5 24
1391 15 4 24
2045 14 4 24
48 9 14 24
1742 4 9 24
906 6 9 24
1834 2 1 24
2053 13 16 24
1281 13 15 24
1944 14 15 24
996 1 19 25
1064 2 19 25
1277 1 17 25
2323 2 17 25
3804 4 19 25
83 6 15 25
1229 0 3 25
1830 1 4 25
102 6 2 25
2791 16 15 25
1549 16 12 25
1420 18 11 25
2611 16 9 25
834 18 8 25
3088 18 10 25
1856 1 18 25
2470 2 18 25
2032 6 16 25
1803 2 4 25
2448 2 5 25
39 5 2 25
3074 0 2 25
1039 1 3 25
3216 1 2 25
3655 2 2 25
3683 3 2 25
2561 6 18 26
3602 7 18 26
2776 0 16 26
1474 2 16 26
1744 7 15 26
2338 5 16 26
859 2 9 26
174 2 7 26
1093 5 4 26
1871 5 5 26
3118 17 17 26
3677 16 17 26
327 17 15 26
2674 16 13 26
2826 16 11 26
266 12 10 26
835 14 9 26
2940 16 7 26
3606 18 6 26
1624 19 3 26
2278 18 4 26
1776 16 3 26
980 19 2 26
772 18 5 26
117 16 6 26
1969 17 6 26
1725 17 5 26
2544 17 4 26
3005 17 3 26
3500 18 3 26
3644 18 2 26
2501 17 2 26
1402 15 9 26
1121 15 10 26
1767 16 10 26
2800 15 7 26
440 7 17 26
350 0 15 26
622 1 16 26
2382 1 15 26
2612 2 15 26
3518 3 19 26
1021 15 17 26
229 4 18 27
3746 9 15 27
1359 7 0 27
3684 6 1 27
3691 4 5 27
618 4 8 27
3528 7 4 27
34 6 8 27
2476 6 5 27
1293 12 4 27
2943 14 2 27
629 11 4 27
2026 9 14 27
2855 5 17 27
3448 4 17 27
3009 3 18 27
7 3 17 27
820 3 16 27
2264 3 15 27
2195 4 15 27
2404 5 15 27
563 5 8 27
2469 4 4 27
912 6 0 27
1499 14 18 28
1654 5 0 28
3222 0 7 28
2453 1 6 28
2714 1 9 28
2821 11 19 28
1319 16 14 28
1697 17 14 28
1770 17 13 28
2295 17 12 28
876 17 11 28
1362 17 10 28
2269 17 9 28
3379 17 8 28
1343 16 8 28
3418 1 7 28
758 16 19 28
1311 15 19 28
3260 14 19 28
2004 13 19 28
2241 12 19 28
3759 12 18 28
901 11 18 28
2131 11 17 28
1026 0 14 29
1045 1 14 29
1572 1 13 29
2388 3 10 29
2680 0 9 29
2813 0 8 29
3341 17 18 29
1951 19 17 29
3768 19 16 29
1970 8 0 29
2719 8 1 29
3082 8 2 29
1036 11 16 29
1073 11 15 29
1165 11 14 29
154 7 6 29
466 14 13 29
1695 12 6 29
2155 11 6 29
3048 11 7 29
3420 9 1 29
3685 9 2 29
728 11 1 29
3635 1 8 29
31 2 8 29
204 6 6 29
836 12 14 29
1538 12 13 29
1327 12 12 29
1864 12 11 29
305 10 19 30
1410 10 18 30
2622 10 16 30
467 3 0 30
1627 3 1 30
2954 2 1 30
337 2 14 30
2374 3 14 30
641 0 6 30
908 4 11 30
2761 7 12 30
251 9 12 30
2523 12 9 30
120 9 0 30
1115 10 0 30
3207 10 1 30
3384 19 1 30
793 19 2 30
1055 10 17 30
3177 8 12 30
983 0 4 30
2033 0 5 30
1105 1 5 30
1994 7 5 30
169 2 2 30
2214 4 0 30
3333 0 13 31
2109 1 11 31
2556 2 13 31
3618 4 1 31
3645 4 14 31
1562 6 13 31
2162 4 9 31
2796 2 5 31
3641 10 6 31
37 19 0 31
3844 18 0 31
1986 9 5 31
228 10 4 31
289 11 4 31
529 10 2 31
72 11 0 31
570 12 0 31
2326 9 4 31
1862 9 3 31
1875 10 3 31
2354 0 12 31
2312 1 12 31
1878 3 9 31
721 3 8 31
739 2 6 31
1653 9 6 31
509 5 1 31
1412 5 2 31
774 6 4 31
653 7 19 32
1058 6 19 32
771 8 18 32
1019 1 10 32
1577 7 13 32
2754 4 2 32
306 4 4 32
1686 3 13 32
136 19 4 32
3025 18 2 32
2169 16 2 32
334 18 1 32
141 18 3 32
566 15 2 32
379 11 2 32
657 11 3 32
1978 12 3 32
1187 2 10 32
3015 5 19 32
2639 5 18 32
247 2 4 32
2272 8 6 32
3002 8 5 32
3428 8 4 32
3474 8 3 32
2582 4 13 33
2759 19 12 33
3137 18 12 33
3718 19 11 33
2636 7 8 33
3710 19 6 33
3253 10 5 33
456 19 5 33
1524 18 5 33
1705 17 5 33
1236 11 5 33
1288 12 5 33
595 8 19 33
1284 9 19 33
3019 9 18 33
73 0 19 34
504 0 17 34
608 7 1 34
781 9 17 34
1522 9 16 34
3697 10 13 34
3085 19 19 34
1424 3 11 34
1517 4 10 34
3802 5 10 34
2949 18 13 34
3018 19 10 34
2067 14 1 34
1407 15 1 34
3011 19 7 34
2554 19 8 34
605 19 9 34
2421 2 11 34
718 10 15 34
957 10 14 34
663 0 18 34
2014 1 18 34
173 7 2 34
1429 7 3 34
2392 6 3 34
3459 5 3 34
2502 4 3 34
2557 19 18 34
2769 11 17 34
3304 11 18 34
139 12 18 34
1011 12 19 34
1156 13 19 34
3624 14 19 34
398 6 17 35
1313 7 17 35
2400 6 16 35
2252 0 0 35
1044 2 0 35
1352 0 2 35
3101 2 18 35
411 17 19 35
977 16 19 35
3190 15 19 35
1545 6 12 35
2713 6 9 35
2455 14 17 35
1438 14 15 35
3125 18 14 35
1597 13 15 35
1009 8 8 35
3423 13 12 35
1370 18 9 35
2142 10 7 35
978 18 10 35
92 17 14 35
1625 17 13 35
1679 17 12 35
2084 17 11 35
1794 17 10 35
3687 0 10 35
1027 0 11 35
2742 0 12 35
3820 8 17 35
1116 0 1 35
2733 1 0 35
3176 1 1 35
3502 18 19 35
3669 7 18 36
1375 3 16 36
1092 6 14 36
1309 7 14 36
3597 7 16 36
1239 16 18 36
1762 9 14 36
252 13 16 36
3609 7 9 36
2785 14 14 36
63 10 9 36
1811 11 9 36
2683 17 3 36
3806 14 6 36
2743 17 2 36
1515 6 18 36
2181 9 13 36
1901 8 16 36
3356 5 9 36
2722 14 16 36
184 1 18 37
1012 1 19 37
2371 2 19 37
3279 3 19 37
2869 1 16 37
2738 10 14 37
3471 7 11 37
1264 9 11 37
1447 13 14 37
2418 13 13 37
1841 8 9 37
1331 17 9 37
2319 0 16 37
2868 0 15 37
3235 1 15 37
523 1 17 38
1320 2 17 38
1829 2 16 38
3297 4 16 38
3698 7 15 38
3846 4 6 38
313 11 10 38
1421 14 12 38
24 12 3 38
285 12 1 38
2292 12 0 38
583 11 3 38
1881 11 2 38
1933 12 2 38
2122 2 15 38
3325 3 15 38
2500 4 15 38
2699 6 6 38
69 17 10 38
135 16 10 38
363 11 11 38
1135 0 14 39
1175 1 14 39
3205 1 13 39
121 11 18 39
388 12 18 39
430 3 10 39
673 2 9 39
2335 3 9 39
1457 15 10 39
1720 10 10 39
2439 14 8 39
2691 16 6 39
149 2 10 39
1123 2 11 39
232 6 1 40
621 4 0 40
769 4 19 40
2135 5 19 40
3122 4 18 40
1261 9 19 40
2939 10 19 40
1048 0 9 40
1941 0 8 40
1527 17 18 40
2875 14 19 40
2318 4 5 40
2524 11 17 40
1696 5 6 40
2144 14 10 40
3429 17 8 40
2381 12 7 40
1579 16 1 40
3705 17 1 40
2171 17 0 40
988 16 0 40
727 19 9 40
3314 19 8 40
1893 19 7 40
2666 18 7 40
2930 17 7 40
2902 17 6 40
300 17 5 40
675 16 8 40
1896 3 18 40
2433 3 17 40
3408 4 17 40
1227 8 5 41
852 8 3 41
1296 6 4 41
1942 2 1 41
3096 5 5 41
351 9 18 41
1876 0 13 41
3813 0 12 41
893 19 18 41
1180 19 17 41
2718 19 16 41
3052 11 19 41
554 14 18 41
710 1 9 41
1025 1 8 41
3016 2 8 41
3268 4 8 41
3480 2 6 41
434 1 5 41
1430 15 8 41
1710 14 7 41
3366 14 5 41
2331 15 3 41
636 15 7 41
2113 15 6 41
212 10 18 41
1451 3 8 41
2230 8 4 41
191 1 1 41
643 3 0 41
245 15 18 41
1511 12 19 41
1290 13 19 41
2407 13 18 41
346 13 17 41
3326 12 17 41
1711 0 5 42
2593 0 4 42
2961 0 3 42
1675 8 19 42
2224 7 19 42
3778 6 19 42
493 6 0 42
1930 7 0 42
3310 8 0 42
3479 8 1 42
3523 8 2 42
190 3 14 42
1690 2 14 42
3023 1 12 42
1017 4 3 42
1849 6 15 42
1859 5 4 42
2595 17 17 42
3503 6 8 42
1746 12 16 42
2960 15 2 42
45 15 1 42
195 5 0 42
131 15 17 42
454 16 17 42
162 0 10 43
565 1 10 43
1546 0 11 43
1670 1 11 43
3189 6 18 43
416 2 2 43
1198 4 2 43
2160 4 1 43
3237 19 13 43
2332 0 6 43
3163 1 6 43
1185 4 14 43
1270 4 11 43
1732 17 16 43
3143 7 13 43
2183 12 15 43
589 16 14 43
3033 16 13 43
2786 14 2 43
249 2 10 43
2352 2 11 43
1520 5 18 43
849 7 12 43
2410 8 18 43
580 0 7 43
2417 1 7 43
3689 2 7 43
3344 1 2 43
61 3 1 43
1506 3 2 43
2508 3 3 43
1932 5 1 43
1616 19 14 43
3826 19 15 43
658 16 10 43
3517 17 10 43
1487 11 16 43
2454 11 15 43
1258 11 14 43
1813 12 14 43
2657 12 13 43
3209 12 12 43
156 0 19 44
473 0 18 44
316 2 5 44
1808 10 16 44
2820 9 16 44
601 4 13 44
3485 6 13 44
1263 7 1 44
2634 4 9 44
3470 5 9 44
2239 10 13 44
3288 9 12 44
2947 19 11 44
2015 16 16 44
1356 6 6 44
3277 15 5 44
1972 0 17 44
3484 0 16 44
194 0 15 44
3257 9 13 44
2907 10 15 44
1336 9 15 44
1347 10 17 44
2682 9 17 44
267 5 8 44
2977 6 5 44
577 12 6 44
1831 15 9 44
1953 14 9 44
3142 19 12 44
2864 14 13 44
536 1 15 45
1968 19 19 45
1656 4 4 45
1991 5 16 45
2353 6 16 45
3646 3 13 45
3179 6 2 45
3847 16 15 45
700 8 6 45
2157 7 8 45
1332 19 7 45
1127 11 6 45
2023 11 7 45
2491 12 10 45
1565 9 0 45
2059 10 0 45
3640 9 2 45
86 16 5 45
3270 12 5 45
2904 9 1 45
3818 10 1 45
3704 11 0 45
2542 11 1 45
3549 5 2 45
395 5 3 45
2151 6 3 45
3714 7 2 45
1505 7 3 45
336 0 0 46
1346 7 18 46
3115 3 11 46
3790 4 10 46
649 6 11 46
1785 10 6 46
3482 9 6 46
183 19 6 46
423 12 9 46
1062 12 4 46
94 8 18 46
2011 1 19 47
2607 2 19 47
869 0 1 47
1392 1 1 47
2710 0 2 47
2982 1 2 47
3511 1 3 47
3596 3 16 47
1030 18 13 47
1077 7 4 47
375 19 4 47
530 19 5 47
1563 18 5 47
2818 17 6 47
3595 16 8 47
227 18 1 47
1256 17 1 47
1042 17 5 47
2150 17 4 47
2712 16 4 47
990 1 4 47
148 1 0 47
2074 2 0 47
3281 7 5 47
3551 7 6 47
1142 0 15 48
1350 0 16 48
3760 1 16 48
590 1 18 48
2563 2 18 48
2715 5 17 48
3370 6 14 48
1408 17 19 48
1445 16 19 48
2194 7 16 48
123 19 8 48
1927 19 9 48
807 16 17 48
1580 11 5 48
1902 10 5 48
783 17 2 48
1783 14 3 48
1084 9 5 48
58 18 6 48
59 18 7 48
165 17 7 48
556 16 7 48
597 15 7 48
683 15 6 48
1337 15 5 48
106 15 4 48
3097 14 4 48
594 4 16 48
3608 0 17 48
926 1 17 48
1228 6 17 48
3625 7 17 48
3616 8 17 48
2179 18 19 48
551 18 18 48
1503 18 17 48
822 18 16 48
1216 19 10 48
224 4 17 49
1325 0 14 49
2197 1 14 49
36 6 12 49
1925 7 12 49
2274 4 6 49
2793 7 15 49
3212 7 14 49
261 9 15 49
750 6 9 49
3355 16 12 49
1593 11 13 49
2740 11 12 49
1388 9 4 49
1564 11 4 49
1952 10 2 49
3792 15 1 49
81 19 3 49
254 14 2 49
2153 9 3 49
16 10 4 49
2706 10 3 49
1481 11 3 49
2098 10 1 49
2536 11 1 49
2741 11 2 49
172 12 2 49
791 11 14 49
1926 12 14 49
2614 12 13 49
3805 12 12 49
3027 5 19 50
2588 3 10 50
2606 2 10 50
2649 2 11 50
2723 11 18 50
3519 12 18 50
2172 14 17 50
2892 2 9 50
1130 10 15 50
2885 10 14 50
3367 9 14 50
2462 15 19 50
3323 7 11 50
2309 7 9 50
720 17 10 50
819 14 1 50
344 3 19 50
3530 4 19 50
1122 9 13 50
645 3 9 50
1033 3 8 50
3630 6 1 50
463 18 10 50
3391 7 3 51
3515 6 3 51
3719 9 19 51
1419 12 17 51
3611 14 15 51
964 14 13 51
2069 9 10 51
1648 18 3 51
368 18 2 51
321 19 2 51
3113 19 1 51
3695 19 0 51
3833 18 0 51
3000 17 0 51
640 16 0 51
1490 15 0 51
2349 14 0 51
1111 18 4 51
385 10 19 51
2938 5 3 51
542 14 14 51
1083 2 1 52
1997 0 3 52
3303 0 5 52
588 2 3 52
778 0 9 52
1540 0 8 52
2942 0 7 52
3232 19 15 52
8 17 15 52
1043 8 3 52
1214 8 4 52
2305 8 5 52
3361 5 5 52
235 18 12 52
1478 16 10 52
3734 14 11 52
3555 10 9 52
1282 14 8 52
2640 15 7 52
2532 14 6 52
258 16 2 52
2506 16 3 52
2974 17 3 52
1454 17 4 52
2596 16 4 52
851 16 7 52
880 16 6 52
2687 15 6 52
2717 15 5 52
614 15 4 52
507 0 4 52
3003 1 4 52
1806 6 4 52
564 6 5 52
1466 7 5 52
1000 7 6 52
1212 16 9 52
2704 18 11 52
3376 1 10 53
2180 3 17 53
2731 6 19 53
1775 9 18 53
3378 10 18 53
270 14 19 53
789 17 18 53
1488 14 12 53
1755 10 10 53
2504 11 10 53
735 0 10 53
2138 11 9 53
2270 16 18 53
238 11 11 53
559 1 11 54
802 5 0 54
1598 4 0 54
1934 4 1 54
1981 3 18 54
2789 11 19 54
2861 12 19 54
3509 13 19 54
511 7 19 54
3242 2 2 54
610 19 18 54
705 19 16 54
1850 10 17 54
2304 11 17 54
2985 11 16 54
2920 10 12 54
1603 12 3 54
1218 11 3 54
1673 0 11 54
3603 10 11 54
2167 9 11 54
2567 8 19 54
3037 19 12 54
308 19 13 54
1301 19 14 54
1251 19 17 54
787 11 15 54
1259 11 14 54
3141 0 19 55
1518 1 15 55
3335 3 14 55
10 19 19 55
2403 18 19 55
2794 2 4 55
1631 9 17 55
1763 14 18 55
2603 14 16 55
3319 14 14 55
3354 12 14 55
2516 12 2 55
1066 11 0 55
2257 12 0 55
994 11 2 55
1513 11 1 55
1586 12 1 55
952 2 14 55
776 0 6 55
2459 18 18 55
780 15 18 55
1387 15 17 55
2145 15 16 55
1621 13 18 55
2216 13 17 55
2782 13 16 55
3223 0 0 56
378 3 13 56
1393 6 16 56
1684 4 16 56
2347 5 16 56
1866 4 5 56
2565 2 5 56
338 1 9 56
1832 1 8 56
2489 3 8 56
2752 4 8 56
1372 10 16 56
1001 4 11 56
1950 12 13 56
1053 8 8 56
1592 12 11 56
1059 14 10 56
280 9 16 56
14 2 8 56
339 5 6 56
966 12 12 56
2402 0 18 57
2650 0 17 57
533 8 0 57
954 7 0 57
708 5 1 57
3066 0 13 57
3726 1 13 57
356 6 17 57
485 7 17 57
733 4 13 57
1689 6 13 57
113 2 6 57
3740 3 11 57
1405 17 16 57
2679 4 10 57
2915 5 8 57
3106 12 6 57
3210 12 7 57
40 0 12 57
144 1 12 57
1155 4 14 57
1206 7 13 57
85 6 0 57
3610 16 15 57
678 0 15 58
1838 0 16 58
3801 1 16 58
831 3 16 58
1341 6 1 58
2575 0 1 58
3739 1 1 58
302 6 15 58
499 4 2 58
3008 4 4 58
2044 6 11 58
742 7 8 58
1788 7 6 58
3348 18 10 58
674 9 6 58
1573 10 6 58
2492 10 7 58
2602 16 9 58
3020 16 4 58
2737 18 9 58
2922 17 9 58
938 0 2 58
1519 1 2 58
1799 1 3 58
287 1 4 58
1321 1 5 58
1846 1 6 58
80 1 7 58
604 2 7 58
874 1 0 58
1096 2 0 58
1692 3 0 58
2052 3 1 58
2173 3 2 58
549 8 6 58
3173 18 11 58
630 2 19 59
1442 3 19 59
2471 1 17 59
207 8 1 59
310 8 2 59
535 7 5 59
1279 6 5 59
2423 7 4 59
3838 6 4 59
1324 4 17 59
1298 0 14 59
2707 1 14 59
1779 6 14 59
1889 19 14 59
250 17 14 59
1082 11 14 59
1677 19 6 59
417 17 8 59
3700 15 8 59
794 12 9 59
1611 17 4 59
1556 17 3 59
1982 16 3 59
147 16 2 59
1278 16 1 59
1908 12 4 59
1176 2 14 59
3779 2 13 59
1974 1 19 59
2512 1 18 59
2464 2 18 59
2747 2 17 59
2946 2 16 59
3663 2 15 59
2325 5 9 59
291 5 17 59
3038 5 4 59
429 7 1 59
2594 7 2 59
1139 11 9 59
3156 19 13 59
381 11 15 59
502 12 15 59
1715 5 19 60
56 6 2 60
927 3 15 60
1094 4 15 60
1606 6 12 60
2064 7 16 60
1349 17 17 60
3650 7 13 60
2002 17 5 60
3230 18 5 60
2315 11 6 60
3626 14 7 60
1131 18 4 60
2655 19 5 60
1240 19 4 60
2642 19 3 60
3534 5 15 60
740 5 14 60
3642 5 13 60
550 7 12 60
919 4 19 60
1182 5 2 60
42 11 7 60
518 18 17 60
538 18 16 60
813 17 19 60
1040 16 19 60
2525 12 10 60
567 3 10 61
1275 2 10 61
65 7 15 61
2420 4 6 61
3615 5 6 61
304 16 13 61
747 16 15 61
3776 16 14 61
3839 17 9 61
415 19 10 61
1491 17 7 61
2725 16 8 61
3345 14 5 61
3388 9 0 61
894 10 0 61
1446 16 7 61
974 10 13 61
19 7 14 61
469 9 15 62
868 3 9 62
1169 4 9 62
1911 5 9 62
2662 6 8 62
2999 15 18 62
848 9 13 62
1646 16 12 62
180 18 9 62
1883 18 8 62
2301 19 2 62
1002 19 0 62
175 17 1 62
256 16 1 62
366 9 2 62
1243 19 1 62
163 9 1 62
2766 10 1 62
633 9 3 62
196 19 9 62
1669 19 8 62
3047 19 7 62
647 18 7 62
842 18 6 62
435 17 6 62
1949 6 9 62
1354 9 16 62
28 7 2 62
483 7 3 62
958 6 3 62
969 5 3 62
2749 4 3 62
223 16 18 62
1467 16 17 62
753 1 10 63
3769 0 10 63
1028 0 2 63
2931 1 2 63
1450 0 4 63
3829 0 6 63
731 3 0 63
1909 10 19 63
1918 9 19 63
225 2 11 63
3079 9 12 63
1046 9 5 63
390 11 5 63
2572 10 5 63
12 10 4 63
2626 10 3 63
3575 11 3 63
1399 0 5 63
795 0 3 63
132 3 17 64
1436 0 11 64
1458 1 11 64
3219 0 12 64
1242 1 3 64
2950 2 3 64
3393 1 4 64
3501 0 9 64
3775 0 8 64
3814 8 19 64
3591 2 9 64
3809 11 19 64
391 13 19 64
1345 12 17 64
1463 14 17 64
801 14 15 64
2036 9 11 64
1937 16 3 64
360 15 6 64
421 12 5 64
878 16 2 64
361 17 3 64
711 16 6 64
3036 16 5 64
2962 15 5 64
726 1 12 64
1403 0 7 64
3456 1 5 64
1845 1 6 64
1897 1 7 64
262 2 8 64
2132 2 7 64
166 6 0 64
2698 5 0 64
452 12 19 64
2589 0 19 65
3507 1 19 65
3699 2 2 65
757 4 0 65
2079 7 19 65
322 5 5 65
393 5 4 65
1159 4 3 65
2874 17 15 65
625 19 13 65
2136 19 12 65
3648 11 11 65
392 17 2 65
993 14 3 65
744 19 11 65
3658 11 13 65
3558 11 12 65
3733 12 12 65
666 1 15 66
2466 0 0 66
1713 6 19 66
651 3 14 66
2088 19 18 66
3544 19 15 66
895 2 14 66
689 4 14 66
425 2 15 66
1691 2 16 66
2478 2 17 66
441 1 0 66
2411 2 0 66
2771 2 1 66
1213 0 17 67
2231 0 18 67
3191 6 18 67
2035 6 16 67
891 4 16 67
1844 19 19 67
2486 18 19 67
1676 19 17 67
2246 3 13 67
1500 2 4 67
2062 11 18 67
2395 11 17 67
2805 11 16 67
3231 12 16 67
1687 17 13 67
1852 17 12 67
1880 14 13 67
2755 16 10 67
1791 14 11 67
1887 8 9 67
1724 10 9 67
3198 19 4 67
3306 17 3 67
2460 9 4 67
1147 11 4 67
537 14 2 67
662 19 3 67
1935 18 4 67
118 18 3 67
2968 18 2 67
3057 18 1 67
208 18 0 67
1628 17 0 67
255 16 0 67
3256 9 3 67
3 10 4 67
240 1 18 67
1905 7 18 67
3218 19 16 67
784 11 15 67
1178 12 18 67
222 10 17 68
2929 10 18 68
3566 9 18 68
3815 4 1 68
2051 8 0 68
2555 10 11 68
487 17 19 68
1821 16 19 68
2242 16 18 68
2613 16 17 68
1163 4 5 68
1914 11 9 68
764 10 3 68
1132 11 3 68
2094 10 1 68
2333 10 2 68
2057 11 2 68
1136 11 1 68
2356 12 1 68
751 16 2 68
214 10 12 68
2300 10 13 68
2480 15 17 68
248 3 19 69
447 4 19 69
2334 0 13 69
2692 1 13 69
2841 6 0 69
290 17 18 69
798 2 5 69
2739 8 18 69
2824 8 17 69
2362 10 15 69
3289 10 14 69
2857 15 19 69
3435 14 19 69
3651 14 18 69
33 7 12 69
93 7 11 69
924 14 16 69
2503 10 10 69
3044 14 12 69
3029 15 7 69
3696 16 7 69
2350 14 8 69
3422 14 4 69
1200 16 6 69
2684 16 5 69
3757 15 5 69
1024 1 12 69
482 2 13 69
1150 2 12 69
2184 2 19 69
2689 9 17 69
2609 1 5 69
1137 5 0 69
660 7 0 69
2040 18 18 69
3767 18 17 69
3193 11 10 69
3548 12 10 69
1973 13 18 69
1980 13 17 69
2957 13 16 69
1339 0 15 70
3673 0 16 70
239 2 16 70
2097 1 18 70
2290 5 19 70
178 4 14 70
1455 4 13 70
1464 6 13 70
2017 1 9 70
2487 1 8 70
2632 3 8 70
857 14 14 70
2744 12 14 70
1222 12 4 70
2324 7 18 70
318 1 16 70
2819 1 17 70
114 2 17 70
433 2 18 70
1630 3 18 70
524 2 8 70
3204 12 15 70
2865 13 15 70
3050 13 14 70
1029 0 1 71
2751 1 1 71
3129 3 16 71
3785 2 10 71
2186 10 16 71
2291 6 1 71
2851 7 1 71
89 5 3 71
2409 6 3 71
3286 7 3 71
866 4 6 71
2005 2 6 71
3375 6 12 71
2419 4 8 71
2966 6 5 71
3535 6 9 71
3107 14 6 71
3445 2 15 71
1074 3 15 71
2263 4 15 71
1398 7 9 71
2887 1 6 71
3217 1 7 71
850 2 7 71
9 1 0 71
22 2 0 71
3836 2 1 71
941 5 6 71
932 8 1 71
3524 6 4 71
476 5 18 72
1373 3 1 72
1542 4 2 72
2822 4 4 72
3621 5 14 72
1664 7 14 72
3571 9 15 72
2116 17 16 72
3133 16 15 72
986 7 4 72
1360 17 9 72
1492 16 13 72
2 12 3 72
3454 12 2 72
1555 5 13 72
1300 9 16 72
496 16 14 72
76 16 16 72
684 5 16 73
221 4 12 73
3397 5 12 73
1224 6 8 73
1400 7 5 73
2078 19 11 73
2255 19 10 73
3187 19 9 73
1468 17 7 73
1936 14 5 73
1315 9 1 73
1456 14 1 73
3628 12 1 73
1891 9 0 73
3058 10 0 73
694 8 16 73
1552 15 18 73
644 15 17 73
1993 15 16 73
2986 15 15 73
3059 15 14 73
3540 15 13 73
426 4 11 74
939 5 11 74
2117 6 11 74
3604 9 14 74
1253 16 12 74
3505 12 13 74
3652 19 8 74
2317 18 3 74
1629 19 1 74
827 19 3 74
1946 19 2 74
185 18 2 74
1751 19 7 74
2658 10 13 74
2763 9 13 74
495 15 12 74
3259 11 13 74
1353 11 12 74
3158 12 12 74
517 0 19 75
1913 1 19 75
2546 2 19 75
2703 3 18 75
652 0 10 75
654 1 10 75
681 0 11 75
707 1 11 75
833 0 12 75
1548 0 9 75
2238 0 8 75
3131 3 9 75
3167 5 8 75
3770 7 6 75
348 7 9 75
713 7 8 75
2202 17 10 75
2709 18 10 75
3798 11 7 75
3712 18 9 75
3135 18 8 75
3028 18 7 75
1666 1 12 75
1605 4 9 75
2105 5 9 75
2294 2 18 75
242 0 14 76
624 1 14 76
1683 2 14 76
2123 0 2 76
2756 1 2 76
2910 0 3 76
3716 1 3 76
1054 3 2 76
413 4 15 76
1879 7 13 76
2288 9 6 76
2604 8 8 76
704 12 6 76
2641 12 7 76
3538 15 5 76
197 19 0 76
380 5 15 76
586 2 9 76
1741 2 8 76
2990 16 9 76
738 17 17 76
213 3 15 77
2780 2 15 77
2234 4 0 77
3022 5 0 77
1662 0 4 77
2208 1 4 77
3206 0 5 77
3291 1 5 77
3821 1 6 77
478 11 19 77
1633 12 19 77
2346 12 18 77
2926 19 5 77
2436 17 1 77
1022 16 2 77
384 18 1 77
2244 18 0 77
2427 17 0 77
167 16 6 77
1443 17 6 77
825 18 6 77
1665 18 4 77
2871 9 3 77
1335 9 2 77
532 10 2 77
558 11 2 77
2303 11 1 77
3385 11 0 77
3832 12 0 77
3197 0 18 77
1903 1 15 78
997 0 17 78
1018 6 16 78
1065 10 18 78
3492 9 18 78
611 4 1 78
3132 6 14 78
3617 19 14 78
714 13 19 78
923 11 12 78
1777 12 12 78
244 12 10 78
677 6 15 78
2321 10 17 78
2484 9 17 78
3120 9 16 78
1434 8 16 78
137 0 0 79
1512 1 0 79
1886 2 0 79
1894 4 16 79
2537 0 13 79
2764 1 13 79
3021 19 19 79
843 7 19 79
3337 7 18 79
3567 6 0 79
892 0 6 79
1193 10 11 79
1819 10 12 79
2341 17 14 79
420 11 13 79
854 11 14 79
1441 11 15 79
1957 12 15 79
2852 15 17 79
1612 12 17 79
3083 11 6 79
1861 1 12 79
3708 3 19 79
816 4 19 79
1221 4 18 79
1569 10 6 79
2467 10 7 79
2724 0 7 79
1853 1 7 79
2734 2 7 79
140 16 14 79
613 0 15 80
2424 0 16 80
2660 6 19 80
3586 17 19 80
737 18 17 80
2906 17 17 80
3659 15 18 80
1929 6 4 80
1919 14 17 80
3269 19 6 80
1211 12 11 80
1406 19 7 80
1771 6 18 80
599 18 19 80
2372 2 16 81
2783 3 16 81
1440 0 1 81
2028 1 1 81
3527 8 16 81
387 3 14 81
2358 3 13 81
365 4 3 81
574 19 17 81
734 19 16 81
3208 18 16 81
1924 17 15 81
809 16 19 81
2148 10 15 81
2893 2 10 81
2520 17 8 81
2970 18 8 81
3777 18 7 81
1496 18 6 81
278 2 13 81
15 1 16 81
667 15 8 81
2787 16 8 81
2825 18 15 81
3195 18 14 81
584 10 19 82
1237 9 19 82
1462 8 19 82
2581 3 0 82
2401 10 16 82
1013 5 13 82
3741 4 2 82
921 6 1 82
717 2 4 82
1210 4 4 82
3095 10 2 82
2648 14 7 82
2006 10 17 82
2368 8 18 82
736 3 1 82
2795 2 1 82
1249 2 2 82
1955 7 0 82
293 8 0 82
765 8 1 82
1493 7 1 82
823 11 11 82
905 19 18 82
1294 18 18 82
1674 17 18 82
2866 16 18 82
3563 16 17 82
186 11 18 82
1976 11 17 82
3441 11 16 82
3487 12 16 82
54 15 19 82
562 14 19 82
2206 14 18 82
3112 13 18 82
6 13 17 82
3274 0 18 83
311 2 18 83
1172 4 19 83
3234 5 19 83
756 6 18 83
1551 6 17 83
1824 4 5 83
3751 2 11 83
157 6 2 83
75 5 4 83
790 8 2 83
419 17 2 83
2652 5 18 83
749 7 2 83
1581 17 12 83
2972 17 13 83
2856 18 13 83
3526 19 13 83
367 13 1 83
632 13 2 83
928 4 18 84
3451 5 14 84
3580 4 14 84
3584 2 5 84
642 3 11 84
668 4 11 84
1550 5 11 84
201 1 9 84
955 2 9 84
2983 1 8 84
3460 2 8 84
1566 8 17 84
1374 7 14 84
2020 9 17 84
860 9 16 84
1482 9 15 84
1917 7 17 84
2357 7 16 84
230 4 13 84
635 3 10 84
1848 4 10 84
1070 13 16 84
3075 14 16 84
1262 0 19 85
1536 1 19 85
2302 9 14 85
2843 2 6 85
1149 3 8 85
3077 4 8 85
637 4 6 85
3031 6 9 85
1796 6 11 85
2919 6 13 85
942 16 15 85
2104 14 15 85
352 10 14 85
1378 10 13 85
1479 9 13 85
1907 1 18 85
1010 2 19 85
1599 3 19 85
2880 3 18 85
2330 17 16 85
1113 13 15 85
3293 9 5 85
2468 0 10 86
3127 0 11 86
872 0 14 86
1561 1 14 86
1786 2 14 86
2661 2 13 86
1963 0 2 86
803 0 9 86
2702 0 8 86
1805 3 9 86
1964 4 9 86
438 1 10 86
3275 1 11 86
347 0 7 86
949 8 3 86
444 5 5 86
515 14 3 86
506 0 3 87
2483 1 3 87
335 4 0 87
1652 5 0 87
2897 5 1 87
539 0 12 87
3736 7 11 87
1595 9 12 87
1728 8 4 87
82 1 2 87
1099 8 5 87
650 5 2 87
1068 5 3 87
914 6 3 87
2802 9 11 87
1194 12 0 87
2058 10 0 87
2562 11 0 87
231 11 1 87
2345 10 1 87
3312 16 1 87
253 15 1 87
1428 15 2 87
2065 2 17 88
2099 3 17 88
2438 2 2 88
730 7 13 88
800 6 5 88
1063 8 6 88
1318 5 6 88
2583 17 9 88
2891 2 3 88
2339 10 6 88
3117 9 6 88
358 0 17 89
882 0 0 89
1299 1 0 89
2121 2 0 89
2254 0 13 89
277 4 16 89
2498 6 16 89
3574 0 4 89
414 17 7 89
459 16 7 89
342 12 9 89
3380 7 9 89
972 8 9 89
1535 9 9 89
1610 10 9 89
2152 11 9 89
2495 1 13 89
373 1 12 89
2124 2 12 89
1162 4 17 89
1800 5 17 89
3091 5 16 89
2465 6 6 89
1426 1 4 89
170 0 16 90
760 0 15 90
3783 6 19 90
2226 7 19 90
1817 8 18 90
3239 9 18 90
3465 6 14 90
2530 4 1 90
2848 11 10 90
2858 10 10 90
3795 9 10 90
490 19 15 90
832 18 15 90
133 17 19 90
1179 18 19 90
2298 19 19 90
943 19 18 90
2399 7 18 90
2889 7 17 90
723 6 0 90
2653 7 0 90
3387 8 0 90
703 8 1 90
1038 7 1 90
1269 7 2 90
320 2 16 91
575 3 16 91
1145 3 12 91
2159 10 13 91
3411 9 13 91
108 10 12 91
2187 10 11 91
2778 9 11 91
3508 1 5 91
2107 0 7 91
2876 11 19 91
3351 12 19 91
2412 15 19 91
2736 14 19 91
2758 13 19 91
2393 15 15 91
1141 0 5 91
1688 0 6 91
2570 1 6 91
3762 1 7 91
101 2 7 91
2496 8 16 92
1962 0 1 92
2955 1 2 92
3680 19 14 92
354 18 7 92
2265 7 3 92
2635 1 1 92
808 2 1 92
2590 0 18 93
2835 3 14 93
2844 18 18 93
3192 17 18 93
2539 18 17 93
2675 16 18 93
3053 17 17 93
3161 16 17 93
2351 19 13 93
418 3 0 93
3377 3 1 93
3794 10 8 93
3810 9 8 93
457 9 6 93
1192 19 12 93
1415 19 7 93
1582 19 8 93
1792 18 8 93
2223 18 9 93
91 19 9 93
279 12 5 93
2449 11 5 93
841 10 5 93
1753 9 5 93
863 2 18 94
1578 3 18 94
1699 2 19 94
1888 3 19 94
2445 4 19 94
3103 7 6 94
3731 10 6 94
1748 12 0 94
2010 11 0 94
2071 10 0 94
505 9 0 94
775 0 19 95
1184 1 19 95
3692 0 16 95
1225 0 15 95
307 14 8 95
1923 13 8 96
1958 8 14 96
2812 19 6 97
3055 18 6 97
2801 17 6 97
