2474
2269 0 19 1
1946 2 19 1
2217 0 17 1
916 4 19 1
1389 2 17 1
1462 0 15 1
2660 0 14 1
3092 1 14 1
65 0 12 1
2674 3 14 1
69 2 12 1
3024 0 10 1
1505 4 17 1
3920 5 17 1
3003 6 16 1
585 19 19 1
2263 18 19 1
3138 19 17 1
3923 16 19 1
3238 17 17 1
1382 19 15 1
180 6 19 1
2768 8 19 1
3046 8 17 1
3508 9 19 1
430 19 16 1
2924 19 18 1
2506 18 17 1
2762 18 18 1
2498 17 19 1
2850 17 18 1
120 9 18 1
363 15 19 1
1123 14 19 1
3645 13 19 1
1999 12 19 1
2760 11 19 1
200 0 9 1
1568 0 11 1
2449 8 18 1
248 7 19 1
2387 7 18 1
1781 0 18 1
2707 1 19 1
637 5 16 1
2204 4 16 1
278 3 17 1
2168 1 15 1
2248 2 14 1
2399 2 15 1
2316 3 15 1
2014 3 16 1
3154 2 16 1
839 0 16 1
1352 3 19 1
73 5 19 1
3010 3 12 1
1146 4 12 1
2881 5 12 1
3765 6 12 1
2410 7 12 1
441 0 13 1
273 15 0 1
1255 16 0 1
1872 15 1 1
925 17 0 1
1759 16 1 1
2327 15 2 1
510 18 0 1
2196 17 1 1
2610 16 2 1
2763 15 3 1
3038 19 0 1
3401 18 1 1
3812 17 2 1
102 16 3 1
644 15 4 1
1484 19 1 1
2929 18 2 1
2044 17 3 1
2771 16 4 1
3047 15 5 1
203 14 6 1
29 19 2 1
742 18 3 1
1288 17 4 1
2959 16 5 1
3302 15 6 1
757 13 6 1
2683 13 4 1
3499 14 7 1
683 19 3 1
1299 18 4 1
1815 17 5 1
3530 16 6 1
1166 15 7 1
83 12 6 1
1292 12 4 1
232 13 7 1
2226 13 3 1
2370 14 8 1
2590 19 4 1
2798 18 5 1
3867 17 6 1
251 16 7 1
1317 15 8 1
1757 11 6 1
1979 11 4 1
531 12 7 1
1302 12 3 1
3354 13 8 1
732 13 2 1
1558 14 9 1
2694 19 5 1
2738 18 6 1
3666 17 7 1
3247 16 8 1
3651 15 9 1
2307 10 6 1
283 10 4 1
2706 11 7 1
3209 11 3 1
50 12 8 1
635 12 2 1
3084 13 9 1
1190 13 1 1
1224 14 10 1
2048 1 16 2
1876 17 16 2
2481 16 16 2
1013 18 14 2
2718 14 16 2
963 16 14 2
2935 18 12 2
1712 18 16 2
1212 18 15 2
748 17 14 2
2915 17 15 2
2022 16 15 2
3543 10 19 2
1339 9 17 2
1995 10 17 2
1083 10 18 2
3260 11 18 2
2474 15 16 2
1008 17 12 2
1237 16 12 2
1220 15 12 2
1354 14 12 2
1573 13 12 2
3173 1 12 2
505 1 13 2
1561 2 13 2
1647 3 13 2
2049 4 15 2
3372 5 15 2
1606 6 15 2
2572 8 16 2
87 1 17 2
512 1 18 2
592 2 18 2
616 3 18 2
2900 4 18 2
650 19 14 2
3103 13 0 2
1320 15 18 3
1512 14 18 3
1636 12 18 3
2603 19 13 3
3507 18 13 3
2801 15 15 3
2116 13 15 3
2144 12 15 3
3336 11 17 3
3316 10 16 3
1780 19 12 3
1992 19 11 3
2166 18 11 3
1129 17 11 3
1593 16 11 3
3941 17 13 3
495 16 13 3
854 16 18 3
573 16 17 3
970 15 17 3
1806 14 17 3
1650 12 17 3
886 13 18 3
2486 13 17 3
2030 9 16 3
3061 14 15 3
3011 5 18 3
132 6 18 3
823 6 17 3
1824 7 17 3
1996 7 16 3
1074 10 15 4
130 14 14 4
1975 15 11 4
2438 14 11 4
53 15 14 4
3185 15 13 4
3546 14 13 4
513 9 15 4
912 9 14 4
3240 10 14 4
3019 13 16 4
3674 12 16 4
46 11 16 4
372 11 15 4
3269 7 15 4
550 8 15 4
1408 8 14 4
1566 7 14 4
2748 6 14 4
2455 0 0 5
3705 1 0 5
1774 0 2 5
1997 3 0 5
2836 1 2 5
1495 0 4 5
2292 2 11 5
2629 3 11 5
3658 2 10 5
3896 4 11 5
2145 1 8 5
3375 3 9 5
3806 5 14 5
383 13 14 5
1469 12 12 5
1597 10 13 5
2112 12 11 5
1452 0 6 5
3825 1 6 5
466 3 6 5
1708 2 4 5
3600 11 10 5
648 7 11 5
2966 4 8 5
1665 0 5 5
392 3 1 5
301 0 1 5
549 1 1 5
1282 2 0 5
1437 2 1 5
2689 2 2 5
1782 3 2 5
3083 3 4 5
1486 4 4 5
2488 5 4 5
1591 6 4 5
2739 7 4 5
504 0 3 5
622 2 6 5
571 13 11 5
377 13 10 5
459 12 10 5
754 12 9 5
490 9 13 5
2199 9 12 5
2994 10 12 5
758 13 13 5
1343 11 14 5
3650 12 14 5
3722 12 13 5
3823 11 13 5
239 11 12 5
1680 3 10 5
387 4 9 5
2015 4 10 5
1745 6 11 5
1841 5 11 5
3893 5 10 5
2857 6 10 5
324 7 10 5
3925 4 14 5
1153 4 13 5
1289 5 13 5
3378 6 13 5
2007 7 13 5
1978 0 8 5
2908 0 7 5
3610 1 7 5
1142 3 8 5
1896 1 11 5
1447 1 10 5
2805 1 9 5
2861 2 9 5
28 2 8 5
1852 4 0 6
2886 5 0 6
2402 4 2 6
2279 7 0 6
2831 8 0 6
131 6 2 6
1648 2 3 6
717 5 8 6
3696 5 9 6
3636 7 9 6
499 7 7 6
101 1 3 6
1110 1 4 6
1821 1 5 6
2241 2 5 6
2255 3 5 6
54 11 11 6
2137 9 11 6
3285 10 11 6
3596 10 10 6
3588 9 10 6
971 2 7 6
889 3 7 6
1899 4 7 6
2635 5 7 6
3407 6 7 6
2460 8 13 6
1588 8 12 6
1977 8 11 6
2715 8 10 6
2430 8 9 6
1303 8 7 6
1479 4 1 6
2256 7 2 6
1600 8 2 6
2281 8 3 6
2317 7 3 6
472 6 3 6
1784 6 0 6
3270 12 0 7
562 10 0 7
1570 9 0 7
1734 10 1 7
3477 4 6 7
2167 6 6 7
2962 7 6 7
3412 8 6 7
1187 10 9 7
1429 10 7 7
1877 10 3 7
2326 8 4 7
3345 15 5 7
1753 14 6 7
2708 19 1 7
2949 18 1 7
529 16 1 7
3732 17 3 7
1560 16 4 7
3076 15 3 7
3266 19 0 7
160 18 0 7
623 15 4 7
674 4 5 7
2794 5 6 7
2228 5 5 7
538 6 5 7
634 7 5 7
2124 8 5 7
2611 11 9 7
1332 6 8 7
2483 7 8 7
2594 9 9 7
2516 11 0 7
1820 15 1 7
2077 14 1 7
2172 16 3 7
3870 14 7 8
1703 12 4 8
2737 12 6 8
3393 13 6 8
3727 19 3 8
3945 19 2 8
802 12 1 9
1018 11 8 9
2839 10 8 9
2856 12 7 9
2495 14 9 9
2548 15 10 9
3140 16 10 9
1151 18 10 9
1651 16 8 9
1797 19 10 9
3612 18 9 9
35 12 3 9
199 11 4 9
3695 19 7 9
294 17 7 9
3162 19 5 9
2600 15 6 9
2503 16 5 9
1488 19 4 9
3799 19 6 9
2967 13 7 9
1184 17 10 9
1565 19 9 9
391 19 8 9
646 18 7 9
789 18 8 9
1130 17 8 9
1855 17 9 9
3910 11 1 9
1024 14 10 10
2363 11 9 10
1006 12 8 10
3922 10 2 10
385 11 3 10
1359 10 4 10
1838 10 6 10
1036 13 0 10
2062 16 9 10
3750 17 5 10
895 17 4 10
2222 13 10 10
596 12 10 10
997 12 9 10
691 13 9 10
2937 13 8 10
2965 14 8 10
1895 15 9 10
3235 15 8 10
15 15 7 10
564 16 7 10
96 16 6 10
483 17 6 10
1100 18 6 10
2625 18 5 10
3095 18 4 10
1603 18 3 10
3195 18 2 10
843 11 7 10
2058 11 6 10
939 11 2 10
1250 12 2 10
1901 13 1 10
1709 13 2 10
415 13 3 10
1853 13 4 10
975 0 19 11
1465 1 19 11
1629 0 18 11
1870 8 15 11
2291 8 14 11
2356 6 14 11
3248 6 13 11
3557 0 16 12
107 2 19 12
2000 3 19 12
3028 6 9 12
708 0 17 12
2424 0 13 13
2963 1 13 13
2991 0 14 13
182 3 13 13
2524 1 16 13
3542 1 18 13
40 3 18 13
2151 4 18 13
3707 3 17 13
129 5 13 13
1097 0 15 13
2504 3 16 13
1325 1 17 13
1318 2 18 13
1970 2 17 13
2633 2 16 13
1857 4 19 13
230 5 19 13
3678 5 18 13
3735 18 15 14
1910 15 16 14
749 1 14 14
842 3 14 14
3535 2 13 14
3593 0 12 14
1193 6 18 14
1455 6 17 14
1694 0 8 14
1952 12 13 14
1161 0 7 14
1269 1 7 14
2803 1 15 14
514 2 14 14
1135 7 17 14
3522 7 16 14
1917 12 14 14
2103 18 16 14
2833 16 15 14
3842 0 0 15
281 2 0 15
1736 0 11 15
226 1 10 15
1717 5 15 15
2447 6 15 15
2528 8 13 15
2042 6 12 15
3442 6 11 15
337 0 10 15
1065 0 9 15
478 1 9 15
206 1 0 15
2371 13 13 16
704 19 14 16
1737 0 1 16
761 2 9 16
1254 2 8 16
2312 4 0 16
3207 5 0 16
185 2 7 16
1374 3 7 16
1763 4 7 16
1818 5 7 16
502 18 14 16
142 14 13 16
3598 15 13 16
511 16 13 16
1071 17 13 16
1497 15 18 17
2644 13 18 17
3289 4 17 17
3349 3 16 17
1969 7 15 17
411 0 2 17
755 1 2 17
1719 3 2 17
726 3 0 17
3315 5 3 17
3807 6 0 17
202 2 16 17
736 2 15 17
1297 3 15 17
2358 5 18 17
3130 5 17 17
527 7 14 17
3077 7 13 17
1061 14 18 17
2 1 1 17
2032 17 14 18
2487 3 12 18
2238 2 10 18
371 5 12 18
996 2 2 18
1191 3 3 18
1404 0 3 18
2412 0 4 18
3371 5 2 18
1532 7 0 18
2071 8 0 18
3184 9 0 18
409 10 1 18
3115 5 6 18
2840 6 8 18
2348 7 6 18
2214 14 8 18
593 15 8 18
800 0 5 18
890 7 8 18
1376 5 11 18
803 7 16 18
658 6 16 18
1863 5 16 18
3190 4 16 18
2684 2 12 18
2648 1 12 18
3492 1 11 18
1032 2 1 18
1664 3 1 18
1509 4 3 18
1536 4 2 18
2351 4 1 18
2405 5 1 18
442 10 0 18
1477 17 15 19
2982 13 16 19
103 12 18 19
508 3 10 19
2170 17 13 19
1422 6 7 19
3279 8 6 19
3905 12 10 19
1329 12 4 19
1840 11 6 19
1095 14 7 19
1395 15 7 19
1938 19 4 19
2637 19 3 19
401 19 2 19
2313 6 6 19
1644 18 14 19
2944 18 13 19
923 19 13 19
1099 19 12 19
328 19 11 19
1520 18 11 19
2184 17 11 19
1256 16 11 19
2385 15 11 19
2401 14 11 19
1981 16 13 20
3317 15 13 20
1364 14 15 20
1241 5 7 20
1914 7 13 20
3718 7 12 20
157 9 10 20
903 9 9 20
3627 11 9 20
3728 9 7 20
1150 11 0 20
2249 12 0 20
2834 11 1 20
824 10 3 20
1912 8 4 20
3523 14 10 20
1928 12 6 20
1368 9 6 20
319 4 7 20
423 1 9 20
2357 1 8 20
798 1 7 20
2704 2 7 20
2772 3 7 20
788 3 8 20
1858 3 9 20
2178 8 12 20
2467 8 11 20
1526 1 19 21
1965 0 19 21
2606 0 18 21
124 19 19 21
381 18 19 21
536 17 16 21
188 8 15 21
1685 6 13 21
1974 7 1 21
1272 6 3 21
428 8 2 21
862 12 9 21
948 11 2 21
3152 12 2 21
1843 10 7 21
2461 11 7 21
1091 2 3 21
2164 1 3 21
3204 1 4 21
991 8 1 21
2128 9 1 21
2932 8 14 21
1113 7 14 21
1635 6 14 21
2105 12 1 21
1304 0 16 22
2665 0 15 22
2948 1 15 22
3040 19 18 22
3203 17 19 22
1788 5 14 22
2375 10 15 22
3141 10 14 22
741 1 5 22
365 17 9 22
3713 17 10 22
1460 9 11 22
1627 11 11 22
2229 15 8 22
1337 12 7 22
1054 10 2 22
3622 9 2 22
857 0 17 22
957 9 15 22
1831 9 14 22
848 3 19 23
1744 4 19 23
3155 2 19 23
1766 19 16 23
2466 19 17 23
1498 0 14 23
2210 0 13 23
3287 15 17 23
1247 5 8 23
236 14 13 23
1249 9 13 23
2792 10 13 23
3469 9 12 23
2108 16 10 23
2174 15 10 23
3872 19 10 23
643 19 8 23
1162 15 5 23
3332 15 4 23
762 19 9 23
1094 18 10 23
1770 18 9 23
794 5 19 23
727 6 9 23
947 5 9 23
1436 1 18 24
3139 1 16 24
3483 10 18 24
3559 11 18 24
2086 16 19 24
809 1 13 24
1909 15 16 24
2134 3 13 24
219 10 12 24
669 10 11 24
785 10 10 24
1186 10 9 24
426 9 6 24
2601 10 6 24
1956 10 4 24
2081 15 9 24
2261 14 9 24
3324 12 3 24
296 11 3 24
2642 11 4 24
1934 1 12 24
339 1 17 24
413 15 19 24
336 10 19 24
2902 11 19 24
613 12 19 24
1468 13 19 24
3914 14 19 24
1003 14 18 24
3831 3 18 25
68 4 18 25
1530 1 14 25
3070 2 14 25
897 1 9 25
3226 1 8 25
1420 18 16 25
2899 0 0 25
3642 1 0 25
2940 12 15 25
2693 13 0 25
548 14 6 25
744 18 8 25
832 16 9 25
1085 17 5 25
1211 17 4 25
1930 19 2 25
3719 19 1 25
3004 19 0 25
2873 17 8 25
149 16 8 25
990 16 7 25
3470 16 6 25
946 0 5 25
1245 0 6 25
2119 1 6 25
3688 3 17 25
16 2 18 25
1489 2 17 25
1553 2 16 25
2818 2 15 25
2556 13 1 25
2661 13 2 25
3259 13 3 25
587 13 4 25
487 18 17 26
1794 16 18 26
3150 0 9 26
3814 0 10 26
76 3 15 26
437 19 15 26
1208 14 16 26
1298 2 0 26
1814 13 13 26
2152 13 15 26
1567 19 7 26
3277 19 6 26
952 17 2 26
3252 18 0 26
57 15 2 26
604 17 0 26
2945 18 18 26
801 17 18 26
3307 17 17 26
1746 16 17 26
3251 16 16 26
3481 16 2 26
790 6 16 27
909 4 16 27
2176 4 15 27
2971 0 11 27
1366 1 10 27
1367 2 13 27
2596 5 13 27
713 19 14 27
2377 3 6 27
2582 4 6 27
163 18 7 27
3201 15 1 27
3599 2 6 27
915 3 14 27
475 4 14 27
2271 4 13 27
3062 0 12 28
3087 1 12 28
125 3 12 28
2470 5 1 28
524 5 11 28
900 6 12 28
1360 1 3 28
1801 2 3 28
2532 1 4 28
1132 3 4 28
1544 8 3 28
3179 5 4 28
1548 2 4 28
3930 2 5 28
523 3 5 28
33 6 1 28
429 6 2 28
764 7 2 28
1029 7 3 28
2191 7 4 28
2557 6 4 28
2811 9 3 28
3932 9 4 28
3360 1 11 28
2353 2 12 28
986 6 11 28
1615 7 16 29
2050 7 17 29
234 15 19 29
961 14 19 29
1430 0 1 29
3890 2 2 29
2359 17 8 29
2609 17 7 29
3206 16 8 29
1405 16 7 29
3311 1 1 29
2159 2 1 29
2391 3 1 29
2588 5 12 29
651 4 12 29
47 15 18 29
14 3 16 30
49 7 19 30
2130 6 19 30
2224 5 19 30
3887 5 18 30
479 0 8 30
2332 0 7 30
1414 2 8 30
808 14 15 30
907 13 19 30
2584 13 18 30
2622 13 16 30
3159 7 13 30
1574 19 5 30
1141 5 0 30
451 4 0 30
1105 1 7 30
2817 2 7 30
3591 3 7 30
402 3 8 30
2862 14 18 30
3101 14 17 30
3585 13 17 30
314 1 19 31
987 0 19 31
1492 0 18 31
2561 0 17 31
3263 7 15 31
357 18 14 31
2855 3 9 31
3230 4 11 31
978 12 19 31
1005 7 12 31
2242 11 13 31
1467 9 7 31
1481 11 10 31
2303 11 9 31
876 3 3 31
663 3 11 31
2672 2 11 31
2060 2 9 31
3790 2 10 31
18 9 10 31
32 9 9 31
227 11 12 31
3333 18 15 31
194 0 16 32
366 0 15 32
3686 1 15 32
164 19 18 32
298 18 18 32
1118 12 16 32
3462 17 13 32
2640 16 13 32
3683 5 10 32
1534 7 10 32
1775 7 11 32
2593 7 8 32
2885 8 6 32
885 15 6 32
3566 16 6 32
2400 12 10 32
2727 17 3 32
208 17 6 32
888 18 6 32
1426 18 5 32
966 6 11 32
1519 6 10 32
1197 2 15 32
498 18 13 32
267 19 13 32
1126 19 12 32
3734 19 11 32
1415 18 11 32
2501 17 11 32
3105 16 11 32
3172 15 11 32
1181 14 11 32
1322 15 13 32
1773 4 19 33
1731 8 19 33
1866 8 18 33
630 1 17 33
1471 19 19 33
682 0 3 33
2507 0 4 33
2285 7 7 33
2223 12 0 33
3500 11 4 33
3064 11 6 33
706 0 5 33
2973 0 6 33
486 1 6 33
1601 7 18 33
1966 6 18 33
464 8 7 33
3186 18 19 33
353 1 18 34
1678 17 19 34
1846 0 2 34
2012 1 2 34
2388 5 2 34
1630 2 6 34
2662 7 1 34
3425 8 1 34
1055 10 2 34
1539 6 4 34
3625 8 4 34
560 11 3 34
2534 11 0 34
3733 11 1 34
3684 14 10 34
3057 12 4 34
2492 19 3 34
445 16 5 34
965 19 4 34
1345 18 4 34
1823 18 3 34
2654 18 2 34
3400 18 1 34
3034 17 1 34
1000 16 4 34
2131 6 1 34
1894 10 3 34
3544 16 7 34
3834 15 7 34
796 14 7 34
612 1 16 34
2773 6 15 35
3214 4 12 35
3609 4 13 35
3811 6 13 35
3840 10 19 35
1787 12 17 35
1772 9 15 35
747 7 0 35
1434 10 0 35
1982 8 2 35
2350 12 9 35
2074 12 6 35
494 8 0 35
629 9 0 35
694 2 19 35
913 3 19 35
2433 9 14 35
2202 12 18 35
2148 11 19 35
2047 3 18 36
2409 3 8 36
1401 13 17 36
2054 14 17 36
3286 14 18 36
3729 15 18 36
10 6 17 36
711 19 16 36
1515 19 17 36
2245 18 17 36
3217 17 17 36
1014 0 10 36
1257 0 9 36
2866 5 6 36
678 15 3 36
730 16 3 36
419 10 1 36
2952 9 1 36
3290 9 2 36
1264 2 18 36
3169 17 18 36
1441 0 13 37
3278 1 13 37
539 3 17 37
3538 5 17 37
455 4 15 37
2110 3 13 37
1443 0 11 37
2055 1 11 37
1740 2 9 37
680 17 16 37
3808 19 15 37
3178 2 0 37
416 3 2 37
641 1 6 37
1218 0 6 37
949 0 5 37
210 1 5 37
364 2 5 37
1253 3 3 37
2420 0 14 37
3766 1 14 37
2809 2 17 37
2891 14 16 37
1472 11 2 37
1508 6 16 38
343 3 15 38
398 3 14 38
968 4 14 38
1047 0 12 38
3366 1 12 38
3550 5 12 38
67 15 17 38
1836 15 16 38
3699 9 19 38
1115 9 16 38
2096 0 0 38
2970 1 0 38
3211 18 16 38
2536 1 10 38
3399 13 15 38
1088 13 13 38
3035 10 14 38
225 7 9 38
3472 3 5 38
936 10 12 38
670 9 10 38
1270 9 9 38
3253 10 7 38
98 9 3 38
553 9 4 38
3444 19 7 38
718 16 2 38
1340 19 6 38
2426 1 9 38
2806 5 13 38
378 11 7 38
734 11 12 38
201 18 15 38
1213 10 15 38
3306 11 18 38
3367 10 18 38
3736 9 18 38
1260 9 17 38
418 10 17 38
521 11 17 38
849 11 16 38
1711 6 18 39
485 8 17 39
973 19 14 39
1811 19 13 39
2705 3 0 39
2602 6 9 39
2595 12 15 39
3167 5 3 39
1722 6 2 39
3037 7 6 39
2339 9 6 39
2867 15 1 39
204 3 6 39
1021 4 6 39
1373 6 8 39
165 6 3 39
2364 7 2 39
919 7 3 39
229 7 4 39
3404 10 6 39
927 11 15 39
351 5 18 40
519 5 19 40
3528 6 19 40
224 3 16 40
1149 14 19 40
1634 15 19 40
2209 0 1 40
3017 17 15 40
3176 15 15 40
1906 15 13 40
2819 19 12 40
55 19 11 40
2529 17 12 40
2647 16 12 40
955 13 12 40
1726 18 10 40
312 16 8 40
2421 13 0 40
700 12 2 40
2837 12 3 40
619 14 8 40
2851 17 6 40
150 17 2 40
655 18 6 40
750 1 1 40
566 10 3 40
2013 10 4 40
3511 18 9 40
735 7 19 40
3800 7 18 40
2100 12 1 40
1813 13 1 40
2744 13 2 40
352 13 3 40
1275 13 4 40
465 0 17 41
1521 3 19 41
1879 3 12 41
1954 3 11 41
3408 8 16 41
3687 8 15 41
1514 0 8 41
3772 0 7 41
3892 18 13 41
432 10 13 41
2200 15 12 41
834 16 9 41
106 16 3 41
1067 16 4 41
2072 17 4 41
804 13 6 41
231 19 0 41
799 19 2 41
258 19 1 41
289 17 5 41
369 18 5 41
633 18 4 41
2195 18 3 41
1614 9 14 41
390 9 13 41
692 9 12 41
3406 9 11 41
1476 18 12 41
1049 18 11 41
1087 17 11 41
2650 16 11 41
2774 15 11 41
636 0 18 42
2413 0 19 42
3059 1 19 42
3351 2 19 42
3618 1 16 42
3514 0 14 42
3848 1 14 42
3795 5 0 42
830 2 8 42
1550 4 8 42
1659 16 10 42
3005 15 10 42
62 17 1 42
1375 16 1 42
649 15 2 42
1122 6 0 42
958 6 1 42
552 4 0 42
1177 1 8 42
1482 1 7 42
172 2 7 42
926 0 16 42
2403 0 15 42
2950 1 15 42
2574 17 10 42
3590 18 15 42
154 18 14 42
3864 4 19 43
94 18 19 43
1390 16 19 43
3901 6 10 43
11 6 12 43
2758 1 5 43
2384 1 3 43
2010 2 2 43
3127 3 9 43
3641 12 16 43
921 13 16 43
1783 13 14 43
3281 11 11 43
3231 2 5 43
3946 10 11 43
3460 14 16 43
108 14 15 43
829 1 18 44
1163 8 19 44
2381 7 19 44
354 17 19 44
653 12 19 44
3655 11 19 44
304 8 14 44
2165 8 13 44
3662 4 11 44
3787 4 9 44
3757 6 11 44
780 16 13 44
2842 2 3 44
2560 5 4 44
316 12 14 44
379 19 10 44
3454 14 9 44
268 5 11 44
2722 8 3 44
542 15 9 44
582 15 8 44
2446 8 18 44
2958 7 18 44
920 7 17 44
1145 7 16 44
145 17 13 44
4 17 14 44
1760 12 13 44
935 13 19 44
3081 1 17 45
3363 19 19 45
3617 19 18 45
962 4 12 45
2361 4 13 45
3350 5 13 45
3821 6 15 45
1271 9 17 45
1409 10 17 45
2485 10 15 45
414 6 8 45
3264 3 3 45
2638 8 12 45
2092 7 10 45
951 7 3 45
2554 9 7 45
695 10 9 45
2875 18 6 45
3661 19 4 45
1165 19 6 45
1335 19 5 45
1413 18 5 45
2514 18 4 45
19 18 3 45
533 18 2 45
1265 18 1 45
2838 18 0 45
3671 17 0 45
1077 10 16 45
1009 9 18 45
1046 3 18 46
2666 6 13 46
3446 1 2 46
1501 0 5 46
2734 10 19 46
3921 9 8 46
1672 7 8 46
976 7 4 46
2376 11 7 46
2719 12 7 46
2408 0 2 46
2910 0 3 46
3482 0 4 46
3769 1 4 46
1470 1 1 46
2799 2 1 46
2854 3 1 46
1388 4 1 46
547 3 8 46
447 2 18 46
2017 4 18 46
709 10 8 46
1399 10 18 46
2266 8 0 47
3089 9 2 47
3171 7 2 47
1157 15 18 47
1713 14 18 47
431 12 18 47
1528 12 17 47
2383 2 5 47
2500 6 6 47
2895 18 9 47
380 0 6 47
724 1 6 47
3114 2 6 47
3312 3 6 47
1936 2 4 47
2542 3 4 47
2903 9 0 47
1050 19 9 47
3558 19 8 47
3860 17 9 47
384 17 8 47
1400 18 8 47
2951 18 7 47
3445 17 7 47
3747 13 18 47
488 13 17 47
2280 6 16 48
3073 6 17 48
2090 0 13 48
2575 1 13 48
2623 19 16 48
1287 9 15 48
1625 9 14 48
3520 9 13 48
2930 5 2 48
1718 4 6 48
1849 6 3 48
3478 6 4 48
1696 11 2 48
1993 12 0 48
2225 11 4 48
3200 15 7 48
3495 15 5 48
2523 4 2 48
3924 16 7 48
1059 16 6 48
1507 15 6 48
728 9 12 48
1556 9 11 48
2567 10 11 48
586 10 10 48
2992 19 17 48
282 16 18 48
777 17 18 48
2233 18 18 48
3584 5 17 49
3649 3 15 49
792 2 13 49
1908 0 12 49
1949 0 10 49
2352 0 9 49
2901 1 9 49
1195 5 12 49
64 6 0 49
605 7 0 49
1435 5 6 49
1751 12 10 49
3098 8 3 49
618 17 3 49
2320 18 3 49
396 18 2 49
2407 18 1 49
938 18 0 49
1817 17 0 49
3261 16 0 49
3693 15 0 49
688 1 8 49
1263 1 7 49
1286 2 7 49
806 3 7 49
3447 4 7 49
819 5 11 49
2688 8 4 49
929 11 10 49
763 5 16 50
1381 3 13 50
1673 6 18 50
2976 5 15 50
2218 9 19 50
2367 9 18 50
2390 15 17 50
3909 15 16 50
1057 11 0 50
1454 11 1 50
2569 11 3 50
2680 11 6 50
3895 15 4 50
323 15 3 50
2064 4 15 50
902 10 6 50
3041 12 1 50
217 13 1 50
779 13 2 50
1073 13 3 50
584 13 4 50
2274 10 18 50
3781 11 18 50
1290 11 17 50
2139 6 19 51
3012 5 19 51
3361 5 18 51
3669 4 16 51
100 0 17 51
818 0 16 51
981 0 15 51
1102 1 15 51
1655 8 18 51
3521 8 17 51
292 2 12 51
597 0 0 51
983 1 0 51
1121 17 17 51
1171 16 17 51
2824 16 16 51
865 3 0 51
2617 4 0 51
3147 4 2 51
2101 8 2 51
2288 9 0 51
3385 10 0 51
1848 11 9 51
745 4 3 51
647 0 11 51
376 1 12 51
3433 7 18 51
75 11 8 51
3615 9 16 51
2893 10 16 51
1402 11 16 51
1160 0 18 52
1670 0 19 52
2525 1 19 52
3370 3 19 52
624 3 16 52
684 1 16 52
1463 15 19 52
1657 14 19 52
1421 1 10 52
1640 2 9 52
1942 0 1 52
2094 0 2 52
2342 0 3 52
3701 17 15 52
899 6 9 52
2250 15 15 52
3525 13 15 52
3659 12 8 52
1012 0 4 52
1943 1 4 52
2770 2 4 52
3001 3 4 52
2003 4 4 52
467 1 11 52
1458 2 19 52
1107 12 9 52
1633 14 10 52
1201 16 15 52
1311 4 19 53
3284 8 16 53
3583 8 15 53
1164 2 10 53
1768 3 12 53
3664 17 16 53
3880 19 15 53
2578 19 13 53
589 15 13 53
1225 12 6 53
617 2 11 53
555 3 11 53
690 3 10 53
3032 4 10 53
673 19 14 53
1198 1 18 54
1314 0 14 54
1661 8 19 54
1154 16 19 54
2690 16 18 54
2533 18 19 54
2577 16 14 54
3067 6 10 54
3210 5 10 54
1412 18 12 54
3323 16 12 54
2535 12 13 54
1748 1 14 54
1392 7 19 54
128 7 18 54
1365 7 17 54
1380 7 16 54
1451 7 15 54
3 19 12 54
79 19 11 54
2323 18 11 54
2530 15 14 54
863 12 15 54
43 1 17 55
325 2 18 55
2251 19 19 55
92 19 17 55
959 0 8 55
91 18 13 55
2955 5 0 55
2309 5 3 55
2921 13 13 55
3828 13 12 55
687 4 3 55
3275 0 7 55
638 19 18 55
3391 3 18 56
193 5 14 56
178 17 19 56
3119 12 19 56
731 11 19 56
1769 1 2 56
628 6 12 56
3145 7 14 56
1701 1 7 56
3490 4 8 56
569 19 3 56
1279 4 4 56
1350 3 4 56
2701 2 4 56
2756 1 8 56
2874 4 18 56
2682 4 17 56
3132 3 17 56
341 2 17 56
2821 1 1 56
1741 17 18 56
2021 18 18 56
743 18 17 56
943 13 19 56
3213 5 13 57
3258 5 11 57
1446 3 11 57
3009 3 10 57
937 2 0 57
664 3 8 57
1654 7 9 57
1902 6 2 57
870 8 0 57
896 10 14 57
1799 15 12 57
3480 16 10 57
1692 17 8 57
2987 14 10 57
3778 18 8 57
1096 9 2 57
3656 15 8 57
1294 17 5 57
2286 18 5 57
2553 12 4 57
1622 2 8 57
1522 2 7 57
2472 8 14 57
3554 8 13 57
449 7 2 57
109 13 0 57
856 18 7 57
737 15 10 57
457 15 9 57
3883 6 17 58
2378 7 15 58
2419 10 19 58
2919 0 4 58
3457 0 5 58
3853 0 6 58
3878 2 2 58
1022 13 18 58
1989 13 17 58
2826 11 8 58
894 15 6 58
1011 17 4 58
1729 17 1 58
2631 16 1 58
1750 18 4 58
1128 3 9 58
3604 2 1 58
2913 3 1 58
768 4 1 58
141 5 1 58
766 6 1 58
1913 7 1 58
2002 8 1 58
3937 9 1 58
309 2 11 59
1585 0 13 59
3232 12 17 59
3283 6 11 59
972 2 4 59
1324 1 6 59
3784 2 6 59
1315 11 10 59
167 9 11 59
2035 9 12 59
3126 7 7 59
1028 10 8 59
1052 14 7 59
3531 18 3 59
2497 3 6 59
2425 14 6 59
891 19 16 59
3086 18 16 59
72 12 18 59
769 2 17 60
866 3 15 60
1491 4 15 60
1596 6 18 60
277 3 13 60
822 9 17 60
2730 10 17 60
2808 9 16 60
2897 10 16 60
276 12 16 60
2796 16 13 60
2860 12 15 60
2192 9 10 60
2318 9 9 60
2511 10 13 60
1377 19 8 60
2800 19 9 60
2340 17 10 60
3506 7 8 60
793 12 1 60
1944 12 3 60
1202 19 1 60
1403 19 0 60
845 18 10 60
2669 18 9 60
300 9 8 60
576 10 10 60
1739 12 2 60
1188 13 1 60
2747 13 2 60
3223 13 3 60
3819 13 4 60
7 6 19 61
186 5 19 61
3364 5 18 61
2445 1 13 61
3471 2 13 61
2046 3 17 61
2347 4 16 61
945 5 15 61
917 9 19 61
1554 9 13 61
3069 9 14 61
1878 18 15 61
1111 14 18 61
773 15 16 61
3913 13 16 61
775 6 8 61
3517 3 4 61
3614 4 4 61
725 7 6 61
3353 10 6 61
3237 14 8 61
3631 19 3 61
1327 19 2 61
1569 18 2 61
2380 18 1 61
3833 18 0 61
2360 17 0 61
3487 16 0 61
9 0 12 61
462 7 19 61
310 10 7 61
874 9 15 61
3906 10 15 61
501 9 18 61
559 10 18 61
1361 11 18 61
1990 11 17 61
3187 11 16 61
151 11 15 61
2098 3 19 62
2173 2 19 62
2699 1 19 62
3075 0 19 62
3296 0 18 62
3409 0 17 62
887 1 14 62
3006 8 18 62
1261 5 12 62
1369 4 3 62
3325 13 14 62
2053 5 4 62
2329 9 6 62
133 7 18 62
1516 0 16 63
8 3 16 63
797 2 12 63
3485 1 12 63
1084 7 16 63
1839 13 19 63
2240 14 19 63
1762 0 0 63
541 18 16 63
2549 16 15 63
3702 7 12 63
3188 6 0 63
982 12 12 63
3234 10 12 63
3381 3 6 63
3357 5 6 63
2927 12 10 63
3340 12 7 63
3387 15 4 63
355 4 6 63
2634 0 15 63
197 2 16 63
3109 1 16 63
1666 4 19 63
175 1 0 63
881 7 0 63
594 11 7 63
320 17 18 63
3303 15 19 63
3647 15 18 63
302 10 11 63
714 12 14 63
2710 11 14 63
306 11 13 63
2777 11 12 63
3335 11 11 63
3510 12 11 63
51 4 18 64
403 1 11 64
1642 1 10 64
2905 1 8 64
1620 16 17 64
3417 15 17 64
3875 16 16 64
3192 19 16 64
3193 19 15 64
2389 1 1 64
621 3 0 64
969 3 3 64
2005 3 9 64
3434 4 0 64
3153 5 2 64
810 19 10 64
1802 18 10 64
1880 8 3 64
2546 8 4 64
2700 11 6 64
699 18 9 64
2040 17 9 64
620 2 3 64
1537 0 1 64
2270 0 2 64
1293 0 3 64
2969 1 3 64
3643 1 4 64
211 1 5 64
3197 2 5 64
1897 3 5 64
137 4 5 64
1238 5 5 64
2104 0 11 64
1086 0 10 64
1278 0 9 64
944 1 9 64
2697 4 17 64
2344 14 17 64
2395 14 16 64
3491 3 12 65
1832 19 14 65
2870 18 14 65
1285 3 2 65
3624 6 9 65
189 15 15 65
3704 7 2 65
2283 9 0 65
2713 10 0 65
3761 11 0 65
257 10 2 65
984 11 3 65
1716 10 3 65
1856 10 4 65
2297 17 2 65
2725 15 1 65
308 18 2 65
642 18 1 65
1217 18 0 65
1812 17 0 65
2272 16 0 65
2393 15 0 65
719 13 15 65
196 14 15 65
375 4 2 65
1490 8 2 65
356 8 19 66
1349 7 19 66
2931 19 19 66
1037 19 13 66
386 7 10 66
1850 15 14 66
1926 15 13 66
171 12 0 66
1127 13 0 66
3540 14 9 66
518 12 6 66
1618 15 9 66
993 16 9 66
1383 16 8 66
2964 3 18 66
2907 14 14 66
42 13 1 66
105 2 18 67
1511 1 18 67
2157 5 14 67
1144 15 19 67
2171 16 19 67
2882 19 17 67
1372 5 11 67
1789 11 4 67
1904 17 3 67
327 15 7 67
1189 16 7 67
2232 8 6 67
31 19 18 67
1687 15 18 67
2099 16 18 67
602 11 7 68
2519 10 7 68
2632 9 7 68
2354 7 11 68
2459 8 17 68
598 5 16 68
1972 0 7 68
1246 18 19 68
1478 2 10 68
2636 3 10 68
2186 4 9 68
2807 16 14 68
3341 7 3 68
3216 9 3 68
3443 9 4 68
729 0 8 68
59 8 16 68
233 9 8 68
685 8 7 68
838 8 8 68
2107 7 4 68
543 0 14 69
169 8 15 69
2422 7 15 69
2627 8 14 69
3137 1 0 69
940 2 11 69
1834 3 11 69
2695 19 12 69
3698 18 12 69
2510 16 12 69
625 5 0 69
1170 0 15 69
875 19 11 69
3498 18 11 69
1080 18 13 69
78 17 19 69
1259 17 18 69
2784 18 18 69
3329 18 17 69
56 17 17 69
905 17 16 69
2075 17 15 69
2592 17 14 69
2221 17 13 69
3212 17 12 69
1355 17 11 69
1689 16 11 69
1041 2 0 69
1042 6 18 70
2118 2 17 70
3146 2 16 70
831 2 14 70
1698 3 14 70
2933 11 19 70
235 12 17 70
2115 3 8 70
2887 2 2 70
2990 2 3 70
893 0 3 70
2827 0 4 70
214 6 11 70
480 0 6 70
1040 12 14 70
2374 12 13 70
2825 5 3 70
3175 14 12 70
967 19 5 70
1459 19 6 70
2268 19 7 70
2490 18 7 70
826 0 5 70
2016 6 10 70
2954 7 9 70
118 8 9 70
36 12 19 70
2544 2 1 70
520 3 1 70
1903 4 19 71
2652 6 19 71
147 3 13 71
795 9 18 71
1785 9 17 71
3125 11 18 71
3832 10 16 71
2113 2 4 71
852 1 6 71
2147 7 1 71
2939 12 9 71
853 2 6 71
1038 5 19 71
2571 11 8 71
2322 12 8 71
287 9 16 71
2822 12 18 71
443 13 18 71
860 13 17 71
3534 3 18 72
1291 2 13 72
2198 1 13 72
2411 9 15 72
2434 10 15 72
2729 10 14 72
2923 7 0 72
3465 8 0 72
3509 8 1 72
1448 15 10 72
3611 15 9 72
114 17 7 72
1587 17 6 72
3626 16 6 72
2667 17 3 72
3884 18 1 72
1138 16 1 72
898 18 0 72
1833 17 1 72
2031 17 0 72
2531 16 0 72
3108 15 0 72
3665 0 13 72
1595 3 19 72
399 2 19 72
1207 1 19 72
439 16 10 72
405 15 12 72
3942 0 19 73
2296 1 17 73
3603 1 16 73
2656 8 18 73
2953 6 16 73
3346 6 15 73
2231 0 12 73
1175 0 2 73
2443 1 2 73
1864 12 16 73
1837 13 15 73
370 10 10 73
1576 18 7 73
1725 18 8 73
2573 16 9 73
3464 16 5 73
3241 15 3 73
2150 1 3 73
2956 1 4 73
146 1 5 73
266 2 5 73
326 3 5 73
1384 4 5 73
1998 5 5 73
901 1 14 73
39 14 10 73
2289 16 13 73
1284 12 15 73
2936 5 18 74
1210 3 17 74
1222 7 14 74
2835 6 14 74
3759 5 15 74
1206 1 11 74
1336 1 10 74
1480 9 12 74
3117 9 11 74
3863 10 11 74
299 8 2 74
2714 16 7 74
1645 2 9 74
1918 1 9 74
2236 0 11 74
2686 0 10 74
135 0 9 74
610 0 8 74
1727 4 18 74
427 9 2 74
509 3 16 75
2520 6 13 75
1572 7 13 75
2566 5 13 75
2681 6 12 75
3330 5 12 75
3233 17 18 75
3243 15 18 75
1056 17 16 75
1406 16 16 75
2392 9 19 75
262 1 8 75
397 9 10 75
1125 9 9 75
2993 6 9 75
3856 7 9 75
1064 8 13 75
1738 8 12 75
1312 8 11 75
980 1 12 75
315 2 12 75
2541 3 12 75
2429 7 2 75
2587 10 19 75
934 10 18 75
1180 10 17 75
3321 11 17 75
1386 11 16 75
3691 11 15 75
3423 11 14 75
1136 8 19 76
1214 7 19 76
1667 19 19 76
1082 19 16 76
2539 19 15 76
2968 19 14 76
345 17 15 76
812 9 8 76
791 6 10 76
3668 9 14 76
3379 12 11 76
249 10 9 76
58 19 7 76
104 18 6 76
1172 17 5 76
3496 19 6 76
2538 19 5 76
205 7 18 76
2614 7 17 76
2736 6 17 76
2828 9 13 76
2458 10 13 76
705 11 13 76
1169 17 14 76
1391 2 19 77
851 0 1 77
1119 18 15 77
2733 18 14 77
3644 9 0 77
1155 11 0 77
3855 19 8 77
1342 13 14 77
3100 10 8 77
3679 19 3 77
671 14 7 77
606 19 2 77
1602 5 14 77
174 1 19 77
2324 19 9 77
463 18 9 77
2432 19 13 77
143 10 0 77
781 18 18 78
1120 3 9 78
1152 15 19 78
111 2 0 78
1676 4 0 78
3220 3 2 78
181 18 13 78
1148 17 13 78
3300 16 13 78
333 15 12 78
1621 7 10 78
3846 5 4 78
344 7 7 78
3054 16 10 78
123 19 4 78
436 3 0 78
1786 19 18 78
811 19 17 78
1239 8 16 79
1882 7 16 79
3093 0 13 79
1385 13 19 79
1947 14 19 79
3165 14 18 79
918 5 11 79
1679 5 1 79
2754 3 3 79
3573 4 3 79
255 15 13 79
1461 7 8 79
3748 10 1 79
3749 11 1 79
3111 10 3 79
3276 12 2 79
626 9 7 79
3131 10 7 79
3829 9 6 79
270 19 5 79
3413 17 4 79
1868 12 4 79
3780 14 6 79
2657 18 5 79
286 18 4 79
2333 18 3 79
686 18 2 79
153 8 17 79
1333 6 1 79
493 15 1 79
645 14 1 79
701 16 4 79
2815 16 3 79
1251 0 18 80
2282 0 17 80
710 6 18 80
158 0 8 80
1580 0 0 80
2869 1 0 80
2767 12 19 80
3929 7 15 80
2427 7 11 80
2478 17 10 80
884 13 0 80
3313 11 7 80
3501 10 4 80
2247 0 9 80
2418 1 9 80
1079 0 16 80
2653 7 18 80
3630 7 17 80
1027 6 17 80
914 1 1 80
23 8 15 80
2670 8 14 80
458 8 13 80
516 12 0 80
1575 12 1 80
1590 13 1 80
2132 13 2 80
639 3 19 81
1518 0 15 81
2563 1 15 81
3654 5 17 81
250 3 15 81
1444 11 19 81
1710 2 12 81
1776 3 12 81
2431 12 18 81
2468 13 18 81
2109 13 16 81
2717 0 7 81
3374 1 7 81
1639 4 8 81
361 15 16 81
3760 16 15 81
1425 14 10 81
1456 14 9 81
3461 12 3 81
1860 0 14 81
2215 5 16 81
825 6 19 81
1960 10 19 81
1341 18 16 81
2465 18 17 81
2527 17 17 81
2581 13 3 81
2789 13 4 81
81 3 18 82
116 3 13 82
821 2 11 82
1053 3 11 82
1829 3 10 82
2038 9 16 82
2712 9 17 82
3918 10 17 82
1663 18 12 82
2295 17 12 82
782 13 17 82
2816 15 15 82
1445 7 12 82
2085 6 8 82
2659 4 4 82
3298 7 4 82
3134 19 10 82
3427 18 10 82
1243 8 3 82
3438 11 6 82
3786 12 6 82
1628 19 9 82
3078 18 9 82
3262 17 9 82
1671 17 8 82
470 16 8 82
561 2 10 82
2745 2 9 82
13 8 12 82
22 8 11 82
1973 8 10 82
2615 8 9 82
3939 8 8 82
581 8 7 82
1822 9 18 82
1929 10 18 82
3096 11 18 82
2620 19 13 82
2142 19 12 82
3274 19 11 82
244 0 19 83
578 1 19 83
1348 2 13 83
1419 2 2 83
2278 2 3 83
3898 2 1 83
48 10 16 83
496 3 8 83
595 9 15 83
1328 10 13 83
1771 7 0 83
2890 8 0 83
2943 8 1 83
3301 3 4 83
86 7 6 83
256 8 4 83
1209 18 2 83
1411 19 2 83
3135 5 10 83
676 3 1 83
1804 4 1 83
2709 4 2 83
238 9 1 83
661 12 17 83
2517 11 17 83
3858 11 16 83
1223 16 12 83
1196 1 17 84
2974 0 16 84
3467 0 3 84
1538 0 5 84
1688 2 4 84
2961 7 1 84
2349 17 14 84
3293 16 14 84
614 7 3 84
1124 12 9 84
3730 10 6 84
115 15 10 84
679 15 9 84
522 0 4 84
1564 1 16 84
313 1 18 84
1778 4 19 84
1983 7 2 84
1730 5 0 84
2997 6 0 84
3271 6 1 84
1464 15 14 84
2456 8 18 85
41 5 19 85
2063 5 18 85
2052 3 16 85
2234 5 14 85
2616 5 13 85
2813 6 13 85
3334 6 11 85
3859 0 6 85
3581 2 6 85
3822 10 2 85
3900 8 6 85
855 1 6 85
1140 6 12 85
2114 5 12 85
446 8 17 85
1035 4 18 85
99 11 2 85
2097 11 3 85
3160 11 4 85
631 8 19 86
1749 6 19 86
2555 1 13 86
2832 1 14 86
1547 19 19 86
1658 18 19 86
2212 19 18 86
1681 17 18 86
2158 11 15 86
3703 11 13 86
2331 18 11 86
2122 14 12 86
2230 17 8 86
2752 16 8 86
2153 17 7 86
112 17 6 86
861 16 6 86
2551 15 8 86
438 15 7 86
1044 15 6 86
1826 15 5 86
879 7 19 86
805 7 18 86
1308 7 17 86
2894 6 17 86
140 17 11 86
117 17 19 86
1112 10 15 86
346 8 7 87
1958 7 13 87
2082 3 17 87
2237 4 17 87
1131 19 11 87
1690 19 12 87
481 6 16 87
1724 1 12 87
2415 18 16 87
3124 16 19 87
3902 16 18 87
507 0 2 87
1240 12 12 87
1907 3 6 87
1313 10 12 87
2089 19 1 87
1503 19 0 87
240 4 16 87
1968 11 12 87
2651 9 8 88
394 19 13 88
2742 18 14 88
3358 18 15 88
269 1 11 88
3256 1 10 88
1963 18 18 88
2598 16 16 88
2741 0 1 88
3133 3 9 88
3539 15 19 88
3637 15 18 88
871 16 3 88
243 1 1 88
1884 1 2 88
2440 1 3 88
1076 1 4 88
1732 1 5 88
2451 2 5 88
2823 3 5 88
1089 19 14 88
1143 19 15 88
2605 19 16 88
279 19 17 88
1043 18 17 88
2330 17 15 88
284 17 16 88
3015 17 17 88
3395 16 17 88
159 15 17 88
1258 12 17 88
3326 7 16 89
3911 0 14 89
1194 5 16 89
3724 9 19 89
3225 0 13 89
3318 0 12 89
177 0 11 89
1609 0 10 89
2696 12 13 89
2830 7 18 90
1796 6 14 90
1955 7 14 90
554 0 9 90
1991 1 9 90
2723 1 8 90
3392 2 10 90
3297 8 8 90
1167 5 10 90
1854 9 18 90
1940 2 0 90
295 19 2 90
3824 19 3 90
1959 18 3 90
136 17 3 90
3619 2 9 90
2284 2 8 90
1192 13 4 90
702 13 3 90
1156 13 9 90
1905 4 18 91
2436 4 19 91
3331 3 19 91
681 2 19 91
1418 0 17 91
2290 0 18 91
3383 5 17 91
3912 13 19 91
252 10 19 91
348 1 16 91
1546 13 10 91
1825 6 15 91
2034 5 15 91
2849 4 15 91
767 14 13 91
2845 14 14 91
2858 5 12 91
1758 14 19 91
2914 6 18 91
2161 5 11 91
1611 16 12 92
2155 15 14 92
2275 3 18 92
3177 9 16 92
1525 10 18 92
138 11 19 92
1641 13 16 92
221 2 14 92
1551 4 14 92
2189 4 13 92
2844 4 12 92
408 16 7 92
1344 9 17 92
1305 0 0 92
880 1 0 92
3369 0 8 92
1007 0 7 92
3402 1 7 92
1939 0 19 93
2946 1 19 93
3377 7 15 93
1394 2 13 93
1790 2 11 93
2299 4 11 93
3128 12 19 93
3555 12 18 93
1535 11 16 93
2489 17 13 93
2731 1 1 93
3877 2 1 93
1116 1 2 93
2213 2 2 93
1034 3 0 93
382 4 0 93
2475 5 0 93
3926 2 12 93
544 15 6 93
1604 16 6 93
1416 9 12 93
3854 11 18 93
1805 1 18 94
2655 1 17 94
3305 11 17 94
3080 13 17 94
3810 9 15 94
168 3 2 94
2070 13 18 94
3025 14 18 94
3741 12 17 94
2175 12 16 94
207 8 18 95
1921 6 14 95
2585 7 14 95
166 16 17 95
1891 15 17 95
2345 15 16 95
2583 9 14 95
3571 9 13 95
3742 18 13 95
2464 0 3 95
3568 1 3 95
2091 0 10 96
3042 0 11 96
3489 0 12 96
34 9 11 97
2639 10 11 97
1216 0 9 97
