2561
3541 19 19 1
4009 18 19 1
3322 19 17 1
3715 16 19 1
4136 18 17 1
2292 19 15 1
354 17 15 1
3082 16 17 1
3100 15 17 1
3038 13 17 1
4420 15 15 1
555 14 19 1
1581 13 19 1
3442 12 19 1
3732 11 19 1
4044 10 19 1
2525 11 17 1
1130 0 19 1
2935 1 19 1
2569 0 17 1
728 19 14 1
1639 19 16 1
87 14 15 1
1608 13 15 1
1811 19 18 1
2364 18 18 1
3214 17 19 1
1680 17 17 1
3255 17 18 1
4177 16 18 1
3920 15 19 1
283 15 18 1
3474 14 17 1
4407 12 17 1
204 0 18 1
961 1 18 1
2841 9 19 1
3235 8 19 1
3631 7 19 1
459 6 19 1
650 5 19 1
522 16 15 1
2825 7 0 1
3805 6 1 1
1266 8 0 1
1456 7 1 1
363 5 1 1
3268 6 2 1
4391 9 0 1
1155 8 1 1
2136 7 2 1
4327 3 0 1
1185 5 2 1
355 6 3 1
2988 10 0 1
4343 9 1 1
4348 8 2 1
741 7 3 1
4419 2 0 1
273 3 1 1
1349 5 3 1
1813 6 4 1
2296 11 0 1
2593 10 1 1
2735 9 2 1
3561 8 3 1
1241 7 4 1
1868 1 0 1
2503 2 1 1
394 3 2 1
1316 5 4 1
3036 6 5 1
4157 12 0 1
442 11 1 1
472 10 2 1
2060 9 3 1
2434 8 4 1
2469 7 5 1
2603 0 0 1
1849 1 1 1
2937 2 2 1
3059 3 3 1
3795 5 5 1
3910 6 6 1
1271 13 0 1
2378 12 1 1
4246 11 2 1
1386 10 3 1
1902 9 4 1
4241 8 5 1
1829 7 6 1
281 0 1 1
1577 1 2 1
1947 2 3 1
2188 3 4 1
2395 5 6 1
3402 14 0 1
724 13 1 1
1207 12 2 1
2056 11 3 1
2836 10 4 1
2879 9 5 1
3284 8 6 1
4355 0 2 1
1656 1 3 1
2764 2 4 1
3073 3 5 1
3704 15 0 1
1959 14 1 1
786 13 2 1
3106 12 3 1
4294 11 4 1
1041 10 5 1
3498 9 6 1
4224 0 3 1
2700 1 4 1
2831 2 5 1
3618 3 6 1
1170 16 0 1
2821 15 1 1
3428 14 2 1
251 13 3 1
1121 12 4 1
1417 11 5 1
3788 10 6 1
4197 9 7 1
3342 0 4 1
769 1 5 1
1421 2 6 1
4352 3 7 1
1907 4 8 1
2746 18 16 2
1033 12 14 2
2062 11 14 2
456 13 12 2
913 11 16 2
2201 9 16 2
4052 10 17 2
673 2 19 2
4087 4 19 2
4167 2 17 2
4215 5 18 2
3767 3 16 2
3565 0 16 2
1277 1 15 2
515 8 18 2
1428 7 17 2
860 13 11 2
543 18 15 2
1293 18 14 2
2028 17 14 2
2460 16 14 2
3006 15 14 2
905 0 15 2
1827 0 14 2
2488 1 14 2
1585 17 16 2
1806 16 16 2
2848 15 16 2
3870 14 16 2
2158 13 16 2
1234 10 16 2
1218 7 18 2
2013 6 18 2
4315 6 17 2
988 5 17 2
1273 4 18 2
1286 2 18 2
1035 3 19 2
1831 3 18 2
197 3 17 2
1140 4 17 2
3293 1 17 2
1010 1 16 2
3783 2 16 2
2362 11 13 3
1655 9 15 3
2771 7 16 3
3924 3 15 3
891 5 15 3
1986 4 16 3
1015 12 11 3
1229 11 11 3
240 9 12 3
352 10 13 3
3525 8 14 3
3925 7 13 3
200 0 13 3
2345 1 13 3
3866 0 11 3
3798 14 14 3
4040 13 14 3
3623 13 13 3
752 12 13 3
1792 12 12 3
1188 0 12 3
2191 1 12 3
2777 5 16 3
1003 6 16 3
1407 6 15 3
1433 2 15 3
1864 2 14 3
2584 3 14 3
3370 4 15 3
140 4 14 3
3252 5 14 3
3487 12 16 3
3518 12 15 3
4072 11 15 3
4335 10 15 3
1845 10 14 3
1260 7 12 4
3260 0 5 4
4432 0 6 4
165 0 8 4
361 2 7 4
2452 0 9 4
2504 5 13 4
3147 2 13 4
20 3 12 4
524 3 11 4
898 1 11 4
1311 8 10 4
3102 7 10 4
3170 8 9 4
306 6 9 4
1134 8 7 4
1449 4 10 4
648 3 8 4
4121 8 8 4
2737 3 10 4
951 2 12 4
1481 2 11 4
1657 2 10 4
3543 0 10 4
43 1 10 4
2100 2 8 4
423 0 7 4
1992 11 12 4
2607 10 12 4
3135 10 11 4
3568 9 11 4
2275 9 14 4
2341 9 13 4
4008 8 13 4
4341 8 12 4
443 8 11 4
3778 3 13 4
4235 4 13 4
125 7 9 4
322 1 6 5
699 4 12 5
1119 5 12 5
1571 4 11 5
2090 5 11 5
2300 7 8 5
2817 6 8 5
6 6 1 5
520 7 7 5
1482 6 7 5
1566 1 7 5
1809 1 8 5
3240 1 9 5
113 2 9 5
2883 3 9 5
978 7 11 5
1652 5 1 6
1969 6 2 6
78 8 1 6
164 5 2 7
3922 6 3 7
1647 8 2 7
299 5 4 8
638 5 3 8
2245 6 5 8
2042 8 3 8
4429 3 2 8
2729 10 1 8
3095 9 2 8
163 9 1 8
3072 6 4 8
832 5 5 9
2343 10 3 9
2606 9 3 9
2784 9 4 9
2808 8 4 9
2952 8 5 9
3357 12 1 9
960 13 0 9
2081 0 0 9
2560 1 0 9
2670 2 0 9
2739 1 1 9
4320 3 0 9
463 2 2 9
1016 3 3 9
993 12 0 9
1060 10 2 9
475 2 1 9
1401 3 1 9
1520 0 1 10
3054 0 2 10
4333 1 2 10
231 10 5 10
1494 9 5 10
2022 10 4 10
2109 12 3 10
4317 3 5 10
1021 5 6 10
2922 6 6 10
2066 19 19 11
2468 18 19 11
3450 19 18 11
4081 17 19 11
542 19 13 11
1034 18 13 11
1463 19 12 11
1778 17 13 11
2177 18 12 11
2413 19 11 11
1302 15 13 11
1620 17 11 11
2310 19 9 11
3351 14 13 11
206 14 11 11
718 14 10 11
1945 14 9 11
4035 18 8 11
3109 19 6 11
3642 16 8 11
3865 17 6 11
4028 19 4 11
3530 16 10 11
4026 14 7 11
2531 14 6 11
135 13 10 11
415 11 10 11
2772 13 8 11
3084 9 10 11
174 11 8 11
2305 19 0 11
3499 17 0 11
2696 19 2 11
1714 15 0 11
716 19 3 11
661 19 5 11
2917 13 9 11
566 12 10 11
1723 12 8 11
1603 12 9 11
503 11 9 11
2571 9 9 11
2699 10 10 11
1706 10 9 11
3297 10 8 11
2701 9 8 11
1268 10 6 11
624 7 1 11
86 7 2 11
836 7 3 11
3753 7 4 11
740 7 5 11
2150 7 6 11
2076 8 6 11
2329 9 6 11
2382 9 7 11
2720 10 7 11
1738 11 7 11
2781 12 7 11
4321 13 7 11
2039 13 6 11
3015 12 6 11
3703 11 6 11
1330 12 4 11
651 11 3 11
998 11 4 11
2051 11 5 11
815 12 5 11
1098 19 8 11
1267 19 7 11
1197 18 6 11
1415 18 7 11
1123 19 10 11
1817 17 10 11
2021 18 11 11
2732 18 10 11
3150 18 9 11
61 17 12 11
3196 14 12 11
4114 15 12 11
999 16 13 11
1278 16 12 11
1963 16 11 11
2436 15 11 11
341 15 10 11
52 14 8 11
1334 15 7 11
2728 15 8 11
2107 15 9 11
2796 16 9 11
2904 17 9 11
1193 17 8 11
3987 17 7 11
4397 16 7 11
44 16 6 11
55 15 6 11
3412 19 1 11
1043 13 1 11
356 14 0 11
1750 14 1 11
3808 15 1 11
4083 16 0 11
4110 16 1 11
118 17 1 11
2803 18 0 11
424 18 1 11
2407 2 3 11
689 1 3 11
809 0 3 11
1567 4 5 11
3985 19 16 12
3986 19 17 12
1932 18 18 12
2806 17 18 12
2862 15 19 12
3179 18 4 12
3632 16 5 12
508 17 3 12
1686 14 5 12
2958 16 3 12
3234 4 9 12
2168 5 7 12
593 14 3 12
2319 4 6 12
1359 1 5 12
2899 18 3 12
4131 18 2 12
737 17 2 12
1105 16 2 12
703 18 5 12
1305 17 5 12
2213 17 4 12
2540 16 4 12
1152 13 3 12
180 15 5 12
1580 16 19 12
2509 18 17 13
3959 17 17 13
3989 18 16 13
4349 19 14 13
2379 19 15 13
2989 18 15 14
2990 17 15 14
239 18 14 14
4090 16 15 14
4115 17 16 14
1874 11 15 14
2620 13 13 14
2939 12 13 14
3299 11 13 14
295 7 12 14
3397 3 9 14
3811 12 12 14
849 11 12 14
2207 10 12 14
3335 10 11 14
4187 9 11 14
2986 17 14 14
890 16 14 14
2072 15 18 15
3378 14 18 15
1101 16 16 15
157 15 14 15
493 14 14 15
3511 3 15 15
948 10 15 15
3504 8 15 15
3931 7 14 15
4301 6 16 15
3540 16 18 15
185 16 17 15
214 9 15 15
54 2 15 15
816 2 14 15
2366 3 14 15
1685 4 15 15
3277 4 14 15
2047 14 17 16
796 12 17 16
1158 13 18 16
1880 12 18 16
4174 13 14 16
708 8 6 16
916 9 6 16
2858 9 7 16
3904 5 14 16
4162 5 13 16
4344 4 13 16
151 11 6 16
212 12 6 16
822 0 10 16
3628 1 10 16
657 0 8 16
1640 1 8 16
3480 0 7 16
3593 1 7 16
1236 3 6 16
629 11 5 16
1822 12 5 16
2623 10 7 16
3468 11 7 16
1517 12 7 16
3159 13 7 16
3825 13 6 16
2393 13 17 16
3304 15 17 16
941 0 9 16
1508 1 9 16
1208 5 16 17
1263 7 18 17
2444 14 19 17
2672 13 19 17
850 12 19 17
2402 11 19 17
4119 10 19 17
2328 5 19 17
2669 14 16 17
3088 5 12 17
1771 3 13 17
1985 2 13 17
855 6 7 17
338 6 10 17
912 1 6 17
1842 0 6 17
2215 0 5 17
2894 0 4 17
4057 6 4 17
3911 7 2 17
252 4 1 17
1688 4 0 17
232 11 17 18
1843 11 18 18
1968 4 14 18
3641 4 15 18
523 4 12 18
532 3 12 18
2975 4 11 18
4304 2 12 18
2689 3 10 18
564 6 5 18
1071 1 4 18
2762 5 4 18
2814 9 1 18
3356 5 3 18
3382 7 1 18
2342 6 6 18
2761 7 6 18
567 10 18 18
810 5 15 18
3303 3 9 18
1800 3 11 18
315 1 11 18
3848 2 11 18
1242 2 10 18
1736 2 9 18
3692 2 8 18
3295 10 16 19
3586 11 16 19
3645 13 11 19
145 7 11 19
390 7 10 19
1980 7 7 19
465 14 4 19
1621 13 4 19
921 16 2 19
2443 14 2 19
4062 17 2 19
1160 12 2 19
3164 11 2 19
3687 10 2 19
1537 12 0 19
3116 7 5 19
1878 7 3 19
3722 9 4 19
3063 6 3 19
2360 3 1 19
191 18 2 19
778 18 1 19
2014 17 1 19
2576 16 1 19
333 7 4 19
1391 13 12 19
805 12 16 19
1371 13 16 19
3376 3 14 20
457 0 19 20
1636 12 12 20
775 7 9 20
3639 14 0 20
3964 13 2 20
4109 0 3 20
924 0 1 20
3018 0 0 20
1677 2 1 20
4051 9 2 20
1146 11 0 20
1899 3 2 20
588 13 0 20
250 0 2 20
128 0 18 20
1956 1 19 20
723 2 14 20
1084 2 15 20
1787 2 16 20
2451 1 16 20
3231 1 17 20
3223 1 18 20
545 2 18 20
1562 3 18 20
136 19 18 21
2126 19 19 21
3220 18 19 21
4099 17 19 21
146 11 12 21
3560 10 12 21
3774 8 7 21
720 6 9 21
1264 13 7 21
2707 13 6 21
3975 11 5 21
1619 13 3 21
3656 10 4 21
4401 1 3 21
401 2 2 21
108 3 4 21
3958 5 1 21
808 11 4 21
1074 13 5 21
2992 12 5 21
3290 12 4 21
51 12 3 21
1568 11 3 21
2114 10 3 21
3369 9 3 21
3624 12 7 21
840 11 7 21
154 10 7 21
1423 10 6 21
3134 10 5 21
4210 9 5 21
4346 8 5 21
236 8 4 21
2624 8 3 21
3840 8 2 21
4311 8 1 21
1756 1 2 21
3620 1 1 21
4238 1 0 21
3185 2 0 21
3950 3 0 21
606 4 0 21
621 5 0 21
21 4 4 21
1892 12 11 21
2675 11 11 21
2849 10 11 21
37 16 19 21
2486 16 18 21
83 4 10 21
749 16 13 22
643 18 13 22
791 16 11 22
2819 19 13 22
3548 15 11 22
549 9 14 22
3339 9 12 22
3392 19 11 22
2367 7 6 22
865 2 9 22
3047 4 7 22
605 19 12 22
2890 17 13 22
1339 6 6 22
1649 5 6 22
2573 5 5 22
1695 4 5 22
1814 3 5 22
223 9 11 22
2124 2 8 22
1464 3 9 22
863 10 18 23
1496 10 17 23
3822 8 17 23
1434 9 15 23
2736 14 13 23
3701 15 13 23
468 18 11 23
897 18 10 23
4422 15 10 23
579 19 8 23
1348 19 7 23
378 19 10 23
803 19 9 23
398 18 12 23
1721 8 14 23
1132 2 19 24
2760 3 19 24
109 18 17 24
3374 17 17 24
751 19 15 24
2174 18 15 24
668 16 14 24
1083 14 12 24
2220 14 11 24
2268 14 10 24
1501 14 8 24
2844 7 13 24
404 18 8 24
259 18 9 24
3365 14 9 24
3039 15 12 24
440 16 12 24
1102 17 12 24
1272 17 11 24
5 19 17 24
2069 19 16 24
2508 18 16 24
3103 1 19 24
2919 3 17 25
3422 4 19 25
3952 18 18 25
3514 15 17 25
4170 19 14 25
4314 18 14 25
1137 17 16 25
2383 13 12 25
2588 13 13 25
2929 12 13 25
3123 11 13 25
3575 12 14 25
2412 16 9 25
2717 17 7 25
3319 18 7 25
2218 19 6 25
3368 19 5 25
3387 15 9 25
755 17 14 25
1411 17 15 25
3325 15 16 25
466 17 18 25
64 15 14 26
351 14 14 26
2038 14 17 26
3242 13 17 26
1029 7 12 26
1040 15 8 26
3555 18 6 26
1888 17 6 26
2895 18 5 26
2970 19 4 26
3423 19 3 26
1847 16 19 27
2981 15 19 27
3154 14 19 27
3604 15 18 27
3804 13 19 27
3875 2 16 27
4300 2 17 27
4412 13 16 27
2063 13 14 27
4415 8 19 27
4433 9 19 27
682 7 18 27
2497 14 7 27
2868 16 6 27
4075 16 5 27
3118 18 4 27
1067 17 5 27
1180 16 10 27
1333 17 10 27
1818 17 9 27
3024 17 8 27
3886 16 8 27
2877 16 7 27
1940 15 7 27
1873 16 18 27
431 16 17 27
75 14 18 27
1089 13 18 27
1377 9 18 27
3040 9 17 27
2854 9 16 27
4257 7 19 27
687 1 16 27
1810 10 19 28
2012 11 19 28
2204 12 19 28
2336 11 18 28
2666 12 18 28
4182 11 17 28
842 0 17 28
3507 0 18 28
4345 4 14 28
982 4 10 28
3860 4 9 28
3947 16 4 28
258 18 3 28
1085 10 7 28
2259 8 6 28
2097 18 2 28
2906 18 1 28
3601 17 1 28
190 16 1 28
234 17 4 28
2132 17 3 28
3363 16 3 28
2422 9 7 28
3513 9 6 28
2568 12 17 28
2918 1 17 28
74 14 16 29
121 5 19 29
271 10 15 29
935 5 14 29
940 2 12 29
1045 3 12 29
4004 4 12 29
33 6 12 29
2951 6 11 29
4003 5 7 29
2200 14 6 29
2346 14 5 29
3104 3 9 29
3592 12 6 29
3708 12 7 29
3717 11 7 29
2972 11 6 29
245 15 16 29
370 6 19 29
150 10 16 30
211 9 16 30
996 2 14 30
2619 3 14 30
3281 13 11 30
3630 12 11 30
3677 8 15 30
1345 0 13 30
2539 1 13 30
3490 0 12 30
899 2 10 30
1748 3 10 30
2787 0 9 30
386 0 7 30
2221 2 8 30
429 11 16 30
1114 12 16 30
962 1 12 30
303 2 15 30
1477 2 13 30
1712 3 13 30
2247 4 13 30
1749 0 8 30
2987 18 16 31
3176 0 19 31
3853 1 19 31
314 5 16 31
1096 7 15 31
1624 7 14 31
3537 7 11 31
1052 1 11 31
1325 2 11 31
3065 3 11 31
3502 4 11 31
1032 13 10 31
1709 7 7 31
3310 6 7 31
1852 2 6 31
3367 10 6 31
888 1 4 31
2557 2 4 31
4421 6 6 31
3613 4 4 31
3884 9 1 31
1871 7 1 31
226 2 5 31
1557 19 16 31
1556 19 17 31
2327 19 18 31
4145 19 19 31
183 5 6 31
3122 2 3 31
1106 3 3 31
406 18 19 32
947 17 19 32
4094 17 13 32
347 12 12 32
1491 11 12 32
1936 10 12 32
2747 8 14 32
1638 8 7 32
1747 8 9 32
2650 12 10 32
2235 10 10 32
1994 14 4 32
3403 13 4 32
79 10 5 32
1684 6 5 32
1622 16 13 32
561 11 10 32
1112 8 8 32
1347 11 11 32
4014 10 11 32
222 5 18 33
611 10 18 33
692 10 17 33
1692 19 13 33
2852 18 13 33
2449 16 12 33
2857 16 10 33
3852 6 10 33
4302 11 6 33
1478 13 8 33
2604 13 9 33
4439 16 3 33
235 7 8 33
1037 18 2 33
920 13 5 33
1250 12 5 33
3128 12 4 33
4347 14 0 33
167 14 2 33
1159 18 1 33
1889 15 12 33
438 17 3 33
4195 11 7 33
410 0 11 33
1773 0 10 33
2581 1 10 33
617 1 9 33
2713 1 8 33
4033 9 18 33
4214 9 17 33
3995 8 17 33
181 6 18 33
46 19 12 34
444 3 16 34
2120 4 16 34
2688 13 6 34
3393 13 7 34
516 6 8 34
2652 1 6 34
2698 0 6 34
2721 17 2 34
3204 16 2 34
1109 12 3 34
1135 10 3 34
357 12 2 34
1696 13 0 34
3895 7 4 34
2307 6 4 34
3306 4 3 34
3262 17 1 34
3455 16 1 34
3080 11 5 34
272 12 7 34
1575 12 8 34
1587 12 9 34
3906 11 9 34
539 19 19 35
1357 19 18 35
1522 18 18 35
3528 1 14 35
393 2 19 35
934 3 19 35
1911 3 17 35
3120 4 19 35
3889 19 11 35
925 9 15 35
2162 9 14 35
2475 9 12 35
3676 3 15 35
1004 14 3 35
1120 0 5 35
2999 0 4 35
3776 0 3 35
4120 0 2 35
67 4 6 35
3099 10 2 35
4183 9 3 35
1606 0 0 35
4405 8 1 35
1897 0 1 35
1173 9 11 35
1613 4 15 35
2716 5 15 35
1862 0 14 35
229 19 17 36
307 15 17 36
2308 16 18 36
169 19 14 36
2692 18 14 36
3690 17 14 36
3874 0 15 36
2437 14 13 36
3273 16 13 36
117 13 3 36
1532 13 2 36
2140 12 0 36
4088 1 5 36
1332 7 6 36
1422 7 5 36
1883 2 1 36
3430 9 2 36
1309 4 1 36
667 15 13 36
1609 15 12 36
2496 4 2 36
316 2 5 36
509 18 17 36
1318 17 18 36
1734 16 19 37
2146 15 19 37
3349 14 19 37
3854 15 18 37
1746 14 17 37
2548 17 16 37
3818 15 16 37
1807 0 16 37
1870 15 14 37
918 13 12 37
968 13 13 37
1237 12 13 37
2238 11 13 37
1731 9 18 37
3831 11 15 37
2160 18 11 37
4436 19 9 37
1443 2 9 37
2487 9 10 37
1683 10 8 37
2745 3 3 37
3567 10 4 37
2785 19 10 37
1951 18 12 37
2236 17 12 37
249 11 4 37
3153 11 3 37
1257 11 2 37
4269 7 3 37
1133 8 5 37
2374 1 9 37
464 1 8 37
2995 1 7 37
3044 2 7 37
1181 19 16 37
2113 19 15 37
3386 18 15 37
3469 17 15 37
646 17 17 37
2244 16 17 37
1026 14 18 37
1757 10 19 38
876 12 19 38
3362 13 19 38
408 11 17 38
640 11 16 38
1500 14 14 38
2171 9 17 38
2724 15 11 38
507 17 8 38
622 11 7 38
2766 11 8 38
835 2 3 38
4061 1 3 38
2064 16 11 38
3672 17 11 38
1283 2 2 38
594 1 2 38
877 1 1 38
1412 1 0 38
1716 2 0 38
3577 3 0 38
3729 4 0 38
2112 5 0 38
176 12 7 38
2131 12 8 38
3050 12 9 38
4036 11 9 38
1917 10 9 38
1469 16 14 38
1768 11 19 38
550 1 16 39
641 1 17 39
793 0 17 39
1251 0 18 39
2267 14 16 39
2635 13 16 39
3033 5 19 39
3096 8 18 39
221 10 15 39
3579 5 15 39
590 2 13 39
1381 3 13 39
1493 4 13 39
1384 1 12 39
1437 7 12 39
3977 4 7 39
1368 2 12 39
3177 3 12 39
485 4 12 39
4240 1 15 39
1365 11 18 40
2101 12 18 40
2145 3 18 40
3846 4 18 40
2976 13 14 40
3448 8 17 40
3864 15 12 40
287 15 10 40
3286 13 11 40
4402 12 11 40
1175 4 15 40
1342 5 13 40
2563 5 12 40
1471 19 0 40
4149 18 0 40
871 5 7 40
1280 6 3 40
1641 7 3 40
1259 19 1 40
1458 18 1 40
2387 14 12 40
2748 14 11 40
2926 14 10 40
213 13 18 40
1487 13 17 40
2483 12 17 40
3401 12 16 40
2285 4 17 40
3190 9 19 40
623 8 19 40
2388 3 4 40
1044 19 16 41
2442 18 16 41
453 0 19 41
1690 1 19 41
2837 1 18 41
3287 7 18 41
826 5 17 41
2156 8 15 41
1092 18 9 41
2679 16 8 41
2932 8 12 41
3614 18 6 41
1667 14 8 41
2464 5 8 41
2148 4 10 41
1053 17 0 41
1360 16 0 41
1385 17 1 41
2535 11 0 41
279 16 1 41
3816 18 10 41
2996 14 9 41
1030 19 15 41
1427 18 15 41
1632 17 15 41
1 18 17 41
2643 2 18 41
3192 2 17 41
4019 7 19 41
1839 6 19 41
375 18 19 42
489 17 19 42
4394 17 18 42
789 7 17 42
804 7 15 42
1088 17 13 42
4016 5 16 42
57 19 8 42
878 18 8 42
3652 19 7 42
4152 18 7 42
433 16 7 42
2801 1 13 42
4271 0 13 42
845 14 7 42
4265 19 6 42
71 17 7 42
2621 0 12 42
514 17 17 42
2516 16 17 42
4434 16 16 42
1503 10 18 43
12 19 13 43
2864 18 13 43
2946 9 13 43
3292 12 12 43
1666 8 14 43
4369 7 14 43
2312 7 11 43
2170 19 5 43
896 16 5 43
1473 17 6 43
3901 16 6 43
2782 12 6 43
3539 1 10 43
572 0 8 43
379 18 3 43
565 14 6 43
1416 4 8 43
1410 14 5 43
149 8 13 43
811 7 13 43
926 10 17 43
1999 10 16 43
861 9 16 43
3501 8 16 43
709 7 16 43
1294 5 18 43
750 6 18 43
2430 6 17 43
1486 6 16 43
2529 6 15 43
525 19 12 44
1933 17 11 44
1148 11 12 44
4111 8 7 44
1177 7 10 44
1943 13 6 44
1967 13 7 44
2371 12 7 44
3807 12 8 44
665 5 11 44
1915 19 3 44
731 17 5 44
2524 17 3 44
4063 0 11 44
3215 2 12 44
578 19 4 44
3081 18 5 44
104 18 4 44
369 17 4 44
589 18 12 44
3563 17 12 44
3606 16 12 44
697 16 11 44
2122 11 11 44
4098 5 10 44
161 3 12 44
979 4 12 44
1070 4 11 44
1741 3 11 44
2559 1 11 44
2474 2 11 44
3143 2 10 44
382 3 10 44
274 0 10 44
3520 0 9 44
4017 1 9 44
166 19 19 45
1191 19 18 45
1596 18 18 45
2574 0 14 45
3008 1 14 45
4076 16 10 45
4163 6 8 45
502 13 10 45
1199 12 10 45
992 13 8 45
3909 10 10 45
2249 0 6 45
2427 0 7 45
2645 1 8 45
2816 2 8 45
2580 16 3 45
2554 10 7 45
3659 8 6 45
256 11 6 45
1823 11 5 45
77 1 2 45
662 2 2 45
2671 1 1 45
3968 9 4 45
491 5 1 45
497 16 4 45
3417 1 0 45
3863 2 0 45
655 13 9 45
1403 12 9 45
13 11 10 45
3045 11 9 45
4143 10 9 45
2866 9 9 45
3997 9 8 45
243 9 7 45
385 19 17 46
1205 16 18 46
2061 4 17 46
3184 3 17 46
1002 6 7 46
3826 7 7 46
4086 7 8 46
462 19 1 46
770 18 1 46
3580 13 4 46
3765 14 4 46
403 16 1 46
3978 4 2 46
332 19 2 46
3696 18 2 46
277 17 2 46
1061 16 2 46
3492 19 11 46
3917 19 10 46
218 18 10 46
265 17 10 46
293 17 9 46
1836 16 9 46
4074 3 2 46
2386 3 1 46
824 3 0 46
2773 4 0 46
3311 5 0 46
3508 18 17 46
626 8 8 46
1593 4 16 46
906 19 14 47
4155 18 14 47
227 16 14 47
746 16 19 47
1301 15 19 47
1369 14 19 47
2940 15 18 47
3721 14 18 47
511 0 15 47
1324 1 15 47
1819 3 16 47
1983 9 15 47
827 9 12 47
4172 14 5 47
336 11 4 47
2968 15 0 47
3194 1 7 47
3930 2 7 47
2175 2 5 47
2596 10 5 47
3035 10 3 47
2143 13 5 47
1426 12 5 47
2425 12 4 47
1737 10 6 47
3790 9 6 47
1767 9 5 47
4179 8 5 47
1846 19 15 47
373 18 15 47
598 17 14 47
2850 9 14 47
764 3 15 47
405 9 16 47
1050 8 16 47
795 7 16 47
3510 17 16 48
571 15 17 48
707 14 17 48
1781 15 16 48
2822 4 19 48
3583 11 19 48
3673 0 1 48
47 0 5 48
172 14 3 48
693 14 0 48
700 12 2 48
2646 6 6 48
919 10 19 48
1113 0 2 48
1353 0 3 48
1886 0 4 48
2979 5 6 48
2352 12 19 49
3048 13 19 49
4290 13 18 49
784 12 17 49
1184 15 14 49
1475 0 18 49
1934 0 17 49
2350 1 17 49
3570 0 16 49
3809 1 16 49
694 3 19 49
2248 2 19 49
3377 14 16 49
2065 5 18 49
2938 14 2 49
4175 13 2 49
1065 1 4 49
2348 2 4 49
3573 13 0 49
3010 4 6 49
4388 6 5 49
1797 7 4 49
1201 9 3 49
1937 10 2 49
1406 12 0 49
3962 13 3 49
1011 12 3 49
1957 11 3 49
2149 11 2 49
413 1 5 49
2630 1 6 49
2903 2 6 49
1104 13 17 49
1224 5 19 49
66 18 15 50
733 14 14 50
2530 13 16 50
3453 12 16 50
1440 4 18 50
2157 3 18 50
2750 12 18 50
4226 10 17 50
2924 9 19 50
3133 8 19 50
3535 7 19 50
581 13 12 50
1719 13 13 50
3098 12 13 50
3479 11 13 50
4386 16 13 50
194 10 15 50
126 3 4 50
4191 6 4 50
1289 4 3 50
1584 0 0 50
1531 7 2 50
676 1 0 50
1062 17 15 50
2264 11 18 50
3022 11 17 50
2768 6 19 50
2087 19 15 51
4270 19 16 51
569 12 15 51
1553 11 15 51
1554 11 16 51
3029 10 16 51
2500 8 18 51
4443 8 17 51
825 15 13 51
2936 14 13 51
2553 16 11 51
2959 17 7 51
862 7 6 51
2280 7 5 51
2281 4 4 51
376 9 1 51
2016 9 2 51
3712 2 1 51
625 14 12 51
2153 11 7 51
2742 11 8 51
242 11 9 51
474 10 9 51
1782 9 9 51
1312 9 8 51
1863 9 7 51
2416 9 6 51
2528 9 5 51
889 2 0 51
137 18 16 51
1228 18 19 52
330 0 19 52
2302 1 19 52
715 7 18 52
1460 13 11 52
4127 12 11 52
3432 11 11 52
3954 14 11 52
4289 14 10 52
986 5 15 52
2881 14 9 52
619 4 1 52
2293 7 1 52
981 3 1 52
3254 3 0 52
4381 4 0 52
205 5 0 52
2815 17 19 52
203 1 18 52
2438 2 18 52
1944 2 17 52
2673 2 16 52
2697 6 18 52
171 17 18 53
2289 7 16 53
1931 3 15 53
3380 4 15 53
335 8 13 53
384 7 13 53
1668 8 12 53
2614 5 13 53
3409 4 13 53
812 6 11 53
1616 16 9 53
526 19 6 53
3982 18 6 53
1329 4 11 53
2897 18 5 53
1356 18 4 53
2865 17 4 53
3890 16 4 53
2941 2 15 53
58 4 16 53
2214 7 17 53
785 6 17 53
2485 5 17 53
1066 19 12 54
1459 18 12 54
2043 19 11 54
2277 19 10 54
2315 16 12 54
4031 18 10 54
2127 5 16 54
3919 19 7 54
2969 14 8 54
3317 8 7 54
4306 7 12 54
2279 0 12 54
766 2 10 54
807 2 13 54
882 6 10 54
2333 4 10 54
1645 4 7 54
3431 12 0 54
3927 11 0 54
2432 19 8 54
613 18 7 54
3230 18 8 54
409 15 12 54
1337 15 11 54
4312 8 8 54
1925 3 13 54
1128 19 19 55
111 11 17 55
1198 10 19 55
1212 0 14 55
2316 16 10 55
2446 16 7 55
4332 0 13 55
787 6 8 55
901 19 0 55
2057 18 0 55
3733 16 0 55
3872 5 10 55
829 17 0 55
1392 15 10 55
2000 15 9 55
2185 1 13 55
2391 1 12 55
2481 1 11 55
2733 2 11 55
959 1 14 55
2133 11 18 55
2304 10 18 55
2625 9 18 55
3681 9 17 55
3821 9 16 55
685 8 16 55
2498 19 18 56
2180 9 14 56
2421 19 13 56
2337 12 12 56
3532 11 12 56
1400 7 10 56
3093 13 10 56
3946 12 10 56
1578 12 8 56
1973 11 8 56
1644 14 7 56
2197 5 7 56
963 7 3 56
3249 6 3 56
420 18 13 56
768 17 13 56
1783 17 12 56
4130 9 13 56
1769 18 18 56
99 5 8 56
1291 19 17 57
1474 16 18 57
1816 4 16 57
2601 18 11 57
742 7 15 57
1625 5 11 57
4102 13 9 57
1154 11 10 57
1903 10 10 57
2399 11 7 57
2405 17 11 57
3253 17 10 57
4354 12 7 57
292 13 8 57
1804 13 7 57
3131 13 6 57
1118 12 9 57
1285 11 9 57
2313 10 9 57
686 19 14 57
2842 18 16 58
3880 17 16 58
3926 2 17 58
4231 3 17 58
4260 19 9 58
122 17 9 58
2205 7 11 58
3012 8 8 58
4284 6 7 58
3549 19 4 58
3590 19 3 58
3675 19 2 58
4222 18 2 58
2169 0 7 58
2505 10 6 58
2331 8 6 58
3663 13 5 58
7 19 8 58
1529 18 9 58
1669 18 8 58
2608 17 8 58
2686 16 8 58
3130 15 8 58
2484 15 7 58
3201 15 6 58
4055 12 5 58
1615 10 7 58
2167 18 17 58
3587 17 17 58
954 7 7 58
2181 7 8 58
1451 14 19 59
2298 14 18 59
2445 16 14 59
96 16 16 59
756 16 17 59
3903 0 18 59
4442 0 17 59
3505 2 18 59
1572 4 19 59
712 19 5 59
2804 19 1 59
3966 18 1 59
884 15 5 59
138 15 3 59
1194 12 4 59
2587 1 9 59
3951 2 9 59
156 18 5 59
1196 9 10 59
2949 1 18 59
856 18 14 60
1214 17 14 60
1713 13 19 60
1727 12 19 60
2032 13 18 60
3207 11 19 60
3302 11 18 60
301 14 17 60
367 12 16 60
484 15 14 60
645 14 14 60
1497 0 16 60
1599 0 15 60
2311 1 15 60
2211 5 19 60
2889 6 19 60
2913 18 4 60
2947 16 2 60
3779 15 2 60
1977 0 4 60
486 1 2 60
3921 2 2 60
297 9 4 60
2491 3 1 60
39 0 3 60
1279 0 2 60
3358 0 1 60
1127 1 1 60
1303 1 0 60
3810 2 0 60
3960 3 0 60
209 4 0 60
1521 3 2 60
1648 4 2 60
4447 1 14 60
400 19 14 61
449 12 18 61
1569 12 17 61
2813 13 17 61
3833 13 16 61
2558 2 19 61
2684 3 19 61
3999 3 16 61
2962 8 16 61
1671 1 5 61
4251 13 4 61
3389 12 2 61
3588 14 0 61
3771 5 0 61
188 6 2 61
551 0 5 61
69 0 6 61
885 19 16 61
1590 19 15 61
2262 18 15 61
3061 17 15 61
3077 16 15 61
425 14 16 61
1812 3 18 61
48 17 17 62
1048 12 15 62
1327 11 15 62
1363 10 17 62
3337 4 18 62
3419 9 13 62
3598 9 12 62
3602 17 6 62
774 17 4 62
797 16 3 62
3634 17 3 62
276 14 5 62
2202 9 9 62
2332 9 8 62
3484 6 6 62
201 17 2 62
1953 17 1 62
207 16 1 62
1975 18 5 62
2216 17 5 62
31 10 9 62
735 10 8 62
530 10 7 62
3074 9 7 62
1855 9 6 62
1674 9 5 62
2756 18 17 62
4138 10 16 62
321 4 17 62
76 5 6 62
2284 18 19 63
3110 0 19 63
3694 1 19 63
830 7 19 63
2767 8 19 63
3244 9 19 63
553 5 18 63
3398 7 17 63
3633 7 16 63
3554 13 6 63
1393 12 5 63
3509 13 3 63
4212 1 7 63
1233 15 0 63
2139 15 1 63
1490 13 2 63
3199 12 3 63
681 1 6 63
2820 18 18 63
4134 17 18 63
4188 17 19 63
4046 1 18 63
2135 12 14 64
2431 12 11 64
3345 13 11 64
3923 13 12 64
3747 19 12 64
4275 18 12 64
1209 17 11 64
4331 17 10 64
2183 10 14 64
2839 7 18 64
3267 0 9 64
3698 0 10 64
644 13 0 64
38 11 14 64
40 6 18 64
1507 3 15 65
1856 8 18 65
2071 8 17 65
1665 16 13 65
2602 19 11 65
3887 19 10 65
4069 19 7 65
2 5 16 65
2233 1 10 65
1300 2 7 65
324 11 4 65
1287 11 3 65
2886 11 2 65
3248 4 6 65
2943 6 5 65
1914 19 13 66
3407 18 13 66
3949 17 13 66
1275 14 13 66
2105 15 13 66
2448 14 12 66
2690 14 11 66
3406 14 10 66
72 10 15 66
446 4 17 66
851 11 11 66
1111 19 8 66
776 7 14 66
3435 8 15 66
2651 8 12 66
3544 7 12 66
3669 14 8 66
396 8 7 66
2096 5 13 66
4123 3 13 66
4034 0 8 66
2788 7 4 66
1340 17 12 66
254 1 8 66
1627 2 8 66
4365 7 7 66
2967 5 17 66
253 6 17 66
2172 6 16 66
2385 4 13 66
760 19 19 67
4308 19 18 67
721 18 17 67
904 17 19 67
987 16 19 67
1544 15 19 67
4280 18 11 67
4371 18 10 67
1079 15 12 67
2638 4 16 67
3261 4 15 67
3709 14 9 67
19 16 9 67
159 6 11 67
1617 1 12 67
1592 13 7 67
1974 3 4 67
2579 6 4 67
3467 16 12 67
225 19 17 67
2084 18 18 67
1489 17 18 67
628 16 18 67
608 18 16 68
1376 3 18 68
2055 3 17 68
3955 1 16 68
4085 10 19 68
1174 11 13 68
1424 11 17 68
1610 11 16 68
2550 10 16 68
2902 0 14 68
928 19 9 68
1483 17 8 68
2993 16 8 68
3427 19 6 68
160 0 12 68
3291 0 11 68
3591 1 11 68
4045 2 11 68
2564 5 11 68
267 13 8 68
3132 13 9 68
819 0 2 68
1514 0 3 68
4082 1 1 68
1728 2 4 68
517 3 2 68
957 1 4 68
2357 1 3 68
4005 2 3 68
492 3 3 68
1144 4 3 68
1524 19 16 68
3553 19 15 68
414 10 13 68
603 2 10 68
1927 7 15 68
1222 6 15 68
325 0 1 68
202 0 0 68
2966 1 0 68
2166 2 0 68
2186 3 0 68
3202 4 0 68
3885 14 19 69
4358 14 18 69
1988 16 14 69
4444 1 14 69
1762 16 10 69
1893 17 9 69
2661 17 7 69
4173 0 13 69
103 6 7 69
1698 7 7 69
3206 7 8 69
557 16 7 69
1630 8 10 69
3847 4 11 69
639 13 10 69
2092 12 10 69
2517 11 10 69
3622 12 9 69
3089 9 10 69
3390 6 10 69
3849 11 7 69
2928 4 1 69
2549 7 1 69
1821 18 9 69
2471 18 8 69
2240 18 7 69
1884 16 11 69
2892 15 11 69
3782 15 10 69
4097 15 9 69
3379 15 8 69
915 10 10 69
310 8 8 69
1540 8 9 69
596 1 13 69
942 2 13 69
3969 2 12 69
725 18 14 70
2141 17 14 70
4054 17 16 70
2811 16 18 70
4103 13 18 70
706 0 18 70
1190 0 17 70
2874 19 4 70
3770 19 3 70
2953 6 8 70
263 4 10 70
3871 19 0 70
4288 18 0 70
4356 17 0 70
754 11 9 70
1367 10 9 70
2749 11 8 70
1116 7 2 70
3740 4 2 70
286 19 2 70
476 16 0 70
2408 12 8 70
89 12 7 70
680 12 6 70
1765 10 8 70
327 15 18 70
529 13 19 70
604 19 14 71
1631 16 16 71
1930 14 17 71
2703 13 17 71
3418 14 16 71
3834 12 17 71
3916 14 15 71
182 11 19 71
2176 2 18 71
233 0 16 71
1414 0 15 71
2824 1 15 71
3016 17 5 71
3087 5 10 71
487 16 2 71
2923 0 7 71
3594 0 6 71
1125 5 8 71
632 10 7 71
1623 7 6 71
1707 7 5 71
3137 4 4 71
843 14 7 71
2082 15 7 71
298 15 6 71
1352 5 7 71
275 19 15 71
2365 18 15 71
3611 17 15 71
3686 16 15 71
554 12 19 71
927 12 18 71
2980 11 18 71
10 11 14 72
479 11 15 72
2108 12 15 72
2547 12 16 72
1078 2 19 72
1081 3 19 72
1304 4 18 72
2015 3 16 72
745 9 18 72
1145 5 15 72
4092 10 13 72
3191 9 12 72
983 8 14 72
2991 15 2 72
3174 4 7 72
2338 10 6 72
1274 2 5 72
2541 11 1 72
914 10 2 72
3259 7 3 72
2522 6 3 72
1351 9 3 72
399 11 6 72
2154 11 5 72
2376 13 16 72
2925 13 15 72
1204 10 18 72
1658 10 17 72
1425 9 17 72
1072 4 19 72
4298 18 19 73
2594 0 19 73
4010 1 19 73
4274 1 18 73
432 8 16 73
1202 19 5 73
3250 18 5 73
1073 17 4 73
2778 17 3 73
600 0 5 73
4324 0 4 73
1082 10 3 73
2644 10 4 73
4396 8 6 73
2800 10 1 73
309 18 4 73
467 18 3 73
1605 18 18 73
2867 17 18 73
1718 17 17 73
4150 16 17 73
427 1 17 73
2210 2 17 73
2237 2 16 73
372 5 19 74
1602 13 13 74
4441 13 12 74
311 16 5 74
312 19 2 74
4050 19 1 74
4378 17 2 74
719 13 4 74
1910 10 8 74
1008 1 6 74
4161 2 6 74
2556 6 6 74
3136 5 6 74
506 2 2 74
2769 9 2 74
1136 9 1 74
1802 18 2 74
127 18 1 74
732 17 1 74
739 16 1 74
2095 15 1 74
2499 9 9 74
290 9 8 74
615 9 7 74
902 9 6 74
1000 1 5 74
1504 1 4 74
196 1 2 74
458 1 3 74
1971 2 3 74
652 3 3 74
2002 4 3 74
141 13 11 74
2234 12 11 74
2780 9 19 74
2099 5 18 75
4318 5 17 75
3998 7 17 75
4209 7 16 75
374 16 13 75
536 14 6 75
671 4 8 75
3270 14 0 75
3440 13 2 75
562 12 3 75
2527 9 4 75
3186 3 1 75
3256 6 1 75
436 19 7 75
3171 18 7 75
3719 2 1 75
2286 2 0 75
4287 3 0 75
353 4 0 75
1445 3 15 75
25 7 15 75
3932 17 10 76
255 16 12 76
1097 5 16 76
2495 13 5 76
3226 14 5 76
3972 13 6 76
1308 16 4 76
1796 1 9 76
3333 2 9 76
27 12 4 76
937 4 6 76
1634 6 2 76
1519 16 3 76
1543 14 4 76
317 8 1 76
886 8 2 76
4418 8 3 76
2478 8 4 76
580 8 5 76
1626 9 5 76
3759 10 5 76
112 19 19 77
923 19 18 77
2900 19 17 77
2974 19 16 77
1729 19 13 77
3967 18 13 77
129 8 19 77
1320 7 19 77
2325 8 18 77
2543 7 18 77
3682 8 17 77
4375 10 14 77
1326 0 9 77
1964 0 10 77
1265 12 5 77
658 13 3 77
1225 1 8 77
1457 17 13 77
288 12 6 77
2291 11 6 77
2685 11 5 77
1691 11 4 77
2411 11 3 77
3769 11 2 77
450 12 2 77
2463 6 5 77
496 19 15 77
162 1 10 77
1795 2 10 77
1993 6 19 77
2075 6 18 77
2094 6 17 77
2098 6 16 77
800 6 15 77
2179 17 19 78
930 18 17 78
2203 3 18 78
4001 3 17 78
874 1 16 78
1390 19 12 78
4071 18 12 78
4247 19 11 78
4277 15 13 78
30 14 10 78
881 1 7 78
1465 2 7 78
1824 19 10 78
387 14 13 78
2111 15 7 78
2276 15 8 78
3309 15 9 78
1269 17 12 78
3298 2 8 78
1095 18 18 78
2536 17 18 78
3936 16 19 78
1328 1 17 78
3711 14 19 79
4186 13 19 79
753 17 17 79
2515 9 19 79
302 10 19 79
2206 14 12 79
2270 14 11 79
447 3 15 79
2164 10 15 79
3595 11 12 79
2520 15 0 79
3621 13 0 79
1869 16 0 79
2783 16 1 79
3119 15 1 79
595 15 12 79
2423 10 12 79
1948 4 17 79
3488 4 16 79
1710 4 15 79
452 17 16 80
647 17 15 80
1058 16 15 80
3097 14 18 80
3343 16 17 80
100 12 19 80
2031 10 18 80
2838 10 17 80
3070 14 9 80
1560 0 14 80
1926 11 13 80
2036 19 8 80
2381 19 7 80
192 18 16 80
1442 9 17 80
3312 1 14 80
1476 14 17 81
2251 19 15 81
3905 16 16 81
4118 15 15 81
3371 13 16 81
3324 16 11 81
16 17 11 81
3619 18 11 81
985 8 15 81
3441 6 15 81
2985 19 9 81
3766 18 8 81
2599 19 6 81
637 0 13 81
3780 1 13 81
179 15 11 81
70 19 10 81
972 18 10 81
1898 18 9 81
591 19 14 81
743 18 15 81
1923 18 14 81
3471 17 14 81
660 16 14 81
1808 15 14 81
1022 7 15 81
1730 2 13 81
4267 16 19 82
1077 13 18 82
1694 12 18 82
1997 13 17 82
3473 12 17 82
269 2 18 82
477 7 13 82
1941 7 12 82
2121 6 11 82
3001 16 10 82
537 16 8 82
1362 17 8 82
2074 14 8 82
2134 5 7 82
3168 8 8 82
4435 0 12 82
3646 2 12 82
1760 1 10 82
2480 2 10 82
2843 14 7 82
285 17 9 82
1546 16 9 82
636 15 10 82
3068 15 9 82
3396 15 8 82
903 15 19 82
1966 11 19 82
2242 11 18 82
3581 11 17 82
531 0 11 82
2317 1 12 82
782 1 11 82
834 2 11 82
32 7 14 82
1019 18 19 83
3914 13 15 83
49 0 18 83
65 0 17 83
1108 1 17 83
1498 11 15 83
2073 12 15 83
2718 11 14 83
4395 12 16 83
4073 1 14 83
4211 4 12 83
2441 17 7 83
3236 17 5 83
3391 8 9 83
3411 8 10 83
3993 19 4 83
4242 18 4 83
2595 13 7 83
3718 5 10 83
123 18 7 83
1661 18 6 83
3973 17 6 83
3211 15 7 83
1970 11 16 83
4024 10 16 83
366 0 16 83
1093 0 15 83
1942 1 15 83
4077 2 17 83
1432 6 16 84
2609 0 19 84
2829 13 13 84
3346 13 12 84
383 2 16 84
1775 3 16 84
2199 6 12 84
2290 4 13 84
2722 10 10 84
3146 11 10 84
3307 12 10 84
3478 13 10 84
2479 8 7 84
3934 7 7 84
1171 13 8 84
3395 19 3 84
518 4 5 84
792 5 5 84
1219 13 9 84
241 13 11 84
4367 6 7 84
1383 6 8 84
2674 7 8 84
759 2 15 84
1533 2 14 84
3699 3 14 84
417 1 18 84
1284 1 19 84
2049 2 19 84
422 3 19 84
3736 6 5 84
337 6 4 84
1319 6 17 85
1331 6 18 85
1780 6 19 85
2891 5 19 85
4232 4 19 85
1126 9 18 85
3734 5 15 85
3327 10 13 85
120 9 10 85
4248 9 9 85
1779 16 0 85
3482 17 0 85
3707 18 0 85
1399 19 0 85
3225 6 10 85
186 9 17 85
1110 2 13 85
4384 3 13 85
582 3 12 85
540 15 14 86
802 5 18 86
883 4 18 86
1467 8 16 86
3210 10 12 86
3315 9 12 86
838 19 5 86
971 18 5 86
3433 10 8 86
943 16 7 86
1858 4 10 86
389 18 6 86
1047 17 6 86
4 9 8 86
14 9 7 86
2743 9 6 86
2173 9 16 86
2871 9 15 86
3486 16 14 87
455 19 19 87
1938 9 13 87
908 17 10 87
93 10 9 87
3354 11 9 87
955 12 7 87
2507 16 5 87
11 19 2 87
2791 18 2 87
2774 19 1 87
2905 18 1 87
130 18 3 87
748 16 6 87
237 18 10 87
313 18 9 87
498 17 9 87
2212 16 9 87
56 12 9 87
599 12 8 87
1770 11 8 87
1178 11 7 87
1654 2 1 87
2467 0 8 87
1866 3 10 87
2147 5 17 88
2538 5 16 88
2870 3 11 88
627 4 11 88
1013 5 11 88
2053 5 12 88
1799 5 13 88
3445 6 13 88
1162 5 6 88
193 17 19 89
1740 19 13 89
2482 18 13 89
407 16 13 89
633 7 17 89
1115 14 6 89
2776 13 6 89
3839 14 5 89
1167 16 4 89
601 12 6 89
2687 2 8 89
26 7 16 89
1826 7 15 89
2354 8 1 89
481 17 4 89
2009 17 3 89
4049 16 3 89
2004 13 5 89
585 17 13 89
1565 17 12 89
2027 16 12 89
4181 14 0 89
1270 18 14 90
1307 17 14 90
1633 18 15 90
1355 16 15 90
936 19 17 90
1511 13 19 90
1642 14 19 90
1901 15 19 90
3071 14 18 90
794 17 18 90
1611 9 19 90
3797 8 19 90
1700 10 14 90
155 14 4 90
358 6 9 90
2356 4 9 90
2565 0 7 90
3404 0 6 90
3800 1 6 90
4360 0 4 90
2561 10 3 90
2965 11 3 90
984 2 6 90
1515 19 18 90
282 17 15 90
1591 15 18 90
758 7 19 90
2875 7 18 90
2462 8 18 90
4336 8 17 90
50 5 9 90
499 0 3 90
230 0 5 90
2361 1 5 90
3506 1 4 90
841 1 3 90
2513 4 0 90
418 3 0 90
1919 2 0 90
2626 1 0 90
3562 11 1 90
3660 0 0 90
2998 19 14 91
3113 19 15 91
2982 17 16 91
3596 14 17 91
3751 3 19 91
3806 3 18 91
722 12 19 91
1990 11 19 91
4201 11 18 91
4411 11 17 91
864 9 17 91
3990 14 12 91
577 9 7 91
3569 10 7 91
1881 11 7 91
2440 10 19 91
24 2 11 91
3680 1 11 91
3908 0 11 91
2231 0 10 91
4357 16 19 92
158 0 14 92
3786 0 15 92
4216 0 16 92
3 3 15 92
1513 15 17 92
2083 15 15 92
909 2 17 92
1906 11 16 92
3178 9 16 92
2373 12 6 92
1653 11 6 92
552 10 6 92
460 9 6 92
2660 18 19 93
3643 18 18 93
3980 19 16 93
4080 14 15 93
4146 12 18 93
238 11 13 93
4440 11 12 93
823 14 11 93
1635 14 9 93
1752 19 1 93
2261 18 1 93
2893 19 0 93
3556 17 1 93
4192 18 0 93
1245 15 1 93
2465 1 9 93
3844 2 9 93
4337 3 9 93
670 17 0 93
284 17 2 93
3517 0 9 93
3728 0 8 93
3756 12 3 93
1717 14 1 93
2294 13 1 93
953 7 4 93
576 2 19 94
1705 1 19 94
1885 0 17 94
3655 12 17 94
3799 3 17 94
3658 19 12 94
4380 18 12 94
3326 2 18 94
2054 17 14 95
3320 18 14 95
3829 17 15 95
4276 18 15 95
4416 0 19 95
1057 4 19 95
2129 18 16 95
4329 0 18 95
3460 1 18 95
4159 1 17 95
4200 17 12 95
3263 16 12 95
2964 14 13 95
893 15 13 95
3203 15 12 95
3971 19 18 96
1338 10 16 96
4108 12 1 96
