28
0000000000000000000000000000
0000000000000000000000000000
0000000000000000000000000000
0000000000000000000000000000
0000000000000000000000000000
0000000000000000000000000000
0000000000001111111111110000
0000000000000000000000000000
0000000000000000000000000000
0000000000000000000000000000
0000000000000000000000000000
0000000000000000000000000000
0000000000000000000000000000
0000000000000000000000000000
0000000000000000000000000000
0000000000000000000000000000
0000000000000000000000000000
0000000000000000000000000000
0000000000000000000000000000
0000000000000000000000000000
0000000000000000000000000000
0000000000000000000000000000
0000000000000000000000000000
0000000000000000000000000000
0000000000000000000000000000
0000000000000000000000000000
0000000000000000000000000000
000000000000000000000000000
000000000000000000000000000
000000000000000000000000000
000000000000000000000000000
000000000000000000000000000
000000000000000000000000000
000000000000000000000000000
000000000000000000000000000
000000000000000000000000000
000000000000000000000000000
000000000000000000000000000
000000000000000000000000000
000000000000000000000000000
000000000000000000000000000
000000000000000000000000000
000000000000000000000000000
000000000000000000000000000
000000000000000000000000000
000000000000000000000000000
000000000000000000000000000
000000000000000000000000000
000000000000000000000000000
000000000000000000000000000
000000000000000000000000000
000000000000000000000000000
000000000000000000000000000
000000000000000000000000000
000000000000000000000000000
1 4 1 2 3 3 6 4 3 8 2 5 8 5 1 7 2 2 8 2 4 1 5 9 1 3 4 7
1 4 1 1 34 19 7 3 5 5 3 7 9 6 6 1 6 2 2 2 2 3 3 3 6 1 8 3
1 1 2 5 14 1 6 5 5 4 1 2 6 8 8 9 1 5 8 2 3 2 6 3 4 1 3 1
9 2 1 100 26 38 10 8 1 3 6 4 2 1 7 2 4 2 3 9 7 5 2 4 1 1 2 5
6 7 3 84 75 81 2 56 6 5 1 4 2 3 6 5 4 2 1 2 6 5 7 5 1 3 9 8
4 3 77 19 28 18 28 57 4 5 1 1 7 2 2 2 3 7 5 3 6 1 10 3 2 3 4 8
3 4 29 33 14 11 13 31 5 2 2 9 7 6 5 1 2 10 2 6 9 7 4 3 1 6 6 5
1 20 56 53 27 91 75 25 5 2 27 4 9 6 4 2 2 5 2 1 2 1 5 7 4 7 3 3
5 54 93 28 81 5 23 17 12 5 17 1 52 1 1 1 8 1 5 2 2 9 2 3 1 1 3 7
12 9 89 11 46 22 22 6 10 11 6 18 17 31 1 9 4 3 1 1 1 2 2 4 5 10 3 2
19 31 14 28 70 4 5 20 7 13 5 6 10 9 30 6 1 2 8 1 10 7 7 3 2 3 2 7
95 87 105 77 2 35 6 25 23 5 14 9 10 35 16 17 3 1 8 2 3 9 4 401 358 485 2 8
10 3 92 3 2 5 11 6 4 7 8 13 15 22 2 12 2 10 2 100 213 318 155 182 111 5 4 9
8 13 8 3 6 5 4 19 8 6 12 7 4 23 13 1 6 2 79 172 493 140 490 286 1 1 98 9
3 2 10 5 2 20 9 11 27 22 11 21 17 3 3 2 5 122 556 286 171 388 337 349 105 558 114 692
2 9 6 6 3 5 2 3 3 12 6 3 3 1 4 2 81 125 8 229 383 75 565 8 3 211 1 5
373 9 2 120 2 91 2 2 9 9 9 2 10 10 6 1 2 244 1 128 306 232 98 2 8 1 9 1
292 3 11 93 115 2 5 2 3 2 1 5 8 7 2 8 9 1 2 664 5 570 630 7 9 7 7 7
99 114 96 72 259 2 7 2 2 7 8 5 12 50 19 3 3 4 7 7 1 3 8 6 8 9 3 2
154 56 238 87 263 1 8 4 2 3 25 37 26 19 48 2 1 3 2 6 1 2 6 2 4 5 5 8
269 51 394 185 59 162 3 7 5 15 59 33 6 22 20 11 41 3 2 2 4 1 9 2 9 9 3 8
47 162 94 5 207 67 2 13 8 7 30 6 34 45 52 44 2 2 2 2 8 4 4 2 8 1 3 9
29 23 10 34 2 5 8 16 7 9 104 23 38 7 10 29 1 8 7 2 4 1 2 4 8 5 1 6
16 74 3 3 2 3 3 2 6 7 124 40 40 27 14 24 6 3 6 8 6 3 1 1 7 7 5 4
48 42 2 13 7 4 14 12 3 16 71 23 26 51 53 47 29 16 6 6 2 1 1 3 2 3 4 6
13 101 10 2 14 6 7 3 3 2 118 22 7 9 42 11 1 4 5 2 3 4 1 5 4 3 4 5
60 46 10 2 10 5 4 5 5 4 22 49 44 49 2 1 3 5 3 4 5 7 2 2 3 9 10 6
12 43 90 2 9 3 13 6 2 4 58 4 19 4 4 7 1 2 2 2 4 9 3 3 7 2 2 2
