28
0000000000000000000000000001
0000000000000000000000000000
0000000000000000000011111111
0000000000000001111000000000
0000000000000000000000000000
0000000000000000000000000000
0000011111111111111000000000
0000000000000000001111100000
0000000000000001111111111000
0000000000000000000000000000
0000000000000000000000000000
0000000000000000000000000000
0000000000000000000000000000
0000000000000011111100000000
0000000000000000000111000000
0000000000000000000000000000
0000000000000000000000011111
0000000000000000000000000000
0000000000000000000000000000
0000000000000000000000000000
0000000000000000000000000000
0000000000000000000000000000
0000000000000000000000000000
0000000000000000000000000000
0000000000000000000000000000
0000000000000000000000000000
0000000000000000000000000000
000111000001000010100000000
000011000001000010100000000
000001000001000010000000000
000001010001000010000000000
000001010001000010000000100
000001010000000000000000100
000001010000000000000000100
000001010000000010000000100
000001010000000010000000100
000000010000000010000000100
000000010000000010011000100
000000010000000011011000100
000000000001000011011000100
000000000001000011011000100
000000000001000011011000100
000000000001000011011000000
000000000000000001011000000
000000000000000000011000000
000000000000000000011000000
000000000000000000011000000
000000000000000000011000000
000000000000000000010000001
000000000000000000010000001
000000000000000100010000001
000000000000000100010000000
000000000000000100010000000
000000000000000000010000000
000000000000000000000000000
1 2 2 5 8 420 1 10 2 4 2 1 2 3 3 2 7 14 19 52 30 13 47 65 16 20 16 35
3 239 268 135 2 300 2 3 5 4 2 3 18 5 3 6 6 26 16 13 72 78 5 71 50 43 79 7
5 114 188 274 468 152 1 2 9 1 10 1 4 5 3 7 1 22 117 13 8 6 15 6 51 37 55 45
83 92 76 226 260 159 3 4 1 2 2 2 7 5 6 3 1 5 19 22 6 8 21 5 95 241 277 690
5 110 115 338 62 305 6 4 1 4 7 5 13 3 14 9 3 8 27 19 13 7 17 175 320 140 110 110
5 1 2 269 436 233 2 1 9 1 1 25 9 14 5 7 14 12 7 7 27 16 11 75 406 192 801 448
4 1 2 523 196 2 3 1 1 8 5 7 17 12 3 5 8 11 7 4 7 4 5 634 110 738 176 104
2 3 2 135 379 3 9 2 3 2 8 10 7 2 1 4 1 136 94 4 13 26 75 91 397 229 145 104
3 2 3 2 2 2 8 3 9 5 1 2 5 3 6 2 4 9 10 1 10 2 276 72 283 126 946 225
3 5 5 3 9 10 1 2 1 6 8 2 2 3 2 2 2 10 19 28 7 8 37 13 49 282 505 202
3 4 4 2 2 1 6 9 2 2 5 7 5 3 7 2 8 31 16 18 28 8 9 36 43 155 136 598
1 5 10 4 4 3 6 8 4 1 4 2 4 3 4 2 1 6 10 29 4 38 8 40 11 216 346 377
58 3 17 1 7 2 1 1 4 1 6 2 9 4 2 10 2 5 18 12 1 19 50 12 10 156 105 689
10 19 15 4 1 1 2 2 8 4 2 2 2 4 1 1 1 2 1 2 3 12 6 8 36 343 176 178
43 8 16 22 1 3 4 4 3 10 1 1 3 7 4 9 5 7 9 3 1 5 8 10 6 737 597 162
23 18 9 12 1 5 4 1 2 3 6 9 5 9 22 5 3 6 3 3 8 22 8 18 6 2 8 9
49 17 21 7 3 1 4 5 5 2 7 3 3 2 25 5 3 15 3 6 8 11 45 35 35 1 2 6
24 44 22 46 7 6 8 2 6 5 2 2 3 4 91 15 20 104 81 64 5 1 32 3 2 6 2 1
28 17 51 15 37 1 1 7 1 5 8 5 8 1 10 16 20 114 67 28 1 5 1 1 2 5 1 2
18 10 25 11 35 5 7 6 9 1 2 3 3 2 3 70 123 15 50 58 10 5 3 1 4 6 1 1
14 18 3 27 1 5 3 5 5 8 4 2 3 3 93 19 17 81 19 16 163 1 9 2 2 8 2 2
17 13 3 6 6 4 4 5 2 3 6 2 4 1 3 78 36 37 37 124 183 168 33 10 1 6 58 1
47 13 35 4 2 6 8 2 4 9 2 9 3 5 2 24 38 82 65 61 61 27 160 79 1 32 25 6
2 2 9 1 5 2 2 4 2 2 7 1 1 1 6 1 83 103 44 31 23 123 8 67 63 57 46 3
2 5 6 9 9 7 2 5 1 1 2 10 8 1 3 1 31 21 65 91 145 82 46 71 48 35 149 151
8 5 5 4 3 2 6 1 2 4 5 3 5 5 2 36 62 27 21 29 56 108 73 29 90 190 197 114
3 3 1 1 8 5 1 5 6 2 5 9 2 4 5 19 93 77 17 139 190 173 63 137 58 172 17 3
5 2 7 2 9 5 7 2 2 2 2 4 2 3 1 5 90 131 18 35 33 49 210 74 16 31 110 8
