31
0000000000000000001111111100000
0000000000000000000000000000000
0000000000000000000000000000000
0000000000000000000000000000000
0000001111111111111110000000000
0000000000000000000000000000000
0000000000000000000000000000000
0000000000000000000000000000000
0000000000000000000000000000000
0000000000000000000000000000000
0000000000011111111111100000000
0000000000000000000000000000000
0000000000000000000000000000000
0000000000000000000000000000000
0000000000000000000000000000000
0000000000000000000000000000000
0000000000000000000000000000000
0000000000000000000000000000000
0000000000000000000000000000000
1111111111111111111100000000000
0000000000000000000000000000000
0000000000000000000000000000000
0000000000000000000000000000000
0000000000000000000000000000000
0000000000000000000000000000000
0000000000000000000000000000000
0000000000000000000000000011111
0000000000000000000000000000000
0000000000000000000000000000000
0000000000000000000000000000000
000100000000000000000000000000
000000000000000000000000000000
000000000000000000000000000000
000000000000000000000000000000
000000000000010000000000000000
000000000000010000000000000000
000000000000010000000000000000
000000000000010000000000000000
000000000000110000000000000000
000000000000110000000000000000
000000000000110000000000001000
000000000000110000000000001000
000000000000110000000000001000
000000000000110000000000001000
000000000000110000000000001000
000000000000110000000000001000
000000000000110000000000001000
000000000000110000000000000000
000000000000100000000000000000
000000000000000000000000000000
000000000000000000000000000000
000000000000000000000000000000
000000000000010000000000000000
000000000000010000000000000000
000000000000010000000000000000
000000000000010000000000000000
000000000000010000000000000000
000000000000000000000000000000
000000000000000000000000000000
000000000000000000000000000000
000000000000000000000000000000
1 3 1 1 8 3 3 4 1 1 5 2 2 1 1 5 7 2 2 9 8 4 3 2 1 1 7 2 2 5 5
2 6 1 8 2 7 6 2 5 2 3 2 7 4 8 4 1 1 9 2 3 1 2 2 2 7 3 3 10 2 4
2 8 1 6 1 2 4 97 5 4 9 4 2 1 5 8 9 1 9 4 4 6 1 7 3 3 1 2 5 1 8
7 2 1 5 80 109 123 336 150 7 7 3 8 7 4 8 3 9 2 2 3 5 2 3 4 2 8 8 8 1 3
2 1 106 5 177 67 2 6 2 2 6 4 2 5 9 7 1 2 1 7 3 2 1 4 7 4 4 3 1 1 5
1 48 186 194 323 120 120 149 157 131 140 286 176 6 4 7 6 2 5 2 4 5 2 1 4 7 1 2 8 1 10
109 363 2 227 39 329 114 72 57 216 61 80 53 219 1 8 3 7 3 4 4 4 1 1 6 1 9 1 1 4 8
6 274 353 200 55 313 168 49 211 42 270 199 155 43 5 1 8 1 9 4 9 2 3 4 4 1 2 1 4 1 6
62 63 155 332 237 80 256 332 86 40 157 75 76 69 1 2 2 10 1 3 2 7 3 5 2 2 1 1 7 3 3
78 158 48 164 208 64 46 75 195 56 63 91 129 158 1 4 7 1 3 1 6 7 5 2 10 5 9 1 4 10 1
50 117 348 44 61 152 74 83 197 49 136 43 65 6 5 2 2 1 3 3 2 4 5 6 5 3 3 4 10 10 1
265 212 1 141 58 91 143 108 218 103 278 53 269 1 2 4 1 3 2 4 8 2 8 8 2 2 5 6 4 3 2
52 233 7 70 218 40 62 179 341 42 149 294 133 9 9 1 5 8 4 4 5 7 3 2 5 1 1 3 6 3 1
202 145 273 294 83 42 129 54 224 50 116 237 74 92 5 2 7 7 3 5 10 7 7 4 7 24 4 1 4 7 3
9 222 79 76 85 357 53 351 63 38 279 64 66 199 4 1 4 1 3 4 10 1 5 2 6 29 2 3 2 1 3
243 62 288 318 351 114 311 97 127 159 246 42 42 176 141 68 310 239 1 7 21 18 4 2 4 53 9 4 2 1 3
172 177 318 109 184 79 66 155 237 40 67 66 215 115 230 281 63 81 153 357 21 54 2 36 14 11 10 3 5 1 1
80 64 67 160 94 74 63 357 37 129 126 221 51 311 64 153 87 103 346 206 7 7 12 15 14 41 6 7 5 5 1
3 1 100 105 103 107 223 76 194 104 229 72 301 191 38 262 115 302 114 75 110 20 64 52 18 15 31 6 10 2 5
2 151 333 144 73 49 60 345 67 155 75 350 141 82 125 145 289 46 144 77 11 10 9 63 7 17 9 5 8 2 8
9 4 5 7 1 3 2 5 4 4 8 2 2 2 5 10 57 40 8 7 23 23 11 9 19 11 60 13 5 2 1
3 2 4 5 1 5 10 3 1 4 4 5 1 2 7 8 14 38 32 13 39 43 16 20 55 22 8 16 10 4 1
4 1 9 5 4 3 4 1 3 2 1 2 2 2 52 53 8 9 25 15 10 9 55 25 12 12 17 9 42 24 8
6 3 9 4 2 3 6 2 6 4 2 8 5 10 10 23 24 12 7 47 63 11 15 37 23 19 57 20 64 8 5
1 6 2 1 2 1 2 1 3 6 2 2 6 7 13 62 30 48 47 40 23 31 52 18 8 42 30 23 32 28 1
4 4 4 2 2 1 3 1 5 3 2 7 1 3 25 18 46 21 46 7 16 28 14 11 8 32 7 35 2 3 6
9 7 1 9 2 2 9 6 3 6 6 4 4 6 6 19 7 26 7 15 35 20 27 56 13 8 1 34 2 9 2
1 4 1 8 3 1 5 6 9 5 3 2 3 5 9 23 7 24 20 8 17 17 19 21 40 11 34 37 7 2 3
6 4 2 3 10 8 2 5 3 9 2 4 8 2 2 20 56 8 29 38 28 16 53 42 65 42 11 51 39 9 4
7 5 3 7 5 3 2 8 2 5 2 1 3 1 3 31 33 40 23 7 7 10 2 2 25 7 3 6 9 3 5
4 3 1 4 3 2 3 8 10 1 2 3 2 2 8 6 8 34 37 23 12 23 10 5 10 31 7 5 5 5 1
