23
00000000000000000000000
00000000000000000000000
00000000000000000000000
00000000000000000000000
11111111100000000000000
00000000000000000000000
00000000000000000000000
00000000000000000000000
00000000000000000000000
00000000000000000000000
00000000000000000000000
00000000000000000000000
00000000000000000000000
00000000000000000000000
00000000000000000000000
00000000000000000000000
00000000000000000000001
00000000000000000000000
00000000000000000111111
00000000000000000000000
00000000000000000000000
00000000000000000000111
0000000000001001000010
0000000000001001000010
0000000000001001000010
0000000000001001000000
0000000000001001000000
0000000000001001000000
0000000000001001000000
0000000000001001000000
0000000000001001000000
0000000000000001100000
0000000000000000100000
0001000000000000100000
0001000000000000100000
0001000000000000100000
0001000000000000001000
0001000000000000001000
0001000000000000001000
0000000000000000001000
0000000000000000001000
0000000000000000001000
0000000000000000001000
0000000000000000000000
0000000000000000000000
4 4 78 23 22 129 39 35 123 70 86 35 88 3 6 7 3 1 1 2 4 13 10
8 1 6 26 53 30 48 44 54 34 62 64 108 7 2 9 4 3 23 56 147 19 152
9 3 165 20 189 47 68 144 58 113 20 36 62 5 3 9 5 2 35 42 18 17 60
8 4 70 8 44 25 44 62 55 48 125 37 76 1 3 6 13 16 98 35 21 83 130
8 4 6 7 113 157 38 21 19 103 30 120 69 4 8 4 4 17 35 61 47 62 150
2 3 1 6 6 26 169 141 67 134 81 36 39 1 2 7 2 3 52 132 18 161 97
5 8 9 1 8 2 39 116 177 142 31 117 19 1 1 5 8 3 34 31 30 17 29
7 1 6 3 8 1 4 7 4 50 67 142 107 2 1 9 10 1 35 157 31 23 18
10 2 8 2 2 5 7 10 4 5 11 8 3 2 10 2 3 4 1 92 44 19 44
2 8 2 1 8 2 3 9 3 4 9 7 12 9 6 2 8 1 4 73 34 20 61
9 2 1 1 9 4 6 23 23 7 12 4 67 6 1 1 9 1 10 9 37 48 28
8 10 1 1 12 6 8 14 9 7 21 35 41 4 8 2 3 9 2 4 2 4 3
1 3 3 1 4 1 4 12 19 9 12 32 55 57 13 4 1 8 2 3 4 3 4
1 2 4 4 12 9 7 8 2 3 4 21 4 38 2 2 2 2 2 4 2 5 10
6 6 9 10 9 5 4 1 2 10 3 1 7 1 4 3 2 1 1 6 8 3 8
9 3 2 2 14 5 4 6 4 1 9 2 2 3 2 6 6 8 2 7 4 4 1
7 19 16 1 17 8 18 4 11 2 1 3 2 6 7 5 2 9 3 2 3 3 4
9 6 3 7 3 2 6 13 4 2 4 2 2 1 4 6 1 4 8 3 2 3 7
8 8 3 8 17 5 5 3 2 2 2 9 3 5 3 2 2 2 2 8 4 2 4
5 3 5 5 10 6 3 3 1 8 2 6 1 2 1 1 9 2 2 8 2 1 10
6 14 10 8 3 6 9 1 9 1 1 4 2 4 2 2 3 3 4 1 2 1 3
20 4 3 7 17 3 2 4 4 1 2 4 1 1 8 3 5 1 6 8 5 4 2
10 9 4 21 4 2 1 2 1 2 8 2 7 4 2 5 2 3 4 1 1 5 10
