32
00000000000000000000001111111110
11100000000011111000000000000000
00000000000000000000000000000000
00000000000000000000000000000000
00000000000000000000000000000000
00000000000000000000000000000000
00000000000000000000000000000000
00000000000000000000000000000011
00000000000000000000011111100000
00000011100000000000000000000000
00000000000000000000000000000000
00000000000000000000000000000000
00000000000000000000000000000000
00000000000000000000000000000000
00000000000000000000000000000000
00000000000000000000000000000000
00000000000000000000000000000000
00000000000000000000000000000000
00000000000000000000000000000000
00000000000000000000000000000000
00000000000000000000000000000000
00000000000000000000000000000000
00000000000000000111111100000000
00000000000000000000000000000000
11111111111100000000000000000000
00000000000000000000000000000000
00000000000000000000000000000000
00000000000000000000000000000000
00011111111000000000000000000000
00011111100000000000000000000000
00000000000000000000111111100000
0000000000000000100000000000000
0000000000000000000000000000000
0000010000000000000000000000000
0000010000000000000000000000000
0000010000000000000000000000000
0000000000000000000000000000000
0000000000000000000000000000000
0000000000000000000000000000000
0000000000000000000000000000000
0000000000000000000000000000000
0000000100000000000000000000000
0000000110000000010010000000000
0000000110000000010010000000000
0000001110000000010010000000000
0000001110000000010010000000000
0000001110000010010000000000000
0000001110000010010000000000000
0000001110000010010000000000000
0000001110000010010000000000000
0000001110000010010000000000000
0000001100000010010000000000000
0000001100000010010000000000000
0000001100000010010000000000000
0000001100000010010000000000000
0000000100000010010000000000000
0000000100000010010000000000000
0000000100000010000000000000000
0000010000000010000000000000000
0000010000000010000000000000000
0000010000000010000000000000000
0000000000000010000000000000000
0000000000000000000000000000000
6 24 37 83 24 136 27 84 1 3 3 8 2 7 2 10 3 3 4 5 1 5 1 2 7 5 3 9 1 2 2 3
1 224 32 31 90 47 100 2 8 1 2 6 1 4 10 4 5 4 3 2 1 2 7 7 32 89 56 2 3 3 2 3
7 72 166 26 101 180 30 31 39 4 2 1 9 6 6 8 4 8 5 3 3 5 4 69 71 132 160 8 4 7 2 4
2 58 62 24 35 34 40 5 9 24 5 8 3 4 2 11 7 7 15 2 8 3 2 25 24 171 94 89 137 2 4 4
1 81 36 76 71 71 35 10 19 27 5 1 36 6 12 4 11 15 12 4 3 5 6 90 79 49 25 28 26 2 2 1
3 123 88 73 2 75 26 38 23 10 8 17 23 19 5 9 7 4 9 12 7 1 43 93 29 84 30 143 126 3 2 4
9 7 7 147 1 35 9 26 21 6 9 40 50 33 8 8 3 14 4 14 8 4 465 75 84 30 29 28 93 141 6 3
2 3 6 2 2 3 3 42 41 25 7 11 62 4 3 13 2 9 2 4 9 1 629 45 173 42 27 36 36 23 193 4
2 3 7 2 5 1 1 6 9 6 76 14 26 30 96 10 2 3 8 3 1 4 76 20 46 21 45 30 77 41 164 4
2 7 2 7 2 7 1 54 19 18 28 51 86 61 23 46 22 3 4 13 4 3 2 5 9 4 2 161 282 4 4 7
9 3 2 2 3 9 2 7 27 69 13 73 54 25 15 61 83 6 15 5 1 10 4 2 4 2 462 95 116 2 3 9
8 2 4 5 3 6 7 5 6 28 54 39 14 50 19 16 54 19 2 5 2 7 1 2 5 192 96 349 95 2 7 5
4 9 7 4 7 4 3 19 1 104 89 104 77 34 75 16 30 24 5 8 2 2 1 3 10 2 4 1 7 2 8 5
11 2 9 10 2 3 4 24 4 62 48 14 14 103 89 120 25 5 4 2 1 3 2 2 3 3 7 4 4 2 2 2
22 15 2 5 2 4 7 10 3 69 127 14 28 54 124 45 35 14 4 6 1 3 2 2 7 2 1 1 5 9 2 1
7 4 1 20 5 1 9 11 3 13 88 109 13 23 108 5 12 3 3 3 7 4 4 2 8 2 9 3 2 5 7 4
4 4 10 18 3 2 3 15 1 22 65 62 86 51 77 3 11 4 1 2 2 2 8 4 1 3 16 3 9 3 3 2
9 4 3 19 2 14 7 12 1 2 43 82 7 1 5 13 22 7 4 2 2 6 1 7 4 3 3 7 3 11 18 8
11 21 21 14 7 3 13 5 3 2 5 4 8 3 2 6 8 10 1 2 2 2 5 6 18 4 3 4 4 4 21 6
6 7 19 3 14 6 11 24 2 1 9 1 2 8 8 19 5 4 5 2 2 7 5 4 2 4 4 14 3 5 19 19
5 4 3 6 4 5 4 17 9 5 4 6 5 5 1 9 3 7 2 5 4 1 2 3 3 7 3 7 3 2 7 9
19 6 7 17 11 11 24 5 9 1 7 2 10 7 1 3 16 8 3 10 8 3 3 5 8 6 3 5 10 3 13 12
22 8 3 4 17 17 5 6 2 2 3 2 2 1 4 22 6 21 5 3 2 2 8 1 1 472 3 5 8 6 3 6
8 4 19 8 11 8 5 14 8 1 3 8 7 4 4 11 2 1 1 2 3 5 1 8 1 136 611 6 25 11 11 12
23 4 5 13 12 3 3 22 9 2 2 5 8 3 8 3 11 6 10 8 9 2 93 497 392 245 652 537 139 4 14 5
6 10 2 8 5 3 1 10 8 4 4 4 6 3 6 3 2 5 6 8 9 3 2 257 210 163 10 9 17 18 4 11
4 4 5 2 4 4 1 9 2 4 6 8 2 2 1 5 5 7 4 3 1 3 210 77 23 15 23 19 4 21 5 9
10 9 9 3 2 2 2 4 7 1 4 10 3 1 2 2 2 2 2 9 12 14 10 22 22 15 4 21 6 30 482 8
8 1 6 4 2 8 1 9 5 7 3 1 5 1 1 2 3 5 2 9 5 4 5 7 20 137 257 29 14 11 4 8
3 1 2 2 9 4 3 3 1 1 7 5 9 2 9 10 10 2 8 1 2 5 14 6 2 308 3 20 3 2 7 4
5 3 5 4 1 1 7 9 3 9 6 2 7 2 3 10 1 6 2 8 2 5 3 9 10 7 3 5 4 5 4 3
5 4 2 1 3 10 3 10 9 2 2 2 2 5 3 2 8 3 1 2 2 3 4 6 1 1 1 8 5 7 10 2
