25
0000000000000000000000000
0000000000000000000000000
0000000000000000000000000
0000000000000000001110000
0000000000000000000000000
0000000000000000000000000
1100000000000000000000000
0000000000000000000000000
0000000000000000011111111
0000000000000000011110000
0000000000000000000000000
0000000000000000000000000
0000000000000000000000000
1100000000000000000000000
0000000000000000000000000
0000000000000000000000000
0000000000000000000000000
0000000000000000000000000
0000000000000000000000000
0001111111100000000000000
0000000000000000000000000
1000000111111111111000000
0000000000000000000000000
1111100000000000000000000
010010000000100000000000
010010000000100000000000
010010000000101000000000
010010000000101000000001
010010000000101000000001
000010000000101000000001
000000000000100000000001
000000000000100000000001
000000001000100000000001
000000001000100000000001
000000001000000000000001
000000001000000000000001
000000001000000000000001
000000001000000000000000
000000001000000000000000
000000001000000000000000
000000000000000000000000
001000000000000000000000
001000000000000000000000
001000000000000000000000
001000000000000000000000
001000000000000000000000
001000000000000000000000
001000000000000000000000
000000000000000000000000
16 13 1 3 1 8 5 4 4 5 2 4 1 22 22 7 20 46 9 6 15 22 49 42 8
16 46 2 2 1 5 3 5 2 1 7 6 4 6 45 7 8 44 19 24 33 7 11 27 15
23 39 2 2 2 2 4 5 5 7 5 4 3 54 15 25 39 30 19 7 15 17 18 49 7
43 59 2 5 62 3 70 84 7 1 10 4 6 5 1 14 21 43 16 17 27 20 50 6 7
13 26 23 26 24 29 32 2 9 4 2 5 2 3 2 20 33 10 22 9 40 57 38 13 50
49 19 14 20 32 18 34 10 1 2 5 1 3 1 4 9 24 44 9 11 11 46 12 17 48
66 43 14 19 65 15 39 49 1 3 1 6 2 3 125 52 8 8 45 25 18 11 19 48 14
4 6 14 14 13 21 24 47 3 7 3 2 2 30 38 159 90 10 44 10 19 52 13 14 54
7 10 25 10 32 74 16 1 3 4 1 56 6 115 111 86 53 13 8 9 14 26 13 16 1
2 2 11 45 4 12 75 3 7 3 170 72 57 54 81 78 26 2 9 2 2 1 9 3 5
3 6 3 10 1 2 5 10 4 4 50 126 28 135 60 49 74 41 64 3 3 1 2 7 3
1 3 1 1 9 1 1 5 4 26 48 106 68 201 35 42 183 24 133 104 7 4 2 1 4
4 1 1 4 6 3 6 8 1 32 141 38 102 34 60 140 31 33 63 230 4 6 2 1 3
1 4 1 5 8 4 1 4 5 37 91 32 173 97 32 31 48 92 112 107 6 10 2 2 5
3 3 4 7 1 8 4 3 5 30 71 48 66 199 139 42 25 25 44 2 6 8 3 2 7
6 2 6 3 8 7 5 7 6 29 92 27 34 75 178 32 59 82 93 86 4 1 5 4 2
2 8 5 7 4 5 3 3 128 88 146 71 41 119 54 83 46 27 93 43 4 6 197 4 2
5 8 7 7 6 2 1 1 92 118 127 36 62 81 119 76 48 43 6 93 77 107 110 282 4
9 6 4 1 2 3 2 2 2 7 26 156 113 51 69 236 177 85 64 5 4 73 130 578 627
6 5 8 1 1 3 6 1 10 5 8 5 50 93 64 35 220 36 2 6 2 6 543 608 103
1 4 1 1 8 7 7 5 4 3 1 2 2 88 54 26 30 565 201 178 1 4 136 66 241
2 7 3 2 2 7 65 7 1 3 2 2 4 3 70 123 2 311 525 234 142 115 174 87 395
1 3 4 6 9 4 208 92 238 439 246 239 96 95 70 473 97 188 475 222 162 226 590 7 510
1 1 9 9 6 1 599 588 349 351 96 109 63 350 173 283 71 433 134 596 207 125 370 108 329
2 1 3 6 2 3 483 319 441 77 99 137 154 101 309 409 108 69 421 251 143 358 102 368 78
