31
0000000000000000000111111111100
0000000000000000000000000000000
1110000000000000000000000000000
0000000000000000000000111111111
0000000000000000000000000000000
0000000000000000000000000000000
0000000000000000000000000000000
0000000000000000000000000000000
0000000000000000000000000000000
0000111100000000000000000000000
0000000000000000000000000000000
0000000000000000000000000000001
0000000000000000000000000000000
0000000000000000000000000000000
0000000000000000000000000000000
1111111000000000000000000000000
0000000111111111111100000000000
0000000000000000000000000000000
0000000000000000000000000000000
0000000000000000000000000000000
0111111111111110000000000000000
0000000000111000000000000000000
0000000000000000000000000000000
0000000000000000000000000000000
0000000000000000000000000000000
0000000000000000000000000000000
0000000000000000000000000000000
0000000000000000000000000000000
0000111100000000000000000000000
0000000000000000000000011111111
100000100010000000000000000000
000010100010000000000000000000
000010100010000000000000000000
000110100010000000000000000000
000110100010000000000000000000
000110100010000000000000000000
000110100010000000000000010000
000000000010000000000000010000
000000000010000000000000010000
000000000000000000001000010000
000010000000000000001000010000
000010000000000000001000010000
000010000000000000001000010000
000010000000000000001000010000
000010000100000000011000010000
000010000100000000011000010000
000010000100000000011000010000
000010000100000000011000000000
000011000000001000010000000000
000001000000001000010000000000
000001000000001000010000000000
000000000000001000000000000000
000000000000001000000000000000
000000000000001000000000000000
000000000000001000000000000000
000000000000001000000000000000
000000000000000000000000000000
000000000000000000000000000000
000000000000000000000000000000
000000000000000000000000000000
000000000000000000000000000000
1 9 2 1 4 1 8 7 8 2 8 6 4 9 2 2 10 2 6 2 8 8 3 6 3 5 5 10 1 5 4
2 1 6 1 6 7 1 8 4 4 1 7 3 3 1 7 3 5 10 5 1 9 2 2 1 6 1 2 4 7 4
3 2 9 2 2 2 3 6 2 3 6 3 6 3 5 3 2 3 7 3 1 2 3 9 9 4 1 2 4 1 3
5 2 2 1 4 10 2 5 3 1 9 4 2 2 3 2 4 2 4 9 7 10 1 2 5 1 1 2 9 1 8
2 5 2 4 8 4 6 5 5 3 2 3 3 8 9 2 3 3 2 3 2 2 1 2 2 27 5 20 4 13 24
2 5 2 6 6 3 2 6 3 5 1 3 3 2 4 2 5 7 1 2 10 2 1 5 10 6 16 7 6 10 8
2 4 2 2 6 3 5 6 8 3 2 8 8 2 5 3 1 2 6 4 4 1 2 2 2 9 7 22 5 20 5
2 7 1 1 2 5 10 2 8 7 5 7 2 2 1 3 9 3 4 3 2 1 1 3 7 7 13 9 10 4 16
2 3 1 7 4 4 7 1 9 1 3 4 1 7 3 5 5 9 7 4 1 2 3 3 1 7 32 27 20 16 3
2 8 2 4 3 3 4 4 8 6 7 2 2 1 5 3 2 3 4 9 4 1 4 10 2 2 3 5 4 7 11
5 6 7 3 5 8 2 2 6 7 8 1 1 3 3 5 1 1 4 1 1 8 3 2 8 2 3 4 17 8 3
9 2 8 4 2 2 5 1 1 10 2 1 6 6 1 2 2 4 3 3 9 1 4 9 1 1 3 4 3 2 2
3 2 2 7 8 1 8 2 7 1 3 5 5 3 3 3 3 1 2 6 2 2 4 4 1 2 15 3 11 7 7
2 2 1 5 1 2 2 10 1 3 2 2 4 2 1 1 3 2 5 4 8 2 2 4 3 1 14 2 3 11 8
1 1 1 3 8 2 3 7 2 4 7 4 6 1 3 9 1 1 3 3 2 6 4 2 3 8 9 6 12 18 9
9 2 2 3 8 6 1 2 8 5 5 5 10 7 6 4 1 2 5 4 2 4 2 3 6 9 6 9 6 15 5
82 115 2 2 3 3 6 1 2 5 7 9 3 2 6 2 9 3 2 4 8 9 3 1 6 8 2 2 7 3 8
192 110 101 34 10 3 1 3 4 6 2 3 8 2 1 5 3 7 8 6 2 3 7 14 4 9 13 5 3 11 10
200 158 4 6 2 4 3 5 2 3 8 4 2 4 5 9 5 2 1 5 4 2 3 6 4 4 10 2 2 10 21
68 150 10 3 2 3 9 1 7 5 8 3 2 2 7 9 4 2 1 2 8 4 5 17 10 1 4 30 20 6 5
124 29 32 1 2 1 9 1 6 2 1 2 3 2 2 6 7 2 1 2 2 1 20 21 14 1 349 4 4 28 5
45 152 33 2 5 1 1 2 8 8 2 1 2 2 2 5 3 6 2 7 4 6 7 26 17 6 10 15 14 5 22
42 74 50 109 210 3 2 3 1 4 6 1 1 2 6 1 6 2 2 32 10 7 15 38 17 179 8 8 30 16 24
27 26 105 40 36 101 9 2 1 6 5 2 3 3 2 2 6 1 2 38 35 40 33 9 12 263 47 30 15 5 22
46 27 179 143 211 74 4 1 2 6 2 4 5 1 2 6 2 1 1 23 7 22 10 50 8 133 283 47 15 4 23
37 27 175 228 52 66 5 7 2 8 3 4 4 3 8 2 4 2 1 8 31 7 8 20 410 93 139 85 120 18 7
33 34 7 3 7 1 1 1 4 4 7 1 5 3 7 4 6 3 25 43 13 22 29 80 59 207 132 284 200 31 26
88 204 93 1 3 3 7 2 2 2 4 1 3 5 2 1 6 13 20 11 8 11 11 25 68 26 36 416 9 38 48
3 5 5 4 2 2 2 2 1 8 5 2 1 6 1 1 9 8 24 21 30 28 6 18 45 16 18 22 21 6 6
7 6 1 10 2 10 4 8 3 8 1 2 2 8 5 6 2 1 6 7 11 8 5 41 46 8 15 12 6 15 8
2 4 1 8 3 8 2 7 5 1 2 2 7 2 2 2 1 6 1 47 27 13 18 42 19 16 2 2 1 8 1
