34
0000000000000000000000000011111100
0000000000000000001111100000000000
1111111000000000000000000000000000
0000000000000000000000000000000000
0000000000000000000000000000000000
0000000000000000000000000000000000
0000000000000111111111110000000000
0000000000000000000000000000000000
0000000000000000000000000000000000
0000000000000000000000000000000000
0000000000000000000000000000000000
0000000000000000000000000000000000
0000000000000000000000000000000000
1111111110000000000000000000000000
0000000000000000000000000000000000
0000000000000000000000000000000000
1100000000000000000000000000000000
0000000000000000000000000000000000
0000000000000000000000000000000000
0000011111000000011100000000000000
0000000000000000001111111111111111
0000000000000000000000000000000000
0000000000000000000011111111111111
0000000000000000000011111111000000
0000000000000000000000000000111110
0000000000000000000000000000000000
0011111111111111111000000000000000
1111111111000000000000000000000000
0000000000000000000000000000000000
1111110000000000000000000000000000
0000000000000000000000000000000000
0000000000000000000000000000000000
0000000000000000000000000000000000
000000000101000010100000000010000
000000000101000010100000000010000
000000000101000010100000000010000
000000000101000010100000000000000
000000000101000000100000000000001
000000000101000000100000000000001
000000000101000000100000000000001
000000000100000000100000000000001
000000000100000000100000000000001
000000000100000000100000000000001
000000000000000000000000000000001
000000000000000000000000000000000
000000000000000100000000000000000
000000000000000100000000000000000
000000000001000100000000000000000
000001000001000100000000000000000
000001000001000100000000000000100
000001000001000100000100000000100
000000000001000100000100000000100
000000000001000100000100000000000
001000010001000100000100000000000
001000010001000100000100000000000
001000010001000100000000000000000
000000000001000100000000000000000
000000000001000100000000000000000
000000000000000100000000000000000
000000000000000100000000000000001
000000000000000100000000000000001
000000000000000100000000000000001
000000000000000100000000000000001
000000000000000100000000000000001
000000000000000100000000000000000
000000000000000100000000000000000
000000000000000100000000000000000
4 8 1 5 2 2 14 20 21 4 8 3 84 99 193 45 37 64 74 4 6 3 10 4 3 6 2 5 4 114 164 480 357 365
4 2 2 9 6 6 14 33 11 4 3 6 27 37 96 142 102 33 104 3 3 9 5 1 1 1 2 2 3 68 594 203 162 70
4 1 7 5 21 27 23 11 7 16 2 3 128 141 71 78 67 47 27 6 1 2 1 2 2 8 4 4 3 588 83 89 123 115
8 5 6 1 1 15 4 17 18 5 1 3 32 185 120 61 208 24 129 1 2 1 7 4 4 1 6 3 2 3 91 323 155 192
2 9 7 5 12 23 28 4 38 8 1 3 122 31 186 107 65 204 42 1 8 9 4 2 8 5 5 3 3 1 2 347 134 109
3 2 9 5 20 7 15 6 29 5 1 1 51 209 34 159 65 28 167 3 1 2 2 2 2 2 8 5 1 3 6 1 84 4
3 4 23 15 6 5 25 20 26 17 2 24 78 88 26 54 32 51 37 1 2 1 4 1 2 2 9 6 2 5 5 7 238 4
1 9 9 17 33 5 23 27 34 25 7 105 154 32 119 18 38 117 7 4 1 4 5 4 5 1 9 9 2 3 1 5 214 1
3 4 4 10 3 2 8 19 4 7 26 46 80 85 59 28 36 26 4 2 4 1 2 4 3 1 2 6 1 533 98 453 72 6
2 3 5 1 6 7 2 1 10 19 82 47 20 24 86 17 59 110 66 3 1 5 1 2 9 2 3 1 3 6 293 363 206 1
5 2 1 3 2 7 6 2 3 9 7 65 94 74 29 33 25 75 128 63 63 5 9 7 1 2 7 2 2 1 3 1 551 1
5 3 1 2 2 6 2 1 9 60 56 41 1 2 21 44 24 47 18 77 54 4 3 1 6 6 2 5 2 2 4 4 103 5
8 5 2 1 5 8 5 3 1 74 127 25 53 7 2 97 23 21 21 45 134 413 2 4 5 2 3 1 2 5 1 4 655 3
2 1 3 1 1 5 2 4 32 71 20 1 3 8 8 2 35 30 39 363 152 72 396 2 8 3 5 1 10 1 4 4 97 1
3 5 2 223 96 146 127 82 38 35 36 41 1 7 9 8 35 24 29 8 25 21 1 5 14 10 5 7 6 2 2 8 3 3
2 2 2 156 470 124 7 77 67 99 71 97 1 3 2 2 12 5 33 6 19 12 20 18 3 2 2 1 2 5 7 8 1 8
6 5 215 78 62 351 16 44 365 88 86 16 1 3 8 1 7 8 7 34 8 7 7 2 5 9 1 9 7 1 1 8 7 1
254 72 83 88 134 543 126 62 188 69 17 5 9 1 6 8 28 4 8 12 6 6 6 6 4 6 4 8 1 2 1 3 9 4
1 119 76 379 181 403 103 102 252 171 75 480 2 3 3 3 32 6 18 13 6 5 10 5 1 2 2 1 1 7 4 2 2 7
11 12 5 4 152 400 94 239 534 36 127 85 5 2 4 10 27 41 6 6 31 6 1 5 6 10 8 2 1 6 2 9 2 8
4 9 7 11 4 6 15 4 1 3 9 6 4 2 6 2 9 1 3 4 38 1 8 3 1 1 5 7 2 6 2 8 4 3
12 6 2 5 5 3 6 5 13 16 14 2 2 5 3 3 4 3 1 6 3 1 4 3 10 5 4 5 5 6 4 2 1 3
3 4 4 2 8 3 6 6 11 2 3 14 13 6 3 18 1 9 1 2 7 1 3 2 3 4 5 3 1 4 9 4 6 2
4 2 2 2 2 6 12 2 15 5 7 3 23 16 9 8 2 3 7 1 1 8 3 2 2 2 4 9 5 2 2 5 65 5
2 2 2 3 3 10 4 9 9 4 7 4 5 9 18 16 8 2 5 3 14 22 10 1 8 41 7 6 4 1 66 57 25 47
13 13 4 2 3 3 3 6 3 19 9 10 3 18 3 3 1 21 1 41 6 9 36 27 30 16 7 16 29 9 33 31 52 8
15 2 7 15 2 342 65 5 9 3 4 16 5 11 19 4 10 22 62 36 32 16 13 17 5 10 8 3 28 9 23 14 17 7
3 8 4 3 15 3 9 3 4 6 9 2 7 4 2 2 4 7 1 22 47 17 6 35 33 24 8 53 49 45 69 17 14 2
1 6 6 6 1 5 7 5 5 3 4 4 4 2 1 2 35 34 71 100 29 22 5 7 7 3 3 7 47 7 12 18 27 12
2 1 3 1 4 8 2 2 4 1 2 4 1 2 4 3 22 21 84 33 24 110 78 12 2 2 3 20 13 50 7 10 22 32
9 3 3 2 5 5 1 5 2 2 2 2 7 7 3 5 43 101 31 35 35 105 10 14 5 4 5 19 33 45 24 69 10 21
2 5 6 7 2 4 4 1 9 2 6 4 7 2 2 2 102 57 39 76 14 49 27 31 2 1 3 1 21 34 15 26 18 18
6 6 4 3 3 1 5 1 2 2 2 2 3 2 4 7 79 106 20 1 32 4 5 8 1 6 6 4 5 18 56 67 39 11
8 5 1 3 2 4 9 2 4 7 5 3 1 3 3 6 62 24 60 36 2 6 9 2 4 1 8 2 7 65 2 3 9 32
