31
0000000000000000000000000000000
0000000000000000000000000000000
0000000000000001111111000000000
0000000000000000000000000000000
0000000000000000000000000000000
0000000000000000000000000000000
0000000000000000000000000000000
0000000000000000000000001111000
0000000000000000000000000000000
0000000000000000000000000000000
0000000000000000000000000000000
0000000000000000000000000000001
0000000000000000000000000000000
0000000000000000000000000000000
0000000000000011111111111111111
0000000000000000000000000000000
0000000000000000000000000000000
0000000000000000000000000000000
0000000000000000000000000000000
0000000000000000000000000000000
0000000000000000000000000000000
0000000000000000000000000000000
0000000000000000000000000000000
0000000000000000000000000000000
0000000000000000000000000000000
0000000000000000000000000000000
0000000001111100000000000000000
0000000000000000000000000000000
0000000000000000000000000000000
0000000000000000000000000000000
000000000000010000000000000000
000000000000010000001000000000
000000000000010000001000000000
000000000000010000001000000000
000000000000010000001000000000
000000000000010100000000000000
000000000000000100000000000000
000000000000000100000000000000
000000000000000100000000000000
000000000000000100000000000000
000000000000000100000000000000
010000000000000000000000000000
010000000000000000000000000000
010000000000000000000000000000
010000000000000000000000000100
010000000000000000000000000100
010000000000000000000000000100
010000000000000000000000000100
010000000000000000000000000100
000000000000000000000000000100
000000000000000000000000000100
000000000000000000000000000100
000000000000000000000000000100
000000000000000000000000000100
000000000000000000000000000100
000000000000000000000000000000
000000000000000000000000000000
000000000000000000000000000000
000000000000000000000000000000
000000000000000000000000000000
000000000000000000000000000000
6 5 5 4 5 4 1 5 7 4 2 4 4 2 2 2 7 1 2 2 2 2 4 4 2 9 8 1 4 9 7
7 4 1 3 9 3 3 2 8 4 2 7 3 6 8 2 2 5 1 1 2 2 5 5 7 10 6 7 1 9 2
3 1 4 1 3 9 3 2 10 5 3 2 9 1 1 2 6 1 8 3 2 1 6 1 8 1 3 1 2 3 4
2 1 4 6 8 1 4 1 1 4 6 10 1 6 6 10 2 5 3 6 3 6 3 6 6 9 2 4 5 3 5
8 1 8 10 7 2 5 2 7 2 4 5 4 2 1 10 4 6 3 9 3 5 2 2 9 9 3 2 3 4 4
6 2 4 2 3 3 5 3 3 6 3 1 3 1 5 1 4 3 8 3 7 1 4 7 2 1 4 5 9 6 3
9 1 6 5 3 6 3 5 6 5 4 2 5 2 6 9 2 1 3 8 3 5 3 7 9 9 4 1 1 1 7
2 1 2 3 2 1 2 5 2 1 3 5 1 5 2 1 1 6 3 5 6 3 7 4 1 4 2 8 2 9 6
3 3 1 1 1 7 6 2 1 4 2 8 2 4 8 1 8 2 6 2 2 9 1 6 8 4 5 1 2 1 1
4 5 1 2 6 1 7 1 4 1 2 6 2 6 5 2 2 4 2 5 3 2 3 6 5 8 4 3 4 9 1
9 4 6 1 6 9 1 1 1 7 3 5 1 1 7 2 9 2 6 5 2 3 3 2 1 4 1 2 2 3 1
1 2 8 2 7 4 6 1 2 6 1 2 1 5 4 9 6 7 5 9 8 2 10 3 3 3 2 10 1 6 6
1 3 5 3 2 3 1 8 2 57 7 2 1 2 2 2 5 4 2 4 7 2 1 4 5 4 10 3 2 8 5
6 6 4 3 5 2 2 1 77 119 6 28 57 2 1 2 3 4 1 2 2 3 10 3 2 2 7 2 6 3 1
89 5 2 115 19 40 32 86 123 78 32 16 94 3 2 2 10 3 1 3 1 5 8 1 1 4 2 2 2 1 2
33 1 1 2 25 102 37 80 97 25 57 43 46 93 2 9 10 1 3 6 9 2 4 7 3 4 1 8 6 3 3
24 16 5 3 66 15 62 61 21 21 117 29 22 23 7 1 45 2 1 2 8 7 3 1 2 1 3 2 2 3 10
30 54 6 86 44 84 14 66 81 36 14 107 14 4 8 19 37 49 75 5 9 7 9 9 1 1 2 4 6 10 3
20 123 20 21 30 15 14 15 28 46 21 16 104 1 2 121 38 56 79 2 4 3 9 1 2 1 4 4 1 2 5
48 64 39 22 29 45 69 123 95 39 31 36 23 29 2 125 40 17 14 5 1 3 6 4 8 8 4 6 2 5 6
20 49 58 33 113 73 43 30 79 59 57 13 85 1 2 31 14 43 18 4 9 2 5 4 7 3 2 6 2 5 2
98 53 117 16 98 42 95 81 14 56 15 73 2 6 4 14 92 32 60 1 3 8 7 1 8 4 2 2 3 1 8
24 112 100 28 72 27 18 55 36 16 46 19 16 1 7 31 14 42 21 94 30 18 5 6 10 1 7 2 5 4 7
103 93 109 16 99 47 27 122 14 122 96 40 86 6 6 30 77 47 52 26 60 23 2 4 1 1 1 9 2 6 5
15 16 18 93 31 40 39 44 81 13 18 68 30 31 15 95 49 45 60 90 91 29 2 1 1 7 5 5 2 9 8
20 59 94 25 48 81 28 51 24 107 63 34 14 35 13 57 16 72 44 24 50 2 8 2 1 9 4 3 8 7 8
74 57 18 62 95 33 40 14 69 19 14 107 107 20 25 120 24 71 19 26 45 3 3 9 2 3 2 1 1 1 3
36 29 19 88 117 60 29 19 79 88 70 17 55 75 34 15 68 33 25 86 83 61 6 6 5 3 4 3 2 7 2
23 89 60 96 14 67 115 46 28 20 108 26 16 39 27 21 68 52 27 62 121 16 114 1 9 10 3 2 5 4 2
62 41 17 15 13 19 49 21 43 44 115 21 29 24 34 43 33 67 33 70 2 9 6 5 1 9 1 6 2 2 3
75 35 21 109 45 17 24 60 14 17 15 14 55 14 123 13 54 54 102 111 2 6 8 5 1 4 6 3 2 2 1
