27
000000000000000000000000000
000000000000000000000000000
000000000000000000000000000
000000000000000000000000000
000000000000000000000000000
000000000000000000000000000
000000000000000000000000000
000000000000000000000000000
000000000000000000000000000
000000000000000000000000000
000000000000000000000000000
000000000000000000000000000
000000000000000000000000000
000000000000000000000000000
000000000000000000000000000
000000000000000000000000000
000000000000000000000000000
000000000000000000000000000
000000000000000000000000000
000000000000000000000000000
000000000000000000000000000
000000000000000000000000000
000000000000000000000000000
000000000000000000000000000
000000000000000000000000000
000000000000000000111000000
00100000000000000000000000
00100000000000000000000000
00100000000000000000000000
00100000000000000000000000
00100000000000000000000000
00100000000000000000000000
00100000000000000000000000
00100000000000000000000000
00100000000000000000000000
00000000000000000000000000
00000000000000000000000000
00000000000000000000000000
00000000000000000000000000
00000000000000000000000000
00000000000000000000000000
00000000000000000000000000
00000000000000000000000000
00000000000000000000000000
00000000000000000000000000
00000000000000000000000000
00000000000010000000000000
00000000000010000000000000
00000000000010000000000000
00000000000010000000000000
00000000000010000000000000
00000000000010000000000000
00000000000000000000000000
6 2 2 7 4 7 11 42 2 3 3 4 5 4 2 3 7 4 4 1 1 6 2 6 5 2 4
1 1 4 1 1 9 3 10 11 13 3 3 3 10 4 1 4 3 5 2 1 2 1 5 7 7 1
7 8 4 2 3 4 3 5 9 6 12 2 2 3 5 10 2 2 9 4 6 1 6 2 2 6 2
5 2 9 7 1 1 9 1 41 31 3 5 10 9 2 2 10 4 5 2 3 1 2 2 7 4 7
8 2 3 6 1 2 4 4 30 8 8 2 1 1 1 7 3 2 6 13 4 2 4 1 6 10 2
5 6 1 11 6 2 4 2 17 7 4 2 6 1 6 8 7 10 2 8 3 2 8 3 7 1 7
4 1 5 3 4 2 7 10 12 10 5 3 1 2 1 14 8 8 10 13 3 4 8 2 3 3 7
2 3 8 3 21 48 2 75 5 3 14 3 9 8 7 13 5 6 5 14 14 3 2 1 4 4 9
2 3 2 31 26 64 3 3 4 3 10 7 5 3 9 2 4 13 7 3 10 3 7 7 8 2 3
9 8 10 9 2 3 8 7 11 14 15 6 5 1 2 14 3 13 10 7 11 31 3 1 2 6 3
1 6 10 9 2 1 6 9 7 15 12 3 2 1 2 2 5 9 2 6 2 15 17 7 19 12 7
1 2 5 1 7 3 4 8 15 9 4 5 1 3 6 2 1 4 7 11 5 9 9 30 19 8 7
3 7 8 2 2 5 3 4 3 3 18 2 5 1 5 1 2 2 6 5 6 18 43 26 15 25 2
1 7 2 1 4 1 1 1 6 6 4 3 4 7 4 3 3 5 2 7 9 32 6 9 10 29 36
5 1 2 2 4 9 3 7 1 4 8 8 6 3 6 6 3 7 5 2 5 17 6 43 9 41 8
2 5 1 133 1 6 5 1 1 5 4 3 78 2 1 9 5 1 3 9 6 39 21 26 478 159 177
3 7 1 48 24 5 2 2 5 3 8 3 94 3 3 1 5 3 2 7 3 3 2 3 595 133 392
3 28 45 27 28 47 1 3 10 2 5 5 31 8 2 1 5 4 3 5 192 408 4 174 339 323 404
1 3 21 30 19 11 1 8 7 2 1 2 38 92 6 6 6 6 1 7 322 423 371 472 414 240 537
6 2 60 129 61 1 4 3 1 11 1 3 71 84 70 20 54 5 2 110 361 432 150 112 216 150 716
43 56 27 35 8 1 8 2 2 2 1 10 2 29 101 16 17 10 3 491 277 672 578 87 676 407 453
43 22 45 65 129 145 78 6 38 6 2 2 8 36 19 50 19 9 3 7 508 682 339 309 174 169 83
88 69 30 142 41 32 90 3 7 3 5 43 41 120 118 106 20 2 3 185 281 641 330 97 249 275 5
1 116 59 31 22 59 18 9 1 3 41 24 11 32 134 127 77 8 1 1 396 150 98 154 2 2 3
55 51 147 40 115 82 69 7 3 6 2 5 38 52 55 122 73 2 9 9 3 8 5 6 1 3 1
23 21 84 22 20 132 125 133 8 1 42 45 31 16 39 25 103 9 4 2 1 5 3 7 3 1 3
34 161 31 54 54 19 30 5 2 4 4 17 29 36 5 20 2 10 2 4 1 6 3 9 2 2 6
