37
0000000000000000000000000000000000000
0000000000000000000000000000000000000
0000000000000000000000000000000000000
0000000000000000000000000000000000000
0000000000000000000000000000000000000
0000000000000000000000000000000000000
0000000000000000000000000000000000000
0000000000000000000000000000000000000
0000000000000000000000000000000000000
0000000000000000000000000000000000000
0000000000000000000000000000000000000
0000000000000000000000000000000000000
0000000000000000000000000000000000000
0000000000000000000000000000000000000
0000000000000000000000000000000000000
0000000000000000000000000000000000000
0000000000000000000000000000000000000
0000000000000000000000000000000000000
0000000000000000000000000000000000000
0000000000000000000000000000000000000
0000000000000000000000000000000000000
0000000000000000000000000000000000000
0000000000000000000000000000000000000
0000000000000000000000000000000000000
0000000000000000000000000000000000000
0000000000000000000000000000000000000
0000000000000000000000000000000000000
0000000000000000000000000000000000000
0000000000000000000000000000000000000
0000000000000000000000000000000000000
0000000000000000000000000000000000000
0000000000000000000000000000000000000
0000000000000000000000000000000000000
0000000000000000000000000000000000000
0000000000000000000000000000000000000
0000000000000000000000000000000000000
000000000000000000000010000010000000
000000000000000000000010000010000000
000000000000000000000010000010000000
000000000000000000000010000000000000
000000000000000000000010000000000000
000000000000000000000010000000000000
000000000000000000000010000000000000
000000000000000000000000000000000000
000000000000000000000000000000000000
000000000000000000000000000000000000
000000000000000000000000000000000000
000000000000000000000000000000000000
000000000000000000000000000000000000
000000000000000000000000000000000000
000000000000000000000000000000000000
000000000000000000000000000000000000
000000000000000000000000000000000000
000000000000000000000000000000000000
000000000000000000000000000000000000
000000000000000000000000000000000000
000000000000000000000000000000000000
000000000000000000000000000000000000
000000000000000000000000000000000000
000000000000000000000000000000000000
000000000000000000000000000000000000
000000000000000000000000000000000000
000000000000000000000000000000000000
000000000000000000000000000000000000
000000000000000000000000000000000000
000000000000000000000000000000000000
000000000000000000000000000000000000
000000000000100000000000000000000000
000000000000100000000000000000000000
000000000000100000000000000000000000
000000000000000000000000000000000000
000000000000000000000000000000000000
000000000000000000000000000000000000
2 7 5 8 3 2 3 1 30 12 5 17 8 5 24 19 1 23 3 9 9 2 3 430 87 128 567 633 344 104 358 173 467 9 2 5 4
1 3 10 9 1 3 2 5 5 29 11 5 11 12 9 13 13 4 9 1 6 4 1 203 84 421 197 275 177 158 470 285 236 191 1 3 5
4 1 1 1 8 5 3 3 4 30 4 14 29 13 15 14 8 13 7 8 5 1 3 247 554 110 198 338 172 568 667 410 76 468 404 1 7
1 6 3 1 9 6 4 5 4 26 25 17 8 25 21 7 20 4 5 7 6 7 7 165 234 355 285 140 124 402 119 563 451 158 6 7 2
1 2 1 8 7 3 6 13 27 25 22 17 4 29 26 31 31 9 19 7 3 1 2 259 270 192 176 75 137 300 226 646 241 134 118 1 1
2 7 2 4 2 5 4 2 4 16 14 29 25 17 15 3 8 7 5 7 3 3 3 138 567 286 110 179 269 243 251 377 108 226 556 3 5
6 3 5 2 2 4 9 8 6 8 4 7 10 1 2 8 4 9 1 6 2 20 3 302 115 404 251 355 453 77 224 111 84 79 8 2 10
1 3 5 2 4 2 16 23 11 8 23 11 9 10 3 7 4 2 3 1 4 9 87 257 697 190 613 136 390 524 139 220 114 1 120 2 3
1 2 2 3 3 3 2 1 4 13 8 2 5 10 3 2 10 7 3 11 237 323 700 145 1 120 105 297 492 184 73 79 78 584 281 132 1
7 2 1 3 1 2 7 3 5 2 4 3 3 1 1 6 2 7 30 3 9 6 25 74 92 650 109 596 392 700 321 97 116 236 1 2 3
4 4 4 10 6 4 85 23 2 3 3 2 6 3 7 10 4 12 18 5 14 4 20 109 210 7 14 30 120 320 73 237 428 2 4 6 1
2 5 1 1 4 5 30 1 7 1 2 3 1 8 5 3 21 28 30 4 12 5 10 5 99 6 23 3 27 171 6 9 7 1 5 3 7
1 2 8 2 2 26 53 138 35 3 1 9 5 4 7 23 3 11 15 18 9 13 12 11 7 25 7 3 8 2 6 4 2 9 6 4 2
10 1 1 79 59 156 20 93 76 5 4 2 3 1 3 18 11 24 4 8 20 14 6 4 11 18 19 4 2 4 3 9 5 8 3 2 4
1 4 4 3 42 62 18 98 46 28 157 48 5 8 2 5 1 6 7 24 5 28 5 6 6 4 7 4 1 2 2 10 4 2 4 2 1
8 9 55 2 61 125 20 33 86 126 112 158 2 2 6 1 7 4 5 11 5 5 4 1 1 1 10 1 6 3 3 3 2 1 3 4 3
2 4 367 4 447 215 33 32 42 48 5 2 6 7 4 1 2 6 5 21 4 13 3 2 6 1 3 9 5 2 1 6 1 3 7 4 2
3 3 505 68 146 48 66 128 46 82 3 3 3 5 4 7 10 9 6 12 1 14 3 9 1 2 2 4 2 6 7 7 2 1 1 3 8
2 6 163 220 252 100 129 75 19 8 2 1 5 1 8 6 1 6 1 1 4 3 2 39 2 5 1 5 2 9 1 1 5 3 8 2 7
2 2 6 109 423 70 82 19 55 51 7 4 2 3 3 3 2 8 3 2 3 69 20 69 28 1 2 2 2 3 1 7 4 1 2 1 3
5 4 2 95 81 73 81 29 41 1 2 6 3 3 5 6 6 8 10 3 1 18 80 44 19 72 3 5 3 2 3 4 2 5 1 6 1
1 6 2 142 4 268 234 99 27 3 2 9 2 10 5 3 2 6 76 45 17 14 33 90 15 34 60 4 2 2 6 2 1 2 8 8 1
5 4 2 5 12 9 149 139 1 4 6 3 3 7 9 7 3 2 24 57 15 20 68 23 68 15 17 24 4 2 4 10 1 3 6 4 1
6 12 4 6 4 12 73 282 11 1 2 1 6 1 1 2 7 7 1 87 22 21 50 36 29 38 54 37 1 2 4 2 2 2 2 1 2
13 4 14 2 6 4 134 5 4 8 2 8 8 3 3 2 1 3 3 1 34 63 97 107 69 34 79 135 61 1 4 2 2 2 7 3 8
4 7 7 2 2 8 2 8 5 2 9 3 7 1 6 2 1 2 27 27 49 12 106 53 30 59 57 42 2 8 4 7 1 1 5 9 8
7 11 8 2 3 5 3 5 4 3 13 4 2 9 1 1 5 8 20 3 19 39 16 23 16 20 70 74 287 7 65 157 139 3 2 6 6
3 3 1 12 8 8 11 9 6 13 5 8 1 1 2 4 1 26 3 8 75 63 16 12 64 43 3 267 61 149 313 149 4 3 4 3 2
11 3 7 11 12 6 3 4 4 3 2 1 3 6 3 5 9 7 4 21 19 17 89 18 13 43 5 219 197 78 60 53 2 3 2 4 3
4 5 6 7 6 12 2 14 10 7 3 4 5 9 20 10 4 3 6 15 61 54 3 16 10 4 10 77 214 339 86 206 238 4 5 3 3
2 2 3 9 13 4 2 10 2 9 2 6 1 4 2 13 13 19 6 17 4 20 4 2 6 9 12 17 128 48 52 45 190 164 5 2 8
6 4 5 3 3 7 3 8 1 1 6 4 7 3 7 14 6 12 14 8 7 5 15 10 3 10 4 145 233 45 172 69 340 2 5 4 1
4 5 2 4 3 1 3 1 3 7 9 7 6 2 8 12 8 5 21 2 6 8 10 20 17 5 10 7 4 91 307 2 48 2 4 2 9
2 1 1 3 2 1 6 3 6 2 9 6 5 11 2 12 3 6 20 12 7 11 17 22 15 9 3 11 11 70 3 2 178 44 1 2 4
1 2 2 7 1 2 3 6 3 5 9 1 2 10 4 5 14 6 4 4 3 10 7 3 6 14 3 6 4 18 68 61 53 6 7 3 2
2 2 3 1 7 7 3 1 2 1 1 3 9 7 4 14 6 6 8 3 16 8 3 6 17 5 13 9 3 3 90 9 7 2 9 1 4
5 7 9 1 4 3 3 3 9 9 4 8 16 12 12 11 9 13 17 12 2 5 7 2 15 19 5 7 5 2 1 9 7 1 1 1 1
