2823
21 18 20 17
20 8 19 7
21 15 20 14
24 13 23 13
15 2 14 2
25 19 24 19
15 0 16 1
14 2 13 1
26 21 25 20
17 13 16 12
10 3 9 3
29 0 28 0
24 22 23 22
16 12 15 12
23 12 22 12
18 5 17 4
24 6 23 5
20 10 19 10
28 0 27 0
19 7 18 7
2 1 1 1
17 16 16 16
21 5 20 5
14 1 13 0
23 13 22 13
7 7 8 7
12 3 11 3
20 17 19 16
16 1 15 1
16 16 15 15
26 20 25 19
23 22 22 21
15 0 14 0
25 7 24 7
15 1 14 1
18 7 17 6
20 5 19 5
24 14 23 13
24 19 23 18
19 16 18 16
23 14 22 14
22 21 21 21
24 24 23 23
9 3 8 2
18 16 17 15
22 13 21 12
27 11 26 10
25 19 24 19
19 5 18 5
20 14 19 13
25 20 24 20
8 2 7 2
24 20 23 19
19 13 18 13
22 20 21 20
21 11 20 10
23 23 22 22
11 5 10 5
21 12 22 12
23 13 22 13
22 22 21 21
23 5 22 4
13 0 12 0
24 18 23 17
29 2 28 1
17 15 16 14
28 1 27 1
24 7 23 7
12 0 11 0
28 25 27 24
16 14 15 14
26 10 25 10
21 20 20 19
24 19 23 19
22 4 21 4
25 21 24 21
23 7 22 6
22 13 21 13
18 13 17 13
20 19 19 18
22 12 21 11
15 12 14 11
29 1 28 0
27 1 26 1
14 1 13 0
22 6 21 5
27 0 26 0
27 24 26 24
8 3 7 3
21 21 20 20
15 14 14 13
22 22 21 21
22 14 21 14
14 0 13 0
26 0 25 0
18 5 17 5
19 18 18 17
28 0 27 0
21 11 20 11
26 24 25 23
20 20 19 19
21 5 20 5
15 15 14 14
19 5 20 6
25 10 24 10
14 14 13 13
23 19 22 19
17 4 16 4
23 17 22 17
17 6 16 6
10 5 9 4
21 21 20 20
24 10 23 9
16 6 15 6
13 1 12 0
20 5 19 5
25 23 24 23
23 9 22 9
17 13 16 12
13 0 12 0
17 8 18 9
21 4 20 4
9 4 8 3
24 23 23 23
16 12 15 12
15 6 14 5
17 5 16 5
21 12 20 12
16 5 15 4
14 11 13 11
25 0 24 0
24 11 23 11
24 0 23 0
23 0 22 0
18 4 17 3
7 3 6 3
24 19 23 19
20 11 19 11
23 18 22 18
29 8 28 8
19 5 18 4
15 12 14 12
15 4 14 4
13 11 12 11
21 13 20 13
12 11 11 11
19 11 20 12
19 0 18 0
16 4 15 4
19 19 18 18
11 11 10 10
20 13 19 12
29 17 28 16
11 3 10 2
13 13 12 12
15 4 14 3
23 11 22 10
14 13 13 13
27 7 26 7
19 10 18 9
24 21 23 21
20 20 19 19
22 18 21 18
19 12 18 12
14 4 13 3
19 11 18 11
22 19 21 19
18 17 17 17
23 19 22 18
18 4 17 4
14 12 13 11
26 1 25 0
18 11 17 11
13 11 12 11
10 10 9 9
17 11 16 11
22 9 21 8
18 12 17 11
7 5 6 4
22 10 21 10
22 0 21 0
17 3 16 3
21 14 20 14
21 19 20 19
14 5 13 5
17 17 16 16
22 21 23 21
27 0 26 0
12 11 11 11
28 16 27 16
23 23 22 22
22 21 21 20
9 9 8 8
20 4 19 4
20 19 19 18
21 10 20 9
5 2 6 3
10 2 9 1
21 8 20 7
22 22 21 21
16 3 15 2
20 12 19 11
13 5 12 5
25 0 24 0
18 18 17 17
19 11 18 11
19 4 18 3
21 21 20 20
8 7 9 8
6 4 5 3
21 0 20 0
24 0 23 0
8 8 7 7
22 18 21 17
20 10 19 10
22 17 21 17
8 3 7 3
21 18 20 18
15 2 14 2
20 0 19 0
11 11 10 10
19 19 18 18
22 17 21 16
23 0 22 0
21 20 20 19
18 11 17 10
21 16 20 15
19 18 18 17
20 14 19 13
20 7 19 6
26 0 25 0
17 17 18 17
20 20 19 19
18 18 19 19
18 3 17 3
5 3 4 3
20 18 19 17
11 10 10 9
4 3 3 3
19 19 20 19
18 18 19 19
18 9 17 9
19 13 18 13
22 0 21 0
3 3 2 2
16 16 15 15
17 3 16 2
17 4 16 4
17 11 16 10
21 17 20 17
20 19 19 18
18 17 17 16
13 3 12 2
16 10 15 9
18 13 17 12
10 9 9 8
14 3 13 3
16 4 15 4
16 2 15 2
20 9 19 8
15 4 14 4
15 15 14 14
16 14 17 14
17 10 16 10
12 2 11 1
13 13 14 14
17 16 16 16
16 16 15 15
14 8 13 7
9 1 8 1
14 4 13 4
13 3 12 3
8 1 7 0
20 17 19 16
13 4 12 4
19 8 18 7
18 7 17 7
23 16 24 17
12 4 11 3
15 9 14 8
17 17 16 16
15 2 14 1
14 8 13 8
9 8 8 7
12 5 11 4
13 2 12 1
19 18 18 17
19 17 18 16
28 8 27 8
20 15 19 15
16 10 15 9
13 0 14 1
11 1 10 0
18 17 17 17
11 3 12 3
1 1 0 0
16 16 15 15
15 15 14 14
16 11 15 11
26 7 25 6
15 15 16 16
19 15 18 14
14 9 13 9
19 6 18 5
10 0 9 0
19 10 18 9
17 7 16 7
7 2 6 2
21 17 22 18
17 14 18 14
14 1 13 1
15 11 14 11
17 14 16 14
16 16 17 17
16 7 15 6
16 14 15 13
21 0 20 0
17 17 18 18
9 0 8 0
8 0 7 0
19 0 20 0
18 18 19 19
11 4 10 3
11 0 10 0
12 3 11 2
13 13 12 12
27 8 26 7
14 11 13 11
10 3 9 3
13 8 12 8
15 9 14 9
10 0 9 0
15 13 14 12
12 0 11 0
9 3 8 3
8 7 7 6
6 3 7 3
6 3 5 3
9 0 8 0
25 0 24 0
14 9 13 8
11 2 10 1
8 0 7 0
8 3 7 2
16 16 17 17
13 8 12 7
5 2 4 1
17 17 18 18
13 1 12 0
12 7 13 7
13 7 12 6
18 9 17 8
17 12 16 12
16 16 15 15
11 3 10 3
7 6 6 6
16 12 15 11
10 10 9 9
19 16 18 15
12 0 13 0
18 15 17 15
16 16 17 17
14 14 15 15
12 6 11 5
7 0 6 0
12 8 11 8
6 2 5 2
10 1 9 1
17 15 16 15
6 0 5 0
15 11 14 11
7 2 6 1
4 1 3 0
15 6 14 5
9 9 8 8
13 13 14 14
11 5 10 5
25 6 24 5
17 8 16 8
5 2 4 1
17 9 16 9
9 1 8 1
6 1 5 1
8 1 7 0
18 5 17 5
17 5 16 5
5 1 4 0
14 2 13 2
16 15 15 14
12 0 11 0
23 7 24 7
14 14 15 14
5 3 4 2
8 0 7 0
24 0 23 0
7 0 6 0
14 5 13 4
10 5 9 4
15 14 14 13
14 12 13 12
18 6 19 6
4 2 3 1
13 12 12 11
13 11 12 10
12 10 11 9
24 5 23 4
10 3 9 3
23 4 22 4
13 2 12 2
14 13 13 12
23 0 22 0
13 13 12 12
11 0 10 0
22 0 21 0
8 0 7 0
26 25 27 26
13 9 12 8
18 0 17 0
16 5 15 4
17 0 16 0
10 0 9 0
22 4 21 4
13 4 12 3
13 12 12 11
18 16 17 15
11 8 10 7
16 8 15 8
13 13 14 14
12 1 11 0
19 0 18 0
12 3 11 3
16 0 15 0
9 0 8 0
12 7 11 6
14 0 15 0
13 0 14 0
11 6 10 5
10 0 9 0
9 3 8 3
18 0 17 0
11 3 10 3
21 4 20 3
12 2 11 1
21 0 20 0
27 16 26 16
12 11 11 10
3 0 2 0
17 15 16 15
8 0 7 0
16 15 15 14
11 10 10 9
10 7 9 7
15 8 14 8
15 4 14 3
20 0 19 0
8 3 7 2
5 0 4 0
10 3 9 3
17 0 16 0
21 0 20 0
6 0 7 0
15 0 16 0
9 3 8 3
14 3 13 2
7 3 8 3
15 14 14 13
11 9 10 8
26 16 25 15
6 0 5 0
2 0 1 0
20 3 19 3
9 4 8 3
10 5 9 4
10 8 9 8
12 12 11 11
8 3 9 4
6 0 7 0
11 1 10 0
14 11 13 11
3 1 2 0
13 12 12 11
10 9 9 9
19 3 18 3
24 17 25 18
18 3 17 2
12 11 11 10
9 7 8 6
9 0 10 0
26 7 25 6
8 8 9 8
10 0 11 0
8 6 7 5
13 2 12 1
11 0 12 1
17 2 16 2
12 0 13 0
7 3 6 3
16 9 15 9
9 4 8 4
8 0 9 0
9 8 8 7
7 2 6 1
14 8 13 7
11 11 10 10
20 10 21 11
27 26 28 27
7 5 6 4
6 3 5 2
5 2 4 2
16 2 15 2
19 0 18 0
6 6 5 5
11 10 10 9
6 4 5 4
10 0 9 0
8 3 7 3
4 2 3 2
25 18 26 19
5 4 4 3
20 0 19 0
9 9 10 10
7 7 6 6
14 13 13 12
15 9 14 8
18 0 17 0
13 13 12 12
12 0 11 0
10 5 11 5
12 12 11 11
15 2 14 2
13 7 12 7
16 0 17 0
25 6 24 6
15 0 16 0
13 12 12 11
12 1 11 1
14 14 13 13
12 7 11 6
10 0 11 0
11 1 10 1
11 11 10 10
11 11 12 11
15 15 14 14
14 0 15 0
4 3 3 3
12 11 11 10
5 5 4 4
14 0 13 0
3 2 2 1
19 0 18 0
14 8 13 7
7 0 8 0
9 9 8 8
16 16 15 15
11 10 10 9
14 2 13 2
12 0 13 0
8 0 9 0
18 0 17 0
8 7 7 7
21 11 22 11
17 17 16 16
10 10 9 9
13 7 12 7
8 0 7 0
18 18 17 17
24 6 23 5
9 0 10 0
10 1 9 1
19 19 18 18
10 9 9 8
6 0 7 0
11 5 12 5
6 6 5 5
3 3 4 4
23 5 22 5
11 10 10 9
7 7 6 6
7 0 8 0
12 0 11 0
25 15 24 14
13 0 12 0
13 0 14 0
15 0 14 0
16 0 15 0
2 1 1 1
16 0 17 0
5 0 6 0
13 13 12 12
9 8 8 7
13 11 12 10
9 1 8 1
4 1 3 0
12 10 11 9
8 0 9 0
8 1 7 1
3 0 2 0
3 0 4 0
8 8 7 7
8 7 7 6
14 14 13 13
7 0 6 0
24 14 23 14
8 4 7 4
7 0 8 0
1 1 2 2
11 0 10 0
12 0 11 0
7 3 6 2
4 0 5 0
5 5 4 4
5 0 6 0
12 7 11 7
7 6 6 5
15 15 14 14
9 0 10 0
13 2 12 2
6 0 7 0
11 7 10 6
5 5 6 6
5 0 6 0
11 0 10 0
7 4 6 4
6 1 5 1
16 16 15 15
17 17 16 16
4 0 3 0
18 18 17 17
6 6 7 7
12 2 11 2
8 0 7 0
5 1 4 1
8 0 9 0
2 2 3 3
4 4 3 3
4 4 5 5
9 9 8 8
7 0 8 0
10 0 9 0
7 1 6 1
10 9 9 8
9 8 8 7
6 1 5 1
13 0 12 0
10 0 11 0
11 0 12 0
14 0 13 0
28 27 29 28
8 7 7 6
15 0 14 0
6 4 5 4
16 0 15 0
26 19 27 19
2 2 1 1
10 6 9 6
13 0 12 0
11 0 10 0
2 0 3 0
2 2 3 3
14 0 13 0
7 7 8 8
3 0 4 0
15 0 14 0
11 0 12 0
10 10 9 9
16 0 15 0
5 1 6 2
16 0 17 0
4 1 3 1
5 4 4 3
11 2 10 1
9 0 10 1
9 9 8 8
11 9 10 9
6 2 5 2
10 9 9 8
3 1 2 1
6 0 7 0
3 3 4 3
3 3 4 4
11 11 10 10
6 5 5 4
10 1 9 1
9 6 8 6
7 6 6 5
12 8 11 8
12 12 11 11
9 1 8 1
4 0 5 0
8 6 7 5
13 13 12 12
23 14 22 14
5 2 4 2
4 4 5 4
8 1 7 1
7 5 6 4
6 5 5 5
0 0 1 1
5 1 4 1
10 10 9 9
8 0 9 0
5 4 6 4
27 22 28 23
11 6 10 6
14 14 13 13
6 0 5 0
4 3 3 2
4 0 3 0
23 21 24 21
10 10 11 11
10 6 9 5
5 5 6 6
2 0 1 0
11 11 12 12
15 15 14 14
13 13 12 12
5 4 4 3
3 3 4 3
7 1 6 1
4 2 3 1
6 6 7 7
9 5 8 5
16 16 15 15
6 5 5 4
17 17 16 16
4 3 3 2
7 7 8 8
3 1 4 1
5 4 6 4
6 4 5 3
5 3 4 2
6 0 7 0
5 4 4 3
8 8 9 8
5 5 4 4
22 14 21 13
4 0 5 0
8 8 7 7
6 1 5 1
7 0 8 0
5 5 6 6
6 0 5 0
19 2 18 2
4 4 3 3
4 1 5 1
3 2 2 1
6 0 7 0
3 3 2 2
7 7 6 6
8 0 9 0
21 13 20 12
2 0 3 0
9 8 8 7
8 8 7 7
22 5 21 4
8 0 7 0
9 9 8 8
28 23 29 24
6 6 5 5
9 9 10 10
10 0 9 0
5 5 4 4
5 5 6 6
24 21 25 22
8 7 7 6
10 0 11 0
19 4 20 5
7 6 6 5
24 7 25 8
5 4 6 5
22 18 23 19
4 3 5 4
4 4 3 3
4 4 5 5
25 8 26 8
5 5 6 6
7 7 6 6
4 0 3 0
11 8 10 7
4 0 5 0
8 8 7 7
8 5 7 4
18 2 17 2
5 0 6 0
7 4 6 3
9 9 8 8
26 8 27 8
21 4 20 3
20 6 21 7
19 6 20 7
2 1 3 1
13 12 14 12
3 1 4 1
6 3 5 3
4 2 5 3
12 5 13 6
20 12 19 11
1 1 2 1
20 3 19 2
3 1 4 2
21 7 22 7
21 8 22 8
4 2 3 2
20 7 21 7
13 6 14 7
3 1 2 1
1 1 0 0
3 0 2 0
18 14 19 14
17 2 16 1
15 0 16 1
25 22 26 22
14 0 15 0
16 1 15 1
13 0 14 0
15 1 14 1
19 11 18 11
14 1 13 1
19 14 20 15
12 0 13 0
13 1 12 1
11 0 12 0
2 2 1 1
12 1 11 1
11 1 10 1
10 0 11 0
9 0 10 0
10 1 9 1
22 7 23 7
9 1 8 1
14 7 15 7
19 2 18 1
8 1 7 1
22 11 23 11
20 15 21 16
17 0 18 1
16 0 17 0
8 0 9 0
7 0 8 0
18 1 17 1
18 11 17 11
17 1 16 1
2 2 3 3
16 1 15 1
15 1 14 1
3 3 4 4
14 1 13 1
10 7 9 7
13 1 12 1
12 1 11 1
11 1 10 1
15 0 16 0
14 12 15 13
15 13 16 14
7 1 6 1
21 16 22 17
17 11 16 10
6 1 5 1
14 0 15 0
13 0 14 0
10 1 9 1
12 0 13 0
27 8 28 9
9 1 8 1
0 0 1 0
8 1 7 1
7 0 6 0
6 1 7 1
11 0 12 0
23 19 24 20
10 0 11 0
22 8 23 8
9 0 10 0
23 11 24 12
16 10 15 9
9 0 8 0
24 20 25 21
27 19 28 19
7 0 8 0
16 14 17 14
23 8 24 9
28 8 29 9
5 0 6 0
6 0 7 0
23 7 24 8
15 9 14 9
9 7 8 6
5 0 4 0
5 0 6 0
17 14 18 14
14 9 13 8
13 8 12 8
22 17 23 17
18 14 19 14
24 8 25 9
12 8 11 8
3 0 4 0
5 0 4 0
15 7 16 8
20 5 21 6
8 6 7 5
6 5 7 5
5 4 6 5
25 21 26 21
23 17 24 17
7 5 6 4
4 4 5 4
4 3 5 4
19 14 20 15
6 4 5 3
24 17 25 17
4 3 3 2
25 17 26 18
4 4 3 3
25 9 26 9
20 15 21 16
21 7 22 7
11 8 10 8
26 18 27 18
21 6 22 6
28 9 29 10
21 16 22 16
22 6 23 7
2 2 3 3
23 7 24 8
10 8 9 8
8 8 9 8
22 7 23 8
16 8 17 9
9 8 8 7
24 8 25 8
23 8 24 8
7 7 8 8
8 7 7 6
22 16 23 17
6 5 7 6
2 2 1 1
6 5 5 4
6 6 7 7
4 3 5 4
24 9 25 9
26 9 25 9
26 21 27 22
5 5 6 6
25 9 26 10
24 12 25 12
24 8 25 9
23 17 24 17
27 18 28 18
24 17 25 18
4 4 5 5
26 22 27 23
17 9 18 10
26 9 27 10
2 0 3 0
3 3 4 4
27 10 28 11
27 22 28 23
28 19 29 19
18 10 19 11
29 24 28 23
25 8 26 9
29 19 28 18
26 9 27 9
25 18 26 18
25 9 26 9
2 2 3 3
26 10 27 10
26 18 27 19
27 9 28 9
3 0 4 0
27 10 28 10
1 1 2 2
27 23 28 24
28 11 29 11
0 0 1 1
28 9 29 10
1 0 2 0
19 11 20 11
25 12 26 12
3 0 2 0
28 18 29 18
26 12 27 13
20 11 21 11
28 24 29 25
28 23 29 23
27 13 28 13
0 0 1 0
21 11 22 11
22 11 23 12
23 12 24 13
26 9 27 9
28 13 29 13
24 13 25 13
25 13 26 14
26 14 27 14
27 14 28 15
28 15 29 16
27 19 28 19
26 17 25 17
20 9 19 8
20 11 19 10
20 5 19 5
19 7 18 7
24 10 23 9
28 5 27 4
16 6 15 6
14 4 13 4
25 17 24 16
22 7 21 7
25 22 24 22
23 9 22 8
20 3 19 3
17 8 16 7
9 1 8 1
8 1 9 2
16 8 15 8
15 6 14 5
17 9 16 8
16 7 15 6
16 15 15 14
19 10 18 9
20 4 19 4
19 4 18 3
28 11 27 11
18 4 17 4
25 1 24 0
21 19 20 19
24 2 23 2
19 2 18 2
21 1 20 1
28 21 27 21
27 21 26 20
18 2 17 2
24 16 23 15
21 10 20 9
22 8 21 8
12 5 11 5
21 8 20 7
15 13 14 13
14 6 13 5
24 5 23 4
14 5 15 6
17 2 16 1
20 19 19 19
19 3 18 2
27 11 26 10
17 4 16 3
18 7 17 7
22 16 21 15
13 5 12 4
19 10 18 10
23 4 22 3
23 15 22 14
13 6 12 5
26 10 25 9
20 9 19 8
22 14 21 14
16 8 15 7
14 13 13 12
24 22 23 21
14 5 13 5
26 6 25 6
21 14 20 13
12 5 11 4
25 6 24 5
17 7 16 6
18 2 17 2
16 6 15 5
17 1 16 1
24 16 25 16
15 3 14 2
24 5 23 4
26 9 25 8
15 14 14 13
19 9 18 8
23 21 22 20
15 6 14 5
13 12 12 11
20 7 19 7
25 8 24 8
23 4 22 4
17 2 16 2
18 3 17 3
14 2 13 2
19 8 18 7
18 8 17 7
22 4 21 4
18 10 17 9
14 13 13 12
10 1 9 1
19 19 18 18
21 15 20 15
22 20 21 20
19 10 18 10
24 16 23 15
18 10 17 10
19 7 18 6
20 13 19 13
21 20 20 19
27 4 26 4
18 18 17 17
20 9 19 8
21 7 20 7
26 4 25 3
21 4 20 4
26 20 25 20
19 13 18 12
20 1 19 0
16 3 15 2
15 7 14 7
19 5 18 4
13 2 12 1
13 4 12 3
25 20 24 19
22 3 21 2
17 9 16 9
23 0 22 0
20 7 19 6
19 6 20 6
20 15 19 15
24 19 23 19
20 20 19 19
16 1 15 1
23 2 22 1
17 10 16 10
25 3 24 2
24 2 23 2
17 7 16 7
18 9 17 9
17 1 16 1
18 4 17 4
25 9 24 9
21 2 20 1
19 19 18 18
18 6 17 6
23 15 22 14
23 2 22 1
22 0 21 0
16 2 17 3
16 7 15 6
24 0 23 0
20 19 19 18
20 6 19 5
16 2 15 2
19 5 18 4
17 3 16 3
18 12 17 11
23 6 22 5
15 10 14 10
17 6 16 5
19 18 18 17
12 4 11 3
23 2 22 2
12 3 11 2
18 17 17 16
12 11 11 10
20 4 19 4
17 16 16 15
22 5 21 5
17 4 16 4
21 0 20 0
17 17 18 18
16 15 15 14
17 11 16 11
23 19 22 18
16 9 15 9
22 14 21 14
15 14 14 13
14 5 15 6
22 2 21 1
14 13 13 12
23 13 22 13
16 10 15 10
16 11 15 11
23 0 22 0
15 2 14 1
17 9 16 8
11 2 10 2
11 5 10 5
15 8 14 8
19 8 18 8
13 12 12 11
21 5 20 4
24 8 23 8
25 21 26 21
9 2 8 2
18 8 17 8
9 1 10 2
18 4 19 4
15 9 14 9
11 3 10 3
11 10 10 9
17 8 16 7
15 11 14 11
23 8 22 8
24 9 23 9
12 1 11 1
18 4 17 3
14 11 13 11
11 1 10 1
19 15 18 14
22 13 21 13
7 2 6 2
10 5 9 4
19 4 18 3
6 2 5 2
16 5 15 4
13 11 12 10
17 3 16 3
22 1 21 0
14 9 13 8
16 7 15 7
15 6 14 6
12 11 11 10
21 13 20 12
18 14 17 13
20 4 19 4
14 13 13 12
12 10 11 9
11 10 10 9
18 3 17 2
14 6 13 6
17 13 16 12
13 8 12 8
21 14 20 14
10 3 9 2
16 12 15 12
23 9 22 9
21 0 20 0
21 1 20 1
14 10 13 9
15 12 14 12
15 7 14 6
19 0 20 0
15 10 14 9
22 9 21 9
14 9 13 8
12 8 11 7
16 2 15 2
16 8 15 7
15 7 14 7
15 5 14 4
15 2 14 2
22 18 21 18
15 1 14 1
9 4 8 3
16 3 15 2
8 3 7 3
15 4 16 4
11 7 10 7
20 14 19 13
13 12 12 11
14 4 13 4
14 7 13 7
22 8 21 7
16 4 15 3
20 16 19 16
17 12 18 13
19 4 18 4
20 1 19 1
10 1 9 1
19 13 18 13
21 1 20 1
15 3 14 3
14 8 13 8
14 2 13 2
21 18 20 17
21 7 20 6
11 9 10 8
15 4 14 4
13 7 12 6
20 6 19 5
14 1 13 1
19 5 18 5
15 1 14 1
19 1 18 1
17 2 16 2
10 7 9 7
15 7 14 7
14 12 13 11
13 11 12 10
13 1 12 1
20 0 21 0
21 0 22 0
10 8 9 8
18 4 17 4
12 6 11 5
13 8 12 8
14 1 13 1
20 12 19 12
18 7 17 6
14 8 13 7
13 9 12 9
13 5 12 4
17 3 16 3
16 2 15 1
11 4 10 3
12 10 11 9
20 17 19 17
20 1 19 1
13 2 12 2
17 4 16 4
19 16 18 15
19 12 18 12
12 9 11 8
21 9 20 9
14 6 13 5
11 8 10 8
18 1 17 1
18 13 17 12
17 6 16 5
10 3 9 3
11 9 10 8
13 6 12 5
16 1 15 1
9 8 10 9
14 3 13 3
17 1 16 1
11 10 10 9
19 17 18 17
12 1 11 1
16 3 15 3
12 11 11 10
13 5 14 5
13 4 14 4
8 2 7 2
17 12 16 11
16 1 15 1
13 3 12 3
13 7 12 6
14 7 13 7
9 3 8 3
9 2 8 2
15 1 14 1
12 2 11 2
18 5 17 4
15 3 14 3
20 9 19 8
18 15 17 15
11 5 10 5
14 4 13 3
13 3 12 2
16 11 15 10
10 5 9 5
19 1 18 1
17 15 16 14
10 1 11 1
16 5 15 5
17 1 18 1
18 12 17 12
10 2 9 2
16 4 15 3
15 3 14 2
14 3 13 3
16 1 15 1
17 17 18 17
12 4 11 3
11 2 10 2
12 2 11 2
7 2 6 2
14 2 13 2
9 2 10 2
12 3 13 4
8 2 7 2
19 8 18 8
17 1 16 1
13 7 12 7
12 5 11 5
12 6 11 6
11 5 10 4
13 3 12 2
10 4 9 4
18 8 17 7
11 2 12 3
9 7 8 7
17 12 16 11
5 2 6 2
12 2 13 2
15 5 14 4
12 7 11 7
13 2 12 1
14 1 15 2
8 7 9 8
14 5 13 4
11 7 10 7
18 17 17 16
8 3 9 4
18 1 17 1
8 3 7 2
10 2 11 2
9 2 8 2
11 1 12 2
15 2 14 2
13 5 12 4
14 2 13 2
12 1 13 1
14 5 13 5
13 4 14 4
13 1 14 1
7 2 6 2
12 3 13 4
13 5 12 5
15 1 14 1
11 3 12 4
7 2 8 3
11 3 10 3
12 8 11 7
17 4 16 4
10 1 9 1
11 6 10 5
10 1 11 1
10 3 9 3
10 8 9 7
10 1 9 1
12 3 11 3
16 1 15 1
14 4 13 3
17 7 16 7
11 7 10 6
16 14 15 13
17 16 16 15
17 5 18 5
16 7 15 6
15 6 14 5
9 1 10 2
13 4 12 3
16 4 15 4
11 3 10 3
24 14 25 14
8 1 9 1
7 3 6 3
9 7 8 6
12 3 11 3
16 15 15 14
8 3 7 3
13 3 12 3
11 3 12 4
12 5 11 4
12 1 13 1
10 7 9 7
15 10 14 10
15 13 14 12
10 2 9 2
9 8 10 9
9 1 10 1
5 2 6 3
15 4 14 3
11 10 10 9
8 2 9 2
14 5 13 5
10 9 11 9
15 14 14 13
14 10 13 10
12 4 11 4
7 2 8 2
11 4 10 4
20 15 21 16
14 13 13 12
14 3 13 3
12 3 13 3
12 4 11 4
8 2 9 3
11 2 10 2
13 10 12 9
12 3 11 2
10 6 9 6
11 2 10 2
16 11 15 10
13 5 12 4
12 4 11 4
11 4 10 4
12 11 13 12
11 10 12 11
10 9 11 10
8 6 7 5
9 3 8 3
24 10 25 11
7 3 8 3
12 2 11 2
14 12 13 11
10 9 9 8
9 6 8 6
9 5 8 5
10 5 9 5
8 3 9 4
9 8 8 7
11 9 10 8
9 5 8 4
9 7 10 8
8 2 7 2
8 6 7 5
13 11 12 11
21 16 22 16
12 9 11 8
10 4 9 3
12 11 11 10
9 4 8 4
9 2 10 3
11 3 10 2
7 2 6 2
8 5 7 4
10 8 11 8
13 11 12 10
7 2 8 2
8 2 9 2
5 2 6 2
9 8 10 8
10 3 11 3
9 3 10 3
12 10 11 9
11 10 10 9
9 7 10 8
13 3 12 3
11 8 10 7
9 7 8 6
10 3 11 3
10 9 9 8
8 2 7 2
9 2 10 2
11 4 10 4
6 2 7 2
10 7 9 6
12 4 11 4
7 2 8 2
8 7 9 8
9 3 8 3
9 2 8 2
10 3 9 3
8 2 7 2
10 4 9 4
8 4 9 4
8 3 7 3
11 2 10 2
28 7 29 8
15 10 14 9
9 6 8 5
5 2 6 2
14 9 13 9
7 3 6 3
13 9 12 9
12 9 11 8
11 8 10 8
11 8 10 7
18 15 19 16
10 7 9 6
9 6 8 5
10 8 9 7
8 6 9 7
15 11 16 11
16 5 17 5
20 4 21 4
22 3 23 4
28 0 29 0
26 24 27 24
17 5 18 6
18 9 19 10
25 8 26 9
19 16 20 16
23 4 24 4
17 13 18 14
22 7 23 8
19 13 20 13
21 12 22 13
22 13 23 14
20 16 21 17
16 13 17 14
28 1 29 2
16 10 17 10
26 15 27 15
25 22 26 23
17 14 18 15
23 22 24 22
18 15 19 16
25 16 26 17
12 9 13 9
23 14 24 15
17 10 18 10
18 10 19 11
24 15 25 16
25 20 26 20
17 12 18 13
18 6 19 6
18 14 19 15
25 11 26 11
16 11 17 11
13 9 14 10
18 5 19 5
26 0 27 0
25 23 26 24
17 6 18 6
21 5 22 6
26 11 27 12
26 16 27 17
26 9 27 10
19 16 20 16
26 20 27 20
26 24 27 25
28 5 29 6
20 13 21 14
26 17 25 16
27 27 28 27
22 6 23 7
22 16 23 16
14 10 15 10
27 20 28 21
24 11 25 11
24 22 25 23
19 6 20 7
20 16 21 16
21 4 22 5
21 14 22 15
19 15 20 15
27 12 28 12
18 6 19 6
28 12 29 12
17 11 18 12
23 3 24 3
15 10 16 11
28 26 29 26
19 6 20 6
20 15 21 15
26 21 27 22
25 11 26 12
25 15 26 15
19 12 20 12
16 11 17 11
22 15 23 15
28 27 29 27
21 16 22 16
23 8 24 8
25 3 26 4
26 4 27 4
21 17 22 18
25 14 26 14
26 15 27 16
28 22 29 22
24 8 25 9
27 25 28 25
27 4 28 4
27 24 28 24
26 12 27 13
25 24 26 25
17 11 18 11
27 17 28 18
27 13 28 14
23 16 24 16
18 11 19 12
19 10 20 10
28 23 27 22
21 15 22 15
27 15 26 14
20 12 21 13
18 13 19 14
29 26 28 25
18 12 19 13
26 8 27 8
20 6 21 6
26 25 27 25
22 5 23 5
27 22 28 22
25 10 26 10
26 24 27 24
27 0 28 0
19 5 20 5
27 24 28 24
19 11 20 12
20 5 21 6
26 10 27 11
27 25 28 26
21 13 22 14
28 0 29 1
23 7 24 7
26 23 27 23
25 23 26 24
26 24 27 25
24 3 25 4
28 14 29 14
25 1 26 1
27 16 28 16
19 12 20 13
26 1 27 2
28 21 29 21
25 9 26 9
19 14 20 15
20 10 21 11
19 13 20 14
27 2 28 2
24 7 25 8
26 14 27 14
23 5 24 6
29 2 28 2
24 16 25 17
28 4 29 4
22 15 23 16
21 6 22 6
22 16 23 16
20 15 21 15
24 4 25 5
20 5 21 5
22 16 23 17
25 17 26 18
28 16 29 17
20 7 21 7
26 9 25 8
27 15 28 15
28 15 29 15
25 8 26 8
26 17 27 17
27 11 28 12
25 4 26 4
25 5 26 5
25 16 26 17
21 7 22 7
27 8 28 8
21 15 22 15
22 6 23 6
27 17 28 17
26 8 27 8
23 15 24 16
26 9 27 10
23 16 24 17
29 17 28 17
26 17 27 17
21 11 22 12
21 5 22 5
20 13 21 13
26 5 27 6
24 6 25 6
22 14 23 15
27 6 28 7
23 15 24 15
22 7 23 8
23 6 24 6
28 2 29 3
24 0 23 0
19 15 18 14
17 2 16 2
24 20 23 19
27 12 26 12
21 6 20 5
22 1 21 1
16 6 15 6
13 11 12 10
25 15 24 14
19 10 18 10
25 2 24 2
14 10 13 10
25 24 24 24
11 7 10 7
27 20 26 20
26 20 25 19
21 1 20 1
18 14 17 14
16 2 15 2
16 9 17 10
23 19 22 19
17 14 16 14
25 21 24 20
24 2 23 1
27 4 26 4
24 20 23 19
11 5 10 5
20 8 19 8
27 13 26 13
15 4 14 4
23 2 22 2
13 8 12 7
26 13 25 13
25 19 24 18
21 1 22 2
21 8 20 8
23 10 22 9
20 5 19 4
27 19 26 18
15 2 14 2
26 18 25 17
16 2 15 2
25 17 24 16
14 4 13 3
22 9 21 8
20 8 19 7
13 10 12 9
21 1 20 1
13 7 12 7
24 18 23 18
13 7 12 6
17 10 18 10
15 6 14 6
26 4 25 3
25 22 24 22
18 10 17 9
27 0 26 0
14 6 13 6
23 19 22 18
21 8 20 7
19 1 20 1
23 18 22 17
19 8 18 8
24 11 23 11
25 16 24 15
22 18 21 17
20 7 19 6
25 13 24 13
24 13 23 12
24 14 23 13
22 2 21 2
15 9 14 8
18 8 17 8
21 21 20 20
23 12 22 11
16 14 15 13
21 5 20 5
24 22 23 22
24 16 23 15
24 24 23 23
23 11 22 11
14 9 13 8
17 8 16 7
22 17 21 16
21 17 20 16
20 5 19 5
15 13 14 12
13 8 12 8
22 11 21 11
23 15 22 15
25 11 24 10
23 23 22 22
23 20 22 20
24 15 23 15
17 10 16 10
10 5 9 5
23 13 22 12
16 7 15 6
17 9 16 8
12 6 11 6
26 12 25 11
23 11 22 11
22 11 21 10
24 10 23 10
22 19 21 19
22 15 21 15
11 8 10 7
23 22 22 21
22 21 21 20
23 15 22 14
25 3 24 2
23 1 22 1
22 22 21 21
21 10 20 10
26 0 25 0
11 5 10 5
25 0 24 0
21 2 20 2
21 16 20 15
25 25 24 24
11 8 12 8
19 5 18 5
19 4 18 3
11 6 10 6
14 8 13 8
18 3 17 2
15 6 14 6
16 10 15 9
21 20 20 19
14 12 13 11
24 2 23 2
13 6 12 6
22 14 21 14
21 11 20 11
22 12 21 11
24 24 23 23
18 1 19 1
21 11 20 10
20 16 19 15
25 11 24 10
23 10 22 9
20 15 19 14
22 1 23 2
12 8 11 7
19 6 18 6
20 19 19 18
16 8 15 8
15 9 14 8
19 18 18 17
26 26 25 25
20 2 19 2
24 10 23 10
19 15 18 15
25 24 26 24
21 1 22 1
17 2 16 2
25 25 24 24
12 7 11 7
12 6 11 5
21 19 20 19
19 2 18 2
20 19 19 18
21 1 20 1
23 10 22 10
21 15 20 14
18 15 17 15
19 14 18 14
12 7 11 6
11 6 10 6
20 1 19 1
17 15 16 15
16 2 15 2
10 7 11 7
15 8 14 7
23 2 22 2
18 5 17 5
18 17 17 16
22 20 21 19
19 18 18 17
14 2 15 2
19 7 18 7
18 6 17 5
21 19 20 18
22 9 21 8
14 7 13 7
18 14 17 13
10 6 11 7
20 11 19 10
18 2 17 2
14 8 13 7
21 8 20 8
20 8 19 7
20 18 19 18
13 8 12 8
14 8 13 8
16 2 17 2
15 2 16 2
14 6 13 6
21 11 20 11
23 23 22 22
21 21 22 22
13 6 12 6
18 7 17 7
20 11 19 11
19 7 18 7
17 13 16 13
17 16 16 15
19 10 18 9
16 9 15 8
13 7 12 6
20 14 19 13
17 5 16 4
18 6 17 5
21 14 20 14
15 8 14 8
14 8 13 7
11 6 12 6
22 10 21 9
17 5 16 5
21 9 20 9
19 11 18 11
17 7 16 7
12 6 13 7
18 7 17 7
13 8 12 7
19 13 18 12
18 11 17 11
20 10 19 9
16 4 15 3
12 6 11 5
10 6 11 6
20 9 19 8
17 7 16 6
16 7 15 7
19 8 18 7
9 5 10 6
15 3 14 3
12 6 11 6
16 5 15 5
22 2 21 2
14 8 13 8
15 5 14 5
13 3 14 3
18 9 17 9
18 7 17 7
17 7 16 7
20 14 19 13
18 12 17 12
10 5 11 6
16 6 15 5
12 7 13 7
16 7 15 6
15 5 14 4
17 11 16 10
16 10 15 9
17 12 16 11
11 5 10 5
19 13 18 13
16 15 15 14
15 7 14 6
17 16 16 15
14 4 13 4
21 2 20 2
13 4 14 5
11 6 12 6
19 9 18 9
15 14 14 13
24 24 23 23
12 4 13 4
15 9 14 9
13 8 14 9
20 2 19 2
14 5 13 5
15 6 14 5
14 5 13 4
13 5 12 5
18 9 17 8
17 8 16 8
19 2 18 2
16 15 15 14
16 11 15 11
14 5 13 5
18 2 17 2
18 13 17 12
17 12 16 11
15 11 14 11
17 2 16 2
16 13 15 12
14 11 13 10
13 5 14 6
12 5 13 5
16 11 15 11
14 6 13 6
15 2 16 2
16 8 15 7
15 12 14 11
14 9 13 9
18 17 17 16
14 11 15 11
15 7 14 6
17 9 16 9
13 10 14 11
19 18 18 17
13 6 14 6
16 9 15 8
17 16 16 15
15 8 14 7
13 7 14 7
12 9 13 10
13 7 12 7
11 6 12 7
11 8 12 9
18 17 17 16
24 16 23 16
12 7 11 7
11 6 10 6
10 6 9 5
15 11 14 10
13 9 14 10
21 4 22 4
16 5 17 5
25 8 26 8
18 7 19 7
26 12 27 12
24 4 25 4
21 6 20 6
22 20 23 21
22 8 23 9
15 5 16 5
16 6 17 6
27 12 28 13
17 6 18 6
16 4 17 5
20 2 21 3
27 5 28 5
17 7 18 7
21 5 22 6
25 23 26 23
22 20 23 20
23 9 24 10
19 9 20 10
21 9 22 9
28 4 29 5
17 4 18 4
19 8 20 8
17 5 18 5
20 16 21 16
24 18 25 18
28 27 27 26
14 5 15 5
25 18 26 19
23 20 24 21
22 6 23 6
21 16 22 17
25 2 26 2
24 8 25 8
28 20 27 19
23 6 24 7
16 14 17 15
25 8 24 7
26 2 27 2
20 10 21 11
24 21 25 22
27 2 28 3
27 3 28 4
17 15 18 15
22 17 23 18
19 7 20 8
18 6 19 7
16 5 17 5
26 18 25 17
20 8 21 8
16 10 17 10
22 4 23 4
26 3 27 3
28 5 29 5
18 15 19 15
21 6 22 7
16 4 17 4
20 6 21 6
23 9 22 9
17 10 18 10
21 3 22 3
18 7 19 8
18 10 19 11
21 6 22 6
15 5 16 6
19 7 20 8
22 9 23 10
23 21 24 22
23 10 24 11
25 22 24 22
27 19 26 18
19 11 20 11
23 18 24 19
23 4 24 4
24 23 25 24
25 13 26 14
24 13 25 14
26 14 27 15
25 8 26 8
25 22 26 22
24 16 25 17
17 5 18 6
27 15 28 16
24 9 25 9
18 5 19 6
20 11 21 12
16 6 17 6
26 10 25 10
23 8 24 9
21 4 20 4
25 10 24 9
23 19 24 20
17 10 16 10
27 11 26 10
17 8 16 8
14 5 15 5
18 4 19 4
27 0 26 0
18 12 19 13
23 18 22 17
16 7 15 7
20 14 21 14
23 1 24 1
28 11 27 10
22 8 21 8
22 3 23 3
20 5 21 6
17 10 18 10
25 15 24 15
22 9 21 9
23 14 22 14
18 15 17 14
22 18 21 17
26 20 25 19
21 18 20 17
27 20 26 19
19 9 18 8
27 22 26 22
19 3 18 3
22 20 23 20
20 8 21 9
20 4 19 4
17 8 18 8
23 4 22 3
26 22 25 21
28 28 29 29
23 11 22 10
20 8 19 7
19 14 20 15
24 6 25 7
25 10 26 10
21 14 22 14
24 20 25 20
21 12 22 12
24 1 25 1
25 0 26 0
24 10 25 11
28 19 29 20
15 13 16 13
23 10 22 9
24 2 25 2
17 14 16 13
24 17 25 18
25 16 26 17
25 6 26 6
27 5 26 5
17 8 16 7
19 8 20 9
26 5 25 4
27 16 26 15
23 17 24 18
22 10 21 9
16 14 17 15
16 9 17 10
21 8 20 8
21 9 20 9
23 9 24 9
26 21 25 20
25 19 24 18
22 8 23 9
25 16 24 15
21 20 22 20
20 16 19 15
23 19 22 19
24 12 23 11
26 25 25 24
25 21 24 21
21 17 20 16
26 20 27 21
22 8 21 8
20 7 21 7
21 17 22 18
28 19 27 19
23 8 24 8
16 14 15 13
18 6 19 7
17 11 18 12
21 13 22 14
23 9 24 10
20 12 21 12
21 8 20 7
21 4 20 4
23 20 24 21
23 14 24 15
24 3 23 3
23 13 24 13
26 9 27 10
20 19 21 20
25 1 26 1
18 13 19 14
23 5 22 5
18 15 19 15
25 10 24 10
19 13 18 12
25 14 26 14
15 4 14 4
23 1 24 1
21 14 20 14
23 10 22 10
22 13 23 14
17 6 18 6
15 12 16 12
22 11 21 11
15 9 16 10
19 6 20 7
23 8 22 8
27 6 26 6
13 5 14 5
26 15 25 15
18 14 17 14
24 20 25 20
26 16 25 16
26 9 25 9
28 14 27 14
20 4 21 5
22 8 21 8
28 5 27 4
15 13 14 12
17 14 18 15
22 18 23 19
16 6 17 6
22 20 23 21
26 4 27 5
25 19 26 20
23 13 22 12
24 15 25 16
26 18 27 19
20 3 21 3
17 14 16 13
22 20 21 20
26 2 25 2
28 2 27 1
21 13 22 13
22 5 21 5
19 3 20 3
24 20 23 19
24 14 25 15
20 13 21 13
25 5 24 4
22 10 23 11
22 13 21 12
12 4 13 5
22 5 21 4
26 19 25 18
26 14 27 15
23 18 24 18
18 8 19 9
16 13 15 13
18 12 19 12
16 10 17 10
23 3 24 4
18 5 17 5
22 12 21 12
17 15 18 15
20 7 21 7
20 12 21 12
23 12 22 12
24 13 25 13
19 14 20 14
18 4 19 4
23 14 24 15
19 5 20 5
16 10 17 11
24 13 23 13
12 4 11 3
18 6 19 6
24 10 23 9
19 2 20 2
23 2 24 2
16 7 15 7
23 10 24 10
25 15 24 15
21 16 22 17
23 7 22 6
20 9 19 9
22 9 21 9
24 6 23 5
25 16 26 16
22 14 23 15
25 2 24 2
19 11 20 12
26 14 25 13
24 21 25 21
21 16 20 16
24 13 25 13
25 11 26 12
25 12 24 11
18 11 19 11
25 11 24 10
20 12 21 13
24 8 23 8
18 4 17 4
26 1 27 1
16 5 17 6
26 11 25 10
27 15 28 15
26 11 27 12
25 5 26 6
11 4 12 4
26 11 25 11
22 3 21 3
24 3 25 4
19 17 20 17
22 13 23 14
23 2 24 3
21 8 20 7
15 6 16 6
24 19 25 19
24 17 23 16
19 11 20 11
20 8 21 9
22 19 21 19
19 10 18 9
17 6 18 6
23 18 24 19
28 11 29 12
17 7 16 6
19 4 18 4
19 13 20 14
28 1 27 1
20 7 19 7
22 15 23 16
17 12 18 12
21 12 20 12
18 11 17 10
15 10 14 9
24 11 23 11
18 9 17 9
27 16 26 16
16 12 17 13
20 16 19 15
22 13 21 13
21 14 22 15
19 4 20 5
26 21 27 21
16 9 17 9
20 8 19 8
23 14 24 14
19 12 20 12
21 17 22 17
11 3 10 2
26 10 27 10
21 14 20 14
22 18 23 18
10 2 9 2
23 5 22 4
19 10 18 10
9 2 8 2
23 12 24 13
27 16 26 15
18 14 19 15
19 5 18 4
20 9 21 9
22 13 23 13
25 18 24 17
24 22 25 22
18 8 17 7
23 5 24 5
22 11 23 12
17 14 18 14
24 9 25 10
7 1 8 2
22 5 23 5
15 10 16 10
19 10 20 10
22 14 21 14
21 8 22 8
23 8 22 8
21 7 22 8
25 16 24 16
19 18 20 19
23 15 24 16
21 10 22 11
14 4 15 5
19 13 20 13
23 5 24 5
21 7 20 7
18 6 19 7
18 14 17 13
22 18 21 18
21 11 22 11
20 3 21 3
24 13 23 13
22 13 23 14
27 14 26 14
25 14 24 14
27 13 26 12
27 2 28 2
19 3 18 3
25 14 26 14
26 22 25 22
24 12 23 12
19 9 18 9
23 22 24 22
23 9 22 9
26 5 27 5
22 21 23 21
19 6 20 7
21 13 20 13
25 20 24 20
25 4 26 5
23 10 22 10
25 6 24 6
19 5 18 5
26 10 27 11
25 10 26 10
23 16 22 15
21 10 20 10
22 11 23 11
19 4 20 4
21 15 22 16
23 17 22 16
21 12 22 12
21 12 20 11
22 15 21 14
27 15 26 15
21 10 22 11
21 12 22 13
25 17 24 16
21 6 20 5
27 5 26 5
22 9 21 9
19 9 20 10
24 17 23 16
20 16 21 16
19 8 18 7
25 16 26 16
26 15 25 15
18 9 19 9
20 18 21 18
21 15 22 16
24 9 23 9
26 6 25 6
25 18 26 18
22 19 23 19
23 4 22 3
20 7 21 8
19 3 20 3
20 7 19 7
25 15 24 15
24 5 25 5
21 3 22 3
25 20 26 21
16 4 15 4
23 2 24 2
22 18 23 18
16 14 17 14
20 15 21 15
18 6 17 5
21 19 22 19
23 17 24 17
20 12 21 12
16 8 17 9
15 11 16 11
27 1 26 0
19 6 18 6
20 12 19 12
22 16 23 16
18 12 19 12
19 8 18 8
25 7 26 7
23 14 22 13
24 7 25 7
23 6 24 6
22 19 21 18
24 23 23 22
27 15 26 14
17 4 16 4
15 9 16 9
20 16 19 15
20 17 21 18
22 4 21 4
7 1 6 1
22 3 23 3
23 14 24 14
21 15 22 15
23 7 22 7
20 11 19 11
23 19 24 19
18 15 19 16
15 8 16 9
24 17 25 18
18 9 17 8
28 16 27 16
24 3 23 3
23 20 22 19
20 5 21 5
19 14 20 15
26 13 25 12
18 13 19 13
23 8 22 7
22 9 21 8
19 9 20 9
25 17 26 18
28 21 27 21
23 18 24 19
29 5 28 5
19 5 20 6
25 14 24 13
22 2 23 2
18 14 19 14
20 15 19 14
17 12 18 12
18 15 17 14
16 13 17 13
20 9 21 9
22 16 21 16
19 8 20 9
22 13 21 13
27 7 26 7
23 14 22 13
28 14 27 14
26 21 27 21
16 5 17 5
18 14 17 13
22 8 23 8
27 21 26 20
26 14 25 13
22 15 23 15
27 1 26 1
20 10 21 10
21 16 20 15
24 15 25 16
26 17 27 17
22 9 23 10
25 16 24 16
21 16 20 16
16 6 17 6
19 16 20 17
20 9 21 9
27 20 26 19
17 7 18 7
22 2 21 2
28 6 27 6
23 16 24 16
18 17 19 18
19 7 18 7
16 3 17 3
16 7 17 8
24 9 23 8
27 21 28 21
19 8 18 8
23 21 24 21
21 8 20 7
17 14 16 13
22 18 23 19
18 14 19 15
22 10 21 9
26 21 25 21
13 4 14 5
26 4 25 4
25 10 24 9
19 12 20 13
18 11 19 12
22 6 21 6
20 5 19 5
24 12 25 13
21 8 22 9
21 13 20 13
19 10 20 10
27 14 28 15
22 19 21 18
21 17 22 18
25 14 26 15
28 11 27 10
15 9 14 8
21 3 20 2
15 4 16 5
25 2 26 2
19 15 20 15
24 15 23 15
22 9 23 9
17 15 18 16
16 6 15 5
24 8 23 7
22 6 23 7
21 12 22 13
25 18 26 19
21 7 22 7
19 9 18 9
18 6 19 7
23 10 24 11
24 11 25 11
19 10 18 9
24 10 23 10
21 12 20 12
16 13 17 13
22 17 23 18
18 13 17 12
23 15 22 14
18 14 19 15
15 11 16 12
22 6 23 6
5 1 6 1
20 17 21 17
22 10 21 10
16 12 17 12
16 11 17 12
18 7 17 6
25 20 26 21
24 9 23 8
19 15 18 15
27 20 28 21
18 9 17 8
22 18 21 17
25 4 24 4
24 15 25 15
22 8 23 8
26 18 27 19
16 6 17 7
19 7 20 8
23 7 24 7
20 16 19 15
17 9 18 10
22 3 21 3
25 15 24 14
18 12 17 12
22 17 21 16
23 15 24 15
29 21 28 21
24 20 25 21
21 16 20 15
21 2 20 2
18 5 19 5
20 7 21 8
23 10 22 10
4 1 5 1
17 13 18 13
18 5 17 5
21 6 22 6
22 16 23 16
24 8 25 9
19 13 18 12
20 13 19 12
21 13 22 14
24 7 25 8
18 7 19 7
26 6 27 6
27 18 26 17
27 5 28 5
21 6 20 6
3 1 4 1
17 11 18 11
22 7 23 7
22 16 21 16
22 3 23 3
17 4 18 4
19 4 18 4
19 16 18 15
20 11 21 11
18 13 17 12
20 13 19 13
19 9 20 10
20 7 19 6
21 6 22 7
17 14 18 14
18 10 19 10
17 11 16 11
21 2 22 2
19 17 20 18
24 19 25 20
22 9 23 10
11 4 10 4
23 17 24 17
17 8 16 8
27 13 28 13
16 9 17 9
15 11 16 12
15 7 16 8
25 24 24 23
2 1 3 1
20 17 21 18
10 3 11 3
19 14 18 13
22 4 23 4
24 6 23 6
20 17 19 16
26 12 25 11
21 6 20 5
19 5 18 5
28 8 27 7
25 13 26 14
21 13 20 13
22 16 23 16
20 14 19 14
21 10 22 10
20 8 21 9
9 3 10 3
7 2 8 2
2 1 1 0
17 7 18 8
22 6 21 5
24 8 23 8
6 2 7 2
1 1 2 1
26 1 25 1
20 7 21 8
17 10 16 9
24 8 23 7
23 8 22 7
21 15 22 15
18 13 19 14
14 12 15 13
24 13 23 13
23 19 24 20
26 21 25 20
22 12 23 13
15 3 16 3
19 8 20 9
20 15 19 15
16 13 17 13
19 10 20 11
19 13 20 14
15 5 14 4
23 4 24 4
20 17 21 18
19 16 18 15
18 16 19 17
22 5 21 5
23 5 24 5
13 5 12 5
15 5 16 6
26 1 27 1
25 22 24 22
24 4 25 4
25 25 26 26
15 9 16 9
25 4 26 4
25 3 24 3
18 8 17 8
19 7 20 8
25 4 24 4
26 2 27 2
24 2 23 2
18 16 17 15
21 5 20 5
17 6 18 7
27 12 26 11
1 0 0 0
21 15 22 16
23 10 24 11
22 2 23 2
23 2 24 2
27 12 28 13
25 16 26 16
10 4 9 4
8 4 9 4
8 3 9 3
19 11 20 12
8 4 7 4
17 9 18 10
19 17 20 18
21 5 22 5
5 2 6 2
18 13 17 12
23 9 22 8
28 21 27 20
24 20 25 21
21 7 22 8
18 9 19 10
20 11 19 10
26 10 25 10
24 15 25 15
15 5 14 4
19 12 20 12
