2729
26 18 25 18
23 14 22 14
19 18 18 18
3 2 2 2
27 1 26 1
22 14 21 13
29 12 28 12
25 8 24 7
28 6 27 5
2 2 1 1
26 1 25 0
27 7 26 6
18 18 17 17
16 13 15 13
9 2 8 1
21 13 20 12
29 24 28 24
22 19 21 18
25 10 24 10
28 5 27 4
12 3 11 2
13 9 14 10
25 0 24 0
28 24 27 24
13 5 12 5
27 18 26 17
21 8 20 8
23 1 22 1
28 28 27 27
21 0 20 0
6 3 5 3
23 10 22 9
20 12 19 12
26 6 25 6
22 1 21 1
27 5 26 5
21 18 20 18
25 22 24 22
26 5 25 4
8 6 7 5
19 12 18 11
24 0 23 0
24 7 23 6
25 18 24 18
24 22 23 21
27 4 26 3
25 6 24 5
24 18 23 18
11 2 10 1
28 26 27 25
24 5 23 5
27 27 26 26
21 1 20 1
27 12 26 12
23 21 22 20
22 20 21 20
22 9 21 8
23 0 22 0
23 18 22 18
6 2 5 2
23 6 22 5
17 17 16 16
22 0 21 0
12 9 11 8
24 10 23 10
22 5 21 5
29 13 28 13
22 18 21 18
26 26 25 25
26 12 25 12
13 6 12 6
10 1 9 1
26 17 25 16
8 1 7 1
15 13 14 12
21 18 20 17
15 9 14 9
25 12 24 11
26 3 25 2
27 24 26 24
23 5 22 5
17 11 16 11
28 13 27 12
25 2 24 2
24 11 23 11
18 11 17 10
26 24 25 23
12 6 11 6
20 1 19 0
12 5 11 5
11 5 10 5
20 17 19 16
20 8 19 8
22 5 21 4
25 23 24 22
27 12 26 11
25 16 24 15
21 5 20 5
25 17 24 17
27 25 26 25
24 15 23 14
20 18 19 17
26 11 25 10
16 16 15 15
15 4 14 3
21 4 20 4
15 15 14 14
20 0 19 0
13 13 12 12
23 10 22 10
24 22 23 22
21 8 20 7
11 6 10 6
19 16 18 15
20 5 19 4
28 12 27 12
17 10 16 10
20 4 19 3
1 0 0 0
20 20 19 19
14 14 13 13
27 12 26 11
20 7 19 7
26 25 25 24
19 0 18 0
19 7 18 6
25 4 24 3
5 2 4 1
4 1 3 1
19 19 18 18
25 10 24 9
19 4 18 4
25 25 24 24
12 5 13 6
11 8 10 7
10 7 9 7
3 1 2 0
20 0 19 0
21 20 20 20
19 8 18 7
18 0 17 0
7 1 6 0
23 11 22 11
18 18 17 17
10 5 9 4
24 9 23 9
23 22 22 21
24 17 23 16
23 9 22 8
25 24 24 23
5 3 4 2
18 6 17 5
16 11 15 11
4 2 3 2
9 7 8 7
24 2 23 2
24 23 23 23
18 4 17 3
16 2 15 2
23 2 22 2
19 1 18 1
22 2 21 1
17 0 16 0
22 21 21 20
22 8 21 7
24 3 23 2
8 7 7 7
9 1 8 0
23 2 22 1
21 7 20 6
14 3 13 3
20 6 19 5
16 16 17 17
19 5 18 4
15 11 14 10
20 20 19 19
9 4 8 4
18 7 17 7
23 14 22 14
22 11 21 10
19 19 20 19
15 2 14 1
23 23 22 22
16 16 15 15
17 7 16 7
20 19 19 18
19 0 18 0
14 1 13 0
15 11 16 11
26 10 25 9
16 10 15 9
15 15 14 14
18 15 17 15
22 14 21 13
21 10 20 10
25 13 24 13
8 4 7 3
2 2 3 2
14 14 13 13
17 3 16 3
21 0 20 0
22 22 21 21
19 3 18 2
17 15 16 15
8 0 7 0
10 6 9 5
19 18 18 18
3 2 4 3
26 11 25 10
18 1 17 0
21 1 20 1
25 9 24 8
13 3 12 3
9 5 8 4
21 13 20 13
16 3 15 3
16 15 15 14
20 1 19 0
24 24 23 23
22 1 21 0
19 17 18 16
7 7 6 6
18 18 17 17
21 14 20 14
13 1 14 1
20 0 21 0
18 4 17 3
16 12 17 13
17 3 16 2
20 13 19 13
24 13 23 13
16 12 15 12
17 17 16 16
16 2 15 2
15 2 14 1
22 10 21 10
16 7 15 6
16 16 15 15
23 13 22 12
7 6 6 5
15 14 14 13
25 10 24 10
21 21 20 20
17 5 16 5
8 4 7 4
21 10 20 9
22 12 21 11
15 3 14 3
15 9 14 8
16 0 15 0
18 16 17 15
13 0 12 0
21 20 20 19
17 15 16 15
23 23 22 22
6 6 5 5
24 10 23 10
18 2 17 1
24 8 23 8
14 1 13 1
20 19 19 18
20 10 19 9
17 1 16 1
14 8 13 8
13 8 12 8
16 1 15 1
19 18 18 18
15 0 14 0
14 13 13 12
2 0 1 0
23 16 22 16
14 3 13 3
13 1 12 1
16 5 15 4
19 9 18 8
14 10 13 10
22 16 21 15
16 15 15 14
15 4 14 3
15 14 14 13
18 18 17 17
12 8 11 7
13 3 12 2
14 0 13 0
18 8 17 8
11 7 10 7
15 1 14 0
7 4 6 3
12 1 11 1
19 13 18 13
23 8 22 7
6 3 5 2
24 23 25 23
15 2 16 3
22 22 21 21
17 17 16 16
13 12 12 11
10 7 9 7
12 2 11 2
20 20 21 21
9 7 8 6
17 8 16 7
12 11 11 10
6 5 7 5
11 10 10 9
12 0 13 0
13 5 14 6
23 10 22 10
14 3 13 2
22 10 21 10
16 16 15 15
10 9 9 9
21 11 20 11
13 2 12 1
20 11 19 10
8 8 9 9
7 5 6 4
20 9 19 8
14 14 15 15
6 4 5 3
12 0 11 0
7 3 6 3
1 1 2 2
15 12 14 11
11 1 10 1
12 3 11 3
10 1 11 2
11 2 10 2
8 8 7 7
14 13 13 12
18 13 17 13
19 8 18 7
18 7 17 7
21 15 20 15
13 10 12 9
10 2 9 2
5 4 4 4
12 9 11 8
13 12 12 11
19 10 18 9
11 0 10 0
5 2 4 2
11 3 10 3
7 7 6 6
18 9 17 8
14 11 13 11
9 2 8 1
4 3 5 3
17 7 16 6
10 0 9 0
8 1 7 1
10 1 9 1
8 6 7 5
9 1 8 1
16 7 17 8
6 5 5 4
11 8 10 8
6 3 5 3
21 10 20 10
10 8 9 8
15 6 14 6
20 10 19 9
17 8 16 8
16 7 15 6
9 8 8 8
2 2 3 2
3 2 2 1
7 5 6 4
16 8 15 8
10 3 9 3
15 8 14 8
8 8 7 7
7 1 6 1
17 13 16 12
9 9 10 10
9 3 8 2
12 1 11 0
13 11 12 10
8 1 7 1
19 9 18 9
6 6 7 7
11 0 10 0
2 1 1 0
17 0 16 0
14 8 13 8
14 6 13 5
15 6 14 6
13 0 12 0
8 2 7 2
14 9 13 9
7 1 6 1
4 2 3 2
18 0 17 0
7 2 6 2
6 2 5 2
14 0 13 0
19 0 18 0
12 0 11 0
20 15 19 15
23 1 24 1
13 5 12 5
11 0 10 0
16 11 17 12
20 0 19 0
6 1 5 1
5 1 4 0
5 5 6 6
9 0 8 0
16 12 15 12
21 0 20 0
16 6 15 6
14 6 13 6
1 1 2 2
8 0 7 0
22 7 21 6
6 0 7 0
4 0 3 0
1 1 0 0
5 4 4 3
10 8 11 9
15 6 14 6
13 0 12 0
13 9 12 8
14 12 13 12
14 6 13 5
13 6 12 6
5 2 4 1
12 8 11 7
13 8 12 7
7 1 6 1
12 6 11 6
6 3 7 3
15 12 14 12
18 9 17 9
10 0 9 0
11 9 12 9
19 15 18 14
21 6 20 6
8 0 9 0
18 14 17 14
11 0 10 0
12 0 11 0
19 15 20 15
6 1 5 1
12 11 11 11
17 9 16 8
16 7 17 7
3 0 2 0
2 1 3 2
7 0 8 0
10 0 9 0
9 0 8 0
11 0 10 0
2 2 1 1
11 6 10 5
11 7 10 7
4 1 3 0
10 7 9 7
5 1 4 0
16 0 15 0
4 0 5 0
17 7 18 7
10 10 11 11
12 10 11 9
3 0 4 0
10 10 9 9
11 9 10 9
14 12 13 11
2 0 3 0
3 2 4 3
5 3 4 2
17 0 16 0
16 8 15 8
11 11 12 12
13 11 12 10
12 7 11 7
3 0 4 0
12 10 11 10
18 0 17 0
13 12 12 12
5 0 6 0
19 0 18 0
11 10 10 10
4 2 3 1
4 0 5 0
4 0 3 0
15 8 14 7
6 0 7 0
20 0 19 0
7 0 8 0
9 0 8 0
13 5 12 4
5 0 6 0
10 0 9 0
7 0 6 0
10 0 11 0
6 4 5 3
7 0 8 0
5 4 4 3
1 0 2 0
8 0 9 0
9 0 10 0
11 7 10 6
17 12 18 12
5 3 4 2
12 5 11 4
12 4 11 3
19 18 20 19
7 3 8 3
5 0 4 0
11 3 10 3
5 0 6 0
10 6 9 6
9 7 8 6
10 9 9 8
11 4 10 4
10 5 9 4
4 3 3 3
15 0 14 0
0 0 1 0
20 14 19 13
9 4 8 3
19 13 18 12
20 6 19 6
3 1 2 0
2 2 3 2
11 11 10 10
25 23 26 23
17 14 16 13
16 0 15 0
17 0 16 0
3 1 4 2
7 0 6 0
19 6 18 5
9 8 8 8
14 0 13 0
8 8 7 7
18 0 17 0
7 0 8 0
8 8 9 9
12 12 11 11
9 9 10 10
15 0 14 0
14 7 13 6
16 0 15 0
5 4 4 3
16 13 15 13
19 0 18 0
8 3 7 3
10 10 11 11
9 6 8 5
9 4 10 4
10 4 11 5
2 0 3 0
8 5 7 5
11 11 12 12
17 0 16 0
18 0 17 0
13 13 12 12
4 0 3 0
13 13 14 14
14 14 15 15
15 15 16 16
10 3 9 2
8 8 9 9
15 13 14 13
9 4 8 4
8 4 7 4
13 6 12 6
7 3 6 2
13 13 14 13
12 6 11 5
7 5 6 4
11 5 10 4
6 6 7 7
10 4 9 3
9 3 8 3
18 7 19 8
9 9 10 10
8 6 7 6
9 2 8 1
13 13 12 12
7 7 8 8
11 11 12 12
6 4 5 4
8 8 9 9
9 9 10 10
8 3 7 3
3 3 4 4
7 0 8 1
14 13 13 12
6 2 5 1
6 6 7 7
8 1 7 1
8 8 7 7
5 4 4 3
7 0 6 0
18 5 17 5
10 10 11 11
7 1 6 1
4 4 5 5
10 10 9 9
5 1 4 1
9 9 8 8
13 0 12 0
14 0 13 0
13 12 12 11
12 6 13 7
11 0 12 0
12 0 13 0
15 6 16 7
15 0 14 0
5 5 6 6
16 0 15 0
13 0 14 0
15 0 14 0
12 11 11 10
19 19 18 18
5 0 4 0
7 3 6 3
2 1 1 1
17 5 16 5
5 0 6 0
11 11 12 12
10 10 11 11
10 0 11 0
2 2 1 1
4 0 5 0
11 10 10 9
9 0 10 0
12 0 11 0
12 12 13 13
10 9 9 8
12 0 13 0
6 1 5 1
3 2 4 3
7 7 6 6
7 7 8 8
4 4 5 5
13 0 14 0
9 8 8 7
8 8 9 9
4 0 3 0
17 0 16 0
16 0 15 0
10 0 11 0
11 0 12 0
13 0 12 0
26 23 27 24
11 11 12 12
7 4 6 4
4 1 3 1
5 5 6 6
18 12 17 12
20 20 19 19
21 21 20 20
2 1 3 1
16 5 15 5
8 0 9 0
9 0 10 0
10 0 11 0
19 8 20 9
12 0 11 0
5 4 6 4
14 13 15 13
9 9 10 10
7 0 8 0
4 3 5 4
7 7 6 6
6 0 7 0
11 11 10 10
9 0 8 0
10 0 9 0
8 0 7 0
11 0 10 0
6 4 5 3
7 6 6 5
8 0 9 0
5 3 6 3
11 11 12 12
6 3 5 2
6 0 5 0
27 5 28 5
4 0 5 0
6 6 5 5
15 13 16 14
5 4 6 5
5 3 4 2
4 2 3 1
7 7 8 8
20 15 21 16
8 7 7 6
27 24 28 24
5 4 4 3
2 1 3 1
3 0 4 0
7 6 6 5
2 0 3 0
9 9 8 8
20 9 21 9
15 5 14 4
16 14 17 15
10 10 9 9
2 2 3 3
14 4 13 4
4 3 3 2
5 4 4 3
24 1 25 2
11 11 10 10
1 1 2 2
21 16 22 16
3 3 4 4
2 2 3 3
28 24 29 24
3 2 2 1
3 3 4 3
17 15 18 15
20 19 21 19
5 5 4 4
1 0 2 1
5 5 6 6
4 4 3 3
7 7 6 6
7 7 8 8
25 21 26 22
9 9 8 8
10 10 9 9
13 7 14 8
3 2 2 1
5 5 4 4
6 6 5 5
21 19 22 20
7 7 6 6
18 15 19 15
26 22 27 23
13 4 12 4
22 16 23 17
12 4 11 3
12 9 13 10
11 3 10 3
25 2 26 3
13 10 14 11
10 3 9 2
14 11 15 12
16 3 17 3
19 15 20 16
9 2 8 1
7 0 8 1
15 12 16 13
8 1 7 1
17 3 18 3
6 0 7 0
1 0 2 0
18 3 19 3
16 13 17 13
7 1 6 1
6 1 5 1
21 9 22 9
19 3 20 4
5 0 6 0
4 0 5 0
5 1 4 1
27 23 28 24
3 0 4 0
23 17 24 17
16 7 17 7
14 8 15 8
17 13 18 14
26 3 27 3
18 18 17 17
16 16 17 17
19 13 20 13
15 15 16 16
22 9 23 9
14 14 15 15
13 13 14 14
23 9 24 9
12 12 13 13
11 11 12 12
10 10 11 11
19 19 18 18
20 20 19 19
22 20 23 21
17 17 18 18
18 18 19 19
16 16 17 17
29 24 28 24
15 15 16 16
18 18 17 17
16 16 17 17
9 9 10 10
14 14 15 15
8 8 9 9
15 15 16 16
14 14 13 13
18 13 19 13
17 12 16 12
20 16 21 16
12 12 13 13
12 12 11 11
27 3 28 3
10 10 11 11
28 3 29 4
3 0 2 0
9 9 10 10
19 13 20 14
7 7 8 8
6 6 7 7
8 8 9 9
16 12 15 11
7 7 8 8
28 5 29 5
28 24 29 25
21 16 22 16
20 14 21 14
20 4 21 4
20 13 21 13
21 13 22 13
18 14 19 15
6 6 5 5
19 15 20 16
20 16 21 17
6 6 7 7
21 14 22 15
15 11 14 10
21 17 22 18
21 4 22 5
4 4 5 5
23 21 24 21
24 17 25 18
24 21 25 21
22 5 23 6
22 13 23 13
17 7 18 8
22 16 23 16
24 9 25 10
3 3 4 4
2 2 3 3
23 6 24 7
22 15 23 15
14 10 13 9
23 15 24 16
24 16 25 17
23 13 24 13
15 8 16 8
16 8 17 8
25 10 26 10
24 13 25 13
25 17 26 17
26 10 27 10
13 9 12 8
18 8 19 9
27 10 28 10
17 8 18 8
12 8 11 8
11 8 10 7
28 10 29 11
25 13 26 13
19 9 20 10
10 7 9 7
26 17 27 18
22 18 23 19
18 8 19 8
27 18 28 19
25 18 26 18
9 7 8 6
7 6 8 6
6 5 7 6
8 6 7 5
24 7 25 7
7 5 6 4
5 3 6 4
20 10 21 10
21 10 22 10
23 16 24 17
5 4 6 5
4 3 5 4
19 8 20 8
26 18 27 19
3 3 4 3
25 7 26 8
4 3 3 2
22 10 23 11
25 21 26 21
23 19 24 19
20 8 21 9
26 21 27 22
1 1 2 2
2 1 3 2
23 11 24 12
24 19 25 20
24 12 25 13
21 9 22 9
26 8 27 8
1 0 2 1
22 9 23 9
27 19 28 20
27 8 28 8
26 13 27 14
27 14 28 14
25 20 26 21
23 9 24 9
24 17 25 17
25 17 26 17
25 13 26 13
24 9 25 10
26 17 27 18
27 18 28 18
25 10 26 11
28 18 29 18
26 21 27 21
27 21 28 22
28 20 29 21
28 19 29 19
27 22 28 23
28 14 29 14
2 2 3 3
28 23 29 23
28 22 29 22
26 13 27 14
28 8 29 9
27 14 28 14
26 11 27 11
29 14 28 14
27 11 28 12
28 14 29 15
28 12 29 12
18 10 19 11
9 3 8 3
27 8 26 7
26 0 25 0
24 16 23 16
22 12 21 11
20 8 19 7
29 29 28 28
22 20 21 20
17 6 16 5
22 4 21 3
14 12 13 12
26 6 25 6
25 7 24 7
26 15 25 15
22 10 23 11
27 21 26 21
29 2 28 2
25 3 24 2
22 5 21 5
12 5 11 4
21 5 20 4
21 20 20 20
24 2 23 2
28 2 27 2
25 6 24 5
18 17 17 16
19 18 18 17
22 4 21 4
24 7 23 7
27 2 26 2
27 14 26 14
26 21 25 20
26 14 25 14
26 2 25 2
17 10 16 10
26 19 25 19
25 2 24 2
28 28 27 27
28 0 27 0
9 5 8 4
19 2 18 1
9 6 8 5
13 12 12 11
19 7 18 6
23 7 22 6
17 3 16 3
16 15 15 14
20 4 19 3
18 1 17 0
24 20 23 20
15 5 14 4
25 20 24 19
23 20 22 19
8 3 7 3
15 14 14 13
18 10 17 9
18 12 17 11
22 6 21 6
22 3 21 2
23 2 22 2
21 16 20 16
27 27 26 26
25 14 24 14
12 11 11 10
26 26 25 25
25 19 24 18
27 26 26 25
8 2 7 1
14 4 13 4
18 6 17 5
21 11 20 10
7 3 6 2
23 16 22 16
17 9 16 8
26 9 25 8
26 25 25 24
25 24 24 23
13 1 12 1
25 8 24 8
21 4 20 3
26 7 25 6
25 0 24 0
20 16 19 16
16 10 15 9
12 6 11 6
24 19 23 18
11 4 10 3
24 5 23 5
24 23 23 22
16 5 15 5
24 2 23 2
24 13 23 13
24 8 23 8
25 15 24 15
15 5 14 4
21 2 20 1
19 16 18 15
24 15 23 14
18 15 17 14
14 4 13 3
12 1 11 1
22 16 21 15
23 18 22 17
20 3 21 3
20 10 19 10
10 8 9 7
24 18 23 17
25 25 24 24
11 6 10 6
19 10 18 10
23 15 22 14
8 5 7 5
9 2 8 1
22 14 21 13
22 19 21 19
6 2 7 2
20 1 19 1
16 8 15 7
23 14 22 13
21 19 20 19
22 13 21 12
25 6 24 5
9 7 8 6
15 10 14 9
23 22 22 22
20 3 19 2
13 3 12 2
21 6 20 6
22 2 21 2
23 17 22 16
24 14 23 14
24 0 23 0
21 13 20 13
27 0 26 0
17 16 16 15
23 8 22 8
16 3 15 3
15 9 14 8
17 11 16 10
19 3 18 3
21 15 20 14
22 16 21 15
23 2 22 2
23 2 24 3
20 14 19 14
22 22 21 21
18 10 17 10
23 14 22 14
15 7 14 7
26 0 25 0
18 3 17 2
17 5 16 5
22 14 21 13
20 6 19 6
24 5 23 4
17 10 16 9
22 2 21 1
23 19 22 18
22 8 21 7
18 17 17 16
17 2 16 1
16 1 15 1
19 14 18 14
18 14 17 13
23 4 22 4
15 1 14 1
14 9 13 9
14 8 13 7
10 3 9 3
16 15 15 14
15 14 14 13
19 6 18 6
24 24 23 23
19 2 18 2
23 17 24 18
22 17 21 16
23 23 22 22
22 4 21 3
21 2 20 2
16 9 15 9
14 7 13 6
21 12 20 12
18 2 17 1
10 6 9 5
22 22 21 21
25 0 24 0
21 1 20 1
23 13 22 12
20 1 19 0
18 6 17 5
17 13 16 12
9 5 8 5
13 9 12 8
20 13 19 13
16 10 15 10
22 12 21 12
21 12 20 11
21 3 20 3
19 0 18 0
8 5 7 4
17 1 16 1
17 0 18 0
12 8 11 7
11 1 10 1
23 0 22 0
16 12 15 11
8 4 7 3
22 4 21 3
17 14 16 13
14 1 13 1
18 0 19 1
21 15 20 15
9 3 8 2
23 5 22 5
20 15 19 15
20 2 19 2
21 7 20 6
7 3 6 3
21 3 20 2
20 6 19 6
19 13 18 13
19 2 18 1
20 11 19 11
20 2 19 2
20 12 19 12
17 16 16 15
19 6 18 5
17 5 16 4
10 1 9 1
15 9 14 8
21 16 20 15
20 19 19 18
16 15 15 14
20 3 19 3
16 4 15 4
13 4 12 4
19 3 18 3
16 1 15 1
18 1 17 1
19 11 18 11
19 1 18 1
11 7 10 7
19 18 18 17
10 7 9 7
17 0 18 0
15 4 14 4
12 2 11 2
15 11 14 11
14 4 13 4
19 15 18 14
22 0 21 0
17 1 16 1
13 6 12 5
11 10 10 9
9 1 8 1
16 5 15 4
15 1 14 1
20 15 19 15
14 11 13 11
13 4 12 3
14 1 13 1
18 13 17 12
15 10 14 9
21 0 20 0
14 8 13 8
18 17 17 16
18 5 17 4
19 2 18 2
11 9 12 10
13 1 12 1
12 4 11 3
17 12 16 12
14 9 13 9
16 13 15 13
16 12 15 11
13 11 12 10
18 14 17 13
22 18 21 18
15 13 14 12
18 11 17 10
24 0 23 0
6 3 7 4
13 8 12 7
18 1 17 1
12 7 11 7
12 10 11 9
13 7 12 7
17 10 16 9
18 2 17 2
23 0 22 0
20 0 19 0
22 5 21 5
14 12 13 12
17 2 16 2
19 15 18 15
11 3 10 2
18 3 17 3
16 1 15 1
17 13 16 12
12 3 11 3
16 9 15 8
17 3 16 2
19 0 18 0
12 1 11 1
16 12 15 12
15 4 14 4
11 3 10 3
21 5 20 5
21 13 20 12
19 12 18 11
11 2 10 1
21 18 20 18
15 3 14 3
11 9 10 8
14 4 13 3
18 11 17 11
10 1 11 1
12 7 11 6
21 3 22 3
17 4 16 4
15 11 14 10
13 9 12 9
10 9 9 8
10 8 9 7
16 4 15 4
17 3 16 3
14 10 13 10
8 6 9 7
10 2 9 2
17 1 16 1
8 2 9 2
10 3 9 3
16 2 15 2
16 15 17 16
7 2 8 2
12 5 11 4
13 3 12 3
16 15 15 14
16 3 15 3
15 12 14 12
13 10 12 10
15 14 14 13
15 3 14 2
14 1 13 1
22 0 21 0
18 15 17 15
16 15 17 15
15 2 14 1
14 13 13 12
15 14 16 15
20 5 19 5
14 3 13 3
15 8 14 7
21 0 20 0
12 3 11 3
13 12 12 11
11 3 10 2
19 0 20 0
9 1 10 1
12 10 11 9
13 1 12 1
14 13 13 12
14 7 13 7
11 7 10 7
13 3 12 2
14 12 13 11
10 8 11 9
15 1 14 1
20 12 19 11
9 1 8 1
11 6 10 5
10 7 9 6
10 2 9 2
8 2 9 2
17 15 16 14
11 9 10 9
17 11 16 10
14 2 13 1
14 1 13 1
14 12 15 12
11 1 12 2
8 2 7 2
13 1 12 1
15 4 14 3
28 2 29 2
12 2 11 2
13 7 12 6
10 1 11 1
10 1 9 1
10 5 9 5
11 4 10 3
14 1 15 1
16 1 15 1
12 9 11 9
10 8 11 9
12 6 11 5
14 1 13 1
16 10 15 10
9 6 8 5
19 5 18 5
8 1 7 1
16 14 15 13
11 9 10 9
9 5 8 4
9 7 10 8
14 1 15 1
18 5 17 4
8 6 9 7
17 4 16 4
13 11 12 10
15 10 14 9
8 1 9 1
14 3 13 3
20 12 21 12
15 13 14 13
10 2 11 2
16 4 15 4
12 10 11 10
10 2 9 2
15 4 14 3
9 2 10 3
7 4 8 4
12 11 11 10
11 5 10 5
13 3 12 2
12 2 11 2
10 3 9 3
9 3 8 3
14 3 13 3
20 18 19 18
19 11 18 11
11 10 10 9
12 11 13 12
14 9 13 8
10 9 9 8
7 4 6 3
11 2 10 2
18 11 17 10
14 13 15 14
19 18 18 17
14 13 13 12
12 2 13 3
8 7 9 8
17 16 18 17
16 15 17 16
8 3 7 3
17 10 16 10
11 10 12 11
11 2 12 2
8 2 9 2
9 2 10 2
12 11 13 12
11 10 10 9
16 10 15 9
11 2 10 2
13 12 14 13
13 8 12 7
15 14 14 13
15 14 16 15
12 7 11 6
10 3 9 3
16 15 17 16
10 9 9 8
8 2 7 2
7 2 6 2
13 3 12 3
10 5 9 5
12 3 11 3
14 7 15 8
14 13 15 14
18 17 17 16
8 5 9 5
12 11 11 10
8 2 9 2
14 13 13 12
16 15 15 14
11 6 10 6
13 12 12 11
14 13 15 14
15 9 14 9
14 9 13 8
9 3 8 3
24 4 25 5
13 8 12 7
14 13 13 12
10 6 9 5
11 3 10 3
8 5 9 5
9 2 10 2
11 10 10 9
15 12 16 13
10 3 9 3
8 4 9 5
8 3 9 3
7 3 8 4
12 7 11 7
25 6 26 6
11 10 12 11
11 10 10 9
7 4 8 5
10 6 9 6
10 9 9 8
11 10 10 9
20 9 21 9
11 7 10 6
10 6 9 6
8 7 9 8
22 1 23 1
15 9 16 10
10 9 9 8
19 18 20 19
21 9 22 10
26 24 27 24
24 23 25 23
23 8 24 8
23 23 24 23
28 13 29 13
21 12 22 13
26 3 27 3
23 11 24 11
24 23 25 24
13 8 14 8
16 10 17 11
27 3 28 4
20 11 21 12
22 13 23 13
21 12 22 13
24 13 25 13
22 13 23 14
25 5 26 6
25 23 26 24
26 24 27 25
25 1 26 1
24 0 25 0
27 24 28 25
16 13 17 14
17 14 18 15
14 8 15 9
23 18 24 19
24 19 25 20
21 11 22 11
17 11 18 11
25 13 26 13
15 8 16 8
28 25 29 26
23 13 24 14
23 10 24 10
24 8 25 8
15 9 16 9
24 10 25 11
21 15 22 15
22 6 23 6
26 1 27 1
27 25 28 26
18 15 19 16
22 10 23 11
23 1 24 1
25 20 26 20
25 5 26 5
19 16 20 16
20 18 21 19
26 6 27 6
28 9 29 10
16 9 17 9
20 19 21 20
21 20 22 21
20 6 21 6
25 8 26 9
20 16 21 17
27 4 28 5
23 15 24 15
25 11 26 12
24 15 25 16
22 12 23 12
22 15 23 15
28 5 29 6
26 9 27 10
15 7 16 7
24 18 25 18
26 5 27 5
26 20 27 21
28 26 29 26
23 12 24 13
26 12 27 13
22 11 23 12
22 3 23 3
21 17 22 17
27 13 28 14
18 11 19 12
26 7 27 8
27 1 28 2
17 7 18 8
19 12 20 13
23 15 24 16
28 2 29 3
24 11 25 11
27 12 28 12
23 6 24 6
25 16 26 17
27 10 28 11
24 3 25 3
22 17 23 17
23 14 24 15
23 3 24 4
24 15 25 16
27 6 28 7
28 7 29 8
25 11 26 11
24 6 25 6
21 19 22 20
25 16 26 16
25 6 26 7
24 16 25 17
27 8 28 8
25 17 26 17
25 3 26 3
20 13 21 14
26 7 27 7
26 17 27 17
21 6 22 6
26 3 27 4
27 4 28 4
24 14 25 14
17 9 18 10
20 14 21 15
25 17 26 17
24 1 25 1
24 2 25 3
18 8 19 9
26 11 27 12
16 7 17 8
25 14 26 14
26 14 27 15
27 21 28 22
21 14 22 14
17 8 18 8
23 11 24 12
23 17 24 18
24 13 25 13
18 10 19 10
26 17 27 18
27 18 28 19
27 12 28 13
27 2 28 2
27 17 28 18
26 16 27 17
28 19 29 20
25 0 26 0
24 12 25 12
18 8 19 8
25 24 26 25
21 15 22 15
19 8 20 9
16 8 17 8
20 9 21 10
25 12 26 12
19 10 20 10
21 10 22 10
22 14 23 15
26 13 27 14
27 15 28 15
28 14 27 14
22 21 23 22
22 15 23 16
20 10 21 10
25 1 26 1
24 4 25 5
23 22 24 22
26 12 27 13
22 20 23 20
27 17 28 17
17 8 18 8
29 17 28 17
26 1 27 2
23 16 24 17
19 9 20 9
24 17 25 17
23 20 24 21
26 0 27 0
24 22 25 23
27 7 28 7
25 18 26 19
18 8 19 9
29 7 28 7
25 17 26 18
28 2 27 2
22 6 23 7
29 2 28 2
24 21 25 22
27 0 28 0
23 1 22 0
21 3 20 2
20 10 19 9
19 9 18 8
22 12 21 12
13 8 12 7
25 1 24 0
22 20 21 20
20 14 19 13
12 9 11 8
13 9 12 8
15 10 14 10
22 2 21 1
21 9 20 9
21 1 22 1
24 19 23 18
22 1 21 0
19 4 18 4
20 11 19 11
20 4 19 4
20 13 19 12
28 1 27 1
19 12 18 11
17 2 16 2
20 9 19 9
19 16 18 16
19 8 18 7
20 3 19 2
23 18 22 17
27 16 26 15
23 0 24 0
16 6 15 5
23 0 22 0
19 9 18 9
11 5 10 5
27 9 26 9
19 13 18 12
26 15 25 15
19 13 18 13
27 1 26 0
18 16 17 15
26 9 25 8
12 8 11 7
20 1 19 1
25 8 24 8
18 9 17 8
17 11 16 11
16 11 15 10
15 8 14 7
18 11 17 10
26 0 25 0
25 15 24 14
21 1 20 1
17 10 16 9
14 7 13 7
27 0 26 0
19 2 18 1
24 0 25 0
22 0 21 0
24 14 23 13
18 7 17 7
27 3 26 2
23 13 22 12
22 17 21 16
21 12 20 11
24 10 23 10
23 3 22 3
20 11 19 10
19 10 18 10
21 16 20 15
20 7 19 6
23 10 22 10
26 2 25 1
16 13 15 13
18 8 17 7
11 7 10 7
28 25 27 24
15 10 14 9
20 2 19 2
22 12 21 11
18 13 17 13
21 11 20 11
19 6 18 6
15 13 14 12
20 11 19 10
25 1 24 1
16 2 15 2
15 5 14 5
14 10 13 9
17 7 16 6
26 6 25 5
18 6 17 5
18 10 17 9
21 8 22 9
17 5 16 5
27 24 26 23
16 5 15 5
21 20 20 19
22 10 21 9
17 15 16 14
23 0 24 0
17 8 16 8
18 8 17 8
25 5 24 4
20 5 19 5
19 4 18 3
12 7 11 7
18 4 17 4
18 1 19 1
17 13 16 13
19 11 18 11
10 7 11 7
22 3 21 2
26 23 25 23
24 8 23 8
25 23 24 23
19 5 18 4
21 9 20 8
13 4 12 3
21 2 20 2
12 9 13 9
23 23 24 23
15 2 14 2
16 6 15 6
24 1 23 1
17 4 16 4
17 8 16 7
19 18 20 19
23 1 22 1
24 4 23 4
18 4 17 3
11 3 10 3
21 1 22 1
19 2 18 2
23 8 22 8
18 11 17 11
16 14 15 13
24 23 23 22
16 9 15 9
18 1 17 1
18 12 17 12
14 2 13 2
16 7 15 7
20 8 19 8
19 8 18 8
26 0 25 0
18 8 17 7
23 4 22 4
23 0 22 0
15 6 14 6
23 22 22 21
20 1 19 1
15 13 16 13
15 7 14 7
22 0 21 0
14 6 13 6
20 15 19 15
18 3 17 2
16 13 15 12
13 6 12 6
22 8 21 7
22 21 21 20
17 7 16 7
17 3 16 3
14 5 13 4
17 11 16 10
20 1 21 1
16 7 15 6
16 8 15 7
17 12 16 12
13 9 12 8
14 12 13 11
21 7 20 6
20 2 19 2
14 9 13 8
19 15 18 14
12 8 13 8
15 12 14 12
15 13 14 12
18 2 19 2
13 4 12 4
16 10 15 10
12 4 11 3
15 9 14 8
18 2 17 1
15 10 14 10
19 2 18 1
14 8 13 8
15 7 14 6
17 2 16 2
15 6 14 5
16 12 15 12
18 2 17 2
22 4 21 3
18 14 17 14
13 7 12 7
13 11 12 10
12 6 11 6
15 12 14 12
14 10 13 10
16 3 15 3
14 7 13 7
19 10 18 10
16 4 15 4
14 12 13 11
15 12 14 12
12 7 11 7
11 6 10 5
14 6 13 6
18 1 19 1
17 9 16 9
12 8 13 8
15 3 14 2
17 14 16 13
13 7 12 6
14 5 13 4
10 7 11 7
13 10 12 9
12 9 11 8
18 1 17 1
15 13 16 13
14 12 15 13
12 6 13 6
16 2 15 2
12 6 11 5
21 3 20 3
14 2 15 2
16 13 15 12
12 7 11 6
15 4 14 3
13 11 14 12
20 1 19 1
15 12 14 11
15 5 14 5
12 3 13 4
11 8 12 8
14 8 13 7
13 8 12 7
20 6 19 6
13 4 12 4
11 3 12 3
13 7 12 6
20 3 19 2
13 10 14 11
13 6 12 5
14 5 13 5
12 5 13 5
12 4 11 4
18 10 17 10
12 5 11 5
13 5 12 4
11 6 10 5
19 2 18 2
14 3 13 3
11 5 10 4
19 6 18 6
17 10 16 10
18 6 17 6
11 5 10 5
17 2 16 2
12 3 13 3
11 3 12 3
15 2 16 2
17 6 16 5
12 5 11 4
11 3 10 3
16 10 15 10
15 10 14 9
17 13 18 13
10 4 9 4
16 9 15 9
18 2 17 2
15 9 14 8
14 8 13 7
16 5 15 4
12 7 13 7
17 2 16 2
14 9 13 9
14 10 15 10
15 2 16 2
12 6 13 7
15 2 14 2
12 9 13 9
13 2 14 2
15 4 14 3
12 7 11 6
10 5 11 6
14 3 13 3
12 3 13 3
11 3 12 3
18 5 19 6
19 16 20 16
23 9 24 10
25 14 26 15
20 16 21 16
25 20 26 20
15 10 16 10
14 7 15 8
21 11 20 10
19 2 20 2
15 7 16 7
23 9 22 9
19 12 20 12
15 8 16 9
26 20 27 21
23 11 22 10
24 9 25 10
20 12 21 13
23 13 24 14
22 16 23 17
18 8 19 9
24 20 25 20
22 15 23 16
25 10 26 11
29 1 28 0
25 15 26 16
23 8 24 9
24 6 25 7
23 4 24 5
24 14 25 15
23 16 24 16
25 16 26 17
25 15 26 15
18 13 19 14
24 5 25 6
26 11 27 11
22 13 23 14
22 10 21 9
24 8 25 8
21 15 22 16
25 20 26 20
26 16 27 16
26 17 27 17
15 3 16 3
22 19 23 20
19 14 20 14
26 15 27 15
19 5 20 5
26 4 25 3
17 5 18 5
25 6 26 7
27 16 28 16
28 0 29 0
15 4 16 5
15 6 16 6
25 16 26 17
23 14 24 14
23 2 24 2
16 12 17 12
22 10 21 10
26 17 27 18
17 12 18 13
27 15 28 16
24 2 25 2
16 7 17 8
26 20 27 20
20 14 21 15
24 14 25 14
16 5 17 6
16 3 17 3
16 10 17 11
27 20 28 21
21 16 22 17
16 6 17 7
17 8 18 9
17 11 18 12
27 18 26 18
18 5 19 5
23 17 24 17
20 2 21 3
20 10 19 9
23 20 24 21
21 15 22 15
23 7 24 8
18 13 19 13
18 9 19 10
14 4 13 4
22 12 21 12
14 9 15 10
21 17 20 16
25 19 24 18
25 1 26 1
19 12 18 12
17 5 18 5
21 5 20 5
23 1 24 1
15 11 14 10
17 5 16 4
16 9 17 9
27 27 28 27
26 22 27 23
26 5 25 5
27 23 26 23
28 24 27 23
21 8 20 7
16 8 15 8
21 6 20 6
22 11 21 10
19 8 20 9
29 16 28 16
17 10 16 10
27 8 26 8
17 6 18 6
25 8 26 9
20 13 19 13
24 11 23 10
24 16 25 17
16 9 15 9
16 10 15 10
22 14 21 13
26 8 25 7
22 3 21 3
20 12 21 13
20 16 19 16
14 7 13 6
17 13 16 13
23 21 24 22
22 2 21 2
17 7 18 7
27 26 26 25
21 5 22 6
19 11 20 11
22 6 23 6
21 9 22 9
24 5 23 5
21 7 22 7
18 4 17 3
19 15 20 15
25 22 26 23
26 13 25 12
22 21 23 22
19 10 20 11
20 5 19 5
26 16 27 16
22 7 23 8
17 6 16 5
17 14 16 14
17 7 16 6
18 4 19 5
21 18 22 19
26 15 25 14
25 13 26 13
14 6 15 6
27 22 26 21
20 18 21 18
24 9 25 9
19 5 20 6
28 23 27 22
25 10 24 9
22 18 21 17
26 10 25 10
16 11 15 11
28 19 27 18
19 2 18 2
27 7 26 7
27 15 28 16
20 17 21 18
26 25 25 25
23 19 22 19
23 15 24 16
17 14 18 15
24 4 25 4
21 5 20 4
23 13 24 13
25 6 24 5
18 12 17 12
22 3 23 3
27 16 26 15
17 10 16 10
24 11 25 11
24 16 25 16
15 10 14 10
22 4 21 3
26 23 27 24
23 12 24 12
24 21 25 22
17 9 18 10
23 4 24 4
25 3 26 3
21 6 22 6
25 2 26 2
23 6 24 6
26 4 27 5
20 17 21 17
25 22 26 22
18 8 19 8
22 9 23 10
23 20 24 21
20 13 21 13
27 15 26 15
28 1 27 0
24 8 25 8
17 12 16 11
26 20 25 19
25 14 26 14
24 19 23 19
17 10 18 11
26 14 25 13
23 13 22 12
18 8 17 8
27 16 28 16
21 5 22 5
21 7 20 6
26 22 27 23
21 12 22 13
24 8 23 8
21 18 22 19
23 22 24 23
21 7 22 7
23 17 22 16
22 4 23 4
19 16 18 15
17 9 16 9
22 12 21 11
23 20 22 20
21 6 20 5
18 16 19 17
21 8 22 8
20 12 19 12
23 18 22 17
23 8 22 7
13 6 14 6
21 4 20 3
26 17 25 17
27 2 28 3
22 17 21 16
18 10 19 11
22 15 23 16
25 15 26 15
26 19 27 20
27 20 28 21
20 9 19 8
25 13 24 12
27 6 26 6
22 12 23 12
21 8 20 8
24 21 25 22
20 15 21 15
20 16 21 17
15 8 16 9
25 14 24 14
23 19 22 18
23 8 24 8
24 17 25 18
25 20 26 21
22 5 21 4
23 19 24 19
18 15 17 15
19 3 18 2
20 9 21 10
24 13 23 12
25 16 26 17
23 13 24 14
24 9 23 9
17 13 18 13
22 5 23 5
20 11 21 11
20 7 21 7
20 17 21 18
17 9 18 9
17 9 18 10
16 8 17 9
18 7 19 7
28 25 27 25
23 18 24 18
21 12 20 12
22 14 23 14
17 4 18 4
20 10 21 10
27 27 26 26
19 6 20 6
24 3 23 3
20 12 19 11
22 20 23 21
27 9 26 9
20 7 19 7
16 7 15 6
23 6 22 6
24 2 25 3
25 9 26 9
24 17 23 17
22 9 21 8
26 8 27 8
25 20 24 19
25 19 26 19
19 3 18 3
27 13 26 13
25 15 24 14
18 13 19 14
27 19 26 18
28 28 29 29
23 6 24 7
20 16 19 15
20 14 19 13
22 6 21 6
17 13 16 12
21 3 20 3
24 10 25 10
19 16 20 16
26 8 25 8
22 8 23 9
18 8 19 8
20 5 19 4
24 14 23 14
26 11 25 11
23 11 24 12
25 19 24 19
21 13 22 14
18 6 19 6
28 5 27 5
22 14 23 14
22 13 23 13
26 2 27 2
24 17 25 17
26 12 25 11
22 4 21 4
27 8 26 8
15 8 14 7
26 23 25 22
22 15 21 15
18 11 19 11
15 6 14 6
28 13 27 13
26 22 25 22
23 12 22 11
20 2 19 2
22 13 21 12
25 25 26 26
25 7 24 6
26 7 25 7
27 26 28 27
20 4 21 4
26 16 25 16
22 16 21 16
18 6 17 6
24 17 23 16
24 7 25 7
19 3 20 3
22 19 23 19
21 11 22 12
13 4 14 5
24 19 23 19
16 5 15 5
19 16 20 17
20 12 21 12
26 9 27 10
23 14 24 15
20 17 21 17
22 16 23 17
17 4 16 3
18 5 19 5
20 12 19 12
18 12 19 12
21 13 20 12
23 6 24 6
23 13 22 13
21 11 20 10
19 10 20 11
16 12 15 11
18 13 17 12
27 17 26 17
20 14 19 14
20 16 21 16
25 5 26 6
20 5 21 6
26 22 27 22
21 11 22 11
28 19 29 20
19 9 20 9
24 5 25 5
24 18 25 19
22 13 23 14
21 7 20 7
19 9 18 9
22 10 23 11
19 7 18 7
21 7 22 8
21 10 22 10
20 2 21 2
25 16 24 15
19 13 18 13
17 10 16 10
24 11 23 11
17 5 18 5
23 2 22 2
16 5 15 4
15 5 14 4
26 25 27 26
24 21 23 20
23 2 24 2
24 12 25 12
21 5 22 5
25 4 24 3
15 5 16 6
21 14 22 14
16 5 17 6
17 6 18 7
17 7 18 8
22 6 23 6
18 16 19 16
20 11 21 11
28 17 27 17
20 18 19 17
23 20 22 19
22 13 21 13
21 17 22 18
22 17 21 16
19 15 18 14
18 14 17 13
19 11 20 12
24 9 25 9
20 13 21 14
23 9 24 10
22 10 23 11
16 7 17 8
21 17 20 17
24 24 25 25
19 13 20 13
22 6 21 6
23 17 22 17
26 15 27 15
16 12 17 12
25 17 26 18
20 6 21 6
25 8 24 8
16 4 15 4
24 2 25 2
17 6 16 5
19 6 20 6
21 13 20 12
24 13 25 14
23 7 24 8
18 9 19 10
23 15 24 15
23 15 22 15
21 12 22 13
23 12 24 13
21 18 20 18
26 3 27 3
22 19 21 18
23 6 24 7
21 14 20 14
21 2 22 3
25 11 24 10
25 18 26 19
25 18 24 17
18 12 17 11
19 15 20 15
19 15 18 15
17 6 16 6
24 15 23 15
25 14 26 15
21 6 20 6
25 8 26 9
25 2 26 2
23 17 24 17
22 17 21 16
14 7 15 7
23 10 24 10
17 4 16 4
27 19 26 19
19 8 20 8
25 1 24 1
20 3 21 4
18 9 17 9
15 10 16 11
22 15 21 14
16 9 17 10
15 6 16 7
22 2 23 2
26 6 25 6
20 7 19 7
19 6 18 5
21 6 22 7
23 20 22 19
18 10 19 11
25 24 24 23
24 10 25 11
18 6 19 7
20 5 19 5
20 5 21 6
19 6 20 7
23 16 22 15
26 14 25 13
21 16 22 16
23 18 22 18
20 13 21 14
22 19 23 19
19 4 18 4
16 9 17 9
22 7 23 8
20 9 21 10
25 11 24 11
24 8 23 8
25 12 26 12
22 13 23 14
22 8 23 9
20 7 21 8
16 5 15 4
23 14 24 15
24 11 25 12
22 12 23 12
23 11 24 12
21 8 20 8
17 10 18 11
21 7 20 6
19 9 20 9
20 16 19 16
20 4 19 4
21 3 20 3
22 10 21 10
18 10 17 10
22 7 23 8
18 11 19 12
24 22 25 22
22 15 21 14
19 4 18 3
19 9 18 9
24 18 23 18
19 12 20 12
22 8 21 7
24 2 25 2
16 8 15 8
19 8 18 7
25 17 24 17
24 19 25 20
14 8 15 9
26 22 25 22
17 3 16 3
26 14 27 15
16 9 15 9
23 20 24 20
17 3 18 3
17 4 18 4
27 12 26 11
15 4 14 4
27 27 28 28
21 15 20 14
23 15 22 15
17 9 16 8
24 2 23 2
21 16 20 15
20 14 19 14
20 10 21 10
23 4 22 3
19 6 20 7
21 5 20 4
25 21 24 21
15 12 16 12
26 22 25 21
21 18 22 19
22 17 23 18
18 4 19 4
14 9 15 10
22 11 23 11
16 4 17 4
19 7 20 7
23 2 22 2
16 4 15 4
23 21 24 22
19 16 18 15
19 12 18 12
24 17 23 16
21 5 22 5
27 11 26 11
16 9 17 10
15 9 14 8
22 10 23 10
21 16 22 16
18 12 17 12
19 4 20 4
18 14 19 14
25 9 26 9
16 11 17 11
22 13 21 13
18 13 17 13
16 13 17 13
26 19 25 18
23 3 24 4
21 14 20 14
25 23 26 24
25 24 26 25
22 7 21 6
21 7 20 7
21 5 20 4
21 2 22 2
16 9 15 9
16 4 17 5
26 1 27 1
20 2 21 2
23 13 24 14
21 9 22 10
20 13 19 12
19 6 18 6
19 13 18 12
18 7 17 6
21 13 20 13
23 11 24 11
19 14 20 14
23 4 24 4
26 13 27 14
25 15 24 15
19 15 20 15
20 10 19 10
19 10 18 9
24 21 25 22
18 10 17 9
17 11 18 12
20 8 21 9
23 4 22 4
24 7 25 8
29 16 28 15
25 15 26 16
22 16 23 16
17 4 18 4
22 5 23 6
23 8 22 8
14 6 15 6
21 11 22 11
13 6 14 6
27 24 28 25
21 7 22 8
20 9 21 10
16 8 17 9
21 5 22 5
18 2 19 3
18 14 17 13
17 10 18 11
19 7 18 7
16 3 15 3
21 5 20 5
17 8 18 9
20 6 19 6
27 9 26 9
16 10 17 11
19 8 20 8
27 16 26 15
25 20 26 21
20 12 21 12
16 12 17 12
20 15 21 15
27 14 28 15
28 12 27 12
16 11 15 11
20 18 21 19
18 10 19 11
29 17 28 17
18 14 19 15
24 19 25 20
24 9 23 8
22 16 23 17
20 18 19 17
20 10 19 9
22 3 23 3
17 5 18 5
23 10 24 11
28 16 27 15
29 29 28 28
19 12 18 11
21 15 22 15
20 2 19 2
25 4 26 5
20 17 21 18
20 14 21 15
26 10 25 10
18 16 17 15
24 13 25 14
24 14 25 15
24 13 23 12
19 12 20 12
29 13 28 13
16 13 17 13
21 4 22 4
17 8 16 7
27 14 26 13
22 7 23 7
17 14 18 15
16 3 17 3
15 4 14 4
23 4 24 5
22 10 23 11
19 5 20 5
23 15 24 16
25 13 26 14
21 10 22 10
18 4 19 5
27 22 26 21
16 7 15 7
25 9 24 8
24 10 23 9
27 5 28 6
22 18 21 17
27 15 26 14
28 1 27 1
21 6 20 6
25 21 24 20
22 7 21 7
22 16 21 15
25 12 24 12
26 22 25 21
21 8 22 8
22 9 23 10
22 8 23 8
27 20 26 20
20 17 19 16
22 12 23 12
18 8 19 9
19 3 18 3
26 7 27 7
21 7 20 7
23 5 22 5
19 7 20 8
23 18 24 19
17 10 18 11
15 7 14 6
15 9 14 9
19 7 20 7
22 11 23 12
19 8 18 7
17 13 18 14
24 13 25 14
26 17 27 18
20 16 21 17
18 7 19 7
20 11 19 11
16 14 17 15
20 7 21 7
25 10 24 10
21 17 22 17
21 6 22 6
24 6 23 6
25 13 24 13
22 3 21 3
26 14 25 14
23 6 22 6
20 14 21 15
23 3 24 3
21 2 20 2
19 14 20 14
22 15 21 14
22 4 23 4
26 10 27 10
22 7 23 7
18 13 19 14
20 3 19 2
18 4 17 4
17 6 18 7
16 9 17 10
16 8 15 8
22 17 23 17
21 9 22 9
25 20 26 21
26 11 25 11
22 3 23 3
22 15 23 16
20 12 21 13
21 18 22 19
19 6 18 6
21 19 22 20
28 20 27 20
21 15 20 15
18 13 19 13
22 20 23 21
26 24 27 25
14 8 15 9
27 19 26 18
23 14 24 15
27 20 26 20
15 5 16 5
19 6 20 6
20 12 19 11
21 11 20 10
21 18 20 17
19 5 18 5
23 19 22 18
15 11 14 10
27 11 26 11
26 8 25 8
22 12 21 11
22 7 21 7
17 3 18 3
20 10 19 9
29 16 28 16
21 9 22 10
19 13 18 12
20 7 19 7
22 19 21 18
18 4 19 4
17 4 18 4
23 11 24 11
19 9 20 9
24 6 23 5
17 4 16 4
23 7 22 7
19 16 18 15
18 4 17 4
23 5 24 5
26 15 25 14
25 20 24 19
20 12 21 13
19 7 18 7
20 11 19 10
23 5 22 5
24 21 23 20
20 11 21 12
20 11 19 10
26 19 25 19
17 15 18 16
18 6 19 6
25 3 24 3
20 3 19 3
