2780
16 7 15 7
28 22 27 22
26 6 25 6
28 0 27 0
16 4 15 3
19 0 18 0
27 10 26 9
24 11 23 10
29 28 28 27
15 3 14 2
26 9 25 8
27 22 26 22
29 23 28 22
10 3 9 2
28 22 27 21
27 11 26 10
6 1 5 1
11 6 10 6
10 6 9 6
26 22 25 21
25 23 24 22
25 17 24 17
28 27 27 26
26 7 25 7
9 7 8 6
20 19 19 18
25 21 24 20
24 20 23 19
25 5 24 4
21 6 20 5
24 17 23 17
25 6 24 6
23 11 22 10
27 16 26 16
2 0 1 0
24 5 23 4
22 10 21 10
23 17 22 17
22 17 21 16
14 2 13 1
15 5 14 4
26 10 25 9
25 11 24 11
27 21 26 20
23 19 22 19
26 21 25 21
27 26 26 25
20 1 19 0
27 20 28 21
16 8 15 8
22 19 21 19
27 12 26 12
27 0 26 0
14 4 13 4
14 0 13 0
15 0 14 0
24 4 23 3
26 25 25 25
24 6 23 5
23 4 22 3
25 25 24 24
25 21 24 20
24 11 23 11
9 6 8 5
27 8 26 7
26 12 25 11
21 0 20 0
19 18 18 18
15 8 14 7
23 5 22 4
25 11 24 11
10 5 9 4
21 16 20 16
22 4 21 4
20 16 19 15
21 4 20 4
21 10 20 10
20 4 19 3
19 3 18 3
20 0 19 0
18 3 17 3
26 16 25 16
24 22 23 22
20 10 19 9
17 3 16 2
19 13 18 13
25 9 24 9
26 0 25 0
12 9 11 8
23 10 22 10
19 13 20 13
21 19 20 18
24 9 23 8
24 24 23 23
9 8 8 7
12 2 11 2
18 0 19 0
22 10 21 10
24 11 23 10
23 11 22 10
23 23 22 22
8 5 7 4
22 22 23 22
11 8 10 7
23 3 22 3
10 7 9 7
21 10 20 9
23 3 22 2
23 8 22 7
20 12 21 12
25 19 24 18
19 15 18 14
13 1 12 0
20 5 19 4
25 16 24 16
5 1 4 0
23 10 22 9
24 20 23 20
4 1 3 0
16 2 15 1
25 0 24 0
4 2 5 3
15 1 14 1
26 20 25 20
25 7 24 7
9 2 8 1
22 2 21 1
3 0 2 0
22 7 21 7
7 4 6 4
16 2 17 3
20 18 19 18
9 4 8 3
24 0 23 0
25 20 24 20
26 7 25 7
19 18 18 17
24 20 23 19
23 0 22 0
20 9 19 8
22 10 21 10
21 10 20 9
21 1 20 1
22 3 21 2
29 25 28 24
8 6 7 6
18 18 17 17
19 4 18 3
23 22 22 21
20 1 21 2
22 9 21 8
18 14 17 14
22 21 21 20
24 18 23 17
21 2 20 2
20 2 19 2
12 0 11 0
11 2 10 2
19 9 18 9
9 7 8 6
24 7 23 7
21 20 20 20
23 19 22 18
24 16 23 16
25 8 24 7
7 6 6 5
21 8 20 7
17 0 16 0
23 16 22 15
20 7 19 7
20 9 19 9
23 7 22 7
22 15 21 15
18 3 17 3
23 20 22 19
18 17 17 16
22 7 21 6
20 1 19 1
20 20 21 21
17 17 16 16
22 18 21 17
21 7 20 7
27 19 28 19
19 8 18 7
18 9 17 9
10 2 9 1
16 16 15 15
18 0 17 0
17 3 16 3
15 7 14 6
22 19 21 19
21 19 20 18
1 0 0 0
21 17 20 17
21 6 20 5
14 6 13 6
19 7 18 6
17 9 16 8
19 9 18 9
21 21 22 22
19 2 18 2
18 7 17 7
28 0 29 1
17 7 16 7
14 7 13 7
18 2 17 1
18 6 17 5
20 18 19 17
20 5 19 4
18 9 17 8
20 7 19 7
14 1 13 1
17 5 16 4
16 7 15 7
16 4 15 3
17 14 16 14
15 3 14 3
28 24 27 23
13 1 12 0
9 1 8 0
22 0 21 0
13 4 12 3
27 23 26 22
15 7 14 7
14 3 13 2
21 0 20 0
19 7 18 6
19 4 18 4
24 7 23 6
18 6 17 5
19 0 18 0
16 14 15 14
20 0 19 0
4 0 3 0
29 0 28 0
26 18 25 17
26 22 25 22
17 5 16 4
6 4 5 4
23 6 22 6
16 8 15 7
17 0 18 1
21 12 22 13
17 8 16 8
12 0 13 0
18 4 17 4
13 7 12 7
14 0 13 0
17 16 16 15
18 0 19 0
20 17 19 16
28 0 27 0
5 4 4 3
6 6 5 5
16 8 15 8
15 15 14 14
16 0 15 0
19 16 18 16
8 0 7 0
16 3 15 3
12 7 11 6
11 6 10 6
15 14 14 13
15 8 14 8
16 15 15 15
16 4 15 4
18 16 17 16
12 3 11 2
19 1 18 0
17 1 16 0
17 16 16 15
15 4 14 4
14 0 15 0
14 0 13 0
8 1 7 0
22 6 21 6
13 2 12 2
23 17 22 17
13 6 12 5
28 21 29 22
12 5 11 5
8 6 7 6
2 0 1 0
14 13 13 12
22 17 21 16
14 7 13 6
13 9 14 9
15 15 16 15
15 3 14 2
22 13 23 13
25 22 24 22
16 15 15 14
4 3 3 3
15 0 16 0
13 12 12 11
15 0 14 0
25 7 24 7
10 6 9 6
21 0 20 0
19 17 18 17
17 4 16 4
9 6 8 6
7 0 6 0
11 2 10 2
11 0 10 0
14 2 13 1
14 4 13 3
16 0 17 0
12 11 11 11
17 0 18 1
27 0 26 0
16 4 15 3
24 22 23 22
14 8 13 7
19 1 18 1
15 14 14 13
14 13 13 12
11 11 10 10
13 7 12 7
5 5 4 4
3 3 4 4
13 3 12 3
12 2 11 2
13 12 12 11
12 11 11 10
25 17 24 17
15 3 14 3
12 0 11 0
11 2 10 1
11 10 10 9
8 1 7 0
18 17 17 16
10 2 9 2
17 16 16 15
11 5 10 4
13 6 12 6
10 1 9 0
7 6 6 6
14 3 13 3
12 3 11 2
15 0 16 0
10 9 9 8
14 14 13 13
21 15 20 14
6 6 5 5
16 0 17 0
10 4 9 4
10 10 9 9
21 6 20 6
6 0 7 1
9 8 8 8
14 0 15 0
9 4 8 4
20 6 19 6
6 5 5 4
20 14 19 13
19 13 18 12
17 0 18 0
8 8 7 7
13 13 12 12
9 2 8 2
18 12 17 12
16 15 15 14
19 0 18 0
8 6 7 5
15 15 14 14
23 19 24 19
13 0 12 0
15 14 14 13
14 14 13 13
15 7 14 7
20 0 19 0
22 22 23 22
15 0 16 0
11 2 10 1
12 6 11 5
17 12 16 11
12 7 11 6
5 4 4 3
10 1 9 1
11 0 12 0
16 6 17 7
14 7 13 7
13 1 12 1
7 5 6 4
14 13 13 12
13 3 12 2
8 2 7 2
16 11 15 11
13 12 12 11
9 9 8 8
26 0 25 0
25 0 24 0
23 22 22 21
9 0 8 0
22 21 21 20
8 0 9 1
7 2 6 1
16 0 17 0
3 3 2 2
21 16 20 15
12 12 11 11
15 11 14 11
13 13 12 12
24 0 23 0
11 6 10 5
21 20 20 19
23 0 22 0
20 19 19 19
19 19 18 18
13 7 12 7
12 7 11 6
17 0 18 1
24 7 23 7
12 1 11 1
21 21 22 22
11 6 10 6
7 0 8 0
14 11 13 10
22 0 21 0
8 0 9 1
18 13 17 12
12 2 11 2
23 7 22 7
18 18 17 17
9 1 8 1
11 11 10 10
18 1 17 1
13 10 12 10
17 1 16 1
11 1 10 1
16 1 15 1
22 7 21 6
17 17 16 16
19 1 18 1
19 6 18 6
12 11 11 11
20 0 21 0
18 1 17 1
12 10 11 10
20 15 19 15
11 5 10 4
15 1 14 1
10 6 9 6
14 1 13 1
16 16 15 15
15 15 14 14
4 3 3 2
6 1 5 1
10 4 9 3
17 1 16 1
13 1 12 1
7 1 6 1
11 10 10 9
20 13 21 14
16 1 15 1
21 6 20 5
11 11 12 12
4 4 3 3
7 7 8 7
10 1 9 1
19 15 18 15
20 0 19 0
11 2 10 1
19 0 18 0
17 0 18 0
15 1 14 1
12 1 11 1
3 2 2 1
10 5 9 4
5 5 4 4
8 7 7 6
20 5 19 4
14 1 13 1
8 3 7 2
9 6 8 5
8 4 7 3
9 4 8 4
2 2 1 1
8 5 7 4
17 0 16 0
5 3 6 3
7 2 6 2
7 3 6 3
10 9 9 9
14 14 13 13
8 8 9 9
13 1 12 1
7 6 6 5
10 10 9 9
6 2 5 2
8 1 7 1
2 1 1 0
17 12 16 12
6 5 5 4
10 10 11 11
1 0 0 0
16 0 15 0
5 1 4 1
4 4 5 4
7 7 6 6
9 9 8 8
10 10 9 9
9 3 8 2
18 15 17 15
8 2 7 1
5 4 4 3
6 3 5 3
11 11 12 12
8 2 7 2
3 3 2 2
17 15 16 14
7 2 6 2
6 2 5 1
10 1 9 0
6 1 5 1
8 0 9 0
3 0 2 0
19 4 18 3
13 13 12 12
7 4 6 3
10 10 11 11
9 0 10 0
11 0 10 0
6 1 5 0
5 1 4 0
9 0 8 0
12 12 11 11
4 4 3 3
11 0 12 0
4 1 3 0
11 1 10 1
3 0 4 0
7 1 6 1
19 4 20 4
6 4 5 4
8 4 7 3
2 0 1 0
9 1 8 1
10 1 9 1
9 0 10 0
12 1 11 1
18 6 17 6
5 2 4 2
17 7 18 8
8 8 7 7
3 3 2 2
11 1 10 1
5 0 6 0
6 0 7 0
17 6 16 5
8 1 7 0
2 0 3 0
0 0 1 0
7 3 6 2
10 0 11 0
4 3 3 2
16 14 15 14
7 0 8 0
8 0 9 0
16 5 15 5
9 1 8 1
6 3 5 2
6 2 5 1
5 1 4 1
9 0 10 0
11 0 10 0
18 3 17 3
4 1 3 1
2 1 3 1
5 4 4 3
14 9 15 10
6 1 5 1
4 3 3 3
17 3 16 3
8 1 7 1
3 0 4 0
1 0 2 0
3 2 4 2
9 1 8 1
5 1 4 1
24 17 23 16
20 4 21 4
9 9 8 8
10 10 9 9
8 4 9 5
2 2 3 2
7 1 6 1
15 5 14 5
11 11 10 10
8 1 7 1
12 12 11 11
13 13 12 12
10 1 9 1
4 1 3 0
6 0 7 0
3 0 2 0
4 2 5 2
4 2 5 3
4 3 5 3
4 2 3 1
9 1 8 1
7 0 8 0
2 2 1 1
6 1 5 1
8 0 9 0
10 0 9 0
7 1 6 1
3 2 4 3
3 1 2 0
4 0 5 0
14 5 13 4
3 1 2 1
8 1 7 1
13 4 12 4
12 4 11 3
24 19 25 19
16 3 15 2
5 0 6 0
2 2 3 3
3 0 4 0
25 19 26 19
23 16 22 16
15 14 14 13
21 4 22 5
16 12 15 11
7 0 6 0
7 0 8 0
8 0 9 0
2 0 3 0
9 0 10 0
15 11 14 10
4 1 3 1
11 0 10 0
4 0 5 0
23 13 24 14
21 14 22 14
11 3 10 2
24 14 25 15
14 13 13 12
22 16 21 16
5 0 6 0
12 12 13 12
13 12 12 11
15 2 14 2
10 2 9 2
12 12 11 11
12 11 11 10
11 10 10 9
3 0 4 0
10 9 9 8
9 2 8 2
14 2 13 2
6 0 7 0
22 14 23 15
8 2 7 2
8 0 7 0
6 6 5 5
9 8 8 7
8 0 9 0
4 0 5 0
7 2 6 2
8 7 7 6
7 6 6 5
5 1 6 2
5 2 6 2
7 7 6 6
11 11 10 10
5 2 4 2
6 5 5 4
4 1 5 1
6 0 5 0
8 8 7 7
5 4 4 4
9 9 8 8
4 1 3 1
4 4 5 5
5 5 6 6
4 4 3 3
14 0 13 0
10 10 9 9
11 11 10 10
8 8 9 9
6 6 7 7
3 1 2 1
14 10 13 10
1 0 2 0
8 8 7 7
8 8 9 9
12 12 11 11
12 0 13 0
9 9 10 10
2 0 3 0
10 10 11 11
26 23 27 24
15 0 14 0
11 0 12 0
10 0 11 0
13 0 14 0
12 0 13 0
9 0 10 0
12 0 11 0
15 10 16 11
10 0 11 0
16 0 15 0
2 2 3 3
17 0 16 0
18 0 17 0
18 8 19 8
7 7 6 6
14 0 15 0
13 10 12 10
19 0 18 0
5 5 6 6
15 0 16 0
13 0 14 0
17 0 16 0
18 0 17 0
20 0 19 0
4 0 3 0
14 0 15 0
15 0 16 0
21 0 20 0
16 0 17 0
28 19 29 20
18 0 19 0
12 0 13 0
13 0 14 0
11 0 12 0
15 0 14 0
18 0 17 0
8 0 9 0
15 0 16 0
16 0 17 0
5 0 4 0
16 11 17 12
9 0 10 0
13 0 12 0
13 0 14 0
14 0 15 0
16 0 15 0
12 10 11 9
5 5 4 4
5 0 6 0
7 0 8 0
10 0 11 0
3 3 4 4
2 1 1 1
11 0 12 0
9 5 10 6
9 0 8 0
12 0 13 0
13 0 14 0
0 0 1 0
21 16 20 15
15 0 14 0
6 0 7 0
13 2 12 2
9 0 10 0
2 0 1 0
11 0 10 0
22 5 23 5
8 0 7 0
1 1 2 2
12 0 11 0
8 0 9 0
13 0 12 0
25 15 26 16
5 0 6 0
7 0 6 0
4 0 5 0
23 17 24 17
3 3 2 2
19 8 20 8
6 0 5 0
12 2 11 2
20 8 21 9
7 0 8 0
6 0 7 0
20 15 19 15
24 17 25 17
23 15 24 15
11 2 10 2
19 15 18 15
11 9 10 8
10 6 11 6
26 16 27 16
18 15 17 14
17 14 16 14
27 24 28 25
10 2 9 1
26 19 27 19
16 14 15 14
11 6 12 7
9 1 8 1
29 26 28 25
12 7 13 8
13 8 14 9
7 1 8 1
6 1 7 1
14 9 15 9
5 1 6 1
4 1 5 1
27 16 28 17
15 14 14 13
3 1 4 1
14 13 13 12
13 12 12 11
11 11 12 11
11 11 10 10
9 9 10 10
12 11 11 10
11 10 10 9
17 12 18 13
3 0 4 0
10 9 9 8
9 8 8 7
8 7 7 6
8 8 9 9
7 7 8 8
6 6 7 7
5 5 6 6
10 8 9 7
4 4 5 5
27 19 28 20
9 7 8 7
8 7 7 7
3 3 4 4
24 15 25 16
7 6 6 5
28 25 29 25
6 6 7 7
8 7 7 6
6 5 5 4
25 17 26 17
28 17 29 18
25 16 26 16
5 5 6 6
5 5 4 4
18 13 19 14
26 16 27 17
2 2 3 3
7 6 6 5
5 4 6 5
5 4 4 3
3 1 2 1
4 3 3 2
2 0 3 0
15 9 16 9
2 1 1 0
28 20 29 21
26 18 27 18
3 3 4 4
1 0 2 0
16 9 17 9
23 5 24 5
26 17 27 18
24 5 25 5
17 9 18 9
1 1 2 2
18 9 19 10
25 5 26 6
26 6 27 6
27 17 28 18
19 14 20 15
27 18 28 19
29 20 28 19
28 18 29 19
20 15 21 16
27 6 28 6
19 10 20 11
28 6 29 7
26 17 27 17
28 19 29 19
21 9 22 10
20 11 21 12
21 12 22 13
21 16 22 16
22 13 23 14
22 16 23 17
23 14 24 15
24 15 25 15
22 10 23 11
25 15 26 16
23 17 24 17
27 17 28 17
26 16 27 17
28 17 29 17
24 17 25 17
23 11 24 12
27 17 28 17
24 12 25 12
29 17 28 17
25 12 26 12
26 12 27 13
0 0 1 0
25 17 26 17
26 17 27 18
27 18 28 18
27 13 28 14
28 14 29 15
24 23 23 23
17 6 16 6
27 24 26 24
27 27 28 27
19 5 18 4
23 1 22 1
28 23 27 23
26 24 25 23
27 17 26 17
24 2 23 1
25 1 24 1
29 8 28 7
23 5 22 4
23 2 22 2
28 5 27 5
12 9 11 8
24 1 25 2
19 15 18 15
17 13 16 12
15 5 14 5
14 8 13 8
23 15 22 15
28 7 27 7
18 15 17 15
15 1 14 1
16 12 15 12
14 4 13 3
22 2 21 2
16 6 15 5
18 4 17 4
27 5 26 5
14 1 13 1
12 11 11 10
22 1 21 0
26 22 25 21
17 15 16 14
18 5 17 5
25 21 24 20
20 17 19 16
29 6 28 5
20 8 19 7
23 1 22 1
15 5 14 4
23 21 22 20
22 0 21 0
17 5 16 4
21 0 22 1
15 12 14 11
18 13 17 13
28 5 27 5
22 4 21 3
26 4 25 4
25 23 24 22
22 3 21 2
25 4 24 3
29 29 28 28
22 15 21 15
27 5 26 4
26 4 25 4
21 18 20 17
23 11 22 10
24 3 23 2
25 4 24 3
24 21 23 21
22 10 21 10
17 4 16 3
28 21 27 21
16 14 15 14
24 3 23 3
21 4 20 4
20 17 19 16
27 23 26 22
21 15 20 14
14 11 13 10
8 4 7 3
14 14 15 14
13 3 12 3
19 16 18 15
24 20 23 20
14 4 13 4
24 1 23 1
15 14 14 13
26 5 25 5
21 10 20 10
27 7 26 6
22 20 21 19
19 17 18 16
15 6 14 5
20 10 19 9
23 1 22 0
18 15 17 14
20 14 19 13
21 3 20 3
22 3 21 3
26 6 25 6
19 13 18 12
24 22 23 22
23 20 22 19
23 21 22 20
14 5 13 5
25 6 24 6
21 2 20 2
25 2 24 2
17 13 16 13
21 19 20 18
10 9 9 8
22 1 21 1
24 6 23 6
22 20 21 20
26 22 25 21
16 3 15 3
26 17 25 16
21 20 20 19
12 3 11 3
25 16 24 16
25 21 24 21
18 16 17 15
16 4 15 4
24 21 23 21
17 14 16 14
26 22 27 22
24 16 23 16
13 1 12 1
22 19 21 18
23 22 22 21
14 13 13 12
27 21 26 21
23 2 22 2
26 21 25 20
8 7 9 8
16 13 15 12
11 3 10 2
23 6 22 6
22 6 21 5
20 3 19 3
20 2 19 1
15 12 14 12
20 19 19 18
20 17 19 16
18 12 17 12
13 12 12 11
25 5 24 4
13 4 12 4
20 4 19 4
20 18 19 17
17 12 16 12
23 21 22 21
21 18 20 17
19 1 18 1
24 4 23 4
23 3 22 3
21 3 20 3
8 7 7 6
18 1 17 1
12 7 11 6
19 16 18 16
22 3 21 3
21 1 20 1
16 14 15 14
21 5 20 4
11 8 10 7
19 9 18 8
19 18 18 18
16 12 15 11
25 20 24 19
13 8 12 7
23 16 22 15
18 7 19 7
10 7 9 6
20 17 19 16
24 19 23 19
15 11 14 11
19 17 18 17
28 28 27 27
23 19 22 18
15 14 14 13
12 8 11 8
22 2 21 2
22 15 21 15
15 6 14 5
23 21 22 20
18 16 17 16
18 18 17 17
22 20 21 20
17 17 16 16
20 3 19 2
22 18 21 17
15 4 14 3
14 3 13 2
17 16 16 15
26 18 27 18
15 3 14 2
16 16 15 15
24 2 23 2
19 16 18 16
23 1 22 1
12 7 11 7
13 2 12 2
21 17 20 17
11 10 10 9
14 2 13 1
17 15 16 14
18 16 17 16
19 2 18 2
6 4 7 5
17 16 16 16
19 4 18 3
12 2 11 1
20 4 19 4
12 11 11 10
17 1 16 1
21 20 20 19
27 27 26 26
16 15 15 14
10 2 9 1
23 2 22 2
12 4 13 5
10 9 9 8
21 3 20 2
11 7 10 6
24 21 25 21
22 1 21 1
22 21 21 20
18 3 17 3
19 3 18 3
10 6 9 5
24 13 25 14
14 5 13 4
14 11 13 10
9 5 8 4
12 4 11 4
11 8 10 7
8 4 7 4
14 13 13 12
13 5 12 4
16 14 15 14
18 17 17 16
14 14 15 14
12 4 11 3
18 3 17 2
20 1 19 1
17 3 16 2
14 11 13 11
9 8 8 7
19 4 18 4
15 14 14 13
26 26 25 25
17 16 16 15
21 20 20 19
23 4 22 3
9 1 10 1
16 14 15 14
19 1 18 1
25 25 24 24
21 15 20 14
13 10 12 10
17 2 16 1
13 12 12 11
10 7 9 7
16 1 15 1
21 2 20 1
14 13 13 12
13 12 12 11
21 1 20 1
18 4 17 3
18 1 17 1
17 2 16 1
11 6 10 5
20 1 19 1
18 2 17 2
21 1 20 1
16 2 15 2
7 4 6 4
12 10 11 9
9 7 8 6
17 1 16 1
13 4 12 4
11 3 10 2
17 2 16 2
13 11 12 10
8 6 7 5
11 1 10 1
12 2 13 2
11 1 12 1
12 11 11 10
6 4 7 5
17 3 16 3
12 11 13 12
13 1 12 1
15 1 16 1
19 1 18 1
25 14 26 15
10 2 9 2
22 10 23 11
22 2 21 2
14 12 13 11
20 17 19 17
22 3 21 3
19 17 18 16
20 14 19 14
9 2 8 2
15 14 14 13
17 1 18 1
11 10 10 9
9 6 8 6
14 13 13 12
11 4 10 4
20 2 19 2
12 10 11 10
11 9 10 8
10 4 9 3
18 8 17 8
12 4 11 4
16 1 17 1
11 4 10 4
9 3 8 3
18 1 19 2
19 14 18 13
16 3 15 3
10 8 9 8
12 11 11 10
18 16 17 15
20 1 19 1
19 2 18 2
7 5 8 6
7 3 8 3
18 2 17 2
15 3 14 3
8 3 7 2
18 1 17 1
21 2 20 1
16 1 17 1
16 2 17 2
13 11 12 10
14 3 13 2
16 15 15 14
21 3 20 3
19 1 18 1
12 10 11 9
13 12 12 11
15 2 14 1
11 6 12 7
15 14 14 13
13 1 14 1
12 1 13 1
18 7 17 7
11 9 10 8
10 5 9 5
13 2 12 2
26 0 27 1
9 5 8 4
19 6 20 6
17 8 16 7
6 3 7 3
10 8 9 7
17 15 16 14
10 4 9 4
16 7 15 7
15 7 14 7
17 7 16 6
26 7 27 7
16 2 15 2
20 3 19 3
12 2 11 2
11 1 12 1
16 6 15 6
16 14 15 14
18 13 17 12
20 19 19 18
15 2 14 2
14 2 13 2
8 2 7 2
12 1 13 2
17 12 16 12
19 18 18 18
16 12 15 12
11 1 10 1
19 3 18 2
21 11 22 11
16 14 15 13
14 1 15 1
12 1 11 1
13 1 14 1
21 20 20 19
13 2 12 2
15 13 14 12
8 4 7 4
18 2 17 2
14 12 15 12
11 2 10 2
10 2 9 2
13 1 12 1
16 1 15 1
17 1 16 1
17 1 18 1
16 1 17 2
20 19 19 18
19 1 18 1
19 1 20 1
12 2 11 2
9 2 8 2
14 7 13 7
11 7 12 8
14 1 15 1
27 0 28 1
15 12 14 11
15 6 14 6
14 13 15 14
14 11 13 11
19 18 18 17
9 4 8 4
15 1 16 1
7 4 8 4
15 1 14 1
12 1 11 1
18 17 17 16
17 2 16 2
10 1 11 1
16 16 17 16
13 11 12 10
11 2 10 2
12 10 11 9
18 2 17 2
16 2 15 2
13 7 12 6
13 1 14 1
16 1 17 1
17 2 16 2
15 15 16 16
15 1 14 1
14 12 13 11
15 2 14 2
17 1 18 1
17 16 16 15
10 1 9 1
13 11 12 11
13 1 12 1
18 1 19 1
14 1 13 1
28 4 29 4
16 1 15 1
16 1 17 1
11 9 10 8
9 7 10 8
17 1 18 1
15 1 14 1
8 6 9 7
14 6 13 5
14 2 13 2
22 2 23 2
12 6 11 5
13 5 12 4
16 2 15 2
16 1 15 1
15 2 14 2
13 12 14 13
18 18 17 17
13 11 12 10
16 16 17 17
11 5 10 4
10 4 9 3
8 2 9 3
11 10 12 11
13 12 12 11
9 3 8 3
13 2 12 2
12 1 11 1
12 4 11 4
16 16 15 15
14 14 15 15
24 18 25 19
10 9 11 10
7 2 8 2
12 11 11 10
13 13 14 14
12 2 11 2
10 9 9 8
12 10 11 9
10 1 11 1
14 2 13 2
13 2 12 2
11 2 10 2
12 2 11 2
12 1 13 1
10 2 9 2
11 2 10 2
11 9 10 8
12 8 13 8
8 2 9 2
13 13 12 12
9 2 10 2
9 7 10 8
8 2 7 2
11 4 10 4
8 6 9 7
25 18 26 19
10 4 9 3
8 2 9 3
23 19 24 20
7 2 8 2
9 3 8 3
18 5 19 6
23 0 24 0
25 6 26 6
24 0 25 1
25 16 26 16
20 5 21 5
19 7 20 8
25 21 26 22
14 3 15 4
14 12 15 12
22 11 23 12
17 2 18 2
14 10 15 10
27 1 28 1
27 12 28 13
13 7 14 8
14 8 15 9
27 22 28 22
15 4 16 5
25 1 26 1
28 22 29 23
15 10 16 11
9 6 10 6
26 16 27 17
15 9 16 10
28 2 29 2
23 2 24 3
29 28 28 27
23 10 24 11
25 19 26 20
16 11 17 12
10 6 11 6
13 8 14 9
16 5 17 5
14 9 15 10
24 15 25 16
26 22 27 22
19 6 20 6
26 19 27 20
26 4 27 5
14 11 15 11
21 5 22 6
22 6 23 6
16 10 17 10
23 15 24 16
27 7 26 6
12 7 13 8
18 2 19 2
28 13 29 14
17 5 18 5
28 22 27 22
28 11 29 11
19 13 20 13
19 2 20 3
18 5 19 6
11 6 12 6
17 10 18 11
20 13 21 14
27 1 28 2
25 23 26 23
27 22 28 23
24 16 25 17
23 4 24 4
28 1 29 2
15 11 16 11
26 15 27 16
28 2 29 3
26 20 27 21
27 19 28 20
26 6 27 6
28 20 27 20
23 11 24 12
15 10 16 10
24 3 25 3
12 6 13 6
27 7 28 7
15 12 16 13
26 10 27 11
24 12 25 12
25 16 26 16
13 6 14 6
27 16 28 16
16 11 17 11
19 6 20 7
19 5 20 5
28 23 29 24
13 8 14 9
18 11 19 12
17 12 18 13
12 4 13 4
20 5 21 5
28 16 29 16
16 10 17 10
25 12 26 12
23 12 24 13
21 14 22 14
17 11 18 11
18 11 19 11
17 10 18 10
13 4 14 4
27 5 28 6
20 7 21 7
28 7 29 8
20 6 21 7
24 20 25 20
19 12 20 13
14 6 15 7
18 10 19 10
21 5 22 5
14 4 15 4
24 13 25 14
24 6 25 6
24 4 25 4
25 17 26 17
19 11 20 12
26 17 27 17
19 10 20 10
23 6 24 6
25 6 26 7
25 14 26 15
21 7 22 8
20 3 21 3
14 9 15 9
22 5 23 5
24 6 25 6
15 7 16 8
28 6 29 6
25 4 26 4
20 12 21 12
20 10 21 11
21 11 22 11
16 8 17 9
20 6 21 7
26 4 27 5
26 15 27 15
27 5 28 6
17 9 18 9
15 4 16 5
27 11 28 11
26 12 27 12
27 6 28 6
20 13 21 13
18 13 19 13
16 13 17 13
26 1 27 2
27 6 28 7
25 6 26 6
25 3 26 3
29 11 28 11
21 3 22 4
22 14 23 15
22 11 23 12
27 12 28 13
26 7 27 8
23 12 24 12
21 12 22 13
17 13 18 13
20 8 21 9
27 8 28 9
15 9 16 10
22 8 23 9
25 20 26 20
18 5 19 5
27 2 28 3
16 10 17 11
27 20 26 20
27 21 26 20
26 23 27 23
23 15 24 16
24 12 25 13
23 5 24 6
26 16 27 16
28 13 29 13
22 4 23 4
24 11 25 11
21 7 22 7
27 20 28 20
17 11 18 11
21 13 22 14
18 11 19 11
25 11 26 11
27 16 28 16
23 9 24 9
26 3 27 4
25 13 26 13
28 11 29 12
27 15 28 15
22 14 23 15
22 7 23 7
19 5 20 5
23 7 24 7
24 6 25 6
28 15 29 16
27 23 28 23
28 22 27 21
19 11 20 12
18 9 19 10
16 5 17 5
24 9 25 10
24 7 25 8
23 4 24 4
28 3 29 3
26 13 27 14
28 9 29 10
23 15 24 15
24 4 25 5
28 23 29 24
29 16 28 16
21 9 22 9
25 10 26 10
19 13 20 14
27 4 28 5
25 6 26 7
24 16 25 16
27 14 28 14
29 14 28 14
22 13 23 14
23 14 24 14
20 12 21 12
18 13 19 13
26 7 27 8
26 11 27 11
20 5 21 6
17 5 18 5
22 9 23 9
20 14 21 14
19 10 20 10
26 10 27 10
23 6 22 6
22 6 21 6
24 3 23 3
25 1 24 1
26 3 25 3
21 6 20 5
20 18 19 17
23 1 24 1
20 5 19 4
20 7 19 6
19 12 18 12
26 9 25 8
13 8 12 8
13 6 12 6
20 6 19 5
25 3 24 3
20 14 19 14
23 3 22 2
23 18 22 17
16 11 15 11
18 3 17 2
19 6 18 6
17 2 16 2
17 13 16 12
24 3 23 3
23 3 22 3
16 8 15 8
16 13 15 13
15 7 14 6
10 4 9 4
25 18 24 17
18 13 17 12
22 17 21 16
23 12 22 12
24 1 23 0
27 14 26 14
15 8 14 7
17 12 16 11
24 23 23 22
16 8 15 7
24 8 23 7
25 6 24 5
16 11 15 10
24 16 23 16
23 1 22 1
25 23 24 22
17 9 16 8
15 11 14 10
15 7 16 8
25 11 24 10
22 2 21 1
21 5 20 4
22 1 21 1
23 2 22 2
23 19 22 19
22 21 21 20
19 5 18 4
19 17 18 16
18 12 17 11
22 12 21 12
19 4 20 4
16 12 15 12
20 4 19 3
24 17 23 17
25 8 24 8
14 8 13 7
15 10 14 9
13 7 12 7
22 19 21 19
12 6 11 5
12 7 11 6
26 14 25 14
16 14 15 13
14 10 13 10
25 4 24 4
16 8 15 8
21 12 20 11
24 8 23 8
21 16 20 15
20 11 19 10
24 22 23 21
15 8 14 8
23 22 22 21
24 5 23 4
20 15 19 15
23 16 22 16
13 10 12 9
15 13 14 12
23 21 22 20
19 4 18 3
16 2 15 2
22 16 23 17
23 17 22 17
14 8 13 7
23 7 22 7
19 14 18 13
18 11 17 10
14 9 13 9
14 12 13 11
16 14 15 13
23 8 22 8
22 8 21 8
20 16 19 16
24 1 23 1
25 14 24 13
18 3 17 2
22 7 21 6
21 8 20 7
15 13 14 12
24 4 23 3
20 7 19 6
18 4 17 4
14 7 13 6
18 13 17 13
18 16 19 16
18 6 17 6
16 2 17 2
12 10 13 11
21 6 20 5
23 4 22 4
22 2 21 2
24 2 23 2
15 7 14 7
22 17 21 16
21 2 20 2
17 4 16 4
22 16 21 15
19 10 18 10
19 16 18 15
22 3 21 2
19 3 18 2
22 4 21 4
23 2 22 2
12 9 11 8
18 10 17 9
17 13 16 12
21 10 22 10
15 2 14 2
11 5 10 5
18 2 17 2
19 6 18 5
16 2 15 2
17 2 16 2
16 4 15 3
13 7 12 7
10 5 9 5
8 5 9 5
18 2 17 2
21 4 20 3
14 2 13 2
20 3 19 2
24 10 23 9
17 10 16 10
13 6 12 5
17 11 16 11
22 20 21 19
14 6 13 6
16 11 15 11
20 2 19 2
17 6 16 6
14 7 13 7
23 3 22 3
21 20 20 19
16 6 15 5
15 2 14 2
16 12 15 11
18 5 17 5
22 3 21 3
17 9 16 8
22 21 21 20
22 20 21 20
15 11 14 11
14 11 13 10
13 9 12 9
16 2 15 2
16 8 15 8
23 9 22 8
20 19 19 18
15 8 14 8
15 2 16 3
17 5 16 4
15 3 14 3
18 15 17 14
14 3 13 3
14 12 15 12
21 16 20 15
20 5 19 4
15 12 14 11
13 10 12 9
13 2 14 2
15 5 14 5
21 2 20 2
18 18 19 18
14 12 13 11
22 8 21 8
12 9 11 8
19 2 18 2
21 20 20 19
14 5 13 4
16 3 15 3
19 4 18 4
19 18 18 17
15 3 16 4
24 13 23 12
23 12 22 11
16 4 15 4
21 19 20 18
20 19 19 19
21 15 20 14
17 14 16 13
20 15 19 14
20 2 19 2
16 12 15 11
21 2 20 2
13 3 12 3
22 11 21 11
19 14 18 13
13 7 12 6
15 4 14 3
18 4 17 4
21 3 20 3
20 18 19 17
18 13 17 13
14 11 15 11
14 2 15 3
19 19 20 20
20 3 19 3
18 2 17 2
12 5 11 5
22 20 21 20
18 17 17 16
19 2 18 2
15 3 14 3
14 3 13 3
17 4 16 3
12 7 11 7
21 11 20 11
14 11 13 10
14 8 13 7
11 6 10 6
13 6 12 5
18 16 17 15
13 3 12 3
21 20 20 19
19 2 20 2
9 5 10 6
20 19 19 18
19 15 18 14
13 7 12 7
19 17 18 16
19 18 18 17
15 11 14 10
12 5 11 4
9 5 8 5
18 16 17 15
11 5 10 5
11 4 10 3
13 4 12 4
20 11 19 10
12 8 11 7
18 14 17 14
16 3 15 2
12 4 11 3
21 8 20 7
20 7 19 6
20 20 21 21
16 10 15 9
20 14 19 14
13 10 12 9
19 10 18 10
14 10 13 9
16 13 15 13
21 21 22 22
15 9 14 9
19 14 18 14
19 6 18 6
15 3 14 3
21 18 22 18
10 6 9 6
17 14 16 14
18 6 17 5
22 2 21 2
12 6 11 6
18 10 17 9
16 3 15 3
19 3 18 3
17 13 16 12
17 15 16 14
15 3 14 3
11 8 10 7
14 9 13 8
18 3 17 3
12 8 11 8
13 8 12 8
22 22 23 23
12 7 11 6
11 8 12 8
18 16 17 15
18 18 19 19
12 8 13 9
16 14 15 13
17 3 16 2
19 19 20 20
14 12 15 13
17 15 16 14
17 5 16 5
17 15 18 16
21 2 20 2
23 23 24 24
18 14 17 13
17 13 16 13
23 9 24 9
25 14 26 14
17 2 16 2
15 13 16 13
20 20 21 21
17 2 18 2
16 5 15 5
15 5 14 4
14 4 13 4
17 9 16 9
10 7 9 6
22 11 23 12
11 8 10 7
13 4 12 4
12 4 11 4
8 5 9 6
11 7 10 6
16 9 15 9
15 9 14 9
12 7 11 7
23 22 24 23
16 12 15 11
13 9 14 9
12 8 13 9
10 5 11 6
16 13 15 12
20 14 21 15
15 12 14 11
16 7 17 8
14 9 13 8
15 11 14 10
12 9 11 8
21 21 22 22
22 22 23 23
13 9 14 10
13 8 12 7
10 5 9 5
13 10 12 9
12 8 13 9
13 10 14 11
12 8 11 7
10 6 9 5
23 10 24 11
15 12 14 11
20 16 21 17
28 0 29 0
21 15 22 16
15 6 16 7
25 18 26 18
16 13 17 14
22 10 23 10
16 3 17 3
17 4 18 5
20 13 21 13
22 8 23 8
27 12 28 12
26 18 27 19
28 24 27 24
21 17 22 18
24 9 25 9
26 14 27 14
24 11 25 12
27 24 28 25
27 4 28 4
20 19 21 19
22 18 23 19
21 12 22 13
23 20 24 20
24 13 25 13
17 8 18 8
28 28 29 29
26 10 25 9
25 11 26 12
20 4 21 4
21 4 22 5
27 25 28 26
21 19 22 20
17 14 18 15
25 7 26 8
27 6 26 6
18 5 19 6
26 21 27 22
27 0 28 0
21 13 22 14
17 3 18 4
26 12 27 12
18 4 19 5
24 21 25 22
18 8 19 8
26 8 27 9
22 17 23 17
22 7 23 7
19 8 20 9
22 14 23 15
25 22 26 22
22 5 23 5
22 13 23 14
26 6 25 5
23 12 24 13
21 8 22 8
22 16 23 16
27 9 28 9
23 7 24 7
23 16 24 16
20 9 21 9
18 15 19 16
18 6 19 7
24 13 25 14
19 6 20 6
26 22 27 23
28 9 27 8
20 6 21 7
24 7 25 7
23 10 24 11
19 5 20 6
16 3 17 4
20 6 21 6
22 8 23 9
25 25 26 26
17 4 18 5
16 7 17 7
21 6 22 7
17 7 18 7
18 7 19 8
18 5 19 6
24 23 25 24
23 9 24 9
27 12 28 13
25 13 26 13
19 16 20 17
21 9 22 10
25 7 26 7
27 8 28 8
21 16 22 16
28 12 27 11
22 7 23 7
23 8 24 8
20 17 21 18
25 5 26 5
20 8 21 8
26 13 27 13
23 7 24 7
22 10 23 10
26 5 27 5
24 20 25 21
26 26 27 27
25 21 26 22
22 20 23 21
27 27 28 28
23 17 24 17
24 2 25 2
17 5 18 6
15 9 14 8
19 11 18 10
21 9 22 10
24 9 25 10
14 6 15 7
23 17 22 16
28 13 27 13
27 10 28 11
23 7 22 6
20 10 21 11
24 19 23 19
16 11 17 12
26 8 27 8
24 13 23 13
22 11 21 10
21 6 22 6
22 11 23 12
25 11 24 11
24 4 23 4
21 3 22 4
16 5 17 5
19 8 20 9
25 15 24 15
23 13 22 12
26 10 27 10
18 8 19 8
16 9 17 10
26 8 25 7
20 13 19 13
24 5 23 5
14 8 13 7
22 5 21 4
25 16 26 16
20 13 21 13
21 4 20 4
22 19 21 19
20 10 19 10
21 7 22 8
23 8 22 8
20 11 21 12
19 15 18 15
26 21 25 21
22 20 23 20
22 16 21 15
16 9 17 9
19 8 18 7
19 10 18 9
15 5 16 5
21 9 20 9
27 24 26 23
25 10 26 10
25 11 26 11
24 5 25 6
14 8 15 8
16 9 15 8
27 9 26 9
23 7 24 7
26 7 27 8
17 13 16 12
20 7 21 7
25 6 26 7
26 2 25 2
24 18 23 18
25 18 24 18
23 8 24 9
20 11 19 11
24 10 25 11
25 15 26 15
26 9 25 9
21 15 20 15
25 24 26 24
23 15 24 15
24 8 25 9
24 19 25 20
26 19 25 19
27 15 26 15
17 14 18 15
24 18 23 17
28 10 27 9
25 18 26 18
20 13 19 13
19 6 20 7
21 9 22 9
22 18 21 17
13 4 14 4
17 7 18 8
22 4 23 4
17 11 18 12
21 11 22 12
27 4 26 3
22 15 21 14
26 11 25 11
27 25 26 24
14 6 13 5
28 10 29 10
23 14 24 15
21 6 22 7
25 18 24 17
27 16 26 16
23 19 22 19
28 9 29 9
22 7 21 7
28 9 27 9
21 16 22 17
18 13 19 13
14 5 13 5
21 13 22 13
25 7 24 7
14 6 15 7
19 14 20 15
21 3 22 3
14 6 15 6
25 12 26 13
21 8 22 8
17 7 16 6
23 20 24 20
26 21 25 20
16 6 15 6
17 10 18 10
23 3 24 3
27 1 26 1
19 7 20 8
25 8 26 8
19 3 18 3
20 10 21 11
20 18 21 19
25 15 24 14
21 18 22 19
20 12 19 12
22 8 23 8
20 13 21 14
26 8 25 7
17 11 16 10
19 5 18 4
25 10 24 9
24 2 23 2
18 3 17 3
20 12 21 13
22 2 23 2
22 15 23 16
22 12 23 12
19 15 20 16
27 6 28 6
16 9 17 9
23 20 22 19
27 9 26 9
20 9 19 9
26 10 25 10
26 24 25 23
19 4 20 4
23 17 22 16
12 5 13 5
18 10 19 11
24 21 25 21
22 16 21 15
24 22 23 21
17 6 16 6
24 8 23 8
25 13 24 12
18 7 17 7
21 8 22 8
19 7 18 7
21 5 20 4
19 12 18 12
20 9 21 9
20 4 19 3
20 10 19 10
16 8 15 7
24 3 25 4
16 11 15 10
18 9 17 9
23 7 24 7
23 3 24 3
24 0 25 0
16 11 17 12
19 13 20 13
26 9 25 9
19 5 20 5
17 6 18 7
20 12 19 11
21 8 20 7
26 3 25 3
15 6 14 6
24 16 25 17
14 6 13 5
22 20 21 20
22 7 23 7
17 9 16 8
20 9 19 8
26 24 27 24
26 0 27 0
16 12 15 11
18 11 19 11
23 16 24 16
23 12 24 12
22 18 23 19
24 22 25 22
15 9 16 10
26 0 25 0
18 11 17 11
23 8 24 9
24 20 23 20
25 18 26 19
25 15 26 16
24 15 25 15
25 13 24 12
21 10 20 10
17 8 16 8
21 6 20 6
16 10 17 10
14 8 13 8
22 15 23 15
20 11 19 11
22 15 21 14
23 9 22 9
23 4 24 5
25 21 24 20
18 8 19 8
20 14 21 15
21 17 22 18
16 10 15 9
26 15 25 15
21 8 22 9
17 11 16 11
18 4 17 4
18 9 19 9
23 9 24 9
23 17 24 17
23 10 24 11
23 19 24 20
24 6 23 5
25 11 26 12
23 10 22 9
22 11 21 10
25 12 24 12
17 12 18 13
25 15 24 15
14 4 15 4
26 12 27 12
23 17 22 16
22 20 23 20
23 7 24 7
20 7 19 7
21 6 22 7
26 11 27 12
16 5 17 6
24 9 25 9
19 3 18 3
18 14 19 14
21 15 20 15
15 8 14 7
19 16 18 15
17 14 16 13
16 9 15 8
25 19 24 18
24 12 23 12
24 16 25 17
22 7 23 8
16 3 17 3
20 11 21 11
25 11 24 11
13 4 14 4
21 6 20 5
29 12 28 12
24 11 23 10
27 8 28 9
17 11 18 12
18 13 19 13
12 5 11 5
17 14 18 15
21 9 22 9
22 20 23 21
27 16 26 16
23 22 24 22
15 10 16 11
18 7 19 7
23 13 24 13
24 7 25 8
14 8 15 8
24 2 25 3
22 16 21 15
15 9 14 9
19 16 20 17
20 7 21 8
21 10 20 10
14 7 13 6
22 11 23 12
12 4 13 4
24 22 25 23
20 7 21 7
13 6 12 6
27 9 26 8
24 5 25 6
19 9 20 10
25 4 26 4
26 7 25 7
20 3 19 3
22 17 23 18
18 10 17 9
17 10 18 11
21 18 20 17
22 7 21 7
19 13 20 14
25 3 24 3
17 8 16 7
15 4 16 5
20 9 21 9
14 6 15 7
18 10 19 10
18 10 17 10
20 8 21 8
27 9 28 9
23 5 22 5
17 7 18 8
22 5 21 4
22 21 23 22
22 20 21 19
26 1 25 0
22 9 21 8
18 6 17 6
25 0 24 0
24 11 25 12
22 5 21 5
20 4 21 4
23 11 22 11
15 7 16 7
26 2 27 2
21 19 20 19
22 13 23 13
25 23 26 23
16 7 17 7
23 7 24 7
24 13 25 14
22 18 23 19
15 8 16 8
20 9 19 8
26 8 25 8
25 23 24 23
25 11 26 12
16 8 17 9
19 5 20 5
23 9 24 9
17 8 18 8
21 18 22 19
24 22 23 22
23 9 22 9
21 16 20 15
18 4 19 5
17 12 16 12
18 4 19 4
23 2 24 2
20 10 21 10
19 16 20 17
26 6 27 7
23 9 24 10
28 13 27 12
21 11 22 11
25 23 24 22
19 5 20 6
23 14 24 15
17 6 18 7
15 5 14 4
13 6 12 5
24 9 23 8
20 11 21 11
14 7 15 7
19 13 18 12
20 11 19 11
18 4 17 3
22 18 21 17
11 5 12 6
20 3 21 3
24 13 23 13
17 17 18 18
24 21 23 20
17 12 18 12
20 3 19 3
16 7 15 6
22 12 23 12
19 11 18 10
20 16 21 17
23 7 22 7
20 6 21 7
22 6 23 6
21 20 22 21
16 5 17 6
20 12 19 12
26 8 27 8
23 13 24 14
20 10 19 10
24 10 25 11
27 9 26 9
21 14 20 13
18 8 17 7
21 10 20 10
24 20 25 20
18 18 19 19
20 15 19 14
13 6 14 7
19 6 20 6
19 3 18 3
26 10 27 11
21 16 22 17
18 11 19 12
18 15 19 16
24 6 23 6
21 15 20 15
21 13 20 12
25 8 26 8
25 13 26 14
16 10 17 11
21 14 22 14
19 19 20 20
23 4 24 5
23 20 22 20
18 5 19 5
15 8 14 7
20 13 19 12
23 11 22 11
20 7 19 7
15 8 16 8
22 7 21 6
19 8 18 8
21 3 22 3
22 9 21 8
23 10 22 9
25 16 24 16
22 5 23 6
20 12 19 11
17 7 18 7
20 14 21 14
21 12 22 12
24 12 23 11
25 7 24 7
17 9 16 9
21 4 22 5
17 17 16 16
21 15 22 16
22 14 21 13
18 12 19 12
16 4 17 4
20 9 19 8
14 4 13 4
21 8 20 8
17 9 18 9
22 9 21 8
22 11 21 10
18 7 19 7
14 7 13 6
19 10 18 9
17 10 18 10
15 6 14 5
20 9 21 10
15 5 16 6
23 20 22 19
28 8 27 8
23 13 22 13
17 10 16 9
19 13 20 14
23 9 22 8
12 6 13 6
23 11 22 11
26 25 25 24
17 9 16 8
19 15 20 16
23 21 24 22
14 8 15 8
19 18 20 19
22 15 23 16
17 5 18 5
24 6 25 6
27 25 28 25
25 17 26 18
22 21 23 22
13 7 14 8
19 15 18 14
14 4 15 4
25 22 26 23
21 20 20 19
13 8 14 9
25 8 24 8
22 12 23 12
19 7 20 8
21 10 22 11
26 9 25 8
24 15 25 15
19 9 18 9
16 7 17 8
16 5 15 4
20 11 19 10
20 18 19 17
15 7 16 7
24 20 23 20
21 7 20 7
17 12 16 11
19 6 18 5
21 6 20 6
24 13 25 13
27 23 26 22
21 18 20 17
21 16 20 15
17 7 16 7
19 15 20 15
27 8 26 8
21 3 20 3
19 13 18 13
26 21 27 22
20 12 21 12
24 23 23 22
24 4 25 4
17 13 18 13
21 19 22 20
22 14 23 14
27 24 26 23
19 7 20 7
15 15 16 16
16 5 17 5
25 9 26 10
17 7 18 8
15 7 16 7
20 9 19 9
21 9 22 10
20 6 19 5
16 10 15 9
18 5 17 4
23 12 24 12
14 14 15 15
17 9 18 9
23 17 24 18
23 21 22 20
17 17 18 18
17 17 16 16
17 11 18 12
19 9 18 9
19 11 18 11
29 13 28 13
18 9 17 8
17 7 16 6
19 11 20 12
22 16 23 17
25 8 26 8
19 16 20 17
19 7 18 7
22 5 23 5
15 6 16 6
27 13 26 13
13 6 12 5
15 15 16 16
18 14 17 13
28 7 27 6
19 19 18 18
28 15 27 15
26 13 25 13
27 14 26 13
14 6 13 6
24 14 25 15
21 6 22 6
21 14 22 15
21 6 20 5
12 4 13 5
19 4 18 4
22 3 23 3
26 13 27 13
26 7 25 7
27 23 28 24
21 3 22 3
18 18 17 17
20 9 19 9
24 7 25 8
13 13 14 14
13 13 12 12
20 4 19 4
23 15 22 14
14 14 15 15
20 14 21 15
20 9 21 9
19 3 20 3
17 14 18 15
19 4 18 4
26 15 25 14
19 8 18 8
26 18 27 19
22 16 23 16
18 7 17 6
22 13 21 13
21 4 22 4
22 13 23 13
22 15 23 16
21 12 20 12
14 14 13 13
15 9 14 8
23 3 24 3
18 10 17 10
18 7 19 7
28 11 29 11
13 5 12 5
12 12 11 11
19 14 18 13
15 6 14 6
14 5 13 5
26 18 25 17
29 29 28 28
26 3 25 3
25 13 24 13
14 4 15 4
21 5 20 5
26 19 25 19
16 9 15 8
16 16 17 17
23 9 22 9
19 5 20 5
10 10 11 11
21 16 22 17
22 8 21 7
12 5 11 5
13 13 12 12
9 9 10 10
20 8 21 8
16 16 15 15
20 7 19 7
22 17 23 18
25 7 26 8
15 15 14 14
28 13 29 14
19 16 18 15
24 21 25 22
27 10 26 9
15 4 16 4
22 21 23 22
8 8 9 9
12 12 11 11
7 7 8 8
20 13 21 14
11 11 10 10
16 9 15 9
20 15 19 14
19 8 20 9
18 9 19 9
25 10 24 9
9 9 10 10
17 3 18 3
26 14 27 14
14 7 15 7
6 6 7 7
13 13 14 14
24 11 23 11
15 8 14 8
24 3 25 3
5 5 6 6
21 15 22 16
4 4 5 5
22 8 23 8
24 11 23 10
26 3 25 3
13 13 12 12
11 11 12 12
4 4 3 3
8 8 9 9
17 8 16 8
7 7 8 8
2 2 3 3
11 11 10 10
17 4 16 4
1 1 2 2
21 10 20 10
6 6 7 7
20 16 19 15
21 14 22 14
15 6 16 7
22 12 23 13
20 15 21 16
20 5 21 5
26 21 25 20
1 1 0 0
22 4 23 4
24 4 23 4
18 4 17 4
15 4 14 4
21 16 22 17
6 6 5 5
21 3 20 3
10 10 9 9
8 8 9 9
21 16 20 15
26 7 27 8
20 4 21 4
21 17 22 18
