2820
8 2 7 2
25 5 24 4
13 11 12 11
18 13 17 12
27 3 26 2
28 15 27 15
27 25 26 25
17 10 16 9
16 4 15 4
28 21 27 21
20 3 19 2
19 2 18 2
7 3 6 2
29 27 28 27
24 4 23 4
22 1 23 2
27 8 26 8
26 8 25 8
16 9 15 9
23 19 22 18
11 1 10 0
17 5 16 4
12 5 11 5
26 12 25 12
16 3 15 3
15 3 16 4
26 2 25 1
20 0 19 0
22 6 21 5
29 11 28 10
22 9 21 9
29 26 28 25
24 16 23 16
18 1 17 1
23 16 22 15
21 9 20 9
27 21 26 20
22 15 21 15
25 1 24 0
19 7 20 8
23 4 22 4
25 8 24 8
26 25 25 25
25 12 24 11
12 11 11 11
27 20 26 19
29 17 28 16
24 11 23 10
16 10 15 10
21 5 20 4
10 0 9 0
24 8 23 7
28 10 27 9
15 9 14 9
11 11 10 10
20 9 19 9
29 9 28 9
13 12 12 11
22 4 21 4
26 20 25 20
19 9 18 9
28 8 27 8
9 0 8 0
24 0 23 0
7 2 6 1
16 4 15 4
27 7 26 7
28 27 27 26
20 4 19 3
21 15 20 15
28 25 27 25
19 3 18 3
23 0 22 0
18 2 17 2
18 9 17 8
21 4 20 3
20 15 19 14
18 3 17 3
8 0 7 0
8 7 7 6
23 7 22 7
7 0 6 0
6 2 5 1
28 16 27 15
6 0 5 0
24 1 23 1
22 7 21 6
17 11 16 10
15 10 14 10
5 0 4 0
27 8 26 8
23 10 22 10
10 10 9 9
22 10 21 10
24 22 23 22
27 25 26 25
22 0 21 0
17 1 16 0
22 3 21 2
21 10 20 9
18 10 17 9
28 16 27 16
21 6 20 6
15 4 14 3
27 15 26 14
26 7 25 6
14 1 13 1
5 1 4 0
16 5 15 5
19 14 18 13
28 9 27 8
17 2 16 2
26 8 25 8
25 25 24 24
27 8 26 8
7 6 6 6
23 22 22 22
22 18 21 17
26 8 25 7
9 9 8 8
16 4 15 4
15 5 14 5
14 3 13 3
27 9 26 8
16 2 15 1
27 26 26 26
15 4 14 3
11 5 10 5
14 10 13 10
6 1 5 0
8 8 7 7
25 8 24 8
19 0 18 0
20 9 19 8
14 3 13 2
25 7 24 6
22 22 21 21
27 16 26 15
25 6 24 5
14 9 13 8
25 20 24 20
17 9 16 8
20 6 19 6
21 21 20 20
21 2 20 1
24 8 23 7
19 8 18 8
20 3 19 2
26 26 25 25
18 13 17 13
26 8 25 8
16 10 15 9
13 3 12 3
17 13 16 13
16 8 15 8
16 13 15 12
24 5 23 5
25 25 26 25
26 25 25 24
12 3 11 2
15 3 14 2
18 8 17 7
13 8 12 7
11 2 10 2
24 6 23 6
17 7 16 7
13 2 12 1
19 2 18 1
10 2 9 2
12 1 11 1
23 1 22 1
16 7 15 6
20 1 19 1
22 1 21 1
26 19 25 19
17 8 16 8
21 1 20 1
20 1 19 0
23 6 22 6
11 1 10 0
15 6 14 6
22 6 21 5
25 24 24 23
19 6 18 6
10 5 9 4
14 2 13 2
26 15 25 15
19 1 18 1
15 1 14 0
21 0 20 0
21 17 20 17
9 4 8 4
5 0 4 0
20 17 19 17
15 9 14 8
16 8 15 7
26 14 25 13
24 20 23 20
15 7 14 7
21 5 20 4
24 23 23 22
12 7 11 7
18 17 19 17
14 0 13 0
8 4 7 3
14 7 13 6
23 7 22 7
13 6 12 6
23 22 22 22
25 15 24 15
14 5 13 5
23 20 22 19
25 8 24 8
11 7 10 7
27 14 28 14
23 5 22 5
18 6 17 5
22 7 21 6
25 19 24 19
20 4 19 4
17 5 16 4
12 6 11 6
24 8 23 7
13 1 12 1
22 19 21 18
11 6 10 6
17 3 16 2
22 5 21 5
16 4 15 3
7 3 6 3
24 15 23 15
13 0 12 0
10 0 9 0
18 17 17 16
16 2 15 1
9 0 8 0
8 0 7 0
13 10 12 10
18 1 17 0
23 7 22 7
24 24 23 23
21 18 20 18
15 3 14 3
14 6 13 6
10 6 9 5
15 1 14 1
17 16 16 15
23 15 22 14
20 18 19 18
16 0 15 0
23 23 22 22
19 4 18 3
10 1 9 0
4 1 3 1
22 14 21 14
13 6 12 5
14 1 13 1
19 1 18 1
21 14 20 14
4 0 3 0
6 3 5 3
24 21 23 20
14 8 13 8
19 18 18 17
17 0 16 0
9 5 8 5
14 3 13 3
18 17 17 16
17 17 16 16
13 2 12 2
18 0 17 0
25 13 24 13
21 6 20 5
5 0 4 0
22 22 21 21
16 0 17 0
13 1 12 0
18 18 17 17
25 25 24 24
21 5 20 4
12 10 11 10
15 8 14 7
6 6 5 5
13 8 12 8
10 7 9 6
15 12 14 11
7 7 6 6
12 5 11 5
12 2 11 1
12 11 11 11
18 3 17 3
11 5 10 5
14 11 13 11
28 14 29 15
5 1 4 1
21 21 20 20
24 13 23 12
5 5 4 4
20 14 19 14
11 1 10 1
9 6 8 6
19 14 18 14
24 19 23 18
19 17 20 17
20 20 19 19
24 24 23 23
23 12 22 12
18 14 17 13
13 3 12 3
13 11 12 10
8 5 7 4
22 12 21 12
9 0 8 0
12 0 11 0
7 4 6 3
13 5 12 5
19 19 18 18
12 10 11 9
6 6 5 5
13 1 12 0
11 11 10 10
26 14 27 14
11 10 10 9
17 3 16 3
10 9 9 9
8 6 7 5
22 7 21 6
7 5 6 4
17 13 16 12
20 5 19 4
3 0 2 0
23 18 22 17
9 2 8 2
21 6 20 5
21 12 20 12
14 7 13 6
6 4 5 4
20 5 19 5
20 12 19 11
7 0 6 0
9 9 8 8
8 8 7 7
6 0 5 0
8 0 7 0
23 23 22 22
16 12 15 11
12 3 11 2
19 0 18 0
13 6 12 6
5 3 4 2
19 11 18 11
19 4 18 3
10 10 9 9
12 8 11 8
22 22 21 21
22 17 21 17
19 5 18 4
12 1 11 1
18 1 17 1
20 4 19 4
9 9 8 8
7 0 6 0
21 21 20 20
16 15 15 15
10 1 9 1
17 16 16 15
4 2 3 2
5 0 4 0
24 24 23 23
15 15 16 16
22 22 23 23
16 16 17 17
11 9 10 8
11 0 10 0
10 5 9 4
17 1 16 1
22 22 21 21
10 8 9 8
23 23 22 22
9 1 8 1
11 2 10 1
16 15 15 14
20 0 19 0
20 9 21 10
17 0 18 0
18 18 17 17
10 1 9 0
15 14 14 13
9 0 8 0
12 5 11 5
8 8 9 8
6 3 5 3
12 6 11 6
11 1 10 1
12 0 11 0
11 8 10 7
18 4 17 4
15 11 14 10
16 3 15 3
2 0 1 0
4 4 3 3
16 1 15 1
5 5 4 4
14 13 13 12
18 11 17 11
17 4 16 3
17 12 16 12
4 1 3 0
14 10 13 10
13 10 12 9
11 5 10 4
19 4 18 4
5 3 4 3
15 1 14 0
14 0 13 0
7 7 6 6
8 0 7 0
18 4 17 3
12 9 11 8
7 0 8 1
21 17 20 17
13 12 12 12
11 8 10 8
20 20 19 19
10 8 9 7
21 21 20 20
10 1 9 1
22 22 21 21
1 0 0 0
8 8 7 7
9 4 8 4
12 12 11 11
10 0 9 0
6 0 7 0
8 4 7 3
17 3 16 2
9 8 8 7
3 0 2 0
19 19 18 18
9 0 8 0
11 6 10 5
2 0 1 0
13 0 12 0
6 0 5 0
11 11 10 10
21 7 20 7
20 7 19 6
8 0 9 1
4 4 5 4
10 7 9 6
9 7 8 7
19 19 20 20
15 3 14 2
3 2 2 1
18 18 17 17
8 2 7 1
7 0 6 0
9 7 8 6
8 7 7 6
8 0 7 0
2 1 1 1
8 6 7 5
7 1 6 1
6 1 5 1
9 1 8 0
6 0 7 0
16 2 15 1
18 3 17 2
10 5 9 4
4 0 3 0
7 3 6 3
27 14 28 14
12 0 11 0
16 0 15 0
15 1 14 0
8 1 7 1
9 1 8 1
20 17 19 17
17 11 16 11
6 6 5 5
4 3 3 2
7 5 6 5
19 17 18 17
5 1 4 0
7 6 6 6
17 17 18 17
6 5 5 4
16 12 15 11
10 10 9 9
18 17 17 16
9 9 8 8
14 2 13 1
17 2 16 1
16 1 15 1
15 1 14 1
9 4 8 3
12 0 13 1
16 3 15 3
8 3 7 3
17 16 16 15
16 16 17 17
5 5 4 4
3 2 2 1
11 0 10 0
16 15 15 14
13 1 12 1
10 4 9 3
21 10 22 11
9 6 8 6
8 6 7 5
28 14 29 14
3 0 2 0
14 0 13 0
6 5 7 5
5 0 4 0
14 1 13 1
5 4 4 3
12 0 13 1
4 3 3 2
16 11 15 10
21 3 20 2
3 1 2 1
6 5 5 4
5 4 4 3
10 0 9 0
13 1 12 1
9 0 8 0
12 1 11 0
15 3 14 3
6 3 5 3
12 0 11 0
4 0 3 0
7 1 6 1
2 1 1 0
7 0 8 0
28 0 29 0
8 1 7 1
13 1 12 1
3 0 2 0
5 3 4 2
19 9 20 10
12 1 11 1
14 3 13 3
15 14 14 13
3 1 2 1
11 1 10 0
7 5 6 4
4 4 3 3
6 4 5 3
10 0 11 0
5 0 4 0
15 10 14 10
3 0 4 0
1 0 0 0
11 0 12 0
3 2 2 2
5 5 4 4
9 0 10 0
9 0 8 0
6 6 5 5
3 3 2 2
4 4 3 3
13 3 12 2
6 6 7 7
12 0 13 0
4 4 5 5
10 0 11 0
1 0 2 0
6 6 5 5
3 3 4 3
14 10 13 9
2 2 1 1
10 0 9 0
15 11 14 11
20 8 21 8
7 7 6 6
6 0 5 0
11 0 12 0
11 0 10 0
23 20 22 20
7 3 6 3
6 1 5 1
1 0 0 0
5 1 4 1
12 2 11 2
7 0 6 0
21 18 22 19
2 0 3 0
3 3 2 2
4 3 3 2
4 0 3 0
7 1 6 1
22 11 23 11
6 1 5 1
3 2 2 1
11 2 10 2
22 19 23 19
10 2 9 2
13 9 12 9
9 3 8 3
4 0 5 0
9 2 8 2
20 2 19 2
6 0 5 0
4 2 5 3
4 2 3 1
15 0 14 0
8 0 7 0
13 0 14 0
16 0 15 0
6 0 7 0
4 4 3 3
5 3 4 3
8 2 7 2
8 3 7 3
4 1 3 1
5 5 4 4
12 9 11 8
15 0 14 0
7 2 6 1
7 3 6 2
19 6 18 5
15 15 14 14
9 0 8 0
14 13 13 13
12 0 13 0
11 0 12 0
13 0 14 0
12 0 13 0
17 0 16 0
15 0 16 0
6 1 5 1
14 0 15 0
23 2 24 2
11 8 10 8
10 0 9 0
6 0 5 0
7 0 8 0
6 3 5 2
21 8 22 8
9 0 8 0
2 0 3 1
4 1 5 1
18 0 17 0
19 0 18 0
17 0 16 0
16 0 15 0
5 1 6 2
14 14 13 13
5 2 4 2
3 2 4 2
6 2 5 2
24 3 25 3
18 5 17 4
2 2 3 2
14 0 13 0
14 11 13 11
10 8 9 7
7 0 6 0
20 10 21 10
15 0 14 0
13 11 12 10
8 0 7 0
2 2 1 1
25 3 26 4
3 0 4 1
4 1 5 1
3 0 2 0
3 2 2 1
4 0 3 0
9 7 8 7
2 0 1 0
8 7 7 6
3 0 4 1
6 6 7 6
7 6 6 5
6 5 5 4
11 0 10 0
9 0 10 0
5 4 4 3
5 5 6 6
16 16 15 15
8 0 9 0
5 0 4 0
3 1 4 1
23 11 24 12
4 4 5 5
19 2 18 2
4 4 3 3
15 15 14 14
2 2 3 3
6 0 5 0
21 10 22 11
2 2 1 1
12 10 11 10
17 17 16 16
18 2 17 2
13 13 12 12
18 18 17 17
8 0 7 0
22 8 23 8
24 8 25 9
24 12 25 12
26 22 27 22
26 4 27 5
12 0 11 0
10 0 11 0
9 0 10 0
11 10 10 9
8 0 9 0
16 16 15 15
13 0 12 0
6 0 7 0
11 0 12 0
5 0 6 0
0 0 1 1
3 0 2 0
14 14 13 13
14 0 13 0
15 0 14 0
7 0 8 0
12 0 13 0
8 0 9 0
14 0 13 0
24 2 25 2
21 17 22 18
6 0 7 0
16 0 15 0
17 0 16 0
4 0 5 0
18 0 17 0
1 0 2 0
10 0 11 0
19 19 18 18
12 0 11 0
3 0 4 0
15 15 14 14
25 12 26 13
17 2 16 2
5 0 6 0
12 12 11 11
0 0 1 0
20 20 19 19
21 21 20 20
16 2 15 2
9 0 10 0
10 0 11 0
9 0 8 0
12 0 11 0
12 0 13 0
10 0 9 0
4 0 5 0
3 1 2 1
2 1 1 1
16 16 15 15
17 17 16 16
6 0 5 0
18 18 17 17
23 8 24 9
22 18 23 18
19 19 18 18
20 20 19 19
22 11 23 12
23 12 24 13
15 2 14 1
7 0 6 0
13 0 14 1
14 1 13 1
12 0 13 0
11 11 10 10
11 0 12 0
13 1 12 1
27 5 28 5
7 0 8 0
9 0 8 0
25 9 26 10
6 0 7 0
26 10 27 10
12 1 11 1
6 0 5 0
11 1 10 1
10 1 9 1
9 0 10 0
8 0 7 0
11 0 10 0
9 0 10 0
9 1 8 1
2 0 3 0
8 0 9 0
2 0 1 0
4 0 3 0
5 0 4 0
22 20 21 20
7 0 8 0
2 0 3 0
6 0 7 0
21 20 20 19
1 0 0 0
27 10 28 11
19 19 20 19
20 19 19 18
18 18 19 19
8 1 7 1
19 18 18 17
5 0 6 0
6 1 7 1
18 17 17 16
7 0 6 0
7 0 8 0
10 9 9 9
6 1 5 1
17 17 18 18
10 10 9 9
4 1 5 1
8 8 9 9
13 13 12 12
16 16 17 17
15 15 16 16
17 16 16 15
15 15 14 14
7 7 8 8
9 9 10 10
8 8 9 9
14 14 13 13
7 7 6 6
25 7 26 7
7 7 8 8
5 5 6 6
6 6 7 7
16 15 15 14
15 14 14 14
14 14 15 15
25 2 26 3
17 4 16 4
15 15 16 16
16 4 15 4
16 16 17 17
17 17 18 18
18 18 19 19
28 5 29 5
2 0 1 0
26 3 27 3
4 4 5 5
12 12 11 11
10 10 11 11
9 9 10 10
3 3 4 4
5 5 6 6
27 3 28 3
27 22 28 23
8 8 9 9
7 7 8 8
15 4 14 3
6 6 7 7
4 0 5 0
4 4 5 5
2 2 3 3
3 3 4 4
28 23 29 23
28 3 29 3
3 0 4 0
23 18 24 19
1 1 2 2
24 9 25 9
5 0 4 0
23 19 24 20
5 5 6 6
4 4 5 5
26 7 27 8
4 4 3 3
3 3 2 2
27 8 28 8
24 13 25 14
3 3 4 4
2 0 3 0
25 9 26 9
28 10 29 10
26 13 27 13
13 13 12 12
14 14 13 13
11 11 12 12
10 10 11 11
9 9 10 10
13 13 12 12
27 13 28 13
9 9 8 8
11 11 12 12
11 11 10 10
10 10 9 9
2 0 1 0
25 14 26 15
7 7 8 8
9 9 8 8
6 6 7 7
7 7 8 8
26 9 27 9
26 15 27 16
15 15 14 14
13 13 14 14
12 12 13 13
12 12 11 11
16 16 15 15
17 17 16 16
10 10 11 11
14 14 15 15
13 13 14 14
12 12 13 13
11 11 12 12
18 18 17 17
9 9 10 10
8 8 9 9
19 19 18 18
16 16 15 15
10 10 11 11
17 17 16 16
18 18 17 17
14 14 15 15
14 14 13 13
16 16 15 15
16 16 17 17
13 13 12 12
11 11 12 12
14 14 15 15
15 15 16 16
5 5 6 6
14 14 13 13
12 12 13 13
14 14 15 15
13 13 14 14
10 10 9 9
6 6 7 7
11 11 10 10
12 12 11 11
13 13 12 12
7 7 8 8
8 8 9 9
4 4 5 5
9 9 10 10
10 10 11 11
11 11 12 12
6 6 5 5
6 6 7 7
27 16 28 17
14 3 13 3
24 20 25 21
3 3 4 4
28 13 29 13
0 0 1 0
13 3 12 2
12 2 11 1
10 0 11 1
9 0 10 0
28 17 29 18
8 0 9 0
7 0 8 0
11 1 10 1
10 1 9 1
6 0 7 0
9 1 8 1
6 0 5 0
7 1 8 1
4 0 5 0
7 1 6 1
6 1 5 1
3 0 4 0
4 1 5 1
3 1 4 1
27 9 28 10
28 8 29 8
2 0 3 0
1 0 2 0
24 19 25 20
25 21 26 21
28 11 29 12
25 20 26 20
3 3 2 2
26 20 27 21
27 21 28 22
0 0 1 0
2 2 1 1
28 10 29 11
26 21 27 21
27 21 28 21
28 22 29 22
28 21 29 21
1 1 0 0
23 4 22 3
20 1 19 1
21 13 20 12
27 10 26 10
28 26 27 25
27 14 26 14
20 20 19 19
19 2 18 2
9 7 8 7
28 4 27 4
21 5 20 4
26 14 25 13
13 2 12 1
24 9 23 9
25 13 24 12
25 9 24 8
27 25 26 25
22 8 21 7
26 25 25 25
18 4 17 3
20 19 19 18
18 17 17 16
24 8 23 8
18 15 17 14
23 8 22 8
28 28 27 27
26 10 25 10
20 8 19 8
18 16 17 15
12 6 11 5
20 17 19 17
7 3 6 3
22 3 21 3
19 1 18 0
19 13 18 13
20 0 19 0
24 13 23 13
19 17 18 17
26 25 25 24
24 16 23 16
22 8 21 8
26 17 25 17
19 8 18 7
25 10 24 9
26 9 25 8
23 14 22 14
24 7 23 6
20 10 19 9
18 13 17 13
25 24 24 23
23 16 22 15
22 18 21 17
24 9 23 8
21 8 20 7
21 7 20 6
24 12 23 12
25 17 24 17
17 15 16 14
18 7 17 7
23 13 22 12
22 2 21 2
22 6 23 6
28 24 27 24
23 8 22 7
16 14 15 13
22 6 21 6
14 2 13 1
22 15 21 15
17 13 16 13
18 17 17 16
19 9 18 9
22 7 21 7
23 12 22 11
6 3 5 3
26 4 25 4
27 24 26 23
29 9 28 8
20 6 21 6
21 17 20 17
24 2 23 2
22 14 21 13
18 17 19 18
21 13 20 13
22 11 21 11
27 4 26 4
20 13 19 13
28 8 27 8
27 8 26 8
17 7 16 7
25 4 24 3
21 2 20 1
20 12 19 11
11 3 10 3
23 9 22 8
20 17 19 16
20 5 19 5
22 8 21 8
21 11 20 11
19 11 18 11
20 4 19 4
19 5 20 6
12 11 11 10
21 7 20 6
18 11 17 11
22 12 21 12
21 8 20 8
26 4 25 4
20 11 19 11
8 7 7 6
20 8 19 8
26 23 25 22
25 8 24 7
20 7 19 6
13 8 12 7
21 6 20 5
19 16 18 16
23 2 22 2
24 17 23 17
17 14 16 14
27 27 26 26
21 7 20 7
17 16 16 15
16 7 15 6
25 25 24 24
21 15 20 14
14 4 13 3
16 13 15 12
16 14 15 14
19 11 18 11
24 8 25 8
10 3 9 3
13 4 12 4
17 11 16 10
20 7 19 7
11 5 10 4
25 4 24 4
25 9 26 10
17 3 16 3
18 16 17 15
15 6 14 5
26 8 25 8
29 19 28 19
16 10 15 9
24 3 23 3
19 8 18 7
12 4 11 3
14 5 13 5
16 3 15 3
24 24 23 23
18 9 17 8
20 1 19 1
26 26 25 25
10 4 9 4
22 2 21 2
20 14 19 14
18 11 17 11
19 13 18 13
18 2 17 2
19 6 18 5
21 3 20 2
15 14 14 13
16 15 15 14
21 12 20 11
11 3 10 3
14 13 13 12
18 13 17 13
12 7 11 7
23 3 22 3
15 9 14 8
25 8 24 8
13 3 12 3
15 3 14 3
13 5 12 4
20 6 19 6
23 17 22 17
7 6 6 5
24 8 23 7
22 1 23 2
10 3 9 2
19 1 18 1
17 11 16 10
25 17 26 17
20 2 19 2
24 4 23 3
19 4 18 3
11 10 10 9
12 3 11 2
13 1 12 1
16 10 15 9
19 14 18 13
25 25 24 24
21 2 20 2
19 6 18 6
22 3 21 2
18 17 17 16
9 3 8 3
17 13 16 13
24 24 23 23
15 12 14 12
15 14 14 13
20 5 19 4
17 15 16 15
18 13 17 13
11 2 10 2
16 15 15 14
28 19 27 19
18 6 17 5
20 2 19 1
23 7 22 7
21 2 20 2
16 13 15 12
19 18 18 17
24 23 23 22
18 5 19 5
27 19 26 19
9 8 8 7
10 2 9 1
25 22 24 21
18 7 17 6
20 2 19 1
22 17 21 16
14 3 13 3
19 4 18 4
13 12 12 11
17 13 16 12
24 21 23 20
15 9 14 8
18 3 17 3
12 4 11 4
14 12 13 12
22 7 21 7
23 22 22 21
21 7 20 7
14 8 13 7
18 1 17 1
18 4 17 4
9 2 8 2
13 3 12 3
23 20 22 20
11 7 10 6
17 3 16 3
15 9 14 8
14 8 13 8
12 3 11 3
17 2 16 1
13 7 12 6
26 19 25 19
11 4 10 3
19 1 18 1
20 2 19 1
22 20 21 20
17 6 16 6
20 7 19 7
21 20 20 19
21 16 20 16
17 1 18 1
13 12 12 11
28 9 29 9
18 1 19 2
17 5 16 5
25 20 26 21
17 4 16 4
12 6 11 5
22 21 21 20
23 23 22 22
19 7 18 6
17 1 16 1
10 3 9 2
24 24 23 23
11 5 10 5
15 13 14 12
23 3 22 3
13 8 12 7
9 2 8 2
10 6 9 5
12 11 11 10
16 5 15 4
8 7 7 6
16 6 15 5
9 5 8 4
21 20 20 20
20 7 19 6
19 5 18 4
22 3 21 2
18 5 17 4
16 3 15 3
15 5 14 4
19 14 20 15
20 19 19 18
19 18 18 17
19 6 18 5
15 4 14 3
16 12 15 11
18 4 17 3
8 2 7 2
11 3 10 3
14 4 13 4
9 2 8 2
20 16 19 16
17 16 16 15
16 4 15 4
18 5 17 5
20 11 19 10
15 14 16 15
17 5 16 4
21 2 20 2
17 1 18 1
13 12 12 11
19 1 18 1
10 3 9 2
17 3 16 2
19 16 18 16
18 17 17 16
12 1 11 1
14 12 13 11
7 2 8 3
13 4 12 3
22 22 21 21
9 4 8 4
14 3 13 3
15 4 14 4
18 16 17 15
18 6 17 6
17 6 16 6
12 7 11 7
15 3 14 2
21 21 20 20
16 15 17 16
19 10 18 9
13 1 12 1
11 7 10 6
13 3 12 2
17 15 16 15
17 15 16 14
17 4 16 3
16 15 15 14
17 1 16 1
10 6 9 5
23 23 22 22
19 2 18 2
8 3 7 3
16 14 15 13
15 12 14 11
12 3 11 3
14 13 13 12
14 11 13 10
14 4 13 4
10 9 9 8
16 6 15 5
22 22 21 21
16 4 15 3
20 2 19 2
7 3 6 3
17 8 16 7
16 2 15 2
15 13 14 13
16 7 15 7
14 13 15 14
15 14 16 15
15 3 14 3
24 7 23 6
13 11 12 10
12 10 11 9
25 19 24 19
15 2 14 1
19 18 18 17
9 8 8 7
16 3 15 3
5 3 6 3
14 3 13 2
11 1 10 1
13 4 12 3
11 3 10 3
15 7 14 6
12 1 11 1
18 2 17 2
14 1 13 1
12 2 11 2
7 6 8 7
14 2 15 3
17 2 16 2
11 2 12 3
15 5 14 5
18 9 17 8
24 19 23 18
18 17 17 16
8 4 7 4
24 4 25 5
15 3 14 3
11 10 10 9
14 5 13 4
23 6 22 6
15 11 14 11
10 5 9 4
6 3 7 4
14 6 13 5
13 1 12 1
13 10 12 9
13 4 12 4
17 8 16 7
6 3 5 3
12 4 11 3
11 9 10 8
12 9 11 9
6 5 7 6
13 2 12 2
12 11 11 10
14 2 13 2
14 3 13 3
10 1 9 1
10 8 9 7
24 11 25 12
16 2 15 1
12 3 13 3
12 1 13 2
16 7 15 6
16 1 15 1
11 3 10 2
14 11 13 11
11 9 10 8
13 3 12 2
13 11 12 11
12 11 13 12
13 5 12 5
15 6 14 6
23 18 22 18
9 5 8 4
17 6 18 7
9 4 8 3
12 2 13 2
22 18 21 17
10 8 9 8
14 13 13 12
10 9 9 8
10 9 11 10
24 18 25 19
19 2 18 2
11 1 10 1
9 2 10 2
12 1 11 1
17 1 16 1
14 6 13 5
18 2 17 2
8 3 7 3
14 13 15 14
17 1 18 1
13 5 12 4
15 1 14 1
19 9 20 10
8 2 9 2
17 2 16 2
10 1 11 1
11 10 12 11
22 6 21 5
16 1 15 1
12 11 13 12
8 7 9 8
9 2 10 3
12 3 11 3
9 7 8 6
16 2 15 2
12 11 11 10
12 5 11 5
10 3 9 3
15 2 14 2
16 15 15 14
17 16 16 15
11 10 10 9
21 5 20 5
12 4 11 4
20 5 19 5
7 4 6 4
17 16 18 17
14 13 13 12
13 2 14 2
19 10 20 11
13 3 12 3
19 5 18 4
14 2 13 1
14 13 15 14
13 1 14 1
15 1 14 1
9 2 8 2
11 4 10 3
12 1 13 1
13 1 14 1
9 3 8 3
9 8 10 9
9 8 8 7
12 1 11 1
11 5 10 4
11 3 10 3
11 10 10 9
17 1 16 1
8 4 7 4
10 5 9 5
13 1 12 1
10 3 9 3
7 6 8 7
12 11 11 10
9 3 10 4
10 2 11 2
18 4 17 4
16 15 15 14
8 7 9 8
17 4 16 3
16 1 15 1
16 3 15 2
14 1 15 1
18 1 17 1
13 1 14 1
9 3 8 3
19 1 18 1
15 2 14 2
21 17 20 16
13 2 14 2
17 1 16 1
9 5 8 5
17 16 16 15
12 2 13 2
9 3 10 4
15 1 16 1
12 2 11 2
11 2 10 2
8 3 7 3
9 2 10 2
10 4 9 4
12 2 13 2
13 2 14 2
7 3 6 3
17 1 18 1
20 16 19 16
19 16 18 15
18 15 17 14
10 7 11 7
9 4 8 4
8 4 7 4
17 14 16 14
8 5 7 5
9 2 8 2
7 5 8 6
16 14 15 13
7 5 6 4
6 4 5 3
15 13 14 12
13 12 14 12
11 3 10 3
6 3 5 3
14 12 13 11
13 12 12 11
14 11 15 11
12 3 11 3
11 7 12 7
12 11 11 10
11 10 10 9
23 14 24 15
10 5 11 5
9 8 10 9
9 8 8 7
28 25 29 26
11 4 12 4
8 7 7 6
12 4 13 4
7 6 6 5
12 7 13 8
13 11 12 10
14 12 15 13
21 16 22 16
24 7 25 7
23 20 24 20
12 10 11 9
9 6 10 6
11 9 10 8
20 10 21 10
10 8 9 7
25 5 26 5
15 11 16 11
8 6 9 7
25 19 26 19
26 8 27 9
8 6 7 5
27 8 28 8
13 8 14 9
26 21 27 22
21 10 22 11
22 11 23 11
21 12 22 12
19 15 20 15
17 14 18 15
15 8 16 8
14 4 15 4
26 5 27 6
27 9 28 9
25 7 26 7
13 4 14 5
22 6 23 7
14 5 15 5
11 5 12 6
24 24 25 25
15 13 16 14
17 11 18 12
20 15 21 16
18 15 19 15
24 20 25 21
21 16 22 17
21 9 22 10
27 6 28 7
16 14 17 14
25 21 26 22
22 16 23 16
14 9 15 10
20 11 21 12
10 6 11 6
22 14 23 14
15 5 16 6
26 23 27 23
17 14 18 14
22 12 23 12
27 22 28 23
23 17 24 18
16 8 17 8
24 18 25 18
18 15 19 16
24 15 25 15
11 6 12 7
22 17 23 18
25 15 26 15
23 2 24 3
13 5 14 6
12 6 13 7
12 7 13 8
26 15 27 16
18 14 19 14
20 16 21 17
15 10 16 10
28 23 29 24
16 11 17 11
23 16 24 16
23 14 24 15
21 9 22 9
26 17 27 17
23 7 24 7
19 14 20 14
19 15 20 15
25 12 26 12
17 8 18 9
18 9 19 10
15 4 16 4
22 10 23 10
27 16 28 17
20 8 21 9
18 7 19 8
18 12 19 13
26 19 27 20
24 16 25 17
23 11 24 12
24 3 25 4
27 20 28 21
16 4 17 5
16 10 17 10
19 10 20 10
17 11 18 11
24 12 25 13
25 4 26 4
22 9 23 9
23 10 24 10
20 10 21 11
19 16 20 17
13 8 14 8
19 8 20 8
20 17 21 18
26 10 27 10
23 12 24 13
25 13 26 13
28 17 29 17
20 8 21 8
13 7 14 7
26 22 27 22
14 6 15 6
24 13 25 14
25 25 26 26
23 9 24 9
16 6 17 7
21 11 22 12
17 5 18 6
24 15 25 15
24 9 25 9
20 15 21 16
21 16 22 16
22 12 23 12
25 14 26 14
14 7 15 7
15 6 16 6
14 8 15 9
19 13 20 14
26 12 27 13
27 10 28 11
28 7 29 7
25 9 26 9
22 16 23 16
25 15 26 15
21 9 22 9
26 26 27 27
25 18 26 18
24 7 25 8
26 14 27 14
26 4 27 5
24 10 25 11
20 14 21 14
26 13 27 13
17 10 18 10
26 9 27 10
21 12 22 12
27 5 28 5
25 17 26 17
26 1 27 1
25 11 26 11
18 11 19 12
21 17 22 18
22 18 23 19
23 18 24 18
21 8 22 8
23 19 24 19
26 11 27 12
22 12 23 13
15 9 16 10
17 7 18 8
23 12 24 12
26 15 27 15
27 15 28 16
19 13 20 13
27 14 28 14
29 16 28 16
28 14 27 13
27 17 28 17
16 6 17 6
22 8 23 9
29 17 28 17
27 13 28 13
27 10 28 10
23 13 24 13
26 7 27 7
18 6 19 6
27 12 28 12
16 10 17 11
19 12 20 12
17 6 18 6
24 13 25 13
23 16 24 16
20 13 21 13
24 18 25 19
27 22 28 23
23 9 24 9
21 18 22 19
25 19 26 19
24 16 25 17
17 11 18 12
18 6 19 6
15 7 16 7
24 9 25 9
27 7 28 7
22 9 23 10
28 23 29 24
20 12 21 12
18 6 19 7
23 10 24 11
25 9 26 10
19 7 20 7
16 7 17 8
24 19 25 20
21 14 22 14
21 13 22 13
18 10 19 10
26 18 27 19
22 19 23 20
18 12 19 12
27 27 28 27
24 11 25 12
22 13 23 14
17 8 18 9
26 10 27 11
22 14 23 15
19 10 20 11
20 11 21 11
28 20 27 19
25 20 26 21
15 9 14 9
14 10 13 9
14 9 13 8
27 5 26 4
19 3 18 2
16 13 15 12
25 25 24 24
21 18 20 18
18 10 17 9
12 3 13 3
26 24 25 23
15 6 14 5
16 2 15 2
27 5 26 5
26 5 25 4
11 8 10 7
19 16 18 16
17 12 16 12
23 23 24 24
19 11 18 10
26 16 25 16
26 23 25 22
16 6 15 5
28 3 27 2
16 12 15 11
13 6 12 6
25 16 24 15
25 22 24 21
25 9 24 9
14 5 13 4
9 5 8 5
19 8 18 8
24 20 23 20
24 21 23 21
27 2 26 2
22 9 21 8
18 10 17 10
12 7 11 7
13 8 12 7
21 7 20 7
22 18 21 17
23 8 22 8
21 17 20 16
18 11 17 11
18 15 17 14
20 16 19 16
26 2 25 1
20 1 19 1
24 0 23 0
15 12 14 11
20 18 19 17
22 8 21 7
23 7 22 6
22 6 21 5
13 9 12 8
25 1 24 0
19 16 18 15
25 23 24 23
27 18 26 17
23 20 22 19
13 4 12 4
12 7 11 6
17 11 16 11
17 14 16 13
25 20 24 20
23 21 22 21
20 7 19 6
17 10 16 10
21 7 20 7
26 17 25 16
24 0 23 0
25 16 24 16
16 13 15 12
15 5 14 5
10 4 9 4
11 6 10 5
16 10 15 9
11 9 10 8
12 9 11 8
23 23 24 23
15 9 14 9
24 9 23 8
14 5 13 5
21 3 20 2
17 9 16 8
21 8 20 8
24 15 23 14
16 14 15 13
24 23 23 22
18 2 17 2
17 15 16 14
24 20 23 19
23 19 22 18
22 19 21 18
12 8 11 8
14 11 13 10
22 18 21 17
20 8 19 8
23 14 22 13
16 14 15 13
26 4 25 4
15 12 14 11
19 1 20 2
13 5 12 5
20 2 19 2
26 4 25 3
22 21 21 20
14 11 13 10
21 20 20 19
19 2 18 2
19 8 18 7
19 6 18 5
25 3 24 3
22 13 21 12
21 18 20 18
24 3 23 3
21 17 20 17
23 0 22 0
17 2 16 2
20 7 19 6
18 2 17 2
18 8 17 7
23 3 22 2
24 0 23 0
18 15 17 15
24 16 23 15
11 4 10 4
16 11 15 10
23 8 22 7
21 12 20 12
23 15 22 15
20 11 19 11
18 7 17 6
10 5 9 5
17 7 16 6
13 6 14 6
23 22 22 21
16 6 15 5
14 9 13 8
14 12 13 11
17 15 18 16
22 15 21 15
20 18 19 18
19 6 18 6
13 8 12 7
12 5 11 5
20 17 19 16
22 7 21 7
18 5 17 4
16 14 17 15
11 7 10 6
25 4 24 3
12 8 11 7
22 2 21 1
15 11 14 10
20 12 19 12
10 6 9 6
19 16 18 15
20 1 21 1
12 6 11 6
15 10 14 9
13 10 12 10
12 4 11 4
21 15 20 15
9 6 8 5
22 21 21 20
14 10 13 9
22 0 21 0
21 1 20 0
20 19 21 20
16 8 15 7
18 15 17 14
15 7 14 6
14 9 13 8
17 14 16 13
20 0 21 0
14 11 13 10
13 11 12 10
15 13 14 12
20 19 19 18
13 9 12 9
9 6 10 7
20 19 21 20
9 6 8 5
11 5 10 5
24 17 25 18
18 6 17 5
17 5 16 4
12 7 13 8
20 15 19 14
16 13 15 12
19 12 18 12
16 4 15 4
19 11 18 11
18 11 17 10
14 6 13 6
17 10 16 10
13 11 14 12
11 8 10 7
11 6 10 6
23 0 22 0
21 5 20 5
21 0 22 0
13 10 12 9
16 14 15 13
12 9 11 9
17 15 16 14
11 9 12 10
10 4 11 4
13 10 12 9
10 8 11 9
15 5 14 5
17 4 16 4
20 5 19 5
19 14 18 13
11 7 12 7
12 9 11 8
16 10 15 10
18 13 17 13
10 6 11 7
13 6 12 5
15 4 14 4
14 4 13 4
15 12 14 11
12 10 13 11
21 7 20 6
14 12 13 11
18 12 17 12
16 4 15 3
12 7 11 6
17 12 16 11
20 6 19 6
15 13 14 12
12 5 11 5
19 6 18 5
24 3 23 2
17 13 16 13
23 2 22 2
16 14 15 13
15 3 14 3
16 13 15 12
14 11 13 10
14 5 13 5
18 5 17 4
17 6 16 5
15 12 14 11
18 16 17 15
13 8 12 7
13 10 14 11
13 4 12 4
17 4 16 3
16 11 15 11
15 11 14 10
15 2 16 3
13 3 14 3
16 5 15 5
22 2 21 1
13 10 14 10
16 3 15 3
19 17 18 16
13 10 12 9
11 4 12 4
15 10 14 9
15 3 14 3
12 4 13 5
14 3 13 3
11 8 12 9
19 5 18 4
20 1 21 1
12 4 11 4
27 20 26 19
15 5 14 5
11 4 10 4
19 13 20 14
13 5 12 5
14 10 13 9
12 4 11 4
18 4 17 3
16 2 17 3
11 5 12 5
13 9 14 9
12 9 13 9
15 2 16 2
17 3 16 3
14 9 13 8
13 8 12 8
14 5 13 4
12 8 13 9
28 25 29 25
23 5 24 6
15 5 16 5
15 7 16 7
16 4 17 4
25 11 26 12
20 11 21 12
20 14 21 14
21 14 22 14
14 10 15 10
22 21 23 22
23 2 24 2
18 3 19 4
24 7 25 7
22 6 23 7
21 12 20 12
16 5 17 5
27 14 26 13
27 21 26 21
15 10 16 10
16 7 17 7
26 2 27 2
22 10 23 11
25 18 26 18
16 10 17 11
24 11 25 11
26 18 25 17
18 5 19 5
17 4 18 4
22 14 23 14
18 2 19 2
26 13 27 13
18 4 19 4
29 6 28 5
26 10 25 10
19 2 20 2
17 7 18 8
20 12 21 13
14 5 15 6
28 19 27 18
23 21 24 22
25 10 26 11
19 5 20 6
26 21 27 22
23 0 24 0
27 22 28 22
24 10 25 10
23 22 24 23
18 4 19 5
23 7 24 8
18 5 19 6
17 5 18 6
20 2 21 3
21 3 22 4
24 23 25 23
21 15 22 15
25 17 26 17
18 8 19 9
24 2 25 2
20 5 19 4
18 6 19 7
28 22 27 21
24 0 25 0
26 11 27 12
24 6 25 6
25 6 26 6
26 17 27 17
24 8 25 9
19 4 20 4
23 14 24 14
15 6 16 6
23 11 24 11
28 15 27 14
22 4 23 4
24 22 25 23
27 17 28 18
26 6 27 6
25 22 26 23
24 22 25 22
25 2 26 3
25 7 26 8
16 6 17 6
27 6 28 6
17 6 18 6
27 13 26 12
23 22 24 22
20 9 21 9
26 3 27 3
23 4 24 4
27 2 28 3
24 13 25 14
23 6 24 7
18 6 19 7
25 10 26 11
28 2 27 1
23 5 22 5
22 15 23 16
26 24 25 24
25 8 26 9
20 14 19 13
24 6 23 5
25 20 26 20
22 10 21 10
23 11 22 10
24 20 25 20
18 12 19 13
26 14 25 13
16 7 15 6
19 3 20 3
15 12 16 12
29 27 28 27
24 16 25 16
21 12 22 12
21 9 20 8
27 9 26 9
22 8 23 9
19 9 18 9
20 10 21 10
25 1 26 1
22 12 23 13
22 8 21 8
17 11 18 12
24 4 25 5
26 24 27 24
27 19 26 18
24 15 25 15
23 4 22 3
20 12 19 11
23 9 24 10
25 22 26 22
25 8 24 8
25 22 24 22
26 13 25 12
19 13 18 12
16 12 17 13
20 17 21 17
26 15 25 14
16 8 15 7
26 24 25 23
16 7 17 8
26 13 27 13
16 6 17 6
17 11 16 11
22 12 21 11
26 2 25 2
21 5 20 5
26 3 25 3
19 6 20 7
19 8 18 7
27 24 26 24
21 15 22 16
24 10 25 11
19 10 20 10
22 19 23 20
25 3 24 3
17 9 18 10
17 14 16 13
26 15 27 16
20 6 21 6
17 8 18 8
24 16 23 16
22 17 21 17
19 10 18 9
26 14 27 15
20 2 21 2
20 10 19 10
22 7 23 7
19 13 20 13
25 13 26 14
24 22 23 21
25 7 24 6
18 14 17 14
24 20 23 20
21 4 22 5
21 8 20 7
19 15 20 16
18 12 19 12
27 15 28 16
21 2 22 3
24 12 25 12
25 16 26 16
26 0 25 0
24 19 23 19
22 3 21 3
26 24 27 25
15 5 14 5
22 11 21 10
27 18 26 18
26 3 27 4
16 4 17 5
28 25 27 24
24 8 23 7
19 12 20 12
21 6 22 7
27 0 26 0
25 8 24 7
20 10 21 10
24 13 23 13
24 12 23 12
20 11 21 11
25 11 26 12
26 23 27 24
26 15 25 15
23 5 22 5
24 5 25 6
27 24 28 24
13 7 14 7
20 16 21 17
22 14 21 14
27 20 28 21
27 27 28 27
23 21 22 20
21 5 22 5
24 4 23 4
18 7 17 6
20 13 21 14
24 14 25 14
26 4 25 3
23 6 24 7
13 7 14 8
26 17 25 17
19 5 20 6
15 9 16 10
20 6 21 6
26 26 27 27
26 12 25 12
25 12 26 13
25 17 24 16
23 2 24 3
18 14 19 14
22 5 23 6
24 9 23 8
25 22 26 23
22 15 21 14
19 5 18 5
19 8 18 8
22 9 23 9
19 7 20 7
23 4 22 4
16 6 15 5
22 10 21 10
23 10 22 9
23 21 24 21
16 11 15 11
22 7 23 8
23 10 22 10
23 13 22 12
23 12 22 11
15 8 14 7
19 15 18 14
18 15 17 14
17 6 16 6
24 13 25 13
21 16 20 15
23 13 24 14
21 10 22 11
27 1 28 1
16 10 17 10
24 6 23 6
26 5 25 5
25 13 26 14
22 20 21 19
21 3 22 4
24 15 25 15
25 21 24 20
24 3 25 3
22 13 23 13
24 16 23 15
22 15 23 15
24 18 25 19
28 25 29 25
21 9 22 10
19 14 20 15
16 9 15 9
24 18 23 17
15 5 16 6
18 13 19 13
24 8 25 8
19 5 20 6
27 14 26 13
16 4 15 4
25 16 26 17
18 14 17 13
19 13 20 13
19 3 18 2
19 15 20 16
21 10 20 9
26 23 27 24
18 13 17 12
24 15 23 15
26 9 25 8
20 9 19 9
21 8 22 8
23 17 22 17
22 16 23 16
21 4 20 4
21 3 20 3
27 16 26 16
21 16 22 17
24 13 23 13
19 2 20 2
21 10 20 9
21 18 22 19
23 7 22 7
20 2 21 2
25 2 24 1
16 8 17 8
16 11 17 12
20 10 19 10
19 10 18 10
22 14 21 13
25 15 24 14
23 18 22 17
22 7 21 6
18 7 19 7
26 15 27 15
27 12 26 11
18 14 19 15
15 7 16 8
18 13 19 14
22 11 21 10
25 16 24 16
27 17 26 16
21 7 20 7
15 9 14 8
24 1 23 1
25 7 26 7
19 9 18 8
28 24 27 23
18 8 17 7
21 14 22 15
22 20 23 21
26 17 25 16
22 18 23 19
26 25 27 26
16 6 17 7
23 8 24 9
23 19 24 20
27 1 26 1
21 8 22 9
21 6 20 5
20 16 21 17
22 6 21 6
21 6 20 6
25 10 24 9
19 3 20 3
13 5 14 6
22 11 23 11
27 27 28 27
22 8 23 9
25 1 24 0
20 13 21 14
15 10 16 10
22 5 21 4
24 2 25 2
15 10 14 9
20 11 19 11
17 10 18 10
21 4 22 4
18 8 17 8
25 8 24 8
23 11 22 10
16 8 17 9
20 15 21 15
17 13 16 12
20 9 19 9
24 4 23 3
20 13 19 12
22 13 23 13
22 3 23 3
15 5 16 6
24 9 23 9
17 5 16 4
22 3 21 2
17 10 16 10
18 6 19 6
25 15 26 16
18 15 19 16
25 5 26 6
23 20 22 19
25 1 24 1
21 13 20 12
20 10 21 10
22 3 21 3
27 9 28 10
24 21 25 22
17 13 18 14
24 17 23 17
16 10 15 10
22 6 21 6
25 1 26 1
14 6 15 7
24 11 23 11
23 10 22 10
19 2 20 2
27 1 26 1
22 8 21 7
25 6 24 6
21 8 20 8
16 8 15 7
24 6 23 5
17 7 18 7
19 6 20 6
19 15 20 15
20 8 19 8
18 9 17 9
22 13 21 12
24 11 25 12
22 19 21 18
23 6 22 5
25 10 26 11
21 17 22 18
23 14 24 14
21 12 20 12
22 2 23 2
24 17 25 18
24 23 23 22
25 17 26 18
27 2 26 2
25 24 24 23
20 8 21 9
19 12 18 11
29 28 28 27
22 3 23 4
13 7 12 6
15 5 14 5
15 8 16 9
21 3 22 3
18 8 19 8
17 11 16 10
21 12 20 11
18 5 17 5
25 3 26 3
23 16 24 16
19 8 20 8
19 13 18 12
22 15 21 14
20 13 21 14
20 17 19 16
28 16 29 16
23 6 24 7
20 6 21 6
25 6 26 6
18 9 19 9
21 13 22 13
25 15 24 14
24 2 23 2
16 9 17 9
22 14 23 15
26 13 25 12
22 14 21 14
20 17 21 18
16 8 17 8
24 1 25 1
13 5 14 5
23 13 24 14
19 5 18 5
20 11 19 10
23 8 22 7
16 6 15 5
24 4 25 5
21 17 20 16
28 24 29 25
22 7 21 6
26 24 25 23
18 9 17 8
20 18 21 19
15 11 14 10
24 6 25 7
23 4 24 5
18 6 17 6
19 4 20 4
21 19 22 20
23 6 22 6
21 8 22 9
26 8 27 8
18 13 17 12
22 18 23 19
13 6 14 6
23 14 22 13
24 18 25 18
19 10 18 9
25 11 24 11
19 16 18 15
21 4 20 3
27 26 28 26
16 11 17 12
21 16 20 15
28 18 27 18
23 3 24 3
19 10 20 10
12 4 13 5
21 18 22 18
15 7 14 6
23 19 24 20
20 10 21 11
18 11 17 11
20 9 21 10
23 10 24 10
11 3 12 4
19 12 20 12
22 17 21 16
23 21 24 21
23 11 24 12
22 20 23 21
19 11 18 11
23 16 22 15
26 8 25 8
23 13 22 13
19 6 18 6
22 12 23 13
26 12 27 12
22 10 23 11
15 6 16 6
16 7 17 8
24 13 25 13
18 9 19 10
23 14 24 14
21 4 22 4
17 8 18 9
18 4 19 4
24 20 25 21
23 4 22 4
22 12 21 11
18 11 17 10
24 12 23 11
15 10 16 11
21 13 22 13
23 5 22 5
20 13 21 13
16 9 15 9
19 15 20 16
19 10 18 10
20 11 19 11
20 11 21 12
23 7 22 7
27 0 28 0
19 13 20 13
22 16 21 15
17 7 16 6
23 5 24 6
14 5 15 5
22 11 21 10
14 7 13 7
23 14 22 14
25 7 24 7
24 16 23 15
20 15 21 16
22 10 21 9
23 6 24 6
23 9 22 8
24 4 25 4
22 2 21 2
23 2 22 2
24 11 23 11
26 5 27 5
24 4 23 4
23 7 24 7
19 14 20 14
25 3 24 3
20 9 19 9
16 4 17 5
18 14 19 15
26 9 27 10
23 9 24 9
25 11 24 10
21 12 22 13
17 12 16 11
18 11 19 12
25 16 24 15
22 9 23 9
27 7 26 6
17 6 16 6
10 3 11 3
22 3 23 4
17 8 16 7
24 21 23 21
23 0 24 1
20 12 21 13
16 8 17 8
18 11 17 11
20 7 19 7
20 13 21 14
16 4 17 4
21 11 22 11
21 14 22 15
10 3 9 2
9 2 8 2
25 10 24 10
19 11 20 12
22 13 23 14
14 9 15 10
26 21 25 20
18 13 19 13
19 10 20 10
7 2 8 2
26 17 27 18
20 17 19 16
6 1 7 2
26 21 27 22
20 12 21 13
22 12 23 12
15 6 16 7
15 5 16 5
14 4 15 4
23 7 22 6
20 17 21 18
27 17 26 16
25 24 26 25
22 18 21 17
16 4 15 4
22 6 21 6
20 6 19 6
24 8 23 8
12 4 11 4
21 4 20 4
17 9 18 9
22 4 21 4
20 10 21 10
25 25 26 26
23 17 22 16
17 5 18 6
25 19 24 18
18 9 19 9
28 15 27 15
24 12 25 12
17 10 18 11
19 12 20 13
22 14 21 13
23 6 22 6
25 6 24 6
19 5 20 5
16 10 17 11
27 19 28 20
20 14 21 15
26 8 27 8
25 11 26 11
15 10 16 10
6 1 5 0
22 19 21 18
22 16 21 15
9 3 10 3
23 11 24 12
23 3 22 3
25 4 24 3
21 13 20 12
17 12 18 12
17 6 16 5
19 13 20 14
22 21 23 22
15 8 14 7
24 17 23 17
21 6 20 6
16 5 17 5
20 7 21 7
16 12 15 11
11 4 10 4
23 7 22 7
16 9 15 8
16 13 17 14
13 5 12 5
21 14 20 14
18 6 17 6
21 14 20 13
22 14 23 15
23 12 24 13
6 2 7 2
19 10 20 10
26 7 25 7
24 23 25 24
24 4 23 4
19 9 20 10
26 5 25 5
5 2 6 2
22 8 21 8
27 16 28 17
11 5 12 5
17 4 18 4
8 3 9 3
26 11 27 11
28 5 27 5
24 0 23 0
25 7 24 7
20 8 21 8
17 14 18 14
6 1 5 1
21 11 20 11
21 3 20 3
28 20 29 20
4 1 5 1
27 26 28 27
18 5 17 5
25 23 24 22
17 14 18 15
18 15 19 16
5 0 4 0
15 7 16 8
17 14 18 15
16 9 17 10
17 12 16 11
17 4 16 4
17 7 18 8
18 5 19 5
4 0 3 0
26 3 27 4
25 17 24 16
23 8 22 8
17 10 18 11
22 11 21 10
20 14 19 13
18 6 19 6
10 4 9 4
15 8 16 9
23 9 24 10
17 13 18 14
21 7 22 7
16 4 15 4
24 0 25 0
16 13 17 14
17 4 18 4
2 0 3 0
21 8 22 8
21 7 20 7
20 5 19 5
23 13 24 14
7 3 8 3
27 12 28 13
17 6 16 6
22 7 23 7
4 1 3 1
21 7 22 7
21 8 20 8
20 17 19 16
14 4 15 4
26 4 25 3
21 4 20 4
24 15 23 14
23 10 24 11
22 6 21 6
22 15 21 14
18 10 19 11
25 10 26 10
26 20 27 21
17 13 16 12
27 9 28 9
20 2 21 2
28 25 27 24
17 13 18 14
25 15 24 14
4 2 5 2
19 3 18 3
17 3 18 3
18 2 19 2
23 10 22 9
25 16 26 17
28 19 29 20
3 1 2 1
2 0 1 0
17 5 16 5
0 0 1 0
