2929
29 3 28 3
28 20 27 19
22 7 21 7
11 9 10 8
2 0 1 0
27 24 26 24
18 15 17 15
27 23 26 23
13 12 12 11
29 8 28 8
24 17 23 16
29 28 28 27
9 4 8 3
28 27 27 26
26 12 25 11
28 25 27 24
18 16 17 16
17 13 16 12
23 3 22 2
23 8 22 8
27 7 26 6
15 6 14 5
25 9 24 8
17 16 16 16
20 3 19 2
12 11 11 11
28 3 27 3
28 21 27 21
26 23 25 23
27 13 26 13
27 21 26 21
26 24 25 24
11 11 10 10
27 3 26 3
21 7 20 6
25 12 24 11
23 21 24 21
11 3 10 3
20 8 19 7
27 6 26 5
23 23 22 22
26 5 25 4
17 15 16 15
25 11 24 10
20 6 19 6
14 12 13 12
16 15 15 14
25 23 24 23
19 7 18 6
15 11 14 11
26 3 25 2
25 24 24 24
24 23 23 23
23 19 22 18
16 12 15 11
28 7 27 7
27 26 26 25
24 8 23 8
24 11 23 10
25 4 24 3
15 14 14 13
24 24 23 23
10 5 9 4
19 2 18 1
29 14 28 14
18 6 17 5
14 5 13 5
22 19 21 19
27 7 26 7
10 8 9 8
8 3 7 3
25 0 24 0
24 0 23 0
20 16 19 15
23 8 22 7
24 3 23 3
26 25 25 25
23 3 22 3
25 25 24 24
22 3 21 2
13 5 12 5
21 18 20 17
23 23 24 24
27 24 26 23
22 2 21 1
22 7 21 7
22 22 21 21
21 7 20 7
14 13 13 13
14 3 15 3
16 16 15 15
26 6 25 6
28 8 27 8
28 14 27 14
18 1 17 1
27 8 26 8
9 8 8 7
20 7 19 7
15 11 14 10
23 16 22 15
13 12 12 11
7 3 6 2
26 21 25 21
23 0 22 0
18 9 17 8
23 23 22 22
25 6 24 5
26 23 25 23
26 20 25 20
21 2 20 2
14 10 13 9
20 2 19 1
25 2 24 2
12 11 11 11
24 7 23 7
26 7 25 6
13 9 12 8
25 6 24 6
12 5 11 5
27 14 26 14
11 5 10 5
25 23 24 22
19 7 18 6
26 8 25 7
19 6 18 5
24 6 23 5
3 2 2 1
8 7 7 7
17 8 16 7
22 0 21 0
21 0 20 0
19 15 18 15
24 2 23 2
16 7 15 6
18 6 17 6
10 3 9 3
24 22 23 21
17 6 16 6
7 7 6 6
15 6 14 5
20 0 19 0
23 21 22 21
22 18 21 17
20 17 19 16
1 0 0 0
9 3 8 3
19 1 18 0
8 3 9 4
19 16 18 16
24 24 23 23
21 21 20 20
11 8 12 8
25 7 24 6
15 15 14 14
18 5 17 4
23 2 22 2
23 7 22 6
21 19 20 19
23 5 22 5
17 5 16 4
14 11 13 11
11 8 10 8
18 0 17 0
24 10 23 9
23 10 22 9
25 21 24 21
6 6 5 5
22 2 21 2
22 21 21 21
17 1 16 0
21 2 20 2
27 19 26 19
17 4 16 3
22 9 23 9
24 6 23 5
26 14 25 14
20 2 19 1
2 1 1 0
19 1 18 1
14 5 13 4
22 5 21 4
10 10 9 9
22 9 21 8
14 14 13 13
25 25 24 24
9 4 8 4
10 5 9 4
22 6 21 6
16 4 15 3
22 22 21 21
23 23 22 22
23 5 22 5
13 13 12 12
13 4 12 4
18 1 17 1
10 8 9 8
11 11 10 10
12 4 11 4
22 8 21 7
22 5 21 5
17 1 16 1
16 3 15 2
1 0 0 0
9 8 8 7
21 4 20 3
15 2 14 1
21 6 20 6
9 9 8 8
14 1 13 0
16 0 15 0
16 1 15 1
24 5 23 4
16 6 15 6
15 3 14 2
10 10 9 9
9 4 8 4
15 0 14 0
18 15 17 15
19 0 18 0
17 0 16 0
24 21 23 20
11 4 10 3
13 0 12 0
8 3 7 3
21 17 20 17
8 7 7 6
18 16 17 16
23 9 22 8
15 1 14 1
14 1 13 1
14 14 13 13
20 20 19 19
9 4 8 3
17 15 16 15
21 5 20 4
23 4 22 3
14 0 13 0
21 1 20 0
26 19 25 18
20 3 19 2
20 0 19 0
12 0 11 0
13 11 12 10
21 21 20 20
22 22 21 21
22 3 21 3
7 3 6 3
17 16 16 16
25 18 24 17
26 13 25 12
18 0 17 0
23 20 22 19
19 19 18 18
20 6 19 5
10 3 9 3
22 19 21 19
23 23 22 22
13 1 12 1
8 4 7 4
12 1 11 1
21 8 20 7
6 2 5 1
16 16 15 15
20 19 19 18
17 0 16 0
20 4 19 3
11 1 10 1
8 8 7 7
24 17 23 17
22 15 21 15
7 6 6 5
21 3 20 2
10 1 9 1
21 7 20 6
21 19 20 18
23 17 22 17
15 15 14 14
20 20 19 19
20 18 19 17
21 21 20 20
22 22 21 21
19 0 18 0
20 7 19 6
22 8 21 7
15 6 14 5
20 17 19 16
8 3 7 3
14 14 13 13
19 16 18 16
6 3 5 3
24 24 23 23
19 17 18 17
23 23 22 22
7 4 6 4
9 3 8 3
18 17 17 17
18 16 17 16
11 0 10 0
6 5 5 4
12 12 11 11
25 14 24 14
17 17 16 16
17 16 16 16
19 18 18 17
17 16 16 15
18 17 17 16
17 0 18 0
16 0 15 0
16 15 15 15
24 14 23 14
14 14 15 15
15 15 16 16
26 7 27 8
19 3 18 3
14 14 15 15
19 5 18 4
18 8 19 9
11 11 10 10
10 0 9 0
13 13 12 12
21 7 20 7
19 2 18 1
5 4 4 3
9 1 8 1
25 20 24 20
9 0 8 0
20 6 19 5
20 7 19 7
4 3 3 2
19 6 18 5
18 5 17 4
21 15 20 15
14 2 13 1
15 0 14 0
16 12 17 13
18 1 17 1
16 16 17 16
13 0 12 0
1 1 0 0
2 1 3 2
14 0 13 0
20 2 19 1
18 3 17 3
22 17 21 17
16 16 15 15
7 3 6 2
6 2 5 2
18 17 17 17
6 4 5 4
8 1 7 1
17 3 16 3
12 12 11 11
19 7 18 6
18 4 17 3
18 6 17 6
5 3 4 3
17 3 16 2
17 17 18 18
25 12 24 12
17 4 16 4
16 4 15 3
21 17 20 16
19 1 18 1
19 19 18 18
5 1 4 0
9 9 8 8
13 1 12 1
16 16 17 17
19 9 20 10
14 5 13 5
17 6 16 6
15 15 14 14
5 5 4 4
16 3 15 2
12 1 11 1
15 2 14 1
11 1 10 1
24 20 23 20
13 0 14 1
5 2 4 2
17 17 18 18
13 5 12 5
17 1 18 1
16 16 15 15
17 17 16 16
8 0 7 0
7 1 6 0
23 14 22 13
3 2 4 3
17 1 16 1
15 3 14 3
10 10 9 9
20 16 19 16
16 6 15 5
7 7 6 6
4 2 3 1
16 2 15 1
10 1 9 1
22 10 21 9
8 8 7 7
9 9 8 8
12 5 11 4
7 0 6 0
22 13 21 13
21 13 20 12
9 1 8 0
6 6 5 5
18 1 17 1
7 7 6 6
20 12 19 11
17 16 16 15
7 0 8 0
17 1 16 0
3 1 2 0
8 3 7 3
14 14 13 13
15 5 14 4
15 1 14 0
13 13 12 12
19 11 18 11
11 11 10 10
13 0 14 0
14 4 13 4
11 4 10 3
4 4 3 3
14 1 13 1
15 15 14 14
14 14 13 13
14 3 13 2
16 1 15 0
16 0 17 0
2 1 3 2
19 16 18 15
10 3 9 2
13 4 12 3
12 0 11 0
3 3 2 2
20 15 19 14
16 15 15 14
21 9 20 8
4 0 3 0
7 3 6 3
12 12 11 11
19 14 18 13
13 0 12 0
19 5 18 4
6 0 5 0
12 3 11 2
15 14 14 14
13 2 12 2
11 0 10 0
5 0 4 0
13 1 12 1
18 11 17 10
16 16 15 15
14 14 15 15
10 0 9 0
5 4 4 4
12 1 11 1
12 2 11 1
4 0 3 0
18 13 17 13
17 17 16 16
18 15 17 15
10 10 9 9
8 0 9 0
18 18 17 17
14 0 13 0
12 0 11 0
9 2 8 2
7 0 6 0
6 3 5 2
11 0 10 0
11 2 10 1
9 0 10 1
4 3 3 3
15 15 16 16
8 8 7 7
3 3 4 4
8 2 7 1
5 2 4 2
7 1 6 1
8 0 7 0
25 22 24 22
13 0 12 0
17 13 16 13
19 19 18 18
6 6 7 7
16 0 15 0
3 0 2 0
2 2 3 3
16 16 17 17
12 0 11 0
18 18 17 17
6 6 5 5
12 10 11 10
12 2 11 2
11 2 10 1
11 2 10 2
10 2 9 1
9 0 8 0
2 2 1 1
6 0 5 0
17 10 16 9
18 4 17 3
20 20 19 19
1 0 2 1
18 18 19 19
3 0 4 0
21 7 22 8
16 9 15 8
9 1 8 1
3 2 4 2
11 11 10 10
4 0 5 0
8 0 7 0
10 1 9 1
6 1 5 0
4 2 3 1
15 8 14 8
16 13 15 13
8 0 9 1
3 0 4 0
4 4 5 5
17 15 16 14
21 21 20 20
3 0 2 0
6 1 5 1
22 22 21 21
5 5 6 6
16 14 15 14
20 1 19 0
19 19 20 20
11 10 10 9
2 1 3 2
6 6 7 7
19 0 18 0
24 12 23 11
7 0 6 0
6 0 5 0
14 14 15 14
17 3 16 3
15 0 14 0
10 0 9 0
15 13 14 12
8 1 7 0
12 8 13 9
16 0 15 0
20 8 19 7
23 11 22 11
17 0 16 0
4 0 5 0
11 0 10 0
9 9 8 8
8 0 9 0
13 13 12 12
3 3 4 4
14 8 13 8
5 0 6 0
7 0 8 0
7 0 6 0
5 5 4 4
5 1 4 1
5 0 6 0
4 0 5 0
14 0 13 0
10 0 11 1
9 0 8 0
2 2 3 3
22 8 23 8
19 7 18 6
23 8 24 8
9 1 8 1
14 14 13 13
18 6 17 6
13 13 12 12
14 12 13 11
11 1 10 1
7 7 8 8
13 11 12 10
12 12 11 11
2 2 1 1
15 14 14 14
26 20 27 20
13 9 14 10
9 0 10 1
3 0 4 0
9 0 10 0
13 0 12 0
15 0 14 0
16 3 15 3
9 0 8 0
25 21 26 21
8 1 7 1
15 3 14 2
7 7 6 6
5 5 6 6
12 10 11 9
10 1 9 1
5 5 4 4
16 0 15 0
8 0 7 0
11 9 10 8
10 9 9 8
13 13 12 12
13 8 12 8
9 1 8 1
12 8 11 7
7 0 6 0
9 0 8 0
10 10 9 9
8 8 9 9
7 7 8 8
9 0 10 0
18 0 17 0
14 2 13 1
18 13 19 13
3 3 4 4
8 8 9 8
6 6 7 7
9 8 8 7
19 13 20 14
4 0 5 0
8 7 7 6
14 14 13 13
14 0 13 0
15 0 14 0
6 0 5 0
9 0 8 0
7 0 8 0
6 6 5 5
11 7 10 6
19 0 18 0
2 0 3 0
7 7 8 8
7 6 6 5
6 0 7 0
13 1 12 1
4 0 5 0
6 5 5 4
15 15 14 14
4 4 5 5
22 11 21 10
4 0 3 0
17 3 18 4
16 16 15 15
17 17 16 16
7 1 6 1
11 11 10 10
6 1 5 1
4 1 5 1
12 12 11 11
18 18 17 17
19 19 18 18
3 3 4 4
23 20 22 19
9 9 10 10
3 1 4 1
13 13 12 12
12 1 11 0
10 0 11 0
20 20 19 19
21 21 20 20
8 1 7 1
1 1 0 0
7 1 6 1
14 14 13 13
9 0 10 0
10 8 9 8
11 0 12 0
10 10 11 11
12 0 13 0
8 0 9 0
6 1 5 1
14 0 13 0
6 6 7 7
21 3 22 4
10 6 9 6
11 11 12 12
6 6 5 5
8 8 9 8
9 8 8 7
15 15 14 14
13 13 12 12
7 0 8 0
16 16 15 15
14 14 13 13
20 14 21 14
14 14 15 15
4 4 5 5
17 17 16 16
18 18 17 17
7 0 6 0
19 19 18 18
2 0 1 0
15 15 16 16
7 7 8 8
8 7 7 6
11 0 10 0
24 16 25 16
17 6 16 6
17 0 16 0
11 0 12 0
20 20 19 19
16 6 15 6
6 6 7 7
10 0 9 0
16 16 17 17
3 3 2 2
8 0 9 0
16 0 15 0
7 6 6 5
11 0 10 0
6 5 5 4
6 0 5 0
14 0 15 0
7 0 8 0
18 4 19 5
21 10 20 9
5 5 6 6
13 0 14 0
10 0 9 0
9 0 8 0
18 0 17 0
19 5 20 5
5 0 4 0
17 0 16 0
3 3 4 4
12 0 13 0
8 8 9 9
11 0 12 0
9 9 10 10
15 0 16 0
11 11 10 10
12 12 11 11
10 0 11 0
22 4 23 4
1 1 2 2
23 4 24 4
4 4 5 5
9 0 10 0
7 7 8 8
7 0 6 0
5 0 6 0
12 12 13 13
20 9 19 9
9 9 8 8
9 6 8 5
3 3 2 2
13 13 14 14
7 7 6 6
0 0 1 1
26 21 27 22
3 3 4 4
26 13 27 14
21 14 22 14
5 5 6 6
3 0 4 0
9 9 10 10
8 0 7 0
6 6 7 7
4 4 5 5
10 10 11 11
8 5 7 4
5 4 4 3
12 12 11 11
7 0 6 0
12 12 13 13
7 7 8 8
4 3 3 2
7 4 6 4
6 6 7 7
6 4 5 3
9 9 8 8
8 0 9 0
16 15 17 16
6 5 5 4
19 9 18 9
4 0 5 0
4 3 5 3
18 9 17 8
8 8 7 7
2 0 3 0
7 0 8 0
3 2 4 3
17 16 18 17
9 9 10 10
24 22 23 21
24 8 25 8
5 5 6 6
8 8 9 9
1 1 2 2
5 0 6 0
17 4 18 4
2 1 3 2
5 3 4 2
6 6 7 7
1 0 2 0
3 3 2 2
6 0 7 0
22 14 23 14
8 8 7 7
6 0 5 0
25 16 26 16
1 1 2 2
23 0 24 0
3 0 4 0
17 8 16 8
3 0 2 0
27 22 28 22
23 14 24 14
23 21 22 20
28 22 29 22
22 20 21 19
22 19 21 18
24 4 25 5
16 8 15 8
20 5 21 5
4 0 5 0
20 10 21 11
14 10 15 11
21 19 20 18
3 3 4 4
4 4 5 5
6 6 5 5
7 7 6 6
4 0 3 0
20 18 19 17
21 5 22 5
15 8 14 8
1 0 0 0
26 16 27 16
1 0 2 0
0 0 1 1
2 0 3 0
24 0 25 0
15 11 16 12
15 6 14 5
14 5 13 5
27 16 28 17
2 0 1 0
18 5 19 6
21 11 22 11
28 17 29 18
14 8 13 7
21 18 20 17
27 14 28 15
13 5 12 5
27 20 28 20
18 17 19 17
17 17 18 17
16 16 17 17
25 5 26 5
15 15 16 16
18 17 17 16
17 16 16 15
14 14 15 15
13 13 14 14
16 15 15 14
15 14 14 13
14 13 13 12
13 12 12 11
12 12 13 13
12 11 11 10
11 10 10 9
11 11 12 12
13 7 12 7
10 9 9 8
9 8 8 7
8 7 7 6
7 6 6 5
10 10 11 11
22 5 23 5
9 9 10 10
12 5 11 5
11 5 10 4
20 17 19 16
23 5 24 5
8 8 9 9
24 5 25 6
19 17 20 18
26 5 27 6
27 6 28 7
7 7 8 8
6 6 7 7
5 5 6 6
12 7 11 6
19 6 20 7
11 6 10 6
10 4 9 4
16 12 17 13
20 7 21 8
25 6 26 7
10 6 9 5
9 5 8 4
27 8 28 8
9 4 8 3
17 13 18 14
20 18 21 18
8 4 7 3
8 3 7 2
6 1 7 2
6 1 5 1
4 1 5 1
7 2 6 2
19 16 18 15
3 1 4 1
6 2 5 2
18 4 19 4
19 4 20 5
22 11 23 12
18 15 17 14
7 3 6 2
5 1 6 2
6 2 5 2
4 2 5 2
4 1 5 1
18 14 19 14
20 5 21 5
4 4 5 5
3 3 4 4
2 1 3 1
1 1 2 1
2 2 3 3
28 15 29 15
3 1 4 1
23 12 24 12
21 5 22 6
21 8 22 9
21 18 22 18
3 1 2 0
3 1 2 1
22 18 23 19
22 9 23 10
23 10 24 10
28 7 29 7
26 7 27 8
23 19 24 20
17 14 16 13
25 0 26 1
25 8 26 9
22 6 23 6
24 12 25 12
2 0 1 0
16 13 15 12
15 12 14 11
14 11 13 10
26 9 27 9
13 10 12 9
24 10 25 10
24 20 25 20
12 9 11 9
1 0 0 0
23 6 24 6
11 9 10 9
25 10 26 10
9 9 10 9
25 12 26 12
2 1 1 0
2 0 1 0
26 10 27 10
24 14 25 15
25 20 26 21
26 1 27 2
8 8 9 9
7 7 8 8
27 9 28 10
6 6 7 7
10 9 9 8
5 5 6 6
9 8 8 7
4 4 5 5
19 14 20 14
26 12 27 12
8 7 7 6
28 8 29 9
7 6 6 5
4 4 3 3
5 4 6 5
25 15 26 15
4 3 5 4
4 3 3 2
27 2 28 2
26 21 27 21
27 12 28 12
20 14 21 14
21 14 22 14
22 14 23 15
28 10 29 10
23 15 24 16
24 16 25 16
27 21 28 21
13 2 12 2
20 8 19 7
18 1 17 0
21 20 20 20
24 8 23 7
26 2 25 2
25 10 24 10
25 19 24 19
19 12 18 11
24 16 23 16
27 3 26 3
24 19 23 18
23 4 22 3
17 0 18 0
24 7 23 6
29 21 28 21
23 18 22 17
9 1 8 1
29 14 28 14
20 0 19 0
27 21 26 20
28 8 27 8
17 1 16 1
13 8 12 7
23 7 22 7
24 10 23 9
28 14 27 13
26 18 25 17
25 17 24 17
20 10 19 10
18 0 19 0
19 7 18 6
16 1 15 1
28 11 27 10
22 17 21 17
13 10 12 9
29 1 28 0
28 0 27 0
19 3 18 3
17 0 18 0
12 2 11 2
12 7 11 7
8 1 7 1
28 21 27 20
26 3 25 3
19 4 18 4
23 16 24 17
22 3 21 3
26 12 25 12
27 8 26 8
22 6 21 5
11 7 10 7
27 20 26 19
29 6 28 5
21 3 20 2
27 0 26 0
22 20 21 20
23 6 22 6
18 6 17 6
29 4 28 4
27 13 26 12
28 5 27 4
28 4 27 3
17 12 16 11
17 6 16 6
12 9 11 9
10 6 9 6
27 10 26 9
16 11 15 11
20 4 19 3
11 9 10 9
21 17 20 17
25 23 24 23
21 20 20 19
26 20 25 19
26 12 25 11
26 26 25 25
25 2 24 2
24 23 23 23
19 10 18 10
27 3 26 2
7 2 8 3
26 19 25 18
25 19 24 19
23 12 22 12
25 12 24 12
27 4 26 3
20 2 19 2
25 25 24 24
24 14 23 13
23 23 22 22
23 17 24 17
18 3 17 2
24 12 23 11
20 17 19 17
25 18 24 17
19 17 18 16
23 17 22 17
23 13 22 13
26 2 25 1
20 19 19 18
26 3 25 2
26 0 25 0
16 6 15 5
23 9 22 8
18 4 17 4
22 7 21 6
25 11 24 11
18 11 17 11
17 2 16 2
25 0 24 0
24 0 23 0
24 24 23 23
19 18 18 17
28 13 27 12
18 10 17 9
21 9 20 8
18 16 17 16
10 7 9 7
19 3 18 2
20 8 19 7
14 11 13 10
26 9 25 9
22 17 21 16
24 11 23 10
17 9 16 9
18 2 17 2
22 22 21 21
16 9 15 8
29 20 28 20
25 9 24 8
15 11 14 11
24 19 23 19
15 11 16 12
17 16 16 15
21 16 20 16
17 4 16 3
10 9 9 8
25 3 24 3
19 2 18 2
22 8 21 8
19 7 18 6
26 8 25 7
24 3 23 3
25 7 24 6
23 16 22 15
21 6 20 5
13 10 12 10
16 3 15 2
18 13 17 12
15 1 14 1
15 5 14 5
24 17 23 16
22 6 21 6
24 6 23 6
20 16 19 16
23 23 22 22
22 22 21 21
14 11 13 10
13 10 12 9
14 5 13 4
26 21 25 21
25 1 24 1
21 6 20 6
17 2 16 1
23 10 22 10
24 1 25 2
22 10 21 9
27 12 26 12
24 2 23 2
14 1 15 2
23 19 22 19
23 2 22 2
11 2 10 1
16 2 15 2
16 1 15 1
14 1 13 1
14 7 13 7
9 7 8 6
17 11 16 11
23 6 22 5
19 16 18 16
22 13 21 12
16 11 15 11
22 19 21 19
21 12 20 11
16 15 15 14
24 8 23 7
23 0 22 0
20 6 19 6
18 17 17 16
15 8 14 7
23 11 22 10
15 11 14 11
22 10 21 10
21 9 20 9
18 6 17 5
9 5 10 5
12 9 11 9
20 9 19 8
9 6 8 5
25 2 24 2
19 8 18 8
23 16 22 16
20 11 19 10
22 0 21 0
21 10 20 10
25 23 26 23
14 11 13 10
17 13 16 13
19 10 18 9
18 9 17 8
23 3 22 3
18 2 17 1
17 5 16 4
11 9 10 8
18 8 17 7
26 12 25 11
22 16 21 15
10 1 9 1
13 4 12 3
17 7 16 7
9 1 8 1
24 1 23 0
13 1 12 1
20 5 19 4
17 8 16 8
14 11 15 12
21 0 20 0
19 0 20 0
17 12 16 11
21 15 20 15
22 12 21 12
17 1 16 1
12 3 11 2
16 8 15 8
10 8 9 7
19 0 18 0
22 15 21 14
16 11 15 11
21 19 20 19
16 13 15 13
22 3 21 3
15 13 14 13
11 2 10 2
10 2 9 2
18 0 17 0
21 8 20 8
14 7 13 6
23 7 22 6
25 18 26 18
20 15 19 14
22 5 21 4
23 0 22 0
9 2 8 2
21 4 20 4
20 10 19 10
19 14 18 14
16 1 15 1
16 4 15 4
20 4 19 3
17 16 16 15
16 7 15 6
21 3 20 2
21 12 20 11
15 8 14 8
20 8 19 8
20 2 19 2
15 2 14 2
20 11 19 11
18 16 17 15
15 11 14 11
13 7 12 7
19 10 18 9
15 4 14 4
25 21 24 21
20 19 19 18
19 6 18 5
25 11 24 10
15 6 14 6
18 5 17 5
24 2 23 2
16 2 15 2
24 21 23 20
19 4 18 3
14 2 13 2
13 10 12 9
19 8 18 7
12 7 11 7
18 7 17 6
17 5 16 4
19 18 18 17
13 2 12 2
19 3 18 2
22 0 21 0
18 3 17 2
16 4 15 3
12 2 11 1
23 2 22 1
22 1 21 1
21 0 20 0
14 11 13 11
21 14 20 14
23 20 22 19
21 1 20 1
14 8 13 7
16 1 17 2
12 10 11 9
17 6 16 6
22 2 21 1
12 1 11 1
19 2 18 1
17 2 16 2
21 1 20 1
15 3 14 2
13 6 12 5
18 9 17 9
15 2 14 1
22 19 21 19
16 6 15 6
20 0 19 0
13 7 12 6
15 1 14 1
15 1 16 2
17 15 16 14
13 11 12 10
14 4 13 3
18 1 17 1
15 1 16 1
16 14 15 13
19 0 20 1
18 2 17 2
15 6 14 6
13 3 12 2
14 2 13 1
17 2 16 1
16 2 15 2
12 10 11 10
24 10 23 9
21 19 20 18
19 11 18 11
14 1 13 1
15 2 14 2
12 6 11 6
20 1 19 1
21 5 20 4
17 9 16 9
22 6 21 6
14 2 13 2
12 5 11 5
17 2 16 2
11 5 10 5
14 1 15 1
24 21 25 22
19 1 18 0
8 6 7 5
18 14 17 14
7 5 6 4
20 18 19 17
23 9 22 8
6 4 5 3
19 17 18 16
17 14 16 13
18 0 17 0
11 6 10 6
21 1 20 1
23 19 24 20
10 5 9 4
22 8 21 7
18 11 17 11
17 11 16 11
21 6 20 6
18 16 17 15
16 9 15 8
17 15 16 14
16 2 15 2
20 6 19 6
19 1 18 1
11 7 10 7
19 6 18 5
15 8 14 7
20 4 19 4
16 13 15 12
28 20 27 20
15 2 14 2
21 7 20 6
19 4 18 4
18 5 17 5
24 14 25 14
12 2 11 2
20 1 19 1
13 2 12 2
10 6 9 6
11 1 10 1
14 2 13 2
10 1 9 1
20 6 19 6
15 13 14 12
19 0 18 0
14 13 13 12
14 12 13 11
15 12 14 12
13 2 12 2
17 0 18 0
15 14 14 13
14 7 13 7
11 2 10 1
13 12 12 11
19 6 18 5
20 14 19 13
18 5 19 5
18 4 17 4
18 17 17 16
11 10 10 9
19 13 18 13
20 2 21 2
11 9 10 8
14 6 13 5
18 1 17 1
9 6 8 6
14 12 13 12
12 2 11 2
9 4 8 3
15 6 14 6
13 11 12 10
12 10 11 9
9 8 10 8
14 13 13 12
17 5 16 4
16 14 15 14
10 9 9 8
19 5 18 4
12 9 11 8
18 13 17 13
15 14 16 15
17 16 16 15
10 8 11 8
13 2 12 2
10 7 9 6
16 4 15 3
18 4 17 3
15 3 14 2
11 2 10 2
11 8 10 7
16 1 17 1
12 2 11 2
12 1 11 1
16 4 17 4
15 1 16 1
10 8 9 7
14 1 15 1
13 5 12 5
9 8 8 7
14 6 13 6
13 7 12 7
14 1 13 1
14 2 13 2
8 3 7 3
7 3 6 3
17 13 16 12
12 5 11 5
13 6 12 5
5 3 6 3
10 1 11 1
10 2 9 2
12 5 11 4
17 3 16 3
11 5 10 5
8 1 9 1
9 1 10 1
11 2 10 2
16 3 15 2
9 2 8 2
9 6 8 6
16 11 15 11
15 2 14 2
16 12 15 12
14 2 13 2
10 5 9 4
15 12 14 11
21 2 22 2
14 11 13 10
12 7 11 6
16 4 15 3
15 3 14 3
9 8 10 9
8 1 7 1
9 4 8 4
13 1 12 1
11 4 10 3
9 2 10 3
8 2 9 2
13 2 12 2
13 10 12 10
14 2 13 1
15 11 14 11
7 3 8 4
7 3 6 3
6 3 5 3
14 1 13 1
8 1 9 1
12 1 11 1
10 1 11 1
15 1 14 1
12 2 11 2
9 6 10 7
8 5 7 4
10 1 9 1
9 6 8 5
6 3 7 4
13 1 12 1
14 3 13 2
5 3 6 3
11 2 10 2
12 10 11 10
15 11 16 11
10 7 9 6
10 2 9 2
8 2 9 2
11 10 12 11
11 1 12 1
11 6 10 5
8 6 7 5
13 1 14 1
10 1 11 1
16 1 15 1
13 2 12 2
14 11 13 10
16 1 17 1
14 1 15 1
13 12 12 11
12 3 13 3
10 9 11 10
9 6 8 6
9 7 8 6
12 11 11 10
11 1 12 2
13 10 12 9
10 1 11 1
10 3 9 3
15 1 16 1
9 3 8 3
12 1 13 1
17 1 16 1
7 4 6 4
13 1 14 1
11 2 12 2
14 1 15 1
9 7 10 8
10 5 9 4
11 9 12 9
10 1 9 1
16 1 15 1
17 1 18 1
8 5 7 4
19 1 18 1
11 2 10 2
7 5 6 4
8 3 9 4
17 1 16 1
12 9 11 8
10 2 9 2
9 4 8 4
11 6 12 6
11 9 10 8
10 8 9 7
13 12 12 11
11 8 10 7
7 2 8 3
14 13 13 12
16 13 17 14
10 9 9 8
9 8 8 7
14 6 15 7
7 3 8 3
8 6 9 7
10 7 9 6
22 2 23 2
9 6 8 5
7 3 6 3
22 10 23 10
8 6 7 5
17 5 18 5
17 13 18 13
23 2 24 3
18 11 19 11
17 11 18 11
21 3 22 3
23 11 24 11
24 20 25 21
13 6 14 6
21 12 22 12
12 6 13 6
20 11 21 11
18 15 19 15
29 8 28 8
22 3 23 3
18 11 19 12
16 11 17 12
14 6 13 6
9 4 10 4
15 7 16 8
18 5 19 5
23 14 24 14
19 4 20 5
16 6 17 6
14 6 15 7
22 18 23 19
19 15 20 15
17 7 18 8
18 8 19 8
17 4 18 4
10 4 11 4
13 3 14 3
20 7 21 7
16 8 17 8
25 22 26 22
23 19 24 20
17 8 18 8
19 11 20 11
18 4 19 4
25 14 24 14
21 7 22 7
17 6 18 6
18 6 19 6
24 20 25 20
24 3 25 3
14 3 15 4
28 4 29 5
17 14 18 15
19 12 20 12
17 12 18 12
29 11 28 11
27 4 28 5
24 15 25 15
21 11 22 11
15 4 16 4
25 3 26 4
23 6 24 6
19 6 20 7
20 16 21 16
23 3 24 4
18 13 19 13
18 8 19 9
15 7 16 7
20 7 21 7
20 11 21 12
27 20 28 21
21 16 22 17
16 7 17 8
11 4 12 4
22 7 23 8
23 10 24 10
25 15 26 16
19 5 20 6
19 4 20 4
19 13 20 13
22 12 23 13
25 20 26 21
18 12 19 12
29 13 28 12
26 21 27 22
23 13 24 13
24 6 25 6
15 11 16 11
20 6 21 6
20 13 21 13
27 22 28 22
16 11 17 11
25 6 26 7
17 11 18 11
26 22 27 22
21 12 22 12
20 15 21 16
21 16 22 17
19 12 20 13
28 22 29 23
27 11 28 11
20 5 21 5
28 16 29 16
28 12 29 12
12 4 13 5
20 12 21 12
25 21 26 22
23 4 24 5
17 8 18 8
13 5 14 5
24 14 25 15
18 11 19 11
28 5 29 6
28 11 29 12
16 4 17 4
14 5 15 6
13 6 14 6
26 20 27 21
25 14 26 14
26 14 27 15
21 5 22 6
27 22 26 22
27 17 28 18
19 9 20 9
24 13 25 13
22 12 23 12
27 21 28 22
22 17 23 18
17 4 18 4
18 4 19 5
21 16 22 17
23 8 24 9
22 17 23 17
20 13 21 14
21 12 22 12
26 7 27 7
27 22 28 23
18 15 19 16
29 23 28 22
23 17 24 18
29 23 28 23
15 6 16 7
26 4 27 4
28 8 27 7
21 13 22 14
23 18 24 19
18 8 19 8
14 6 15 6
18 8 19 9
24 18 25 19
25 19 26 20
19 16 20 17
22 6 23 7
24 9 25 9
27 18 28 19
19 11 20 12
21 14 22 15
16 7 17 7
21 7 22 7
20 12 21 12
26 18 27 18
19 5 20 5
24 4 25 5
22 11 23 11
19 8 20 8
24 10 25 11
28 19 29 19
20 8 21 9
16 4 15 4
25 8 24 7
23 0 22 0
19 11 18 10
28 3 27 2
17 12 16 11
23 22 22 21
16 5 17 5
25 3 24 2
28 4 27 4
26 7 25 6
27 4 26 4
22 9 21 9
24 2 23 2
12 6 11 6
23 2 22 1
28 9 27 8
18 11 17 11
25 22 24 21
22 21 21 20
22 1 21 1
23 1 22 1
28 13 27 12
19 5 18 4
21 1 22 1
17 5 16 4
28 12 27 11
17 6 16 6
25 6 24 5
15 9 14 8
21 9 20 9
20 14 19 13
27 2 26 2
15 11 14 10
18 10 17 9
27 6 26 6
18 4 17 3
20 9 19 9
24 7 23 7
27 17 26 16
20 13 19 12
26 4 25 4
23 21 22 20
21 20 20 19
26 6 25 5
23 7 22 7
17 10 16 10
27 8 26 7
17 11 16 11
14 12 13 11
26 3 25 3
19 9 18 9
19 15 18 14
22 7 21 6
15 3 14 3
16 4 15 4
14 8 13 8
23 8 22 7
25 4 24 4
11 6 10 5
14 10 13 10
26 2 25 1
18 12 17 12
24 22 23 21
24 14 23 14
27 11 26 11
24 5 23 4
19 13 18 12
16 11 15 11
26 10 25 9
28 24 27 23
24 4 25 5
23 21 22 21
26 7 25 6
13 8 12 7
14 2 13 2
25 5 24 5
24 5 23 5
26 16 25 16
24 16 25 16
20 19 19 18
25 3 24 2
22 7 21 7
20 1 21 1
25 1 24 1
16 6 15 6
21 6 20 5
12 7 11 6
24 16 23 15
12 8 11 8
24 2 23 2
21 7 20 7
18 14 17 14
19 12 18 11
26 11 25 10
17 12 16 12
17 11 18 12
23 5 22 4
24 21 23 20
22 20 21 20
18 11 17 10
23 4 22 3
16 12 15 12
15 3 14 2
16 4 15 3
25 10 24 9
25 6 24 5
23 14 22 14
24 5 23 5
13 10 12 9
15 12 14 11
19 18 18 17
25 9 24 8
23 15 22 15
11 6 10 6
22 10 21 10
23 5 22 5
22 5 21 4
11 8 10 7
27 12 26 12
17 3 16 3
23 20 22 19
18 12 17 12
21 10 20 9
18 9 17 8
14 11 13 10
20 7 19 6
15 4 16 5
10 6 9 6
9 5 10 5
22 4 21 3
25 16 24 15
26 12 25 11
21 3 22 3
21 20 20 19
11 7 10 7
17 14 16 13
24 15 23 14
22 3 21 2
17 10 16 9
12 9 13 10
21 3 20 2
23 14 22 13
20 5 19 4
14 6 13 6
23 2 22 2
21 1 22 1
16 5 15 5
25 11 24 10
21 4 20 4
20 9 19 8
17 12 16 11
17 9 16 8
15 11 14 10
22 2 21 2
15 5 14 5
27 23 26 23
15 3 16 3
20 2 19 2
24 8 23 7
24 4 23 3
19 8 18 7
24 9 23 8
24 1 23 1
19 4 18 3
21 2 20 2
11 4 10 3
13 6 12 5
22 0 23 1
10 7 9 6
14 2 15 3
12 5 11 5
19 2 18 2
23 1 22 1
24 10 23 10
22 15 21 14
22 2 21 2
18 2 17 2
19 6 18 5
10 7 11 7
18 5 17 5
11 7 10 6
16 10 15 9
23 10 22 10
17 11 16 10
16 3 15 2
16 10 15 10
23 7 22 7
22 13 21 12
22 21 21 20
14 5 13 4
18 7 17 7
17 8 16 7
16 9 15 8
15 8 14 7
20 4 19 4
16 13 15 13
15 6 14 5
23 3 22 3
22 10 21 10
26 23 25 23
14 10 13 9
21 14 20 13
12 9 11 8
24 5 25 5
16 11 15 11
22 3 21 2
25 23 24 23
16 8 15 8
14 3 15 4
17 7 16 6
22 19 21 18
15 11 14 10
13 2 14 3
10 7 11 8
20 2 19 2
16 7 15 7
21 12 20 11
19 2 18 2
16 6 15 5
17 2 16 2
15 5 14 4
14 4 13 3
20 11 19 11
24 23 23 23
13 10 12 9
15 13 14 12
18 2 17 2
16 2 15 2
21 18 20 17
20 13 19 13
11 5 10 4
19 11 18 10
19 13 18 13
18 3 17 3
15 8 14 8
17 5 16 5
22 7 21 6
19 4 18 3
14 7 15 7
22 3 21 3
14 7 13 6
13 4 12 4
21 2 20 2
16 5 15 5
20 17 19 17
21 6 20 6
14 12 13 11
23 8 22 8
13 3 12 3
22 14 21 14
14 8 13 8
22 8 21 8
15 4 14 4
14 5 13 5
18 10 17 9
20 6 19 6
16 2 17 3
21 10 20 9
19 6 18 5
15 9 14 8
10 4 9 3
21 14 20 13
12 9 13 9
11 8 12 9
12 4 11 3
19 17 18 16
11 8 10 7
20 19 19 18
13 11 12 10
10 5 9 4
21 8 20 7
18 17 19 18
18 5 17 5
13 6 12 5
18 13 17 12
15 2 16 2
14 3 13 3
20 9 19 9
13 9 12 8
17 9 16 8
15 2 14 2
15 10 14 9
18 3 17 2
9 6 10 7
17 5 16 5
17 3 16 3
17 12 16 12
9 3 10 3
15 7 14 7
20 2 19 2
14 8 13 7
13 8 12 7
13 3 12 3
15 5 16 5
19 9 18 9
20 13 19 12
14 9 13 8
21 20 20 19
21 3 20 2
13 8 12 7
16 8 15 8
16 12 15 12
13 8 12 8
12 5 11 4
13 3 14 4
14 10 13 10
15 5 14 5
18 3 17 3
15 8 14 8
14 8 13 8
13 5 14 5
18 16 17 15
20 7 19 7
18 9 17 9
16 5 15 4
14 7 13 6
15 12 14 11
14 11 13 11
13 6 12 6
12 7 11 7
14 11 13 10
17 15 16 14
17 9 16 8
10 6 11 7
12 10 13 11
16 8 15 7
15 4 14 3
15 3 14 3
19 2 18 2
14 4 13 4
20 2 19 2
13 4 14 5
15 7 14 7
11 4 10 4
18 2 17 2
13 7 12 7
12 7 11 6
19 12 18 11
18 11 17 11
10 3 11 3
15 3 16 3
11 7 12 8
19 7 18 7
16 3 17 3
14 8 13 7
13 4 12 4
11 3 12 3
14 7 13 6
13 3 12 3
14 3 13 3
12 4 11 4
13 7 12 7
15 3 14 3
13 6 12 6
16 14 15 13
17 11 16 10
14 12 15 13
13 5 12 5
12 7 13 8
14 5 13 4
18 7 17 7
13 4 12 4
11 6 10 5
17 7 16 6
12 7 11 6
13 8 12 7
16 6 15 5
12 5 11 5
12 6 11 6
10 3 11 3
15 5 14 4
10 3 9 3
14 4 13 4
16 10 15 9
13 6 12 5
10 5 11 5
10 5 9 4
12 4 13 4
11 4 12 4
11 3 12 3
10 4 11 4
15 9 14 9
14 9 13 8
10 3 11 3
12 8 13 8
28 0 29 0
12 7 13 8
12 7 11 6
11 8 12 8
11 7 12 8
11 8 10 7
10 7 9 6
27 2 28 3
25 5 26 5
23 14 22 13
16 11 17 11
28 26 27 25
28 3 29 3
24 2 25 2
20 16 21 16
19 17 20 17
20 18 21 19
27 22 26 22
28 1 29 2
26 9 27 9
18 16 19 16
19 15 20 15
22 13 23 13
27 19 28 19
21 15 22 15
16 8 17 9
26 5 27 6
26 24 27 24
27 24 28 25
17 7 18 8
29 25 28 25
19 6 20 6
27 9 28 9
18 5 19 6
23 20 24 20
25 8 26 9
20 2 21 3
27 14 28 14
18 11 19 11
25 12 24 12
28 14 29 14
25 2 26 2
27 14 28 14
20 6 21 7
23 13 24 13
28 19 27 18
23 5 24 5
25 6 24 5
29 3 28 2
20 17 21 17
24 17 25 18
16 8 17 8
22 15 23 16
26 9 27 9
22 16 23 17
21 17 22 18
18 9 19 10
24 13 25 14
25 18 26 19
27 16 26 15
21 7 22 8
26 19 27 20
22 18 23 19
24 17 25 17
26 2 27 2
20 15 21 15
18 8 19 8
29 27 28 26
17 9 18 10
19 12 20 12
21 16 22 17
28 26 27 25
27 2 28 3
21 19 22 20
17 11 18 12
24 20 25 20
24 12 23 12
18 12 19 13
18 4 19 5
22 20 23 20
25 11 24 11
26 20 27 21
20 14 19 13
17 5 16 5
19 6 20 7
26 13 25 13
17 11 18 12
26 1 25 1
19 10 20 11
17 11 16 10
20 17 21 17
19 6 18 6
20 14 21 14
24 10 25 10
18 9 17 8
19 16 20 16
21 10 20 10
22 4 21 4
20 12 21 12
24 16 23 15
21 15 22 16
27 24 26 23
22 9 23 10
25 8 24 7
27 11 26 10
22 3 21 3
26 9 27 10
22 19 21 18
24 10 23 10
29 4 28 3
26 8 27 9
22 5 23 6
23 17 24 18
28 17 27 17
21 8 20 7
18 9 19 10
25 18 24 18
19 3 20 3
21 4 22 5
21 12 22 13
26 5 27 5
24 8 25 8
26 19 25 18
26 21 25 20
28 3 27 3
23 4 24 4
24 13 25 13
16 9 17 9
22 9 21 8
23 20 22 19
20 15 21 15
27 6 28 6
20 5 19 5
18 14 17 14
27 16 28 16
27 2 26 1
21 4 20 3
24 11 23 11
23 20 24 20
23 13 22 13
20 10 21 11
24 13 23 12
23 18 24 18
23 16 24 17
22 2 23 2
22 14 23 15
25 1 26 2
16 5 15 4
14 4 15 4
26 10 25 10
25 19 24 19
20 16 21 16
25 18 24 18
27 16 26 15
17 13 16 13
24 12 25 13
27 8 26 7
22 8 23 9
23 17 22 16
29 17 28 16
25 23 24 22
27 13 26 12
15 7 16 7
25 21 24 20
25 7 26 7
19 8 20 9
25 13 26 14
25 17 26 17
22 3 23 4
24 4 23 4
28 15 27 15
26 11 25 11
22 10 23 10
24 11 25 12
19 7 20 8
22 4 23 4
22 10 21 9
21 6 20 5
14 8 15 8
27 26 26 26
20 17 19 16
20 17 21 18
22 11 23 12
17 12 18 13
25 14 26 15
25 17 24 16
24 4 25 5
25 14 24 14
19 6 20 6
19 13 18 12
12 2 13 2
21 13 22 13
24 13 25 13
24 13 23 13
28 10 27 9
24 23 25 23
22 3 21 3
25 11 24 10
27 17 26 17
29 19 28 18
17 5 18 6
22 12 23 12
25 17 26 17
26 18 25 18
21 18 22 18
26 15 27 15
20 10 19 10
19 14 18 14
21 2 22 3
20 10 21 11
21 11 22 12
24 19 23 18
20 3 21 3
20 9 21 9
25 22 26 23
22 7 23 7
26 9 25 8
17 8 16 7
26 15 25 15
15 12 16 13
24 17 23 17
23 21 24 21
16 6 15 5
24 17 25 17
24 12 23 12
25 8 24 8
17 14 16 14
27 23 28 24
19 11 20 11
25 16 24 15
26 6 27 6
28 28 29 28
25 10 24 9
20 15 19 15
21 11 20 11
22 10 23 10
27 14 26 14
24 9 23 9
25 25 26 26
23 17 24 17
25 5 26 6
27 3 26 3
16 6 17 7
17 8 18 9
25 19 26 19
16 10 15 10
23 17 22 16
24 17 25 18
23 9 22 9
27 0 28 1
13 6 14 6
28 5 27 5
17 12 16 12
23 8 24 8
26 11 27 12
22 20 23 21
27 5 26 4
18 7 19 7
22 7 23 8
15 5 16 6
18 12 17 12
19 16 18 16
24 10 23 9
25 11 26 12
19 6 18 6
26 16 27 17
23 14 24 14
18 14 17 14
14 9 15 10
17 10 16 10
25 1 24 1
26 15 27 16
25 14 24 14
22 18 23 18
26 16 25 16
24 2 23 2
15 6 16 6
16 6 17 7
22 6 21 5
18 10 19 10
25 17 26 18
20 6 21 7
17 15 18 16
18 11 19 12
17 14 16 13
28 24 29 24
21 6 22 7
18 9 19 9
26 8 25 8
22 19 23 20
19 9 20 9
20 18 19 17
26 18 27 19
16 8 15 8
16 5 17 5
18 6 17 6
26 25 27 26
21 13 22 14
20 13 21 13
27 12 28 13
20 6 21 6
16 9 15 9
21 18 22 19
27 23 26 22
25 13 24 12
23 20 24 21
24 19 23 19
24 24 25 24
16 7 15 7
19 6 20 6
20 15 19 14
24 4 23 4
20 4 19 4
22 11 21 11
27 27 26 26
23 17 24 18
21 14 22 14
28 16 27 16
11 1 12 2
24 0 23 0
27 9 26 8
17 9 18 9
22 9 21 9
24 10 25 11
22 17 23 17
27 12 26 11
16 5 15 4
22 13 23 14
26 15 27 16
22 8 21 8
21 8 20 8
20 13 19 12
25 5 24 5
28 14 27 13
15 8 14 8
23 3 24 3
21 9 20 9
25 22 24 21
19 6 18 6
22 15 23 15
25 10 26 11
23 10 24 11
21 18 20 17
13 7 14 7
23 8 22 7
21 19 20 18
22 8 21 7
21 15 20 15
20 15 19 14
25 21 26 22
23 4 22 4
18 16 19 17
25 2 24 2
16 10 15 10
19 15 18 15
26 23 25 22
21 15 22 16
18 7 17 7
18 6 17 6
26 3 25 3
24 0 25 0
22 20 21 19
20 5 19 4
20 7 19 7
17 5 18 6
18 15 17 14
20 13 21 14
22 15 21 14
19 12 18 11
27 13 26 12
20 6 21 7
17 5 16 5
22 13 21 13
24 17 23 17
22 19 21 18
27 10 26 9
17 5 18 5
23 12 22 11
27 23 28 24
22 15 23 15
17 6 16 5
18 6 19 7
17 9 16 9
27 26 28 27
20 17 19 17
19 5 20 5
15 4 16 5
16 9 15 9
19 6 18 5
24 23 25 24
19 8 20 8
18 10 17 9
21 17 22 18
17 8 16 8
20 13 21 13
18 14 19 14
25 8 26 8
18 7 19 8
15 7 14 7
23 4 24 5
25 17 26 18
19 13 20 13
20 6 19 6
28 14 29 14
28 28 27 27
21 6 20 6
25 3 24 2
21 17 20 16
19 8 20 9
22 5 23 5
20 11 19 11
24 6 23 6
23 15 24 15
19 9 18 9
21 16 22 17
25 15 24 15
25 11 26 12
19 10 20 10
26 14 25 13
25 25 24 24
23 9 22 9
22 8 21 8
19 11 20 12
22 16 23 17
28 9 27 8
25 9 24 8
24 19 25 20
26 2 25 2
17 13 18 14
18 10 19 11
19 9 18 8
28 7 27 6
23 11 22 10
22 4 21 4
21 4 20 4
20 11 21 11
24 22 23 21
24 0 23 0
18 13 19 13
20 14 19 14
22 4 23 4
18 11 17 10
23 16 22 16
21 15 20 15
19 8 18 8
20 2 21 3
10 1 11 1
19 12 20 13
16 13 17 14
24 19 23 18
21 15 22 16
24 17 25 17
21 9 22 9
27 8 26 7
20 11 19 11
23 16 24 17
29 4 28 4
22 20 23 21
18 13 17 13
15 7 16 8
17 8 18 8
21 14 20 14
16 13 15 12
24 7 23 7
20 7 21 8
26 18 25 18
22 15 23 16
21 10 20 10
23 15 24 16
20 18 19 17
21 8 22 9
28 13 29 14
24 7 25 8
15 8 16 9
16 12 15 11
15 7 14 6
24 7 23 6
23 16 24 17
16 4 17 5
26 19 27 20
25 14 26 15
26 9 25 8
14 4 15 5
26 7 25 6
9 1 10 1
13 7 14 8
16 9 17 10
24 18 23 17
22 10 21 10
15 8 16 9
23 7 22 6
16 7 15 7
21 9 20 9
25 13 24 13
16 8 17 9
25 4 26 5
23 18 22 17
27 18 26 17
24 10 23 9
22 6 23 6
23 19 22 18
22 14 23 15
26 23 27 23
25 1 26 1
18 10 17 10
17 9 18 9
19 15 20 16
18 9 19 10
23 14 24 14
21 13 20 13
21 13 22 14
26 5 25 5
19 13 18 12
16 5 15 5
16 10 17 10
25 0 26 0
24 4 25 4
25 11 24 11
24 17 23 17
22 8 23 9
21 19 20 18
27 17 28 17
24 8 23 7
26 10 25 9
27 13 28 14
24 19 23 18
26 15 27 16
19 15 18 15
23 13 22 12
14 8 15 9
20 17 21 18
28 18 27 17
22 7 23 7
17 13 16 12
21 8 22 8
21 7 22 7
25 11 26 12
26 12 27 12
27 20 28 21
23 12 24 13
25 23 26 23
28 5 27 5
24 7 23 7
21 10 20 10
25 18 24 18
27 15 26 14
24 9 25 10
24 15 23 14
22 6 21 6
23 20 22 19
23 6 22 6
22 17 21 17
23 20 24 20
14 9 13 9
19 13 20 14
21 6 20 6
17 8 16 8
27 15 28 16
21 18 22 19
21 13 20 12
17 15 16 14
17 9 16 9
24 15 23 15
20 16 21 16
23 8 24 9
19 16 20 16
22 16 23 16
19 8 18 8
22 16 21 16
20 7 21 8
26 22 27 23
25 12 26 12
23 9 22 9
26 4 25 4
19 11 18 10
17 5 16 5
23 16 22 16
25 15 24 15
27 5 26 5
8 1 9 1
21 14 22 15
26 6 27 6
18 14 19 15
27 13 26 12
21 8 20 8
18 7 17 6
18 14 19 14
22 4 21 4
20 5 21 5
25 21 24 20
20 11 21 12
24 13 25 14
24 18 23 18
25 0 24 0
20 15 19 14
22 19 23 19
22 12 21 11
20 13 21 14
27 10 28 11
27 4 26 4
25 10 24 10
20 8 19 8
18 5 19 5
13 6 14 6
15 9 16 10
24 11 23 10
12 2 11 2
24 16 23 16
19 3 20 3
15 7 16 8
24 7 25 7
19 15 20 15
16 5 15 5
20 9 19 9
20 6 19 5
20 15 21 16
20 8 21 8
26 20 25 19
24 14 23 13
24 11 23 11
15 7 14 6
22 16 23 17
8 1 7 1
24 20 23 19
24 12 23 11
17 15 18 15
14 6 13 5
16 7 17 8
24 19 25 19
7 1 6 0
19 10 20 11
22 19 23 19
7 1 6 1
24 9 25 9
24 20 25 21
23 22 24 23
21 6 20 6
26 3 25 3
25 11 26 12
21 19 22 20
29 12 28 11
22 11 23 12
23 15 22 14
23 10 22 9
24 4 25 4
21 2 22 2
23 11 22 10
20 13 19 12
20 11 21 11
18 9 19 10
20 14 21 15
23 10 24 10
23 14 22 14
22 6 21 6
14 7 13 6
21 18 20 17
18 12 17 11
6 0 5 0
22 8 23 8
18 12 19 13
25 23 26 24
23 4 24 4
21 5 22 5
22 12 23 12
17 15 18 16
17 5 18 5
27 22 28 22
21 9 20 8
25 25 26 26
24 9 23 9
26 0 27 0
23 6 24 7
27 23 28 24
19 12 18 11
23 7 22 7
25 0 26 0
23 3 22 3
24 4 25 4
23 20 24 21
29 25 28 24
17 11 18 11
19 13 20 14
22 11 21 10
16 5 17 6
22 7 21 7
10 2 11 2
17 6 16 6
27 12 28 12
28 15 29 16
20 16 19 15
18 11 19 11
16 11 17 11
18 16 19 17
28 8 27 8
16 7 15 6
18 10 17 10
16 5 15 5
26 6 25 6
28 5 27 4
20 11 19 10
24 13 23 12
25 14 26 15
24 7 25 8
20 18 19 17
18 15 19 16
21 16 22 16
27 18 28 19
25 9 24 9
19 12 20 12
20 9 21 10
22 15 23 16
27 23 28 24
24 11 25 11
21 12 20 11
26 1 27 1
15 6 14 6
19 14 18 14
20 10 19 9
20 7 19 7
21 13 20 13
20 6 21 7
25 9 26 10
17 14 18 15
26 9 27 9
5 1 6 1
22 8 21 8
23 17 22 16
22 14 21 13
23 17 24 17
23 20 22 19
19 5 18 5
25 5 24 5
28 1 29 1
5 0 4 0
18 8 19 9
3 0 4 0
24 12 25 13
24 5 23 5
23 5 22 5
23 3 24 3
18 11 19 12
26 11 27 11
26 12 25 11
22 2 23 2
20 12 21 13
29 28 28 27
22 19 21 18
24 20 23 19
25 11 24 10
14 6 15 7
20 7 21 7
10 2 9 2
22 15 21 15
27 0 28 0
27 3 28 3
14 9 15 10
2 0 3 0
23 7 24 7
20 16 21 17
1 1 2 2
28 9 27 8
19 5 20 5
21 2 20 2
21 17 22 18
15 8 14 7
23 2 24 2
21 3 20 3
14 4 15 4
15 4 16 4
17 15 16 14
17 5 18 5
23 11 24 11
24 0 25 0
27 14 28 15
3 3 2 2
28 18 29 19
23 6 22 6
24 8 23 8
24 21 23 20
23 16 24 17
26 25 25 24
17 15 18 16
1 0 2 0
22 9 23 10
29 17 28 17
18 16 19 17
20 16 19 15
18 14 17 13
25 12 24 11
21 19 20 18
21 17 20 16
17 10 16 10
18 16 17 15
29 18 28 17
19 15 20 16
24 5 23 5
18 4 19 4
16 12 15 11
15 8 14 8
0 0 1 1
16 8 15 7
22 8 23 8
0 0 1 0
2 2 1 1
25 24 24 23
19 6 20 6
