2785
27 15 26 14
26 3 25 2
13 1 12 1
9 0 8 0
26 14 25 14
24 21 23 20
26 15 25 15
19 14 18 14
29 15 28 15
23 1 22 0
18 14 17 13
12 7 11 6
25 4 26 5
9 8 8 7
25 15 24 15
29 8 28 8
12 1 11 1
18 6 17 5
29 12 28 11
28 11 27 11
14 6 13 5
28 15 27 14
28 0 27 0
11 1 10 1
24 15 23 15
27 10 26 10
23 15 22 15
22 15 21 14
23 10 22 10
25 2 24 1
17 5 16 4
14 9 13 8
21 14 20 14
15 10 14 10
13 8 12 7
23 20 22 19
21 1 20 0
14 10 13 10
26 5 25 5
28 8 27 8
26 10 25 9
11 7 10 7
12 7 11 7
6 2 7 3
25 5 24 5
10 7 11 7
22 14 21 14
24 9 23 8
13 10 12 10
24 1 23 1
22 0 23 1
23 1 22 1
11 7 10 6
27 11 26 11
25 9 24 8
22 1 21 1
24 8 23 7
27 8 26 8
26 11 25 10
10 9 9 9
22 0 21 0
17 13 16 13
22 10 21 9
24 4 23 4
21 0 20 0
28 13 29 14
24 5 23 5
25 10 24 9
18 1 19 1
10 1 9 0
27 0 26 0
21 9 20 8
21 19 20 19
23 5 22 4
24 9 23 9
27 25 28 25
9 9 8 8
15 0 16 0
20 9 19 9
23 4 22 4
20 14 19 13
9 0 10 0
18 2 17 1
16 11 15 11
10 7 9 7
17 1 16 0
8 8 7 7
19 13 18 12
18 1 17 1
18 12 17 12
21 1 20 1
25 14 24 14
20 0 19 0
10 6 9 5
15 11 14 11
27 14 26 13
19 9 18 8
12 10 11 10
21 14 20 13
17 1 16 1
16 4 15 4
21 0 20 0
23 8 22 7
20 1 19 1
24 14 23 14
26 8 25 7
25 7 24 7
13 5 12 5
23 7 22 6
19 1 18 1
22 7 21 6
26 0 25 0
14 11 13 11
15 4 14 3
7 2 6 1
8 0 7 0
20 13 19 13
22 6 21 5
21 5 20 4
20 4 19 4
19 0 18 0
21 6 20 6
20 8 19 8
12 4 11 4
14 3 13 2
23 9 22 8
22 4 21 4
9 0 8 0
19 4 18 4
19 8 18 7
22 19 21 19
19 13 18 12
25 0 24 0
18 12 17 11
20 6 19 5
22 8 21 8
6 1 5 0
26 13 25 12
18 1 17 0
20 19 19 18
21 19 20 18
16 13 15 13
17 12 16 11
23 4 22 3
18 4 17 3
17 3 16 2
17 0 18 0
16 3 15 2
25 12 24 11
24 7 23 7
22 3 21 3
21 8 20 7
21 3 20 3
10 0 9 0
19 18 18 17
19 5 18 5
20 0 19 0
20 3 19 2
23 7 22 6
8 7 7 6
16 2 15 1
11 4 10 4
16 0 15 0
17 11 16 10
24 11 23 10
22 9 21 9
22 6 21 6
23 14 22 14
15 13 14 12
20 18 19 18
7 7 6 6
19 18 18 18
21 6 20 6
22 14 21 14
9 7 8 7
20 6 19 5
16 10 15 10
19 5 18 4
8 7 7 7
21 14 20 13
19 0 18 0
15 2 14 2
15 1 14 1
18 7 17 7
24 0 23 0
16 11 15 11
20 7 19 6
19 8 20 8
15 11 14 11
19 2 18 2
23 10 22 10
23 0 22 0
27 26 28 26
6 6 5 5
14 12 13 12
14 11 13 10
18 4 17 4
18 2 17 1
22 0 21 0
19 6 18 6
18 5 17 5
21 0 20 0
18 8 17 8
14 1 13 1
18 18 17 17
17 17 16 16
19 0 20 0
13 1 12 1
16 1 15 1
13 11 12 10
15 1 14 1
17 4 16 3
14 2 13 1
25 4 24 4
9 5 8 5
13 12 12 11
22 10 21 10
12 11 11 11
17 5 16 5
11 11 10 10
14 1 13 0
12 10 11 9
20 13 19 12
17 1 16 1
12 1 11 1
7 6 6 6
18 17 17 17
21 4 20 4
20 4 19 4
10 10 9 9
11 10 10 9
19 12 18 11
17 7 16 6
15 10 14 10
18 11 17 10
16 3 15 3
13 10 12 9
17 0 16 0
21 10 20 9
5 0 4 0
18 6 17 5
17 10 16 9
13 1 12 1
16 1 15 1
18 0 17 0
8 1 7 1
11 1 10 1
16 5 15 4
4 4 3 3
15 4 14 3
13 0 12 0
15 1 14 1
5 5 4 4
14 1 13 1
21 7 20 6
8 4 7 4
19 0 18 0
20 9 19 9
7 1 6 1
14 3 13 3
16 6 15 5
17 8 16 7
16 9 15 9
13 3 12 2
16 16 15 15
15 9 14 9
15 3 14 2
12 1 11 1
20 6 19 6
18 0 17 0
6 1 5 0
16 8 15 8
19 9 18 8
9 0 10 1
17 5 16 5
10 9 9 8
6 6 5 5
19 4 18 4
15 0 14 0
13 1 12 1
20 0 19 0
15 15 14 14
12 9 11 8
15 5 14 4
8 0 9 0
14 4 13 3
10 1 9 1
14 9 13 8
27 21 26 21
9 8 8 7
13 2 12 2
14 2 13 1
13 3 12 3
12 0 11 0
15 8 14 7
27 11 28 11
12 2 11 1
16 5 15 4
13 8 12 8
12 3 11 3
14 10 13 10
4 0 3 0
11 0 10 0
8 5 7 5
13 1 12 0
17 17 16 16
5 5 4 4
21 9 20 8
13 10 12 9
11 9 10 9
11 8 10 7
3 3 2 2
7 0 6 0
11 2 10 2
12 9 11 9
18 8 17 8
12 0 11 0
19 6 18 6
8 7 7 6
8 0 7 0
5 0 4 0
16 0 15 0
7 7 6 6
15 4 14 4
14 0 13 0
17 8 18 9
16 7 15 7
18 9 17 9
17 9 16 8
12 1 11 0
24 4 23 3
9 1 8 0
12 1 13 2
10 0 9 0
16 8 15 8
15 8 14 8
11 9 10 8
18 6 17 5
17 5 16 4
22 15 23 16
12 8 11 7
16 4 15 4
10 8 9 7
15 0 14 0
9 0 8 0
11 3 10 3
18 4 17 3
23 3 22 2
10 7 9 6
12 5 11 5
13 0 12 0
11 5 10 5
14 8 13 7
17 0 16 0
14 14 13 13
11 0 12 0
8 0 7 0
10 4 9 4
10 9 9 8
11 7 10 6
9 4 8 4
9 7 8 6
16 16 15 15
7 6 6 5
14 7 13 6
18 0 17 0
13 13 12 12
10 3 9 3
5 5 6 5
9 9 8 8
8 4 7 3
13 7 12 6
19 0 18 0
15 15 14 14
9 3 8 2
11 0 10 0
9 6 8 5
16 0 15 0
9 0 10 0
11 6 10 5
22 2 21 2
12 1 11 0
12 6 11 5
12 2 11 2
12 12 11 11
8 4 9 4
6 0 5 0
6 5 5 4
3 0 2 0
11 1 10 1
5 5 4 4
17 0 16 0
15 7 14 7
11 5 10 4
11 0 12 0
11 6 10 6
11 0 10 0
18 0 17 0
11 0 12 0
14 7 13 7
12 1 11 1
20 8 19 7
14 4 13 4
13 6 12 5
7 0 6 0
9 4 10 4
8 6 7 5
11 11 10 10
7 4 6 3
10 6 9 6
13 2 12 1
7 5 6 5
15 4 14 4
9 0 8 0
8 6 7 5
8 5 7 4
13 4 12 3
21 2 20 2
14 14 13 13
9 6 8 5
4 0 3 0
7 3 6 2
12 5 11 5
7 4 8 5
10 0 9 0
8 2 7 1
10 1 9 1
6 0 7 1
7 5 6 4
21 12 20 12
9 4 8 3
10 2 9 2
13 13 12 12
17 3 16 2
10 10 9 9
11 1 10 1
19 7 18 6
14 0 13 0
10 1 11 2
8 8 7 7
6 4 5 3
12 3 11 3
5 3 4 2
11 2 10 2
9 8 8 7
16 2 15 2
11 6 10 6
12 12 11 11
8 7 7 6
11 3 10 3
15 0 14 0
8 3 7 3
2 0 1 0
12 1 11 1
16 0 15 0
9 9 8 8
3 0 2 0
28 11 29 12
5 4 4 3
10 6 9 6
15 2 14 2
4 2 3 1
6 3 5 2
9 1 8 1
7 7 8 8
11 11 10 10
6 2 5 1
3 1 2 1
10 2 9 1
10 1 9 1
7 6 6 5
26 21 25 20
12 0 13 0
5 1 4 0
14 0 13 0
10 3 9 3
17 0 16 0
8 5 7 5
7 1 6 1
10 4 11 4
6 1 5 1
9 6 8 6
14 0 15 0
16 0 15 0
11 0 12 0
16 10 17 10
14 2 13 2
8 6 7 5
11 0 10 0
7 7 6 6
25 6 26 6
13 2 12 2
11 1 12 2
12 2 11 2
5 2 4 1
14 4 13 4
20 2 19 1
7 3 6 3
10 1 11 1
4 3 3 3
8 0 7 0
7 5 6 4
19 1 18 1
6 6 5 5
5 5 6 5
7 4 6 4
4 1 3 0
5 1 4 1
13 7 12 7
8 6 7 5
25 20 24 20
9 1 8 0
6 5 5 4
9 0 10 1
13 0 12 0
10 1 9 1
7 5 6 5
13 0 14 0
10 10 9 9
9 3 8 3
6 5 7 6
3 3 4 4
18 1 17 1
9 1 8 0
12 0 11 0
7 4 6 3
16 0 17 1
9 9 8 8
13 0 12 0
17 1 16 1
11 1 10 1
6 4 5 3
11 4 12 5
4 4 5 4
7 4 6 4
13 4 12 3
24 20 23 19
9 2 8 2
11 2 10 2
16 1 15 1
11 5 10 4
2 0 3 0
15 0 16 0
15 1 14 1
8 1 7 1
7 7 8 8
3 0 4 0
6 3 5 2
9 1 8 1
8 3 7 3
5 2 4 2
14 0 15 0
5 5 4 4
13 0 14 0
7 3 6 3
8 0 9 0
4 0 5 0
9 0 10 0
11 0 10 0
6 3 5 2
10 1 9 1
10 2 9 2
17 10 18 11
20 2 21 2
7 0 6 0
14 1 13 1
12 0 13 0
11 0 12 0
4 2 3 1
10 0 11 0
6 4 5 4
5 0 6 0
1 1 0 0
1 0 2 0
28 25 29 26
7 1 6 0
3 0 4 0
6 6 7 7
7 0 8 0
3 1 4 1
5 4 4 3
7 1 6 1
2 0 3 1
13 1 12 1
5 5 6 6
6 5 5 4
5 2 4 2
4 3 3 2
12 7 11 7
23 19 22 19
5 3 4 3
18 6 17 5
5 5 4 4
12 1 11 1
7 0 6 0
11 7 10 7
8 1 7 1
4 4 3 3
7 1 6 1
18 11 19 12
9 2 8 1
9 0 10 0
8 1 9 1
2 2 3 3
7 6 6 5
10 5 9 5
3 2 2 1
8 2 7 2
5 4 6 4
7 1 8 1
3 1 2 1
11 1 10 1
7 2 6 2
4 2 3 2
18 14 19 14
8 1 9 1
10 1 9 1
2 0 3 0
5 0 4 0
3 0 4 0
4 3 3 2
10 4 9 4
6 1 5 1
9 4 8 3
8 1 9 1
22 19 21 19
20 12 19 12
7 1 6 1
3 3 4 4
8 1 7 1
8 0 9 0
9 1 8 1
3 1 4 1
4 3 5 4
5 5 4 4
5 0 6 0
6 4 5 3
6 0 7 0
4 2 5 3
25 25 26 26
21 2 22 2
3 2 2 1
4 1 5 1
9 0 10 0
7 0 8 0
29 26 28 26
10 1 9 1
9 5 8 4
10 0 11 0
19 12 18 11
4 0 5 0
9 0 8 0
18 11 17 10
4 1 3 1
17 10 16 9
5 5 6 6
10 7 9 6
7 7 6 6
5 0 6 0
7 7 8 8
6 0 7 0
22 19 23 19
21 19 20 19
12 3 11 3
8 3 7 2
8 8 9 9
11 3 10 2
9 0 10 0
5 1 6 2
7 0 8 0
5 0 6 0
10 0 11 0
23 19 24 20
20 19 19 19
10 2 9 2
8 1 9 2
9 2 8 2
4 1 5 1
7 1 8 1
6 2 5 2
5 2 4 2
8 0 9 0
6 1 7 1
7 2 6 2
5 2 6 2
5 1 6 1
5 1 4 0
3 1 4 1
7 0 6 0
8 4 7 3
9 0 10 0
28 26 29 27
11 0 10 0
19 19 18 18
8 2 7 2
4 0 3 0
21 9 22 10
4 1 5 1
19 14 20 14
12 5 13 5
17 5 16 4
20 1 21 1
16 9 15 8
4 2 5 2
18 18 17 17
2 1 3 1
4 1 3 1
9 6 8 6
15 8 14 8
16 4 15 3
3 2 4 2
20 12 21 13
2 1 1 1
6 2 7 3
23 16 24 16
7 3 6 3
22 10 23 10
5 3 6 3
5 2 6 2
26 26 27 27
17 17 16 16
4 0 5 0
4 2 5 2
1 0 2 1
14 8 13 7
13 7 12 7
17 3 18 3
15 3 14 3
16 16 15 15
3 1 4 2
24 20 25 21
3 1 2 1
3 2 2 2
12 7 11 7
2 1 1 0
21 1 22 1
22 2 23 2
20 14 21 15
1 1 2 2
18 3 19 3
4 0 3 0
23 2 24 2
11 7 10 6
22 1 23 2
8 6 7 5
6 5 7 5
5 4 6 5
4 3 5 4
7 5 6 4
2 0 3 0
3 3 4 3
21 15 22 15
2 2 3 3
27 27 28 28
1 1 2 2
15 15 14 14
13 5 14 6
24 16 25 16
2 0 1 0
10 6 9 5
22 15 23 15
14 6 15 6
23 2 24 3
25 21 26 22
26 22 27 22
9 5 8 5
27 22 28 22
8 5 7 4
6 4 7 4
5 3 6 4
25 16 26 16
24 3 25 4
4 2 5 3
23 10 24 10
21 13 22 13
26 6 27 7
4 3 5 3
26 16 27 16
3 1 4 2
3 2 4 2
25 4 26 5
24 2 25 2
2 1 3 1
14 3 13 3
14 14 13 13
23 15 24 16
19 3 20 3
13 13 12 12
15 6 16 6
17 6 16 5
28 28 29 29
27 16 28 16
16 5 15 5
22 13 23 13
2 1 1 1
20 3 21 4
1 1 0 0
12 12 11 11
13 3 12 2
0 0 1 0
15 5 14 5
16 6 17 6
21 4 22 4
17 6 18 7
28 22 29 22
11 11 10 10
9 9 10 10
25 2 26 2
8 8 9 9
26 5 27 6
7 7 8 8
7 7 6 6
5 5 6 6
4 4 5 5
24 10 25 10
3 3 4 4
12 2 11 2
2 2 3 3
22 4 23 5
14 5 13 4
27 7 28 7
11 2 10 2
10 2 9 1
10 2 9 2
9 2 8 2
8 1 9 1
7 1 8 1
6 0 7 1
6 1 7 1
18 7 19 8
5 1 6 1
5 1 4 1
27 6 28 6
5 0 6 0
26 2 27 3
19 8 20 8
4 0 5 0
23 13 24 14
24 16 25 16
23 5 24 6
28 16 29 17
3 0 4 0
25 10 26 10
26 10 27 10
25 16 26 17
1 1 2 2
3 0 2 0
24 14 25 15
25 15 26 15
27 3 28 4
26 17 27 18
26 15 27 15
20 8 21 9
21 9 22 9
28 6 29 6
1 0 2 0
28 4 29 5
24 6 25 6
1 1 0 0
27 18 28 18
25 6 26 6
13 4 12 4
1 0 0 0
27 10 28 10
22 9 23 9
28 18 29 18
28 7 29 8
26 6 27 7
23 9 24 9
27 15 28 16
24 9 25 10
28 16 29 16
25 10 26 11
27 7 28 7
29 8 28 7
12 4 11 4
26 11 27 11
11 4 10 3
10 3 9 3
8 2 9 3
9 3 8 3
7 2 8 2
8 3 7 3
6 2 7 2
5 2 6 2
4 2 5 2
28 7 29 7
27 11 28 11
3 2 4 2
4 1 5 2
2 2 3 2
3 2 2 1
28 10 29 11
29 11 28 11
1 1 2 2
0 0 1 1
18 8 17 7
21 18 20 18
25 18 24 18
24 18 23 18
27 12 26 12
23 5 22 4
26 1 25 1
22 20 21 20
14 13 13 13
22 4 21 4
22 3 21 2
20 11 19 11
21 4 20 4
21 19 20 19
23 16 22 16
19 0 18 0
27 26 26 25
28 5 27 4
19 1 18 1
24 2 23 1
19 12 18 11
20 1 21 2
19 16 18 15
17 6 16 5
27 27 26 26
18 1 17 1
23 1 22 1
18 14 17 13
16 10 15 10
21 20 20 20
23 18 22 18
18 15 17 14
28 24 27 24
22 18 21 18
16 2 15 2
20 18 19 17
27 14 26 13
15 10 14 9
16 14 15 14
22 8 21 7
17 2 16 2
20 19 19 18
19 11 18 10
26 2 25 2
18 7 17 6
26 13 25 12
21 18 20 18
18 11 17 10
22 1 21 0
25 2 24 2
15 14 14 13
25 12 24 11
25 1 24 1
20 18 19 18
19 18 18 17
21 2 20 2
15 2 14 1
21 0 20 0
13 13 12 12
24 1 23 0
14 9 13 9
17 13 16 13
17 1 16 1
14 1 13 1
27 3 26 3
27 4 26 4
25 9 24 8
19 14 18 13
28 27 27 27
26 25 25 24
26 26 25 25
18 13 17 12
16 5 15 5
29 2 28 1
18 4 17 3
17 3 16 3
16 1 15 1
14 13 13 13
23 0 22 0
20 1 19 1
17 10 16 9
28 20 27 19
20 18 19 18
27 27 26 26
22 16 21 16
24 11 23 11
11 5 10 5
22 0 21 0
18 10 17 9
16 3 15 2
19 17 18 16
24 8 23 7
28 1 27 0
17 6 16 5
19 18 18 18
27 0 26 0
25 24 24 24
13 3 14 4
15 2 14 1
19 1 18 1
13 1 12 1
24 2 23 1
23 11 22 10
26 3 25 2
18 1 17 1
18 16 17 15
27 10 26 9
20 5 19 5
23 9 22 9
22 9 21 9
25 25 24 24
13 9 12 8
18 18 17 17
10 5 9 4
7 6 8 7
16 9 15 8
20 0 21 0
21 7 20 6
26 12 25 12
22 10 21 10
17 9 16 8
27 19 26 18
15 5 14 4
17 12 16 11
26 0 25 0
27 0 26 0
17 1 16 1
26 4 25 3
25 12 24 11
16 13 15 12
15 8 14 7
17 7 16 6
20 4 19 4
24 0 23 0
23 0 22 0
16 2 15 2
23 7 22 6
26 18 25 17
21 10 20 9
26 9 25 9
15 2 14 1
19 4 18 3
15 2 14 2
19 5 18 5
25 17 24 16
25 0 24 0
18 17 17 16
14 7 13 6
18 5 17 4
19 15 18 14
23 1 22 1
20 6 19 6
21 0 22 1
15 1 16 1
16 11 15 10
12 1 11 1
24 11 23 10
17 16 16 15
14 2 13 2
24 0 23 0
24 16 23 16
20 9 19 9
23 10 22 10
23 16 22 16
21 16 20 15
26 0 25 0
25 0 24 0
20 15 19 15
21 0 20 0
17 4 16 3
14 1 13 1
21 0 22 0
22 10 21 10
25 2 24 1
21 0 20 0
15 12 14 11
16 5 15 4
20 2 19 2
14 4 13 4
19 9 18 8
13 1 12 1
17 14 16 13
16 8 15 7
19 2 18 1
17 17 16 16
17 15 16 14
19 19 18 18
22 0 23 0
25 9 24 9
24 0 23 0
20 20 19 19
19 6 18 5
24 9 23 9
9 6 10 6
22 6 21 6
21 10 20 9
13 4 12 4
25 3 24 3
21 6 20 5
15 1 14 1
12 4 11 3
14 1 13 1
12 8 11 8
21 9 20 8
13 2 12 2
22 16 21 16
22 1 21 1
20 9 19 9
24 24 23 23
25 25 24 24
27 24 26 23
16 6 15 5
23 23 22 22
26 26 25 25
24 3 23 3
26 23 25 23
19 15 18 15
23 3 22 3
19 0 20 0
25 23 24 22
21 0 20 0
24 22 23 21
19 0 18 0
16 1 15 1
23 9 22 8
16 14 15 13
21 16 20 16
15 4 14 3
16 3 15 2
27 5 28 6
21 1 20 1
23 21 22 21
16 16 15 15
22 22 21 21
20 1 19 1
18 1 17 1
14 3 13 3
18 15 17 14
13 3 12 3
22 0 21 0
21 21 20 20
18 5 17 5
12 3 11 2
15 15 16 15
17 13 18 14
17 1 16 1
20 16 19 16
11 3 10 3
17 13 16 12
18 18 17 17
17 0 18 0
22 3 21 3
19 1 18 1
21 3 20 3
20 3 19 2
20 8 19 7
15 7 14 7
19 0 20 0
11 2 10 2
19 16 18 16
12 2 11 2
11 1 10 1
19 7 18 7
17 5 16 5
16 15 15 14
20 20 19 19
16 12 15 12
15 5 14 5
15 12 14 12
18 7 17 6
20 0 21 0
15 13 14 12
24 24 23 23
9 4 8 4
15 15 14 14
18 1 17 1
13 6 12 6
18 3 17 2
14 5 13 5
10 2 9 2
13 13 14 14
10 3 9 2
12 12 11 11
17 6 16 6
12 1 11 1
17 2 16 2
15 2 14 1
16 13 15 12
18 16 17 15
15 13 14 13
17 17 16 16
16 2 15 2
15 12 14 12
25 25 24 24
18 8 17 7
13 1 12 1
17 7 16 7
16 6 15 5
24 1 23 1
19 9 18 9
22 21 21 20
14 7 13 6
13 5 12 4
20 20 21 20
23 1 22 1
22 1 21 1
21 1 20 1
13 6 12 6
16 5 15 4
20 5 19 5
11 2 10 2
19 2 18 1
17 14 16 14
18 9 17 9
13 13 12 12
23 23 22 22
12 4 11 3
20 1 19 1
19 19 18 18
15 2 14 2
18 1 17 1
10 2 11 3
15 5 14 5
16 1 17 1
19 5 18 4
16 7 17 8
21 20 20 19
15 4 14 4
14 1 13 1
14 13 13 13
14 12 13 12
17 8 16 8
16 16 15 15
10 3 9 3
16 14 15 14
19 1 18 1
14 14 15 15
24 24 23 23
16 8 15 7
22 8 21 7
18 18 17 17
20 19 19 18
14 5 13 5
17 9 16 8
22 22 21 21
13 6 12 5
12 5 11 5
23 23 22 22
17 1 18 1
11 8 10 7
16 1 17 1
16 14 15 13
14 14 13 13
15 13 14 12
14 2 13 2
11 3 10 3
20 20 19 19
14 12 13 11
19 18 18 18
17 17 16 16
21 7 20 7
16 16 15 15
13 11 12 10
16 8 15 8
13 2 12 2
18 18 17 17
15 1 14 1
12 2 11 2
13 1 12 1
13 12 12 11
12 10 11 10
11 10 12 11
10 3 9 3
15 7 14 7
15 8 14 8
21 21 20 20
17 17 16 16
20 7 19 7
13 5 12 5
18 4 17 3
9 3 8 3
14 4 13 3
19 7 18 7
11 10 10 9
22 22 21 21
14 8 13 8
16 1 15 1
12 5 11 5
10 9 9 8
10 3 9 3
15 10 14 9
17 15 16 14
12 5 11 4
13 13 12 12
14 9 13 9
19 19 18 18
11 5 10 4
14 14 15 15
12 6 11 6
10 7 9 6
14 7 13 7
20 20 19 19
17 3 16 3
21 21 20 20
17 1 16 1
13 3 12 3
12 1 11 1
11 2 12 3
12 11 11 10
11 10 10 9
16 14 15 13
11 11 12 12
10 2 11 2
15 13 14 13
18 18 17 17
9 8 8 7
16 3 15 3
11 4 10 3
15 14 14 13
15 3 14 3
12 3 11 3
13 9 12 8
10 4 9 4
18 1 17 1
19 19 18 18
17 17 16 16
14 14 13 13
19 19 20 20
13 8 12 7
10 9 9 8
15 15 16 16
17 17 18 18
19 1 18 1
8 7 7 6
16 16 17 17
15 12 14 12
13 13 12 12
12 12 11 11
8 3 9 4
9 6 8 6
11 1 10 1
15 15 16 16
10 3 9 3
18 18 19 19
14 3 13 3
14 13 13 12
18 7 17 6
16 12 17 13
15 15 14 14
20 16 21 17
15 14 14 13
17 6 16 6
14 12 13 11
13 3 12 2
13 7 12 6
17 17 18 18
15 15 16 16
12 7 11 7
13 13 14 14
11 6 10 6
11 7 10 7
8 6 7 5
13 11 12 10
16 6 15 5
15 5 14 4
12 10 11 10
14 4 13 4
14 11 13 10
12 8 11 7
12 6 11 6
11 6 10 6
25 1 26 2
11 10 10 9
13 4 12 4
10 6 9 6
12 4 11 4
10 9 9 8
9 8 8 7
11 7 10 6
13 10 12 10
10 3 11 4
9 2 10 3
10 6 9 5
9 6 8 5
10 7 9 7
11 4 10 4
10 3 9 3
8 3 9 3
11 6 10 6
9 7 8 6
12 10 11 10
10 9 11 10
8 6 7 5
10 9 9 8
25 12 26 13
9 5 10 6
7 5 8 5
13 12 12 11
12 11 11 10
14 13 13 12
12 11 13 12
9 8 8 7
9 5 8 5
8 7 7 6
10 9 11 10
20 14 21 15
10 9 9 8
10 6 9 6
9 8 8 7
8 7 7 6
8 6 9 6
23 9 24 10
23 7 24 7
26 21 27 22
25 7 26 7
28 3 29 3
12 6 13 6
16 8 17 8
14 7 15 7
27 22 28 23
15 7 16 7
17 8 18 8
18 14 19 14
18 13 19 13
16 11 17 11
18 3 19 3
18 4 19 4
26 13 27 13
28 19 29 19
19 10 20 11
19 3 20 4
14 12 15 13
26 2 27 3
21 17 22 18
15 13 16 13
19 10 20 10
28 23 29 24
18 5 19 5
18 8 19 9
17 13 18 14
16 7 17 7
19 13 20 14
24 10 25 10
26 1 27 1
19 9 20 9
22 21 23 22
23 22 24 22
26 7 27 7
16 15 17 16
12 10 13 10
13 6 14 6
16 15 17 15
27 21 28 22
19 5 20 6
22 10 23 11
18 14 19 15
27 13 28 14
28 22 29 23
25 10 26 10
13 10 14 11
14 11 15 11
20 9 21 9
20 11 21 12
25 19 26 20
28 14 29 15
19 14 20 15
21 6 22 7
21 12 22 12
15 11 16 12
20 5 21 5
16 13 17 13
20 3 21 3
24 7 25 7
23 11 24 12
20 15 21 16
20 6 21 7
26 12 27 12
17 15 18 16
21 9 22 10
20 10 21 10
21 15 22 15
20 8 21 9
21 7 22 7
21 10 22 11
22 7 23 8
25 7 26 7
17 11 18 11
17 13 18 13
14 6 15 7
27 12 28 13
27 3 28 3
18 7 19 8
18 16 19 16
15 7 16 7
19 15 20 16
29 13 28 13
23 8 24 9
24 9 25 9
19 16 20 17
27 1 28 1
16 7 17 8
17 8 18 8
26 8 27 8
19 8 20 8
18 11 19 11
26 10 27 11
22 11 23 11
27 7 28 8
21 7 22 8
26 7 27 7
20 17 21 18
28 12 27 11
21 5 22 6
22 10 21 9
27 7 28 7
26 5 27 6
21 18 22 19
21 16 22 17
22 10 23 11
20 14 21 15
23 4 24 4
18 8 17 7
14 2 15 3
19 4 20 5
26 9 27 10
24 12 25 12
24 4 25 4
18 13 19 13
22 15 23 15
17 7 18 7
21 15 22 16
22 16 23 17
16 12 17 13
21 3 22 3
22 13 23 13
17 13 18 13
20 8 21 8
19 11 20 12
22 3 23 4
24 22 25 23
28 1 29 2
27 10 28 10
20 12 21 13
25 4 26 4
23 17 24 17
22 12 23 12
23 13 24 14
23 12 24 13
19 13 20 13
24 13 25 13
21 9 22 9
22 10 23 10
20 15 21 16
28 10 29 10
22 18 23 18
17 16 18 16
20 13 21 14
24 14 25 15
21 14 22 15
15 3 16 3
16 3 17 3
20 5 21 5
21 13 22 13
23 18 24 19
20 16 21 17
22 9 23 9
23 9 24 10
25 12 26 12
18 8 19 8
21 16 22 16
17 3 18 4
18 4 19 5
25 13 26 14
24 17 25 17
23 10 24 10
23 10 24 11
27 20 28 21
22 6 23 6
24 10 25 10
22 16 23 17
21 5 20 4
28 21 29 21
23 4 24 4
26 12 27 12
25 17 26 18
25 23 26 23
26 18 27 19
26 20 27 20
26 4 27 4
25 10 26 11
26 14 27 15
20 4 21 4
28 13 27 12
22 13 23 13
19 5 20 6
20 6 21 7
27 4 28 5
28 3 29 4
23 17 24 17
27 19 28 20
25 9 26 10
27 20 28 21
27 8 28 9
26 11 27 11
26 10 27 10
24 4 25 4
27 10 28 10
24 11 25 11
19 8 20 9
23 13 24 14
24 14 25 14
18 16 19 17
28 20 29 20
24 19 25 19
19 17 20 17
28 10 29 10
22 8 23 8
21 8 22 8
21 4 22 4
20 17 21 17
22 4 23 4
27 15 28 16
20 9 21 10
22 8 23 9
21 7 22 8
22 17 23 17
22 18 21 17
18 2 17 2
21 14 20 13
20 13 19 13
16 13 15 12
22 17 21 16
26 22 25 22
18 17 17 16
15 9 14 9
13 6 12 6
26 25 25 25
24 5 23 4
19 13 18 13
15 12 14 12
21 8 20 7
23 7 22 7
16 2 15 2
20 7 19 7
28 25 27 24
22 6 21 5
21 16 20 16
22 7 21 7
25 25 24 24
20 16 19 16
26 5 25 5
25 24 24 23
21 7 20 7
26 1 25 1
17 2 16 2
16 12 15 12
27 25 26 24
17 16 16 15
25 1 24 1
19 7 18 7
27 5 26 5
26 5 25 4
20 14 19 13
25 25 26 26
11 8 12 8
24 1 25 2
22 9 21 8
26 24 25 24
25 24 24 23
23 4 22 4
25 22 24 21
27 24 26 23
21 17 20 16
27 20 26 19
17 7 16 7
15 2 14 2
24 24 23 23
16 2 15 2
24 1 23 1
14 2 13 2
25 5 24 5
15 11 14 11
23 23 22 22
22 4 21 3
21 8 20 8
26 23 25 23
25 23 24 22
22 3 21 2
14 12 13 11
25 24 24 24
19 15 18 14
23 4 22 4
14 8 13 7
15 2 14 2
19 16 18 15
13 11 12 10
17 14 16 13
20 16 19 16
24 22 23 22
23 22 22 21
24 5 23 5
25 25 24 24
14 2 13 2
18 4 17 4
20 12 19 11
16 9 15 8
24 24 23 23
18 3 17 2
24 23 23 22
25 4 24 3
23 1 22 1
12 5 11 5
20 9 19 9
22 4 21 4
11 5 10 5
24 22 23 21
22 21 21 21
21 3 20 2
16 15 15 14
17 13 18 14
21 2 20 1
17 2 16 2
14 11 13 10
15 12 14 12
22 1 21 1
26 10 25 10
25 25 24 24
20 8 19 8
20 1 19 1
12 10 13 10
13 10 12 9
17 4 16 3
20 2 19 2
28 28 27 27
23 21 22 20
26 26 25 25
17 13 16 12
15 8 14 7
19 13 18 12
19 11 18 10
21 4 20 4
23 22 22 21
19 2 18 2
22 21 21 20
18 10 17 9
15 14 14 13
21 1 20 1
24 3 23 2
19 8 18 8
18 12 17 12
18 14 17 13
14 12 13 11
18 7 17 6
20 7 19 7
21 5 20 5
18 13 17 12
24 21 23 21
19 1 20 1
25 2 24 2
16 7 15 7
13 7 12 7
21 20 20 19
18 15 17 15
17 6 16 5
23 5 22 5
22 20 21 20
20 5 19 5
19 9 18 8
17 12 16 11
10 8 11 8
16 3 15 3
11 9 12 10
18 2 17 2
11 8 10 7
26 19 25 19
19 5 18 4
23 21 22 20
23 2 22 1
12 9 11 8
24 2 23 2
27 27 26 26
23 2 22 2
20 4 19 3
22 20 21 19
22 5 21 5
18 4 17 3
16 5 15 4
16 11 15 11
14 9 13 8
22 2 21 2
21 20 20 19
19 3 18 3
15 4 14 3
26 26 25 25
13 11 12 10
25 25 24 24
14 3 13 3
21 5 20 4
11 9 10 8
15 11 14 11
19 9 18 9
19 7 18 6
18 8 17 7
25 19 24 18
15 3 14 3
17 3 16 3
18 3 17 3
11 9 12 10
10 8 9 7
19 7 20 8
13 8 12 8
12 8 11 7
16 2 15 2
25 10 24 9
16 13 15 12
14 2 15 2
10 8 11 9
22 1 21 1
12 6 11 6
14 7 13 7
15 12 14 12
13 11 14 12
16 12 15 11
11 6 10 6
18 13 17 12
13 7 12 6
24 9 23 8
17 13 16 13
15 7 14 7
17 7 16 7
14 11 13 10
12 7 11 6
12 10 13 11
20 1 21 1
13 10 12 9
16 7 15 6
21 2 20 2
21 19 20 18
11 6 12 6
17 12 16 11
24 18 23 17
16 11 15 10
19 16 18 15
20 2 19 2
23 17 22 17
17 3 16 2
23 8 22 8
20 4 19 3
18 6 17 6
12 10 11 9
16 2 17 2
15 6 14 5
16 13 15 12
18 9 17 8
14 5 13 4
15 12 14 12
15 12 14 11
15 2 16 3
11 8 12 9
14 12 13 11
19 2 18 2
15 11 14 11
20 18 19 18
17 8 16 8
17 15 16 15
18 2 19 3
16 15 15 14
19 3 18 3
18 3 17 3
17 2 18 2
22 17 21 17
19 18 18 17
20 19 19 18
18 15 17 14
15 14 14 13
11 9 10 8
12 3 13 4
12 6 11 5
17 6 16 5
14 7 13 7
13 11 14 11
21 20 20 19
17 14 16 13
10 7 11 8
12 10 13 11
15 10 14 9
14 11 13 10
18 17 17 16
13 10 12 9
15 11 14 10
14 9 13 8
13 7 12 6
21 17 20 17
17 2 16 2
16 5 15 4
11 9 12 10
16 2 15 2
16 13 15 12
15 12 14 11
13 8 12 8
15 2 14 2
22 8 21 7
11 8 12 9
11 5 12 6
15 4 14 4
17 9 16 9
24 22 25 22
19 18 18 17
16 9 15 9
15 9 14 9
13 10 14 11
21 7 20 7
14 9 13 9
16 3 15 3
17 16 16 15
20 7 19 6
16 15 15 14
13 4 12 4
16 8 15 7
12 8 13 9
19 6 18 5
20 17 19 17
14 10 13 9
12 9 13 10
14 3 15 3
18 5 17 4
14 3 13 3
19 17 18 17
11 7 12 8
17 3 16 3
14 13 15 14
14 4 13 4
20 19 19 18
10 7 11 7
18 17 17 16
19 18 18 17
18 17 19 17
17 4 16 4
19 17 18 16
17 16 16 15
15 3 16 4
16 4 15 4
12 4 11 4
18 16 17 15
14 3 15 3
17 16 18 17
13 3 14 3
15 14 16 15
15 7 14 7
14 7 13 6
13 4 12 4
15 4 14 4
15 14 14 13
13 6 14 6
14 4 13 4
13 4 12 4
20 18 21 19
14 6 13 5
17 15 16 14
13 5 12 5
11 5 12 5
16 14 15 13
17 13 18 14
12 5 13 6
11 4 12 5
12 6 13 6
11 5 12 5
10 5 11 5
20 15 19 15
15 9 16 10
25 2 26 3
24 20 25 21
24 8 25 9
25 2 26 2
26 22 27 23
23 5 24 6
19 15 18 14
23 16 24 16
25 9 24 9
26 3 27 3
24 9 25 10
16 4 17 5
26 2 27 2
19 5 20 6
20 16 21 16
16 10 17 10
14 5 15 5
17 10 18 11
19 9 20 10
22 2 23 3
29 9 28 9
27 23 28 23
22 9 23 10
28 20 27 19
20 11 21 11
18 12 19 13
27 3 28 3
20 8 21 8
20 6 21 6
22 1 23 2
15 5 16 6
21 11 22 11
23 10 24 10
25 21 26 22
18 8 19 9
18 14 19 14
21 16 20 15
18 10 19 11
27 19 28 19
24 6 25 6
24 10 23 9
22 8 23 9
16 6 17 7
17 7 18 7
19 13 20 13
24 16 25 16
21 16 22 16
19 3 20 4
21 8 22 9
19 15 20 16
21 6 22 7
25 10 24 10
17 14 18 14
18 11 19 12
18 7 19 8
22 8 21 7
25 7 26 7
24 5 25 6
22 11 23 12
25 16 26 16
21 19 22 20
23 9 22 8
24 15 23 15
23 12 24 12
19 9 20 9
22 7 23 7
22 20 23 20
20 9 21 9
25 6 26 6
26 7 27 8
24 12 23 11
18 14 19 15
20 4 21 4
25 22 26 23
22 16 23 16
24 10 23 9
24 13 25 13
23 3 24 4
25 19 26 20
23 11 24 11
16 5 17 6
20 18 21 19
17 9 18 10
26 23 27 23
23 9 24 9
20 16 21 16
19 11 20 12
21 16 22 17
22 9 23 9
21 19 22 20
20 12 21 13
23 16 22 15
27 23 28 24
21 9 22 9
22 17 23 18
24 11 25 12
24 4 25 4
23 20 24 21
18 10 19 10
25 13 26 14
17 5 18 5
19 15 20 16
26 6 25 5
26 14 25 14
25 4 26 4
20 10 21 11
22 10 23 11
24 9 23 8
21 13 22 14
27 14 26 13
24 6 23 6
18 12 17 12
19 6 18 6
27 22 26 22
24 16 23 16
26 20 27 21
18 4 19 5
24 18 25 18
28 25 27 24
25 17 24 17
22 10 21 10
17 7 18 7
24 18 23 18
29 1 28 0
27 14 26 14
23 6 22 5
26 18 25 17
21 7 22 7
19 15 18 15
24 7 23 7
24 22 23 21
16 11 15 11
27 5 26 4
15 10 14 9
27 14 28 15
20 18 21 19
24 4 23 4
24 23 25 23
24 16 25 17
23 14 22 14
26 10 25 9
26 1 27 1
21 16 22 17
26 19 27 20
17 12 16 11
16 7 15 6
22 9 23 10
22 5 21 4
26 18 27 19
24 16 23 15
23 13 24 13
20 9 19 8
25 14 26 15
25 14 24 14
17 7 16 7
26 14 25 14
11 4 10 3
25 12 26 13
23 21 22 20
23 7 22 6
21 15 20 14
27 25 28 26
24 12 25 13
21 16 20 15
23 18 22 18
22 9 21 9
21 15 22 16
19 9 20 10
20 4 21 5
21 13 22 13
25 7 24 6
19 6 18 5
17 7 18 8
17 8 16 8
19 5 18 5
22 15 23 15
13 5 14 5
16 13 17 14
25 21 24 21
17 9 18 9
21 20 20 19
17 4 18 4
25 1 26 1
18 3 17 3
27 20 28 21
24 4 25 4
20 9 21 10
16 7 15 6
20 12 19 12
20 11 19 11
25 13 26 14
26 3 25 3
24 21 23 21
18 12 17 12
22 8 23 8
21 20 22 20
20 6 19 5
27 13 26 13
22 15 21 14
20 9 19 8
22 5 23 5
19 14 20 15
26 12 25 11
19 7 20 8
22 19 23 19
23 18 24 19
25 19 24 19
15 5 14 4
24 8 23 8
25 16 24 15
19 5 18 5
25 8 24 7
24 2 25 2
21 3 20 3
15 9 16 10
24 9 25 9
23 8 22 8
26 15 25 15
27 26 28 26
19 4 18 3
18 4 19 4
17 5 16 5
25 7 26 8
20 7 21 7
27 15 26 14
17 11 16 10
19 7 18 7
18 6 17 6
22 19 21 18
23 16 22 16
23 7 24 7
24 17 23 16
25 22 26 23
24 10 25 11
21 18 22 18
25 21 26 21
27 4 26 4
23 13 22 13
19 14 18 13
20 9 21 9
19 11 18 10
19 8 18 8
23 11 24 12
23 11 22 10
22 4 21 3
20 9 19 8
16 9 17 10
20 13 21 14
25 6 24 5
24 12 23 11
24 12 25 12
26 13 25 13
23 19 24 19
22 18 21 17
16 5 15 5
14 9 15 9
22 5 21 5
26 24 25 23
21 16 22 16
25 17 26 17
22 20 23 21
25 19 26 20
24 16 25 17
26 20 27 21
24 19 25 19
22 7 23 8
16 8 17 9
26 18 25 18
24 5 23 5
25 7 24 7
17 10 18 11
16 9 15 9
13 7 12 7
18 6 19 7
22 18 23 18
22 10 21 10
24 14 23 13
24 3 25 4
27 25 26 24
24 4 23 4
27 18 26 18
22 10 23 10
21 16 20 15
23 11 24 12
20 6 19 6
19 6 20 7
26 17 27 17
29 21 28 21
27 14 26 13
19 12 18 11
26 8 27 9
21 10 20 10
23 15 24 16
20 2 21 3
21 19 22 20
25 21 24 21
23 20 22 19
22 15 23 16
25 18 24 18
16 6 17 6
23 9 24 9
22 9 21 8
22 11 23 11
27 19 28 19
22 3 23 4
21 14 22 15
25 21 26 22
23 20 24 20
26 7 25 7
25 3 24 3
19 4 20 4
15 8 14 8
23 10 24 10
18 10 17 9
21 17 20 16
23 7 22 7
26 13 25 12
25 16 26 17
26 5 27 5
24 19 23 18
25 13 24 13
22 4 23 5
21 4 20 4
26 19 25 18
22 3 21 2
23 20 22 20
26 9 25 8
20 19 21 19
23 14 24 14
22 16 23 17
22 1 23 1
21 14 20 14
25 14 24 14
25 21 24 20
13 7 14 7
23 10 22 10
24 11 23 10
27 3 28 4
27 4 28 4
17 6 16 5
28 1 27 1
26 7 27 8
26 1 27 1
23 2 24 2
27 0 26 0
22 12 23 13
21 5 20 5
22 14 23 15
25 21 26 21
27 18 28 18
23 10 22 9
25 10 26 11
22 14 21 14
21 11 22 12
21 12 22 13
20 12 21 12
17 11 18 11
25 16 24 16
24 22 25 22
21 18 20 17
20 10 19 10
26 23 25 22
26 10 27 10
22 7 21 7
26 18 27 18
28 17 27 17
25 20 24 19
21 15 22 16
18 6 19 6
26 15 27 16
20 15 19 14
22 4 21 4
26 10 25 10
21 15 20 15
21 5 22 5
22 9 21 8
26 14 25 13
28 2 27 1
18 15 17 14
26 18 25 18
23 18 22 17
15 10 16 11
17 6 18 6
21 10 22 11
20 12 19 11
20 3 19 3
20 13 19 12
22 17 21 16
24 1 23 1
24 19 23 18
23 18 24 18
21 9 20 9
21 9 22 10
18 11 19 11
19 14 20 15
27 14 28 14
20 10 21 10
20 4 19 3
16 10 17 11
24 21 23 20
21 7 20 7
21 9 20 8
24 17 25 18
19 6 20 7
26 22 27 23
19 16 20 17
20 8 21 8
24 2 25 3
17 8 18 8
27 8 28 9
26 2 27 3
16 11 17 12
13 8 14 9
23 3 24 3
14 9 15 10
18 6 19 6
20 7 19 7
17 13 18 13
25 6 24 5
17 13 16 12
21 7 20 6
27 18 26 17
18 10 19 10
23 6 22 5
19 10 20 11
17 14 16 13
20 14 19 13
20 16 19 15
18 8 19 9
18 6 17 5
27 0 28 0
20 13 21 14
23 3 22 3
21 11 20 11
19 12 18 12
22 21 21 20
23 11 22 10
25 13 24 13
26 4 25 4
18 14 19 14
28 15 29 15
26 4 27 4
16 8 17 8
25 2 26 2
23 17 24 17
23 12 24 13
24 13 25 13
27 14 26 13
22 12 23 12
24 7 23 7
13 7 12 7
24 8 25 8
19 10 20 11
26 13 25 12
21 12 22 13
19 9 20 10
10 3 9 3
22 17 23 17
20 12 21 12
18 12 17 12
28 25 29 25
20 2 19 2
25 4 24 4
17 10 18 10
25 14 26 14
19 9 18 9
15 6 14 6
24 4 23 3
16 6 15 5
24 2 25 2
24 13 23 12
18 13 19 13
27 11 26 11
21 8 20 7
25 12 24 11
25 1 24 1
22 19 23 19
23 4 22 4
20 15 19 15
17 13 18 14
15 9 16 10
24 22 23 21
22 18 21 17
25 18 26 18
23 16 24 16
17 8 16 7
24 9 25 10
20 8 19 7
25 3 26 3
26 1 25 1
19 5 20 5
26 17 25 16
18 6 19 7
25 20 26 21
22 19 21 18
18 9 19 10
18 4 19 5
19 7 20 7
23 15 24 15
24 20 23 19
15 12 16 13
21 3 22 3
23 15 24 16
16 7 17 7
22 12 21 11
20 19 21 20
20 14 21 15
23 4 24 4
27 16 28 17
19 15 18 15
18 8 17 8
17 11 16 11
22 11 21 10
24 11 23 10
24 18 23 17
28 14 27 14
23 2 22 2
23 8 24 8
24 13 25 13
21 8 22 8
28 15 27 15
22 18 23 18
19 11 20 11
22 20 23 21
15 8 16 8
20 16 21 17
18 12 19 12
23 3 22 3
23 13 22 13
15 4 16 4
17 9 18 9
26 23 27 24
17 9 16 9
21 9 22 9
16 4 17 4
17 9 18 9
17 13 16 12
27 20 28 20
21 15 22 16
21 9 20 8
23 16 22 15
19 15 20 15
23 12 22 12
15 10 16 11
18 9 19 10
23 9 22 8
26 1 27 1
20 2 21 3
20 10 21 11
27 22 26 21
18 3 19 3
21 17 22 17
28 22 27 21
23 19 22 19
15 5 14 4
17 4 18 4
22 8 21 7
21 17 20 17
18 8 19 8
23 16 24 17
18 15 19 16
21 11 22 12
25 22 26 23
26 18 27 19
26 16 27 17
27 22 28 23
22 19 21 19
21 19 20 18
22 15 21 14
23 17 22 16
18 5 17 4
21 19 22 20
18 7 17 6
20 3 21 3
23 9 22 8
17 8 16 8
21 9 22 9
24 22 25 23
8 2 9 3
25 1 24 1
22 15 23 15
19 13 20 14
26 21 25 21
20 14 21 14
26 18 25 17
23 18 24 19
17 15 18 16
24 9 23 9
25 23 26 24
27 21 26 20
16 11 17 12
15 4 16 4
23 10 22 9
22 3 21 3
8 2 7 1
23 13 24 14
15 6 16 6
19 9 20 10
18 15 17 14
18 14 19 15
26 22 25 21
23 11 22 11
17 11 18 11
23 20 22 20
24 22 25 23
22 4 23 4
16 8 15 7
25 13 24 12
15 9 14 8
21 20 22 21
22 8 23 9
17 14 16 13
20 5 21 5
26 3 27 3
24 17 25 18
26 0 27 0
17 4 16 4
21 18 20 17
25 14 24 13
19 16 18 15
21 11 20 10
26 12 27 13
24 17 23 16
13 8 14 8
28 9 29 9
19 17 20 17
25 14 24 14
28 4 27 3
28 23 29 24
19 16 20 17
22 5 21 5
26 18 25 18
18 8 19 9
25 14 26 15
23 22 22 21
20 2 19 2
26 3 27 3
17 8 18 8
7 1 6 1
10 4 11 4
17 12 18 13
23 3 24 3
18 7 17 7
27 17 26 17
21 10 22 10
16 10 17 11
16 6 17 6
16 10 15 10
20 10 19 10
21 12 22 13
21 7 20 6
5 0 6 1
23 2 24 2
18 10 19 10
25 22 24 21
21 18 20 17
19 13 20 13
24 16 23 16
24 4 25 4
25 9 26 9
27 25 28 26
24 14 23 13
23 11 24 11
21 12 20 11
22 1 23 1
19 15 20 16
20 13 19 12
19 11 20 12
26 6 27 7
21 7 20 7
19 8 18 8
20 15 21 15
16 8 17 8
23 15 24 15
18 12 19 12
20 12 21 13
22 13 21 12
22 7 23 7
26 20 25 20
22 12 23 13
16 12 15 11
16 6 15 6
23 14 24 14
23 20 24 20
16 5 17 5
18 6 17 6
18 15 19 16
22 17 23 17
20 16 21 17
21 17 22 18
20 5 21 5
22 18 23 19
15 9 14 8
15 5 16 5
20 13 21 14
26 19 27 20
17 14 18 15
26 23 25 22
17 8 18 9
25 11 26 12
29 19 28 18
16 9 15 9
5 1 6 1
17 7 16 7
24 13 23 13
25 11 24 11
25 12 24 11
19 4 18 4
16 5 17 5
19 7 18 6
24 13 25 14
20 15 19 14
8 3 9 3
20 15 21 16
12 7 13 8
14 5 15 5
28 2 27 2
18 12 19 13
21 3 20 3
25 0 26 0
21 19 20 18
24 7 25 7
24 10 25 10
19 16 20 17
25 16 26 17
22 16 21 16
23 13 22 13
22 21 21 20
24 20 23 19
26 21 27 22
27 18 28 19
25 4 26 4
22 19 21 18
28 24 27 23
23 10 22 10
22 19 23 20
16 8 15 7
15 9 14 9
28 19 29 20
25 12 26 13
16 5 15 5
24 12 25 12
27 2 26 2
25 19 26 19
22 11 23 12
20 16 21 17
29 23 28 22
19 10 20 10
18 14 19 15
24 21 23 20
21 9 20 9
22 9 21 8
28 18 27 18
17 9 16 9
19 12 20 12
16 5 17 5
21 4 20 4
27 4 26 4
4 0 5 0
28 6 27 5
18 11 17 11
23 6 22 6
18 15 19 16
19 9 18 8
3 0 4 0
14 7 15 8
19 6 20 6
19 3 20 3
18 16 19 17
9 4 10 4
18 5 17 5
28 10 27 10
26 16 25 15
19 14 20 15
24 12 23 11
27 20 26 19
26 0 27 0
22 3 23 3
24 10 25 11
26 20 27 21
2 0 3 0
25 8 26 8
26 8 27 8
26 7 25 6
25 8 24 8
16 4 15 4
17 11 18 12
24 17 25 17
21 16 20 15
17 15 18 16
8 3 7 3
25 16 26 16
28 27 27 26
26 8 25 8
15 9 14 8
24 7 23 7
26 9 27 9
19 17 20 18
19 17 18 16
24 18 25 19
23 13 24 14
25 4 24 4
27 11 28 12
2 0 1 0
22 19 21 18
29 19 28 19
24 4 23 4
20 18 21 19
16 5 17 5
16 10 17 10
0 0 1 0
22 15 21 14
7 2 8 2
23 15 24 16
26 12 27 13
22 4 23 4
5 1 4 1
16 9 17 10
20 19 19 18
