2769
28 12 27 12
24 18 23 17
22 10 21 10
23 17 22 16
11 7 10 6
23 12 22 11
27 3 26 3
4 1 3 1
19 14 18 13
22 3 21 2
21 2 20 1
17 8 16 7
29 3 28 2
10 6 9 6
21 10 20 10
20 12 19 12
29 1 28 1
17 2 16 2
26 3 25 2
27 14 26 13
29 16 28 15
26 13 25 12
29 11 28 10
28 1 27 0
27 23 26 22
18 13 17 12
18 12 17 11
25 12 24 11
24 14 23 14
14 9 13 8
28 15 27 14
23 14 22 14
22 14 21 13
25 2 24 2
26 22 25 21
16 2 15 1
14 11 13 11
27 14 26 13
15 2 14 2
27 12 26 11
25 21 24 21
22 9 21 9
26 11 25 10
27 0 26 0
20 10 19 9
26 7 25 7
6 0 5 0
3 1 2 1
12 8 11 7
22 19 21 18
13 11 12 11
21 13 20 12
19 9 18 9
24 11 23 10
16 7 15 6
20 1 19 1
21 19 20 18
28 10 27 9
17 12 16 11
20 18 19 18
21 9 20 8
20 12 19 11
16 11 15 11
24 21 23 20
23 20 22 19
23 23 22 22
22 16 21 16
28 4 27 3
19 1 18 0
18 0 17 0
7 6 6 5
23 11 22 10
25 10 24 10
22 19 21 19
24 10 23 9
23 9 22 8
27 9 26 9
26 9 25 8
17 0 16 0
23 10 22 9
5 0 4 0
28 3 27 2
17 11 16 11
22 11 21 11
22 9 21 8
21 16 20 15
18 7 17 7
21 19 20 18
26 0 25 0
21 11 20 10
17 7 16 7
22 8 21 7
21 15 20 14
27 3 26 3
28 2 27 1
26 13 25 12
27 2 26 2
25 12 24 11
21 7 20 7
27 1 26 0
27 11 26 11
14 7 13 7
26 0 25 0
26 3 25 2
16 7 15 7
19 11 18 11
24 11 23 11
20 15 19 14
20 18 19 17
25 8 24 7
19 12 18 12
15 7 14 7
28 18 29 18
16 0 15 0
24 7 23 7
19 14 18 13
20 10 19 9
25 0 24 0
14 2 13 2
20 8 19 7
26 11 25 11
18 9 17 8
15 0 14 0
21 8 20 8
4 0 3 0
14 0 13 0
22 1 21 0
22 22 21 21
26 0 25 0
6 5 5 5
19 17 18 17
2 1 1 0
4 4 5 5
4 4 3 3
24 2 23 2
14 6 15 6
19 7 18 6
13 2 12 1
24 0 23 0
14 6 13 6
15 10 16 11
18 13 17 12
18 17 17 17
26 2 25 1
18 6 17 6
20 14 19 14
18 11 17 11
17 17 16 16
5 5 6 5
17 11 16 10
12 11 11 10
13 8 12 8
15 11 14 11
12 8 11 8
23 0 22 0
15 1 14 0
19 18 18 18
11 7 10 6
16 16 15 15
12 1 11 1
20 7 19 7
23 11 22 11
18 18 17 17
21 21 20 20
19 7 18 6
14 0 13 0
17 6 16 5
15 10 14 9
6 5 7 5
22 11 21 10
17 17 16 16
17 8 16 8
25 2 24 1
22 10 21 9
24 1 23 0
20 8 19 8
16 8 15 7
14 11 13 11
17 16 16 15
16 15 15 15
18 6 17 5
25 0 24 0
23 2 22 1
21 9 20 8
21 10 20 10
21 18 20 18
25 9 26 10
16 15 15 14
20 15 21 15
18 12 17 11
14 9 13 9
23 0 22 0
17 5 16 4
23 23 22 22
15 7 14 6
16 4 15 4
19 8 18 8
13 6 12 5
18 8 17 7
12 5 11 5
3 3 2 2
23 7 22 7
19 14 18 13
13 0 12 0
15 13 14 12
13 11 12 11
12 0 11 0
11 10 10 10
11 1 10 1
12 11 11 11
24 0 25 1
15 4 14 4
17 11 16 11
20 8 19 7
23 0 24 0
16 10 15 10
16 5 15 4
10 6 9 6
23 0 22 0
17 7 16 6
14 12 13 12
25 11 24 11
16 6 15 6
25 7 24 7
14 6 13 6
9 5 8 4
17 12 16 12
14 4 13 4
16 11 15 11
14 0 13 0
13 12 12 11
8 4 7 4
15 11 14 10
21 17 20 17
11 11 12 11
11 8 10 8
16 12 15 11
13 6 12 6
10 10 9 9
11 11 10 10
12 11 11 11
11 0 10 0
15 11 14 11
15 10 14 10
20 18 19 17
10 10 9 9
13 9 12 8
10 0 9 0
13 7 12 7
25 1 24 1
15 15 14 14
9 6 8 6
24 1 23 1
15 4 14 3
15 6 14 5
24 7 23 7
15 10 14 9
19 7 18 6
16 16 15 15
22 7 21 7
11 5 10 4
9 9 8 8
12 6 11 6
14 9 13 9
13 9 12 9
13 4 12 4
23 7 22 6
19 13 18 12
12 4 11 4
18 6 17 6
8 6 7 5
18 13 17 13
10 1 9 1
22 6 21 6
12 9 11 9
6 4 7 5
14 11 13 11
14 3 13 2
22 22 21 21
10 10 9 9
17 13 16 13
10 8 9 8
15 14 14 13
14 5 13 5
12 8 11 8
19 17 18 16
10 4 9 4
11 6 12 7
12 7 11 7
21 1 20 0
17 6 16 6
11 9 10 8
21 7 20 7
20 17 19 16
14 13 13 12
20 7 19 7
9 0 8 0
8 8 7 7
18 16 17 16
20 10 19 10
13 5 12 4
13 0 12 0
9 4 8 4
13 11 12 11
16 13 15 13
13 12 12 12
14 10 13 10
19 10 18 9
12 0 11 0
16 6 15 6
10 8 9 7
7 7 6 6
20 0 19 0
22 1 21 1
13 10 12 9
15 6 14 6
8 0 7 0
11 7 10 7
9 8 8 8
12 12 13 13
14 6 13 6
13 13 14 14
24 11 23 11
9 7 8 6
23 11 22 11
12 9 11 9
14 14 15 15
21 0 20 0
21 1 20 1
11 11 10 10
22 11 21 10
20 1 19 1
8 4 7 3
8 6 7 5
11 9 10 9
13 6 12 6
19 16 18 15
15 13 14 12
19 7 18 6
23 1 22 1
14 12 13 12
8 8 7 7
22 1 21 1
14 7 13 6
21 1 20 1
18 9 19 9
10 7 9 6
18 15 17 14
10 6 9 5
11 0 10 0
19 9 18 8
19 1 18 0
9 5 8 4
11 4 10 3
10 3 9 2
20 1 19 1
12 11 11 10
10 10 11 10
17 16 16 16
18 6 17 6
10 10 9 9
21 10 20 10
15 15 16 16
18 0 17 0
12 4 11 4
21 6 20 5
14 14 15 15
7 5 6 5
20 10 19 9
18 8 17 8
19 1 18 0
2 0 1 0
17 6 16 6
22 0 21 0
13 2 12 1
9 6 8 6
7 0 6 0
12 1 11 0
13 6 12 5
6 6 5 5
10 9 9 8
17 8 16 8
11 0 10 0
17 0 16 0
7 3 6 2
17 13 18 13
18 0 17 0
9 9 8 8
23 0 22 0
20 5 19 5
18 11 19 11
11 8 10 7
8 8 7 7
1 1 0 0
9 1 8 0
10 7 9 7
12 5 11 5
8 6 7 6
16 6 15 6
11 10 10 9
10 9 9 9
18 12 17 12
17 12 16 12
11 5 10 4
11 6 10 6
10 6 9 6
9 8 8 7
9 9 10 10
10 4 9 4
24 11 25 12
18 9 17 8
7 6 6 6
24 0 23 0
10 6 11 6
8 7 7 6
6 0 5 0
7 6 6 5
6 5 5 4
16 0 15 0
19 5 18 4
6 6 7 7
6 6 5 5
9 7 8 6
5 4 4 3
9 2 8 1
18 4 17 3
10 7 11 7
9 6 8 5
12 6 11 6
5 0 4 0
6 2 5 2
11 4 10 3
5 2 4 1
10 0 9 0
16 8 15 7
15 0 14 0
14 0 13 0
7 6 6 5
10 3 9 2
11 0 10 0
17 0 16 0
8 8 7 7
27 20 28 21
9 0 8 0
16 0 15 0
4 1 3 1
19 0 18 0
11 6 10 6
6 5 5 4
6 4 5 3
9 9 8 8
10 6 9 5
13 0 12 0
15 7 14 6
5 4 4 4
12 0 11 0
4 4 3 3
9 4 8 3
8 3 7 3
19 9 18 9
15 0 14 0
8 0 7 0
14 6 13 5
7 3 6 2
8 4 7 3
25 12 26 12
3 0 4 0
9 0 8 0
13 5 12 4
6 2 5 1
11 0 10 0
9 2 8 2
17 3 16 2
8 1 7 1
5 1 4 1
7 1 6 0
4 1 3 1
6 0 5 0
12 6 13 6
14 0 13 0
10 0 9 0
11 0 10 0
4 0 5 0
8 2 7 1
18 0 17 0
1 0 0 0
9 0 8 0
2 0 1 0
15 6 14 6
12 4 11 4
7 3 6 2
7 0 6 0
8 0 7 0
4 3 3 2
16 2 15 2
6 0 7 0
6 0 5 0
18 13 19 13
3 1 2 1
11 4 10 3
6 0 7 1
18 9 17 9
19 11 20 11
9 0 8 0
13 0 12 0
7 1 6 1
8 6 7 6
13 12 12 11
7 0 6 0
10 0 9 0
9 5 8 4
4 1 3 1
6 1 5 1
15 2 14 2
6 2 5 2
17 11 18 11
7 6 6 5
12 0 11 0
2 1 1 1
7 4 6 3
14 2 13 2
5 1 4 1
3 0 4 0
11 7 12 7
14 6 13 6
4 0 5 0
14 6 15 6
11 0 10 0
10 3 9 3
8 4 7 3
12 11 11 10
9 0 10 0
1 1 2 2
12 7 13 8
5 5 4 4
9 3 8 2
8 0 9 0
7 3 6 2
17 9 16 8
6 5 5 4
13 2 12 1
2 2 3 3
3 2 2 1
4 1 5 2
8 2 7 2
26 9 27 10
10 10 11 10
5 0 6 0
9 9 10 10
7 0 6 0
17 0 16 0
3 3 4 4
8 5 7 5
7 5 6 4
7 0 8 0
11 10 10 9
6 3 5 3
5 2 4 2
5 4 4 3
10 9 9 8
13 6 12 6
20 12 21 13
9 9 8 8
18 11 19 12
9 8 8 7
17 14 16 13
27 18 28 19
6 3 5 2
7 7 8 8
7 7 6 6
5 3 4 3
12 6 11 6
4 2 3 2
3 3 2 2
16 8 15 7
15 7 14 7
3 2 4 3
7 2 6 1
13 8 14 9
11 6 10 6
8 7 7 6
5 3 4 2
6 6 5 5
3 1 4 1
6 2 5 1
7 6 6 6
4 4 5 5
5 5 6 6
6 6 7 7
8 8 7 7
14 7 13 7
9 9 8 8
16 12 15 11
4 1 5 1
6 6 5 5
10 6 9 5
20 11 21 12
19 12 20 12
3 3 4 4
9 5 8 5
5 0 6 1
6 6 7 7
5 0 4 0
9 9 10 10
4 4 5 5
16 0 15 0
8 5 7 5
2 1 3 2
5 1 6 1
3 1 4 2
12 1 11 0
5 5 6 6
21 13 22 13
10 0 11 0
9 0 10 0
3 2 4 2
7 5 6 5
5 2 4 2
9 0 8 0
7 7 8 8
7 0 8 0
9 9 8 8
14 9 15 9
6 6 7 7
5 5 6 5
6 0 7 0
6 5 5 4
16 13 15 13
5 4 4 3
5 1 4 1
8 8 7 7
15 11 14 11
21 1 22 2
6 4 5 3
8 8 9 9
3 2 4 2
1 0 2 1
3 3 2 2
5 3 4 2
14 11 13 11
17 8 16 8
5 5 4 4
20 0 19 0
21 0 20 0
3 3 4 4
15 0 14 0
6 0 5 0
22 0 21 0
18 6 19 6
23 0 22 0
15 6 16 6
4 0 5 0
26 12 27 13
12 12 11 11
13 7 12 6
3 0 4 0
14 0 13 0
5 3 4 3
10 10 11 11
3 0 2 0
22 13 23 14
9 9 10 10
12 6 11 6
8 8 9 9
22 2 23 3
1 1 2 2
11 6 10 6
13 13 12 12
10 6 9 5
11 11 12 12
11 11 10 10
7 7 8 8
9 9 10 10
13 11 12 11
11 11 12 11
2 2 3 2
10 10 11 11
12 11 11 10
11 10 10 9
4 2 3 2
10 9 9 8
3 1 2 1
6 6 7 7
23 3 24 3
8 8 9 9
9 9 10 10
8 8 7 7
9 8 8 7
8 8 9 9
8 7 7 6
5 5 6 6
15 9 16 10
15 13 14 12
14 12 13 12
9 5 8 4
13 12 12 11
7 7 6 6
7 6 6 5
28 19 29 20
6 5 5 4
7 7 8 8
24 3 25 3
8 4 7 3
11 11 12 11
19 13 20 14
12 11 11 10
11 11 10 10
16 6 17 7
9 9 10 10
8 8 9 9
14 14 13 13
21 12 22 12
15 15 14 14
11 10 10 9
12 12 13 13
16 16 15 15
14 14 13 13
14 14 15 15
4 4 5 5
7 3 6 2
25 3 26 3
26 10 27 11
5 5 6 6
22 12 23 12
5 2 6 2
12 12 11 11
3 3 4 4
4 4 5 5
4 1 5 2
6 6 7 7
10 10 11 11
7 7 8 8
23 12 24 13
10 9 9 8
10 10 9 9
9 8 8 7
8 7 7 6
6 5 7 6
6 5 5 4
23 14 24 15
8 8 9 9
2 2 3 3
26 3 27 3
1 1 2 2
13 0 12 0
12 0 11 0
20 12 21 12
27 13 28 14
3 1 4 1
28 21 29 22
10 0 11 0
3 0 4 1
9 0 10 0
3 3 4 4
5 5 6 6
9 0 8 0
19 6 20 7
7 0 8 0
6 6 7 7
19 0 18 0
20 0 19 0
21 0 20 0
3 3 2 2
16 8 15 8
16 10 17 11
6 0 7 0
22 0 21 0
7 7 8 8
5 5 4 4
15 8 14 8
6 6 5 5
5 0 6 0
4 0 5 0
4 0 3 0
27 11 28 11
14 8 13 8
3 3 4 4
6 6 7 7
3 1 2 1
18 0 17 0
13 8 12 8
12 8 11 8
19 0 18 0
20 0 19 0
21 0 20 0
4 4 5 5
2 2 3 3
2 0 3 0
11 8 10 7
4 4 3 3
20 7 21 8
5 5 6 6
24 13 25 13
17 7 18 7
20 14 21 14
21 15 22 15
21 8 22 9
21 14 22 14
22 14 23 15
25 13 26 14
22 9 23 9
1 0 2 0
10 7 9 7
1 0 0 0
28 14 29 14
18 7 19 8
23 15 24 16
24 15 25 15
28 11 29 11
9 7 8 7
7 6 8 7
6 5 7 6
17 0 16 0
5 4 6 5
18 0 17 0
19 0 18 0
20 0 19 0
16 0 15 0
19 8 20 8
4 3 5 4
25 15 26 15
17 0 16 0
23 9 24 10
3 3 4 3
20 8 21 8
18 0 17 0
19 0 18 0
26 14 27 14
2 2 3 3
26 15 27 15
21 12 22 13
3 2 4 3
3 2 2 1
0 0 1 1
27 3 28 3
24 16 25 17
27 10 28 11
28 3 29 3
25 17 26 18
28 11 29 12
2 2 1 1
24 10 25 10
17 11 18 11
21 8 22 8
25 10 26 11
21 10 20 10
26 3 25 2
27 11 26 11
29 0 28 0
17 15 16 15
16 7 15 6
28 25 27 25
19 17 18 16
27 19 26 18
10 5 9 4
21 15 20 15
15 10 14 9
18 10 17 9
28 22 27 21
27 20 26 19
20 9 19 8
29 21 28 20
26 19 25 19
27 25 26 25
20 15 19 14
26 25 25 25
19 8 18 8
15 6 14 5
29 7 28 7
28 7 27 7
26 2 25 1
16 11 15 11
28 26 27 25
18 2 17 2
25 1 24 0
22 21 21 20
22 7 21 7
25 25 24 24
15 11 14 11
21 7 20 6
26 11 25 11
27 25 26 25
28 0 27 0
22 4 21 3
28 3 27 3
18 8 17 7
21 20 20 19
25 19 24 18
9 4 8 4
20 6 19 6
28 28 27 27
14 4 13 4
24 18 23 18
14 10 13 10
18 9 17 8
19 6 18 6
11 5 10 4
24 24 23 23
24 0 23 0
25 2 24 2
18 1 17 1
14 11 13 11
17 9 16 9
18 6 17 6
20 13 19 12
25 5 24 4
26 25 25 25
24 2 23 2
14 5 13 5
27 6 26 5
25 25 24 24
18 16 17 15
26 18 25 17
21 13 20 13
24 24 23 23
16 15 15 14
23 18 22 18
23 2 22 1
26 4 25 3
13 10 12 9
19 12 18 11
13 5 12 5
20 19 19 18
16 9 15 8
22 1 21 1
17 6 16 5
21 3 20 2
15 14 14 13
24 4 23 3
7 4 6 3
16 5 15 4
23 23 22 22
13 4 12 4
8 4 7 4
17 8 16 7
17 15 16 15
27 7 26 7
28 20 27 19
22 18 21 18
18 3 17 3
17 1 16 1
14 13 13 12
19 18 18 17
27 0 26 0
16 15 15 14
23 3 22 3
27 27 26 26
26 23 25 23
16 7 15 7
27 19 26 19
15 14 14 13
25 11 24 11
12 5 11 4
13 12 12 11
18 17 17 17
19 14 18 13
26 0 25 0
25 3 24 3
17 2 16 2
25 17 24 17
18 13 17 12
17 3 16 3
13 9 12 8
14 9 13 8
21 0 20 0
12 4 11 3
25 0 24 0
17 17 16 16
16 1 15 1
15 4 14 3
22 3 21 2
27 21 26 21
18 11 17 10
21 1 20 1
20 10 19 9
26 5 25 5
25 23 24 23
26 21 25 21
15 7 14 7
14 13 13 12
24 11 23 10
26 26 25 25
12 2 11 2
20 1 19 0
24 3 23 3
12 8 11 8
26 19 25 19
10 4 9 3
14 3 13 2
24 17 23 17
21 2 20 1
23 3 22 3
15 1 14 0
23 23 24 23
11 4 10 3
20 2 19 2
24 24 25 25
11 2 10 1
11 8 10 7
13 8 12 8
22 22 23 23
20 1 19 1
14 7 13 6
23 10 22 10
23 17 22 17
24 24 23 23
17 10 16 9
23 23 22 22
13 12 12 11
10 7 9 6
24 23 23 22
20 14 19 14
22 17 21 17
21 17 20 17
19 0 20 0
17 12 16 11
16 9 15 9
18 15 17 15
15 8 14 7
19 9 18 8
27 3 26 3
23 22 22 21
17 7 18 7
9 6 8 5
16 2 15 2
19 1 18 1
17 15 16 15
22 21 21 20
21 18 20 18
13 6 12 5
21 20 20 19
26 7 25 6
20 19 19 18
25 6 24 5
15 2 14 2
20 13 19 13
20 17 19 16
22 10 21 9
7 5 8 5
26 3 25 3
25 5 24 4
24 4 23 3
16 8 15 7
11 3 10 2
19 18 18 17
15 9 14 9
25 19 24 18
16 15 15 14
18 7 17 6
10 2 9 1
15 14 14 13
17 6 16 5
18 1 17 1
13 2 12 1
17 1 16 1
7 4 6 4
22 0 21 0
19 16 18 15
25 3 24 2
16 5 15 4
14 7 13 6
21 0 20 0
9 1 8 1
14 2 13 2
18 17 17 16
25 21 24 21
17 16 16 15
14 0 13 0
20 18 19 17
19 14 18 13
19 13 18 12
15 4 14 3
23 0 22 0
18 15 17 14
24 0 23 0
16 15 15 14
14 3 13 3
16 1 15 1
24 18 23 18
24 21 23 20
19 2 18 2
23 18 22 18
19 17 18 17
18 17 17 17
10 3 9 2
18 13 17 12
15 1 14 1
22 3 21 2
18 2 17 2
25 23 26 23
13 11 12 10
23 20 22 19
16 3 15 3
12 1 13 2
23 3 22 2
8 5 7 4
22 18 21 17
12 5 11 5
21 9 20 9
17 14 16 13
22 19 21 18
14 1 13 1
17 12 16 12
10 1 9 1
24 2 23 1
14 13 15 14
24 12 25 12
21 2 20 2
14 13 13 12
23 1 22 1
12 9 11 9
12 8 11 8
13 3 12 3
21 0 22 1
11 8 10 8
13 1 12 1
9 2 8 2
13 6 12 5
22 1 21 1
16 11 15 11
13 5 14 6
11 9 10 9
13 2 12 2
9 1 8 1
20 2 19 2
14 9 13 9
21 17 20 17
21 1 22 2
11 5 10 4
12 1 11 1
17 2 16 2
21 18 20 18
16 13 15 13
24 5 23 4
20 17 19 17
15 13 14 12
22 2 21 2
16 12 15 12
20 0 21 1
19 2 18 1
15 12 14 11
8 3 9 3
19 17 18 17
10 4 9 3
14 12 13 11
8 2 7 1
12 10 13 11
14 11 13 10
15 7 14 6
20 9 19 8
12 5 11 4
16 2 15 2
11 4 10 3
21 2 20 2
13 9 12 9
19 8 18 7
10 3 9 2
8 1 7 1
21 1 20 1
10 9 9 8
12 11 11 10
12 2 11 2
13 12 12 11
27 0 28 1
20 1 19 1
17 17 18 17
23 4 22 3
18 7 17 6
15 11 14 11
13 1 12 1
27 6 28 7
17 17 16 16
20 2 19 2
13 11 14 11
13 11 12 10
13 10 14 11
9 2 8 2
12 9 11 9
18 1 17 1
15 2 14 2
14 2 13 2
12 3 11 3
13 10 12 9
11 1 10 1
19 2 18 2
14 13 13 12
14 11 13 10
18 17 17 16
14 6 13 6
17 6 16 5
13 2 12 2
22 3 21 3
15 3 14 2
17 7 16 7
20 18 19 18
21 3 20 3
13 6 12 5
11 10 10 9
12 2 11 1
12 9 11 8
12 11 11 10
18 2 17 2
12 5 11 4
19 1 18 1
17 2 16 1
16 5 15 4
18 8 17 7
13 12 12 11
11 10 12 10
12 11 13 11
15 4 14 4
8 2 7 2
18 12 17 12
9 8 10 8
20 3 19 2
14 2 13 2
10 9 11 10
15 14 14 13
11 8 10 7
19 2 18 2
13 10 12 9
17 7 16 6
22 7 23 8
11 4 10 4
17 1 16 1
12 9 11 8
14 13 13 12
17 12 16 11
11 2 10 2
18 2 17 2
16 11 15 11
10 7 9 7
17 2 16 2
8 3 7 3
9 7 8 6
10 8 9 7
12 1 13 2
15 11 14 11
10 2 11 3
13 11 14 11
9 1 10 2
16 2 15 2
10 4 9 4
16 7 15 7
11 8 10 7
18 1 17 1
13 4 14 4
13 4 12 3
10 2 9 2
14 11 13 10
16 1 15 1
17 16 16 15
10 7 9 6
15 2 14 1
12 1 11 1
9 2 8 2
19 18 18 18
13 11 12 11
12 10 13 11
13 2 12 2
18 10 19 11
17 17 18 18
18 18 19 19
16 6 15 5
15 7 14 7
9 7 8 6
16 16 17 17
11 9 10 8
12 2 11 2
9 4 8 3
11 3 10 3
7 3 8 3
11 1 10 1
9 1 10 1
10 8 9 7
11 2 12 3
11 10 12 11
13 10 12 9
7 5 8 6
9 6 8 5
12 9 11 8
11 2 10 2
16 15 15 14
8 1 9 1
14 7 13 6
22 19 23 19
12 10 11 9
13 11 12 10
19 11 20 11
11 9 10 8
6 3 7 3
17 1 16 1
10 3 9 2
18 1 17 1
7 4 8 5
8 1 7 1
10 2 9 1
14 1 13 1
8 1 9 1
10 2 9 2
19 19 20 20
15 1 14 0
12 3 11 2
9 3 8 3
11 2 10 2
20 20 21 21
17 17 18 18
21 21 22 22
9 7 8 6
15 14 14 13
24 5 25 6
9 1 10 1
16 1 15 1
13 12 14 13
8 1 7 1
11 8 10 7
8 2 9 2
15 5 14 5
7 2 8 2
27 19 28 19
8 3 7 3
23 23 22 22
15 1 14 1
12 10 11 9
13 6 12 6
13 0 14 1
12 6 11 5
7 3 6 3
18 18 19 19
13 0 14 0
14 1 13 1
24 24 23 23
16 16 17 17
12 1 13 1
17 1 16 1
19 19 20 20
28 0 29 0
11 5 10 4
9 3 10 4
25 25 24 24
14 4 15 4
10 4 9 4
19 4 20 5
20 20 21 21
14 0 15 0
9 3 8 3
21 21 22 22
22 22 23 23
23 23 24 24
7 3 8 3
7 3 6 3
16 1 15 1
15 1 14 1
13 1 14 1
12 1 13 1
9 4 8 4
14 5 13 4
11 1 12 1
15 0 16 0
18 13 19 13
10 7 9 6
26 13 27 13
13 0 14 0
17 17 18 18
14 0 15 0
8 5 9 6
18 18 19 19
16 0 17 0
15 0 16 0
20 15 21 16
15 4 16 5
13 4 12 3
17 0 18 0
19 0 18 0
11 2 12 3
10 2 11 2
9 2 10 2
12 3 11 3
12 8 13 9
20 0 19 0
11 3 10 3
8 1 9 2
16 0 17 0
18 0 17 0
26 11 27 12
19 0 18 0
9 2 8 2
7 2 8 2
19 13 20 13
11 4 12 5
13 6 14 7
20 5 21 5
19 10 20 10
28 7 29 7
20 13 21 13
25 6 26 6
24 7 25 8
26 16 27 17
20 10 21 11
14 7 15 7
24 3 25 4
26 24 27 25
26 5 27 5
21 16 22 17
27 13 28 14
27 16 28 16
27 5 28 6
26 23 27 24
26 6 27 7
21 6 22 7
28 23 29 24
26 21 27 22
20 4 21 4
21 10 22 11
27 12 28 13
28 6 29 6
21 4 22 4
20 18 21 19
23 15 24 15
22 17 23 18
26 13 27 13
19 10 20 10
27 22 28 22
22 7 23 8
16 7 17 8
22 4 23 4
25 12 26 12
21 13 22 14
20 3 21 3
23 8 24 8
21 3 22 3
21 5 22 5
28 16 29 17
17 10 18 10
21 11 22 12
25 8 26 9
27 7 28 7
22 5 23 5
21 19 22 19
28 13 29 13
15 7 16 8
28 1 29 1
22 3 23 3
13 9 14 10
22 12 23 12
20 11 21 11
23 5 24 6
23 19 24 19
22 7 23 7
27 23 28 24
28 24 27 24
24 15 25 15
26 11 27 12
22 19 23 20
17 8 18 8
26 9 27 10
14 10 15 10
27 24 28 25
15 10 16 10
22 11 23 11
23 18 24 18
29 7 28 7
18 10 19 10
23 3 24 3
18 8 19 9
21 11 22 12
19 9 20 9
23 7 24 7
17 12 18 13
14 9 15 10
24 3 25 3
25 21 26 22
24 19 25 20
29 24 28 24
12 5 13 5
24 7 25 8
25 8 26 8
26 22 27 22
20 10 21 10
13 5 14 6
18 13 19 13
24 6 25 6
16 8 17 8
14 6 15 7
24 8 25 8
27 12 28 13
16 10 15 10
19 10 20 10
26 8 27 9
25 6 26 7
28 22 29 23
25 20 26 20
28 14 29 15
27 17 28 18
20 10 21 11
27 22 28 23
16 10 17 10
26 20 27 20
28 23 29 24
23 20 24 21
26 12 27 12
23 4 24 5
23 11 24 12
25 15 26 16
28 18 29 19
15 7 16 7
16 7 17 7
27 25 28 26
28 25 29 26
22 14 23 15
26 7 27 7
24 18 25 18
17 10 18 10
19 13 20 14
18 10 19 11
27 7 28 8
17 8 18 9
24 5 25 5
28 24 29 25
21 11 22 12
15 10 16 10
29 16 28 15
23 16 24 17
27 4 28 4
20 14 21 15
26 16 27 16
21 15 22 16
21 11 22 11
28 7 29 8
25 3 26 4
17 7 18 8
25 4 26 5
22 12 23 13
27 16 28 16
23 15 24 15
19 11 20 11
25 18 26 18
24 17 25 18
18 8 19 9
24 12 25 13
23 13 24 14
29 19 28 19
24 21 25 22
24 15 25 16
29 17 28 16
27 13 28 14
18 9 19 10
25 22 26 22
28 16 27 15
28 14 27 14
27 9 28 10
25 16 26 17
25 8 26 8
26 22 27 22
22 11 23 11
28 4 29 4
28 10 29 10
24 3 25 3
26 17 27 17
20 9 21 9
25 5 26 6
25 13 26 14
26 6 27 7
21 10 22 11
23 11 24 11
20 11 21 12
25 3 26 3
19 10 20 10
27 15 28 15
29 17 28 16
21 9 22 10
23 12 24 12
27 10 28 10
22 11 23 11
27 15 26 14
20 10 21 10
26 8 27 9
27 20 28 21
17 13 16 13
23 22 22 21
26 12 25 11
12 5 11 5
23 9 22 8
20 19 19 18
19 3 18 2
14 10 13 10
26 13 25 13
26 7 25 7
24 8 23 7
19 18 18 17
25 24 24 23
22 8 21 7
16 13 15 12
27 19 26 18
11 5 10 4
14 11 15 12
25 12 24 12
16 7 15 6
27 24 26 24
25 16 24 16
22 2 21 2
14 3 13 2
26 9 25 9
15 3 14 2
20 1 19 1
20 14 19 13
26 24 25 24
13 10 14 11
13 7 12 6
10 4 9 4
26 1 25 1
11 3 12 3
19 15 18 15
23 7 22 7
27 18 26 17
26 18 25 17
18 15 17 14
17 16 18 16
25 17 24 17
25 8 24 8
24 23 23 22
17 16 16 15
21 7 20 7
13 4 12 4
24 12 23 12
23 12 22 11
22 21 21 20
25 13 24 12
22 11 21 10
22 7 21 6
26 21 25 21
24 12 23 12
24 18 23 18
15 4 14 3
24 17 23 16
12 6 11 6
25 7 24 6
26 2 25 2
14 11 13 11
28 27 27 27
23 18 22 18
21 20 20 19
13 2 12 2
22 18 21 18
15 6 14 6
20 10 19 9
26 17 25 16
24 8 23 7
26 6 25 5
24 16 23 15
25 11 24 11
14 6 13 5
21 1 20 1
25 1 24 0
25 9 24 9
21 2 20 2
20 7 19 6
13 9 12 9
23 7 22 6
21 18 20 18
21 10 20 10
24 9 23 9
21 6 20 6
15 12 14 12
22 6 21 5
14 2 13 2
23 16 22 15
22 15 21 14
12 7 11 7
25 5 24 4
23 22 22 21
17 14 16 13
13 2 14 3
11 7 10 7
19 6 18 6
20 18 19 18
13 11 14 12
16 14 15 13
16 13 15 12
20 10 19 9
18 17 19 17
24 11 23 11
21 14 20 13
24 6 23 5
23 5 22 5
20 13 19 12
23 11 22 10
19 18 20 19
25 24 24 23
19 17 18 16
19 18 18 17
18 17 17 16
19 12 18 11
23 15 22 15
19 9 18 8
14 9 13 8
13 5 12 5
25 21 24 21
14 3 13 3
14 12 15 13
20 2 19 2
12 9 11 8
18 16 17 15
21 5 20 5
26 23 25 22
17 15 16 14
24 21 23 21
11 8 10 7
20 1 19 1
13 5 14 6
18 1 17 1
13 11 14 12
23 9 22 8
23 21 22 20
18 2 17 2
22 10 21 9
19 18 18 17
24 4 23 3
19 2 18 2
22 8 21 7
15 12 14 11
12 4 11 4
11 4 10 4
22 5 21 5
23 12 22 12
20 5 19 4
19 17 18 16
25 22 24 22
19 4 18 3
21 9 20 9
24 13 23 13
22 12 21 12
25 2 24 2
23 13 22 12
24 22 23 21
21 12 20 12
18 11 17 10
11 6 10 5
20 19 19 18
16 15 15 14
17 2 16 2
18 6 17 6
18 2 17 2
13 10 12 9
20 9 19 8
21 7 20 7
23 3 22 2
18 3 17 3
23 21 22 21
22 21 21 20
24 23 23 22
17 10 16 10
25 16 24 15
22 12 21 11
16 2 15 2
23 21 22 21
20 6 19 6
22 15 21 14
21 11 20 11
17 1 16 1
14 11 13 10
18 16 17 15
18 8 17 8
17 15 16 15
13 8 12 8
20 7 19 7
19 8 18 7
16 10 15 9
19 7 18 6
24 15 23 14
17 2 16 2
17 3 16 2
16 15 17 16
17 8 16 8
19 1 18 1
12 9 11 8
17 6 16 5
16 5 15 5
21 20 20 19
21 14 20 13
18 1 17 1
21 5 20 5
15 2 14 2
20 12 19 12
20 19 19 18
22 20 21 20
22 2 21 2
12 5 11 5
20 1 19 1
19 13 18 12
23 14 22 13
14 2 13 2
20 5 19 4
20 11 19 10
9 4 10 5
17 3 16 3
20 13 19 13
16 8 15 7
19 6 18 5
15 9 14 8
23 22 22 21
22 21 21 20
12 8 11 7
17 16 18 17
12 3 13 3
18 6 17 6
22 21 23 22
14 8 13 8
20 19 21 20
22 13 21 13
11 5 10 4
16 2 15 2
11 7 10 6
18 7 17 7
10 5 9 5
19 13 18 13
21 2 20 1
20 19 19 18
19 10 18 10
19 18 18 17
11 8 10 7
18 5 17 5
15 5 14 5
18 13 17 13
17 5 16 4
11 5 10 5
17 13 16 12
19 1 18 1
14 5 13 4
13 4 12 4
17 7 16 7
12 4 11 4
18 12 17 12
9 5 10 6
19 18 20 19
18 10 17 10
16 4 15 4
20 1 19 1
24 2 23 1
23 1 22 1
21 13 20 12
20 12 19 11
19 12 18 11
15 4 14 4
22 1 21 1
16 7 15 6
19 4 18 4
14 4 13 4
12 3 13 4
19 1 18 1
16 3 15 3
21 1 20 1
20 19 21 20
15 3 14 3
20 1 19 1
18 4 17 3
16 12 15 11
17 12 16 12
19 11 18 10
17 10 16 10
11 4 10 4
22 21 21 20
18 1 17 1
22 21 23 22
16 1 17 1
22 8 23 8
12 3 11 3
15 7 14 6
15 6 14 5
20 10 21 11
17 6 16 6
18 11 17 10
15 2 14 2
15 11 14 10
14 10 13 9
16 6 15 5
18 10 17 9
13 4 14 5
17 3 16 3
17 10 16 9
13 4 12 4
11 3 12 4
13 9 12 8
16 12 15 12
16 3 15 3
15 12 14 11
14 5 13 4
14 6 13 5
14 3 15 3
12 4 11 4
14 3 13 3
9 4 10 4
17 9 16 8
13 2 14 2
13 10 14 11
13 10 12 9
12 9 11 8
16 10 15 9
13 2 12 2
13 8 12 7
13 5 12 5
12 7 11 6
10 6 11 6
12 8 11 7
16 8 15 7
11 6 10 5
15 7 14 7
14 7 13 6
15 9 14 8
13 6 12 6
12 5 11 5
14 8 13 8
15 5 14 5
13 8 12 7
14 5 13 5
13 5 12 5
10 5 11 5
11 6 12 7
11 6 10 5
12 5 11 5
16 9 15 9
25 16 26 17
15 9 14 8
23 2 24 3
23 15 24 16
14 8 13 8
12 7 13 8
11 7 12 7
13 8 12 8
10 6 11 7
9 5 10 6
20 5 21 6
21 6 22 7
13 7 14 7
26 18 27 18
27 8 28 9
28 11 27 11
19 8 20 8
20 6 21 7
25 14 24 14
24 14 25 15
28 1 29 2
18 11 19 12
20 8 21 8
26 15 25 14
16 9 17 9
28 18 27 17
28 27 29 28
21 6 22 6
25 14 24 13
19 16 20 16
17 9 18 10
16 6 17 7
14 8 15 8
23 17 24 18
25 15 26 16
21 8 22 8
24 16 25 17
16 8 17 9
16 4 17 5
26 17 27 17
26 17 25 17
22 7 23 8
24 20 25 20
28 9 27 9
28 2 29 2
27 17 28 17
20 16 21 16
26 11 25 11
25 9 26 9
21 16 22 17
22 8 23 9
19 12 20 13
14 7 15 7
22 6 23 6
15 7 16 7
25 2 26 2
21 7 22 7
16 7 17 8
17 9 18 9
25 11 24 11
25 17 26 18
21 11 22 12
17 14 18 14
15 8 16 9
17 8 18 8
24 21 25 21
16 9 17 10
23 7 24 8
18 9 19 9
24 18 25 19
18 8 19 8
17 7 18 8
23 9 24 10
25 19 26 20
26 9 27 10
26 25 27 26
23 8 24 8
24 8 25 9
17 3 18 4
25 20 26 21
24 3 25 3
26 20 27 20
17 3 16 2
19 3 20 4
26 12 27 13
18 4 19 5
26 5 27 5
29 21 28 21
19 15 18 14
27 24 26 23
24 19 23 19
23 15 22 14
26 4 27 4
25 9 26 9
16 5 17 6
26 23 25 22
22 16 23 17
19 10 18 10
20 16 19 15
27 20 28 21
16 9 15 9
28 5 27 5
23 9 22 9
21 16 20 16
24 8 23 7
20 8 19 7
24 16 23 16
19 10 20 10
23 17 24 18
24 6 23 6
19 12 20 12
22 9 21 9
19 5 20 5
24 7 23 7
19 7 18 6
22 17 23 18
24 21 25 22
29 29 28 28
17 5 18 5
20 11 19 11
14 5 15 5
24 9 25 10
15 4 16 5
19 7 20 7
26 25 25 24
21 9 20 9
22 14 21 14
17 15 18 16
21 5 20 5
25 4 26 4
28 7 27 7
24 22 23 21
25 18 26 19
18 3 19 3
17 3 18 4
24 15 23 14
24 3 25 4
25 24 24 23
24 19 25 19
19 16 18 16
20 8 21 8
22 2 23 2
18 6 17 5
20 14 21 15
20 15 19 15
19 5 18 5
23 18 24 19
27 12 28 12
24 18 25 19
25 12 26 13
24 9 23 8
16 12 15 12
25 24 26 24
22 14 23 15
19 2 20 2
18 9 17 8
25 13 24 13
20 11 21 11
26 17 27 17
22 9 21 9
22 19 21 18
16 6 15 5
18 15 19 15
25 16 24 16
23 1 22 1
15 10 14 9
24 16 23 15
23 2 24 2
24 19 25 20
22 14 21 13
23 18 22 17
26 11 27 12
19 5 20 5
19 16 20 17
27 8 26 8
25 7 24 6
18 12 17 12
24 9 25 9
25 10 26 11
20 8 19 7
13 8 14 9
27 13 26 13
16 4 17 4
26 15 27 16
21 17 22 17
20 14 21 14
22 9 23 10
18 7 19 7
16 9 17 9
25 1 26 1
25 21 26 22
18 7 17 6
13 6 14 7
27 16 28 17
22 10 21 9
22 7 23 7
22 16 21 16
23 16 24 17
18 12 19 13
19 13 20 14
22 3 23 4
21 14 20 14
24 15 25 15
17 7 16 7
27 20 26 19
21 13 20 13
24 13 23 13
15 7 14 7
22 4 21 4
26 15 25 15
18 16 19 17
23 18 24 18
17 9 18 10
21 6 22 7
22 18 23 19
22 15 23 16
15 9 14 9
25 17 24 16
20 14 19 14
26 4 25 3
24 18 25 18
17 14 16 13
25 16 26 17
27 22 28 22
23 3 24 3
15 10 16 11
22 12 23 12
21 3 20 2
14 6 15 7
17 5 16 5
23 16 24 17
23 16 22 16
23 20 24 21
19 13 18 13
22 14 23 15
27 3 26 3
28 4 27 4
22 5 23 5
15 8 14 8
21 3 22 3
26 15 27 16
25 10 24 10
23 18 24 18
26 23 27 23
23 7 24 7
21 7 20 7
20 17 21 17
14 10 15 11
21 5 22 5
22 13 21 13
23 8 24 8
20 5 21 5
18 10 17 10
14 8 13 7
25 12 26 12
19 4 20 5
19 11 18 10
24 16 23 16
23 6 22 5
16 11 17 11
23 8 22 7
28 3 27 3
21 8 20 7
20 12 21 12
20 4 21 4
19 5 20 6
25 11 26 12
16 12 17 12
23 20 22 19
25 21 24 21
13 9 14 10
19 4 18 4
22 7 21 7
26 17 27 17
24 7 23 6
15 6 16 7
24 1 23 1
27 4 26 4
23 6 24 6
22 7 23 8
17 12 18 13
19 10 18 9
20 12 21 13
23 9 24 9
20 9 19 9
25 23 26 24
20 12 19 11
25 12 24 11
19 11 18 11
24 1 25 1
26 20 25 20
28 19 27 19
28 5 29 5
17 6 16 6
26 19 25 19
23 8 24 9
28 21 27 20
19 4 20 4
22 6 21 5
19 6 18 6
28 19 29 19
22 19 21 18
21 11 22 12
29 21 28 20
24 20 23 19
22 6 23 6
23 14 22 13
23 9 22 9
18 16 17 15
26 23 27 24
25 8 26 8
20 15 21 15
21 13 20 12
26 11 27 11
16 5 15 4
25 6 26 7
24 6 25 6
21 6 20 5
25 8 24 7
14 5 15 6
15 6 14 6
18 9 19 9
17 9 18 9
20 12 19 11
26 2 27 2
17 6 18 6
22 6 23 7
27 17 28 18
15 7 16 7
17 10 18 11
23 10 24 11
22 12 23 13
23 8 24 8
20 8 19 7
21 19 22 19
21 3 20 3
23 4 24 5
27 21 26 21
23 7 22 7
25 17 26 18
21 13 22 13
23 4 24 4
18 13 19 13
27 5 26 4
23 12 22 11
27 8 26 8
28 6 27 5
19 9 18 8
22 3 23 3
18 8 17 7
22 9 21 9
17 7 16 7
21 14 22 15
16 12 17 12
21 7 20 7
24 20 25 20
23 10 22 9
26 8 25 8
23 14 24 15
19 6 18 6
25 10 24 9
23 7 24 7
27 18 26 18
22 10 23 10
19 6 20 7
25 17 24 17
22 13 23 14
19 17 20 17
22 10 21 10
22 17 23 18
23 10 24 10
23 13 24 14
20 10 21 11
21 8 22 9
25 20 26 21
24 16 25 16
18 16 19 17
20 13 19 12
27 16 28 17
21 12 22 13
21 3 22 3
21 16 22 17
25 14 24 13
20 4 21 4
25 15 24 15
20 4 21 5
25 3 24 3
24 4 25 4
17 4 18 5
20 14 21 14
26 23 25 22
22 13 23 13
23 12 24 12
17 11 18 12
21 4 22 5
23 10 22 10
22 16 23 16
27 1 26 1
21 11 22 12
25 14 26 15
27 8 26 8
18 12 19 12
20 11 21 11
16 7 15 6
16 8 17 8
22 14 21 14
23 4 22 4
18 5 19 5
20 5 19 5
20 8 19 8
21 6 22 6
24 9 25 9
21 17 22 17
21 3 20 2
25 1 26 1
25 6 26 7
24 14 25 14
25 11 24 11
17 5 18 5
22 7 21 7
19 6 18 5
22 19 23 19
21 12 20 11
20 8 21 8
24 4 23 3
19 10 20 11
24 19 23 18
26 5 25 5
20 13 19 13
13 0 12 0
18 4 17 4
20 9 21 10
11 0 12 0
27 1 26 1
14 10 15 10
22 16 21 15
16 10 17 10
21 14 20 13
20 16 21 16
27 20 26 19
27 5 26 5
19 4 18 4
23 16 22 15
16 10 15 9
23 15 24 15
14 8 15 9
21 7 20 7
19 15 20 16
19 3 20 3
19 17 20 18
16 12 15 11
22 8 23 8
22 15 21 14
24 15 23 14
16 9 15 8
28 3 29 4
16 9 17 9
20 12 21 13
25 12 26 13
20 8 19 7
14 8 13 7
18 14 19 15
20 8 19 8
25 4 24 4
18 13 19 14
21 10 22 10
23 16 24 16
22 13 21 13
19 12 20 12
17 5 16 5
22 18 21 17
22 20 23 20
22 18 23 19
14 7 15 8
18 12 17 12
21 7 22 8
25 4 26 4
20 17 21 17
15 7 16 8
16 8 17 8
16 11 17 12
21 6 20 6
24 2 25 2
24 1 23 1
20 4 19 4
23 6 24 7
25 18 24 17
27 6 26 6
20 15 21 15
13 5 14 6
21 7 22 7
23 20 24 20
21 9 20 8
13 0 14 0
25 5 24 4
17 14 18 14
17 14 16 13
17 13 18 13
15 7 14 6
26 10 25 10
24 11 23 10
18 11 19 12
19 15 18 14
19 14 20 14
27 11 28 12
20 6 19 6
19 3 18 2
19 5 18 4
16 16 15 15
16 9 15 9
22 11 23 12
20 9 19 9
22 18 23 18
17 2 18 2
21 13 20 12
27 24 28 25
18 8 19 9
14 7 13 7
29 23 28 22
25 13 24 13
23 7 22 7
21 5 22 6
22 8 23 9
23 10 22 9
24 12 25 13
21 1 22 1
29 13 28 12
20 9 21 10
20 5 21 5
25 8 24 7
19 9 20 9
26 6 25 6
17 11 18 11
22 13 21 12
25 19 24 19
13 5 14 6
23 19 24 19
11 0 10 0
22 4 21 4
15 9 14 8
20 18 21 19
22 6 21 5
19 6 18 6
20 5 21 6
19 8 18 8
13 6 14 6
25 6 24 5
16 10 17 11
25 2 26 2
24 19 25 20
17 3 16 2
19 7 18 7
24 12 25 12
21 19 22 19
22 6 23 7
27 7 26 7
19 2 20 2
22 9 21 8
19 7 20 8
16 11 15 10
17 7 18 7
10 0 9 0
20 3 21 4
22 19 23 19
22 11 21 10
20 18 21 19
19 7 18 7
25 7 26 7
18 12 17 11
19 15 20 15
23 9 24 10
20 7 19 7
15 7 14 6
16 12 17 13
27 24 26 23
19 14 18 14
21 8 20 7
27 18 28 19
15 11 14 10
21 13 22 13
27 6 26 6
19 10 18 9
26 10 27 10
17 10 16 9
17 6 18 7
17 8 16 7
28 9 29 9
15 15 14 14
20 9 21 10
9 0 8 0
23 17 24 18
25 7 24 7
23 17 22 17
18 10 17 10
19 13 18 12
20 6 19 6
21 7 20 6
24 9 23 9
20 16 21 17
17 15 18 16
21 12 20 11
23 18 22 17
21 17 22 17
22 3 23 3
24 20 23 19
26 9 27 9
22 12 23 13
21 16 22 17
22 20 23 20
19 2 18 2
23 6 24 6
27 22 26 21
27 20 28 20
23 5 24 5
22 14 23 15
23 18 22 17
18 9 17 8
24 18 23 18
14 0 15 0
25 8 26 9
22 13 23 14
25 3 26 3
16 11 17 12
14 9 15 10
19 13 20 13
13 0 12 0
7 0 8 0
29 14 28 14
24 18 25 19
22 18 21 17
16 12 15 11
22 19 21 19
26 13 25 12
19 16 20 16
19 10 18 9
28 5 27 4
26 14 25 13
19 12 20 12
22 5 23 5
18 6 17 6
18 13 17 12
19 2 20 3
24 5 23 5
25 9 24 9
25 23 24 22
25 5 24 5
17 12 16 11
20 16 19 15
22 5 21 5
28 10 27 10
18 5 19 5
24 19 23 18
14 0 13 0
28 19 29 19
22 17 23 18
7 0 6 0
25 17 26 17
24 11 25 12
25 13 26 13
18 2 17 2
14 14 13 13
5 0 6 0
16 7 17 8
18 14 17 13
21 18 20 17
25 2 24 2
18 9 17 8
13 8 14 8
18 4 17 3
23 11 24 12
24 12 25 13
23 17 24 18
22 14 21 13
25 10 24 10
18 5 17 5
18 13 19 14
17 17 16 16
19 15 18 14
28 14 29 15
20 15 19 14
17 12 18 12
27 14 26 14
24 19 25 20
18 18 17 17
25 5 26 5
20 14 21 15
13 6 14 7
22 2 23 2
24 4 23 3
15 15 16 16
14 10 13 9
13 13 12 12
19 16 18 15
20 3 21 3
14 6 15 6
19 12 18 11
26 17 25 16
22 7 21 6
25 10 26 10
18 5 19 5
5 0 4 0
22 16 21 15
3 0 4 0
25 6 26 6
12 12 11 11
11 0 12 0
22 17 21 16
27 5 28 6
25 10 24 10
22 8 23 8
16 16 17 17
28 4 29 4
23 21 24 21
20 17 19 16
14 14 15 15
20 16 21 17
27 2 28 2
22 13 21 12
20 16 19 15
24 7 23 7
13 0 12 0
22 7 21 7
24 8 25 8
23 4 22 3
16 16 15 15
20 16 21 17
16 4 17 4
18 15 17 14
21 16 20 15
13 13 14 14
26 9 27 9
21 7 20 7
28 27 27 26
11 11 10 10
20 6 21 6
23 18 24 19
9 9 10 10
18 14 17 13
8 8 9 9
28 16 27 16
16 5 17 5
21 4 22 4
15 7 16 8
25 8 26 8
22 7 21 7
18 13 17 12
12 12 13 13
20 11 19 10
18 15 19 16
17 13 16 12
22 11 23 11
16 6 15 6
17 7 16 7
21 4 20 4
17 7 18 7
16 10 17 11
17 4 18 4
12 12 11 11
19 15 18 14
14 14 15 15
10 10 11 11
18 13 17 13
10 0 11 0
25 5 24 5
24 5 23 5
16 12 15 11
21 18 20 17
22 4 21 4
9 9 10 10
26 13 25 13
17 13 18 14
18 14 19 15
28 15 27 14
16 0 15 0
20 15 19 14
8 8 7 7
28 10 29 10
19 17 18 16
21 17 22 18
8 8 9 9
6 6 7 7
7 7 8 8
10 0 9 0
24 14 23 13
13 13 14 14
20 17 19 16
22 18 23 19
13 13 12 12
16 11 17 12
12 0 11 0
21 18 22 19
17 13 16 12
16 6 17 6
20 2 19 2
11 11 12 12
18 15 17 14
5 5 6 6
10 0 11 0
8 0 9 0
26 23 25 22
20 9 19 8
3 0 2 0
17 14 16 13
8 0 7 0
22 15 23 16
23 3 24 3
1 0 2 0
16 7 15 7
4 4 5 5
16 13 15 12
10 0 9 0
18 15 19 16
3 3 4 4
28 17 29 17
20 3 19 3
2 2 3 3
10 10 11 11
6 6 7 7
26 11 25 11
8 0 9 0
6 6 5 5
6 0 7 0
16 7 17 7
23 16 24 17
22 15 23 16
16 12 15 11
5 0 6 0
1 1 2 2
25 16 24 15
0 0 1 1
20 13 19 12
18 15 17 14
5 0 4 0
27 22 26 22
7 0 8 0
7 0 6 0
15 0 14 0
14 0 13 0
23 10 22 9
25 2 26 3
29 19 28 18
13 0 12 0
10 10 9 9
8 8 9 9
4 4 5 5
29 16 28 16
4 4 3 3
2 2 3 3
