2802
9 2 8 2
25 9 24 8
23 8 22 8
29 3 28 2
28 7 27 6
27 11 26 10
13 13 12 12
24 24 23 23
17 2 16 2
21 9 20 9
26 15 25 15
23 7 22 7
29 7 28 6
28 6 27 5
26 25 25 24
25 24 24 24
24 8 23 8
18 11 17 11
23 8 22 8
26 26 25 25
25 10 24 9
28 10 29 11
25 4 26 4
25 25 24 24
22 7 21 6
23 8 22 7
19 18 18 17
18 6 17 5
22 7 21 7
26 10 25 10
29 11 28 11
24 9 23 8
21 6 20 5
23 23 22 22
24 24 23 23
28 2 27 1
17 6 16 6
12 12 13 12
7 0 8 1
27 10 26 10
16 6 15 5
18 17 17 17
22 1 21 0
28 10 27 10
25 10 24 10
27 5 26 4
27 1 26 0
27 6 26 5
17 11 16 11
23 8 22 7
26 0 25 0
20 5 19 4
22 8 21 8
22 7 21 6
8 2 7 1
26 4 25 3
28 19 27 19
16 2 15 2
21 10 20 10
19 4 18 3
18 3 17 2
25 3 24 3
21 8 20 7
17 3 16 2
20 10 19 10
27 19 26 18
17 5 16 5
17 2 16 1
15 2 14 1
16 11 15 10
26 21 25 21
13 12 12 11
23 17 22 17
25 21 24 20
27 10 26 9
25 25 24 24
28 11 27 11
24 10 23 9
27 11 26 11
15 13 16 13
16 1 15 0
21 6 20 5
23 9 22 8
16 8 15 7
7 6 6 5
21 7 20 6
26 9 25 8
8 1 9 2
20 5 19 5
24 3 23 3
15 0 14 0
14 8 13 8
26 18 25 17
16 5 15 4
26 5 25 5
26 10 25 10
5 4 4 3
20 6 19 6
19 4 20 5
20 19 19 18
22 12 23 12
19 5 18 5
4 3 3 2
17 17 16 16
25 8 24 7
16 16 15 15
19 18 18 17
22 8 21 8
25 5 24 5
25 0 24 0
19 6 18 6
15 15 14 14
24 20 23 20
23 3 22 2
22 10 21 9
17 12 16 12
27 24 26 24
20 12 19 11
20 7 19 7
27 7 26 7
26 7 25 6
25 17 24 17
12 11 11 10
15 5 14 5
22 17 21 16
25 15 24 15
26 11 25 11
18 6 17 5
22 2 21 1
24 0 23 0
18 5 17 4
8 0 9 1
19 10 18 9
24 17 23 17
23 0 22 0
11 1 10 0
23 20 22 20
25 11 24 11
23 17 22 16
14 1 15 1
21 8 20 7
21 0 20 0
14 0 15 1
22 20 21 20
22 0 21 0
18 9 17 8
18 17 17 16
24 15 23 15
17 5 16 4
11 10 10 10
15 10 14 10
14 14 13 13
20 7 19 6
24 5 25 6
11 9 10 8
15 4 14 3
24 11 23 11
14 10 13 10
14 0 13 0
13 10 12 10
19 11 18 11
17 4 16 3
15 1 14 0
22 16 21 15
22 22 21 21
13 8 12 7
21 1 20 1
25 6 24 6
19 7 18 6
24 6 23 6
23 11 22 11
21 15 20 14
10 10 9 9
10 0 9 0
13 0 12 0
14 5 13 4
14 0 13 0
12 7 11 6
23 6 22 6
20 14 19 14
22 6 21 6
14 3 13 3
16 3 15 3
13 3 12 3
13 4 12 4
24 7 23 6
9 0 8 0
16 4 15 4
15 4 14 3
23 6 22 5
19 6 18 5
12 3 11 2
21 6 20 5
23 23 22 22
18 0 17 0
23 15 22 14
11 2 10 1
10 1 9 0
19 14 18 13
15 3 14 2
18 5 17 5
24 24 23 23
22 11 21 11
7 1 6 0
13 0 14 1
12 4 11 4
12 10 11 9
17 0 16 0
7 0 6 0
12 0 11 0
21 11 20 11
11 11 10 10
14 1 13 1
20 11 19 11
12 12 11 11
18 6 17 6
11 9 10 9
11 0 10 0
17 5 16 4
10 8 9 8
10 0 9 0
22 5 21 5
24 5 23 5
18 13 17 12
25 10 24 10
18 11 17 11
16 2 15 2
22 14 21 14
20 1 19 1
13 13 12 12
14 3 13 3
13 1 12 0
23 5 22 4
19 11 18 11
24 10 23 10
10 9 9 8
21 21 20 20
6 5 5 4
19 1 18 1
21 14 20 13
11 4 10 4
20 0 19 0
23 10 22 9
3 3 2 2
21 16 20 16
16 12 15 11
11 6 10 5
18 11 17 10
16 0 15 0
15 11 14 11
9 8 8 8
20 9 19 8
14 2 13 1
9 2 10 3
18 1 17 1
17 10 16 10
13 3 12 3
13 1 12 1
16 4 15 4
22 22 21 21
21 0 20 0
20 16 19 15
21 5 20 4
22 9 21 8
26 24 25 24
12 3 11 3
25 1 24 1
17 8 16 8
12 0 13 0
15 4 14 3
15 2 14 1
9 0 8 0
17 12 16 11
10 5 9 4
23 23 22 22
16 11 15 10
20 13 19 13
17 1 16 0
17 11 16 11
17 6 16 6
14 3 13 3
18 9 19 9
10 9 9 8
21 20 20 19
14 1 13 1
20 5 19 5
9 8 8 7
8 7 7 6
13 1 12 1
16 10 15 10
15 10 14 9
16 8 15 8
11 3 10 3
10 3 9 3
14 9 13 8
16 10 15 10
9 3 8 3
5 4 4 4
16 13 17 13
16 6 15 6
13 3 12 3
21 8 20 7
15 6 14 5
9 4 8 4
10 4 9 4
12 3 11 3
19 8 18 8
20 19 19 18
8 3 7 3
14 11 13 10
15 8 14 7
27 5 28 6
15 10 14 9
4 4 3 3
7 6 6 6
14 9 13 9
15 7 14 6
12 1 11 1
6 0 5 0
11 3 10 3
15 0 14 0
18 8 17 8
13 1 12 1
3 2 2 1
14 5 13 5
13 9 12 8
10 0 11 1
11 1 10 1
25 24 24 23
21 9 20 9
14 0 13 0
19 5 18 5
10 10 9 9
10 1 9 1
18 5 17 5
20 7 19 6
8 4 7 4
10 10 11 11
17 5 16 4
12 12 11 11
17 8 16 7
7 4 6 4
16 7 15 6
19 15 18 14
13 5 12 4
13 10 12 10
9 0 10 0
16 0 15 0
20 20 19 19
22 4 21 4
24 23 23 23
9 4 8 3
6 4 5 3
7 3 6 3
12 1 11 0
9 5 10 6
16 4 15 4
9 1 8 1
8 8 7 7
10 3 9 3
12 8 11 8
6 6 5 5
11 0 12 0
15 6 14 5
19 18 18 18
21 4 20 3
9 3 8 2
8 2 7 1
19 6 18 6
7 7 6 6
10 0 11 0
18 18 17 17
15 4 14 3
20 9 19 8
20 4 19 3
24 1 23 0
17 17 16 16
12 0 13 0
14 3 13 3
14 5 13 4
6 6 5 5
11 8 10 7
17 13 18 14
10 0 9 0
16 16 15 15
23 12 24 12
24 6 25 7
8 0 9 0
15 15 14 14
8 3 7 3
14 14 13 13
14 7 13 6
22 22 23 23
17 13 16 12
13 6 14 6
7 3 6 2
19 19 18 18
12 12 13 13
19 13 18 12
18 18 17 17
21 11 22 12
10 7 9 6
18 12 17 12
14 6 13 5
8 1 7 1
6 2 5 2
12 4 11 3
23 0 22 0
22 0 21 0
18 6 17 5
16 12 15 11
20 0 21 0
20 0 19 0
10 1 11 2
9 6 8 6
15 11 14 10
21 21 20 20
17 12 16 12
13 8 12 8
13 4 12 4
5 2 4 1
13 5 12 5
17 17 16 16
2 1 1 1
8 6 7 6
12 4 11 4
20 20 19 19
19 19 18 18
9 9 8 8
11 3 10 3
12 8 11 7
16 11 15 10
16 12 15 11
6 3 5 2
11 11 12 12
22 22 21 21
5 5 4 4
21 21 20 20
23 23 22 22
22 22 21 21
20 3 19 2
20 20 19 19
13 3 12 3
21 21 20 20
19 8 18 8
3 3 4 4
7 1 6 0
12 3 11 2
7 6 6 5
12 10 11 10
12 5 11 5
6 5 5 5
18 18 19 19
15 11 14 11
25 7 26 8
4 1 3 0
16 16 15 15
11 7 10 6
11 4 10 4
13 3 14 3
10 6 9 6
17 5 16 4
10 10 9 9
11 5 10 5
5 2 4 2
5 5 4 4
10 3 9 3
6 6 5 5
11 11 10 10
8 1 7 1
18 14 19 14
9 6 8 6
11 10 10 9
9 3 8 2
16 4 15 4
10 4 9 4
3 0 2 0
19 3 18 3
12 0 11 0
10 0 11 0
19 14 20 15
15 15 14 14
9 4 8 4
6 0 7 0
18 18 17 17
15 10 14 9
14 9 13 9
13 13 14 14
5 3 4 2
19 19 18 18
20 20 19 19
17 17 16 16
21 6 22 6
10 9 9 8
13 9 12 8
15 4 14 3
12 12 11 11
9 8 8 7
10 5 9 4
7 0 8 0
11 2 10 1
7 1 6 1
8 4 7 3
14 11 13 10
18 18 17 17
14 10 13 10
18 3 17 3
8 0 9 0
9 0 10 0
10 0 11 0
18 8 17 8
8 2 7 1
7 1 6 1
5 3 4 3
19 19 18 18
16 16 15 15
11 0 12 0
8 6 7 6
7 6 6 5
4 3 3 2
13 0 12 0
6 0 7 0
14 14 15 15
3 3 4 4
17 16 16 16
14 14 13 13
12 8 11 7
14 10 13 9
8 0 9 0
2 0 1 0
13 6 12 6
1 0 0 0
24 12 25 13
8 0 7 0
13 10 12 9
13 13 12 12
10 1 9 1
3 2 2 1
9 4 8 3
19 2 18 2
8 3 7 2
19 9 20 9
8 7 7 7
6 6 7 7
17 3 16 2
4 2 3 2
11 11 12 12
16 2 15 1
12 6 11 6
14 14 13 13
14 3 13 3
11 11 10 10
14 0 15 1
15 1 14 1
0 0 1 1
5 0 4 0
14 1 13 1
6 1 5 1
5 5 6 6
15 15 14 14
7 1 6 1
11 7 10 7
13 1 12 1
12 9 11 9
7 2 6 2
6 1 5 0
13 0 14 0
5 1 4 1
19 0 18 0
1 1 2 2
12 1 11 1
13 3 12 3
10 7 9 6
10 10 9 9
13 13 12 12
6 2 5 1
13 9 12 8
17 8 16 7
3 2 2 2
5 0 6 0
5 5 4 4
20 0 19 0
21 0 20 0
7 7 8 8
12 0 13 0
11 0 12 0
18 2 17 1
12 12 11 11
12 8 11 7
18 0 17 0
9 1 8 1
6 5 5 4
10 10 11 11
16 16 15 15
6 6 7 7
7 0 6 0
19 0 18 0
7 0 8 1
8 8 9 9
5 5 6 6
4 1 3 0
5 1 4 1
8 0 7 0
8 1 7 1
17 17 16 16
9 6 8 6
9 9 10 10
10 10 11 11
10 0 11 0
11 11 12 12
15 15 14 14
12 12 13 13
13 13 14 14
8 8 7 7
14 14 15 15
8 0 9 0
12 3 11 2
16 16 15 15
7 7 6 6
20 0 19 0
16 7 15 6
0 0 1 1
3 3 4 4
11 2 10 2
3 3 2 2
11 1 10 1
8 6 7 6
18 18 17 17
7 1 6 1
16 16 17 17
11 7 10 6
10 1 9 1
10 0 9 0
17 1 16 1
15 0 16 1
15 0 14 0
9 9 8 8
7 7 8 8
9 0 8 0
16 1 15 1
9 1 8 1
14 0 13 0
5 5 4 4
8 1 7 1
15 1 14 1
12 12 13 13
8 0 7 0
11 9 10 8
5 4 4 3
14 1 13 1
12 0 13 0
11 0 12 0
7 0 6 0
15 6 14 6
5 5 6 6
7 7 6 6
4 4 3 3
9 9 10 10
9 9 8 8
13 1 12 1
2 2 1 1
17 0 16 0
10 10 11 11
7 7 8 8
12 1 11 1
10 10 9 9
10 0 11 0
15 0 16 0
9 0 10 0
11 1 10 1
14 0 15 0
12 0 11 0
4 4 5 5
13 0 14 0
4 3 3 2
9 9 8 8
6 1 5 1
18 0 17 0
7 1 6 1
16 0 17 0
12 0 13 0
19 0 18 0
10 1 9 1
16 0 15 0
2 1 1 0
11 11 12 12
11 0 12 0
2 2 3 3
6 6 5 5
12 12 13 13
13 13 14 14
10 6 9 6
7 7 6 6
9 1 8 1
10 8 9 7
26 8 27 9
1 1 2 2
7 3 6 3
14 0 15 0
14 14 15 15
16 16 15 15
3 2 2 1
8 0 9 0
2 1 1 0
13 3 14 4
10 2 9 1
15 1 16 1
3 3 4 4
25 13 26 13
10 10 11 11
9 9 10 10
11 11 12 12
4 3 3 2
3 0 2 0
9 7 8 7
7 6 6 5
4 4 5 5
12 12 13 13
13 13 14 14
15 4 16 5
11 11 10 10
1 1 0 0
14 0 13 0
9 9 8 8
12 0 13 0
26 20 27 20
11 11 12 12
15 15 14 14
6 3 5 3
10 0 11 0
9 1 8 1
5 3 4 2
3 2 4 2
12 12 13 13
7 0 8 1
9 0 10 0
2 2 3 2
8 1 7 1
4 2 3 1
6 6 5 5
9 0 8 0
6 1 7 1
3 1 4 1
7 0 8 0
8 0 9 0
12 0 11 0
20 9 21 10
3 2 2 1
6 1 5 1
4 1 3 0
11 0 10 0
3 3 2 2
6 5 5 4
9 1 8 1
2 2 1 1
5 1 4 1
6 0 7 0
13 9 14 9
7 0 8 0
28 4 29 4
6 6 7 7
9 0 10 0
7 7 8 8
4 1 3 0
9 6 8 5
11 6 10 6
22 12 23 12
15 9 14 9
6 1 5 1
6 6 7 7
5 4 4 3
4 4 3 3
3 2 4 3
8 0 9 0
8 5 7 5
16 1 17 2
5 5 6 6
2 1 1 0
16 5 17 6
2 0 3 0
9 9 8 8
7 1 6 1
17 6 18 7
8 8 7 7
14 6 13 6
10 10 9 9
9 9 8 8
14 9 13 8
3 2 2 1
10 10 11 11
20 7 21 7
10 6 9 6
9 9 10 10
8 1 7 1
11 11 12 12
7 5 6 5
15 9 16 10
13 8 12 8
13 6 12 6
17 2 18 2
27 20 28 21
7 7 8 7
22 6 23 7
18 7 19 7
8 7 7 6
4 4 5 5
6 6 7 7
4 4 3 3
7 6 6 5
9 6 8 6
16 10 17 11
28 21 29 22
7 6 8 6
8 6 7 5
12 6 11 6
27 3 28 3
5 5 6 6
2 2 3 3
7 5 6 4
6 6 7 6
14 4 15 4
12 8 11 8
6 4 5 4
7 6 6 5
3 0 4 0
4 0 5 0
5 4 4 3
3 2 4 3
21 7 22 8
5 0 6 0
4 4 5 5
27 9 28 10
6 0 7 0
7 0 8 0
28 3 29 3
2 2 1 1
6 5 5 4
6 5 7 6
8 0 9 0
21 10 22 10
4 3 5 4
20 15 21 15
19 7 20 8
9 0 10 0
5 4 6 5
4 3 3 2
10 0 11 0
4 3 5 4
22 10 23 10
23 12 24 12
15 4 16 4
2 0 3 0
3 2 2 1
3 0 4 0
28 6 29 6
17 11 18 11
4 0 5 0
5 5 6 6
2 1 1 0
18 11 19 12
4 4 3 3
1 0 2 0
5 0 6 0
6 0 7 0
3 0 2 0
8 0 7 0
4 4 5 5
23 10 24 11
16 4 17 4
21 15 22 15
8 0 9 0
11 6 10 5
10 5 9 4
26 13 27 13
17 4 18 4
3 3 4 4
9 4 8 4
8 4 7 3
3 0 4 0
20 8 21 8
0 0 1 0
2 2 3 3
1 0 2 0
4 4 3 3
4 0 5 0
6 0 5 0
24 11 25 12
7 0 6 0
22 8 23 8
7 3 6 3
18 2 19 2
2 0 3 0
23 7 24 8
22 15 23 16
4 0 3 0
6 3 5 3
5 3 4 2
3 1 4 2
24 8 25 9
21 8 22 8
1 1 2 2
3 3 2 2
23 8 24 8
3 1 2 1
19 12 20 13
28 10 29 10
20 13 21 13
22 8 23 9
27 13 28 13
25 9 26 9
18 4 19 4
19 4 20 4
19 2 20 2
20 2 21 2
26 9 27 10
28 13 29 14
21 13 22 13
11 8 10 8
21 2 22 2
22 2 23 3
24 8 25 9
23 3 24 4
20 4 21 5
22 13 23 13
27 10 28 10
0 0 1 1
23 13 24 14
24 12 25 13
28 10 29 11
21 5 22 6
22 6 23 7
23 7 24 7
10 8 9 8
24 4 25 4
25 13 26 13
25 9 26 9
8 8 9 8
7 7 8 8
6 6 7 7
9 8 8 7
7 6 8 7
7 6 6 5
23 16 24 16
25 4 26 5
26 9 27 10
5 5 6 6
24 16 25 17
25 12 26 12
4 4 5 5
25 17 26 18
24 7 25 7
23 9 24 10
27 10 28 10
3 3 4 4
29 11 28 10
26 13 27 14
26 18 27 19
27 19 28 19
24 14 25 14
26 12 27 13
28 19 29 20
25 14 26 14
24 10 25 10
27 14 28 15
26 5 27 6
2 2 3 3
28 15 29 15
27 6 28 7
25 7 26 7
28 7 29 8
26 7 27 8
25 10 26 10
26 10 27 10
26 14 27 14
27 8 28 8
29 8 28 8
27 14 28 14
27 10 28 11
28 11 29 12
28 8 29 9
27 13 28 13
1 1 2 2
28 13 29 13
1 1 0 0
17 6 16 5
26 9 25 8
7 5 6 4
29 27 28 27
21 12 20 11
25 4 24 4
16 11 15 11
13 10 12 10
27 7 26 6
22 12 21 12
28 22 27 21
20 7 19 6
20 11 19 11
25 18 24 18
19 6 18 6
13 3 12 3
18 6 17 5
28 13 27 13
27 21 26 21
22 8 21 7
27 13 26 12
25 2 24 2
5 3 6 4
20 12 19 12
26 21 25 20
24 4 23 4
21 12 20 11
26 6 25 5
21 7 20 7
20 11 19 11
28 19 27 18
12 2 11 1
23 12 22 11
17 4 16 4
21 10 20 10
16 4 15 3
19 12 18 12
18 12 17 11
15 12 14 11
23 4 22 3
24 2 23 2
15 1 14 1
15 9 14 9
25 5 24 5
10 6 9 6
20 11 19 10
25 13 24 13
18 4 17 4
11 1 10 1
19 11 18 10
27 18 26 17
25 20 24 19
28 27 27 27
21 11 22 11
24 5 23 4
24 13 23 12
19 10 20 10
23 2 22 2
29 5 28 5
23 14 22 14
9 5 8 5
22 2 21 1
12 10 11 10
20 10 19 9
23 22 22 22
14 11 13 11
7 3 6 2
21 1 20 1
26 12 25 12
18 10 17 10
24 10 25 11
12 3 11 3
16 2 15 2
29 29 28 28
28 5 27 4
17 4 16 4
19 6 20 6
11 2 10 2
19 9 18 8
22 22 21 21
26 17 25 17
16 4 15 4
18 8 17 8
17 5 16 4
24 4 23 3
28 28 27 27
22 11 21 10
21 11 20 11
22 14 21 13
8 5 7 4
26 7 25 7
23 4 22 4
19 10 18 9
21 13 20 13
25 7 24 6
24 18 23 18
17 10 16 9
25 17 24 16
15 11 14 11
20 11 19 11
23 3 22 2
21 10 20 10
22 2 21 1
20 7 19 6
21 21 20 20
24 20 23 19
20 10 19 9
24 16 23 16
16 9 15 8
24 6 23 6
9 6 8 6
6 4 7 4
23 12 22 12
20 20 19 19
22 12 21 12
16 5 15 5
7 4 6 3
15 4 14 3
15 8 14 7
20 13 19 12
18 9 17 9
15 5 14 5
8 3 7 3
17 8 16 7
22 4 21 4
23 19 22 19
19 6 18 5
24 19 23 19
23 16 22 16
14 11 13 10
15 3 14 2
18 2 17 1
25 12 24 12
19 12 18 12
23 6 22 6
22 16 21 15
14 1 13 1
21 15 20 15
18 12 17 12
22 6 21 6
17 12 16 12
21 1 20 0
27 4 26 4
25 8 24 8
16 12 15 12
19 11 18 10
14 3 13 3
17 1 16 1
15 12 14 12
14 5 13 5
24 6 25 6
22 3 21 3
17 11 16 11
16 11 15 11
14 9 13 8
19 9 18 9
15 2 14 1
18 10 17 10
11 10 10 9
10 2 9 1
14 12 13 12
14 10 13 9
18 11 17 11
20 0 19 0
16 1 15 1
11 3 10 3
19 0 20 1
14 7 13 6
24 12 23 12
13 12 12 11
21 6 20 5
13 3 12 2
18 5 17 4
13 6 12 6
26 4 25 4
20 1 19 1
13 8 12 7
13 11 12 10
21 3 20 2
23 12 22 11
17 11 16 11
12 10 11 10
18 9 17 8
16 7 15 6
24 8 23 7
25 4 24 4
27 27 26 26
13 9 12 9
24 4 23 3
23 7 22 7
20 5 19 4
10 3 9 3
22 19 21 19
10 1 9 1
23 3 22 3
9 3 8 3
12 2 11 1
11 10 10 9
15 11 14 11
9 1 8 1
23 18 22 18
23 19 22 19
8 3 7 2
22 11 21 11
19 4 18 3
10 9 9 8
16 4 15 4
7 3 6 3
14 10 13 9
21 19 20 19
15 4 14 4
20 19 19 18
21 11 20 10
15 6 14 6
17 8 16 7
12 6 11 6
12 9 11 8
14 2 13 2
21 4 20 3
12 7 11 7
28 28 27 27
11 8 10 7
11 1 10 1
19 18 18 17
20 15 19 15
22 3 21 2
26 26 25 25
6 3 5 2
14 4 13 3
17 10 16 10
13 10 12 9
13 5 12 4
18 3 17 2
27 27 26 26
20 10 19 9
17 4 16 4
19 1 18 1
13 9 12 8
18 17 17 16
19 9 18 9
10 7 9 7
22 18 21 17
20 2 19 2
16 10 15 9
16 4 15 3
17 9 16 8
19 2 18 2
13 3 12 2
15 3 14 3
12 8 11 8
22 7 21 6
16 11 15 10
18 9 17 8
14 3 13 3
16 8 15 8
17 16 16 15
21 12 20 11
7 2 6 2
21 6 20 6
21 17 20 17
7 3 6 3
11 7 10 7
17 8 16 8
17 2 16 2
18 1 17 1
20 6 19 5
11 6 10 6
19 15 18 15
20 17 19 16
12 4 11 3
18 15 19 16
10 6 9 5
6 2 5 2
16 15 15 14
14 11 13 10
16 5 17 5
22 19 21 19
15 9 14 9
27 8 28 8
16 2 15 2
13 10 12 10
16 7 15 6
28 16 29 16
13 3 12 3
14 6 13 5
15 14 14 13
12 3 11 2
15 6 14 6
15 10 14 10
21 19 20 18
13 1 12 1
14 10 13 10
8 6 7 5
15 2 14 2
18 15 17 14
20 13 21 13
17 14 16 14
11 8 10 8
25 25 24 24
14 9 13 8
20 3 19 3
14 6 13 6
15 8 14 7
14 1 13 1
26 26 25 25
12 1 11 1
13 2 12 2
13 5 12 4
24 24 23 23
12 10 11 9
20 18 19 18
13 8 12 7
16 14 15 14
13 6 12 5
19 16 18 15
10 7 9 6
19 18 18 17
18 15 17 15
12 5 11 5
18 17 17 16
13 2 14 2
23 23 22 22
11 2 10 2
25 25 24 24
9 6 8 6
18 2 19 3
17 15 16 14
12 7 11 7
16 8 15 8
17 1 16 1
14 13 15 14
13 2 12 1
15 1 14 1
9 5 8 4
21 2 20 1
22 22 21 21
21 21 20 20
16 1 15 1
15 1 14 1
16 14 15 14
13 1 12 1
15 8 14 8
19 19 20 20
16 14 15 13
17 16 16 15
12 9 11 8
10 8 11 8
19 0 20 1
14 8 13 7
13 10 12 10
18 18 19 19
11 7 10 7
10 1 11 1
8 6 9 7
19 5 18 5
8 4 7 4
7 4 6 3
12 4 11 4
10 1 9 1
14 7 13 6
8 1 9 1
13 7 12 7
12 1 11 1
15 13 14 12
11 4 10 3
11 9 12 10
28 20 29 21
19 3 18 3
20 1 19 1
18 5 17 4
20 11 19 10
10 2 11 3
19 1 18 1
18 3 17 2
19 10 18 10
10 7 9 6
14 12 13 11
8 6 7 5
10 1 11 1
12 7 11 7
11 9 10 9
9 6 8 5
10 8 9 7
13 11 12 10
11 5 10 4
7 4 8 5
11 7 10 7
18 1 17 1
24 24 23 23
12 2 11 2
9 7 10 7
11 2 10 2
17 4 16 3
13 2 12 2
6 4 7 5
10 3 9 3
20 3 21 4
14 2 13 2
8 6 9 7
9 7 10 7
11 8 10 7
23 23 22 22
10 4 9 4
18 10 17 9
13 6 12 5
11 8 10 8
11 3 10 3
16 3 15 2
17 9 16 9
9 4 8 4
17 1 16 1
15 1 16 1
16 9 15 9
15 9 14 9
6 3 7 4
14 9 13 8
9 1 10 2
15 1 14 1
16 1 17 2
6 3 5 2
22 22 21 21
15 1 16 1
20 20 21 21
15 2 14 2
8 4 7 3
13 1 14 2
18 2 17 1
13 8 12 7
14 1 15 1
17 2 16 2
17 1 16 1
9 3 8 3
16 1 15 1
10 3 9 3
14 13 13 12
12 1 13 1
12 11 13 12
11 1 12 1
13 1 14 1
8 3 9 3
12 1 13 1
13 2 14 2
12 2 13 2
23 12 24 13
12 5 11 4
10 1 11 1
12 7 11 6
10 3 11 3
11 6 10 6
7 3 8 3
12 11 11 10
16 2 15 2
10 2 9 2
14 2 15 2
11 4 10 3
15 14 14 13
10 7 9 6
9 2 8 2
7 2 8 2
10 9 11 10
9 8 10 9
16 15 15 14
11 8 10 7
15 1 14 1
13 12 14 13
8 3 9 3
9 3 10 3
8 2 9 3
11 2 10 2
14 1 13 1
13 1 12 1
8 5 9 6
14 13 15 14
10 7 9 6
13 12 12 11
11 10 12 11
11 1 12 1
12 2 11 2
13 2 12 2
6 2 7 2
10 3 9 2
14 13 13 12
9 2 10 2
9 3 8 3
10 2 11 2
11 1 10 1
13 12 12 11
12 2 11 2
14 9 15 10
8 2 7 2
9 6 10 6
8 5 9 6
10 1 9 1
14 2 13 2
8 2 9 2
12 2 13 2
8 5 7 4
15 2 14 2
8 2 7 2
7 4 6 3
10 6 9 5
10 2 9 2
11 2 10 2
14 2 13 2
9 5 8 4
6 3 5 2
6 2 5 2
10 6 11 7
7 3 8 4
6 2 7 2
7 2 8 2
8 1 9 1
9 2 8 2
25 13 26 14
9 4 10 5
26 21 27 21
27 21 28 21
21 13 22 14
11 3 12 4
15 10 16 11
24 18 25 18
24 16 25 17
25 11 26 11
25 17 26 17
10 5 11 6
26 9 27 10
21 6 22 6
12 4 13 4
11 6 12 7
18 3 19 4
24 24 25 24
27 10 28 11
22 19 23 19
11 7 12 7
12 7 13 7
28 9 27 9
25 24 26 25
22 12 23 12
23 19 24 19
25 1 26 2
17 5 18 5
27 22 28 22
11 7 12 7
25 16 26 16
22 6 23 6
16 11 17 11
26 11 27 12
26 25 27 25
19 4 20 5
26 16 27 16
27 16 28 16
27 15 28 15
18 5 19 5
22 14 23 14
23 6 24 6
25 16 26 16
28 2 29 2
23 15 24 16
13 5 14 5
17 11 18 11
18 11 19 11
17 6 18 7
28 22 29 23
23 23 24 24
24 16 25 16
22 2 23 3
24 19 25 19
12 7 13 8
26 17 27 17
19 5 20 6
13 4 14 5
27 27 28 28
20 6 21 7
28 26 29 26
24 24 25 25
23 14 24 14
19 16 20 17
20 17 21 18
22 9 23 9
28 28 29 28
27 12 28 13
18 7 19 7
13 4 14 4
24 13 25 14
25 18 26 19
13 7 14 7
24 6 25 7
20 5 21 5
25 14 26 15
26 19 27 19
25 19 26 20
26 2 27 3
26 20 27 21
26 15 27 16
27 21 28 22
27 19 28 19
27 16 28 17
27 23 28 23
28 23 29 24
13 8 14 8
23 12 24 13
14 7 15 8
19 7 20 8
14 8 15 9
14 5 15 5
28 19 29 19
21 5 22 6
24 10 25 10
27 3 28 3
28 24 29 25
25 10 26 11
27 25 28 26
21 4 22 5
26 14 27 15
28 15 27 15
20 8 21 9
26 16 27 16
15 8 16 8
28 16 29 17
19 11 20 12
16 2 17 3
27 17 28 18
16 8 17 8
25 16 26 17
24 13 25 14
25 6 26 7
26 7 27 8
14 4 15 4
15 9 16 10
25 14 26 14
15 5 16 5
17 3 18 4
20 12 21 13
16 10 17 11
26 11 27 11
26 17 27 18
28 26 29 27
28 18 29 18
17 8 18 9
27 18 28 18
24 14 25 15
25 7 26 7
15 4 16 4
21 9 22 10
27 15 26 14
26 14 27 14
22 6 23 6
23 9 24 9
24 9 25 10
23 6 24 7
27 15 28 15
16 5 17 5
18 4 19 4
21 18 22 18
24 7 25 8
27 16 28 16
22 18 23 18
28 12 27 11
22 5 23 5
17 5 18 5
23 18 24 19
25 25 26 26
26 7 27 7
26 26 27 27
27 7 28 7
24 19 25 20
17 11 18 11
21 7 22 8
22 10 23 10
28 16 27 15
16 4 17 4
25 10 26 10
25 8 26 8
23 10 24 11
18 5 19 6
24 11 25 12
23 3 24 4
20 11 19 10
28 2 27 2
19 11 18 11
16 5 15 4
25 22 24 22
19 2 18 1
26 25 25 24
20 19 19 18
23 12 22 12
15 4 14 3
28 4 27 3
20 18 19 17
19 18 18 17
27 2 26 2
27 6 26 6
14 3 13 3
23 10 22 10
23 23 22 22
18 17 17 16
23 4 22 4
24 16 23 16
21 4 20 4
19 14 18 14
21 5 22 6
13 6 14 7
27 3 26 3
24 5 23 4
20 16 19 15
26 2 25 2
17 6 18 7
19 10 18 9
22 11 21 10
13 3 12 3
22 6 21 6
22 3 21 2
17 10 16 9
24 22 23 22
26 19 25 18
27 13 26 12
23 4 22 3
26 26 25 25
25 24 24 24
21 7 20 6
16 14 15 13
26 6 25 5
27 20 26 19
13 9 12 8
12 3 11 3
20 17 19 17
26 3 25 3
11 3 10 3
21 5 20 5
19 17 18 16
18 7 17 7
20 5 19 4
27 1 26 0
13 5 12 4
21 8 20 8
12 8 11 8
25 25 24 24
22 4 21 3
26 12 25 11
23 13 22 12
24 24 23 23
20 7 19 6
22 10 21 9
19 6 18 6
21 2 20 1
18 11 17 10
20 17 19 16
15 13 14 12
17 7 16 7
16 7 15 6
23 22 22 22
25 19 24 19
19 15 18 15
25 3 24 2
11 6 10 5
23 22 22 21
18 14 17 14
22 3 21 2
21 2 20 2
25 11 24 11
21 9 20 9
22 21 21 20
26 1 25 0
24 19 23 19
25 0 24 0
20 4 19 3
24 2 23 1
16 9 15 9
16 15 17 16
23 13 22 13
23 1 22 0
19 7 18 7
17 10 16 10
25 5 24 4
20 1 19 1
21 10 20 9
18 6 17 5
17 5 16 4
18 1 19 1
19 4 18 3
26 0 25 0
25 25 24 24
25 0 24 0
24 3 23 3
16 4 15 3
21 20 20 19
22 13 21 13
25 18 24 17
10 5 9 4
22 0 21 0
15 10 14 10
16 10 15 10
19 15 20 16
18 7 17 7
24 0 23 0
26 19 25 18
24 17 23 17
23 17 22 16
15 9 14 9
15 6 14 6
17 7 16 6
14 6 13 5
24 4 23 4
18 16 17 15
25 0 24 0
21 6 20 5
19 16 18 16
20 8 19 8
19 8 18 8
24 11 23 11
17 15 16 14
19 1 20 2
23 19 22 19
23 4 22 4
20 19 19 18
21 0 20 0
12 4 11 3
14 9 13 9
23 16 22 15
18 3 17 2
18 16 17 15
10 3 11 3
22 4 21 4
21 3 20 3
19 18 18 17
21 4 20 4
20 6 19 5
22 19 21 18
21 18 20 18
18 15 17 15
23 3 22 3
20 4 19 4
25 18 24 18
12 9 13 9
19 5 18 4
16 6 17 6
20 18 19 17
14 10 13 10
17 6 16 5
13 10 12 9
18 17 19 17
13 5 12 4
19 17 18 16
17 2 16 2
23 11 22 11
18 8 17 8
21 10 20 10
16 2 15 2
15 10 14 9
19 3 20 3
20 5 19 5
22 3 21 2
22 11 21 11
20 9 19 8
21 2 20 1
16 5 15 4
22 15 21 14
21 14 20 14
17 14 16 14
25 2 24 1
17 14 16 13
22 12 21 12
18 4 17 4
20 10 19 9
19 4 18 3
21 12 20 12
23 0 22 0
24 1 23 1
21 11 20 10
21 0 22 0
20 0 21 0
23 1 22 1
19 9 18 8
20 3 19 2
22 16 21 16
21 0 22 1
19 2 18 2
20 2 19 2
19 5 18 4
18 9 17 9
16 13 15 13
15 13 16 14
20 12 19 11
18 3 17 2
17 9 16 9
22 1 21 1
24 0 23 0
13 9 12 8
20 1 21 1
12 4 11 4
19 11 18 11
24 18 23 18
17 8 16 7
14 9 13 8
13 8 12 7
21 13 20 12
14 12 15 13
22 0 23 0
12 8 11 7
18 8 17 8
21 16 20 15
19 8 18 8
20 12 19 11
18 15 17 14
17 14 16 13
19 11 18 10
15 4 14 3
20 15 19 15
16 9 15 8
19 15 18 14
18 11 17 10
16 13 15 12
14 3 13 3
17 10 16 9
20 10 19 9
17 8 16 8
16 8 15 7
18 10 17 9
19 9 18 9
17 9 16 8
17 2 18 2
23 18 22 17
16 9 15 9
22 17 21 17
18 2 19 3
19 3 18 3
18 14 17 14
16 14 17 14
18 9 17 8
18 2 17 2
15 12 14 11
17 4 16 4
17 2 16 2
15 3 14 3
13 3 14 3
24 16 25 16
16 7 15 6
16 4 15 3
15 3 14 3
18 4 17 4
17 4 16 4
16 4 15 3
18 2 17 2
17 8 16 7
11 8 12 9
18 3 17 3
15 6 16 6
15 9 14 9
15 7 14 7
21 17 20 16
20 16 19 16
16 8 15 7
16 4 15 4
17 3 16 3
15 8 14 8
14 9 13 8
14 8 13 7
13 10 12 9
15 4 14 4
18 16 19 16
16 14 15 13
16 6 15 5
15 7 16 7
13 3 12 3
19 16 18 15
15 7 14 6
13 8 12 8
16 7 15 7
15 5 14 5
12 8 11 7
17 15 18 16
17 12 18 12
13 7 12 6
10 6 11 7
18 8 17 8
14 6 13 5
14 7 13 7
11 4 10 4
11 3 12 3
14 3 13 3
19 2 18 2
15 3 14 3
17 8 16 8
17 14 16 13
11 3 10 3
15 7 14 6
12 3 13 3
16 8 15 7
9 5 10 6
13 7 12 7
14 4 13 4
11 7 12 7
28 27 27 27
18 15 17 14
20 14 19 14
14 5 15 6
13 5 12 5
14 6 13 5
27 27 28 28
16 3 15 3
12 5 11 4
15 7 14 6
16 13 15 12
13 3 14 3
11 4 10 4
10 4 9 4
13 5 12 5
15 12 14 11
11 4 12 5
19 14 18 14
14 6 13 5
11 4 10 4
12 5 11 5
17 14 18 14
18 14 17 13
11 5 12 6
17 13 16 12
13 5 14 5
13 7 12 6
16 14 17 14
16 12 15 11
17 14 16 13
12 7 11 6
15 6 14 6
13 4 14 5
15 12 16 13
11 6 10 5
12 3 13 4
16 14 15 13
12 3 11 3
13 7 12 7
12 7 11 6
11 5 10 4
10 4 9 4
15 11 14 10
12 6 11 6
10 3 11 3
14 11 15 12
13 4 12 4
14 6 13 6
14 5 13 4
15 13 14 12
11 4 12 4
13 4 12 4
13 6 12 5
11 4 10 4
12 4 13 5
14 10 13 9
11 5 12 5
11 4 12 4
13 10 14 11
13 10 12 9
10 4 11 4
13 5 12 5
17 8 18 9
9 4 10 4
19 4 20 4
24 4 25 4
20 10 21 10
26 1 27 1
23 13 24 14
27 24 28 24
18 7 19 7
20 9 21 9
20 12 21 12
25 24 26 24
20 16 21 17
27 4 28 5
19 17 20 17
18 8 19 9
20 17 21 18
18 9 19 9
26 11 27 12
23 14 22 14
22 15 23 16
20 4 21 4
19 6 20 6
28 5 29 5
26 24 27 25
24 20 25 21
14 4 15 4
23 16 24 16
21 12 22 12
19 8 20 8
21 16 22 16
25 0 26 0
15 6 16 6
20 6 21 7
24 14 25 14
23 9 24 9
19 9 20 9
21 7 20 7
16 6 17 7
22 11 21 10
17 10 18 11
25 16 26 16
24 22 25 23
21 10 22 10
20 8 21 8
24 16 25 17
17 13 18 13
19 7 20 8
23 11 24 12
15 4 16 4
25 17 26 17
22 6 23 6
25 14 26 15
18 13 19 13
23 14 24 14
20 9 21 10
23 12 22 12
21 8 22 9
16 4 17 5
26 15 27 16
21 10 22 10
24 1 25 1
24 9 25 9
19 13 20 14
26 17 27 18
26 15 25 15
25 4 26 5
21 9 22 9
17 5 18 5
24 14 25 14
25 15 26 16
25 23 26 24
18 5 19 6
22 10 23 10
21 18 22 19
20 16 21 16
22 9 23 9
29 5 28 4
22 19 23 19
23 19 24 19
22 14 23 15
26 23 25 22
23 17 22 16
20 6 19 5
26 3 27 4
21 9 22 10
26 21 25 20
26 14 25 13
17 6 18 7
24 18 25 19
24 6 25 7
18 10 17 10
23 13 22 12
24 19 25 20
23 20 24 20
22 18 21 17
26 22 25 21
18 3 17 3
24 11 23 10
28 28 29 29
16 9 15 9
19 13 18 13
27 25 28 26
9 4 8 3
16 10 17 11
22 6 21 6
22 20 23 21
23 1 24 1
14 9 15 9
19 18 20 19
18 9 19 9
21 6 20 6
23 15 24 16
22 16 21 16
22 7 21 7
25 16 24 15
25 21 24 20
25 13 24 12
23 2 22 1
16 10 15 10
27 0 26 0
25 23 24 23
26 14 25 13
23 7 22 7
16 5 17 6
21 17 20 16
24 12 23 12
18 11 19 11
23 7 24 7
15 5 16 6
21 8 20 8
26 19 27 20
22 19 21 18
19 11 20 11
28 0 27 0
24 18 23 17
21 18 20 18
17 13 18 13
19 18 20 18
24 5 23 5
23 14 24 15
24 17 25 18
28 5 27 4
23 18 22 18
24 9 23 8
27 21 26 21
22 5 21 4
23 18 24 19
23 21 24 21
18 7 17 7
17 9 16 9
24 10 23 9
21 13 22 14
17 9 18 9
25 6 24 5
25 16 26 17
14 6 15 6
19 12 18 12
27 26 26 26
23 14 22 14
18 12 17 11
22 18 21 17
14 10 15 11
14 5 15 5
19 13 20 13
19 8 20 9
26 21 25 21
25 8 24 7
26 4 25 3
7 3 8 3
23 14 24 14
22 18 23 18
21 4 20 4
26 4 27 5
18 13 19 13
26 20 25 19
24 6 23 6
20 13 21 14
14 10 15 10
22 4 21 4
16 10 17 10
20 15 19 14
25 11 24 11
16 9 15 9
20 12 19 11
22 5 23 6
15 8 16 8
26 12 25 11
16 6 17 7
23 8 22 7
26 13 25 12
26 3 25 2
23 14 22 13
24 4 25 4
24 9 23 8
24 0 25 0
6 2 7 3
19 16 18 15
25 3 24 2
24 23 23 22
19 7 20 8
22 6 23 7
23 10 22 10
17 10 18 10
16 7 17 8
22 13 21 13
21 16 20 15
22 8 23 8
22 18 21 18
27 6 28 6
23 3 22 3
21 6 22 6
25 12 24 12
24 7 23 7
26 0 25 0
23 4 22 4
22 15 23 15
23 22 22 21
29 1 28 1
26 18 25 17
18 10 19 11
23 8 24 8
24 16 25 17
22 20 21 20
23 7 22 6
26 2 27 3
26 7 25 6
21 17 20 17
26 12 27 13
27 1 28 2
19 10 20 10
22 2 21 2
19 9 20 9
22 5 21 4
28 0 29 0
16 4 17 5
27 0 28 1
19 3 18 3
25 19 24 18
24 10 25 11
19 13 20 13
5 1 6 2
14 9 13 8
23 22 24 23
26 6 27 6
26 23 27 23
19 11 20 12
24 7 25 7
21 13 20 13
21 7 20 7
23 10 24 11
19 8 18 8
21 6 20 5
26 3 27 4
21 19 20 18
20 13 19 12
25 22 24 21
25 11 26 12
16 12 15 11
17 8 18 8
21 9 20 9
23 17 22 16
19 9 18 8
26 2 25 1
21 12 20 11
27 19 26 18
24 15 23 15
21 9 22 9
16 8 17 8
21 14 22 14
21 19 20 19
16 6 17 6
17 12 16 11
18 8 17 7
21 4 20 3
23 17 24 18
15 5 16 6
23 20 22 19
25 3 26 4
19 15 20 16
21 12 22 13
22 9 23 9
25 19 26 20
18 5 17 4
19 16 20 16
19 5 18 5
25 3 24 2
20 6 19 5
21 14 20 13
13 6 14 6
21 15 22 16
19 3 20 3
24 4 23 4
18 6 19 7
19 4 20 4
26 19 25 18
21 12 20 11
21 7 22 8
20 17 19 16
22 11 23 11
15 9 14 9
25 5 26 6
24 4 25 5
23 2 24 3
20 16 21 17
17 10 18 11
26 0 27 0
21 15 20 14
23 4 22 3
24 15 23 14
25 8 26 9
21 4 22 4
27 24 26 24
23 11 24 12
27 0 28 0
26 7 27 7
16 9 17 9
18 15 17 14
22 11 21 10
17 9 18 10
22 7 21 6
20 3 21 3
19 16 18 15
23 11 22 11
16 5 15 5
22 3 21 3
19 7 18 7
22 7 23 8
22 19 23 19
22 3 23 4
24 5 23 4
27 6 26 6
19 16 20 17
17 5 18 5
23 14 22 14
24 12 25 13
25 23 26 23
23 17 22 17
17 3 16 3
20 17 21 18
24 17 23 17
24 7 23 6
24 20 23 19
22 17 21 17
17 11 16 11
20 9 19 8
24 19 25 19
26 10 27 11
18 14 19 14
22 13 23 14
17 10 16 9
27 11 28 12
21 7 20 7
24 17 25 18
16 5 17 5
27 2 26 2
23 9 24 10
21 15 22 15
20 7 19 6
22 9 21 8
26 22 27 23
19 12 18 12
16 10 15 9
16 8 15 8
22 17 23 18
24 10 25 11
21 13 20 12
17 3 18 3
17 11 18 12
23 1 22 1
24 21 23 20
21 9 20 8
23 16 22 15
21 5 20 5
21 4 20 4
21 14 22 14
19 14 20 15
18 5 17 4
19 4 18 3
18 6 17 5
22 20 23 21
20 8 19 8
22 9 23 10
20 10 21 11
20 7 21 8
17 11 16 10
28 19 27 18
27 13 26 13
27 3 28 4
17 12 18 13
27 0 26 0
23 17 22 16
24 18 25 18
17 12 16 12
20 11 19 11
15 7 16 8
20 8 19 7
21 8 22 9
22 15 21 14
21 13 22 13
17 5 16 5
24 8 25 9
22 10 21 9
18 13 19 13
23 16 24 17
24 22 23 21
25 23 26 24
20 8 21 9
18 6 19 6
22 19 21 19
20 13 19 13
18 7 19 8
24 5 25 5
16 7 15 7
21 10 20 10
19 16 20 17
22 16 21 16
19 4 20 4
24 5 23 5
22 11 21 10
20 16 21 17
29 19 28 18
22 16 23 16
20 9 21 10
14 8 15 8
17 7 18 7
26 9 27 9
18 8 19 8
26 2 25 2
22 8 23 9
22 19 23 20
21 16 20 15
16 8 17 9
15 8 16 8
23 20 24 20
26 20 27 20
19 5 18 4
27 6 28 6
25 18 26 18
4 1 5 1
20 13 21 13
27 18 26 17
27 9 26 8
18 7 17 6
21 11 22 12
20 6 21 6
17 8 18 8
19 8 20 9
22 19 21 19
25 20 26 20
22 13 23 13
18 15 19 15
21 9 22 10
21 19 20 19
20 13 21 14
25 3 24 3
23 12 22 12
20 13 19 12
24 15 25 15
16 11 15 10
18 8 19 8
18 11 19 12
27 12 26 12
22 19 23 19
18 13 19 14
18 3 19 3
18 6 17 6
19 6 20 6
21 6 22 6
24 6 25 6
15 10 14 9
17 8 16 7
16 7 17 7
16 6 17 6
16 7 15 6
25 7 26 7
17 12 18 13
18 11 17 11
23 11 24 12
24 13 23 12
18 6 17 6
17 12 16 11
21 19 22 19
24 10 23 9
20 7 19 7
19 6 18 5
23 10 22 9
24 7 25 7
25 11 26 11
21 15 20 14
24 11 25 11
25 22 26 23
22 2 23 2
20 5 19 5
20 10 19 10
24 10 23 10
24 11 23 10
21 7 22 8
15 7 16 7
20 3 21 3
19 10 18 9
24 5 25 5
20 10 21 10
19 14 18 13
19 9 20 10
24 17 25 17
20 4 21 4
19 5 18 5
27 1 28 1
17 3 18 3
27 20 26 20
13 7 14 8
19 8 20 8
22 9 23 9
22 18 23 19
20 14 19 14
24 23 25 23
24 1 25 1
22 11 23 11
27 5 26 5
19 7 18 7
25 5 26 5
19 5 18 4
22 18 21 17
18 10 19 11
24 18 25 18
20 6 21 6
24 13 25 13
19 6 20 6
26 14 25 13
24 21 25 22
26 14 27 15
20 8 21 8
17 9 18 10
24 8 23 7
26 2 25 1
25 9 26 10
17 12 18 13
19 6 18 6
24 14 23 13
15 4 16 4
6 3 7 3
26 10 27 11
22 4 21 4
23 15 22 14
24 22 25 23
23 18 24 18
23 2 24 3
20 7 19 6
18 6 17 6
22 19 21 18
18 15 17 14
22 7 21 7
19 13 18 12
15 11 14 10
22 11 21 11
21 15 20 14
16 3 17 3
23 10 22 10
6 2 5 2
21 14 22 14
17 11 18 12
17 10 16 10
22 8 21 8
24 17 25 18
25 17 26 18
20 17 21 17
20 19 19 18
21 5 20 4
27 19 26 18
17 5 18 5
20 14 19 13
21 7 20 7
24 16 23 15
21 10 20 10
18 13 19 13
22 20 23 21
19 3 20 3
20 18 19 17
22 15 21 15
25 16 24 16
24 16 23 16
19 8 18 8
21 19 20 18
25 19 26 19
12 7 13 8
20 19 21 20
28 1 29 1
19 8 20 8
17 7 18 7
26 6 25 6
23 4 22 4
26 16 25 15
15 10 16 10
16 7 17 7
22 11 21 10
24 6 23 5
22 4 21 4
24 7 23 7
20 13 21 14
16 9 15 9
22 8 23 8
26 12 25 12
25 10 24 10
4 1 3 1
2 1 3 1
20 13 19 13
16 5 17 5
24 14 25 15
22 21 21 20
17 13 18 14
19 16 18 15
23 4 24 4
21 13 22 14
19 17 20 18
17 4 18 5
22 14 23 15
27 7 28 8
24 4 25 4
24 9 23 9
26 24 25 23
25 15 26 15
16 6 17 6
22 14 21 13
29 28 28 27
16 12 17 13
25 16 26 17
25 16 24 15
26 18 25 18
26 3 25 3
17 11 16 10
22 6 23 6
24 15 23 14
26 4 25 4
14 7 15 8
19 14 18 13
25 13 26 13
27 4 26 4
27 16 26 15
18 8 17 8
18 13 17 13
23 14 22 13
15 10 16 11
21 10 20 10
21 9 22 9
23 13 24 13
18 8 19 9
18 8 19 8
20 11 19 10
24 17 25 18
21 20 20 19
24 13 25 13
19 10 18 10
26 7 27 7
25 13 26 13
23 4 22 4
28 7 27 7
20 19 19 18
18 14 19 15
14 9 13 8
20 8 19 8
20 15 19 14
18 3 19 3
15 11 16 12
22 20 21 19
21 12 22 12
18 13 19 14
22 7 21 7
17 3 18 3
26 11 25 11
23 10 24 10
19 15 20 16
21 12 20 11
23 22 22 21
26 12 27 12
21 10 22 10
14 10 15 10
27 7 26 7
23 7 22 7
23 21 22 20
18 8 17 8
16 12 17 13
20 9 21 10
25 15 26 15
20 11 19 10
26 11 25 10
28 22 27 21
25 21 24 20
17 13 18 13
19 7 20 7
19 14 18 13
21 11 20 11
18 14 17 13
22 8 21 8
27 16 28 17
28 20 27 20
23 15 24 16
21 11 22 12
29 18 28 17
29 23 28 22
19 12 18 11
22 19 23 20
24 22 23 21
21 12 22 12
24 20 23 19
25 16 26 17
28 1 27 1
20 18 21 19
22 5 21 5
20 3 21 3
18 14 19 15
21 6 20 6
19 11 18 10
21 9 20 9
23 2 24 2
17 13 16 12
14 8 15 9
21 11 20 10
19 9 20 10
22 15 23 16
19 12 20 13
20 9 19 9
16 3 17 3
12 7 13 7
21 10 22 10
21 14 22 15
25 8 24 8
13 8 12 7
22 15 23 16
18 14 17 13
24 15 25 16
18 9 19 9
23 10 22 9
26 0 25 0
15 10 16 11
25 21 24 20
1 1 2 1
23 19 22 18
19 12 18 11
22 4 21 4
25 20 24 19
29 27 28 27
27 17 26 16
22 3 21 3
19 17 20 18
18 7 19 7
25 15 26 16
16 12 17 13
23 9 22 9
21 15 20 14
17 4 18 4
2 1 1 0
24 15 23 14
24 15 25 16
25 16 26 17
1 1 0 0
14 5 15 5
22 5 23 5
20 2 21 2
28 5 29 5
25 9 26 9
5 3 6 3
23 13 24 13
19 11 20 12
