100 283 2181
0 0
9637 -3516
2534 5893
4615 6492
-4656 7270
-9424 -9964
-6678 -7612
4836 5140
3997 3064
8777 -8001
-8620 8644
7233 -2766
3443 -4563
-3227 -3932
2753 3634
-4424 -5943
9356 -9221
4403 9444
62 -8166
3732 -1254
-1666 8236
-9468 -894
8264 2676
1438 -3018
6886 -3781
-5355 -2261
2324 9319
-6770 8501
-7759 -1825
-4073 2236
6920 1792
6834 6072
426 -1612
-6161 2115
5089 -1465
-250 3222
-1898 -1768
-5959 4508
9681 -1393
5115 -7626
3368 1297
-3994 -7687
9892 6233
-9191 6403
-8837 2920
8528 7659
-7720 3967
4092 -6781
387 -9709
987 -4831
-7377 6900
-9473 -6374
-2293 -3560
-4618 -372
-9228 981
-1113 9960
-2788 1964
8492 4938
-1324 -4977
-2315 6265
-224 1731
5788 -4571
3069 -9603
2244 -6033
1218 4780
7716 8882
-3615 3158
6097 -9907
-4329 -2556
4801 600
-3450 5008
-3026 -9868
4468 -3611
1618 261
-3178 302
-4190 740
3142 7645
2461 -7401
-6896 -5830
5862 1913
-9978 315
9818 8286
-5394 9232
2905 -366
-3026 -2384
8166 -2270
-15 -6171
6116 788
2398 1042
8177 6381
823 9902
8482 800
9170 9479
-4665 -9363
-3855 9503
5654 3844
5564 -3357
9567 4250
-2919 8609
9914 -7173
1 33 621085
1 37 2453425
1 61 497551
1 74 1054984
1 75 6575776
2 12 5449995
2 25 3092243
2 39 2038566
2 86 4101892
2 100 2396689
3 4 869291
3 8 5406939
3 15 1587852
3 21 7496297
3 65 374501
3 77 2724392
3 91 10846173
4 8 1813769
4 18 2509896
4 32 4229914
4 66 3739266
4 77 3151128
5 28 458185
5 38 1524722
5 51 627235
5 60 3615945
5 71 5441751
5 83 1185975
5 95 2282130
5 99 2418918
6 7 8352315
6 52 7386638
6 68 32734293
6 72 6309697
6 81 9481602
6 94 8404442
7 16 1107397
7 42 1044737
7 52 5078796
7 79 3712788
7 94 1967147
8 9 3158042
8 15 1578187
8 32 1181637
8 96 658102
9 15 2694876
9 41 895482
9 70 1471022
9 80 3413898
9 96 2417814
10 17 419521
10 25 4830808
10 40 974829
10 62 1364858
10 68 1048182
10 100 3025320
11 28 3848159
11 44 2787854
11 51 1971695
11 83 385033
12 25 1198807
12 35 466352
12 86 648657
12 97 848020
13 24 447170
13 48 430633
13 50 341544
13 62 2815665
13 64 4527158
13 73 1778002
14 16 424147
14 53 542394
14 59 602505
14 69 2590456
14 85 632000
15 36 677300
15 41 547402
15 61 8715877
15 65 659044
15 89 2621530
16 26 6549965
16 42 921111
16 59 5740776
16 69 6520926
16 79 3460849
17 68 4553783
17 100 1967088
18 27 2128809
18 66 5140150
18 77 901395
18 91 2161994
18 93 11577785
19 42 8281112
19 49 3151844
19 72 3264341
19 78 1271715
19 87 218434
20 24 4780833
20 35 531967
20 70 1652310
20 73 6131601
20 84 1150531
21 56 3006380
21 60 3891949
21 65 9640756
21 91 6773751
21 99 401762
22 29 642832
22 52 4758804
22 55 527948
22 81 974286
23 31 238164
23 58 298870
23 92 4531418
23 96 451945
23 98 1444479
24 33 3115693
24 50 508012
24 53 611146
24 59 2709472
24 73 1243449
24 84 7016758
25 62 2849624
25 97 2168435
25 100 9173921
26 29 2322878
26 54 3063958
26 69 616013
26 79 3889288
27 77 2880609
27 91 3993405
28 51 279448
28 83 1212459
29 34 9296638
29 52 5140338
29 54 2457271
29 55 4528852
29 79 5235931
30 34 1850081
30 38 6800757
30 57 1724174
30 67 2054081
30 76 2732888
31 80 693785
31 88 166085
31 92 1418267
31 96 5737501
32 46 2190021
32 58 3515390
32 66 6969268
32 90 1079034
32 96 6118744
33 37 3947268
33 53 3692893
33 74 1263864
33 84 284707
34 38 1539064
34 45 3181398
34 47 1340387
34 54 6435890
34 55 4018094
34 76 5276889
35 70 3370292
35 73 1739621
35 86 913987
35 88 2829096
35 97 855313
36 57 1047703
36 60 7364748
36 61 838092
36 65 528575
36 67 5708378
36 71 7588952
37 53 1998244
37 75 1495015
37 85 177874
38 47 617448
38 51 2909134
38 67 618606
38 71 1835707
39 43 1397284
39 86 2616466
39 92 2054379
39 98 9237430
39 100 4735097
40 48 2812326
40 62 3355190
40 63 4109655
40 68 574636
41 70 193855
41 84 1842692
41 89 2416757
42 59 1177175
42 72 400620
42 87 10403676
42 94 1262940
43 46 253284
43 58 3394025
43 82 2050177
43 90 852451
43 98 342900
43 100 5111377
44 45 1079499
44 47 851835
44 51 1858365
44 81 2246256
45 47 2144615
45 55 773644
45 81 3082532
46 66 2508982
46 82 1216421
46 90 187422
46 93 707896
47 51 1345788
48 62 535644
48 63 2461226
48 64 3640021
48 78 2287296
49 63 2287113
49 68 4011141
49 72 2097764
49 78 6837308
50 59 1944296
50 64 3377494
50 87 1907057
52 79 2064275
52 81 10344421
53 59 3586701
53 85 214823
54 69 1897967
54 75 2220987
54 76 477484
54 85 637354
55 81 707430
56 91 1619928
56 95 304100
56 99 4332909
57 61 5646709
57 67 813377
57 75 1231303
57 76 639769
58 90 589247
58 96 904077
58 98 524291
59 87 308369
60 65 6844788
60 71 2006395
60 99 536396
61 74 966161
61 75 1914286
61 89 1489184
62 73 1338730
62 97 2402107
63 68 3973448
63 78 3072349
64 78 1086062
64 87 1402934
66 93 299055
67 71 2336210
68 72 3568265
69 85 210193
70 80 341635
70 84 942505
70 88 219083
72 94 485955
73 97 2512737
74 84 1521857
74 89 968321
75 76 447295
75 85 3061132
77 91 5394069
78 87 6910162
80 88 1091017
80 96 3519994
82 93 1660631
83 95 739174
84 89 1148651
86 88 7051864
86 92 3829990
88 92 3622380
91 93 9284740
92 98 390021
95 99 2046388
1822 5079
-4810 -1371
497 3368
-6698 -4483
-6737 2689
-3021 5293
6640 -5451
-7183 3016
-975 -630
-6111 -7671
-2538 5149
5833 -3833
-6336 5207
7471 7715
-1585 -3193
5393 313
5638 55
-110 -4815
4784 4102
-3474 -4664
2893 -4064
4343 4412
7651 -4234
-1057 388
-6414 5049
-4516 -2503
7686 -4326
4394 4139
2686 3487
-5007 7815
5412 3855
-6743 -8278
1008 6421
2091 4276
-5704 4890
-7115 -718
2497 2148
3652 2761
7390 7397
-3698 -3401
-4331 -4318
-6688 8763
5891 901
-6700 -4830
8331 -4911
2239 6847
-8164 8386
7723 -1583
-6997 -4513
3384 1995
-1547 1460
3004 6569
3540 -2263
312 3913
-6294 6971
2688 2447
-180 1337
-474 -2422
-6859 4173
-3601 -4918
-5839 -8272
-3836 -3899
6059 -5935
-3773 -6642
6392 3540
8247 -4339
1198 -2642
5305 1479
4958 5202
-1657 1636
5952 -5520
1891 -6714
2180 4418
4523 6312
4330 -137
-3756 8598
4780 5297
219 340
8056 3100
-1595 1332
4515 4983
2709 5617
-7440 4724
-6618 4411
1374 3708
7593 -137
-7700 2653
5050 9167
-44 363
-5909 4025
5592 -9802
-7493 8361
-3343 6286
-6597 -8488
-7524 -1484
3961 5954
8117 185
-736 -1358
-7011 -1696
5397 -123
-207 -4937
-4391 5143
6527 217
342 1871
-3069 4871
-369 -2934
8414 7651
308 -4536
3818 5976
3628 -2826
4600 7653
-4833 -1878
1297 3976
-5343 -1639
-7528 9243
-6041 2807
384 -2368
-4244 -3532
3410 -3631
-7156 -7798
-6168 7190
5807 3996
6468 2572
1436 3782
1198 3166
1225 -6075
-6971 2999
-6072 -8851
991 -1114
4948 1211
1415 2287
-6585 -1115
1135 -3447
4519 -7612
406 84
-7225 -4528
-914 -2635
8409 6719
851 -3248
2032 8210
6776 -4634
3192 -146
1492 4666
-4278 -4040
4409 -8583
4927 3892
2845 6898
6405 -5483
7473 8659
2738 -3554
-8260 4548
-2573 6031
6906 -770
-1634 -2909
-1956 1329
-6609 -5181
5349 -7327
-7287 -4792
-968 -2621
3553 363
3207 7519
2351 2717
3798 6264
-3975 6761
2452 5056
5756 1765
-6924 -1374
-5432 -5700
-4502 -3157
6918 2840
5428 22
-7702 -1281
-1380 -899
-6487 5023
-1575 -2833
-4356 6730
6981 7781
1985 -4240
2741 2825
-7337 -5199
-1296 -2883
-2720 6235
-4326 -4097
1752 -6959
5365 614
-6549 5233
7940 -6701
2387 8421
-77 -4510
4282 -8175
-6994 8034
-6187 8626
-5901 -6939
-1046 -401
53 2298
1968 -5978
8419 1766
-7343 7728
-4038 -4121
-6881 -1242
7699 6139
-6624 2681
-7126 2768
6482 6887
5760 -6191
-1937 1902
608 -3967
6864 70
-2927 -6371
1776 3333
3033 -7717
-5214 5436
-2389 1656
5251 229
396 -1999
-6702 8063
-7769 7844
-7153 3406
1178 6843
-255 -1824
3595 2386
1372 -4550
7651 1197
6788 532
3118 2591
-2047 -2144
-1995 -3242
-3750 6690
7338 -3729
-2636 5831
-4168 -5288
-9371 4979
5471 6912
-1750 1443
-2085 1766
-3435 -1076
-4008 5566
1088 -6949
-7084 -4737
7947 7773
-2513 1337
-6188 -1232
-1496 5783
-6205 2665
-5227 -7206
7589 -4548
-5818 -7558
-5830 -2484
-6411 2090
5952 -179
369 8226
3576 2728
-1918 -5653
5678 4202
2815 2402
-1829 1376
300 -331
3180 -1902
4719 -5146
-5287 6906
3604 -763
7216 -775
-6581 -8608
4417 3932
-4240 -1887
-6553 -2094
-1983 1465
3440 5926
8115 -3624
-6767 2700
-7057 -4297
-3213 4802
5097 3953
7446 8756
-5616 8431
5874 -4286
2322 8773
-4484 7761
4574 4906
5606 -555
-696 579
-6609 -5036
2789 3170
-4329 8954
5131 4378
-5152 -8298
191 -4608
3054 -3564
-1965 1181
4315 -376
-7282 -4885
987 1484
7877 1254
1887 3349
2110 4848
-5404 -2160
-3861 -1565
5637 552
-5591 -1419
-7026 5425
5228 -4700
4533 3947
3076 -2335
3357 -501
2110 4522
675 1060
-7189 -1207
-1578 1573
-6281 -4672
3106 -104
-6344 -7203
1334 -1803
-2753 4892
165 3713
5205 -5213
3931 455
-2558 -6716
-3454 -5988
2757 -2801
5170 -5411
504 -6939
3914 -282
-1707 1498
-1686 1465
-2525 7404
6219 7915
-1952 5883
4939 4561
-6014 4518
8023 6944
-7847 8064
-3431 6057
-6219 7755
2260 4087
1691 8388
578 -5517
2505 3190
337 -4972
-1292 -2892
7373 1840
-2385 1429
-2064 5016
-5463 -1164
-1483 1781
4502 -5623
3352 -3355
4177 -5255
2689 -767
7382 2758
6780 8829
866 7545
5887 -7645
7927 -4957
-2061 1726
3468 -3626
1511 -611
-5527 -8320
-4629 7523
5127 4455
847 6710
-415 -4469
-1305 -3525
2734 4700
5926 -5527
-8043 8591
-6297 2380
5898 -5034
-1306 -914
-5183 7301
4813 -6227
-7357 8117
-582 3646
-2741 -6823
2610 -1715
-1543 -542
3723 -498
-5262 7496
7226 -3894
6828 -4297
2960 2022
57 -1216
2884 423
-1568 -2725
-6125 -1137
-1010 -696
3734 -304
2262 -1756
3991 6110
-6473 -4907
-7225 -1738
9424 6476
6845 -5287
4579 -5313
2465 4311
1303 740
8463 6610
4493 -858
1309 3874
-3717 -4415
-2119 -1345
-3553 -4064
1173 2399
7256 8438
-6518 3816
-4664 8450
-1872 1649
-740 -511
5503 3605
1949 5167
3750 6078
6819 8197
7168 2207
3306 3062
-4362 -4234
1408 -6019
4623 4068
5925 -7649
8405 730
-1411 974
3393 8671
2635 3418
8100 2948
6026 594
1223 5680
-7081 3241
-1845 -4022
-7017 4763
-3987 -4348
-1480 -2972
-118 -4311
4062 3272
-6687 -7843
3965 -5715
8080 2083
-6299 8386
2417 5288
-2982 -6813
369 7243
1877 3058
1227 -5457
-5781 6226
-7766 -2317
1071 1050
5561 264
2601 3190
-7723 -2654
6004 -8306
-6995 -5158
2490 3228
3067 -3426
-7266 -3860
4555 -6481
657 4452
-1227 -2564
7818 7530
-671 -3488
2487 -555
-2544 -7059
3313 -2221
-8195 8322
5591 444
2990 3236
261 -6832
-1923 1510
3179 -3213
83 -3965
8144 -5089
864 -1710
-4432 -4270
7446 6267
-2467 6244
-5971 4990
-7168 -4750
-5658 -8413
7562 -290
3101 2930
-3699 -5585
8772 -5036
1865 -655
2444 2596
6957 -4595
7886 -5395
6384 1300
-5081 -7492
5651 1286
5710 -6657
7017 -458
-777 -1280
-7696 5981
3479 -3600
-6581 3282
3487 -4688
112 -4487
-1823 1693
-4798 7112
-5763 4308
6136 -5606
4729 1180
-4574 5334
-6019 5110
-1357 -2858
2110 -2882
3603 6103
2925 -2003
3103 2282
-938 -6
-5559 -7886
1991 -6832
1472 3999
5825 1106
-7136 -4775
1727 7825
8569 -4628
-3576 -3743
1536 3004
-8015 -1102
7042 -5354
1538 -5314
-2288 1792
3547 -2608
-7088 -716
-2099 1611
-5716 -7175
1023 -6476
2212 4753
6577 1732
-5742 3806
-6545 2372
3638 -3035
-2009 1674
-8242 7953
6862 8181
-6036 4083
-1243 -967
7499 -4668
3824 -2897
7558 7668
4449 -5355
5234 176
6096 6966
46 -4914
1438 3180
-4567 -1586
-420 -4682
-7186 -885
2479 7008
3469 -3099
-7010 -4218
2644 5028
1619 -5964
4746 -6685
3570 5964
7908 -480
4025 6513
1240 -2535
5844 -7161
515 1520
3135 1860
-5937 -6363
-4177 -1195
3872 5838
-2924 4406
-6748 2669
7555 -69
421 -6227
-6823 -4685
-8049 7190
955 -1466
-194 -4550
-1804 -3377
-154 -146
190 -346
8597 107
6961 7710
-4809 6267
-2181 5339
4051 105
5834 -5058
8355 -4077
3653 61
-1422 -466
-1976 1246
3096 2445
2596 4786
5484 1236
-1505 -2426
3520 -2782
-2120 1508
1894 4582
-3141 -5933
9021 7253
6634 -5488
7923 -5159
7826 -1265
-6199 -6994
7115 7095
1844 3544
-1915 -3160
-3684 6609
-3996 -6381
420 -4837
-1986 1699
-3777 -1326
-5363 -1063
-7482 4316
3644 2315
-7532 7938
-7508 8229
2254 4495
5263 5759
5125 343
5584 9070
-1913 -3068
2983 -2751
-5877 -2177
3961 -122
-2772 4861
7018 275
-7839 7593
-4114 -2028
-6473 6735
4634 -4272
-5929 2562
8388 7350
1240 -6285
-6513 2683
2409 4841
3915 5929
2840 3277
5729 -3818
-1830 1493
3654 6198
8400 -5029
2614 4394
7639 8013
4162 -423
-7962 8401
-4747 -3824
-1746 1569
3927 6103
-7431 -5376
4027 4475
-92 -4964
-7066 -4555
2048 -2257
-7114 -1498
5616 3081
5148 7937
1965 4579
3919 -718
-7001 2938
-4194 7345
-2006 -5088
2061 4749
-6384 -4853
-6747 2457
-3604 -4181
-1113 -725
-2585 6569
2114 4710
3803 5827
-5009 -7415
6396 9552
3663 -2745
3791 -11
-2959 5902
-6017 5101
1260 -6205
557 -5160
-6342 -5340
3205 2270
1900 4791
-7271 -4845
-3374 -6336
6454 449
-5522 7802
5503 -7555
-7870 -7959
3940 224
5513 7438
6779 -3641
5287 -357
1876 7349
821 -5700
-1964 1826
1025 -3004
-3977 -4633
-3210 -6398
6365 667
-1497 -7421
-4039 -3960
3584 -3083
3864 5844
3756 -834
4735 -4819
-5444 6367
4124 -5566
6598 156
-6791 -4616
-2127 1369
1751 -1021
51 -1540
1082 -3381
7217 419
2267 -6842
8410 -4533
2099 7001
1 1991
6844 2405
3113 -2951
-4997 7443
289 2087
1229 353
-7351 -4964
-637 -3011
-4563 7510
3176 -2778
-450 2147
2101 7106
-821 -514
-6981 -6133
-3746 -6996
699 7287
2880 -635
-1669 -2462
-6745 2342
-2300 -5767
824 -6313
7623 -552
6854 8433
-3382 -6311
-6948 -4960
5986 7380
2204 4584
-5204 8209
-6909 2278
3765 5927
-1985 4846
7384 2391
8718 6801
3016 17
5102 4676
586 358
872 -6504
-6056 2981
6973 -1160
391 1731
2242 5082
6039 7717
-6322 -8384
-219 559
-2843 -6361
3483 327
303 1167
-132 1432
-4085 -4485
1445 3043
-6502 -4973
-4886 -3838
110 815
8038 1282
-6450 -609
6630 8622
-6767 2729
1653 -3726
7328 5188
417 1918
-6562 5090
4035 5977
-7322 -1552
9163 6279
7910 7630
-7638 4133
5626 4521
-6628 2639
6771 7146
-1841 -927
-2134 1690
8281 -4588
-5513 -4416
3672 3197
-7871 7663
-6681 -8062
-7398 3021
680 1183
-4196 -4265
7272 -716
7726 1315
4674 4468
-2471 -7487
1910 -2947
-4578 7181
780 -6770
-7571 -2145
3944 5846
-7575 -4965
4258 -6
-2852 -1878
6453 -4226
477 6800
-2104 1340
3801 6085
1673 -1450
179 -4709
-1969 -6594
5334 442
5224 -110
-757 -598
1436 -6334
301 -4641
5195 3311
1856 5290
444 106
5156 3814
6511 1217
7170 9568
879 -1873
3540 2654
253 -315
4519 3987
7539 -241
-6862 7116
3713 313
284 3099
7676 7235
3100 2431
1025 -6214
8099 6113
7449 -494
2228 -3771
-688 -994
1538 -5989
-5378 -2748
2160 1473
2083 2933
9872 6520
-5636 -6804
3330 -3202
-7288 -4638
1297 -584
4876 -6197
-3578 -3885
-6835 8254
5699 415
5058 -6548
8026 565
-4307 -3825
-2226 1542
2988 -3120
5743 498
8796 7154
-2001 -3096
3806 6211
5972 3438
-1912 1661
1335 -6496
-6984 8574
-3943 -3403
4282 -4891
-1653 -217
2593 1930
1744 3863
-7835 7029
6264 9705
-6840 2363
-5972 -7567
4496 -4314
-6072 2638
-2153 1427
7271 -1032
-5213 7829
239 -2067
-7197 7102
6488 -5869
7011 5833
1970 4469
2089 4900
5474 8705
5219 569
-3093 -5957
7468 -4959
5040 -4440
-2870 -5839
-598 -977
-6383 3094
-3170 -5824
7362 -937
-6689 2661
-3963 5891
-724 -765
6046 -292
909 5885
-3445 -4226
4192 -3287
228 -4972
4605 3970
1970 5756
-305 -5060
-6737 -4683
3485 7689
-7067 -5334
-7434 5075
-5821 -7921
8117 -5396
4933 -5128
-3331 -5880
5426 575
4577 -7401
7574 -4217
3497 -2733
2005 4867
3921 6127
1822 -6250
-4483 -4215
-4467 -4271
1700 4863
1252 -7241
-1256 -2960
3901 -3196
43 -188
7941 -4705
-7232 -1125
1476 1100
-7787 5896
-352 -3856
-4385 -4548
5606 -4768
-2793 -2802
-3330 -4078
2672 2835
4118 6020
1371 -3408
-5761 -7173
-6806 2578
-674 -275
-1675 5212
5635 -5050
2420 3638
-3593 -4167
-7722 4855
433 -4718
7834 2351
1340 232
3984 5956
2415 3978
-3857 7187
-2980 -4148
1169 5522
-478 -730
4203 6148
-3994 7111
-1763 1698
-3586 -4093
5133 -4441
1127 -3200
-4915 7240
-5175 -2234
1684 602
3297 -561
7877 1925
-1796 6503
-7649 134
-2441 -2706
-6316 -955
7284 109
-9009 7425
3458 -4231
-4387 6411
-8449 -837
2283 -1832
-2051 -7329
-7135 6706
1050 -6986
1003 8333
-7689 8010
6264 -480
6652 -544
-8145 4673
1556 7231
-7120 7420
-3614 521
4727 4550
7033 2050
5050 -4784
8171 -262
-7208 5415
-6871 -4779
3743 5934
-6330 -4611
4668 -213
1781 -5513
6541 1912
8472 941
7871 6216
437 -4655
161 4517
2518 -1493
-3580 7030
-1250 -3177
-7423 7932
279 -6822
-1553 26
-811 364
-6812 2866
-2745 -5462
8022 -935
302 3393
4143 5656
3781 -3159
-3449 7498
6276 -6820
4560 -3506
1973 -6948
-6222 6126
1556 -6639
-1074 -326
7230 -283
-7118 -5229
1802 2824
5480 379
-339 1674
-1822 5448
-7263 -4823
258 2665
-6290 -4141
-6296 -5803
201 -4717
257 -4233
5516 -5001
-2320 5134
-6705 -6868
-189 -4839
-3231 -5591
-3445 -4081
-15 4022
1919 8517
-7882 7735
2479 2537
381 3587
978 6977
-4371 -2816
5662 7807
7300 -571
4843 -7364
-7509 7650
-7449 7579
-2890 5193
6986 1100
-7766 7067
-5168 8978
-1867 1510
5405 3344
-5023 8121
-1279 -456
3603 -559
-84 2882
6769 -4637
-3531 -7026
-6506 -8074
7472 -290
1043 -1827
4085 616
-5503 -2523
-5753 -370
150 -4404
-7113 -4078
-4934 -2199
-8133 7168
8510 1708
494 1515
-7469 7021
3497 -2758
3914 11
-6132 6405
-3031 -1418
-8117 -6151
-2022 -2970
5688 8735
3813 -3145
3559 -505
-4998 6454
148 -5964
1041 6695
-5365 6662
-3591 -6310
-2154 -3185
4148 5992
2655 7366
-3704 6099
5759 794
-1295 -814
-5163 6946
-6646 -5410
-7906 7651
-3251 4395
2376 3808
505 -1010
-2281 5918
-5876 2884
1941 4465
-6894 -637
5648 -4840
6840 8581
7126 -660
6740 -4572
-1750 1349
82 -4774
-2129 -2603
2762 4407
-3486 -4652
-3956 -5582
-1802 1783
5940 470
7451 -3028
-7427 6559
-6365 5025
-6163 -7552
2097 -1793
-3484 7344
-560 894
7157 6935
3956 6102
-7298 8700
3474 7648
-5393 -8283
-7094 -1272
2300 4912
-3793 -4509
-2036 1675
5058 4274
1571 -6731
-2289 5604
-5332 -2687
-2432 6666
2317 7221
-6235 3272
5619 -4362
7773 1020
3803 -2194
-421 -418
4919 9481
8619 -3432
-27 -4683
-7075 -4623
-3906 -3808
-6799 -6277
-4495 -3693
-4914 -2564
-4073 -5836
-7652 6241
-6062 1900
4144 -3208
4599 3743
-7481 -964
905 1429
-49 864
2344 5055
6613 -7168
-7081 6878
-6132 443
-7123 -4584
4934 -7679
-4961 -2367
8339 7152
-273 3369
-3111 -6056
5412 496
-6661 -4947
-6742 7670
627 -6584
4611 -7715
-6655 -524
696 -5571
-6795 7433
3870 -2803
-6567 -8570
4278 5956
6175 8169
-2302 -3162
-6920 8087
4237 -7045
-7412 8675
2666 7291
3250 7095
-5044 8098
-679 -684
3771 -311
53 -4588
-133 2859
2023 -6643
-7337 -660
3341 256
-6493 2509
78 44
-4788 -3249
7386 8628
-6703 -4803
604 1130
-6548 -806
369 -7117
-4487 -3832
8194 7707
2182 4969
-1574 -3152
7649 1134
7266 -4113
7424 7764
6423 -8935
5739 -40
2683 1397
-6898 -4664
-7831 -1213
5526 -7676
4850 -7229
2302 6665
7130 -4726
5071 2816
1035 -7114
-1978 1569
-907 -893
2616 -665
1411 9073
721 1956
6737 264
-7120 5564
1258 730
4050 5954
3621 -1422
3599 470
-6299 6785
8110 -228
4983 -148
-7429 4632
-1527 1322
6524 -577
-1481 -2667
-379 1807
-2318 5470
3489 5696
6867 191
-1793 1746
3539 7266
-489 1048
-5899 2379
1266 -5904
-2798 -7231
-7150 -603
2447 4153
-4472 -2794
2251 2510
-5236 -1426
-1432 -2709
-6564 2867
3304 -2512
-5510 3877
-95 -4176
237 -5218
2910 1264
44 2693
6606 9685
5826 -6432
4351 8242
-1946 2137
2175 4388
-6436 -5273
-2387 -6445
8361 6041
2564 4476
7194 -4726
3412 -3455
6440 5371
-7215 7837
7878 7013
-7042 -4758
-2963 -5621
8480 -4311
291 2936
6402 -457
7500 1888
7543 6693
1568 8526
574 -1515
-6270 -7783
-7303 6673
3574 -228
-2311 4940
5658 4754
-2383 -5843
-2783 5773
-1500 -730
-2138 1697
1661 -7346
8403 1984
-7259 -6601
7229 -1473
-2926 -7297
-5511 7772
-6563 3088
2207 5158
-7078 -5151
-1864 1668
6057 -5548
7461 6705
1618 6501
8076 7302
-6180 -2512
-1969 5949
5861 -83
489 2998
215 -4874
-6720 4437
7365 -589
7614 -828
6647 -7533
1724 -6753
345 -4341
8486 6402
-4475 -3452
287 865
3746 -2201
-7984 7743
5935 8397
-6603 7987
8109 6581
754 -4017
5565 158
-6648 6878
2647 2174
3879 5771
-1185 -134
-7527 -7156
4810 5196
1623 -6280
6232 2552
-6419 2725
-4310 -2228
-4558 -4438
-4475 -3728
3043 -3663
890 -5626
-3029 4753
-7776 3950
-7734 5390
-464 -653
5860 433
-2415 1620
6853 -526
5714 925
4815 4396
-4265 -3498
705 3928
2609 2189
1414 295
7785 -4134
6343 -7654
-93 93
1138 -180
-6955 -5298
-2054 -3568
-6121 5212
1669 6757
-2489 -7264
-4490 6184
491 -203
-1626 -811
2359 5045
-3846 -1391
-6375 -8634
8386 -4230
-1856 -2319
4973 3101
-1955 -3225
436 -4458
-7681 -5413
6154 -6126
3572 6171
7465 6627
6784 6740
60 -4587
1135 1098
-5887 -7149
-6919 7112
3597 -3839
-1489 -2636
-7666 -1165
-6739 296
-1784 1760
3755 5985
-2974 5206
6675 8289
-2205 1542
7199 -1099
4883 36
5129 4597
5837 1150
-1623 -1697
-2633 5281
4895 -7565
-8450 8162
2417 5091
-6878 5698
1575 -5561
-2035 1519
2404 -1683
-5704 3319
486 -4085
-2831 -4865
-1819 1481
4965 -6610
-4247 -2185
-4028 -3936
-7350 -4062
3356 -3489
3859 5883
6001 960
3449 -3282
-4753 6810
681 -157
7119 -7951
31 -4276
6632 5242
5359 79
-2200 1713
7738 1881
1864 -1932
-4159 6585
4637 4339
-2218 -6105
7508 -805
-5238 -7628
-3293 -3215
6210 8376
-7028 9095
-1404 -3002
-1170 -668
-1430 -2590
8299 6389
7020 -5239
-1366 97
-3525 -5851
5483 8628
3239 2272
-5326 6965
-2712 -6740
-5431 -8053
7625 -385
-5517 -1199
3526 -697
5391 2725
-4051 -3838
5783 7060
6503 6417
2768 -3299
-5580 7973
-2053 1673
-6771 -1306
-4600 7306
7412 -157
-1751 -665
5554 -4107
-6723 -4896
-3011 -3765
5729 -3792
5852 131
6516 7730
4760 3023
-7518 -1011
-1773 -6225
5351 688
4149 5982
3978 -2423
722 572
7439 -4046
-113 -4319
-2480 -7674
-2745 4968
-3082 -6082
-58 23
499 358
1805 4652
4589 -6521
5937 -3608
5737 -186
1230 -218
684 -4834
-8230 6667
2687 6158
-2838 4988
-4451 9944
5553 3796
1583 7143
-1179 -1501
-7327 4022
-1621 -2330
-7596 8117
7939 -681
3856 5873
-7366 2806
-6483 6248
7855 448
3766 6012
7615 8093
-6251 3243
-6468 -8048
7620 -3731
1217 8018
-6005 -475
-3770 -3325
-7326 2719
-2585 5093
-6235 6635
-1748 1490
2352 8631
-3587 -4679
6274 -8703
135 3852
6738 2501
-8246 6622
2765 2959
-718 725
-4404 -7148
-3493 6561
4291 6091
2689 2664
-3148 -6420
3867 6125
3392 2614
1975 -2383
-6651 -5324
-8520 4234
2316 2764
-4633 -1954
85 -376
-5609 -1687
-3467 7335
-4290 -2512
4102 6203
6061 1019
5199 9331
4013 6290
-5986 -7125
5081 5163
1398 2740
6359 1418
5020 -5859
1261 -6241
-5132 8030
5456 1458
1066 -5911
-911 -2617
1552 -2988
-1793 1584
-5597 -2907
6945 -419
-7351 4291
1784 5185
-1963 -2616
-8169 -1579
4448 -5759
3978 -112
3742 5956
2467 4975
-1965 1368
5308 3775
-7403 -1808
6156 -4409
-7049 -7740
-8079 4683
733 -6395
-4180 -2642
6408 -1246
6263 6967
3816 6007
177 -4762
-5620 -1666
-7105 5895
7903 -288
2034 -7151
1894 6936
-1168 -1268
-3906 -1001
5115 5204
2008 -2511
-3698 -2792
-3195 6821
2880 -3495
1392 -3763
3772 2518
7059 2332
4228 3744
4498 -2433
-4689 -9021
-3168 4697
5132 157
6363 7867
7940 1080
968 4069
2428 8235
2966 3238
3892 6123
297 -4567
-7228 3010
4482 4401
-2797 -7188
-5118 -3695
1574 5112
-4150 -3295
1252 7565
-6998 341
895 1412
8270 5994
2820 3002
-4627 6646
4273 4385
-3944 -1150
6404 1416
7022 -4661
5294 -5539
2296 5002
-1467 -3722
4215 -4566
7626 -992
-1462 -2934
-1811 1119
-7242 -984
-6320 -1945
-1057 99
5821 4881
-6396 3037
1730 6258
-6643 2844
2896 3056
-8045 5279
3168 -2734
5119 4744
-376 782
633 7584
-23 -4594
-2672 6362
3497 5985
3282 7343
1281 6453
-6351 2580
3658 5872
-3659 -6155
-6484 3220
1456 -7160
3564 1982
5466 -4766
-2479 5752
-7497 5037
2473 5140
4123 -5395
-4022 -3894
-1897 1413
1180 8763
4221 -731
-1726 1533
-1927 5757
2375 7371
-6880 -5035
-7955 -1164
-3670 -4302
3813 5758
584 -4486
-75 -4596
-7415 7991
-2530 -7470
443 -6269
-4723 -2153
5172 -7242
5877 386
-1137 -794
-1218 -2966
-5397 6548
1559 -2191
-3180 -6676
1548 8180
-55 -5331
193 4752
-1553 1633
-4021 -1343
-4190 -1511
6031 6485
3804 -2578
4253 -5168
5100 63
1649 6049
-7233 5724
1367 -6964
-2389 1728
6522 -3727
6703 1724
-7883 8132
1955 7077
6077 -8241
-7432 -505
-6870 58
7704 -4474
-101 -4318
-1762 -966
7850 7220
6877 1192
5957 394
-4388 7183
-156 -4780
-1189 -1038
-1833 5430
-6682 2881
5742 -5160
6047 -5121
2518 -128
-4204 -2323
-4403 7526
-2472 5628
5483 7365
-1809 1823
6409 7089
7599 5571
6976 7142
-1087 -2846
7316 -619
-1785 1709
-4771 -3709
7163 -174
-4198 -3826
-6274 2555
-2974 -4148
4850 3613
-3981 -4742
-7594 -4884
930 8731
7184 -9506
-5523 -7557
5311 6688
1523 7563
-6718 5046
-6536 4534
8002 2093
326 -2815
856 -6064
7219 -28
-6800 3027
1945 5052
81 3369
-1995 5822
5680 -6967
-8 -4839
6667 8082
6430 8437
3293 3441
-1659 1605
-2053 5300
736 900
3547 -2255
7860 1584
1509 -6185
-5027 7229
7520 -468
5734 -130
-5033 -2045
5500 -4470
2223 2877
-2896 -7348
6342 5688
674 1294
9729 6067
-2248 -2815
114 1972
-4559 -4047
315 6085
5527 5825
-6705 76
5804 7499
3697 2780
-1981 1883
-4926 -2223
-4950 7012
3055 67
7275 8109
-2221 5915
-2774 -4911
-7011 -1096
-2161 1778
-2206 1956
752 -6409
5108 5167
89 -4605
-6678 -5622
-4355 -5772
-6297 4082
2369 7783
-7399 -7826
1783 2452
7334 7803
-6846 -7676
-431 3918
-3627 5416
-6367 2337
-2563 -2084
5216 -3891
-5088 7740
5940 -5579
38 -4926
806 -1824
-3631 -5188
-4731 7340
-3013 -4509
3708 2675
5530 552
-199 2122
-5528 -7238
3533 3304
-1696 1399
6597 599
723 -4422
2916 2526
2038 4548
3707 -414
5734 4782
3649 -1072
3543 -3510
-1814 1404
-3442 -3544
5322 9038
3171 95
2191 6948
-740 -358
7466 7349
-756 -508
-4800 -3601
-3444 -5280
459 -4036
-7774 4419
-2834 5040
1333 -302
3867 5957
-6568 2695
-1844 -2602
6709 8160
-2342 4629
367 1220
-1904 -2874
-6403 -5297
-7210 6532
-6728 -4703
5156 7928
5193 9011
-6257 -1341
-2156 -2591
1988 7999
-2174 1737
8257 7449
5259 5245
-4464 -2271
3560 6207
-2978 -6360
8898 7113
-7377 -6771
6632 -4806
-1375 -3152
-565 565
102 1967
-170 1213
2759 5140
-1878 1331
-4847 7238
1434 1367
3386 -3140
6831 -303
5324 4629
6803 -4038
6569 7931
-4003 -1297
-2426 -5875
6076 -4818
-6105 -779
-6715 5720
-2281 -6165
-7341 -5295
6412 468
-6403 -7543
6922 7035
7777 2314
0 -4449
1066 1120
-1440 -2720
5751 -5297
-1828 5847
3351 7758
-7115 2763
3452 1840
-7843 4338
-4234 -2771
7066 7479
5582 523
4526 -4868
-7633 -5162
3260 2847
4165 -2270
-1384 -2830
8398 -4317
-3826 -3709
7096 -6816
6591 305
-6646 -8351
6978 2340
-2385 5719
-2670 6575
8526 397
1233 5226
6994 -569
7457 5859
7240 673
5516 426
4104 5836
1886 4866
-6457 -4997
7260 -3138
8264 6745
-6288 5417
-3272 -6839
-3781 -1363
606 -39
-66 -4778
4122 4108
5209 8792
-6433 -446
3634 5756
5686 578
-7367 8889
-4849 -641
-3670 -4914
-1173 -575
9077 6040
-8201 7477
5385 442
6871 109
3354 284
-3294 -7123
-6596 5763
2378 4668
-5825 -6719
3689 238
-6964 3016
-6755 2506
1080 -2785
7010 -4696
-609 -611
4464 4921
-7318 2420
2448 4684
3723 -3262
621 2482
3236 2356
3732 -323
5297 -7341
1290 -2402
6671 -7932
4046 -2408
936 -4095
-419 961
1096 -6722
3925 6446
-6746 5043
3901 -763
-5013 -1661
7708 7075
-1877 -2552
7575 -439
-600 -1101
3580 -2818
-8061 -896
-2841 -6516
960 6544
4163 -4
3196 -4002
-1908 1506
-2580 -5549
725 -5268
-6870 -8541
7192 2536
8171 -4873
-6836 -4299
-108 -4519
7467 -846
-5667 -7638
-6911 -5477
-7907 -1457
-1429 4
7699 2232
8044 7135
7065 -1062
-1467 -702
4028 5956
-6765 -4710
-6686 2808
-7502 4851
-4397 -972
698 2484
3923 6531
-5540 -8701
7958 7381
1747 -5907
8386 -647
-772 1108
1689 6226
5703 7607
3288 -697
3813 -3345
2537 4157
2240 4590
6816 -4715
-8338 8002
-6855 -4679
-98 -4997
3786 6241
2054 4766
-1265 -571
3792 -864
-1988 1483
3016 -40
2777 -3222
5368 -6948
-1837 -3108
4355 -2563
7785 -1036
5189 4004
7054 1902
2356 3093
-7015 2223
-3498 -5998
-1697 -3371
-6272 7976
2155 5536
3789 -369
1960 4705
6199 7055
-6159 2514
1200 -6197
-1497 6209
-4405 6102
5047 -5542
-5995 -8220
5689 7312
-2182 1165
7238 -441
4308 -2889
3749 -3009
-4811 8762
3253 -3029
475 3099
4065 5977
-6910 7978
4089 5782
-154 -4241
-1349 -427
-3023 6143
-291 6879
-6196 -1530
5991 735
-1900 -7366
-1901 -2355
6291 -4134
1365 -6129
6941 8471
4545 -9329
1981 5615
-6881 -840
2261 4736
2799 2738
-199 992
6107 7715
8526 6000
-20 -4895
-7068 5338
2731 4940
5697 7654
5820 5153
2259 4163
5287 682
1017 5760
5418 7467
2912 9818
-6656 2907
824 -6974
-2093 -2900
-7041 -7969
-5681 6210
5710 233
6814 -3908
3816 6911
-3946 7555
1909 -4017
6433 -6690
6072 4736
3584 5937
-4559 -4459
-8095 4987
9420 7021
-6586 6979
-6639 -169
-3315 -5991
-4123 -3440
-2767 -6841
-4070 -3112
-2545 5708
3005 8175
-3261 -5648
-7438 -1013
8849 6187
6503 -7265
1863 2978
7052 7759
1866 -3714
387 -4866
-529 -854
856 -5095
-7077 7713
3411 -2738
2841 2167
6301 1682
-7866 6144
1951 4630
8789 6722
-7244 -982
-2460 -6429
-6064 4409
-5109 -1904
7252 265
1262 -5938
754 -5988
-4527 -7436
1026 715
-5027 4374
1658 770
5320 -437
6050 442
2058 -2853
-1681 5660
5596 8307
7138 -586
-6007 7808
-7638 -1856
5809 -4955
-6215 5772
3287 -3400
3014 -3412
4738 2656
-8154 7263
764 1792
-3894 -4505
-5350 4732
-117 -5033
-4284 -4828
1 -4889
-2728 -5697
2782 3235
-7205 -4644
5234 -8640
6453 2133
665 -1365
7651 -1051
-1600 -2853
-6333 -2087
3475 -184
4157 4207
-5857 3073
-3388 -3746
-6722 2996
-687 -5120
7747 1719
8364 -4885
-2043 1750
745 1823
-3961 -4503
1442 -7039
-3069 -6928
2076 -6916
7251 -30
3934 5921
