100 284 4286
0 0
9538 -7264
2590 3810
-2731 2278
5827 8775
-8300 -8805
7490 -6256
1556 -4227
2787 6225
5021 7644
-7632 -570
1965 -1563
8443 888
2479 -518
-4350 2655
-4066 316
497 -2514
-106 -9633
-7047 3846
6623 -4419
-4736 -480
-8057 4163
-3928 -1663
-6353 2413
-3394 7440
-7141 5584
6676 1834
8515 -7876
-8790 888
-2459 9793
-9442 -1462
4122 -8267
7360 6080
4905 3571
-13 -1173
-5446 -5983
-5204 5688
4162 -471
-2200 -8078
-8741 -3825
-2999 5255
2273 -7057
8500 2281
7889 7648
950 8468
9030 -9138
91 5163
5985 -741
3538 9368
5514 -4724
-9475 -6694
-5656 -9703
744 7009
-71 9376
2963 8216
5944 -6492
-2204 -5011
-7711 7776
8493 -3043
9884 1188
-6280 -1520
-5835 -4407
-9123 7172
7030 597
8646 9450
-1484 -3235
-1026 8840
9247 5072
-3965 5866
-6813 -4023
3336 -9957
-5970 996
2089 1436
8294 4622
-4356 -5534
-1305 5529
4565 6003
-7490 8996
-7186 -6619
5775 2970
-6119 -2743
4398 -3142
9091 -3885
6751 -1714
-1073 7487
-8989 2442
9414 -2018
-3336 -4750
2309 4874
30 -4198
-5623 4356
7587 -8342
-8364 -4777
1634 -6239
879 -8042
7777 -2251
9450 8434
-2769 -9142
-1086 -5467
-2665 -549
1 4 5746430
1 12 4432050
1 14 4381314
1 35 839483
1 73 1833381
1 100 4635177
2 7 2888611
2 28 583985
2 46 259760
2 60 19315500
2 83 1616771
2 87 12500337
3 34 280734
3 47 1928973
3 73 3187629
3 77 309956
3 89 2674934
4 15 576372
4 16 5383100
4 41 6686775
4 47 3650411
4 73 4724076
4 76 1697071
4 100 5324572
5 10 3427723
5 44 1019054
5 49 4868459
5 65 311789
6 51 2761639
6 52 3872109
6 79 833744
7 20 1208495
7 28 1574793
7 56 282804
7 83 3175132
7 92 370196
8 12 2686358
8 17 2935046
8 50 1823362
8 82 6968182
8 90 2274676
8 94 429941
9 10 269688
9 53 3083620
9 55 876501
9 77 2278878
9 89 1903895
10 33 2597100
10 44 3090927
10 49 270726
10 55 987884
10 77 2851528
11 29 3302104
11 31 1134263
11 40 1450667
11 61 1913493
11 72 1036313
12 14 268786
12 17 536175
12 35 2015299
12 38 1712615
12 82 3960476
13 27 3083365
13 43 1875726
13 60 372075
13 64 2608613
13 87 4083432
13 96 2224800
14 38 295110
14 73 4568212
15 16 5473308
15 24 513610
15 41 7250851
15 72 3646428
15 91 949827
16 21 1837789
16 23 3859145
16 72 1290351
16 100 199572
17 35 1573019
17 66 2928537
17 90 1176679
18 39 6109221
18 52 4441000
18 71 3130353
18 95 782431
18 98 5489250
19 22 1272999
19 24 2347042
19 26 315111
19 86 2952525
19 91 969998
20 50 2323138
20 56 1516438
20 59 1240428
20 82 3393192
20 83 6041331
20 84 5452761
20 96 1351566
21 23 2921413
21 61 3104391
21 72 1466611
22 26 1763506
22 63 2116510
22 86 560748
23 61 1005894
23 62 3069296
23 66 4878737
23 81 1142972
23 88 2909420
23 100 3733803
24 29 5555664
24 72 475160
24 86 1163951
24 91 3246136
25 30 4666630
25 37 1355879
25 41 4447463
25 58 7649706
25 67 1926447
25 69 1927683
25 76 4035206
25 78 5915639
25 85 386322
26 37 273216
26 58 1320904
26 63 4093361
26 91 1566517
27 38 1196932
27 43 729149
27 48 2040696
27 64 202586
27 80 1440716
28 46 199524
28 92 1339184
29 31 5486672
29 72 1531661
29 86 327233
30 49 5490260
30 54 3370719
30 65 19048382
30 67 321970
30 78 11267432
31 40 4302779
31 51 5025542
31 63 931690
31 86 1067127
32 42 478816
32 56 3782426
32 71 1032807
32 92 1764812
33 34 8714369
33 44 948928
33 68 3411848
33 74 2767220
33 77 2048187
33 80 1737204
34 38 5572303
34 73 2208984
34 77 6136159
34 80 2327415
35 66 2292156
35 100 1838157
36 39 5021370
36 52 2347551
36 62 682212
36 75 1837493
36 79 4011297
36 98 10074244
37 58 1253145
37 69 1360921
37 91 723585
38 48 699432
38 73 1033346
38 80 741430
38 82 2710233
39 57 945934
39 75 8242723
39 95 6153450
39 98 1863147
39 99 4756427
40 51 1650838
40 61 1220788
40 70 2113089
40 81 680480
40 93 180964
41 69 325173
41 76 2273422
41 91 1385310
42 50 448424
42 56 2064912
42 71 1316596
42 94 1593949
42 95 619269
43 60 4325339
43 68 3848802
43 74 1537174
43 80 3886266
44 65 3619179
44 68 3614852
44 97 2057508
45 49 1707458
45 53 1463280
45 54 448954
45 55 1516251
45 67 3376465
45 85 2187266
46 71 780364
46 92 2265789
47 53 4481048
47 73 3397317
47 76 3289219
47 89 5188657
48 64 3400972
48 82 6428735
48 84 808437
49 54 6513901
49 55 158369
49 65 5725253
50 56 456955
50 82 3967273
50 94 910032
51 79 3645124
51 93 230300
52 71 3973141
52 79 7135142
52 98 4005968
53 55 958785
53 76 3414676
53 85 4241961
53 89 5227942
54 67 1583442
56 92 4758047
57 66 1802720
57 75 944497
57 88 146376
57 99 399343
58 63 3241343
58 78 323428
59 83 707336
59 87 151019
59 96 127217
60 68 2331634
60 87 1195792
60 97 5739724
61 72 4746626
61 81 239711
62 70 2513150
62 75 2894914
62 79 6253758
62 81 3754486
62 88 735267
63 78 2734989
63 86 1429626
64 84 4076577
64 96 3413875
65 97 696871
66 88 3107812
66 90 468228
66 99 516463
66 100 396114
67 85 2687625
68 74 244158
68 97 6667226
69 91 5523119
70 79 898699
70 81 3415403
70 93 513027
71 92 4894020
71 95 4883690
74 80 3841383
75 88 618326
76 85 224850
77 89 3381230
79 93 1710251
82 84 628480
83 87 4430598
84 96 2023626
87 96 1492459
90 94 1153865
90 99 811757
94 95 2462346
94 99 3977711
95 99 3391592
8485 -8282
-5466 6585
4205 -1370
5569 2902
-6128 -2588
1060 -8166
8532 -9200
-405 7753
-653 4715
3772 4631
676 5523
-376 4717
3716 -7759
-6216 -2437
1225 -7548
6040 -3939
-7016 -570
4411 6894
5521 2221
-7257 -4773
-6078 7059
-5477 -4678
4306 6906
6256 -4163
-2484 -3665
1964 4140
7347 7272
-6368 8965
1934 5979
6369 -5020
-933 4545
-4046 -5581
-264 2594
3969 -6931
587 6373
-7666 -86
-7679 -4592
3684 -7551
-1035 5884
6523 -4391
2141 5642
3040 3613
-6247 -2616
-4987 -4595
-549 4659
5708 2942
-3856 -3031
16 1295
5966 -4485
1274 -7998
4984 -7827
39 -288
2271 2273
-2328 -5668
-5584 7398
-2161 -4198
7948 3979
-2902 1692
-1022 4922
2333 4759
1270 4345
5567 -8457
3705 6418
-5838 -3076
8341 -8602
-5850 -4532
8660 -8426
-5935 -2781
-1433 4784
6561 -4973
3301 -4659
-3286 -4545
-5729 7896
5865 -170
-8164 222
5669 2710
6135 311
-6089 -5768
4191 -7278
-7184 -4186
-6371 -4475
-3269 -5375
7498 3655
1366 -1682
7182 3952
-6260 -4964
2035 4523
1628 -4211
5979 -600
1226 -4566
4300 -8101
1549 -546
-5304 7864
-2964 -5719
-5767 7305
4027 -1077
1068 -7800
-4614 6690
3570 -7071
7329 3788
6597 -5041
-3414 1815
-6973 -4585
7169 -9520
4977 -7890
7105 7584
7498 -8629
-1340 2432
925 -8108
3954 -2967
2188 -4680
890 -973
-8017 -806
6264 -4889
-4951 -6738
6660 3036
-5530 -6269
6355 -4360
1892 5194
2508 -4722
3562 -4985
3707 -368
1787 680
6135 -4575
2148 851
8335 8172
7511 -7460
685 3786
4413 -6797
7723 -7720
7874 7480
7878 7695
8169 4179
-3278 -2694
5649 -7230
-3492 1489
-3551 -4866
-5610 77
-582 4340
5838 -904
1919 3841
-4349 -2758
1337 1242
989 5913
7415 3846
7564 3445
-6441 -2763
-6242 8017
-6524 -2510
-1080 2116
5228 -626
590 2640
6015 2886
-5848 -2788
1072 -729
587 -8269
1529 -277
6317 -620
7864 3340
6941 3253
2405 420
-2239 -4573
5668 -383
-7648 -4352
2336 -1494
-6669 -2504
1306 -1323
-7244 -4663
6759 -5146
3848 -5737
-2808 1879
-464 3051
7949 4215
5969 -325
1256 -4742
7799 5283
3834 6978
1561 3775
5123 -2180
-184 5441
-5141 8050
6234 -3867
-6037 -3955
6351 -4165
3814 7082
1081 -7677
7813 4699
6546 -4518
1159 840
1272 -8313
1209 -4457
8743 -5602
4165 -7056
-3072 -3560
-723 4649
651 2105
-4548 8777
8845 6973
-5219 8265
-337 6368
2927 -2858
4092 6451
436 6209
7606 -6585
2944 377
-2434 2472
933 7165
5900 -7561
7692 6731
-7319 -4340
6770 -4962
-1356 5226
1563 5467
1220 -7850
902 -8459
2844 3825
-2960 2799
8129 7379
-3684 -2622
6012 -8208
4230 7298
-1764 -5074
1471 -4452
1133 -60
494 6272
-7517 -399
2404 5224
161 4785
2378 3746
1344 -8740
3415 -4530
528 4918
1229 -4785
7773 3717
1998 -2147
3840 6934
-3677 -1832
3641 -7855
-2918 -3491
-4006 -3462
-5260 -655
401 2063
5823 -4475
1646 -5874
-7634 -310
5700 -932
8069 4088
-3873 -2081
-4753 7954
-8288 125
7538 6216
7758 3691
4273 7002
-4132 -4758
750 4719
1196 3289
5720 -441
3578 -5510
-2831 -4587
1154 -1008
-2412 5286
2078 -5166
7663 4760
-4933 -2852
-991 2958
1201 -4500
505 8339
1951 -7692
-4848 6791
1439 -4923
1160 4710
-2189 561
3463 -4913
-5020 5601
1353 1707
-2053 -4159
4044 6768
5741 2694
718 4550
3294 6707
-6739 -2964
-4429 -3464
4737 7146
7669 3503
-368 6748
-6432 -2805
-5246 8408
6308 -4322
-6209 -3042
1653 -6426
5354 2709
5598 -16
-8450 -59
-6401 -2947
3119 -7012
-7634 1092
449 4899
-6316 7927
5387 -209
4089 -830
1098 1450
1541 1295
8425 8215
-5149 7824
733 2171
5590 -556
4309 -6557
8032 -7258
-6257 -5326
5410 -8265
9135 -6052
-5264 -1324
-1513 2455
-6337 -1963
-7183 -1092
4583 -1693
-350 878
959 -4435
3477 -6198
5735 -451
-2748 -5350
3071 -2197
2293 -603
-2322 1284
-5967 -4298
1268 -876
-7035 5965
1110 -7964
844 4627
-1903 -4359
5713 -303
1029 5840
-6053 -3511
-217 6874
3469 -1283
-2348 376
4286 -5625
6554 -1080
-8133 -1301
6022 -4647
3565 938
-3448 -4367
-6202 -5424
5642 2671
8568 6637
-6075 -1796
4784 -4322
4543 -8009
5123 -7874
1107 -6991
-2997 -5098
-258 5434
7567 7378
-6941 782
1221 -4270
940 -4549
-7276 -5135
5644 -7319
913 -8126
-5150 8557
6290 -5177
-495 4728
-518 2047
3966 -149
5293 -1058
-6893 -634
1830 7342
-2473 2017
-2044 2156
4075 -6141
3446 -2722
-7219 -475
7317 -7150
3713 -5808
497 5813
8172 -7525
1205 -4691
-2547 -5082
-1619 2178
5910 -4414
-6487 6997
-2800 1136
3373 6776
-5558 7269
-5345 -5549
77 -8296
-252 5568
-2111 1677
5634 -264
5659 -1000
956 4680
7800 7573
3521 7003
3912 -1759
3808 6873
-2465 2211
-5782 7735
6106 -4226
-3140 1890
1165 -4757
1546 -3963
609 3986
1246 2214
781 -8241
8041 6226
-3171 1496
6481 -4266
-2526 -4925
1259 5702
5121 -1213
-2473 -4133
-6166 -3084
-4921 7247
3419 -2841
6877 3191
4411 -8098
-7259 486
2078 -3435
893 -8195
6061 2756
7973 -6102
6094 -4030
20 7512
1980 -201
889 5723
-7123 -5552
-2354 -4965
1337 -4333
1290 1415
4012 6509
8199 6983
-4912 -3664
8616 -8874
-5634 -6040
-5366 6749
3367 -6548
-7204 714
7749 7094
2184 4025
6765 7417
7771 8589
-6578 -427
6133 -7197
1017 -4631
1478 -4087
3176 4613
-7880 -715
-5315 -5597
4183 7822
-2359 -4855
1411 -311
2196 3714
-7265 -4354
-3399 1985
2690 -2099
5086 -7393
3487 -7523
1204 -4257
2372 2511
972 8299
31 2993
6377 -4334
-3812 -2852
5611 -600
5678 -2692
-117 4444
1237 -765
5575 -7982
5220 -608
7895 -7196
4239 7212
1954 -178
-3408 -6886
4150 -3666
5484 227
-7076 -4756
1117 -775
1419 -4283
-3759 -4569
-1501 -2707
-6127 -2105
7701 -7126
5695 2812
-5227 -3914
1043 3761
-2345 1354
-5865 7989
5673 -387
5191 2532
732 -8595
8453 -8300
-3756 -2412
1074 2317
1575 756
6643 -3958
-4188 -4527
1813 -6398
3596 4975
-3683 -5079
609 5335
208 7747
4264 -5557
6285 -4684
-2963 -4550
3266 -1865
8416 6758
1228 -4658
5662 2598
-2028 -4141
7238 3616
3268 5071
5156 -1069
5531 2550
-6760 -4515
1899 5417
7753 -8436
5548 87
3719 -4443
5200 3180
809 -5020
-3172 -3190
3020 -2741
-5933 8195
-7113 -4831
3751 7135
767 2835
9032 8195
4286 -7715
-3396 2216
6109 -4116
-5458 -6641
-6549 -2299
907 4514
7913 8195
-3567 -3599
5136 -5144
5062 -8992
-6931 349
5797 3031
6422 -4618
-3091 -4202
-5606 6970
-5601 -4764
4473 6713
-7385 -4878
5026 -1083
-4986 9490
804 6479
-2397 1552
6525 -3969
1460 -5656
7822 -8557
5411 -4596
6426 -4344
6873 6669
5624 -398
5547 -366
4348 6543
8066 6867
-3451 2717
2819 1822
-5941 -4304
-2441 -3550
925 3087
8691 -8951
-8214 -1680
5616 -4386
1142 -4367
1133 -4535
4645 -9112
-5227 -1864
-1473 -4385
5302 -460
6107 -4784
940 -7796
-4696 8816
2869 -4761
2597 -6515
-4777 -1162
131 4441
-7236 -2491
5520 2653
-990 5630
-5331 7227
1037 -4569
4445 6310
-3498 6965
6271 -927
948 -4003
-336 991
8212 4008
3162 511
-5950 7016
473 8379
1674 -7909
3812 -2770
1933 3536
4196 6957
-1267 5893
-7857 -4130
-4938 -3379
7687 7021
-6895 -3321
-6068 -2876
4762 -8540
2580 4734
-4042 -3910
6916 7842
-5742 7528
2975 2954
3494 -6148
5835 2993
5627 2979
2855 -3155
-5095 -3541
-6051 -2347
166 -4636
8275 7372
2573 5603
4522 7381
6396 -4894
-4631 -2769
1552 -4359
-3086 -1506
777 -7814
1058 -4621
5630 2756
-3418 2708
-374 3702
-6011 -5322
2449 -3784
4328 6940
915 -466
8150 8295
1149 6849
6660 -8070
736 2981
-7236 -327
661 5888
5028 7179
-8047 420
-3506 -4066
-3719 -6589
5667 2920
-7683 180
1971 3832
278 -7719
-8320 -71
6851 6532
4379 -8751
4010 6696
4506 -3118
-2286 2603
-1642 1364
-4812 -2972
2453 -4589
1277 -198
6209 2797
5142 -7237
3845 7483
-7034 9036
4613 6782
-1934 4752
-8259 -1158
-255 8226
5708 -4832
8238 3476
-6199 -2856
3640 6894
2722 -4663
4515 -5550
-3828 -3178
5138 -7500
-1614 1543
3842 -1829
-1391 1497
2105 888
-6752 -2439
8186 -8129
1114 -4378
7344 -4940
4883 -7281
879 -8813
-6329 8383
653 -8185
5258 2997
-6218 -2031
262 62
2813 -6324
5081 -8769
5517 2722
-3226 1814
-2947 -4549
6205 -5268
1498 -427
5731 -555
794 101
7606 7305
4470 7060
6358 2635
-3114 -3585
1085 -4952
3251 6906
-3089 1979
-7530 -2569
-2438 5047
3612 -8198
3337 -6799
-3029 -4839
-5940 7557
516 2742
6345 -4683
-3279 4373
-6044 -2253
7436 -8206
-6871 -568
-4736 -2217
-2952 -4336
5611 2423
4245 4425
-763 2822
4608 6381
1447 7029
655 6641
5651 2869
-15 4798
4219 -7486
6909 7309
4043 6860
-4656 7160
8875 -7418
8392 8282
-1881 -3442
-4591 -4364
-7627 -313
1786 640
3507 -14
2194 -426
899 6614
-8026 410
5512 3124
7208 6564
1658 -7695
65 5046
875 5311
3733 -1828
5621 2946
7717 2752
-8196 647
-2098 -5072
-951 4444
-2372 -5382
-5934 7986
-3877 -5169
-5394 -4784
5709 2854
4535 -6834
-5158 -1399
76 3291
-1042 4410
7632 3539
5364 -415
1974 5815
4160 -8214
-1177 5348
1390 -4690
6202 -4669
5025 3069
-3915 -1973
7956 -9593
5952 3124
520 -7515
1138 4757
5361 297
5595 2847
1008 -267
1545 -7653
5908 2856
7833 -8075
462 -7732
-6983 -4199
5562 2837
76 2907
-564 3972
1141 -4781
-30 6706
-2508 -4794
-3821 -5131
-4268 -4973
-40 5269
7409 4079
-4595 -4965
4015 -5790
6128 -4444
2348 -6255
2945 -2354
6064 3148
1834 -8175
-6680 -4813
3517 4389
1128 5118
-1784 -5763
767 -7430
6987 2693
6093 -3562
-7541 -3653
-3283 -4676
5552 -521
4554 6931
-1539 2084
6029 -305
-2792 1720
-3528 2686
-6260 -6041
3756 7369
462 -7908
6392 -380
-5335 -3104
520 5880
4358 6516
2908 -6870
5745 -958
35 6750
3011 6642
1557 1199
5688 -4454
-3944 -3479
1310 -4480
1645 5119
-3141 -4614
9621 -7860
1374 -4008
-7652 -4267
6313 -710
1240 -4487
7947 -8937
7499 -8160
3844 126
1031 -436
6899 4048
4064 -1423
4208 -7848
7894 2838
2307 3075
-625 6248
4258 6171
1459 -4507
973 1886
1301 -7896
5156 -7274
-10 5760
-6627 -2282
-3585 -5389
2830 -815
1608 5900
-6193 -2457
4252 6668
-315 3521
6902 8290
-2584 201
315 -1994
5547 -7673
5071 -7992
-8028 -4555
-4623 -5066
5912 2725
5662 -310
-2604 421
-5025 7535
-4198 -2238
2315 3235
-7329 505
-6612 -5205
-4640 8998
1111 -8362
-1297 6142
786 -7643
4079 -5461
7950 7820
-6227 -2633
-5149 7811
-1940 -3661
-6224 -2918
-1531 -4901
1191 5570
875 -7153
1844 2711
3690 -3212
882 -8141
7202 -3910
994 -1065
-4728 -7340
1280 5889
3102 4320
702 -7934
-344 5609
5357 -4382
5168 -8373
5747 -755
-4309 -2398
-5859 -2413
4155 7036
3612 6534
1076 -4348
-6310 -2173
6359 2869
-423 1433
1724 8270
8574 -6425
5970 2704
8201 -7814
-6553 -5402
-70 4503
-7466 30
-3631 -4537
-6898 8374
-3326 -4751
-2618 -3912
7456 -8788
7304 6942
1112 -4748
1504 -4690
1409 -4352
-386 1684
1074 -340
-2810 -4494
-3119 -2170
2172 -45
-2280 1631
-2238 1371
1466 -4443
654 61
7345 3815
-2841 2048
-4605 6549
-8140 -4641
-5966 7239
4513 -7511
870 -8197
-6289 -2553
-5794 6722
4600 -2240
501 -945
-7162 -783
-6442 -4405
6287 -4466
-5914 -3420
550 754
7256 6803
-6925 -5028
5722 -520
3941 -5857
-7512 312
750 7546
-5939 -2623
8377 6565
6412 -3838
2201 3104
5699 2661
344 2750
7002 -4887
5532 -7937
-2529 2118
-6107 -2403
-6964 -4256
6307 -1166
1034 -8510
-424 6265
1915 5406
-257 6739
-7365 -4633
-5472 7321
4245 7107
6292 3573
-3790 -2586
787 7495
-5076 -3963
-2598 1328
-4094 -3617
-7401 -1263
894 -136
840 2620
1307 6838
2864 -1252
-1102 3963
1762 4965
5657 3002
7308 4091
744 1514
-7464 -653
1246 2854
-6053 8322
5623 -5159
903 -2084
912 -4216
3940 -2980
929 3571
-130 3884
884 5959
-5458 -6119
989 7988
-2337 -5926
4890 -8342
4244 6921
4459 6901
6789 3359
-1970 -5354
3142 4625
-8380 -444
5463 -527
1817 5445
2899 4714
966 -4233
1580 4390
-382 4527
-1037 1714
9497 -8770
979 4611
2581 4491
5961 -846
-6138 -4663
7728 3661
-2845 -3643
2370 4525
4883 -8233
7931 3592
6941 7534
3365 7054
573 2867
1809 -5354
1046 290
5765 -4500
7678 3844
-6257 -4280
7051 -4414
-5098 8089
-5976 -2649
4186 6725
4842 -1642
-5496 -2548
-5406 -2142
-2550 1665
5683 -1435
6602 -605
8142 6969
-2088 2392
1061 7579
1411 -276
-347 3422
503 8711
-6466 8658
679 -4288
-7438 -594
-1227 5381
-4440 -2181
6080 2636
-7386 -4485
-5395 7048
5914 2572
5601 -444
-5538 -4337
-5813 -3405
1431 -7865
2807 -1853
7007 6817
-741 5079
4129 6824
2340 1019
3395 6841
693 5647
2377 -5649
2724 -3938
5837 2809
-6404 -2471
-2970 -4844
2684 -5590
1724 -480
-6661 -922
1143 -8085
7512 7885
-4193 -1643
-4448 -1498
-7583 -3568
6354 -341
2035 203
6448 -8397
8430 -8022
3092 -2156
-7132 -4086
6008 -4767
1204 -4294
985 -6702
-6464 -2366
4154 6764
2416 5308
-5933 7949
-7465 -4896
2677 -612
3807 6791
369 6544
-3653 -2020
1040 6279
1840 4619
-2294 5118
946 5864
3513 -5384
3956 -6957
5609 2916
-1477 5338
-1161 4688
5847 3214
-4607 -2288
-5778 6040
7241 -4510
6691 3465
-2837 1049
3279 -7023
-7027 -4053
-8208 40
-6280 -2488
3004 -1945
5799 -94
-56 5276
948 -7465
1389 -4302
425 2100
-6990 -507
532 6014
-1478 4660
6961 2748
468 2513
-2355 2097
-6346 -4096
-188 4684
-6651 -2828
3809 6479
-3383 4657
-1425 5548
2100 -5826
-4992 7264
4909 -7754
-5904 6846
-7535 1024
5664 -3859
7750 -7710
3383 -6820
-7823 423
-4468 -3675
-6493 -2294
4445 -836
-2941 -4531
7627 4220
-3280 1054
6910 4348
-4046 -2235
4235 6599
2809 -796
-404 4721
7198 3970
8247 3766
-3816 -4650
4094 7456
-5936 -7129
-4184 -3157
-1164 7544
8724 7847
1286 3030
2253 5079
1224 -8402
-6387 -2419
1266 2850
-7771 866
7012 6507
-6499 -2647
-7966 251
4920 7199
-2842 1742
-3290 -3884
-7342 -4605
-7903 -1781
859 -8298
-6295 7709
5702 2916
7301 -9626
-7667 -776
6908 6678
475 5321
188 3155
6472 -2993
-3015 -3735
659 -7897
2504 -5511
1069 2639
-2110 -4485
-3813 -2334
4327 -1350
-6436 -3675
-5811 -4491
310 -8806
7865 6884
-703 5384
-4271 -6173
6987 7164
1756 7593
704 -4264
6142 -5037
-7617 -557
646 -8024
716 -9216
8408 7534
3873 -8064
-801 4070
2740 6499
3708 -1171
-8941 -366
4018 6218
-8381 -927
5811 2647
-2831 1741
3504 -4852
6974 -4088
2007 -6047
5752 2874
-4692 6974
-8932 -661
5461 3072
-4538 -5341
5204 -6082
9812 -8166
1476 6264
4073 -2361
4468 -7041
5065 -7730
-9028 -354
668 -8584
1492 -4053
-6309 466
5520 2217
271 2904
5697 -805
-4297 -5558
-4131 5695
1154 1980
-4535 -4033
-7795 -967
6515 -4031
5088 -6129
2702 4763
8186 7300
4399 6782
810 -7512
1043 7791
-6013 -2120
2857 -424
650 521
881 5524
638 -7456
5501 -4093
2904 -962
5398 -7003
4912 243
2890 -1071
8669 -9194
-4738 9181
3599 -7157
2036 7051
217 -8222
7329 6630
-3461 -4444
6555 -3715
-3760 -2242
5886 2800
1351 -4359
3897 -7978
2117 265
-6582 6
-5999 -2352
-3382 -2850
5861 -528
711 -7919
8432 -8205
-5701 7489
-2872 -4600
-567 4509
-4945 8324
-5185 7440
1801 2556
7209 2941
-2337 -4082
6881 3763
741 -7951
4478 -8650
5826 2969
5353 -7151
5981 2773
168 2430
6475 -803
-4863 7202
-6426 628
-8353 1044
-2865 2769
4055 6693
3667 -5710
-4342 8135
1488 -8161
922 -240
-7556 524
1081 -7775
7578 3050
1764 909
4329 -8150
7688 6625
-5486 -6760
7380 3275
650 133
5301 -262
4109 6720
-6448 -2041
-6645 -2794
1810 -1429
755 -4329
4872 -8642
-4289 -3192
5339 2835
2338 -1059
5773 -1452
-1756 2501
5867 2837
7620 6967
1391 2307
1240 2980
-2939 -4712
-6081 -5755
2813 -3955
976 -4563
845 -4515
4608 -8072
-3433 -5181
-561 5179
6366 -4189
4666 -6893
1653 4716
-6127 -1881
8639 6504
5587 -887
3259 -6911
-1657 5139
4065 6866
2943 1124
-5969 -2046
-1858 1836
-7014 -2619
1756 3394
-2057 5456
5891 3126
6826 7694
5774 3278
587 -7956
-3792 -5254
-3923 -6881
7954 3820
8189 4130
8549 -8985
743 3357
471 -7909
632 4260
-6853 -4714
1053 -7907
649 2252
1417 -6185
1472 -801
-3493 -5766
1139 6729
1054 4801
1043 -4705
-2222 1760
3016 -6405
3702 6680
1313 -4489
2870 -6131
6987 -4653
-6859 -246
3822 6779
3363 -4884
-3805 -4865
6436 -4157
2543 4506
5501 2906
-3259 -1741
-6082 -2663
5761 -596
1879 363
5556 -693
-4036 -2517
4529 -7785
-3430 -4970
4089 -4692
5422 -4236
-2319 2232
7686 -6522
749 8797
2361 -468
1247 -4364
-1928 -4837
-3007 1167
3592 -5796
-5462 8097
-8140 -799
7594 4499
-9539 607
2615 -5072
-860 5168
8363 -7666
-4652 -5628
4648 -8470
7948 7284
-7033 -438
1212 -7843
2624 3240
-198 6870
-6404 -1607
-5407 8416
5306 -1295
747 8125
5739 294
4307 -5536
-9319 -288
648 1078
201 7514
77 -8031
-6454 -2668
-7176 -4907
-1140 5890
5606 2773
-415 4204
5346 -779
-6375 7136
-1217 5274
-4166 -5012
-3365 -3122
2441 5809
3573 -6782
2251 -6161
-6623 -4304
1122 -4284
-3671 -3361
4987 -270
-3155 -4656
4218 -1869
646 7849
-339 6297
-749 4402
1087 4531
-5929 -2016
2145 5462
-4717 -725
5926 2888
3584 6729
5007 -242
-6470 -320
1574 6466
-5052 -4755
433 -7444
5445 2955
-5973 -2718
-8137 -5334
1352 3942
-2819 1975
-4031 -2842
1056 -1888
-4508 6732
1699 4062
1358 5235
686 -7334
-3151 -3211
-5262 -2492
1080 -4484
843 -4429
8188 -7397
7621 4239
1345 -8311
4040 6792
7455 -6872
-5006 -2235
-6802 -4441
-2426 1492
-7950 -13
6870 -8422
-7259 -1443
6268 -990
5584 -727
1359 -392
-5774 -4983
-4155 -4274
1109 -4434
-1165 2051
-6311 -535
5265 -443
8480 -8602
779 4808
-7799 -225
7628 3289
541 7806
-6255 -2687
3313 -446
-7026 11
2167 2934
3644 6185
4482 -8568
-1873 -4953
1067 7255
5562 -78
5756 -664
-6625 -4752
2575 17
-884 5206
5622 2338
-6341 -114
3547 -6038
4644 6821
7390 3942
-6778 -5956
8294 3577
5682 2443
-79 6500
-5987 -3017
-6217 314
6901 3870
5578 -398
4581 -8003
4161 -6692
4060 -7861
9016 -6882
7470 7617
4121 6657
6853 3351
-6616 -964
-5365 7462
-2786 -5256
-5020 7980
-2531 2161
-4338 -4231
3368 -774
-8961 512
-6510 -441
-2528 -4374
1028 5118
-3993 -3021
353 6090
1274 -1641
8294 -7941
1408 400
-4309 -2942
2055 -4292
3703 -4353
6348 -6564
-3085 1323
1714 -1202
-5272 -4946
3906 -5052
7726 3796
2611 5460
5802 356
7242 3847
2777 -6762
7246 6640
1108 -7854
2580 -5930
8366 7132
8018 6905
5814 -306
-3591 -4628
1027 3238
-5401 -5642
866 -4640
8101 4546
7581 4045
5267 -6729
5683 2854
2404 -1973
7779 7156
1202 -7437
6189 2822
1471 -4824
-4935 -2773
-1925 1902
-7039 7237
-2490 -4615
-1184 5324
-493 4587
1288 6066
1318 3147
1174 -8259
-4634 -3932
4238 -7785
1245 -4768
7804 7626
-6440 -5512
-7269 -4417
7969 8335
292 3069
8006 7105
7721 -7182
-6749 464
6703 3991
-2687 2186
-6342 -2637
6172 -586
3091 4409
7712 -7186
1113 -351
4075 5123
8110 7411
2897 3878
7522 4071
4884 -844
3317 -4346
545 5786
-4043 -2710
3406 -4002
4507 -8380
-3626 -6300
1180 -4271
-6117 -2745
5100 -7641
1000 -8055
-1375 3065
-1797 5265
7763 3101
5229 111
5911 -4772
575 7293
-5856 -2021
-7181 8147
-2267 2503
7261 3681
5646 -7342
8566 -8649
5708 3230
4583 6857
-7720 -689
7218 3294
5648 3035
1188 -4575
1344 -4812
-2744 2156
4811 -1172
-1950 2042
8985 6807
3915 6778
-8304 546
-6478 8798
7034 -4282
-2088 1754
7864 6726
489 -7784
2108 -4312
5500 -374
3903 3655
4974 -7316
-5627 -4134
4524 6616
623 -8714
-1037 3912
-7462 -1372
-1873 2473
928 -677
1589 6077
-7296 -1246
8181 3473
1020 -8396
-6123 -3499
2135 5886
3959 1098
-2080 5088
7076 -4439
-7004 -5105
7479 -7098
988 2060
5689 2818
5603 -5201
5770 2354
642 -8217
1797 3856
5434 -826
8182 -8264
4055 6429
1730 -8710
801 -7755
-4180 -1728
1675 5296
-2500 -4975
1904 5264
4718 -9240
4088 -2277
6147 -9421
2693 -683
-2349 -5528
3386 6314
3508 -6864
-6246 -5267
1653 4458
-3855 -2184
1316 -8154
4076 7794
7681 6224
-2679 -4377
-5253 -5506
-6918 -2121
111 6973
4025 7161
5898 2241
517 7222
1922 -1522
6435 -3913
318 6123
-6220 -3579
-4220 -4456
-5108 -1479
-7633 -1230
8151 -9805
8195 -9133
-3038 -2584
-1446 5751
7518 3781
5658 3006
5906 -5157
-245 -500
-4012 -5010
371 7086
5959 7661
6706 8739
-7646 -477
-630 4041
1805 4078
7370 3710
6971 7109
1304 -7815
777 2445
1489 6125
4616 -7827
-7129 -4679
-6845 -4460
-4278 -1855
4744 -8632
5852 -4867
692 5357
2719 -345
7969 4265
4528 -7787
3345 -5281
1250 -4530
3406 -1786
-2431 5175
513 -7957
3209 6640
-6489 -4256
8033 6886
1558 -4221
1018 1553
-6609 -2656
5155 -8028
-4329 7753
-6687 -1093
-6125 -1772
2252 -1574
4198 6773
3896 -1282
-3327 2837
-4881 6271
-1860 2725
4232 6798
1713 846
1561 4841
-4492 -2650
-6796 -3997
-5040 6527
-3828 -3957
5518 -872
-1548 3578
7075 -4159
5609 2911
-4557 6127
669 -1589
574 -8537
6796 7869
-6766 -2273
-1226 5017
-6424 -4618
1150 -7820
5877 -308
-7877 -779
-2504 -4476
5380 -7515
-1646 2146
3392 -6394
-6327 -2394
5733 2446
-7207 9
3978 4976
5581 2732
2346 -6779
1086 -8229
-7429 833
736 1602
84 3340
-637 1184
652 3931
5661 -8126
1017 298
2300 -6072
-214 6285
3484 -6518
-632 5784
-4705 -2299
2135 5495
3924 7338
-7234 -3835
5787 2745
-6985 -4637
-2144 1133
3245 -6576
-1326 5147
-1229 732
-353 7780
4108 6644
-1322 1859
5311 -7921
-186 4629
6278 -927
-6367 7380
7479 7568
2216 -1416
-1091 5146
3795 6954
3939 6584
-7417 1135
3683 6451
3037 -4993
401 4422
6022 -4066
1523 -7094
-5409 -2912
2111 -1440
8428 6730
-2939 -3858
3690 7248
1363 -4421
2993 -5069
-6802 -5016
461 7643
5878 -3409
-3021 -6137
4169 6802
-6599 -2741
3926 -2211
6172 -4104
3604 7818
-8257 -446
3285 -2818
852 -4094
-6832 -2680
4652 7166
-7819 -37
-1000 5268
2295 131
417 892
1110 3963
-2196 1683
-6890 -330
-6962 -325
1572 -165
712 2431
4869 -8345
5733 -6834
4180 7396
4521 -7387
-8149 297
-5667 -2472
3327 -4859
1280 2024
5802 2674
1196 -4726
-6571 6246
-4136 -3535
1762 1114
2996 -6487
6517 5807
-6473 -2695
-6627 -2541
569 3338
900 -8378
-282 7656
7718 7632
3693 -5050
1644 5974
-1761 2382
-4258 -1383
3226 -6462
1524 -4307
-6300 -2730
7588 4293
323 3005
-3410 -4407
-5691 -7572
2907 -2200
-3636 -3980
-1352 -3873
4756 -8324
8576 6651
-675 4512
1237 3761
-7062 1141
4024 7430
790 3242
-6797 -4663
3132 -1368
-2379 -5414
-5354 -6371
7298 4095
-3671 -2297
-2514 -4983
-5291 7870
-1774 2344
-4357 -3068
693 -8124
6932 6731
659 1292
-2879 2169
566 -5628
1919 5765
4484 7630
5693 -1023
7580 -7179
-4525 -1829
470 6360
-5091 -5487
8702 -7159
4899 -6930
1051 -7520
-4376 -4942
4366 -8174
5500 2451
1408 2842
1309 -3967
-6211 -1893
-6443 -2480
558 3268
-7901 -335
897 -5625
-8734 -1355
3878 -7103
2742 -2485
-4981 -5789
-3853 -5296
-4461 -2845
4517 -8465
-4848 -1377
4662 6432
5321 -8206
7681 -7553
-977 5049
-3384 -2382
513 6751
5852 -801
-5356 6741
1187 -4635
5679 2910
5469 -8404
1917 -8142
1168 -5177
-4886 6701
7194 3861
793 4721
-3250 -5319
-5661 -2596
6606 7829
3649 7419
-3817 -6451
1227 -7838
-1250 2884
-4796 -3128
928 -7926
4079 -7351
4516 -4744
-5998 -4023
9455 -5844
2390 5364
3970 -4486
-931 3918
-4723 7409
773 6339
8029 7206
-5588 -5801
-1749 3284
2486 -6208
7809 7837
-2727 -4742
-6154 6896
3047 6309
2223 3256
-4414 7769
1021 8089
-1974 4804
7883 3751
7908 -8497
4501 -8387
-2638 1641
8518 3774
5542 -753
1561 2845
736 1585
7784 8040
-2937 -4814
3378 -4368
-4513 -3569
-4389 -3145
2940 -4556
-5180 7184
1357 -7942
-193 6179
2593 -5396
5492 2857
964 -7992
2175 4148
5693 2804
-4597 -2913
8253 7829
-1947 3274
-6286 6874
706 -8135
8093 3860
5194 -691
-2290 -5560
763 -7929
-1637 1709
-945 662
542 -193
-214 4847
1754 4605
192 7461
2579 5161
5760 -353
1249 200
5500 -970
-7035 -1439
8700 -9910
-1596 5679
1020 6805
6431 -4390
834 -7792
5898 -435
2948 -3585
1376 3113
-1514 5152
1178 -4394
-4289 9572
-3515 -4188
7414 7590
3703 6937
2432 -96
-956 5197
1583 -4877
-4085 -2942
-2725 1484
-4530 -5551
389 6229
7495 2747
-2944 -5529
2881 4382
4368 -8933
-3250 2233
448 -7975
-2753 -4341
4293 -7887
-5050 -3128
-1202 1523
336 3208
-1331 4006
5641 2945
1431 6084
-2233 -4557
8726 -7431
2543 -5289
-7806 -959
4494 -7350
1602 109
-8421 780
-2824 -5428
3644 4712
1786 -5669
7901 4221
-7009 -4730
5535 2721
6711 -7780
962 -4482
808 3238
5727 -483
-6066 7872
-6252 -2263
6498 -3998
6575 -7608
-4618 -2164
956 6084
-2212 2586
5791 2924
5790 -774
914 -8091
721 -8132
4335 -941
4415 6526
-6177 7111
-3806 2701
6687 -3723
965 6167
-3846 -2689
296 6480
-3201 780
-5967 9880
3602 -4464
7263 7551
-7499 -5579
-6110 -2343
-114 7146
-6119 8593
5095 -7984
-5317 9124
590 5737
1373 3599
-385 1901
-440 6489
-8467 642
-2639 3339
1350 -4560
993 -7655
725 -4330
-1308 5643
-2677 -5462
2585 5308
-6851 -4574
1301 -4490
1105 2478
-3978 -5367
-5480 -4842
-4259 -4720
7971 7365
7548 -8526
-104 6618
1234 -7370
6558 -159
1882 4713
7084 2976
1294 -4451
5205 -1958
2811 -6208
-348 5160
1122 -7723
4005 -5548
2009 7572
1278 -8086
752 -7264
9046 -7007
3383 -1631
3407 -1592
4242 7111
-6048 -2563
4087 -2318
-7909 -1151
-4259 -2664
2941 -2040
8109 6167
4268 6831
1332 -7892
7196 6786
-6461 -1777
-7019 54
1069 -4745
6727 7089
7577 3739
-1767 5815
1546 1096
3174 -4586
411 -58
4776 -7457
-4645 -4581
17 834
-7723 -4285
3799 6275
1256 -7673
4179 -712
8082 3560
7314 3630
-4742 7082
3273 -5569
2008 314
4316 -6090
509 7103
-6183 -2700
986 -4326
3475 -6433
5848 2474
-4530 -6706
1486 -8404
2132 -645
-4649 -2277
3027 -4248
-360 5770
-5581 7534
5975 2561
5856 -806
5618 2453
1925 5117
5746 -4793
854 4121
-845 2007
7239 4160
5695 3259
1396 -4560
583 4592
-2031 1638
3757 6914
6494 -4594
5766 2861
1968 959
-5694 -5079
-3949 5977
2744 -4894
2060 3854
151 -1003
5183 -8954
6506 -4114
5010 -6733
1087 -4573
2492 -519
5846 -7609
-18 7991
131 -7966
-6794 -2203
1171 1110
-6675 -4848
7854 7601
-4184 -1469
7776 -7118
-3055 -4050
4613 7035
2376 -6049
-5185 6930
8050 -9847
-5927 -2216
-5688 -2359
-8060 -120
7664 -4888
-2447 820
806 -8273
6070 -1063
5301 -169
2990 -5782
-32 3457
8540 7645
4363 -7218
-7316 -5012
5623 -444
3115 -4879
2605 -5214
-5603 -4330
-6857 -5092
1154 -4418
4173 -130
8771 -7715
2595 5452
4657 -4959
4305 -5580
-631 5710
-1236 5622
608 5838
5609 2623
195 -7536
-6258 8102
5478 -287
5992 3075
5320 25
-4228 -2722
-5178 -4208
-2066 820
6430 -4049
7804 3933
-7201 7386
-3150 -5099
6464 -8139
-4030 7405
-437 4592
2892 -1936
-6026 -4828
7304 4094
6135 -6786
7313 4470
1509 -7812
2642 102
7955 3579
-1835 4571
1667 4967
5292 -241
8102 2857
6317 -8783
-7414 -162
7290 3521
4279 -1599
7788 7935
1593 -1285
5729 -4604
4461 -8492
3559 -1169
-2223 4822
-2563 2183
3851 -6534
-2969 2076
-4477 -2601
669 4109
-6378 -4474
-4523 -2739
5636 2709
675 -7838
-178 2525
-7470 279
-7223 899
6154 -5272
1206 4208
229 6180
5371 2529
-1736 5026
6056 -4759
7067 5986
5648 -54
-9196 -1129
7022 6954
4098 -2187
913 5296
-2472 1137
5596 -4723
5602 -1002
-4847 -2584
1265 3590
985 -4369
3698 -561
-7861 1118
-6426 -638
-3433 -2197
4879 -488
567 2331
-2578 2836
8076 8143
-1291 3541
1009 -8021
7440 7879
-7200 -4180
6044 2805
192 -7054
8024 -7872
7902 4661
-4364 7102
-6620 -2486
2868 -7681
7374 -7761
1205 -4343
-5002 7290
-4768 -2117
-2785 -3598
-935 4864
6720 7911
-1906 5033
4714 -7702
5881 2810
5585 -547
-2447 -5076
-6115 -4881
5809 2417
-5440 -1472
3277 -5019
-2596 -4491
5961 561
377 3905
5839 -4396
4798 -4271
-2647 1663
3508 -1182
4202 4865
-6948 -5801
-3225 -1361
6185 7790
7199 8205
7460 7670
791 6139
1519 6887
3376 -2672
3320 -1439
1075 657
2419 -4171
-5411 6220
1083 1143
1058 4641
8673 -7194
-2850 -1767
711 3438
-2539 1744
5501 19
4465 -8129
-5443 8060
7091 4037
4503 -1276
-5623 -6073
1152 -4697
-2536 -5570
-4698 -2786
-1967 5345
369 6347
4089 -5541
1289 4529
955 -7862
-5342 -2683
3149 -5134
4222 7035
1478 -4891
4503 -5515
-6134 -4525
1496 -4303
6971 7601
391 5606
2413 6277
7515 -6281
3757 4713
3036 -929
7726 -7763
7926 8321
8477 6963
-6315 7720
5156 -1602
3920 6893
2791 -5993
1402 4561
-6856 -2017
-4083 -2541
5590 -7254
2879 -4376
852 4125
4880 -7663
-6906 -2525
7366 7116
-284 4366
6183 4359
-2875 -2242
-7409 -4419
-4806 7495
8554 6089
-7481 -4340
8329 3678
-3295 -3360
5884 -845
-1677 2736
6057 230
-3471 -6016
3038 -2664
2275 1233
6123 -3361
5664 -322
8108 -8549
765 -4008
-4541 -2104
453 8094
8156 6884
-1486 1800
7752 4497
732 2480
1040 -4182
-2539 -4047
-2395 -4810
-6614 -4825
6530 -3700
-5504 7566
1397 -3980
3124 3604
-6183 8351
922 7441
-6962 -180
3688 -1846
3756 6834
5849 -4498
-5707 6749
1346 -561
-5685 6485
5333 -290
1546 -1484
424 -7644
7530 7288
-3886 -3079
-7575 -173
6051 2749
-3329 -5268
2100 5439
193 6071
4215 6496
-4154 -4497
5936 2825
1613 -4670
859 -4314
-6105 -5206
-1747 3047
-6513 -2621
-5415 8193
-3586 -5137
972 970
4678 -8227
5509 -987
-6125 -2351
5267 -211
-2425 -5046
6362 -845
358 3030
3925 -177
-1112 4076
4349 7332
6522 -4402
674 1886
7663 7388
5800 2853
-6021 7877
-2357 -5367
-3268 -4656
-8236 284
2592 -2438
42 4457
2985 -5505
2875 -6675
-8293 -633
5838 -4505
4076 7383
4061 -2201
-5953 5793
3600 -5887
936 2778
550 1289
1987 -254
5923 -3607
4931 -8286
3528 -4815
4028 6611
-853 1791
-464 5005
-7517 434
-6201 -3702
-2677 -4704
-600 3125
7938 -6802
2322 7455
-4641 -6348
4117 -8423
-5704 -4490
6107 2775
5699 -623
-1861 3066
-6612 -2309
-1830 2043
1647 70
-876 1869
4892 -6784
5408 -6777
1186 6779
-6870 -4226
1495 -583
6217 -4510
-1763 1979
5415 2750
7130 7608
1959 4810
6035 -1134
-7631 349
-5897 7421
7682 -8670
-5245 -1467
2094 3501
1364 -4504
308 3218
6629 3811
5303 -730
-3970 -6541
-988 4703
9036 -8153
-5596 -5453
5404 -4320
4936 -7658
1594 -1047
2665 4520
874 -8306
1244 -4571
6088 -3178
-2104 2844
5060 -7971
-548 4608
-7145 194
-7280 280
-4557 -6961
3296 5785
-3892 -2018
7232 7451
-2245 -3575
5618 2874
1966 6238
8046 7325
994 6531
7498 -8709
7328 -6787
-1599 5364
634 4175
-8084 -406
1272 -4663
2105 3295
4206 -4180
3940 -2303
1168 1394
-2065 -5365
1344 6634
-1962 510
923 -4499
4234 -1298
7419 6851
-3000 1126
-1361 4822
3426 7092
5055 -8548
2378 -5728
3767 7184
2908 -2852
1073 7142
1061 -4374
3115 -4905
379 5312
5630 -309
8089 7232
1134 6567
1136 5394
-3281 2355
7854 7449
-3148 1291
-334 4971
1006 540
-1446 258
-96 4768
-2607 -4565
1210 -7357
7160 -9189
-6190 -2256
-8101 -291
-5227 7495
-7266 -5131
4157 7097
5394 -739
4213 -7842
1593 -4107
1950 -1468
3173 4059
-6562 -5126
5099 -1502
3261 -5377
468 5969
3619 6639
-6344 -4761
-3209 1911
-8281 533
-33 4352
5315 -653
5419 -4980
1125 2693
7767 5011
694 -4144
4986 2460
-7114 -4157
2689 -1683
-1524 1779
-5723 -2871
5672 -220
8614 3891
2051 178
-6842 -5173
-7208 -4639
6857 4305
-3182 -4828
4763 -907
-8149 -53
283 3751
740 -4415
1278 -4606
-798 6547
-7467 -3832
5559 -740
3214 -7048
-3335 2804
5859 -3926
2131 -1292
7670 -7753
-8007 -147
8866 3841
6156 -4308
7027 -8204
-4983 -2924
-7390 -4448
2826 -1739
1707 4793
-1566 2580
1764 -4512
-5714 -2501
-5509 -4037
-7616 7418
1201 629
-5220 7947
1209 -4448
766 -8193
1151 -7869
2390 5370
-1711 -5049
1678 -488
4719 6958
7732 -8980
5199 -7848
234 -7925
-4757 5591
1105 -4448
224 4742
4678 -8208
-1696 4703
3941 7247
-4989 8837
2178 -789
930 6296
-6484 -2529
-3938 8758
3468 -1110
2458 7084
6248 -5192
880 4755
8023 3905
1080 -4345
-1350 4501
5687 -638
3735 -2346
4390 -1005
1356 6303
1088 -4562
5204 -6695
1947 289
584 -7400
7309 -7071
-6757 -5114
3153 309
-2136 -4895
-5711 7018
1463 2442
5918 2767
-8048 -3661
3771 -1326
5296 -7123
7072 -7926
2536 4166
-3676 -6096
-5804 -3628
378 6774
5659 -6954
495 -194
1085 2549
5949 2963
-4846 -5708
1626 4047
8268 3247
6104 6258
4320 -7383
3606 5132
6310 -4086
2015 -5210
1650 2691
3842 6850
-7318 -1377
1147 -4632
1102 -6564
-4691 -5859
3828 5936
3934 6286
1980 -946
8225 -8693
-6905 -5418
5255 -593
579 1973
-6708 202
5972 -488
-4566 -3071
5423 229
-8052 75
-6714 -2475
-6364 -4428
1549 -4127
-1900 1012
4160 7143
-6475 -2053
-4395 -2638
6370 -968
3603 6837
8027 -7017
4396 -3316
-3358 -2817
3479 4512
540 -7289
4100 6844
-5798 -2648
1553 -3601
548 5967
-6538 -2579
1043 -7757
3560 -2247
996 -8217
2576 -5959
5547 2960
4450 -8142
-6890 -4340
6890 -4178
1065 -4409
-6397 -4883
1500 2880
-2686 -2409
5548 -4204
-5166 -2024
6878 -7208
7937 3724
5433 -88
-3053 2257
877 2267
8211 3061
5885 2750
-5972 -1257
-6980 1699
4232 -4562
7393 3681
-4427 -2291
2424 3031
1506 -4338
3141 -4872
2517 -1558
-6815 -3894
-1858 2704
4208 7648
-6537 -2252
1377 -4527
1215 1679
1949 -7925
5771 -684
-827 4263
5149 -94
-4048 -5306
4690 -6240
2468 4341
5791 -902
-4331 7394
-2651 -4782
-5826 -2540
1405 -8007
1297 -214
4769 -1493
1298 -4380
5502 2891
1357 -4438
892 5486
7862 -8502
4076 6554
-273 6217
7534 -7684
801 5453
3202 -3437
1762 2834
4196 -8021
7127 4389
-6473 -2785
-7297 591
5142 -7105
519 7127
-5717 9056
4679 -8345
-7693 -1030
4328 -797
961 8329
1470 730
915 -4485
9434 -7556
4758 -8277
1276 -4121
7185 6773
386 4330
-2224 2308
-1464 2074
860 -207
1571 7397
-7573 1132
-8786 -1061
1116 -4121
4913 162
5650 -806
-7150 -376
2072 -713
1374 -8069
5913 2586
847 -7854
-2204 1669
-2554 2210
1361 -8071
3213 -6438
5367 3048
-2428 1841
-2393 -5120
-939 5551
3517 -5142
-6843 -2465
3557 -17
-4415 7747
1326 -4527
3786 3143
3455 -5759
845 5964
5548 -3606
-7812 20
7426 -8034
8699 -9105
5752 -4120
-6248 -3754
7423 6470
8143 3382
-1238 4971
1059 -4659
-5528 -2320
5842 -64
-2342 -5027
-5872 9294
2289 -4065
-6383 -719
5296 2488
-6216 -5483
1342 -8026
1498 4475
-6051 -2017
-5698 7067
7148 3915
1087 6987
1126 -4133
-6498 -2815
5315 -7536
5611 2667
-3945 -7535
7325 2983
2849 3406
328 -8816
4393 6900
7846 3493
3466 7277
1115 3761
-2804 1637
-1643 -4773
1151 8703
-7277 -890
-6084 -2857
1026 2727
-831 3904
-6333 -2340
-6858 -1675
-3413 7848
4237 -5615
3988 -2829
6042 -386
-3517 -1805
-5285 -7421
4110 6548
1145 -4110
-4525 -3956
1371 -4265
3231 -1381
-1544 5495
2095 3053
1157 -4647
509 4924
4203 -3031
-4639 7841
-306 6045
6973 7086
375 1863
2186 6665
-4561 -5529
1172 3553
-94 5486
-5131 -5153
-6088 -5905
-6033 8201
3418 -3688
2705 -3764
4260 -4696
-6553 -3860
-2061 1177
1215 -294
8375 -7499
589 6758
-552 7663
6525 -8649
6226 -8372
1931 4102
1390 -4830
-3263 -3402
3896 6675
7435 4554
5619 2793
7609 4126
1962 3297
1144 -4375
3238 4452
2600 -2623
-5883 -1456
-7181 -2855
5906 2706
6853 -3643
-2836 -5468
2364 -4305
2369 -1374
1548 -4327
-1199 6383
1092 -659
4651 7153
394 -7903
4491 6630
5112 -816
707 6358
3787 6409
-1251 3553
3354 -2555
-4102 -6531
-3345 2722
2387 6041
-4036 -1523
-8037 -289
3892 7334
4893 -7764
6071 -363
-6196 -2932
-5395 7003
-620 5286
198 3854
-5008 8015
4029 5972
-4171 -3680
-2446 -5372
7623 3761
8289 7636
-4842 -5302
3564 6639
-7274 -3836
4289 -1508
-8285 -1553
-2505 3079
4633 -7758
3257 4623
4609 -7284
-6598 -4114
-2771 -4237
726 5880
983 -4507
3019 -6417
4871 -2182
3746 7392
4383 -7755
2238 814
1446 -8263
1815 -572
-5392 -3143
-3317 1759
5532 -7227
468 7867
288 -7798
1141 -4445
8013 3622
3368 -1420
201 3609
-245 5573
-4490 -5040
-723 5712
1902 -890
5780 3347
61 2494
1270 -4134
7061 3757
7365 7125
6429 3169
-6088 -192
-7491 -4717
-2371 -4493
-4209 -2323
-7298 895
-6509 -2756
6206 -928
1067 -7916
-4449 -3489
5792 2672
4477 6832
-6530 6747
-6775 -3261
7516 3103
6678 -4211
3967 4804
-6486 -1954
1385 -4600
2266 5103
-645 4459
-2712 -5411
-6597 -1861
1460 1776
-749 4671
2359 1016
-6861 -10
-892 4602
6668 -9059
6097 2733
-3972 2310
269 2124
-5293 -5898
-5590 8380
6255 -4088
-4133 -4083
6759 3444
6225 -4521
6771 6725
2131 327
-6804 -137
-5622 7971
680 -1057
3985 -7980
645 5527
5134 -741
578 2606
2379 -883
3301 -1431
-6626 -4257
5681 -510
7944 7062
7650 6328
5829 2505
-2341 1213
-6187 201
1483 -4607
4382 -8322
1448 -4202
-6044 8468
7785 -8253
-2520 -5027
6697 -4797
1890 7409
-2442 2355
-1047 2687
5140 -2213
2718 -5599
-1148 4168
2949 373
2095 116
757 -6921
-3317 -1654
325 1661
4520 6927
-7860 1135
-429 5293
-7782 484
1043 -4425
-1934 1230
-401 4838
-15 4852
5590 3223
5556 -4228
2294 -4263
633 -7475
-6652 -4307
-7262 -3954
-6846 -4753
8413 7292
-1137 5346
1569 1844
4357 6376
-4820 -4619
7466 -7419
-6875 6942
-6585 -3038
6452 -4040
985 -4564
3861 7000
3606 -40
3575 -2341
276 7827
839 979
6680 -297
7190 7354
-168 3473
597 4058
789 7558
952 -817
2128 4888
1083 320
4545 7354
-6032 -3831
-5510 -3936
-3975 -2574
6040 -540
7885 7219
-6583 -906
5301 -9489
1355 -4645
1140 -197
-3922 -3264
3662 -1302
7666 4599
6395 -3896
7549 6586
4350 -7573
-6517 -2835
3001 -6228
5021 7241
-6804 -2211
7551 7255
4382 7694
-970 4820
-4831 8301
4622 -7710
-7561 190
49 6606
6281 2864
1499 -4525
1121 -8101
-6596 -388
-3109 -3867
-7306 -3744
7320 4060
5222 208
3595 7780
7445 7872
-4614 -1594
2789 -4868
5353 -1472
-4508 -2894
-2233 -4832
711 6814
-2313 1322
878 -7537
3205 -6488
-2878 1432
-3539 -4642
1371 1443
6083 -3862
-7050 -4423
1241 -4792
892 2786
-3386 -4790
776 5372
6915 3631
-4357 6070
3996 3544
-5003 -4719
7576 3811
-6475 7544
773 -7631
1274 -4411
6106 -4189
7555 6614
622 4855
-6535 -4537
3015 -1170
7086 -7129
989 6203
-5999 -2253
5598 2510
2190 1779
5258 -7629
-6605 -4212
-2310 -4652
2750 -2224
3966 6649
8150 -7906
5256 -7200
-2134 -5377
3735 -5869
-4397 -2197
-8029 437
-3417 -4553
-4499 -1654
2406 8146
4804 -7391
2431 2126
1112 1160
-3162 1598
-6574 -564
-6715 -4853
-6721 8675
-3446 -4914
1859 -1033
846 6839
-426 4012
7575 6768
1186 -4365
-5415 6957
892 -7525
1388 -8112
1334 2586
2624 6317
8014 -7417
5326 -3966
6096 -4744
-5907 6430
-8771 795
-3512 -5841
-3263 1365
7694 7732
-2262 -5584
8202 -8459
-3822 -5355
-3529 -4539
5069 -8334
1205 -4498
-7991 -488
-6903 -952
2095 -1123
4483 -4404
3476 -1624
1403 -914
-3051 1972
-7014 -4010
2139 -5574
7000 7707
6412 -4196
-7237 -129
-5624 -4655
2072 -4568
4846 -7927
-2703 -4675
6190 2848
2940 4697
-6238 -2618
1551 4099
816 -8287
4054 -6806
5947 -467
-4279 -1815
3891 -7798
8527 3785
8248 2990
885 -4535
4937 -7406
886 -4458
5068 -8039
1154 1372
-7129 1225
-6479 -5405
-4837 -2148
5700 -4883
8403 -6247
7709 7969
1176 -4429
733 -8208
3720 -7415
447 -7995
7872 3676
3720 6519
5806 2554
1479 -4740
7391 6804
-1921 3486
7290 3764
6485 -4426
4584 -8412
-7255 511
5746 -727
986 -4617
5508 2977
-5488 -4353
8530 6384
6879 -7239
1730 692
-3180 -5771
-5414 -2515
-4383 -5051
8014 3692
-7081 -871
-1071 6333
1173 -8252
-373 7168
6161 -275
-3638 -3519
-3975 -3321
-744 7412
2871 6339
8312 3726
6707 -3133
6175 -3940
4248 6774
7006 6776
-2430 -6318
5413 -979
7899 -7709
1174 -4653
4598 -554
7435 -8283
-7268 -5212
4845 -8203
5393 2620
-4281 -2368
1910 -5460
1901 -5864
5862 -980
-5671 7086
475 -8437
5322 -399
4893 -7270
5279 2579
-8052 899
4477 -7410
-5698 -2574
8718 4487
8535 7399
57 7130
3572 1167
8089 -7894
383 4979
4131 6738
-1226 4530
3052 -5261
3696 -2202
1978 7363
7694 -6344
5956 2429
1455 -4291
4467 6358
-6072 -2386
785 -15
-6339 -1982
-6882 -1846
4032 7220
2500 -4893
5845 2888
7239 7322
-3548 -3105
6327 -4694
861 -7972
-1150 4505
7679 3356
4089 6220
-2292 -4778
5839 7139
-8748 -46
-4339 8498
-1554 2753
1105 -3998
4570 -8028
364 3713
-2 2769
-2883 1276
7693 -7412
1202 -7853
-4994 8102
4745 -6505
175 2304
-5228 -5211
7347 -8762
851 -4669
-6311 -2910
2308 -5097
-4717 6920
1114 -1624
-4285 6018
862 3094
-6568 7152
-1465 5375
4918 -8163
-6909 7139
5441 -5432
3093 5754
-6250 -3863
-2812 -4438
-4845 -5146
-5782 -5685
4002 6530
4647 -8064
-7489 720
7480 2709
4422 -2813
946 7790
4642 -8394
7067 4561
2083 -7731
-5931 -5085
5928 2919
1530 2980
1427 -4045
-2284 -4662
5305 -8752
-2560 -4995
-2160 551
-6534 8269
5988 -967
3874 -8244
-2626 2163
7853 7992
623 3154
3922 6683
-4146 -2499
4831 -7080
4272 -8060
-387 6719
-2703 -6055
7742 -7264
-3843 -6919
2364 -1121
-762 3190
951 -1210
1435 -4514
-6677 784
8434 -6479
6315 -4377
-6793 7598
2379 5440
-6474 -3791
-2019 2062
7300 3838
4137 6547
833 5666
-1366 -3414
-7534 -292
4947 -7611
6544 8335
-2733 1338
2779 -1573
-1221 4733
-1580 5464
-6104 -4811
9010 -7768
-6081 -4670
-3391 -3781
3986 -8182
-5288 5920
-5359 6120
1581 5997
-767 4844
-4846 6937
8057 3549
3064 -3625
7929 8216
4419 -8162
4020 6838
-6686 -4960
8487 8006
3695 -329
-6752 -2513
6017 -749
-6841 6597
7689 -7717
-5768 8017
-5664 -2119
7982 3473
4376 6814
-1039 5538
831 1983
1353 152
5153 -142
-5007 -1896
-6462 -4989
1440 2398
2211 -601
-4180 -2405
1306 -1185
596 -7501
-2957 -2138
5414 -8451
1009 -4754
5773 2739
3741 -2050
-2060 -4377
-3569 -2645
-7719 29
963 5090
-2007 -5142
-169 4798
-6020 6956
2744 5740
7599 6878
-3505 -1867
8504 4019
-8044 -1902
394 2742
-6426 -2915
5678 258
1429 -8488
6183 -4902
-7916 -1258
8209 7304
1846 -5733
5162 -5343
4121 -5971
7946 3843
-3986 -4418
-2962 -4309
4394 -2402
-2765 -4512
3631 6509
-6290 -2994
6521 4525
-5569 6835
-3442 -6394
5865 -4224
-4698 -2682
-7050 -4803
-2125 1973
5950 -341
4430 -8426
-3496 7381
-6502 -4922
1911 3969
1442 -6359
-6657 -4790
6844 4879
-3461 -4643
7741 -7295
2266 2677
1844 895
-4154 -4508
5760 -1167
1654 -2415
5951 3114
1741 -1055
-3094 -3993
-2343 -4728
-5951 7699
696 -8102
1384 7328
5923 2993
339 5094
2528 4040
5264 2891
6055 -4210
5566 3016
-4668 -1392
3594 -5661
-419 6644
4118 7169
7731 2582
7293 3601
1949 2258
-1672 1714
-2869 -4933
-6082 8711
5315 -7394
7182 4304
2052 5189
5550 3263
4252 6876
3254 -6037
1082 -8228
-3500 -2174
3495 4192
4889 -7846
-1776 3169
-3642 -2525
5285 2623
-3881 -5245
5789 2975
4761 -8069
-6426 -4035
-6167 -2563
-7757 -537
-383 7434
5840 -5038
5281 -220
2465 -614
-6323 -4703
-4519 -6019
-4256 -4099
743 5011
-6467 -4119
-6854 -4584
721 -8312
-2682 -3813
-594 4825
-6385 -2374
-6527 -2141
-2050 4728
-7189 -2488
1384 -4293
1715 -1239
1192 -4403
3506 6510
2048 4453
-6145 -6232
4584 -2200
7393 -6602
-346 4456
407 4263
2855 -6818
-1177 3702
57 3508
-6745 -3019
-4500 -1342
727 6659
7115 -6986
8079 -7182
1745 4120
7034 3876
-881 5658
-7885 -889
7611 4272
8198 7027
792 7756
-3126 1535
-4518 7168
-6393 -3740
-1019 6666
6925 -8208
-2406 -4916
6385 -4603
2866 -5449
7994 3927
1460 9177
3722 6658
-6514 -2436
1415 -1134
-4099 6983
-900 4230
-3653 -2038
5819 2362
-5701 -5373
-5573 -2603
9225 6938
6174 -181
4205 6614
6099 -554
942 -4687
-509 5618
7600 3906
4354 6360
341 7037
-608 3798
5323 -8698
7782 6004
2476 -4994
874 6794
4373 -7770
1312 2408
346 5217
617 -8015
6914 -4706
612 6226
-3912 7736
8530 -7506
5769 2741
2264 3
-4042 -2156
429 4274
1922 6296
-626 1495
-4939 -2169
4451 -7910
7762 7596
2156 7244
1384 -4498
-2176 -6024
3167 -2109
1050 6225
5661 2591
1020 -4266
-4201 8068
7150 7149
-1012 5708
4363 -8135
5910 -4391
3625 -3087
6365 -476
518 6017
-4712 -1269
-689 4462
5937 -4276
1562 1606
-6169 -5656
1919 4998
-4716 -5662
3090 -2260
5673 2654
-7010 -4798
4902 -8513
4309 -8645
6948 -4247
-1893 1864
1315 9
-4872 -2199
1790 4518
1446 -4603
6939 7232
978 5774
2023 -5907
6618 -4490
5300 -7924
4051 -7364
-6877 -87
1444 6877
3818 -5697
5006 -7659
5531 2915
1080 -8043
370 -7683
3006 -5158
7073 7413
6649 6879
7200 3718
-6389 -4610
8272 4060
3787 7060
5971 2949
-2923 -4561
395 5598
1299 -7444
-3664 -2295
1474 -8276
-6366 -4767
903 -7918
5220 -624
-191 5149
-6837 -2575
406 6371
1756 4796
2091 -790
3966 6482
-6766 -385
-7178 -5173
-5363 6387
-5484 -6150
5631 392
4082 6876
-2444 -5250
4016 6620
1898 353
-3781 -2487
7669 3770
799 -4562
5343 2756
-4261 -4692
890 -7807
-1065 4585
1106 365
1449 289
333 -8055
6548 2655
6161 -5079
-465 6621
-5978 -2475
-6215 -5182
-6265 -2853
1677 -8613
4931 -8079
516 4273
-2319 1874
7037 7122
-4003 -2567
-5228 -5923
-2941 3179
3501 7176
696 2712
538 2736
6083 3187
3519 -8514
2785 -4921
4272 -8122
1471 7043
682 7402
2264 -431
2960 -5642
-5263 7818
-2754 4939
-5237 -5332
5283 -7083
2774 4964
-2027 2376
1417 4375
-5422 -5318
-875 5306
1489 909
2752 5382
-6471 9241
8095 7222
-6311 -2371
-6631 -4381
648 -7887
442 -7125
1879 5048
-1204 5483
-1471 527
3931 -2185
-3431 -5984
238 6870
771 5367
4352 -5430
-6967 -551
991 2662
1093 2910
-2390 -5545
-5561 -4027
1658 -5134
1004 -4367
617 -8019
363 978
5677 -4212
1423 -4260
7359 6315
6737 3840
2419 -4706
155 6964
-2802 -4945
-2690 4889
-3073 1782
-1101 5357
6940 3297
2446 -3183
8555 6522
9085 -7221
-1422 1457
-4368 -776
-5570 7027
-6102 -2131
5451 -7751
-395 4136
6833 -4623
-6690 -4405
-6703 -4488
5606 3059
-6079 -2986
1090 482
-4609 -5261
1529 -1498
5053 -7215
-3744 -3651
5990 -3900
-3125 -4637
2595 4749
995 -8480
-7187 -3548
1187 3856
2408 1652
-5834 -2393
927 -7463
7713 7609
8036 -6295
1224 -8233
6518 -4568
1324 -4258
-6856 -6044
2151 -163
-5440 8863
8145 3588
-5675 -2428
7301 -7624
8210 3308
-6234 -2695
570 6428
4340 7200
5827 -8319
4429 -8748
-6314 -2222
6477 -4530
6587 -4416
346 4140
1114 -4588
-6395 -2318
-4137 -2112
4513 -6835
6083 -177
-7289 -4317
-5034 -1603
-941 4688
8127 6417
8920 6953
7928 -7155
-5784 -6135
176 6692
7731 -9233
-4771 -3520
3137 478
722 -7432
2412 7309
-5790 -5955
-3513 2707
676 -212
-89 4379
-4827 -4030
5634 -557
8265 -7641
-2340 -4404
-6433 -4070
2306 5291
-4231 -3678
3367 -1207
4304 6557
-6032 -2163
4189 -8645
-2784 2572
917 -4092
-6032 -4740
-5650 -2894
3709 -1736
4599 -8235
-4873 -2583
-7094 502
997 149
6863 3716
5463 -1270
7666 6800
-5741 -2083
-6061 -2744
-6295 -2099
943 -4179
6070 -4583
3380 4426
3696 6127
-1743 3168
875 4808
1955 -730
4074 -1680
1987 2917
1700 5195
4391 6089
8147 -8505
845 -7857
756 5701
-2201 1585
7912 -6959
-2503 -5195
-3911 -2620
3670 -7473
-5147 120
811 638
-7319 63
867 -7860
5940 -4066
470 6477
7397 6292
-4116 -4768
1308 -7458
-6028 7216
257 4928
4714 -7602
-7373 672
1078 -823
847 -4059
5806 -4522
-5982 -4032
7288 3593
7919 -7847
2965 -2877
7183 6748
-4026 -4480
-6585 9797
1202 544
1037 -1453
8934 -8195
-5476 -3061
6979 -511
-5500 7600
5912 -4103
-585 4455
4383 -7394
-1214 4884
-6048 -5194
782 -8583
2445 -93
-455 3428
1508 -7630
6203 6596
-6012 -4791
-6596 -948
-6306 -1960
-1269 2601
8068 4361
-5806 -4712
-3731 -3215
-6395 36
-4108 -2635
4861 -8039
1533 6208
5750 -4583
5740 -4316
1372 -7868
-7022 8415
1184 1330
-3544 -2128
292 -8025
5075 -175
2624 5540
-222 1161
6451 -5133
2053 -8003
-6121 8073
189 -4495
5723 2924
-8066 655
-6014 -4891
-962 3393
9309 7416
1999 5225
-6887 -5430
4788 -8744
-3613 -3138
-147 3976
4047 7105
2866 -283
1886 1155
-3996 1869
1082 2113
4587 -8131
6393 -4868
-6379 -2803
8935 3513
7931 3372
4476 -7376
5860 -3477
-7743 -227
3320 -842
-4159 -3153
1246 -4504
7742 3786
1188 -7066
-2269 -4316
1816 4930
-6516 -2594
5579 3030
1544 4980
7634 3986
-2428 2480
1118 232
140 2989
-6538 8707
-5815 -4609
5831 2670
-899 5504
1425 -7744
-906 1923
-5721 -4516
-5116 -4957
3017 -606
4272 -6704
1485 -4189
933 -8419
7737 6976
4678 6922
-3430 -5660
6004 2642
-2797 -2750
124 -8346
6180 -603
1293 -4627
3126 -2177
-3610 -1755
-7951 -801
-5238 -4741
-6202 -2415
4901 -778
-3222 -2074
999 -4220
525 2365
-4166 6803
7333 3965
5480 2936
4458 7020
320 936
769 -8090
3602 -2272
7307 3652
1156 -8598
-3264 7747
1531 468
3964 -6523
-160 1003
-428 5784
6323 -833
7213 2967
-5187 7629
375 -57
4395 -7820
5649 2700
5639 -274
4330 -745
5358 -7927
959 -7927
8110 4163
908 7089
251 6622
-2957 -5333
-3441 -4407
5795 -4729
1897 2919
-5761 -3758
-5912 -1913
-6254 -1805
6183 -4749
1262 -4590
-4466 -4276
5826 -6777
8053 3578
-3017 2215
-50 6808
1222 3692
-842 4784
5105 6791
6178 -3986
-5939 -2525
4940 -300
7936 4295
5464 -3376
2748 6186
1209 -11
3370 -999
5398 -490
7320 -7125
8662 7794
1571 -4224
4116 -2851
1184 -1302
8037 8122
-4701 -1311
7184 -6938
8238 2569
7699 6219
-450 4938
1300 -4333
1232 -4173
7525 -8544
-1411 3298
5887 -4353
6271 6863
-3829 -1060
-1354 1661
996 4266
-5465 -6626
6187 2599
-5299 6568
-6293 -2611
7766 -7870
-6802 -3839
8331 2296
7893 8099
-896 6118
3328 -6983
943 -7353
-5887 -4455
1298 -4721
2692 4563
-516 3909
1631 -8175
3421 6555
2127 3914
-6547 -960
993 -7455
4478 -8388
-6495 -423
-2006 1887
-3974 -2656
-1229 5236
3119 -6687
7417 7286
2853 5687
6684 -4736
3399 624
-1985 6079
-8306 -709
5798 2977
-1931 2623
7572 3804
4433 6658
2558 1030
2511 -6481
1696 -7640
5973 2410
6715 -4907
5981 -3695
1059 -7957
865 385
6126 -4648
5636 3221
7560 3666
2856 3337
