100 286 2749
0 0
-4246 5677
3293 -4566
1396 185
-5497 -1250
-2479 6058
-2023 -4415
5617 -38
-6982 -2826
8906 -8597
8413 -3926
1917 9224
600 -9338
-287 8860
3288 2724
-3700 242
9265 5042
-8660 -7951
-8780 8539
2145 6191
1242 4819
5281 -9258
-8462 6180
-974 -2771
7939 7385
-7143 -761
-8689 -1878
4498 -1245
-18 -7611
-2417 606
-2968 8545
-3890 3206
4225 -6418
6304 -7447
-993 6462
-8366 4233
-6222 -9641
7742 8874
-2561 -5540
-8789 -6023
6395 -1580
4337 7412
2124 -4834
-4467 -9466
-3900 -7548
-858 2532
6620 -4229
-7085 3785
-9931 4151
-3333 5033
1401 -2096
3979 -374
-6173 6335
-4735 8186
3983 5484
2979 -9967
-4197 -5982
-2673 3675
-9995 -9659
-5619 -8063
8612 6198
6226 -3008
-4345 4461
-5269 9227
2553 -2462
4906 4494
-1070 9567
8773 1310
8505 -9540
124 5827
5934 1973
-8555 -504
-7289 -8464
4763 3205
7438 5299
482 -4052
8157 3980
-9578 9569
-1063 4303
-1924 7214
-9953 -3424
2411 2075
1845 -6164
7120 -9158
9639 -6475
9836 -2315
7544 -6348
-3748 6824
327 2104
-7856 -6630
-1177 -1728
-4963 1573
3188 3735
-6798 -5889
3673 1756
-8407 1770
8880 -720
1059 6191
2081 3952
-3184 -3815
1 4 1452886
1 30 2527265
1 46 6677348
1 51 3156547
1 89 232986
1 91 1834903
2 6 3170247
2 50 942102
2 53 4654973
2 63 1624545
2 88 1768900
3 28 717577
3 33 302611
3 43 298972
3 47 754180
3 62 1163231
3 65 1312325
3 83 260379
4 51 1116423
4 52 3080394
4 65 6754643
4 82 4112197
4 89 4574134
4 95 935592
5 9 1808052
5 16 241227
5 26 210896
5 92 527297
5 100 6982369
6 35 660168
6 50 1973285
6 79 2512088
6 80 577361
6 88 1358191
7 24 405270
7 29 8701908
7 39 1815831
7 76 1112810
7 100 160607
8 28 372480
8 41 2285059
8 52 220266
8 68 5951873
8 71 3939324
8 95 634379
8 97 3052644
9 26 3079980
9 27 1191289
9 40 8112379
9 57 2341105
9 81 3314888
9 94 1571310
9 100 7328299
10 34 1379513
10 69 285402
10 84 586141
10 85 258007
10 87 4215461
11 41 6317169
11 47 794900
11 62 3704409
11 85 4937579
11 86 290305
11 87 951489
11 97 1231562
12 14 309005
12 20 1720313
12 38 10740180
12 42 386515
12 67 3711114
12 98 7610787
13 29 3675454
13 44 2459836
13 56 5927752
13 83 7644740
14 35 2473275
14 67 129941
14 80 847744
14 98 1529353
15 74 2995393
15 82 1898992
15 93 770612
15 95 614838
15 99 3126720
16 30 2260538
16 32 2790775
16 91 7893502
16 92 739107
16 100 434366
17 38 2002706
17 61 1265724
17 68 527187
17 75 1244820
17 77 1100712
17 86 983329
18 40 947340
18 59 820946
18 73 1280154
18 90 811093
19 23 4603819
19 49 2361732
19 53 810355
19 64 1351740
19 78 667916
20 21 676085
20 42 5269120
20 55 1012791
20 98 394612
20 99 4721291
21 70 2951941
21 79 3013540
21 89 4327236
21 98 162459
21 99 441049
22 33 6874234
22 34 1461310
22 56 708079
22 69 3225737
22 84 3702847
23 36 560726
23 48 3390477
23 49 6078512
23 53 2039895
24 51 905101
24 76 224302
24 91 454357
24 100 3229800
25 38 1116214
25 42 3081698
25 61 1338712
25 75 407613
26 27 3823176
26 72 465529
26 92 6524160
26 96 2759595
27 72 1268623
27 81 2298484
28 41 764039
28 52 1985170
28 62 1325042
28 65 4976924
29 39 456074
29 44 534855
29 45 3512078
29 76 3413637
29 83 1545331
30 32 6631411
30 46 1350455
30 58 4016370
30 91 2077926
31 54 3393024
31 64 1451578
31 67 2175710
31 80 219642
31 88 3324766
32 48 1273718
32 58 1425553
32 63 875122
32 92 425563
33 34 553817
33 47 361226
33 56 1096250
33 83 2504194
34 47 2886457
34 84 2677029
34 87 3951087
35 70 160415
35 79 826668
35 80 1614671
35 98 4577886
36 48 638430
36 49 1671471
36 96 434000
37 44 215824
37 56 3250129
37 59 727090
37 60 1813625
37 73 2570480
38 42 6844292
38 61 6757489
38 67 2623985
39 45 3094864
39 57 1121608
39 100 4463415
40 59 1235303
40 81 989035
40 90 180190
40 94 4355983
41 62 1864245
41 97 571616
42 55 2882676
42 66 353683
42 75 8960574
43 65 3782897
43 76 2721232
43 83 292315
44 45 2335794
44 56 3957218
44 60 269523
45 57 1686115
45 60 207788
46 58 2048176
46 79 1202624
46 89 943498
47 62 1848102
47 87 681484
48 53 590621
48 63 6291168
48 92 3454321
48 96 1875865
49 59 16157182
49 72 3811963
49 78 786323
49 81 5480546
49 96 780199
50 58 1287678
50 63 421405
50 79 348232
51 65 522535
51 76 3942241
51 91 267166
52 65 4086203
52 95 1293031
53 54 1045322
53 63 293599
53 64 5211404
53 88 1726963
54 64 1177873
54 88 803453
55 66 2501639
55 93 275001
55 99 5055568
56 59 5083472
56 69 7280036
56 83 2427466
57 60 948675
57 94 3103488
57 100 3097874
58 63 1752872
58 79 4234098
59 73 2152712
59 81 4624071
60 73 4230853
60 90 2592160
60 94 5041138
61 75 2179973
64 67 5368411
64 78 7163237
65 76 756109
66 74 297109
66 75 1715353
66 77 1435278
66 93 1901962
67 78 10639873
67 80 603400
68 71 1021755
68 77 896941
68 86 4116975
68 97 343947
69 84 1556596
70 79 661351
70 98 130919
71 74 684617
71 77 2202110
71 95 487930
72 81 1474496
72 96 1076197
73 90 4472585
74 77 2715561
74 93 759111
74 95 4375396
75 77 2432000
76 83 2044646
79 89 344967
80 88 1989677
82 89 601822
82 95 1154576
82 99 1674066
85 86 1419583
85 87 4412519
86 97 3833499
89 99 1637309
90 94 1272771
91 100 2348393
92 96 465036
93 99 605099
-1223 5680
-1674 -2979
-3779 2103
6568 7168
2038 5900
1194 -5149
5526 -6571
-1972 -4395
-2720 6777
6664 -1742
-5720 -6464
6309 -1392
-3299 547
4147 6350
-7129 423
216 -4954
-4827 1545
2652 -2861
-8641 2467
2949 -3040
2609 -2575
2444 -287
-3431 -830
-460 4508
1468 6535
6510 -495
-7300 1530
1740 4804
4684 6398
-4618 -1057
-4768 -2535
3527 5694
6876 634
1313 4485
3726 3139
-4396 4715
6259 484
-3125 -1233
-5935 268
952 -5288
-5728 4043
-6263 2281
-2016 3184
-4676 4520
-1242 6184
-1749 -3192
5084 4289
1102 5130
-5380 -1290
-5129 5282
1562 6899
2392 530
4108 2959
-6321 4194
2133 5397
7361 1502
5012 -5828
-6870 4258
5668 -5490
-7412 -4469
5869 -3280
-8565 1558
-2617 7883
-2547 -5365
1245 -6437
-6312 4942
3178 -3574
6179 630
2718 -26
-7672 -4937
-7679 -4667
-6381 3560
-6102 -5350
-3211 1968
4592 7357
-3314 1667
4555 -6406
6786 -7501
-3049 -4404
-4191 5273
-2012 -2606
-6404 405
355 -5860
-7587 1826
-3587 -2593
-6473 -751
83 3704
-7448 2193
-4134 -2297
2337 2657
-5354 4227
-30 3248
6178 -5475
-7366 414
-6844 493
-2417 7665
1293 7119
-2852 -2380
6257 -4912
2568 1572
6836 3778
-4619 4661
6643 6672
6397 -7462
1519 6972
6689 -5986
-6191 3478
-3994 4725
-2936 7686
498 -5310
-3950 -1103
-5934 -7275
-4685 -1092
-1442 -2852
-7663 2473
6117 4280
1304 -560
5208 -4161
1532 6848
5956 -6981
-3597 -1918
-3061 7440
-4056 1133
3033 4309
1763 6700
268 -104
-7757 -4802
-1947 -5212
7772 -7216
6264 3426
5296 -1384
4171 5945
-6198 -380
-1942 8546
1587 -5067
-810 4237
5478 5676
-2557 -5255
5409 -1795
4868 -5924
1772 4900
952 -5987
4361 2997
1026 4624
-1011 -2086
1179 7035
-7690 2321
6527 -799
-2160 8649
-3614 -921
6016 -3629
-7078 2311
7492 6684
-8930 797
-2764 -6270
871 5210
7921 -6990
302 -211
1990 4322
-6629 -5453
4421 -6581
-4457 1159
-2250 7282
6927 7125
6258 9385
-673 5272
5091 -678
6650 -7756
-3668 1800
-2193 6066
-1875 -4745
-7511 -5126
-6748 -205
6334 1208
-3149 924
-2608 3483
6632 1323
-7565 3892
-6297 -810
-2078 -5263
1599 7162
-5253 -2276
164 -118
1780 -6932
-6854 3330
883 -6622
-7799 1976
953 -761
-6053 3397
6031 1921
-4584 5015
-1108 -4797
-1930 5304
4427 -897
2486 8
5748 -1042
-7123 2306
5839 -5612
-6447 -282
6888 1271
-4361 5706
6781 1192
-1792 6573
6607 1128
6664 -4142
2477 2359
5375 6967
5924 -4219
5938 -3174
-2993 -2007
-6193 -5652
-1907 2900
6518 -1843
-1207 6138
-4584 752
-8582 -5680
-1402 6321
6386 -1684
-7538 -5646
6902 -431
187 6002
5981 1680
975 -1077
5873 5200
6288 -7803
-2310 8633
-4296 2043
5676 -4334
2643 -3800
-2336 -2800
-7014 127
2702 -1655
5304 -541
2677 -3390
-8054 1439
-3460 -966
-6102 -6305
2723 2
1350 -6712
1049 6600
-5944 -5549
-2874 7540
-6377 3904
-807 5604
4336 -5827
-3720 915
5830 5477
-6994 1772
-3072 -4764
317 -7213
-1395 4897
1253 4618
8310 1196
-4118 4892
-2160 8343
-7870 -4374
6623 1955
2424 3040
-6202 -6530
2335 5750
-7871 -5064
4550 -4104
-4197 622
-2102 -5695
1409 7361
-7584 -5289
473 -6493
-4431 1877
4944 -5356
1947 7272
6290 -6738
751 -6296
-6602 3090
-1219 4052
3212 2377
5220 -7161
-3843 1422
6020 -3979
6315 -1388
-4725 4628
5739 -4016
-7448 -5762
-4138 5246
-6465 -527
-2666 -715
5289 6177
-7375 4393
-5368 -715
6258 8575
-347 -6227
-2667 7382
-7561 -4331
7956 1368
-3395 8159
2613 -4262
-1261 -2009
6171 1455
-3270 7654
-2400 -3618
3094 -3071
-1743 -2702
6222 4488
-225 -6566
-2494 7706
6514 4731
-2992 7762
6557 -3834
-5237 -2713
6130 4203
-2312 7405
-2002 7198
-2459 -2915
2407 380
5873 4509
3893 1930
1974 -3208
-7122 567
594 249
5670 -5725
3605 3256
3712 1689
2859 525
1898 1368
1402 -644
89 -6502
-2915 -5634
5221 6079
-5234 3058
5198 -1468
5378 1032
-6605 757
-4378 1787
6207 170
-514 -6933
-4088 1725
6259 -1970
-336 5313
-3313 -1445
1418 -959
-83 2688
-2009 4078
-8648 1313
-5765 3757
-4443 -876
-3430 4896
-1971 7141
1532 6975
7523 -6843
-3184 -1097
2348 -2521
-7534 2159
-4104 3900
2562 525
1210 -206
-2939 3505
6833 657
159 -1038
2397 -3239
-3210 4791
3851 3237
-6305 -6895
2446 1006
-2567 5327
-6605 115
6923 -8774
-8265 -5378
5462 -1358
-6982 -436
5313 -1631
-2136 -5811
-8498 1473
1122 4934
5474 -5564
5133 -4457
-3851 -3529
5884 6102
-4343 1490
524 -845
1590 -4772
1278 -5257
-1608 6511
658 -5863
1797 -1508
5665 -1572
4676 -7410
114 3811
-4044 4691
-7106 1190
-6774 481
-6056 -6826
2141 -5266
485 1742
-380 -1526
4990 6288
-7109 -209
6110 4109
5309 7139
2429 -46
-1134 6067
212 -687
-4540 1166
-1590 -3934
-6901 3612
5147 -4386
-9013 1739
431 6288
4469 4068
7796 -6630
4078 -2245
-6659 -657
6184 -4036
458 -6198
4643 5458
4953 -6434
5492 8039
2641 334
1530 3290
-1858 -2795
602 -534
-3956 2559
-3212 8599
210 -279
756 -5400
-4588 -823
-7493 3071
-4094 4686
-2839 -4776
4087 -2861
1258 7229
6756 6965
662 -244
4918 -6219
-5871 -6713
6259 -7016
5587 -1248
5646 -706
6539 4196
7086 -4601
7978 -6362
-8417 -4949
-1726 -5943
-1816 3322
332 3835
2343 -3202
5742 -6734
975 4828
6932 445
6908 -7289
-6071 -6140
2111 -3417
-5740 -5776
-2731 7330
1885 2249
1035 6692
6212 4753
1089 -5535
1195 6817
-3310 -1839
6375 -4363
-2793 -4957
4999 6736
6039 -7637
-2187 3769
5906 -9107
2213 357
-7491 -4761
1023 7083
-5400 2104
4621 -4326
-7687 1977
-341 5700
-4513 4037
571 -6174
-634 2214
6690 -3657
-1182 -3082
-3218 8196
985 6759
-2321 4672
-7103 -732
2833 -3120
5869 -4741
2801 366
-3590 -1438
7213 833
5974 7820
2414 515
6473 -7299
2930 64
5892 9195
695 1597
4336 -7554
2582 822
653 5143
1382 -5508
-6947 -5484
-8304 1559
5349 9498
-7554 -4329
5637 5638
-4062 1687
6866 -6518
-4437 104
2486 -1452
-6146 -6740
-3040 -2431
6721 -4570
-6163 -904
1299 7367
3174 151
-2381 3862
5756 -5319
-3481 -4781
5324 -821
-3542 1230
-7065 2520
6414 4453
5401 -1402
5567 -6280
-4367 4803
-4284 4757
-6018 -5785
7066 -5538
-5671 -5702
-6623 -7183
-7919 4394
-6776 401
-4386 1388
1748 7393
3645 -4351
-1463 5566
4822 -6196
-2635 -2219
-712 3204
1565 -5930
-7817 -4938
199 -445
-2207 4483
1227 7486
7049 8220
-7510 -4380
-5454 851
7254 1403
-5124 -6032
-6849 1135
6613 4643
-6806 -951
3740 -2265
-8162 1797
-2232 -4015
-1247 5538
-3307 -5549
-960 1712
-7252 -310
-5766 2018
-2324 -2221
7180 -4162
407 3077
2886 4269
2737 -4756
-8001 -4550
2266 223
1236 7090
-1181 -1486
-6934 -398
-5330 -7028
-5927 -5962
-1333 -3218
-3692 -1625
4824 5028
867 -771
5569 -5353
-3607 8128
1500 7127
1662 -2092
-2577 308
6914 7159
1382 -5449
-2953 6401
6786 5808
589 -264
-5315 -6315
2759 4409
2392 -153
6450 1427
792 -561
5481 -1343
505 139
-7612 -5732
933 4039
-5667 -1091
-5970 4326
6451 -4210
-1067 4105
-1199 -1898
4875 -5576
7021 1428
-3915 1152
4741 -5208
2488 -360
6798 4479
6081 3921
-1281 4318
-5787 3231
-412 7898
-1817 4735
5892 -5109
-2272 -5445
-3263 8029
2345 -2643
-6393 932
4505 -5879
-3810 -4617
2377 -2691
4180 -5512
-8398 -4804
6351 1139
5758 8684
-6941 1965
-6738 -529
5200 7673
3135 3957
-2196 -4891
-8196 1430
7001 7153
4975 -1639
-4787 489
634 4930
-1943 1828
325 4429
7644 -7724
5067 -5575
1233 7305
5794 682
-1466 3518
-1373 2610
-1517 6400
2566 -5988
828 -218
2105 4767
6273 -1341
5778 -4321
-5565 -2296
-1751 -3946
-2154 -5756
6369 -4868
6287 4723
-2271 -3514
-1771 -3246
-3182 7250
2088 -3922
6880 -6326
-1735 3829
-1333 5575
-4331 4514
-3678 4660
989 -489
-4071 1245
5671 6357
1923 712
5615 -6182
9476 7951
1689 7143
73 41
3865 -1417
-7447 1850
-6697 -824
7141 8533
3962 2946
-6500 -7007
-6517 516
-7535 -5461
-3072 7117
7438 1035
1318 4571
6588 8989
708 4702
5109 6125
2961 408
7145 9570
-7698 -5055
5985 5237
-1373 6150
1995 461
6286 6223
4578 -3281
-7694 -4537
-2297 -2043
7727 1262
-2199 -1904
3833 4843
-3067 8279
-2913 -5534
3063 533
-7930 2078
5703 -4268
-5862 -378
-6271 -5902
-3232 8006
-4227 810
443 312
-4219 -5742
-8034 3117
6633 1119
5687 5996
6320 6739
-6531 937
-1819 -4408
-7907 -5163
1608 6867
7512 -6121
5461 -1196
240 -7742
-8398 -4697
-8042 -5078
5960 4267
-8037 835
-6930 1975
-4492 1322
5371 6433
-1990 -4302
-5446 2745
-8427 1171
1764 3836
-511 5879
1225 7480
1055 5346
5319 8563
7009 1349
7659 -8316
2052 -3589
-4181 1456
1671 7320
2627 328
-1519 3443
2791 711
6415 4823
6479 7721
-2508 -5586
7286 -7363
4030 6738
1840 7266
-2469 -2845
5674 7721
5755 6833
-6230 -5995
-2363 -4671
3916 7804
-2190 6986
2528 -1984
5559 -1299
-4923 3843
-7724 2081
5893 3827
3293 319
7549 4780
9033 7899
2048 5500
1821 3427
1697 -193
-3824 4843
4982 -1342
1367 6788
-3789 316
7071 -7787
6457 -1242
2822 389
-6935 2919
5651 8218
-1079 5783
-5207 -5464
-3377 -1443
-8316 1133
5146 -3144
5332 -1497
-6594 4627
-7731 -4687
-946 4131
5439 -1630
7133 9773
1059 -31
-3582 6000
5436 6311
-7640 -4665
-2891 7934
-2414 6161
6185 -6636
1389 -6132
6846 -7443
7073 -8087
5242 -4235
-3830 569
-2470 2887
-1608 5158
-2404 -2249
-2963 4145
6570 8047
-1752 -5820
-2861 7839
7535 6529
6380 6061
-7756 -4708
2434 -3409
-4092 1647
-5772 -7367
-2759 -1938
4963 -4646
-7292 -6880
4990 6059
2984 -4030
5685 -4087
-1379 4557
1975 2961
-2288 -5522
6183 -7162
-2759 -5606
5720 -359
-6444 -522
-911 5560
-2648 4984
-1569 3410
5911 -3749
-4171 1324
-6288 -353
-7224 1139
-7051 3390
-2564 -1992
8476 -6641
-7208 -6083
4558 6032
7552 -8484
-3246 8451
327 -5304
-8039 -5229
7058 -8406
-5408 1513
-7913 2466
-6025 -564
6839 -7723
-275 3649
-5393 -1745
-7842 -4648
191 -377
-1764 -1985
-4317 1011
-2384 -4451
-2397 6956
-3076 -5838
7847 1718
992 -6221
-6345 -905
1905 430
656 -892
5876 869
-3041 8346
698 -308
1339 3949
-6835 186
5656 -5728
6716 5121
-8287 1830
4343 6403
-4026 6186
307 -507
-1572 -4206
-5629 1735
-4584 5505
5613 -1782
5692 8830
823 -247
3241 3953
-4365 1864
6988 -7664
7498 131
-8615 2312
3446 4518
2772 -2511
1289 4767
-998 -2568
2581 2778
-5393 2887
-6229 -5632
-4747 -825
-4775 -2201
6741 4222
-6997 3331
6352 -5291
8128 8620
-3760 294
453 -5491
1345 -1430
-1003 7089
1716 7253
1401 7219
1078 -6838
-384 -2565
3718 3361
-7009 1865
1844 5666
3998 -3014
-6627 325
-4199 5088
-6565 -6568
-8426 3244
6171 9207
-8058 -4981
-4264 5144
-5406 729
-3975 4629
-2360 7758
1459 -1135
-4252 5247
5993 -5173
-2309 -2885
-7760 -5099
-6600 5503
-5861 -6867
525 4893
-5310 5294
-3824 4932
6098 -1136
3137 -141
-4883 -946
6430 -300
-3603 4656
-6088 -1553
1214 6751
7536 -6851
5256 -6910
5101 -906
-3816 510
-608 -2519
5708 4428
-673 1618
5130 -4673
3878 -4074
-8234 2309
-7957 -4991
-6595 -1808
2003 6905
-3800 4916
3144 353
6184 -892
1270 -5708
5851 -921
6971 5864
6198 6662
1797 5053
3374 322
6688 -6523
851 -4660
6642 -553
1217 6825
1573 7045
1526 6693
-5384 -7089
7078 -7321
-8304 -4570
6510 4564
-3933 5718
-6333 450
-7477 3509
5042 7306
999 4559
6968 4237
-4773 5103
7081 8864
-6898 3693
1336 6753
2172 2563
2920 -260
1455 -6282
2066 -3356
5777 4204
4949 6250
7383 9147
728 -5555
6747 -6395
5368 -6771
4934 7776
-3960 -1193
-4576 5732
6788 -7061
-5709 -6913
-6683 -6657
-5427 442
-6786 -5216
-2526 8374
-6181 291
6294 -7452
-3231 -4792
-2930 -4932
5839 -804
-6796 -449
-1490 -1320
1841 4678
6143 506
-3703 2353
1050 5475
-1111 -1337
-1026 2453
6603 4033
-1396 3852
362 -6191
-1154 3410
4947 -6658
6491 -880
-7696 448
1228 -1222
2261 3291
-3066 -4791
6797 3952
-4208 1725
4759 -4285
5722 -6170
-5532 -2397
-2303 -3530
4542 -6597
1594 6650
5613 -1514
-5467 -801
1071 4975
6316 5924
2314 -6005
1173 4866
4877 6850
-7223 -4026
-1080 3030
-1323 5178
3852 3751
-3218 7635
3351 -53
3225 6684
1037 6574
746 -3
-5852 -6046
-6330 -6266
-5471 2883
1363 4705
-1850 -1857
-5902 -8125
-4279 5024
6133 -1817
4698 -6882
6570 997
-7649 1330
5199 -7268
5827 -3634
-4259 1839
-3232 -1996
-7955 1803
-2765 7925
1472 6916
1342 5250
-8263 2040
-2231 -4293
-3370 5354
-3060 8380
2503 515
6006 -3774
5809 4003
6560 7747
-2822 7440
1104 6251
2045 -1942
-2278 -1889
-7918 1128
1224 -377
-44 -6223
-2528 -5104
2718 585
-6432 3605
728 -6113
-984 3468
-4886 4732
6671 -1454
-8015 3217
4024 -2728
-3252 -3778
6503 4863
5269 9040
6267 -793
-7899 1719
2235 -1854
-2932 -4819
-522 6426
7346 -8050
5092 6002
-564 6723
4400 3345
-6898 2839
2486 4174
1698 5236
-7735 1741
-2241 -4806
3436 3732
-3695 7636
7864 -7458
2118 -2091
7267 1609
1627 7077
5879 -4793
-3341 50
7859 6243
475 -1496
5552 6346
-2617 -4285
7096 4237
5748 268
5625 -2964
852 104
5041 5755
-5165 -865
1849 2443
2308 -3732
-748 5693
1797 6677
-7940 -4574
-7095 766
5807 -4184
-8468 -5351
6152 -1693
-3111 7551
-8592 4490
-6937 -548
1222 -6593
2427 2822
3039 -3171
-2852 -2558
-6763 -1019
3286 693
5911 7671
-2704 -6042
2950 290
-4706 5060
-1199 -1613
7665 1828
4792 -7123
-5849 -6561
4558 -6208
-2449 5925
3251 -2503
-4065 669
-5467 3821
5727 -5752
7156 -1287
-8245 -4519
1440 6955
6065 8210
3311 -2660
3733 -3308
4505 2164
4901 -7192
4391 4757
-710 5424
-2127 8594
1470 4912
-4321 5058
1664 7165
-7355 -4761
6774 2481
-6401 -6275
-4376 -1259
163 -741
1824 5266
1386 7298
6543 -6928
1477 4191
896 -4616
-7263 1938
4799 1797
-1643 -2550
4774 -6405
5796 4603
-4093 1903
6111 -3535
6543 -370
-323 6125
-3978 5133
4585 2788
-4211 9089
-6256 -4890
-6047 -708
-617 5278
-1746 -1751
4363 5870
-2439 7552
-6364 4594
-2725 7716
7357 583
1447 7015
-2350 4846
5354 -4649
-2805 7893
5346 -350
-4388 1178
-7713 -4798
-2665 -3839
1545 6829
-2072 -5701
1229 7324
620 -4736
-3297 7811
6155 -4598
1485 6838
5137 -3956
7406 870
5281 -6192
6142 -3597
-2367 -3224
-764 2920
-5059 -5336
6204 -598
2822 3592
384 -286
3611 3670
4031 -3046
5655 -7380
6086 3979
-2786 -2895
5961 -5867
1312 4053
-7986 1361
7983 1209
-1578 -3356
-5327 -2308
1702 4783
-1730 4213
6129 4413
-2710 -2689
-1394 -3211
-7139 -353
574 4409
-4831 565
-612 4623
-2398 3564
7166 -1661
6307 2566
-2619 -1291
-1849 2898
5567 -3796
7276 4651
-3369 -5668
-5981 -7344
-5651 2212
6959 1017
-3310 -4743
-4689 5267
6224 -8036
5179 6419
-6326 -6532
1654 6674
-7819 1288
-6932 2858
-1019 -3278
7165 1300
-2310 8257
7122 -1185
680 -479
3503 -2074
5149 -4195
6170 6600
1486 7143
7018 7216
3351 2783
1262 7213
630 4450
4191 -5431
5144 -4071
3469 -2341
-6130 149
-2198 -5619
6366 768
-5825 -5216
-7682 1021
1327 3928
6033 -5619
585 -566
6096 -1868
-4868 5379
6640 -1139
6070 -1897
-943 4174
4069 -3234
1148 -362
6844 6761
-2761 3048
-6745 4192
3152 3487
-5653 -6815
-4676 892
-2543 7815
-3559 -2731
484 -596
852 -6226
5338 -4833
-6091 3934
-7936 2031
-8443 852
6419 -1703
7125 1452
-2267 3812
-1448 -2617
7006 2717
-2516 3435
-14 5003
-4205 1939
-3632 -2029
3176 657
6303 -5735
-2502 7194
-5466 -6380
406 121
-1353 3719
1440 5189
1075 -4835
1817 4631
6635 -6867
-6853 3231
-87 -372
241 -461
-3204 -4140
-3091 7907
-4331 881
1238 2788
5314 -1073
-3105 8142
-4973 -6658
3031 1052
2541 510
-1396 -1404
-1529 -2909
5546 1297
3279 -2691
7713 1223
1156 3653
2708 -173
990 3782
6810 772
4178 -7453
1625 7290
-7735 1570
-6580 -5818
-1993 -2942
6979 3885
2745 3589
5324 -1883
-3919 -636
-5211 -1845
-29 -1147
-4792 5084
6077 -3872
1719 6690
-6920 -935
1358 6701
3012 2922
-6183 -6428
5796 -4749
-4075 879
7426 1577
-5801 2508
6825 -2140
-7469 -689
5884 4310
-2443 8171
158 -4997
5774 -6454
5149 -5145
7153 1487
2190 2578
-7792 1603
-2328 -5190
5250 -4278
-2780 5976
6022 4797
-7957 1743
6664 -6697
2930 -2964
6097 3789
-3343 -2229
5639 -5938
2797 2772
-7807 2191
2881 3356
3355 105
6400 3762
1486 -6202
2084 -223
207 -258
1143 4542
-1360 -2303
-7920 -4253
-1001 -2240
4831 4608
-7316 -4835
-1397 -2304
-4371 4318
6842 1322
1491 7175
-4036 1056
-1052 1687
-1038 5605
-6630 -4871
823 -4795
4193 -2359
-6958 4164
-6010 -7033
2462 10
-4423 4554
-813 6016
-4902 202
-7006 1993
-1816 7190
-4337 452
-2286 6518
-6302 -533
2317 275
-4476 -254
2709 3482
-1224 7083
-4366 -1315
-7115 2463
-8287 -4857
-1649 3032
-1689 -2541
-7872 2211
-2055 4391
-3776 4783
2195 -2331
-55 3953
1787 5665
6192 470
1337 7349
-1978 -2421
1744 6306
3280 2221
-6089 -7150
-1940 3653
4939 -651
-322 4010
-1101 5801
-2285 -3423
1160 -5538
-3441 7943
-2083 -5242
-74 -2711
246 -5795
7085 -6429
-160 2813
5091 6611
4095 -6159
3408 -3841
3487 -2567
-5626 1158
-6281 -6243
-4040 4659
-1807 4166
-1584 4116
-8460 -4794
6894 1220
881 -6318
6718 8928
5688 -6126
-2164 -4410
-2643 -4004
-7423 857
-6749 -354
7765 7604
6203 4719
626 244
-2785 2762
6102 825
-1394 -3375
-5386 -6400
6670 -742
1421 4549
-6249 -1180
3438 -64
2905 632
5115 7842
1447 4553
2970 -72
-1013 2307
3275 -497
-6784 -1468
1093 -789
-8619 2117
-8144 1106
5936 4784
3353 -3581
-2782 6379
-1486 -5011
6969 4082
-6788 -390
2972 4630
7501 -6782
-3788 -1638
6235 1206
-2465 -4942
6356 3863
-6216 4904
-866 -4184
-6844 3360
7104 7783
6791 674
1682 3771
-1779 3881
2419 475
-7972 -4835
-1547 4781
2619 -3884
6692 9267
2871 35
2148 -464
-5422 -6076
-7160 1480
3067 3868
563 -6817
-2406 3165
6564 4280
7020 655
778 -811
6671 -1291
5205 -7791
2936 -2408
-835 3095
2617 612
-6527 778
2802 446
5389 -7542
-6268 -202
-7144 577
589 -457
-2826 -5568
5653 -7435
-5475 -5966
-3336 7478
6657 4177
-3649 1346
-7702 -4990
5543 -5982
1482 7154
-2295 7472
4908 7119
-2496 -2664
5997 -3869
5018 -1956
6384 7302
-2175 2839
-2316 9245
-1418 6654
-2699 8127
3140 -2827
983 5123
-7219 70
6584 830
-3002 7872
-1473 5047
3437 2609
-3557 -4911
3585 4526
-6537 -539
1150 5927
7088 838
-7350 -7
2917 -3126
-8345 -4164
7848 -7515
6800 -3899
1394 7411
1483 6866
-8301 2851
-4682 939
3043 -3093
-2738 -5455
-5797 -628
4113 -6197
5359 7359
5385 -6139
-2650 8143
-8231 -4325
6495 -7147
7339 -7169
-4998 1058
1381 222
-452 4437
3101 5315
6547 -6766
3507 2459
7014 1133
2324 837
2567 220
6695 -5128
-4142 4298
-1454 5318
-1593 -5477
377 -6122
5186 7203
-8775 1320
431 -6948
-2689 -2037
6593 3752
5576 -719
-1451 -3236
-2570 -5056
-3068 -5305
-5812 -6628
-8177 -4416
5442 -4437
835 4559
1090 -7355
1105 -772
7384 -8375
1747 5520
-7233 -208
7565 6833
-3873 746
-7455 -4861
7142 1968
1332 7415
3288 3386
-4493 1165
4525 -3032
-2326 -596
7457 555
6267 4637
1336 3338
-903 3460
7330 -8097
3296 3735
-5013 1011
5910 7272
6690 422
4636 3866
4647 -6259
3679 6898
4785 6124
-3348 -2143
2534 162
325 -5525
981 -5376
974 4876
5798 4684
-7916 -4650
-2939 -3334
3605 -3931
-2607 7297
-1254 -2512
4491 -5116
3841 2997
3307 -2942
3007 -2955
4593 -5450
2693 2271
-2012 4578
-1456 -5469
1038 4997
-7328 -5070
-2638 -2395
3249 -3578
-375 4082
6473 6766
-8428 -5043
7161 9108
5875 6479
-8060 -5295
7416 1050
3439 -4500
1397 5720
-2112 -2514
-2279 7319
-3036 7802
-6868 -297
1782 4621
2660 -261
-4964 4544
-1637 -4707
-4570 5016
-5873 -6372
-2218 7992
6894 1241
7166 -6714
6996 6747
5156 -4270
5243 6975
-6150 -7263
6206 -691
5992 4889
-8647 1431
6416 642
5388 -6287
7443 1046
5765 6149
7249 1478
-4726 5353
-4161 1467
1152 7233
5603 -6125
3818 -6857
5215 -6973
2879 -3867
4778 -5310
-2315 8290
346 -7453
7275 1318
4413 -6914
-4180 634
-2292 -4728
-8363 -4925
6116 8150
5729 6716
5760 4543
-1708 -2550
-8342 -4665
6456 4194
1561 7045
-7550 4523
1584 6694
1676 6980
-2922 7409
-7389 -4561
6761 -7346
512 -4860
-6500 -6392
932 4234
2118 3600
2287 563
200 -526
3234 3588
1283 6917
233 2340
2127 406
5532 5767
6850 5918
349 3334
-6304 -6072
5237 6658
2511 4414
2817 764
6532 -7018
-6857 209
4834 -573
1388 7310
-4642 942
-2675 -4865
6694 -6896
5017 -436
-7049 4320
-7893 2612
-2930 7027
-4566 5174
-7726 4717
1729 7361
-3296 6902
-2591 -5644
2814 -3264
-2450 8606
6014 -96
-2612 1574
-3697 2031
-818 5340
6210 7361
5355 -6296
-3604 -1370
1530 6728
-5521 -6567
-5502 -6551
4612 5805
2424 2882
-4610 -929
-2996 4752
1150 -567
-4916 2097
1738 5191
-935 -3606
7077 8076
5233 -5933
6227 7641
-1623 4293
1491 4364
-4224 -1347
6909 -4320
-1838 -5515
5897 5119
1940 -4107
1016 -3401
-5985 -38
1851 4804
3699 4743
-2361 8791
-1954 6296
1129 -6284
-1779 6402
-2648 5719
-3268 992
-5879 -5755
-5611 -1901
-2625 229
3069 3579
2316 -2896
-7854 140
1652 3450
1446 7103
6418 3883
-1965 -1514
-2397 5180
-5257 -844
5331 8523
990 -208
2426 3757
-7608 1982
5889 1535
-1120 6294
-7660 119
5975 4846
-1727 -3256
-7790 1907
-761 -6753
-1203 -4855
-3064 8855
-6232 4444
-6024 -5942
704 -686
1381 6722
-2080 6344
585 -5992
-1778 -2801
-1902 6028
2783 948
5742 5524
6409 4116
541 -85
-8471 1888
6929 4810
-1732 -4712
584 -5091
-2031 -2550
1012 -425
-1801 -2156
4376 -117
-2792 -5440
-1800 -2312
771 -5829
-1767 -4781
5364 -7046
-1505 6999
2221 1089
6754 8042
6783 4316
-61 -521
1690 5364
-4535 1220
4351 -3962
3362 2511
2519 707
-4205 929
701 4897
-207 3629
-4411 5434
5754 -6110
-5030 1782
-3274 -2729
5329 6950
-6530 -6263
7613 1189
6083 8354
5761 -3645
-1477 3349
505 174
-4930 5036
829 -801
-4301 4887
4968 -7071
2558 2570
1581 -5057
-4740 -1603
-4043 1186
-8081 -5368
-3375 -5930
-3905 1362
-5417 -6959
933 -1117
-5469 -6629
115 -5520
-3199 -293
-6614 -390
7094 1156
1085 -293
1193 3991
6745 4789
6697 4402
1538 -5481
-3443 4657
-7815 -4390
-7827 -4928
2664 -21
7025 -8165
-4573 959
2559 4440
-2785 2305
-5806 -6623
5895 7029
1292 6861
4062 2520
6476 4021
-6919 3842
-1614 -3223
7223 5728
4784 -1748
-4535 5610
-2426 -5544
-2563 7600
-5231 1777
-1338 6421
1811 4829
736 -968
5076 -1691
36 -6335
-7638 2683
909 -5543
5948 3923
-2362 8042
-1529 -5283
6911 4601
-4625 1185
5847 -6685
-2155 -2903
-2592 -4689
598 4241
-6072 4336
5764 -6454
-4179 979
195 -386
-7591 -3967
6308 -4658
4400 3411
7050 -7381
2434 -3209
6824 -1265
349 3808
-6549 -335
-78 -6532
-7924 2386
2081 4994
-1016 5805
1116 -6042
-6297 -1004
-8818 -4695
1939 -2027
-3157 -4933
1414 7006
1431 6798
-7569 -4674
2998 -2993
-6936 -4993
5470 -1426
-7305 1680
5980 -1704
-3384 -1961
5794 -897
-1972 5621
841 -857
-2917 -5981
6218 -838
-8138 2252
-2279 6309
1982 -2948
6747 8290
6360 4866
227 -1159
-6800 -679
6494 -3836
-4894 -5491
-2256 6835
7229 6573
-4414 3832
-5888 4337
1317 7375
950 -953
5170 -1091
3879 4238
7445 4021
3867 3211
-1859 -4439
-6922 -133
-4402 320
-5848 168
-7564 1507
6767 4753
460 4651
2460 311
5107 8144
-794 3083
3087 -3291
6150 6630
-3840 4275
1179 6764
2924 2901
2254 4744
4879 -6775
-1195 -3465
7164 1179
-911 5589
1614 7257
-1241 3786
-6261 -6838
2044 5354
-2803 7550
7046 -6885
-4812 5199
-1572 -2814
531 -1508
6282 -1419
-8733 1358
2700 409
-2347 -4803
6005 549
4767 5297
-4821 -3265
1651 6916
-8178 1390
1582 -196
8048 8546
6762 4547
-3601 785
5950 -6627
6424 1626
2283 2952
-7419 1262
6571 -3951
6904 4575
6395 -590
-6054 -6994
56 -5459
7291 -7821
-7949 1698
7087 -959
7312 -7938
-2552 -4156
-3287 -647
-2854 4773
6701 7598
-7970 -5177
6512 -4420
1101 -152
5886 6577
1661 -6661
-6847 5436
-4939 4739
5770 4881
-751 6267
-2082 -2702
3100 -3343
4215 7272
-5873 -6691
7330 7340
-4370 5586
-413 -2364
-6935 -628
-4814 -5564
1715 7491
-2899 -331
2891 296
5674 -5625
-7639 1329
-2066 7962
-7218 -4609
5707 -7484
6406 -6812
-2996 5389
-1677 -2712
-3345 1210
6565 4847
8146 6745
2220 5055
5011 -6184
-1241 3377
328 -77
-5787 2034
-4238 1413
7468 -8146
-6097 -5949
-248 6997
-1743 -5607
-8129 -5674
-6566 2509
-8043 1941
2129 1371
-2266 -2869
-2357 5402
7082 1701
5824 -2180
2003 -2718
-6213 -6466
1468 5521
1621 6655
-3758 7067
2797 -3259
6028 4842
4114 3386
-6280 -6632
6206 4638
-4187 5443
-6827 4052
-8555 -4579
6027 4427
3861 -4484
-2174 8695
-2445 -4601
-7382 4027
5926 -7817
5575 -2252
-1265 -5340
3155 -2928
-1394 -2387
-963 -2926
-2641 7482
5857 -1475
-2220 -2666
-5713 -707
-8559 -4932
6380 6183
-6953 -599
6209 5896
5656 -5739
1764 -3049
1450 -6159
-2421 -4952
2568 382
3698 1506
6796 -4544
-7198 -6404
153 -5506
-3851 3693
556 -5756
-7380 -4855
5270 7198
6059 -8793
6395 9454
-2152 7490
-3542 4871
4453 -7351
7120 4666
-2790 7604
-3158 -4985
-7954 -4467
2931 757
7596 7294
-5184 5205
5759 -1657
4709 7470
6864 -7203
-3206 -5109
-3397 7841
-6431 4939
165 -6030
-5908 -7119
1311 7054
-7137 -332
6947 -8185
-3053 4044
-2640 -2794
342 -478
-4077 833
5524 4168
-6995 -5825
-1600 -4601
-6468 3275
-1887 7376
-1340 5705
2859 -2722
6031 7147
-741 5865
-8806 3597
1492 3257
-1842 -4015
6363 -3825
3096 -2624
-2885 6747
4050 3810
-7451 -4375
6809 -545
3412 2058
-1260 -2383
-4421 4394
1911 -3357
-5995 947
430 3582
-7111 1726
-3192 -1995
-6964 2840
3874 -2140
-7726 -5205
-3798 1099
2048 5507
6418 -4234
-3851 746
5730 -1888
1273 -674
2797 -386
-7350 2298
364 -469
5417 7654
7187 794
5376 -4963
-4740 -517
1702 3300
-4357 5567
1933 -4639
-8078 2384
-1789 -2076
4986 -6311
1074 409
5218 -4196
3736 -3349
2732 364
708 -6307
1477 7411
5591 -1801
4029 -5269
6314 -6987
6649 1073
6323 540
-5543 -6585
-2185 -5379
-5384 -6181
2918 4863
6934 -6783
4942 -3908
-5292 -1302
3071 -3238
-1643 7509
1576 5989
-3106 -2353
932 -5717
7325 8082
6679 -7398
-4632 3970
4156 -5177
5564 -4612
-3490 729
5247 4584
6035 -6609
2801 239
-5034 -383
1244 7478
4863 -7175
6206 6424
6295 4236
6569 -4664
-8072 2008
-3071 -2185
-2812 7918
5182 6009
4912 4058
401 5527
692 -1696
-1686 3475
1090 -865
1429 4465
-6883 -278
6527 -3824
1621 6863
-7104 -4705
-4016 1048
5172 5959
-6376 -5723
-7412 2113
1692 -3675
-1107 4379
2342 737
2827 444
6497 4347
-2812 8122
-6507 38
6530 4402
333 4688
-1858 6756
-3068 8371
1275 4996
-4380 -7233
1431 7091
2906 3936
-5984 -6351
-1332 -2196
1648 7112
-4276 -762
-7716 -4858
6230 2406
5978 4459
-228 3707
-3266 7788
1283 6760
-2563 5431
1309 7166
-1403 -4014
5598 -5951
5319 -5915
-3978 1386
-4295 3835
6932 1032
7064 -4741
-8064 -4830
7435 -5565
149 3871
1504 5663
5895 -6349
-2341 -5321
3030 1689
4073 2898
-7396 894
-4012 1716
3788 3910
-5701 -6584
6383 6762
-1292 5908
-808 6548
-7283 73
7275 -6472
-1257 2666
-6044 -6449
6188 4548
6511 6516
-2953 7507
6662 2026
-1845 -5767
-7438 2390
969 -434
7606 894
-3578 -2753
-3921 7607
-7661 4473
1194 4743
-1083 5879
3131 375
8211 -7654
5497 5301
1364 5284
-7133 -113
2143 2984
-4481 2196
4460 310
1180 6763
4827 -6496
-7080 -5038
-1779 -5388
1161 -5942
5198 4663
6072 7392
3279 156
-3703 -1401
-4060 1123
-8490 -4792
6093 4210
828 -888
-7970 -4589
2033 -6649
-7854 -4420
7776 -7221
1150 -6059
532 2921
-2636 -1943
6338 -6979
-734 5594
-1152 5428
-2645 5967
1258 7194
-2365 -928
5320 7168
4911 5698
1351 -5481
-6317 -7476
1638 7145
3503 -7432
-3818 -259
-4087 352
-1404 -5402
-7439 3098
-7637 2179
-7189 1352
-4303 4410
-7688 2216
-1664 4975
6734 7788
-1641 -4490
4891 4483
3795 5669
2556 1848
5825 -1272
-2069 -2347
3670 -3308
-8037 1424
6805 5554
-7870 -4799
-1300 -2847
5579 -5598
1454 7162
1123 -6375
5438 -5683
-7975 -5300
-3561 5197
-1386 -4504
5832 4418
-4584 4762
-2423 -2551
-2149 8033
4081 -5742
5084 -5666
7365 4697
-6601 -4857
7261 220
6934 8510
-1297 3580
1055 0
-4064 726
7152 -6804
-3730 -397
5310 -6646
-4202 1273
-6341 4323
-791 6578
3510 4143
-7001 1365
-7772 1889
1477 245
-7229 -5339
7549 -6823
6823 5068
-7588 -1822
1327 -6472
2459 2469
-5215 -1782
-2706 2566
-3747 5457
-7007 -117
-1112 4339
5086 -4243
5629 -5819
5007 -6275
5842 -2287
5886 -6440
-3798 5783
6078 -5540
5125 -4728
6973 7822
4164 5738
4425 -6114
-7277 -76
-7953 -5475
6126 -6808
1449 3688
2448 3195
-7394 -4906
6756 644
5735 -5028
2732 -3965
-2594 -2444
-807 5888
-7985 992
2858 466
6461 4230
2484 -4745
-5240 -6362
1354 7001
-4714 346
4443 -6382
321 -666
2097 4727
-1422 -3179
-1562 -4947
3243 -2618
5237 -242
-1761 -5236
-6039 -497
7612 7381
-989 6403
7744 1362
-2648 -2128
-2200 4548
5985 6723
-2985 229
-6198 3351
-490 -5608
1098 5036
6694 4225
-2002 -4724
-3046 7545
-2328 -2470
1046 -5675
6158 3916
6797 936
3669 -7163
-7975 -4197
-3131 8073
804 -968
5928 3974
7966 7816
-5755 4215
-3674 -1105
2232 4859
7130 788
-4953 -1385
6506 5941
-2773 5155
-7659 3989
2366 572
-7605 -483
-1902 -5508
1228 4974
-657 6284
768 -4944
5668 -1527
-4206 2006
-1959 5866
-1747 -2586
5564 -5825
6026 4657
6565 -7054
1826 3322
5371 -1482
1592 7104
469 5281
-7484 2038
4629 -6308
-4977 5278
-2259 4687
8436 8239
-957 6115
-6788 2442
5440 -901
-3144 4570
-7544 -5266
-8313 4983
5137 -4689
-5965 -5514
7825 729
8351 -7247
-8243 1316
306 82
2855 -131
-2300 -1747
-5980 -6427
6389 -4128
6751 -8171
-7778 -5416
1340 -5973
-6638 5269
3740 -2530
-1151 -1772
-2558 -1994
6453 939
4783 7855
6707 3462
7474 1645
-4448 5700
2199 1035
6045 -1401
-2792 5486
-5214 1508
-3796 884
-7222 4111
-1645 -5066
6957 6382
-7019 1437
-6393 -6149
5596 8691
-1051 -849
2498 4428
2996 859
-3621 1362
1866 -1485
177 -241
6879 -6890
-1324 4641
5512 -4268
-2008 -5202
763 -840
-6810 -41
-3123 -3189
-6489 -107
-5295 1772
1488 6120
-2296 6238
-3710 2518
6472 -3665
1159 4687
1250 7201
-6380 3368
-6455 -6572
-1558 -3430
-3482 -5556
-6383 -226
-2724 -5546
-582 5040
5405 -4488
5405 6398
-7732 1898
5288 -2295
5175 2890
-5537 -5772
3656 3699
-3076 3898
3303 593
4555 -6274
4287 5420
-6949 -5548
-1177 3091
2939 -2775
7216 -99
3814 -3547
6649 8520
4878 5400
6411 -69
-8426 -5023
2457 4655
-90 -664
4213 2870
7062 1616
2420 783
420 4430
-7162 -4401
-7798 -5844
-7339 3330
3951 2802
5664 -680
1995 4478
-3929 1363
5853 6543
-3247 4981
5231 -5213
3447 3357
-3157 -422
-2910 8304
-2058 -5124
6617 6664
3763 -1741
-2509 7809
-2885 7883
-7861 -4777
-7351 2727
1661 6879
-6511 -732
5486 6749
-2411 5198
6602 -7985
-3992 6691
7010 -1435
-4046 4912
-1052 6577
-2976 8597
2742 194
5197 -5272
-6406 -715
1874 -7073
2966 -2678
5706 7851
1075 -6414
-2187 -735
-4141 4631
3521 4313
3079 -3107
690 5516
-7567 -4966
3881 -5830
2547 -2040
1516 7255
-4275 -1502
-4781 1197
7808 -4216
4008 2813
6214 -1405
-5481 -6622
7674 7292
-6826 -258
1291 -6022
-1508 -2095
3353 -1736
5408 7085
4247 3319
6477 922
5935 -1831
-7400 -4868
-1471 5053
5467 -4202
2159 -3889
5675 -6892
359 -5651
1425 -1128
-660 4377
-3553 1429
-4094 4103
-8066 -5042
3976 -2781
-1756 -2891
3330 -194
-2095 6776
2964 771
7332 7819
-4415 -1475
-3032 -1501
3524 5209
5594 -1102
-3468 7557
425 4400
2281 590
6576 4472
2179 -2734
64 -6199
6856 -7110
3486 -2725
-1813 7540
476 -463
-3772 5055
6511 4486
4821 -6694
7067 -7097
-7734 -4565
4679 6139
6062 1647
-6504 1676
-5871 4040
1969 461
-889 6423
1729 5436
-7563 -4817
-8613 1072
-6396 -5628
776 -6270
6167 -6219
7564 -7347
1818 7466
6192 -3109
-4198 -1909
7073 -7914
439 -348
4906 -5530
6923 4821
-8388 914
7079 8485
-2317 5789
-2115 -4918
-6785 4009
-4568 4633
-4792 4751
3292 3715
-6579 -389
7334 499
-8219 -4866
-2229 -1391
