100 287 4117
0 0
-6887 6744
3316 2578
-5402 -7066
-3305 1879
946 2383
5865 2917
-2594 -100
21 6682
9939 5387
1794 -7614
1704 6957
5230 7968
-7861 -7762
-5504 -3955
4658 81
487 -3153
6993 7406
-7593 -9538
760 -1120
9696 2255
2172 9099
4019 1751
-4242 8655
8950 3101
4202 6268
1993 779
9483 -3220
-6875 -1534
3696 -1793
6685 -3413
5312 5595
6994 -401
8469 -6098
8258 6693
-5477 8929
-3004 4648
8228 4009
-7294 8962
7339 1063
-1099 -1434
-6474 -6000
-7439 -4831
7499 -9128
-4698 6715
-2962 7072
-6618 4929
-9712 7824
-1943 -2328
-5875 838
4319 3141
488 5113
-7869 4842
2942 5615
-1692 1571
-1646 -8544
9360 -8005
2221 -894
-9891 -660
-2017 -9544
-1534 8610
6022 -1524
-7099 -3508
4041 8355
-2610 9822
-1100 -7352
-6064 9978
-3697 -5407
-9637 1853
-596 7971
-3366 -2428
317 4009
7862 -4675
-4931 -1990
9388 9879
-9992 -7035
3244 -116
-2900 3242
-3985 -1377
4921 -7141
4650 -4363
8372 -1704
7230 -6894
-5737 -1151
5725 1845
5126 -8423
-1862 -5151
-1621 6215
8973 8366
5906 -7591
-1491 4682
4608 -5469
101 -2200
7503 9326
5507 9593
-1140 9596
-2272 -3482
1367 -5641
4102 -3088
-3107 8692
1 6 278244
1 8 3871197
1 20 956738
1 27 3666203
1 41 3698171
1 55 752755
2 36 958589
2 39 4305616
2 45 1045471
2 47 4171579
2 48 4138353
2 53 3433719
3 6 1037551
3 23 1515027
3 27 2470800
3 51 1432907
3 54 4168436
3 72 1496416
4 14 4868169
4 19 2409242
4 42 868293
4 56 9834641
4 60 6848885
4 68 4726638
5 8 3197487
5 47 796756
5 50 1861181
5 55 312511
5 78 2734893
6 27 3958361
6 55 2503904
6 72 898221
7 32 707674
7 38 369520
7 40 896958
7 51 2282684
7 85 2693328
8 41 856630
8 49 5479734
8 50 6655122
8 55 651191
8 71 2248876
8 79 4496061
9 12 260360
9 52 854457
9 70 1418714
9 88 545788
10 21 943057
10 25 1284979
10 28 8680773
10 35 3014660
10 38 656810
10 57 1384659
10 75 1697482
10 89 2447729
11 56 7060074
11 60 7503381
11 66 6146830
11 80 2733008
11 86 6976738
11 92 1730234
11 98 469690
12 22 1601295
12 26 439960
12 52 2598967
12 54 1685335
12 64 2562850
12 70 3238102
13 18 370865
13 26 1927662
13 32 566245
13 64 700821
13 94 2345195
13 95 906126
14 19 635894
14 42 2395957
14 43 1647558
14 76 2813928
15 42 3968680
15 43 4653423
15 63 2962137
15 68 4666339
15 71 1642222
15 74 3592786
16 23 3997592
16 30 623502
16 33 680340
16 62 4336238
16 77 176586
16 85 488483
17 20 3302017
17 30 5329437
17 49 894025
17 58 3156523
17 87 1948046
17 93 580385
17 97 1640092
17 98 1865051
17 99 891737
18 32 426756
18 35 255294
18 89 2033053
18 94 2246934
19 60 2085447
19 76 4225112
20 27 3405073
20 41 3140571
20 58 1572660
20 93 2393828
21 25 280952
21 28 1089712
21 40 6581698
21 82 5840976
22 64 1610459
22 70 5396973
22 95 2709801
22 96 471954
23 27 1072098
23 51 1064407
23 77 562980
23 85 1346817
24 36 405820
24 45 1472346
24 46 1959082
24 65 1510977
24 67 287909
24 100 387177
25 38 2781945
25 40 1783561
26 32 2276909
26 54 994324
26 64 3226349
27 58 645907
27 77 2139000
28 31 6990294
28 34 1176313
28 57 1372200
28 73 1233915
28 82 261761
29 50 298341
29 59 5457079
29 63 4598867
29 74 1030463
29 84 1161411
30 58 1716430
30 62 3204686
30 77 1372090
30 99 3199232
31 62 2456794
31 73 1078065
31 81 767736
31 82 689219
31 92 969124
31 99 319705
32 35 7169281
32 38 2115937
32 51 6592642
32 54 253168
33 40 1748989
33 62 518826
33 82 1062285
33 85 938851
34 57 2741175
34 73 199028
34 83 3450348
35 38 559381
35 89 459395
36 39 4351954
36 45 5527455
36 67 1735069
37 45 1472415
37 46 4335596
37 47 5389686
37 78 187422
37 88 4931389
37 91 1832483
38 40 2594867
39 48 2786299
39 67 3393846
40 82 5550778
40 85 2345283
41 49 1677764
41 93 1816772
42 43 3137017
42 68 485900
43 59 3940740
43 63 1887496
43 76 1885269
44 57 713536
44 60 9917713
44 83 502525
44 86 1321407
44 90 3000908
45 46 350760
45 47 3200137
46 61 1037494
46 88 1959696
46 100 2210783
47 50 3771381
47 53 594695
47 78 4763827
48 53 7077816
48 59 4773974
48 67 784544
48 69 10252346
49 71 1362297
49 93 556263
49 97 1544297
50 53 5583752
50 59 1612956
50 69 2372897
50 79 496754
50 84 1143969
51 54 955522
51 85 2916327
52 54 3413614
52 72 272648
52 88 1349920
52 91 418822
53 69 2754796
54 72 866745
55 72 3183794
55 78 237440
55 91 775200
56 60 1959740
56 66 1161439
56 68 619990
57 83 1963497
58 77 248406
59 63 8614186
59 69 5482974
59 76 3577029
60 86 5158185
61 65 3059428
61 70 1940598
61 88 908366
61 96 1012416
61 100 159523
62 82 5043547
62 99 2784947
63 74 552269
64 95 445740
65 67 3672484
65 75 6855570
65 95 16668450
65 96 269837
65 100 357593
66 68 533342
66 87 2197087
66 98 5519379
67 75 3863562
68 71 6809407
68 87 4440030
68 97 5506400
70 88 3124916
70 96 833554
71 74 2211542
71 79 2632803
71 97 2441461
72 91 736874
73 83 991080
73 92 8283754
74 79 271657
74 84 173855
75 89 365555
75 94 3726639
75 95 4592870
78 91 4498938
79 84 2423913
80 83 1519771
80 86 2979166
80 90 627704
80 92 2672476
81 92 1373392
81 98 6721225
81 99 2467001
83 90 3655964
83 92 2121478
86 90 212484
87 97 203036
87 98 460851
88 91 763550
89 94 2983892
92 98 4674147
94 95 4031746
95 96 7622558
98 99 1096412
3264 -7809
3474 6929
-5906 176
2385 3124
5609 4927
-4475 3517
4598 4986
-5748 -4231
-6934 7042
-2789 5420
5754 -5919
6803 6619
-3957 -6299
2502 7007
-6498 372
5112 -4968
5241 -1707
3957 -6367
7802 -2907
4442 -2329
-4939 2889
5961 7261
6875 -6507
2027 5911
2468 2113
-7537 -5537
8613 -7057
6243 -257
840 -4603
1803 2560
5543 59
-1276 -5830
-25 -5103
-7048 -5174
-985 4356
-7896 3815
-983 -6300
-7209 -5254
4953 111
6170 3875
-4056 -1747
-3745 6681
77 -3630
-5964 233
3026 -7497
-637 6184
7156 -3210
-3732 -6946
-4878 2979
6676 4162
-7083 -4609
-6292 -1839
4708 595
-1040 4578
-3487 1369
7218 -7661
-1104 4650
3213 -1570
-2690 2149
4030 3150
9329 -7935
3549 6881
1645 -4374
4400 6529
-2803 4396
3100 6979
5499 -344
7828 -6768
3666 3019
-3835 -7484
5913 -6630
4882 -4758
-2910 1470
1096 2384
2203 -7668
-6231 -5371
7260 -2354
-4302 -2793
-2554 6908
1622 2847
-4225 7335
-2878 1097
-3540 -6033
7623 -2604
4438 -3914
-6103 255
1582 2052
-4851 5516
-3667 -6441
4131 4094
-5915 7994
628 -4451
-7026 7597
7154 -226
-6980 -3793
-2727 1930
-3817 -2061
1417 7682
-2842 -5697
1011 5266
-4236 -7063
5358 -122
-2056 8992
4674 -3245
-6669 -2104
5370 109
-6145 -2090
-658 -1204
3358 3037
3410 2846
-4803 2792
7873 -3613
1002 1838
3509 -789
-825 4522
-5388 6222
7681 3949
8552 -7013
-6492 -4990
-1368 -80
1428 -4706
-6758 -2181
7751 -2146
-5150 6670
7554 4610
-8052 5293
534 4091
-2035 9547
6408 3017
-4939 6265
-5640 917
6442 -419
6782 -1423
8175 -8213
-1082 3999
-827 7517
8561 2789
4229 3396
5154 279
-8351 5158
3705 3098
3950 3365
470 -4120
-3438 -6129
2793 7215
7029 3301
-7539 3607
-6816 -4788
-4227 7322
5902 -6821
5263 6386
-765 -6001
5447 605
526 -6580
3366 -2806
-6684 6861
8425 -6800
2580 -7233
-2512 7540
1085 -4146
-2724 7862
7330 2551
7429 -3532
1047 7153
-6520 -2197
-2713 -859
-3172 1944
-2531 7630
1971 4163
-3513 -5484
7832 -2648
4345 714
3777 -4140
-2483 1677
-2189 4310
4951 7129
-6225 -4850
-3075 8120
-4550 4776
3068 6147
4790 -4604
-7713 2616
-1120 -67
-1669 -7288
-996 3970
2601 6726
-6616 8451
3511 -7196
-6075 8333
-7729 4940
-4261 -6581
-2793 1625
-7819 -5351
-5141 155
4123 6909
3718 3623
3516 -6412
-2432 -5857
1279 4335
1905 -4946
639 4418
-4459 -6262
1301 -4587
-3448 -2648
-1462 3793
474 5367
2889 6528
7960 -4988
-3801 6065
-306 -1259
-2992 7281
3005 7585
-6730 -1789
1592 -1945
7629 -2785
110 4800
-1387 4175
2576 -6712
-2429 9022
7053 -689
953 6780
7633 -8298
5614 7092
-1096 -22
-6590 -1619
-6514 -1919
5844 -4514
847 -6427
6515 172
353 -5065
-2186 7981
-3892 -7453
1309 -4293
4171 5642
-2661 1915
-3569 4387
-26 6908
2621 6125
2857 -8326
-1787 5540
-1859 8158
2313 3824
2269 4546
-286 -5294
-3414 -5400
-7524 5192
-833 54
2537 6175
-1011 5051
4340 5726
-3604 -6340
-6313 259
4295 -4275
-4996 3646
-2206 6733
-1178 456
6517 -593
3235 2575
8252 -1038
-3422 -7008
3432 6798
8577 3318
3708 3006
3226 7166
7176 -2334
5999 -5114
-7281 4736
7346 -2991
-3456 -1099
1605 5659
2429 -2884
3874 227
-2684 -5766
3489 -4021
5231 7130
781 -2223
5254 7774
5797 6151
7837 -3316
-8325 4379
160 4441
-4909 2775
4726 4379
4038 5019
194 -1818
2736 7010
4719 -375
6301 -4806
3316 7485
-499 -680
5109 6447
-3684 -7324
-6929 7719
2995 -3229
-3696 -7196
4263 7539
3153 3223
7400 3833
-2736 1955
-6250 2764
-1087 -344
2297 2875
3509 3284
-5969 -2051
381 -2435
-5111 -6653
3144 5319
-220 5175
2408 -8152
-1780 5018
3658 -1777
209 -4977
-6519 7351
951 5884
-6713 -1829
1418 5011
-5705 202
3003 6970
-3094 -6803
3354 3112
5195 5111
789 9383
-2762 2114
1581 -2744
2243 4587
1119 1469
-773 -164
7715 -7580
8524 -1227
-1139 -142
3254 7263
3007 1836
7526 -1305
-3749 4502
6157 -5701
-358 8817
-2344 7930
-6074 497
6473 -6963
1130 6018
-6109 7255
-1461 3825
-4150 -1657
261 -953
5174 -4060
5881 -6814
5062 3921
4536 350
-5186 6917
-6764 -2129
-1475 5033
4056 6289
4898 -4890
2215 -1617
-3366 -3790
3973 2633
5631 7219
4983 613
5816 8595
7603 -7687
-3 7781
7719 -7121
4688 -3902
1334 2474
3842 2704
4846 52
3089 3451
3900 7476
-7089 -4365
-3263 -6932
-6394 -2540
3943 -7997
-7397 -5070
3129 2916
1616 -5400
-2068 6908
-4760 3578
-725 4015
1095 2374
974 -4658
900 7013
-3037 8405
-6400 -2088
-6203 330
8098 -2486
3359 3404
-3540 2904
65 -2925
-3350 -6102
3896 3373
4660 -5347
3010 7444
-5245 3570
-8225 4858
2559 6876
5679 5908
-3911 -5673
4060 -8358
7643 -3240
2152 2963
7133 -617
7309 3879
4519 83
-6057 502
3348 6587
6969 3942
-6307 -1995
-2633 1493
2338 -2920
588 -5891
2497 5022
-4840 5944
-6361 249
-1196 4821
5876 -672
-132 -1533
-6188 6511
1355 -4941
-6554 7719
-4281 6982
2322 6716
7456 -8084
2767 -6497
-7671 -4997
8540 -552
-7167 3792
-6164 -2511
-6894 -4036
-6070 6832
7974 3127
-7601 -5023
-981 -49
2048 8342
1273 -4832
-6513 -1815
3841 4424
3092 -2001
-2783 -3318
8379 -6237
4832 -437
-7589 5941
-6347 -2287
2520 -7909
6544 154
-126 7195
-6335 -2180
4748 -3013
-4253 -1472
-5036 6343
-6596 -5279
-8877 4543
-6189 659
6311 -5469
-4111 3946
6154 -527
5750 7977
2079 6086
-1093 7617
571 3177
-981 -4881
-1063 -123
870 4334
5939 -7455
1400 -1844
-4687 5103
885 -3611
-6543 825
1317 2478
1384 4327
5071 -2
-1292 4522
-5393 5919
7628 608
-5187 5095
-4181 -6015
5323 -267
4941 -4974
-3925 -1607
124 -2475
-6068 691
6071 299
-1674 4039
523 7831
4165 -7066
5417 5167
2746 -705
6619 -118
-3960 -6314
-4324 3308
-5294 6635
2179 3091
7878 -2982
4247 -5078
-3374 8788
2057 -8009
-6538 -1677
-6178 -4477
8246 -3381
6153 -293
3835 3041
11 5183
3805 3019
-2676 1636
-5262 -2159
1134 -4793
-2909 -5907
-2979 -1659
-2643 -3030
-3525 7328
-6274 638
6693 -1730
1558 2022
-3168 1841
4711 418
-3555 -3230
4701 8400
4839 -79
7158 -7119
4066 2920
4920 6614
2459 -7801
1053 -4399
3002 7216
-6730 -5352
8031 -7528
3174 6256
-3017 -5273
5552 -6501
-709 -210
-2737 1690
5319 -6983
-2915 7677
7171 -1769
-7825 4608
-945 96
8660 -2529
-6626 -4295
1068 2757
384 1637
5590 -3481
-2892 -5675
3441 2526
-7371 5715
59 6851
5787 5978
-6431 -1999
-7529 -4724
7079 4155
-2248 2177
5177 -5475
4640 -336
-2504 -4634
7763 -2850
7362 -2210
6593 -5187
3081 5850
346 -4372
-2716 1417
6503 5731
-4744 -3030
-6243 7686
-676 -434
-1486 -2646
850 8650
-6847 -4644
4596 -364
-360 -906
1045 8167
4759 -5259
-6850 -2126
553 -5754
-6567 628
8127 -7305
-803 -5101
6552 -7058
7753 -2981
3229 3379
-7935 -4490
4802 6986
-1526 6891
2125 4038
8448 -8277
-978 3911
7277 -5314
7856 -8127
-4355 -2523
6962 -670
-3070 8036
2974 6507
-6539 387
-4117 -2083
3852 2522
-836 178
99 -2332
6971 -3552
-6342 434
-2926 8584
-5644 361
8993 -7329
-784 49
5060 8512
6973 -7387
-4883 5618
2714 3686
2625 5515
-8861 4660
-6193 -2018
7430 -6703
6394 387
271 4619
-6456 -2271
-5810 768
7594 -8733
-3581 -6257
-956 71
2459 7827
-2990 -6274
-6109 701
-872 82
-2516 7117
3316 2476
-6871 5018
-5261 3686
-2849 1806
-5274 4397
3264 2870
-6272 986
-6187 692
-3630 -1975
-4441 6872
1781 5499
3668 3264
-4567 3242
-4070 -5551
3614 -8717
-4680 5785
3916 3205
5136 5704
4185 -3013
-6690 -3845
-7865 4709
-1923 7924
1570 5446
-6623 7512
2876 6923
-5838 3511
-2818 2024
-7720 3078
888 -4139
9218 -1311
-2912 -1639
-4909 3469
-1047 4516
5458 -230
-542 4098
-4046 -5298
-1954 8420
5091 -5393
7866 -7330
849 7639
7307 -481
7478 -1156
638 -4449
3264 -1519
7742 -7738
-2438 8696
-5779 446
-7769 -3942
3943 3348
-6064 9220
3315 3407
-7188 -4132
2811 -7606
-6241 -1802
1592 -3626
1410 5296
5262 -658
-3595 5837
5456 5970
-6174 6950
2078 5550
-5183 9733
-7529 7197
-828 -95
5476 -6520
2604 -7894
5225 -192
3122 2670
7345 -7973
8341 -7014
3848 -273
4859 -263
867 8486
4250 3505
8022 -7071
-4315 7678
3635 5161
7422 -7121
-4267 2755
-3515 -6471
3893 2907
-4807 -2797
-1393 -2103
2065 5065
-6044 7587
7910 -3258
7012 -2141
-7169 5221
7257 -3105
-31 -2701
3059 -1820
4855 983
-5063 8309
-1760 8693
-4371 -2419
8697 -2969
3057 4389
444 -1561
8256 -7705
-6928 -4886
-713 4667
-3684 -2436
-5804 45
-953 -4964
2899 -1313
5841 -2990
-3092 1699
5071 -73
4667 -315
-5642 3023
-964 -4914
1295 -4019
680 -1382
4584 -355
7685 3011
252 2548
-1567 8148
-780 4161
-5442 3588
5053 -9
-4849 3317
-4504 7410
-1466 7081
6039 4573
-3490 -2236
1350 4783
7603 -3600
-2518 7767
-3028 7791
7241 -7625
7332 2432
-5961 91
7037 3340
6637 7642
8064 2992
-6202 741
1921 2151
748 -863
-3243 1584
5155 -23
-793 4421
7995 4728
3764 -6668
-2884 2066
3075 -4458
7017 -578
6384 -6412
2936 -988
773 7254
488 -4784
-1334 -165
-6590 -4122
-7464 3127
-826 -261
1889 -823
1514 -3907
7076 -5050
-2043 -5705
7136 -7247
4609 -4965
7591 -1420
-3019 1957
-5043 7639
4679 6970
-2548 8485
-2607 2052
652 2310
2308 4149
-1842 -7041
4677 -7194
-995 8033
-5684 689
7213 -2575
1112 -3899
5797 325
-6718 9077
-6348 8009
-6579 -1722
2857 7707
5408 -248
5304 -107
-4218 -6268
-5922 424
4975 8301
-3344 -1601
4068 -7845
-5930 681
-2702 7998
5368 6554
7191 -7739
-1672 -1251
-5914 8559
4184 2799
-4048 -5928
-5973 317
-5341 8078
4670 8638
4261 5865
4668 254
588 5053
3190 -1088
-2691 1992
6189 -954
7398 -7579
-2683 -2704
3472 3481
-2933 -6004
6384 2560
8083 -920
-5068 4519
-4548 -2612
-5497 7195
1498 -4551
5047 8141
2868 6459
-1549 -5743
5361 -6349
-3392 -6115
7237 4969
-3187 7996
-5484 6119
4036 -4607
-6906 -4964
-1314 7146
1438 4868
-3688 -6343
2808 -8691
-2948 1662
5197 -46
332 2300
847 8694
-2298 8161
-7230 -5435
-7305 4238
5556 1164
1061 -3820
-986 5361
-5467 3466
-5200 3235
804 -1615
3230 3684
-1287 8499
-1036 164
3973 4074
1646 7916
5851 -7058
7509 -3892
4313 606
3372 2781
1540 5812
-3307 -5520
6195 2747
5706 -2339
-6799 -4853
-6263 682
-8702 4351
-4012 -2605
-4036 -3074
841 8155
-7893 -4178
5713 -7006
1878 1996
-8828 3539
-6553 6737
5602 2993
-497 174
-356 -6296
3694 7752
7649 -3897
1475 8270
3657 6963
3296 2842
-18 7904
1082 3018
6662 3637
7852 -7448
1809 3341
-4223 -2681
5254 -5415
-183 8923
-7681 -5639
-6327 -4494
3745 4329
3192 3064
1023 -4273
5030 -5363
4567 4315
-4610 -2181
-5712 71
-2232 4700
-1514 331
211 6972
1855 -8171
-3990 6267
3572 -4343
3243 -7889
-5138 6961
-5319 3285
8563 -8779
1459 -2228
2699 -6442
-2782 7606
2287 -2197
-817 -6193
-5373 7496
-1112 4723
-3385 -2000
1920 5277
5844 2427
4593 6137
12 -5160
-5072 -6251
-759 -181
-3599 -6369
8023 -2955
-957 200
-6357 780
8152 -2422
-1317 77
6778 3056
306 -4267
1120 1260
-5643 286
1415 4757
1655 -3985
1227 -4341
-3183 5682
2835 -8280
-2337 1550
-6007 662
-270 8822
-4178 -1864
8178 -4111
6545 -6960
-6373 7603
4577 185
-7128 -1810
-1319 4278
3149 3122
389 5317
4227 -7055
2295 4888
-6227 -6528
8658 -7364
-2310 -4847
-436 -4815
-5503 3661
-6504 7084
3556 3214
-6716 -4799
1584 -4330
6374 -2381
3158 5742
1522 -4102
-1225 -5757
-7086 -3419
3082 2219
7479 3833
2546 -8430
-1 -8200
353 7016
1501 5527
8457 -2045
-2639 7850
-288 -1280
3290 -344
-4804 3168
7708 -7166
468 1684
3097 -8306
9053 -7728
5848 915
-3738 -5932
-5944 6761
-9074 4424
5135 8410
6996 -6684
5205 7853
-3143 4774
-6532 7549
4920 8233
5301 825
1417 4186
-8106 6931
2308 -1663
984 4379
-1066 -140
-2074 -6223
-4857 -6166
-1255 -6881
-5720 7875
1247 -4302
-4034 6703
7454 -3421
-6154 -1509
6789 3431
-5322 503
-1212 -925
-4634 -2505
-2700 8035
8356 -1477
8196 -2627
5288 -225
-6103 -1782
-1430 6700
6344 7909
539 -2967
-4019 -2423
5003 -4157
3401 -8362
2849 6843
6491 3397
-2899 1334
-1016 72
-1064 -1742
-5303 3566
6864 2689
-1600 7823
3531 -106
3171 -8011
2268 -8402
-7898 3340
2438 -8176
7971 -7718
-2094 7596
-2932 -6690
-3469 -2422
-4827 3121
5257 -601
1514 -3784
8249 4106
1397 -4783
5691 7106
-1582 -3978
-3569 -5301
-5793 3289
6382 4435
1371 -4968
924 4570
6880 -3813
2125 -8091
-1430 7163
-4025 6951
-1011 158
-3947 -5594
-3505 -3571
-4016 7421
-4451 5210
812 -4808
6343 -5612
-4761 -959
3716 -587
4904 5751
3386 6479
3703 7026
-6557 -1904
4898 7360
2428 -7783
3526 4749
5240 -3340
-5042 -1892
-1334 7765
-3981 -6751
-3773 -1867
-493 6625
-88 -7136
4485 -5402
-7392 -5665
-6256 6678
-2179 8317
-7230 9192
3659 2935
3805 8044
8252 670
6885 -7518
5889 9046
-4565 3268
3890 5451
4640 100
-7035 4038
-1364 -5598
-4211 -2667
2399 -6785
-3248 -5544
-4521 -1741
-3648 7874
-6183 510
2692 -574
-6092 430
-2954 1705
8364 -1240
8440 -8021
-685 456
-7153 -4580
-1289 4854
-4390 -2253
-660 5040
-3852 -6369
5097 8032
7660 -1680
-435 -6780
2458 -802
590 7295
-4264 3412
3984 6588
2276 7225
920 -4639
7965 -1169
2277 7065
-5671 -1583
1823 7740
3743 -5324
2508 -3277
252 7632
-5656 789
7897 -7938
-6135 672
-4375 -3499
3907 -3455
-8753 3640
3718 -2082
-633 4558
-6343 431
-3470 5857
364 8147
3607 3360
-1957 7478
2785 2275
3156 -7485
2365 2159
1628 1920
-344 3990
4657 7881
1545 -212
-3327 -6073
8130 -998
872 -1255
3338 6244
447 5536
2218 1540
-6936 -1846
7280 -7942
3385 -1372
-3682 -5688
-6665 -5218
1206 -4341
7795 -7438
5128 627
-2594 6613
8294 -2802
5006 -4331
4887 -3253
3127 6881
-5539 2735
-4175 -2606
5054 584
-963 3737
2599 -8253
1108 1753
3652 3438
-2760 1805
-6403 927
-3401 7841
-3723 -6293
1195 7847
-4443 3485
7595 -7959
-7480 4172
4530 -3143
8254 -7029
-6209 5805
1004 -5113
3176 6521
2803 -7421
-3807 -5605
7961 -1292
-2572 1137
-3559 -2371
-6115 7608
-2783 -6659
-804 -6426
4896 -327
4358 -4778
2153 4456
3775 -8291
2387 6897
2764 -7501
7530 5579
2699 -6858
911 -3541
5144 4702
-7266 -4796
1184 -4899
-1348 8486
-4966 5209
-5768 -2095
-4068 -6626
-887 -47
1801 5389
-1196 19
-3620 -6097
5358 -5521
-2951 1634
-7240 5090
-7886 3874
2941 6530
5505 -492
-1973 4415
4514 -5425
-4980 3208
-6796 7793
5736 -4281
797 6740
-6461 -1970
5132 7011
-4232 7373
-5599 -4734
-6133 6971
6238 -6982
7769 -2964
4743 82
-6704 7332
2245 -2421
4746 -5128
-5788 8109
-1418 -3745
-5400 7926
-3724 -2209
5142 426
-3609 -1904
5936 5734
956 1472
4380 7822
8595 -7839
-5519 5413
4105 7610
5781 6687
-6072 367
1088 3103
338 7775
1043 2533
-7189 8750
-5816 -1689
-3437 6771
3011 -1734
-6741 -1737
2988 7070
-1054 -178
-859 -6673
3431 6406
4285 -719
-973 -197
184 5173
-3202 -2251
3407 -7882
8041 -3908
6641 -2039
5921 -6596
-2936 2032
7661 -1447
-4369 3291
2126 6152
-65 8402
5092 4153
-2874 4496
-3107 2313
-7781 -5374
1575 -4747
615 -4672
5833 5469
-633 5305
7279 3088
1220 -4730
-786 4595
5088 6064
-5241 -2223
892 2494
5066 85
-5062 2961
5553 -6616
2528 -1668
-5545 855
-2891 1897
7523 -7258
-411 -2771
-5673 6813
-6279 8208
1773 -6850
-6114 744
-5824 445
4477 7532
-4307 -2846
8411 -7299
4670 -5732
4601 420
3301 -1542
-6671 -4516
6673 3160
86 7397
1850 6949
-6348 689
1717 -1006
-4750 6013
1551 5058
-123 -1907
-2828 -5904
3335 2853
5296 9341
3095 2565
7236 -3093
-5765 7524
8225 -3510
-1069 -315
-3939 -6519
-814 18
-3782 -5626
-7596 -4697
-8277 4833
-5735 724
814 -4471
5113 309
3785 3221
-5078 3321
-4898 5697
-5693 403
1078 -8010
6441 -1487
-4815 3339
2840 3497
6981 4522
779 1604
2520 -972
-6505 -2235
7627 -1051
923 8752
-789 4398
2231 6404
-8740 4117
-7052 -4495
7041 3354
2035 7661
-2848 1796
2337 -7786
-7733 4592
-6056 -5142
2421 5162
940 -1167
-5879 1035
-215 -6156
1591 6901
-925 8371
-4225 -2942
5571 -6621
-6441 81
-7255 4196
5641 448
-3019 7731
6912 -6740
-757 143
5190 7580
2571 -7587
8355 -7817
-6844 4173
7464 -8215
4182 -5019
-945 -202
-617 -5493
2322 4881
-2537 8086
7478 -3393
-5902 224
1996 5280
5483 -555
3139 -7842
-1205 5452
-6314 -1744
1688 -4989
-6603 4567
-1231 4581
-5967 617
-999 12
1620 3340
5311 6424
1974 -736
4760 7345
1581 -1269
905 5158
-5268 4590
4721 -4976
1006 -2554
-9064 3181
2232 -7127
3078 6844
4682 -263
-6734 -1515
-7850 3907
-2641 1924
-6879 -1649
-6593 8242
8065 -790
3948 3083
6254 4911
-6492 -5220
2299 6979
7344 4874
-6469 -3643
3905 2956
-6320 566
7725 -7840
-691 -5710
-5282 6428
-4007 -7588
352 6580
3508 6487
7337 2875
-6354 7828
-3724 3804
-452 8158
-4426 3831
-1032 -386
-3154 5972
273 -7181
-1338 4216
-5790 657
2635 -1965
-1506 4777
6758 3804
3271 -6693
1122 -4630
-6245 788
3349 3265
-6636 -2048
2787 -7057
-2447 7856
-6230 4151
5056 -4228
-6397 -1474
-7503 -4430
6914 3477
2199 6883
8504 -8286
2756 6895
-8165 -5263
5480 -534
2229 2656
-5937 -99
-926 -1861
-1422 137
-7059 -1740
-2820 8267
8334 -7905
1640 5070
-8658 3312
-2562 1526
-754 7434
-2996 1851
1441 5211
-4956 6741
1008 -1826
-1877 8938
1399 -4460
-658 4873
-5007 2511
2185 2133
4676 -1841
-7026 3924
8416 -2888
3904 -5845
-657 388
5502 -6337
7507 -3285
851 -1944
1321 1805
5713 -57
4799 -4523
-6306 -1888
-4242 -5993
8541 -8071
-5633 3520
8088 -8176
-6603 8380
-665 4185
-2628 1612
1566 -4517
3637 -2838
3521 7005
-521 4779
773 5728
-4796 -2388
-6096 96
1701 -1125
-8204 6716
3379 -2536
4521 -3337
-4646 -2228
-369 -19
5418 -150
722 -2234
-4557 4465
-5274 3059
-3240 1953
3019 -6307
-6975 -5057
-5918 406
8685 -8732
-6529 -4782
2740 6538
8881 -6841
-567 3984
7616 364
8255 3371
-3349 5001
-6306 -2136
-4477 -972
-3993 3496
-5663 8787
-6899 -4435
-4161 -2444
5288 7152
1952 1719
-2026 7984
1168 -3972
4730 6026
2433 6496
-496 7584
5142 283
-8515 4834
1533 2640
-4741 -5902
1277 -6554
557 -3543
-4015 -7175
-6572 -4886
-5526 8428
2223 -7476
3024 3443
-6240 -2002
7099 -1019
-4693 -1454
7974 4836
-4125 5602
7663 -3429
1175 7191
-6871 5219
4986 498
-4643 -2898
7655 -7127
-6 5147
705 -4831
6765 -3112
6153 3446
7747 -3309
4246 6198
-104 -2012
7734 -541
5322 -3952
1891 -5142
3293 3052
4297 4881
8434 -7358
4518 153
2620 6094
1461 2912
-5445 7311
-378 -6331
5276 -215
3013 6154
585 -5399
-1432 -245
1068 2455
-4407 3843
-8255 4511
5230 -4517
6129 -5045
-998 -457
-5304 5926
-4229 6375
-2910 1665
58 -1656
-978 5074
1124 8999
-5149 7235
4644 -7684
-6327 6938
974 -4367
-6395 -2315
3107 -7791
5762 -120
-6516 8873
-6055 5254
3562 6789
-6580 -2132
5593 6987
3595 7272
-3361 -2790
6228 -6961
129 4171
-2593 7448
7479 -1618
-1069 3807
-6247 214
-876 11
-5443 4086
-6121 65
-336 8993
-3947 -7473
5535 6703
3393 3394
-4677 -2864
-373 7923
-5363 8598
-5448 2266
-7995 3994
-3120 2002
-6414 4371
4954 8827
2571 1519
3546 6404
-5099 3486
6001 -909
2924 6522
8143 -2650
5550 -4693
5447 8595
28 5041
-8095 3542
-4584 3928
-7057 -4766
-3583 -2735
2075 1407
8245 -3399
-6960 -3826
-929 4747
-778 8837
5683 -4520
-4489 -6019
7843 5151
-4005 -2653
3126 -6995
6496 -5561
7189 3850
5903 8883
-1123 -5327
1397 5783
-7730 4429
6434 8365
1261 -5134
992 2206
364 -4454
2648 -7981
-516 5356
1861 9074
-631 -177
-265 -2394
1129 5109
6955 2134
-3761 5763
-4775 3417
2774 -200
-852 -445
-6847 -4982
449 -3477
-3462 -5633
1392 2041
2320 -7950
671 -4658
740 9395
-6341 486
7796 -2625
-3825 -1829
-5798 -4762
7096 -22
-3784 1550
-2781 2054
5059 -3474
-6226 639
842 -1209
-2974 1416
-1080 -70
-6976 3481
3686 2961
5046 5647
-3984 -5955
8680 -6676
-3895 -1943
-1064 -27
-941 419
2429 3767
-7046 -4600
2111 1097
1437 1858
-5806 555
-871 124
-4034 6243
1922 2458
2119 7393
4940 -5789
1897 5090
-6317 219
-2907 1586
-906 -5343
3012 6504
8750 -7040
-3876 5739
-4847 3903
3087 3195
1289 -4257
4498 3044
3380 -7362
-2579 2175
1843 -7357
3744 6572
904 7886
-3474 -1108
3001 7596
1903 4450
-957 -592
1260 -4019
-6720 -1435
-3873 8710
7680 -2753
-7648 5216
3645 3037
-5914 8121
-4239 -6500
7242 -3432
-5358 3630
-6820 7493
3612 5898
-1941 7622
-997 5102
-7561 5299
3939 6327
-2403 9431
-2541 8048
7495 4466
5250 218
2740 -7421
-5216 2369
-3759 5384
7212 4452
3914 -1288
-7278 -4405
3445 -254
7364 -2973
-2612 8902
4493 8494
7701 -5601
-7764 6045
7251 -2554
317 -2198
-5440 832
-924 -248
-753 -92
1950 3173
2526 7550
-4141 -7873
2243 4497
708 -6152
-1513 -2504
-3550 -6695
-4007 5283
-8311 4565
6842 -6357
3596 3175
580 8328
3663 -5014
-3150 -6805
-6051 -170
-3165 6988
-1902 7172
3428 7199
-3561 -3168
7802 -7391
7667 -8305
-5261 5488
2556 -7276
-3654 -3020
5468 -4401
6382 6507
-19 -1247
-6580 7964
5752 5278
-6063 784
-6497 -2537
-3994 -7646
2183 -7720
5301 -4414
676 -4635
910 5717
2639 -7953
7338 3427
1131 -5306
-5601 8518
2986 -7244
1288 -3835
2389 -2756
-6012 -4811
-593 -52
4822 -6273
-1036 4835
-5002 -7307
-2212 7726
7893 -5463
-670 436
-1426 -2531
-680 10
-2772 1511
8037 -3681
1590 2401
6529 -8555
-899 3393
5179 147
2762 -8153
-5797 7913
-3578 -1639
-1283 4397
-5905 855
-7155 7445
2523 -8238
6947 -6206
-3712 -1516
-7340 -5377
3625 -3575
-6299 -5885
-2330 7514
-4249 7343
760 -1318
7979 -7565
8718 -1056
7901 377
4941 5525
4533 7652
-5639 7219
1339 2328
1767 5746
-3906 -6608
3044 7444
1476 -1657
-6509 7564
3024 2800
-2818 1843
-2521 4748
-5034 5865
945 8372
2993 7692
1390 7305
-387 6514
6026 -3253
905 7443
1471 1656
6223 -379
4436 -4463
-5741 166
6506 3183
-924 4733
-6219 6568
-1080 4291
3187 -1703
-7560 7881
-4811 3117
-4515 -1682
-1241 253
3425 2658
4516 -98
-2615 2159
-2126 8444
3018 5389
-6067 104
3633 3135
5022 4870
-2571 1742
-459 -1944
-5307 4094
3476 -3291
58 4498
7175 -3909
6072 5586
-6371 6262
1697 -4151
1900 6759
-6733 -1772
-5926 7475
2272 5097
96 -2691
-378 -1138
7369 -2537
-3020 1786
2764 5050
-8439 3687
-1224 -68
4946 -3671
865 -4122
-814 -6983
3990 -2950
3744 6958
1136 6886
-6132 699
-4239 -1583
3683 5910
-527 -188
6469 -357
-4548 -7289
4523 5382
-7090 3439
7919 -7920
-3075 1862
972 -4267
1825 2805
3183 7460
4494 5650
-5612 7470
66 -4828
4551 4897
124 -4701
5922 -5017
-924 -5580
3433 2986
6494 3660
3282 6788
-3540 2081
-885 3916
6585 -7486
8310 -7828
8449 -3600
-3684 -6966
4353 3787
-4700 8107
-975 4526
-2781 1732
-2109 8399
-702 317
4156 -7148
208 7449
-5264 -1628
4661 -65
5031 8472
4791 -3831
-3644 8068
-6788 -1770
3605 -751
-6709 -1479
-6765 7318
4640 -5659
8330 -7528
7668 3848
8187 -8281
-3107 8905
-29 3337
-6052 422
7927 -2612
1002 -4523
1285 4416
2305 1938
6536 -2985
8088 5085
3204 6839
-2089 7877
4088 7696
3717 -1269
1496 7539
-5843 486
-880 3758
-3747 -2369
-4203 3995
-7341 -4419
-2144 8378
5808 -5418
-6422 -1694
-6359 -1728
-6758 -4105
7599 -3430
3173 211
-6943 -2306
3003 -1344
3677 7600
3471 -2876
8520 3870
-4223 -2524
8791 -7395
8833 3597
-3140 -6762
7988 -7158
-6549 -1554
4643 5664
6784 565
7117 4672
-1115 -5826
-6393 7607
-4358 -2200
5992 7463
556 -2901
1639 6707
4170 5776
-4005 -2487
2876 -7521
-4972 -3087
2650 -1948
1904 -1656
-1227 5246
2617 -8375
-6984 -5247
-2919 1860
-4902 7927
-591 -35
8129 -3159
4787 105
3561 6679
-3978 -6851
8279 -3303
4475 -3771
5178 -34
1175 1782
-5411 138
-8922 2937
425 -6466
-3559 4657
-1338 -173
5065 7678
5596 7052
6879 8359
8357 -2171
5315 7800
1974 -7978
6506 -1084
2740 -7916
1394 7874
-6518 -4933
-1768 -5726
-6078 8438
2130 2470
-6679 -1859
8039 -3820
7047 3758
319 -1313
7499 -6472
1559 2797
6527 -2890
5645 116
-5214 4233
-2809 1838
-6345 8436
-3463 6965
3157 6820
-6185 -2141
339 6724
-7481 -4815
5447 -3553
4581 -190
-6179 212
-391 5065
-3105 -1855
2675 -976
-780 4804
-7843 4757
1437 -4311
2300 6503
1305 2543
-6102 -4800
8609 -8463
-2759 -6481
-6483 233
-2236 6387
-7718 3624
6071 5540
-6250 118
1170 -3838
7936 -8436
-903 -159
-2976 7525
-3149 7649
-6398 620
-6585 -4856
-4063 -6186
-6761 4825
-1105 4733
808 -4421
-3586 -5900
4415 5889
-105 4927
1063 2111
3485 2262
6324 -357
7581 3808
1358 -5584
-5723 7607
6983 -5563
71 -6025
2085 2319
6861 -5988
-422 7673
6330 -6592
-2469 -5717
-8385 4928
3698 7058
7048 5442
-4481 -2923
-777 -301
5519 -4782
-4159 -5843
-4185 -2341
5323 -516
6057 3294
375 -1856
7185 -3194
-45 -5363
6002 -559
7924 2619
-4747 -2190
-6031 7325
518 5310
8009 -8136
-1161 180
221 4049
-3862 6984
4695 -6161
816 -906
2210 -647
-773 4607
3280 -8516
3912 3735
3140 3269
1723 2190
5821 -4130
7411 -7766
-6481 -2129
3266 6628
4219 -4667
7690 -6300
-3117 6778
-5434 -6154
-5285 3888
-4647 3296
-838 4305
1777 -4134
7464 -2172
5861 -4734
-1661 8359
-3258 -6053
8751 -7256
3019 6369
7459 -2075
-6326 256
9125 -662
-5302 3346
6194 4631
6479 -183
-4088 -1951
-2635 6404
2081 6455
8396 3861
-6614 4284
6441 4161
3979 -7831
5265 7303
4054 -3065
8186 -2103
-779 -7682
6312 -715
-3010 -1717
6120 706
-4373 -7606
5282 -2852
-6256 -1904
7438 -5091
-6198 -1637
5240 4756
-7068 -4024
5109 7435
6562 -7701
6471 -8075
3793 6570
-1475 -6302
1444 -1851
-943 307
4901 -733
-2391 1750
-908 -58
-8050 8030
5177 -1994
-541 -615
-6526 9085
5504 -36
-7552 7740
-576 4992
829 -4574
-3198 1823
-4341 8699
4943 18
2228 -6121
6655 -7787
-7967 3613
243 6681
168 -7395
-1069 4689
-6452 -2187
-209 6721
-4194 -2588
-7088 -3354
-46 -4913
7751 -3254
6088 -6422
-905 430
6372 -1803
-1059 -465
2455 6843
5056 425
3548 -6959
3928 3355
-2722 2393
-3237 -6098
-6482 4648
-7070 -1994
6893 -6923
847 4550
-4432 -5450
1268 8633
17 -1541
-7229 -4555
2414 7230
4804 7443
2583 -8682
-3301 -2364
4806 7636
3278 6483
-6994 -4359
-6314 449
-1269 -147
3474 3739
-6347 780
2371 -1180
5859 -448
-5371 445
-1213 -347
4996 -3644
2369 -1735
-3525 -5815
2813 6357
5066 338
4790 294
4745 8155
2640 638
-1328 5181
-6097 268
-934 7698
-763 -6774
1799 2169
690 -4400
-3350 -6127
3438 6297
8385 2887
-3419 6256
1075 4587
-3079 7355
3275 2867
-5680 9015
-3815 -5386
-6112 229
-1206 -1962
2152 -7480
-4369 2279
-5578 131
5011 302
7443 -8064
4932 8763
-3064 -6493
5185 -130
-4381 7111
-2227 -5107
-6023 -4302
-3603 7244
4187 2847
-1885 8309
-2330 1938
5973 -7614
644 2070
734 -2349
7902 4186
-2212 8003
-2373 1814
-1901 8785
8297 -7287
-133 -6842
-7714 -5556
3364 6537
5643 655
-62 6079
5416 -4857
7372 -218
8830 -7415
5670 -6590
6414 5201
4537 8634
1880 5165
-4545 -1094
1050 -4437
5688 6679
-5855 8157
1361 2677
1905 7469
426 4845
3913 2968
2560 -8124
-1042 -3
3136 6959
-1509 6803
-3765 -2089
-6132 -2089
-2368 4888
-6102 -1576
1793 7049
-6384 6245
4510 7273
-1061 -582
-5279 2592
2751 -2623
7532 -8240
-3571 -2939
591 -4312
-5833 -2380
6461 -5654
-4750 3365
4155 8614
4946 -880
3932 2381
1786 2675
3509 3050
-2134 9077
6017 -4678
-2624 4214
4131 -8459
5651 5358
5761 -5196
-633 -5457
-1053 -5567
2689 -7158
-5279 3126
2239 4568
6982 3671
-2992 6654
7276 -7932
-668 4239
5906 -6057
7 -5312
-3623 -6781
-1932 7828
1301 -5014
-6582 -4332
5737 7783
150 -3033
-118 8343
7784 -5926
-2559 2510
4210 -7667
-1586 3863
7569 -3438
5813 7867
3144 -7246
-3163 4853
3175 6300
-7603 3208
1179 -5259
6083 -6638
8051 -3837
5766 -181
5613 -3740
1436 4616
3634 3131
-6057 703
2248 -2192
-114 9049
1147 -3406
-826 -158
-6284 8597
1426 2785
7524 2374
-3312 6740
-6067 691
-4671 -6502
-6498 -1827
-3421 -3073
8443 -1527
91 8486
-1034 -442
7433 -5844
1446 -4797
1596 -2189
1216 4911
5561 564
-7319 4167
-5106 3061
6401 3056
1575 2271
-2938 1796
4301 8096
3853 -1726
2368 -7326
9352 -7887
-6180 -5621
258 -5399
8056 -7774
-4422 7214
-7595 4748
1866 2661
-1542 18
6470 1808
-3959 3871
-7178 6760
1227 2362
4110 -5773
-666 13
-3358 -6625
1240 -4342
-7456 -4434
1057 6983
2835 -5548
6168 -6709
7178 -6836
-2058 -4888
7238 -7857
-7114 -5151
4005 5407
5984 -5439
7493 -3316
1244 4753
3278 8586
-2753 8120
-6804 8120
-5718 -26
-3076 1559
-8273 4292
7306 -7787
-2628 1597
2778 -7972
-467 -1012
5611 -5022
-7670 8041
-7214 7640
2726 3126
-2702 -1561
1184 2786
7519 -3043
1140 5669
-7465 4929
8231 -3400
1472 -4217
7338 -6884
-6279 198
-5308 2884
4621 -190
3612 5792
7341 -8133
-7392 5565
5019 -325
-2478 7798
4563 517
-4340 -2079
-1693 4024
5085 -5947
-6454 -4248
9118 -9326
-4379 7734
-3829 3421
-5612 7972
4690 7462
111 -2509
3303 -7583
5416 -6682
-6532 5199
-2871 4208
-2957 7239
-728 -5567
-6343 -336
4891 -7579
2457 -657
4185 -4672
7935 -3698
-5192 3214
2630 -651
-3866 5786
2995 2918
4385 6036
6608 3559
3537 2655
-6628 -5409
7869 3841
-4958 7445
117 4902
-327 7361
-6654 -1696
7318 3491
-4363 -6971
-1952 5383
7610 -3596
3216 3413
3115 3087
4105 -5210
-5624 8792
2633 6447
2805 -554
595 6813
-1843 8371
-6361 5040
-2902 -7067
939 -1795
-6933 4995
-6331 -1477
8147 -2004
407 -1965
1237 -4390
-5141 7731
-40 7318
-525 -88
-8143 5433
-1135 -6246
-7374 3766
4315 6896
-3165 -6064
-382 5326
-7448 8005
-2066 6165
-6400 -1885
-3311 -6097
-6991 7612
4115 660
-6507 71
-2938 -6954
-951 -4709
2406 6330
8559 -7707
669 5986
7742 437
-5043 3468
-4660 5878
-7755 4030
-6267 708
6442 4570
8468 -7109
7780 -4080
6174 -7101
1599 -1706
3563 -2448
-3495 -2745
6481 6337
-6984 3933
1206 -477
5921 8033
2346 5977
1971 2670
-6703 -4763
-4669 -2724
5837 6158
6595 -6787
-4928 -2855
3604 3560
3909 -6999
-5857 490
2770 6991
-6599 -2126
-2944 -6331
-1965 7673
2677 6410
3297 -7734
-4804 5818
-6815 7670
3873 -1113
936 3509
-4981 4692
8889 4536
-346 -1114
-1710 4744
248 -5686
7265 -2611
-470 4056
2856 -7348
-101 -3076
6453 -365
6297 -1185
-6381 816
-6571 5924
6783 -938
-6267 879
772 -4342
4005 2750
-3447 7953
4484 6705
-7289 3466
2568 -7092
-5863 7049
-3043 1247
2885 -4067
-7410 -5169
-820 125
-3789 6480
-1144 -18
-6202 -4632
1797 8584
6178 -7375
1340 -5076
6916 3300
139 -1635
4567 -4440
8031 -7940
-8396 3997
3604 2850
1005 8524
6689 -8199
7367 -7116
-6089 7260
3672 2561
-5681 6947
6504 5140
3505 3044
307 -1819
-5013 4036
7314 -7335
-7650 3932
-903 64
5259 3408
-6180 -2022
6889 3174
7677 -7005
-304 -1313
6340 -6621
-3752 -1928
6205 -1473
7766 -2293
1241 4554
4378 -6821
-6694 -2477
-4514 3342
-5416 2709
6438 603
-2815 7544
-5176 7487
5748 8207
-498 4583
1190 -1887
5227 3957
848 6537
435 -4385
2541 6851
1175 2251
-4212 3248
-1693 -6263
997 5188
6103 -7809
-4576 3404
-4749 9786
8139 -3173
-6337 8964
3550 6511
-883 61
4927 6709
-7507 -5028
-4140 6186
631 2267
5642 -6884
1615 -4478
370 5960
2418 -1473
-4510 7221
7864 2242
-2826 7957
-3949 -6926
-4466 3127
1761 5279
3209 -7240
-3060 -6649
3083 7096
3802 -7079
5266 7817
3321 8648
-5405 3778
1918 -7512
-6472 362
1324 2845
-2595 1800
2256 6341
-3002 2339
-1663 -5283
2670 -8577
4647 -417
-5664 86
-5591 222
7971 -2290
-1155 245
-399 197
1387 -4984
-6633 -1770
-5554 4206
7827 -2772
-4497 -4674
232 -2632
3406 7662
-3485 -1950
6227 -6465
7462 -3148
8834 -570
7720 -3659
-2737 1795
2387 3470
3807 3424
7878 4673
2899 -8585
-5601 3234
-6512 -2185
7730 -2978
5452 -4594
-1082 502
-6156 586
6669 3840
-2878 7527
3878 2627
-528 4696
4252 5505
-5293 3263
1043 1886
8470 -6727
3191 -6533
5116 -7037
-7039 -1815
7621 -2661
3763 -1338
5047 -877
2595 -6294
8196 -1862
-3904 -1408
2743 6071
1575 4619
245 4311
441 8466
-6292 696
5624 5442
2537 -6762
-1172 -5302
-7219 -5042
975 -4790
3879 3287
-5818 7462
7279 -7549
-6001 -1649
-6524 -1392
-8265 3963
-2233 7291
-870 -1882
939 2522
-2302 7189
6700 7172
5329 288
-6912 -4331
7963 -6730
-3320 7480
3432 6644
2112 6201
1084 -4287
-7181 -3139
4104 3330
2637 6159
5773 -3296
441 -2672
-684 7722
-2486 2226
1438 -4394
-6110 -2088
1842 2761
4876 -3639
-6142 -1816
-3195 1706
-1733 -5487
4755 7423
-3678 -1738
4673 -17
5974 8088
-225 -5868
-6445 7028
3737 -6588
1937 5602
-9548 4282
-2417 8157
8406 -7439
7822 -28
2811 6935
-6540 8220
-2269 8192
-2221 -5449
7874 -3379
-7678 3926
-277 7793
1216 -2267
7377 2236
3671 6646
-1313 3861
-786 -48
7105 -2898
-4527 3152
-564 -3453
2455 -7953
-2157 -7422
5113 -261
2435 -8388
-450 -180
-6190 -5190
2847 6631
6284 -6423
-7279 -4123
5679 5492
-6631 -1377
6516 8398
-399 -985
7673 3326
-4621 6267
7983 3798
-3847 -1207
-917 8444
-5145 6165
7648 3061
-7079 4725
976 1897
2320 5196
-4884 3592
-5541 2364
7655 4036
4458 -7169
-5878 8151
-1046 -208
-5458 8553
4981 7401
4280 8251
2674 -1682
-5901 7432
3205 2767
6320 7764
883 -221
8317 -7259
-2623 -6035
8961 22
1718 2828
2716 -1738
-7272 -4869
-2892 1862
3531 3106
4931 756
-1438 -32
2041 2744
2900 -955
6076 -8211
-4409 3326
-997 3846
676 -1425
1207 2731
7582 -1049
2686 7549
8855 -7263
8487 -290
1522 -8347
-4718 3305
-5264 4027
2362 5171
7196 -894
-5488 3233
2221 -721
5289 -6115
-8370 5124
-4353 -6134
-6116 1128
2614 -8728
1957 4620
8390 -7156
-5888 1095
358 6903
900 4792
-4503 -1754
2275 4197
-8745 4734
6945 -901
4993 -1543
-1533 5448
1145 5202
-6531 -5052
-4804 5235
-753 3658
6874 -2529
668 -4425
1095 6531
3237 2932
-6933 9234
-7278 5790
7724 -6954
-4727 -1743
-4306 -5756
-1789 4336
5849 4716
-5130 3728
-3459 -1135
-6091 577
8300 -2642
-2652 -6104
-5590 2773
-1981 8423
1212 7614
-1499 4330
4298 7981
-532 3841
-2477 2189
5887 -272
5065 6836
1178 7185
4009 3368
-3497 5376
-456 7209
-59 59
5174 7327
4912 9
2085 7597
7695 -3153
75 -2515
-6660 -5166
7959 -3749
-5991 -2116
-115 7879
-5669 219
3040 -7397
-3502 -1501
-979 -5328
5242 -5914
-7884 4367
8300 4084
-6095 -3769
5080 -409
-8031 5063
-5707 4905
-7815 4498
5518 7341
-6529 510
5116 -154
277 6568
8689 -2833
-5915 484
-831 159
6052 630
7232 -2609
5253 -6421
284 -2690
1532 -2700
1299 -3927
4194 -4501
1287 -4426
8596 -2605
-5591 7685
7329 2936
5046 126
5507 -115
3582 2881
-6227 316
4187 2188
4889 7951
4804 308
4692 -4560
2521 6364
-2543 7788
741 -2565
-6785 -1785
-3833 -6861
6423 4023
5345 355
7787 -3164
5200 4243
-2256 -5052
-7078 -4266
172 -6689
7479 -2926
-7251 -5093
2659 6060
-4944 2927
-2547 8039
1223 2235
650 -4777
6003 -6656
983 -2480
-6937 4431
-936 435
846 -4509
-4286 -6275
7421 -863
-746 87
-5129 3062
-939 -10
-4246 -2147
-5512 2553
-2298 7794
-2487 8709
120 -6604
-6683 -2221
5442 -4576
-2276 7678
-5678 99
2037 4790
2127 5490
2523 6287
-6835 3696
2108 2749
-2209 2055
-8107 3984
-6422 -1963
976 2434
8466 2171
7790 -43
-1900 7772
-7017 -5903
1663 -1390
-4304 -7143
-5594 5853
-1423 -301
-2907 -6014
-76 6004
1401 2015
7712 -2625
-997 26
4091 -2558
-7032 -4504
8314 -6365
7704 -7703
3152 6819
-6169 7852
-4424 3086
7617 3445
-3821 -2479
-6388 -2502
-1070 -110
2334 6558
6046 5271
5162 4656
864 -6140
4312 128
2315 5053
-5562 3671
2673 -929
5136 7785
-6751 -5223
-5968 -1626
1285 2453
495 -2257
-5258 7115
-6956 8165
4873 7834
-1155 5332
381 -1320
-6466 -1649
1946 5011
1552 -4638
3202 7014
-355 8635
6886 3530
7160 -1017
-2985 1704
6920 -70
-7056 4418
7074 -7612
-4391 3830
490 -5717
3509 -2854
-2569 1504
3259 -2401
5166 3644
3023 -6703
-4107 2740
-4965 5819
6467 -5692
1273 5003
-7271 4877
6818 3913
7582 -3146
-6184 -1986
5117 -988
-6201 512
2539 1935
-6141 6974
-2847 2375
-3715 -2163
6063 -8131
-3894 -5742
4062 -5694
-5776 596
5022 7436
994 -4240
-1049 4179
1968 -1572
2577 4952
-667 4899
-6067 441
-5756 6953
6261 -5619
-1371 8987
1052 7896
2162 4032
-6535 6477
-6534 -5073
338 5251
5847 -4752
-2842 1882
4767 -201
5644 8566
1038 5001
2314 2658
-987 375
4168 -2372
-3409 -5376
-1209 3692
-6627 -2051
-6408 -1738
1157 -4420
-4927 -7297
3777 7480
4856 -6993
4880 -4567
7415 -1662
1724 -6957
3798 6958
-5676 6628
195 2862
-6202 8302
-3465 6608
-7674 5466
6357 -5053
-2749 1982
-1575 -6235
-6615 -1602
-1168 5114
1473 6561
-2739 1523
3461 -8266
-3317 7145
-52 4337
-6350 -1768
-4167 -2792
3983 -2749
1296 -4910
2054 2534
-4484 -1054
1849 1689
958 4003
-4787 3269
-5908 627
4681 4686
2091 4912
3539 3558
867 -4456
1347 -5037
6052 -602
4723 -6096
1413 -1815
887 -4226
5310 8718
-6408 -5487
-4730 5568
-5480 7653
-7592 5418
3420 7174
4880 -5133
1724 -7597
7498 -2367
-4356 -2925
-7423 -5154
22 7195
-3684 5109
830 -627
5938 -1050
7896 -2396
3283 7126
8073 -2446
-3982 -1004
1394 -4750
-1045 -4841
-3170 8293
198 8241
-2921 -5275
-4445 3288
-2508 -4186
2131 -8141
5314 7192
-6922 7150
3515 3400
7953 -3666
4101 -4250
-1337 8187
-3241 1312
3764 3406
-958 -310
6610 -3277
269 -5060
6294 4435
-3247 -2999
-6248 868
-596 247
4665 294
1296 -4235
-4426 -2227
3140 6823
-5061 -2397
7260 3677
4319 6483
-8180 3989
-962 72
-1128 -6444
-4978 2637
4763 -68
4773 4540
7118 -2781
-6682 -1873
5653 -5417
-4658 5096
3494 3320
519 7954
4999 7789
3851 -7324
5904 3416
-2688 2073
7659 3886
-6082 -4689
5450 240
2583 4677
5212 8197
-3365 7429
-3107 1662
1917 2610
7390 -2349
-707 -2038
-1657 -4932
-3329 5089
-3021 7669
-5895 6407
-1083 -6431
1374 -3953
476 -1343
1889 4374
2938 3110
3146 2550
-8630 2876
2328 7016
3847 2681
-3896 2173
1599 1853
-4600 3324
-1363 -6192
7942 -6760
6588 5337
-1159 179
-5329 453
5802 2919
3373 -7713
3649 3148
5284 5121
5064 29
4868 29
-292 4615
-6190 7478
7837 3664
-6295 -2070
-2424 8034
-7586 3782
1355 3107
-6284 696
-4755 5267
-3485 9103
691 -4573
-5786 -4718
3375 3582
-2968 8966
1339 3014
2766 3197
5978 5704
-237 4367
3653 4629
-2537 1862
-6203 370
-7105 -5104
3283 -6971
-4756 3926
6922 4493
-7084 -5176
-8131 4488
2282 7336
-6807 -1991
1756 5583
4453 7813
2439 6114
-6117 525
-5935 -4344
-3761 -3306
-6704 -2191
-6893 -2331
-1615 4151
-404 7895
1891 4552
-3921 -1874
-796 -7191
1654 1988
-5499 -37
1062 3578
8524 -3404
7651 -3248
-5906 388
-3850 -2358
7897 -2180
-703 -486
-6206 7592
7991 3192
6350 -2510
9103 -8554
-8474 4425
4618 -88
5220 8364
-628 -1579
7411 -2138
-5991 246
5116 88
-5973 7429
-5856 470
-3270 4354
788 3380
-396 5197
-2992 8509
-1986 -5100
-421 4678
-2555 6940
5752 -6502
-1191 -129
1584 -4806
-7013 -4569
-2307 1850
-238 4271
5068 -328
2092 3430
-2847 1639
3259 -8793
-575 -133
2721 6734
2249 5129
-5806 7311
4928 278
1274 -4034
-6821 -2239
245 8600
6186 2921
-6764 -1852
7506 3054
-2550 -6384
-5988 369
-129 -6365
-7258 4794
1316 1409
-3158 1666
8099 -7656
-7052 -4525
6844 2878
6335 -3672
-8060 3876
945 -1281
3792 2774
8345 -6774
7055 -2398
7148 -3413
7840 3798
949 2270
2342 6931
4588 -5283
-2638 1506
2922 7376
5535 -5048
1437 -2626
6238 -956
-5326 -1375
-5026 -2513
4414 6054
-6602 -4293
3816 -705
-8 -6755
3551 4501
7087 -1490
2570 2984
-4745 -6159
1983 5248
8754 -8104
2399 6012
1915 2403
-2358 7676
-6431 -5250
490 -2609
-7198 -4248
2193 -7191
-3675 5901
4588 -2031
6804 -4253
-1552 4490
4899 -21
6582 -6482
-1265 -99
-2698 1980
7936 -1243
-2679 9530
8131 -6284
8058 -3991
2564 -8205
2130 -7487
2531 6720
-5343 5652
-2655 7049
-2319 5833
-306 7724
7571 175
-5869 -1728
5156 -227
-3426 4757
-2508 8081
-4627 2559
1636 1291
-5648 8569
-5534 7624
5744 5306
-600 8671
5703 -6603
-2071 -3522
-898 4831
939 2415
2230 3887
2180 -1134
5737 6154
2280 6890
2886 -7071
-5088 3409
-4751 7502
6375 5602
2852 -8612
1602 3332
3298 4227
2721 -2177
3974 6543
-739 -7048
3788 -2487
-3890 -5700
-6772 -1844
870 -491
123 4800
4979 6767
-3092 2189
3980 2778
-7589 8259
3438 2725
1663 2786
7503 -7448
3631 2683
-2349 7531
-4818 3726
-1321 7159
-549 4397
4561 572
2706 1379
-6556 -2119
-2183 7290
7845 -897
1997 -5142
-6504 7109
-6415 -1708
-8112 3865
7507 -7884
-1219 -147
987 7929
7973 -3134
343 -3827
3081 -31
4497 -128
-6483 6924
2350 -7361
-3958 -6413
-3425 -1319
-6005 775
6235 -1459
-3176 -5670
-805 -137
8286 1167
4230 690
-1367 -196
1640 -1790
-6572 -1752
-4530 3407
6075 -1321
-6738 6796
-8994 5144
-6011 -2110
-6699 8330
-6080 -1850
-3159 -6033
-1020 5225
7656 -8561
536 1665
7513 -3198
1138 7949
1433 -1499
-6684 -1665
-4885 -6869
-1836 9508
3967 -3453
8317 -424
2180 7101
70 4687
-5323 3023
2883 6179
871 -3687
-5598 2947
2604 -8269
-967 5333
-1369 5945
-220 4731
-1226 3609
76 -5301
-678 4482
-6448 7317
3969 835
4037 3267
-8024 5113
1302 4915
2957 -7192
6308 7367
-3775 5707
-3049 1560
-6338 8155
3553 -4128
1549 2626
-1685 4849
-1002 -2733
5234 -123
-4872 -2959
-765 -219
5223 107
7994 4276
207 -6384
6215 -7126
-4842 6428
1432 -1068
-3103 7487
5454 -118
8104 -7182
5001 4641
1457 -5314
-6228 -2239
-969 -338
4549 6870
-906 -144
-4485 3545
-6295 -1918
-6677 201
-3220 2271
5732 7585
7294 -2359
2700 2295
-3887 -6043
5725 -120
5145 7641
1109 -4592
693 2491
6551 -6213
6838 -7435
-3896 -6144
7267 -6002
-290 -2729
-2806 1881
7090 -6031
-3647 -5531
6403 3890
-4618 3279
4138 3178
-6434 9712
5049 -47
3340 2548
-5776 -5385
-2271 1574
5225 -40
-841 39
6332 -5618
-6964 -5033
5047 48
-2664 1643
-8445 4282
-4303 7156
3046 7438
2650 -7099
8372 -3187
-4700 6246
-2228 6719
-6290 -1840
6055 386
6198 4497
-6742 -2029
-62 4033
1109 -2077
-1185 -5
-3127 -2818
2093 3432
141 -1162
5676 -5294
-2891 1930
-811 -276
4392 -7697
-6141 8340
6762 -2884
1858 4701
557 7205
1406 1963
-1187 322
-573 -405
2764 -2489
-6854 -4316
8390 -8214
2969 2391
-5775 93
5949 -5139
6497 -6026
2395 -7032
-924 5151
-2993 3763
-6383 -2093
4015 4615
-7197 -4618
5406 -3512
1381 5148
7599 -7450
-7830 4987
6068 8786
4151 -5743
-5821 -5600
481 -947
-6329 -2251
-5403 4886
5316 -3583
-6985 8144
-4062 -2435
-1527 4300
161 3950
-7950 4430
224 -6061
6544 -5658
4976 45
793 -4350
2844 -7260
1423 2044
4775 7383
941 6060
-7059 -4504
2351 2383
4942 -5542
-739 16
-6641 587
5159 -2175
696 2888
7176 -873
3921 3552
1745 4579
-338 8225
1841 2308
7305 2221
6941 -221
-5670 -4444
5631 -126
7766 -3200
2626 -7805
-1149 357
5971 4934
5089 -4464
8090 -3222
3180 6409
-5253 7481
-4524 2691
252 8194
-1039 8632
1592 4261
7263 3943
-7086 -2289
2353 4155
1456 1490
6640 4289
8080 -3206
7821 1670
396 -1103
4881 6509
3001 7092
8537 -8843
1500 5268
5212 -32
3487 3354
-4239 5698
3760 -392
-1046 5864
-1983 -5412
-6230 466
-3060 -3350
-6409 -1819
5382 3364
6281 5947
2743 -1489
-6300 901
-6424 -4106
6359 -6721
-6651 -5175
-569 4869
-7843 -5186
5542 7541
2610 -7593
7518 3919
3979 5995
-4471 -1688
-4622 -2405
-3036 7347
-7404 -4321
-4764 4797
7763 -1020
7771 -8484
945 4468
3819 -1204
6908 4624
2242 4979
-4324 -2493
2964 5861
-8594 4928
6012 4869
-7201 -4205
7805 -2617
-4229 -1661
-1557 3695
4856 6718
-1315 -4324
-3010 1312
1599 3394
1620 -3764
-3902 5780
-6113 777
7156 -3303
1516 5680
6074 -53
-846 243
3428 -8076
8851 -6521
-592 -4836
3700 3408
-5995 6249
4304 5275
-6213 -2652
1473 2655
3371 3379
2496 5588
4404 3527
-6353 -5261
6241 -6972
7054 -3286
-4301 6464
-1981 8921
7576 -8536
1402 -4535
-6422 -4877
5409 688
6822 3257
929 3329
7382 -97
3558 6788
-7415 8005
-2813 2250
1528 5552
-7897 -6083
8072 -1528
7454 -6441
-5401 7689
-3076 -6681
-1425 4208
-7133 8505
4577 6373
817 -4082
-5113 5918
-1042 124
4231 7624
4810 7533
5563 399
-4305 3336
354 -2166
-5513 8700
-6571 -3463
1384 -7541
-3958 5696
-3710 5968
6955 -2843
-3035 5094
498 -5949
8083 4018
-6400 -2456
6914 -4503
7970 -3892
5163 -1044
-7749 5973
5037 599
-4170 -1272
-2295 7442
9077 4668
114 -4978
3796 3659
-4553 3413
1969 -8106
11 6970
-2294 1766
5076 8006
7985 -8154
-6484 -2019
3951 2894
-8061 4075
-4716 3876
7161 -8948
-5946 -13
-1107 5020
-2954 -2479
4095 -7199
7931 -90
-6161 519
-7599 -4589
-945 4758
4743 -173
-5214 3066
-539 -1526
5924 1239
-6534 6498
8268 -6604
4971 8985
1029 2041
7937 -7493
2692 6544
-869 86
-6132 373
-4417 -6380
-2097 8619
4447 469
884 7346
1896 -3506
3984 -5138
772 3239
-2823 -7350
2682 7761
-3671 -2337
-7488 2359
3211 7217
-3472 -2558
-3414 7895
-5407 6076
-8187 -4459
492 8140
7592 -935
6854 3649
2382 8
642 -421
5211 -690
1431 -3581
3018 -8299
1603 2495
-2560 7562
-5331 7255
4629 -1957
-3425 8209
-819 -23
121 8283
-6574 -4995
4128 2958
1772 -1597
2731 -7344
6442 -3274
-2720 7236
8318 -7687
-5988 6025
3897 3750
1398 -4814
-778 4271
-832 -5925
5458 7225
-4635 -6540
852 -4167
1114 -4298
-293 6377
3826 -8155
-76 -4728
3770 6864
3113 -2327
-6330 -2142
-5457 8473
-3146 -2269
7364 -3168
-2531 2035
-5298 3627
7870 -3254
2224 -1434
-5332 3356
6349 3529
4347 -6921
-6305 335
5172 4226
4779 -4745
-8397 4932
-2656 8144
4948 5172
8605 -7063
-5812 8724
-8406 3565
-2243 7300
-1101 474
152 -2388
2309 5696
7879 -7719
1664 5093
-3400 6479
5269 5049
-4777 -2902
4736 -829
4071 3603
-4793 -5186
-1147 106
8615 -3084
1355 3640
5107 -10
-166 8960
-4780 3995
-7573 4275
-6220 -2167
947 -4715
-4608 -6768
7580 1904
-3387 1587
-1046 4340
8143 3308
813 -4650
1976 2298
-6368 8351
-4770 5308
-2487 8351
7479 -2558
1073 3981
8343 -5973
4257 -3956
-6285 8222
7445 3576
6548 -2316
1465 -1563
-6391 593
-4771 5287
4378 7922
7246 -7127
-894 198
2825 7233
-5519 6497
-3857 -7406
-4868 7481
-715 -154
-3775 -1792
885 -4519
-6577 -1794
7648 -3734
-4929 3300
3326 4249
3026 -2453
8796 -6392
3313 -7173
5176 430
1739 3217
2561 -6457
5271 -1245
-7590 5084
-4591 -6334
4430 6915
-5070 2380
-2749 -6471
916 -4226
-8567 3533
-2456 8887
-241 9427
6861 3544
4929 -5072
-5396 4644
5092 -293
-3313 -2126
-3108 9234
1095 4654
-6625 -1749
-3787 7037
-1979 9492
4795 -289
7171 -1232
1320 -1283
-4840 2499
-7379 -5560
4632 -5098
1213 6445
5726 5523
-6249 454
7159 -2223
2085 4748
-2704 2033
1058 -4297
-7865 -4143
-1034 -6339
-1250 6945
-226 8973
-1963 7129
3269 3051
5571 8232
-965 7343
-692 4698
4931 6761
6578 2501
1808 5370
5255 -662
4522 7585
6111 -6420
-3026 1916
868 -4774
-695 -2356
-1068 -2173
8175 -3060
5848 -493
-6222 673
-6814 -2049
1070 -4612
-6430 -2051
-3496 -2104
714 -1257
-7902 -5118
-7730 4534
-887 170
3730 2804
1214 -4568
1279 -4041
-6528 -2008
3387 7091
7653 2398
6362 -2019
-7225 9161
-787 4751
7764 347
7167 -156
1366 4712
-794 -6365
4806 -1114
7968 -2369
1438 -2115
6301 -6511
4232 8513
-1651 4091
3776 7011
415 -2241
-5084 6500
5361 8013
-5927 53
-1568 7229
1002 8092
-3708 -7300
-2362 6242
1408 -3893
-2642 2063
-5251 6983
8251 -7725
2016 -7038
5033 5071
-4769 3211
7864 -7419
8686 -6442
432 -1243
5478 6401
-3030 1978
7076 -8638
-406 5838
4112 5217
-928 6497
-4282 -3811
-4669 3357
5183 -162
-1202 7452
-1032 173
-8159 4807
-4419 4607
-3438 -2503
-2541 1894
677 -1935
7405 -3034
-444 4243
6229 -6624
172 -1696
-6046 340
3911 3250
2388 5570
-4416 5812
3092 1910
3969 -7382
289 -6199
9323 -8356
-7727 -3448
