100 286 3709
0 0
-5259 -1751
4777 5836
1214 7981
-2145 -2133
5992 1740
9285 1541
-5315 7867
9744 -5850
-7240 -4804
9532 9280
7879 2492
-9907 8147
4317 -8305
2996 -5646
-4001 -7516
-319 3132
8559 -7100
-6239 -7945
5084 -587
1025 692
-4778 -9829
-8159 850
-5699 -9032
-364 -2604
-3664 -911
-1615 4187
-1265 8628
-3932 -4067
7526 -7492
4408 497
2287 3305
2421 -3509
4699 3342
5917 3686
-3394 -9518
-650 2003
7234 -3224
9990 243
1214 -1105
947 -3279
-9988 -7222
-298 9865
1154 1852
3120 7259
8228 8908
-6612 -5676
-5738 -4960
-6189 4617
-6449 2083
-290 7506
-3507 1542
4880 -3013
8673 -5454
9941 6463
3370 -866
-8279 3060
380 -7121
6375 5057
-2026 -703
-3940 2744
341 -8428
-9033 -2966
-5060 -6414
-5298 6571
9053 -3324
-2101 -6816
3719 -9995
2806 8778
2848 -2411
-8242 -7476
8743 182
-8913 -1893
-2766 6560
-8072 6005
8196 -8600
-7866 -6488
6240 -1627
3680 6313
-2554 -8970
8662 6990
846 -5023
-4522 1746
6880 -829
1611 -4277
9821 -7674
-3218 4442
-5344 9894
-132 1057
-5558 -231
7691 -5995
3691 3400
-3916 5628
-956 -3618
6633 639
8410 5524
3603 -4057
-7013 -3160
-6329 -6875
4393 -5257
1 21 410710
1 25 1438484
1 40 357355
1 60 1574405
1 89 409166
2 26 1738726
2 29 1034641
2 48 4958390
2 90 584373
2 98 3958508
3 34 5014282
3 35 322777
3 45 261109
3 46 1534751
3 59 4103563
3 79 1199496
3 81 4577925
3 92 5372011
4 32 596459
4 43 1808495
4 45 737527
4 51 359273
4 69 3902932
4 79 4890621
5 25 3163253
5 26 3761679
5 29 924336
5 60 2512312
5 94 1920372
6 12 819042
6 31 4312809
6 34 2844132
6 35 2560517
6 95 2223518
7 12 1639856
7 39 2214992
7 55 7769856
7 72 273198
7 96 9360849
8 13 1600810
8 28 7788429
8 65 234430
8 74 2360880
8 75 998850
8 88 527453
9 18 3000619
9 39 6524430
9 54 1621992
9 66 769334
9 86 3531431
10 47 608117
10 48 1213657
10 63 4815301
10 77 2522393
10 98 729757
11 43 10617765
11 46 1393320
11 55 361626
11 81 2520242
12 35 1105025
12 59 1056561
12 72 2433035
12 95 3496677
12 96 4513808
13 42 4569041
13 57 13097784
13 73 19053611
13 75 3285214
13 88 4844465
14 15 709660
14 30 670831
14 58 581626
14 62 474769
14 68 259336
14 76 5955809
14 100 2225751
15 58 1752520
15 82 301938
15 85 2813332
15 97 3862514
15 100 774903
16 19 2357577
16 22 5985137
16 24 2124242
16 36 2361167
16 64 2511490
16 67 5021490
16 80 346452
17 27 1160765
17 32 318400
17 37 610199
17 44 3566408
17 51 3746454
18 30 2542991
18 54 2668388
18 76 1738270
18 86 495634
18 91 900999
19 24 731278
19 64 207206
19 71 479990
19 99 471488
20 31 2623411
20 53 1840563
20 56 3370088
20 78 223082
20 84 462582
20 95 3493246
21 31 464325
21 40 2916377
21 44 2455601
21 56 5741087
21 89 743007
22 24 1236419
22 36 248388
22 42 5362641
22 68 5307223
23 50 3192261
23 57 663376
23 73 1038955
23 90 932338
24 42 4653815
24 71 5714930
25 40 2316071
25 41 767923
25 60 4384781
25 94 2767183
26 29 2567868
26 52 5913492
26 60 206657
26 83 2574608
26 90 238585
27 37 2641353
27 51 4554162
27 52 5931546
27 61 2313121
27 74 3704039
27 87 3648061
28 43 1073890
28 51 2802258
28 74 1405872
28 88 2201257
29 48 2061554
29 64 2516846
29 67 1074326
29 94 1632104
30 76 140000
30 91 1091045
30 100 5133944
31 32 1718059
31 34 6801971
31 44 2704276
31 56 1637078
31 92 1926638
31 95 3756222
32 44 298981
32 51 1394288
32 79 468464
32 92 2009735
33 41 3520236
33 70 1195528
33 85 2720355
33 97 840913
34 35 1907349
34 92 1422263
35 59 389130
36 62 6211273
36 68 7635010
36 80 2116553
37 44 1873601
37 52 5665257
37 60 4077387
37 89 156546
38 53 1492769
38 54 4971726
38 66 2306190
38 78 293107
38 84 526694
38 91 455371
38 100 541104
39 55 14760821
39 66 1686960
39 72 171114
39 86 2455967
40 41 4576342
40 56 2973636
40 70 4219622
41 70 1527785
41 82 1094480
41 85 499042
41 94 3598799
42 63 2635952
42 71 2423170
42 73 13156140
42 77 1062678
43 46 18121602
43 51 4716470
43 69 1264273
43 88 4757702
44 89 967500
45 46 11644662
45 69 2174983
45 79 599524
46 69 1910649
46 81 1400177
47 48 2723596
47 64 3081079
47 77 772610
47 99 2391287
48 64 1702748
48 98 1134913
49 50 351588
49 57 5798849
49 61 7316616
49 65 723213
49 75 482722
49 87 5318055
49 93 4084362
50 57 493306
50 61 4041538
50 83 202544
50 90 1386559
51 74 4731749
52 60 2550166
52 61 1823858
52 83 892896
53 56 727338
53 70 1961299
53 78 2406481
53 97 523963
53 100 1127068
54 66 1306635
54 91 147847
55 81 701671
55 96 2309768
56 70 3821578
57 73 9314229
57 75 6486221
58 62 552329
58 67 6209485
58 82 4479067
59 81 6470924
59 96 3312089
60 89 1385023
61 83 275498
61 87 526656
62 67 2898629
62 68 2482098
62 80 327061
63 73 168127
63 77 811505
63 98 203025
64 67 6147335
64 99 249136
65 74 720493
65 75 1253380
65 93 242212
66 72 5778490
66 84 2272937
67 80 3289469
67 82 6582874
67 94 5867933
68 76 3232122
70 97 1165938
71 77 440255
71 99 269502
72 84 4386167
72 95 821619
73 90 5752031
73 98 2439871
74 87 340355
74 93 1122527
76 86 2261587
77 99 495112
78 84 109598
79 92 478269
81 96 542712
82 85 2253249
82 94 3113576
83 90 3292452
84 95 443200
85 97 1855827
87 93 246575
90 98 400689
91 100 5331088
97 100 3378474
7201 -6256
-6573 7208
3861 -132
-1864 -8532
-3468 4470
3289 5946
7390 -6383
6396 -1066
-5689 3638
-1521 5562
8676 7887
-6322 -1348
-7909 -2979
8245 4827
7271 -7014
5996 -2549
-6008 -820
-5246 -2860
-3539 -4240
1590 809
-122 125
-447 -4855
2288 -5885
-7277 7796
3462 -6202
4331 4857
5619 4493
4695 -1053
3524 -4258
6459 3208
-8051 -2264
5602 4463
3246 -2020
-3085 -2450
-5536 -2451
4323 -6240
-6177 -2928
-4030 -3869
5688 -1764
7969 -5198
-1634 2823
8267 2352
7390 -6923
-909 -5194
5086 4787
-4727 -909
1786 -4417
7194 5842
-4721 -2385
2081 -549
2755 -6393
-791 5210
7164 -6971
3317 -1481
3457 -4575
-4679 323
704 -6852
7011 3266
-98 -6568
1231 3655
4532 -607
-7638 2300
251 -6416
-3358 -1310
-6183 7879
-1227 -6780
7357 2837
2929 6458
-13 4667
7319 4313
6413 -2537
-1115 -2528
-2754 -1786
3059 -1400
2474 6003
-7136 32
-2609 -7235
437 5094
-7617 2354
-3859 -5
-6798 579
3311 6496
3176 6951
2370 4142
-7451 -2914
1297 -810
3541 -5289
3157 6413
-2257 3147
-1891 -2918
102 -5881
-1936 3285
5063 5029
-3314 4741
5445 -1528
5582 6624
5283 5689
-7059 719
-7842 2518
5197 4988
2675 -1963
-7700 2937
-3647 4849
-5255 -2389
2956 -1400
-7326 2512
9325 8086
1114 3013
-5722 -6009
-849 -5725
5176 1189
-3089 -2622
-4790 665
5119 723
-4109 4088
7673 -392
3146 6606
5840 -3188
8641 5330
-6914 634
8033 -4495
3097 7273
2233 -4380
-2178 6397
5247 5552
-5541 -3359
-6973 619
4598 4404
4650 4484
-2122 3386
-7674 8410
-7233 8497
3290 -6493
-3715 4752
-6261 -1661
3407 -4763
7104 -1251
285 -5853
3552 769
-3035 -1788
-1916 5459
2277 -3566
-2509 3425
-3061 -2064
-1895 3344
1879 7127
-1476 -2637
-1748 3509
3589 -1178
-421 -7363
6090 917
-6263 -2905
-5265 3495
4485 -4824
7857 6061
-1352 805
-7741 7165
-2170 2541
-5296 2699
4540 -5665
488 -4095
-1665 5438
4138 -568
-1258 -5921
-4128 775
-3618 4959
-3059 -1831
-1543 -5595
-2414 -7186
7979 -5648
1143 2332
4690 -2451
-7036 598
7684 4059
-6566 -6421
2152 -4451
1918 4558
-3227 -7080
-7253 -5960
1729 770
2108 -232
-1670 5483
3527 3204
4235 3483
835 79
413 -6593
-7126 729
3832 -5177
-7037 594
6581 1722
-5776 2972
8519 -297
8596 -398
-7429 2435
4141 -4776
-1117 -2737
516 2271
2295 -7076
-6613 -6077
809 -4067
3931 -5093
2807 -2741
4748 4800
7275 -884
-1180 -5213
-4410 4757
4944 5556
3594 3370
5616 -2293
-5249 -2579
-1223 -4992
3615 3393
-7435 -2558
5296 1193
7172 -4126
-3015 -3720
-2189 -2060
6363 -2487
-4928 -2468
8563 5117
5790 4829
4405 -4715
6742 6882
-2194 3089
8323 5928
-2152 -6146
1525 4545
3719 -4499
-7837 2386
-1411 5472
-3226 -4366
2104 89
-6889 763
-7393 -6412
-4233 1377
-625 414
3185 -4997
-3779 4133
-6505 -7169
-7617 2606
1238 2368
7051 -6971
-5117 -5560
8064 -4856
367 -6537
7514 534
-3139 -4061
4272 5678
-1411 3475
-7475 2632
-2445 -7989
1558 1283
3555 -7373
-4770 -3280
-3040 -6869
2731 -2354
-7337 -1422
-1493 3453
5832 1737
7535 2994
7433 -6491
997 7756
1995 -1930
-135 995
8050 7885
-952 896
-7412 6221
-4719 -2459
-3522 4509
-3726 4707
4029 -4478
3462 5777
5288 5053
-6935 7587
2837 -6907
-7013 225
-319 6609
-5080 380
5891 -1985
-7016 -2962
4521 -1294
4538 4183
-5670 559
-1086 642
-703 794
-6321 7569
-432 6118
4712 -3132
-5977 3580
-2286 3532
-6495 3638
-7030 450
-6902 -3332
4628 -346
6926 -2371
1456 4597
2842 6659
2278 98
2842 2500
4018 2972
-4161 -5037
-6104 -3003
1228 532
3937 2997
791 2071
-5973 -6616
-6759 567
3731 3074
1715 -7411
5732 -588
-4658 1531
9407 7232
-7370 -2246
1234 5732
-3908 -4829
3517 3370
3380 5736
4910 -1287
4954 5740
-3356 5107
3506 5912
7107 5064
7162 2890
-1916 3019
-7166 8026
-3540 -6464
1215 4207
-5491 3803
363 -7643
290 898
3972 -2783
2770 6956
-7645 8779
-5174 3145
-7841 2830
-2252 3142
5424 205
-7040 644
3968 -8081
-6743 -1660
5574 86
-937 294
180 -6251
5728 677
2155 -3868
3932 3605
5716 -2080
1988 -3776
1280 6292
8590 551
-1935 5384
-5156 3844
-7378 7675
7247 3702
3818 -2885
5118 -2314
-6907 -5194
-6079 8930
6856 6215
863 -7125
-775 -3112
803 -6600
3841 -5047
4091 -4775
-643 -6659
6947 -6768
-4233 -5020
6294 -58
2762 -2167
8236 1122
480 7024
6731 -7035
605 6301
-576 -1973
8668 -1476
8012 6759
2273 -27
4322 6079
-1400 -5250
-2768 -4756
-808 618
714 -6645
-804 673
5316 -2030
-4217 23
-5113 -2758
-6484 3598
-4982 -2922
-1454 3411
80 -3623
-2501 5868
-4052 -4275
-5894 -5886
4963 2089
6007 -1681
4774 230
-989 -3020
-1356 3265
3095 -2346
-6794 358
3241 -2575
-5872 3753
510 6413
-7714 7966
-4026 1908
-7915 8198
-7355 477
-2955 -1762
-1490 -4789
7957 -6951
-7232 8726
-6838 8
3003 6305
8190 6456
-1963 3308
5799 -2774
3485 -756
2674 7060
4116 -1913
6678 -439
7547 -6720
7789 -6996
1150 -1039
8055 -208
4758 -5090
-2388 3423
-3193 -8066
658 -1186
8433 350
-4113 4807
-217 7349
-645 7366
-2841 -3115
2753 -1891
1109 6643
6421 3212
3271 6320
-5079 -2586
7115 -7054
4967 1278
-4421 4724
-1972 3709
-7691 2286
948 7086
-2321 5730
-3523 4930
4427 -4222
-792 352
2937 7065
5649 4764
3837 -4680
-1451 -5897
4932 -474
-1681 6142
-2828 -8140
3562 -5377
3276 -7353
-2945 -6629
6722 1456
-2722 -1880
5291 1808
6222 5210
5817 4937
-7013 152
-7138 -5703
2471 -5145
-2470 -2443
732 2397
3727 3402
-6110 598
-1280 -2580
-4367 -2469
-2673 -8564
1863 -3376
452 -5872
3391 -2723
-5635 3837
-6742 -2531
-69 -9105
-6433 9590
8313 -4665
-460 137
7366 3630
-1734 4854
-4729 -2809
4224 -4417
1895 4849
-3979 4497
-2069 5481
3756 -5400
3710 -2851
7634 6227
-37 -6124
-6687 -3461
-5224 -1181
-1625 4971
872 3734
-5704 3163
1178 -6369
-6436 -1376
-1016 -4847
2168 -4752
-4258 -4776
6192 -3082
-3854 5216
7478 -6337
-5067 711
-582 321
-5208 3313
4053 -5250
-3445 -1948
-6389 -6869
-4534 -2350
3871 -5136
1204 -3717
1243 3639
2992 -7886
-1990 -5343
-3793 -2350
-7616 -1610
-3381 -6716
7246 619
1105 1398
3521 5368
-7640 2052
3958 3405
-7050 -6641
644 2863
-4009 4275
-5741 2851
925 -6796
2592 6145
5068 1418
7718 1961
6689 812
8176 2788
3964 -4623
-4249 5069
4047 -1193
-5691 3420
7779 -6644
7153 -5852
796 6164
-7792 -2894
5113 955
1227 1727
-4258 -5067
5590 -2036
6121 5710
-6601 272
-5644 -621
4024 -767
8287 -5394
-1995 -6914
-6989 -2493
1171 2950
-6912 -2129
3024 -5951
5774 4470
-7779 2658
8170 5003
-1944 3556
-1161 6181
1768 6559
-1844 -5082
-5362 -1688
-5267 -2405
7903 6657
4692 5308
7387 3787
-7784 2528
-833 -3460
1239 3996
785 -7354
-808 -4447
5970 -1760
-4121 4495
8007 6414
4929 -847
-435 -122
-916 -4723
-6993 -212
-6097 -4782
-80 83
-1597 3604
-1251 -5441
8550 4447
4398 3165
-1544 -5312
3924 4063
-431 664
8905 -5267
-2780 -7950
-3739 -181
-845 1082
-8000 2836
6411 2099
1566 -6370
8223 2247
-1080 -2307
809 -4292
4112 3803
1139 -3948
-5351 283
2682 -7732
3844 -4922
2576 -1702
-2916 -3666
463 -6395
-5962 3635
8132 -5081
5824 5716
4087 3497
7034 376
5406 4829
4402 -622
-7332 7228
-1875 5308
-298 487
-4885 23
-4161 4602
3885 -4758
3816 -5417
2984 6212
-6513 3710
3963 3174
5576 5686
4047 -4237
-7694 2450
1053 -232
8634 -610
434 7574
5197 630
-7723 2929
3834 3202
6833 -7169
5750 2378
4208 3018
891 6637
5778 1048
-7126 367
-7653 -2404
3263 -2873
-5419 -2254
-1391 6258
-3667 4349
8404 -159
-2904 -2535
3306 7170
-6921 -3544
-4199 4062
5063 1287
2457 -1388
4118 3553
1596 1580
-7606 424
-4782 -4524
683 -5961
4914 5365
-5422 3708
1294 -155
-6794 1020
-7155 692
6909 2972
7229 3942
-3013 -3189
7283 3099
7904 2643
8067 -5112
-1218 -2585
5425 1135
1054 1527
-2012 3929
6671 -2785
5665 3680
-3644 -1753
3266 -2532
-4049 4422
-8132 9070
7657 -36
-6795 547
-3205 -2442
-4217 -4562
6741 1025
-2610 -4700
-3710 -5363
1029 2299
3918 3110
3300 -7688
6053 3615
-3052 356
-5866 3045
8704 -4905
-3781 -4713
-7196 7898
7595 7282
3534 3383
723 2459
-3692 4516
527 -7256
-2386 6053
-593 446
4273 3810
-3430 -4569
2676 -1403
3798 -348
6756 4731
-7645 2495
228 -6600
-3240 -8019
-1002 -2194
1472 -5453
6665 -2999
-2914 -8230
8384 -4579
-3917 4749
2695 -8190
-161 6879
7163 -2493
3149 6932
-6883 7688
1393 4323
1100 4893
-8142 2533
2519 -3918
-295 296
3681 -2504
-683 -3213
-1306 -5922
3765 180
675 5752
-2195 5375
-4876 -2969
-1547 -6141
-5042 -3101
60 -5977
400 -6207
3094 -473
2999 -8208
9552 6644
4106 -4652
76 6214
6876 5613
1055 -6788
1071 3643
6721 2984
5941 -2379
8707 6216
-7173 8539
1245 1320
-4213 -3895
1819 -4178
4725 3872
5465 4102
-5447 3376
-2869 -3127
7461 -6588
-4767 -4427
4665 4568
3678 3374
6533 -2472
3958 3402
-2298 3535
-6967 -1613
-1011 -2859
7117 -5672
-906 6257
-5336 -2598
1303 3678
-476 524
-5250 -3164
-4137 4892
-7045 -3546
671 -361
-786 -2839
-6762 734
815 -637
-2374 -6477
3712 3375
7873 -2772
4966 4953
-1376 5851
4146 -6725
-9343 -2448
-4544 -15
5245 -1976
1381 882
8269 6153
-5148 -2605
3413 -1236
7093 -190
-6260 8514
3664 -4884
3693 -6407
-3064 -1696
5055 4663
-1073 -2692
-1631 -2219
-2724 -6933
5675 -1052
7526 -6515
7984 -5978
-6819 -2572
4233 4283
-4701 -156
-4377 -61
-694 6887
1473 4655
1072 -4608
5393 4746
-5865 -7066
3324 -2918
-5705 3630
-1264 5094
-2113 -6397
-5778 3124
1098 2083
1141 -6067
-1699 -5160
-803 605
7073 3273
-278 6033
1885 2734
8919 -3836
1813 4904
7014 -113
6431 4130
3609 -6442
4827 -1889
7663 -4364
-2 -6576
-691 2059
-1409 3246
2804 6607
-2019 3754
7117 -6756
-6555 -4670
-6634 -7585
5979 -2606
7115 -6628
-4416 -5265
-3748 4873
6462 -2305
6712 -50
83 -6612
-573 -2833
1987 -5035
-8068 2646
8209 6330
1734 -5680
-5833 7553
6809 -2051
6573 -6167
4247 -4521
-6319 -1805
-422 -3561
-3713 -2112
-6417 7075
254 1449
-6748 -4726
905 -4548
4072 -5124
6671 4279
2323 -3931
4036 -808
5855 -2118
-5667 3277
-3886 113
-6955 8891
6434 -1847
-934 6940
-1079 -5005
5683 1642
7371 -6410
-5772 6738
1370 6664
1159 3844
-4289 -3595
-1607 -2188
-1494 -4908
7591 -618
-423 -17
-1046 -2606
-2102 3241
-5071 -3341
6917 3576
1072 7523
3927 -980
3086 -193
5255 6077
-3743 4645
-2946 4537
7799 -5743
1060 202
-6820 8190
-3261 -3289
4092 2963
-4506 -135
-4085 4356
7467 -6832
7189 -6785
-7152 554
-2652 -1988
-1118 561
1054 69
-1363 -5105
-1528 -4871
-5860 -6226
6401 -2455
-2235 -1721
-1490 -2140
181 90
-6868 -2294
-8050 6884
7829 1388
4653 -4816
-3138 -1996
5359 5288
5402 4576
-7980 2876
-1771 -5325
-6873 247
5392 5361
-372 684
-2086 -5344
-6522 7462
-6496 -2030
-6178 7664
-6812 -7416
4660 3784
7137 2378
-690 374
7102 7334
-1730 3754
-1501 -6256
-7871 2885
-4258 4621
8585 -4407
1515 -4538
-4922 -2877
-4776 -3688
-775 -2917
8533 -1473
-3047 -2403
-2741 -2932
-941 335
-125 6425
-1623 -2561
884 4521
-4012 4879
-1410 831
-6323 -1633
-7132 -6463
1337 -4206
5966 714
-245 -6494
-2628 -2681
2565 3
-7332 8018
-1713 -5235
3232 -1441
-7948 2582
-918 -4666
-7947 -7092
-6245 -6502
1047 1253
7814 -4715
-6892 499
-1647 -4605
1504 4545
-578 -3751
-1500 -7776
4372 -1469
62 1712
-4544 1067
7903 -6601
-8913 8516
-6163 -2603
-5052 3564
3876 -2216
-3259 4687
540 1711
8226 7250
-2192 5398
422 8068
-6615 7374
8443 5406
-1415 -2912
-7730 2637
-1929 3061
9744 -5816
5011 -5120
-3308 -2697
5027 4983
-875 -123
4126 3364
6401 -1016
4947 -725
1890 1721
-1181 667
-5745 3317
-7200 6697
663 1157
-6758 433
4740 -410
-3618 -4730
7717 4033
-8013 2557
7575 -6733
-8312 7451
218 5692
2877 -8248
3511 6149
-726 5345
4027 -4969
6587 -4729
-8074 2608
1509 -4252
-7892 2709
-5191 -2212
1529 3753
-1091 -5827
-1408 -5161
-6873 8637
3398 -7227
-5494 -2613
-3867 483
807 -4205
1011 -6572
5581 2404
-5345 3100
-7985 8267
-7002 -3966
-4867 -3020
3123 -1160
-7090 -902
1591 726
6354 1288
-4793 -2908
-5614 -2857
4987 -1329
-5596 7107
-678 -6522
3445 6539
8645 7298
-7829 2422
3950 -1698
-4026 -3726
2122 4276
5314 319
1453 1201
-724 6720
5793 620
3662 3802
8356 -4716
762 -7273
-7374 561
245 7539
6985 -5358
384 -5925
6389 -1267
7318 -7072
-5688 -6330
-4334 1075
-6968 241
-6763 485
300 -6157
1573 -4645
-5737 -2073
970 -6196
-6697 -6869
-1418 4722
-953 -2323
-2016 5310
-779 687
-5263 -6005
6436 5417
-1795 3566
5279 4837
7228 -5076
-2262 3951
1470 4431
-3964 4757
7405 -6953
2176 -8238
5520 1163
3923 3648
4028 -2301
178 7273
-397 -89
1383 -6277
-3105 -2561
-5235 -5424
-3696 -4962
-7589 2482
-7178 181
4461 -4492
-2447 3295
1377 5564
-2052 3111
8369 -4957
7527 -5176
3096 6326
7016 -913
1194 1639
7924 1080
-3424 -1078
1305 4338
2664 6144
-4718 694
-5529 -1790
2402 -5943
6951 -3390
-3896 4894
-1750 -6861
-3014 -2497
-4055 591
-2917 -2235
7403 -6488
-2202 6527
2803 -6599
7467 -6105
-2538 3312
-3521 -2251
2571 -753
-5588 -7904
3143 -8192
1828 -1711
-615 215
5290 3282
-5402 3251
-530 -5099
4527 111
2946 6845
-5513 -2438
4019 -5243
-2860 -4660
3226 -1900
-5284 -2860
-8054 2180
6983 -6452
8148 -446
1814 -4237
3135 -6733
-7083 562
-1114 -5720
-579 3535
7917 3078
4312 -5476
7492 -6379
619 -7291
-3371 -14
-5236 3562
-5303 -2604
1721 -7217
3867 2835
3960 -4423
537 -6102
-796 225
-5860 3438
-4845 513
2589 6675
-5673 3240
-3184 -3687
5880 591
-3012 -7235
-7060 591
-1566 -8860
-5763 -2345
5290 -604
-464 -2895
-2048 3182
-2357 5592
1098 4573
-6568 -6003
3825 3359
-7793 2293
6677 795
4114 -4772
-7741 -2875
186 2122
-3288 -2679
-1911 3478
-852 -5747
-3233 -2108
-6160 7554
561 -596
-2855 -8102
-808 -5544
2561 -2070
-94 -222
3702 3408
-7841 2374
-359 994
-2583 -4274
6034 1340
-7855 -3576
-1632 5650
833 -3903
4300 -281
3866 -7800
4000 3321
-3631 -485
7080 -6323
3650 3270
-869 -5225
-6000 7522
3732 -5287
2191 219
1296 26
1061 -848
8445 -4693
7696 -6756
-1905 4881
-6103 3385
-3408 -7457
-5582 -108
6079 1443
-4689 -1879
-3658 -4131
-4203 -376
-3488 -6865
-7478 -6234
-8312 -2549
316 5869
-5635 -9167
-4453 -2534
-7146 720
6370 -2911
-4719 143
-579 -2437
6097 -1686
-1591 7592
-1992 -5363
-4554 -2551
-7951 -3238
-2128 -7111
-4639 -3694
-7270 7668
452 -6259
8869 -4459
-4172 -2936
-2223 -2442
-2122 5305
-507 6861
9063 542
6609 2981
6417 703
3799 -4727
1138 1500
-1525 -5334
2031 -536
-2316 3092
8123 3596
2928 -7417
2106 4560
-3184 -6475
-7856 -1614
6862 -1627
-3271 -2771
-3732 -4748
-5271 3219
-1552 -6554
-2570 4889
-6118 -3927
6620 1452
-1639 -2813
-2378 -2265
-509 399
3850 -4758
739 1885
7539 -6565
5015 -1312
-3802 5266
1220 -3694
-8184 2502
3487 -6336
-793 7351
6134 2898
1847 4456
3372 -2041
739 -128
-4933 -2857
5605 2073
-1978 3293
749 -4918
5324 1382
1137 4545
-2036 3415
8439 -5929
-1261 -7742
6823 2830
-4995 -4043
4209 3474
-1354 -4487
-970 -5162
3913 6650
-1435 -2232
884 4773
-509 -2427
6397 4828
2955 7039
1029 -4070
-847 -4548
-528 -6485
6976 -6418
5361 -228
5355 1215
-2404 -3538
-2360 2866
5717 408
-7794 8530
7605 -7169
7420 1848
8202 6651
953 -3933
7412 5068
5839 -2144
-263 -7452
-242 6699
5810 872
-2977 -7581
3526 -4748
807 -7061
-1940 2355
-7838 2715
-902 54
6961 3207
-4229 -4031
4843 -9079
651 2064
-1988 3504
3970 -5225
-1709 -5405
1904 -3021
3547 -5212
5310 1639
5780 -302
-2926 -2716
-4894 -5473
-7687 2052
-1114 6553
7624 -84
-594 263
-2054 3231
-1733 -2453
7458 3628
-2669 -8075
5009 -2295
-895 5558
1487 4437
7537 -6007
6647 742
8181 -3173
1303 1484
4031 -7440
-5877 538
-5065 -2166
-1980 5874
-4263 735
-6865 7751
-7227 58
-4186 401
-2240 3544
3465 2792
-1670 6180
-552 -779
8990 -5351
8819 -4944
5705 4900
1753 3787
4224 3243
7693 -6761
-5544 -6723
2536 -7338
-3551 4234
5611 6060
-1969 -5606
2926 6619
4732 1397
-7928 2696
8038 -49
-5900 3434
7625 -1336
5995 -577
-3851 4867
3856 3193
-393 431
5854 1222
-877 7847
-5995 -2174
-3631 -6884
1019 -610
-542 -8802
-8253 2735
-694 506
-6575 -6274
-7542 2721
-3958 4868
8790 -4417
-4479 38
-4049 4052
4188 2968
-901 -2877
-265 5908
-2077 3554
-2308 -8036
-5746 265
-4348 -2578
-5056 -2574
3243 6771
-494 -4992
6141 730
-1121 -4990
1225 -3140
6733 436
-4965 3683
-7199 -2251
-2033 3697
-5062 2808
-6040 -6957
7684 1267
-3543 4916
-427 -2939
3493 6708
-4956 -7070
1647 4558
-521 188
-4197 859
-6749 -6393
7396 6474
-348 520
-3878 3774
-1501 -5951
7024 -7202
-7639 -1004
3770 -2931
-1345 -5573
3686 3548
-4995 -4202
-7388 7177
-7766 -3877
-1018 5712
-3139 -4562
-5580 -2673
-2419 5719
-2150 5496
-2786 -6050
-4657 295
-3863 -4976
5956 -1991
-4981 -3140
5644 1191
4772 4179
-6033 -6786
5998 1686
-4335 -2816
941 -5798
-2575 -2911
3694 3573
793 4628
5719 5197
-1988 -6985
-5192 -2860
7416 -6728
-3605 4389
-7802 2535
-2244 3028
-6650 -2561
-862 -105
2982 -3475
2183 4128
-4249 -3851
4457 -6619
4300 -798
2349 -1044
-7142 -1769
1389 667
6817 -6470
2611 -1939
-3653 -7220
1809 -4078
3202 -6751
-4697 825
8791 -118
7411 524
-1927 -4969
5912 -717
3792 -2761
-882 -3111
-3812 4538
-2826 -4351
8506 7331
-3362 -2668
1222 4278
8663 -4432
-7823 3069
-7309 8309
7216 -7039
4100 -7157
-986 -2418
-440 8331
1343 -3651
4795 -5335
-1068 -2564
5454 -1103
-1175 7433
-6065 2904
7442 -6272
7076 5777
-4252 731
863 -7417
5800 5842
-7974 2327
7285 5797
-3815 -3501
-2005 3711
5340 5562
4986 4255
2348 -6012
-8276 -2652
-6673 -2517
7515 -7022
6875 -6195
3857 3498
7992 6918
6628 7487
5638 1349
-2065 -5867
3377 -7941
-5076 -2826
-3589 -4174
1465 4208
-7182 -2657
-773 -5645
-6726 -8163
-6957 424
-4199 4110
-1820 -7146
-5172 -2232
-5549 3005
-8199 2480
7204 5121
7419 6104
-7747 2455
2009 -3848
1216 -3864
-5325 3444
1245 -845
1200 4053
-5068 793
3859 3274
-2142 -1665
-5881 -3409
-4043 -4224
-1329 409
-2386 2943
-3531 5056
1650 4220
1910 -4452
-3790 4601
-8156 2473
-6792 349
6546 -5024
5670 562
1582 4343
-3904 4411
4252 -4737
4166 -1824
-1075 -4323
-6220 6040
7954 1002
-5048 3098
-4048 4817
-5419 -6655
1700 -2555
7577 3785
-1277 -5026
-784 -2543
-6872 351
-2842 -7034
1438 5298
2328 -1584
8383 -5420
-6075 -2060
8738 5609
3194 -5019
7108 358
-3272 -1266
2860 6604
1864 4881
4156 5387
319 2640
3807 3537
7899 3190
-538 5864
-741 -4388
-4820 -2447
3835 -1912
-2319 2771
-5643 3609
-6183 7643
-362 568
-8068 2288
-1163 -3103
-7154 833
5515 4203
-2901 -5538
7436 -6360
-6902 323
6697 374
1876 4962
6126 -2585
-1561 3203
3081 -2036
7067 875
6111 453
-1718 3320
6410 5120
-9038 -2342
460 -6236
-567 634
3078 -6877
7693 -5152
-6721 -1987
-2798 -3508
-2823 -1835
2459 6337
-5992 -5427
2305 -7054
658 -6148
-1869 3536
-1028 120
4539 -283
-5474 -2732
7546 4216
905 -6116
-2854 -7110
-7455 2410
-2798 -4090
-435 685
-4228 4553
1082 -6993
6990 -6808
-641 359
-7703 530
-2357 -7378
-831 361
1539 -951
-6694 9350
627 3050
1350 4070
5164 -1000
-4806 -4193
-2739 -5537
4097 5032
-2482 6120
-4529 5174
-3886 -4876
9377 7356
-2990 -2355
1844 4356
4813 5414
-7160 7422
-4427 -3058
-3511 -6899
2474 -225
6446 4146
-624 -2412
-5412 3510
5619 662
5332 -3189
7290 -136
5330 -1544
-6940 -2459
4641 5191
8288 4695
5560 1354
5560 5456
5285 -2130
5333 484
8429 -5644
7325 -8
7685 4829
4747 -282
-472 -1038
4928 4575
1881 -1472
-4322 -1397
-2039 3467
2391 6229
-648 -3098
1037 3738
6633 2383
7109 2620
-3890 4695
-7937 2378
1856 4410
-6038 3346
-2250 -4919
4080 3317
1592 4371
8297 -4147
-6627 -6197
-7475 7652
-7823 -7201
-2221 4075
5213 258
4872 -667
-5944 3578
3004 3263
5810 -2289
483 8143
5041 4629
-5792 3539
4204 -4733
-5087 3179
-842 -25
-7816 2620
-6735 -2586
-3125 -2448
-7321 8236
2205 4175
1961 6776
7064 -5641
-623 681
-5406 3595
-7897 2868
1580 4643
-4373 -440
-5979 -6026
764 4087
4666 4817
2820 1980
5025 987
3960 4031
1071 -5591
4042 -4780
-4671 -1003
-4128 -2623
-6486 -2930
-1167 -5616
3787 -5673
2459 6635
7024 -6985
3797 -6411
8259 7617
2408 -3554
-7058 6981
5469 972
5452 5632
2633 -2612
5102 -756
5756 4174
-6329 267
3861 -586
-7284 -1156
-3098 -2282
3824 -4866
1352 -529
-3035 -2434
-4634 609
7633 -6979
3079 6529
-7804 2454
-6932 366
4280 3328
3758 1089
7429 6251
-1434 3295
5469 4803
7417 3715
-3746 4866
-5443 1339
3840 3305
-1822 5185
3830 -5168
3528 5848
-8409 -7130
4407 -414
801 307
4847 -654
-1933 5092
1470 4191
-4346 4728
1264 2149
-606 6827
-254 6772
3665 3101
592 -6049
254 -6032
2668 -3466
5900 -3077
-4880 -2563
-2773 -7183
6377 3475
716 2695
1276 6880
-2643 3665
4315 5036
7159 -5305
3926 3161
-3700 4326
3768 -7148
5507 -981
-3754 4414
4547 -4909
2458 -924
-2037 -5194
-6785 634
7704 952
-2037 -6246
-3777 5448
-2446 -7419
1501 4745
-4009 4429
-5040 -2059
-5443 3302
8216 1142
-2773 -5641
-2022 3424
-2306 4876
5055 1081
3163 -4125
2717 -2434
-2251 5949
-1330 -2611
3972 3373
-1870 -4819
4879 -4868
896 -6222
8238 6675
4938 -4794
1612 -856
4833 4702
-3156 -6789
-4763 815
7720 6228
-7102 323
7318 4197
-5187 3047
-7599 -2362
2335 808
7809 -6719
-3882 4653
6003 1509
-3688 4294
-6028 -5529
-1035 443
-7773 2628
6553 800
3292 -5498
-7027 561
-6626 -8688
-6033 2578
4324 -7194
4390 -5021
305 -6859
3123 6144
7184 5552
-4882 -2359
-2068 5323
-263 -2929
3058 6714
3223 -7352
-4697 -1914
-5159 -2389
-1900 3400
-5481 3127
-2816 -2835
-3292 -1724
-2140 6338
2779 6827
-4121 4728
6904 -4861
-5326 -2550
-7317 -1293
-6246 -4855
-935 521
-7143 637
-6582 7948
-4810 684
4112 -5825
3281 -741
7127 -6977
-1315 -2618
-637 -2581
7107 -6500
-1311 -5101
-4794 -2113
-6856 346
-3202 -6099
-585 678
-1874 3423
1439 -975
6296 -6530
-1088 -2258
-6453 -3198
4984 -1252
1194 -6049
-1914 3382
-452 -665
772 -1295
4833 -1281
5350 -2296
-2571 4863
1143 474
1672 -2575
4495 -1867
3650 3379
2288 927
2350 -5380
-6354 -1979
-5761 -4526
-7525 7063
-5380 -7523
-2130 -7465
3244 -2904
6149 -2542
2364 -2369
-968 538
-6075 -7975
3426 -4930
3867 3105
2065 -2728
-346 72
6032 -1860
1082 -6782
-641 98
5959 1565
5829 4616
-3022 -2222
7803 -4306
-1514 -4187
1482 2139
6022 -2821
8359 6945
2512 6596
6732 1518
-220 1633
3718 3247
-7076 425
-1889 3365
751 -6752
1464 -1156
7137 -4573
-5756 3033
6325 -2948
3958 -4754
3732 3386
7310 -6507
-302 -4140
765 4700
3929 -7174
7515 295
6985 -7179
-1697 4738
-2531 2986
-4776 762
890 4973
-2924 -2029
2092 -2076
7786 3200
-7421 7991
3585 -2409
-2402 3809
2736 -6665
7763 -838
-992 338
-6688 -6958
-1823 -5400
-6396 220
1731 576
-4872 -2655
-5164 -338
-2308 3558
7670 -6604
-1922 6248
4325 -5053
3644 2958
-193 8632
4920 -3439
-1090 314
-2362 -2201
-1636 -5004
4451 -6845
-5050 196
-1948 3227
2988 6405
3010 -1253
3049 -5197
3479 -2618
7682 -5184
-4984 2763
-4816 -2345
4542 -1285
7016 -6554
7306 1720
-648 826
7891 6223
6444 956
-1337 5764
-3464 -5659
-4347 -363
7575 3075
6165 945
3909 3602
7568 6808
5367 5246
-3829 513
1059 7025
6269 -6347
-4185 930
-93 -6477
2556 6754
2791 -2271
-3096 -5809
-4684 -2503
-1479 -4751
-6453 9340
1967 -8607
-638 8132
-820 -155
-3689 4725
5466 932
4098 -4849
-352 -5304
-800 862
-3538 -6922
534 2234
-3416 4316
-4106 -4216
6390 1522
-3523 -2316
-3467 -3475
1021 2325
7792 5808
7413 -3962
724 -3226
3287 6469
-3329 527
8436 -3709
4004 3498
1574 4252
2955 6208
-5922 399
3467 6075
3450 -1806
-3886 126
-4590 -3295
-4509 -5977
7203 -6532
6891 1606
-3699 4625
2583 2078
-717 -2687
7719 3038
-4091 4432
-3055 -1800
-3524 4879
-570 -2958
-7048 -3199
7901 659
-6947 593
-1212 -5166
651 -3974
3048 -4950
-5002 -3642
4394 -666
7011 -6117
-4002 4836
2605 6577
7406 6763
9031 -4723
1629 3291
1195 -314
91 7229
-1762 -4703
8069 -4712
-3199 -7108
-1605 5372
6865 -6749
8505 6998
832 992
7623 -6366
8709 6228
6410 -3372
-2064 4369
1301 3472
-2787 -2624
-5511 3501
-2914 -7410
-7844 2550
1703 4542
-2934 5845
2757 6007
996 4397
6286 1350
5349 -3413
-6892 7453
5227 -3213
1546 4679
3166 6652
-2004 -5206
2669 -5098
730 2073
-5098 6488
8353 -3665
4891 -1162
5171 -2802
3270 -1590
-2109 2682
7699 -281
7337 24
-937 -5771
-5985 -2950
4167 231
3892 -4775
-2993 -4081
-1989 5387
-3353 -1263
-4180 5100
6645 1402
-1972 3376
7409 -5104
6321 -5682
-3581 -2314
-5191 -3369
-1700 5312
-3153 -1869
-8029 2629
-1492 7524
2243 -369
-1693 6022
5726 -2081
-5076 -7621
-5542 -7288
2162 2835
-4799 -3825
-7234 103
521 -6915
1801 -391
7716 3302
6808 -540
-5234 -2165
-1874 3010
-2398 3971
3322 -1077
833 2791
-3648 -371
-5638 -987
-6729 -2085
-5525 3634
750 5105
5440 4622
-4314 -2500
-1254 -2438
3967 -2547
1161 -6987
2228 -5676
-7308 -2587
-5309 -2818
8092 1725
5491 1428
6421 -6904
4923 4855
-2771 -1974
343 -6885
-5708 -2541
-530 239
2900 6602
3649 2942
3956 -2140
-5030 -2435
360 6397
8301 3667
-7738 2218
-1698 4690
8721 450
4097 -6322
-2461 -8861
7823 -5227
1365 -4721
2415 -174
-3648 4635
2926 7051
1483 -4783
-169 6582
-2218 -6430
-1582 3704
716 4030
4927 1042
-7183 1071
-5092 6759
-484 -2496
1321 3152
-4426 -4874
5450 -2371
5826 -1952
927 -6258
-4439 4529
1616 -3580
-5927 3466
3604 -5048
-3722 -1776
7142 5804
-6220 3105
333 -6458
-2968 -3926
7665 6836
3230 6256
4289 -5384
9082 994
3576 -4804
7545 244
6815 5341
3451 -3170
-396 -6909
7282 -5760
5848 -2358
7425 6411
7833 -6810
5275 -1987
-5119 -7212
3364 -2010
5985 3374
-3771 4674
3543 -8531
-1269 6164
-6758 356
5219 960
3306 -3201
-6681 457
5928 846
-5236 -2855
6066 -818
-3401 -2826
-6572 -3059
7827 -226
907 -5390
9298 -5541
-7339 -6946
1118 -4496
675 7162
838 1274
-3865 4654
3942 -1169
2509 -2658
396 1880
-6672 -6499
8325 -4076
-6298 -6198
7698 6208
-7637 8105
4674 -446
2002 4821
8313 -5109
1266 382
4256 -5947
-7888 8939
8266 6119
-1581 -7731
2170 -3721
-2403 3430
-7951 2772
-7014 -1546
5930 -2179
-3347 -6120
-1274 -5760
5989 1543
-7276 410
-5700 3282
6495 5091
-7671 2744
5514 -1080
7205 4991
-960 -5684
1548 2034
-3976 4652
-4356 4731
-2450 5498
6690 6213
5316 1527
-872 -5814
3040 6504
-4175 4436
-1749 -5780
2397 -233
-4947 3198
6826 2624
-2065 5516
4957 4481
4134 -4692
-1472 -5210
4666 79
3619 3478
8000 6034
-3218 -7421
1911 -2361
-2613 -7624
6957 -6416
-5554 152
-6091 8756
4133 3166
-7203 -3392
801 -6030
-1208 -6503
-4971 -2333
-620 6618
-3258 -3763
966 6393
411 777
3484 -7366
2465 6039
-5574 2998
-938 -2375
-4915 -2656
-3646 -4461
-2719 -2140
7303 4682
1113 7457
6073 969
7687 -4529
7231 -5278
1186 -3170
-5095 -3727
-7908 -988
4004 -5027
4994 5349
-1561 3179
1536 2392
4014 3336
8276 1044
-2834 -5442
151 -6403
1081 1511
5376 -3635
335 -3832
3906 3294
7605 5216
331 773
-1721 -4954
-6252 7879
5899 1277
4306 -4854
-2867 -7306
7270 -3668
-5219 -2975
-7086 339
6867 3651
5336 -8480
6232 -3336
-2309 -5062
4257 6580
-5300 3382
-3009 -2719
4295 -961
3812 -4564
7349 6750
-6367 -6242
7494 -6232
6150 -2052
8476 -3912
-1259 -5109
8515 -1574
-7263 9682
8502 -5087
-6226 8236
-7933 2388
7996 3475
944 -7175
-8694 7775
5716 204
-1083 -2239
-902 254
-2157 5537
3345 811
-3471 -3169
-5613 -598
1309 -2806
8054 -5366
-6742 -7530
7664 -1270
-3814 4875
-5481 -2440
-2605 -5369
-2672 6158
224 4185
-5625 3295
-6791 1010
-722 6448
4230 5925
-4584 -578
7533 -874
6970 238
2968 6413
609 1993
8349 5813
-4511 -6380
-2978 -8332
5172 260
-4530 4069
4620 -4645
1105 6749
1786 4259
2664 6345
5089 -170
7044 -6594
-1739 5522
3692 -732
-7741 -1787
3259 6245
-7032 208
-5037 -2615
-6532 -1092
-1993 -7005
-3798 -6758
-4826 -2223
-4215 5297
2663 -6996
-3509 4079
-2030 3661
2810 -1902
-4918 -3199
200 -5088
-5324 -2671
2026 -875
9903 7197
-3724 4598
-6359 6277
-8178 -2717
4156 -4546
1470 -1680
-7259 -3195
-1532 3067
-6362 -2819
6294 -724
-6793 -2964
132 7156
-7074 77
-4033 -4801
7715 1170
-5712 9329
-1869 5810
-745 64
-2341 -6391
-498 464
2377 -7700
660 2358
5181 -2240
-705 -683
2738 6215
7320 -2257
-6749 -6348
1330 521
-2833 -1999
1007 -5536
1826 4650
-6870 543
3597 -4947
-1021 -4839
-983 1067
505 5005
-5562 3627
-7806 2977
2333 -8
5205 1683
-2361 -2462
-3082 -2413
-923 -2859
1501 -6082
6708 -6913
2300 -1416
6698 -440
-1227 -2477
2638 2846
-3443 -1926
152 6092
-460 -2526
3067 -2139
444 3321
3691 -4573
-2612 3625
-6905 473
7451 6488
4055 -1928
-1397 -1963
-2487 -1979
-7417 -1715
-3090 -2261
7752 5840
1626 2200
791 551
8307 -303
-5016 -2598
4242 -5451
3818 -8947
5854 5504
7400 -221
6029 -3380
-1757 -5416
7519 -3971
-1256 -2657
3174 -2844
-5218 244
4693 63
3882 -50
-3218 -8666
6436 192
233 2607
2653 -1387
-3414 4832
4170 -2407
-4179 -1273
7922 -3979
4860 -371
515 -6651
7990 7162
-6973 225
1299 1423
-7827 2456
-2793 -2394
-5024 -2558
4645 -5272
1331 5057
8852 -5412
-5632 -3129
-6090 -6538
75 2163
6694 -1856
-7695 2248
-2577 4980
2408 -7524
373 -5846
3775 3125
4751 -1293
-4346 -283
-4283 1046
4973 854
6566 -131
-3568 -414
3825 3068
7691 1796
5702 -653
-4012 -5055
4345 241
364 -6696
7183 -960
-2206 -5120
-3740 5116
-1444 -5306
-5610 -1728
763 -5913
-1901 3388
7272 1589
2963 -7337
7293 -6814
5890 2171
-3057 -4307
-982 537
-364 3
57 3177
-5073 805
5019 -1286
-7259 878
3078 -6706
-1756 5185
-2088 5692
-1922 3402
-1464 -5785
-7177 7544
-5678 2605
7916 6149
4904 1129
2751 -7972
-457 -5525
-2125 2686
-4960 -2538
-2210 6011
7287 -4045
-4199 -2739
3538 -2302
-5394 695
7749 -7192
-2648 -2348
-5907 -1966
3625 -8040
713 -5466
-7684 2878
-3780 -8097
-8259 7460
1385 -1146
2457 -1429
1555 1254
585 1286
8258 5246
-2170 5422
8394 -4835
1897 4420
6114 -94
-4681 114
-6039 7888
-5553 -2465
659 1969
-2560 3136
-4940 -549
3973 -8884
8708 156
5334 4097
353 -5983
-7104 -3160
-101 7211
-3436 -2269
-7441 -3624
-7644 2365
1802 -3878
2751 -2969
-1937 -8615
-3588 4702
-4219 -702
-7250 -7535
7283 -6782
-7244 492
1851 -4716
7269 6748
-604 192
-7941 2686
2845 6518
-3309 -2197
-2506 3363
6939 7099
-2080 -6193
-5282 -659
-2601 -1921
-3894 4040
3687 -2615
7653 -365
-2241 3422
3532 3378
7708 -5127
7256 -4170
-5970 -3067
3564 7125
-1746 -4899
8595 3619
-3718 5098
951 -6028
-2476 -2402
-4386 -178
8210 -4977
-2668 -3058
-2223 -6397
-8293 2385
926 -5240
2920 6388
-2161 -2738
-5878 3282
790 4664
3455 -5141
-4603 1462
-724 768
984 -3883
-3093 -3878
-4951 -2215
1291 4222
1455 3386
7764 940
-815 510
-1979 3722
-5166 -2105
4261 -1537
1124 194
3471 6036
-1341 7317
-1556 -5425
-7107 8305
3724 6401
-2625 -6867
-4254 -4716
-5690 -6276
-5199 -7566
6708 -2164
7672 893
-7426 7786
-662 760
-4931 -2886
7620 -4823
-5828 3500
-5041 3035
3961 -6291
962 1846
4125 -5339
-1037 -2572
-6803 368
-4026 -3651
5372 -622
3989 3415
-6096 -6851
-7349 -2459
-1308 5343
950 1238
7415 -6562
632 -4554
-3317 -1539
-3227 -4784
-874 -66
4592 1207
7890 6153
2975 6428
-636 -2686
-5253 -160
7391 1973
-5896 3030
-1687 4907
-7397 -2627
-6149 2939
-4166 -7019
-3877 4241
3140 -2097
-2997 3318
-1219 -5239
-6802 533
1188 -6680
-5984 -6790
-7692 2622
9251 3992
7384 -7199
-2746 -6546
3346 -7575
6934 -3660
7598 645
8060 6628
1774 4591
-5356 -2829
8081 -5012
6361 879
4646 -606
-1154 -5084
1548 -4197
4408 5034
-5180 711
6280 -1115
1919 4922
-2407 -6163
3458 -6841
4245 660
7600 -7066
-2282 -7567
8896 3547
6976 -6533
792 -6479
8028 -5207
-2621 -8759
-6442 -7980
2375 -2411
-1008 -3182
-5848 -5550
-783 -2917
6487 -2282
-2531 -5959
3784 3232
-5950 3360
7055 -121
8124 6678
-815 695
4153 3224
6484 766
-7160 7701
6618 -5592
-2833 -5936
-1019 -2728
-2905 -8536
-3032 -1922
-3514 -5849
7460 2471
5139 -1123
-3670 4528
1599 4118
5096 4165
-1469 -2390
-1083 -5284
-7612 -2072
-500 7846
-7620 -2907
-219 2965
-8326 7798
2065 4557
4302 -4878
-6777 681
5757 -2951
-2411 3685
2970 6312
1216 4082
6077 -2087
1108 3941
3889 3448
-3665 171
557 -5819
-4969 212
4496 5843
2776 -1520
2013 -5516
6956 -2009
1182 1703
-2057 3166
-58 6682
1701 3017
-4586 -3310
-2014 4872
8977 -3689
6242 995
2331 6785
-2953 -2400
-5244 -2667
4004 6105
2657 6226
-7818 -3056
1072 4656
5303 -890
8917 8139
6265 -3995
4207 -4688
-4397 199
-1778 -5823
-4307 4899
-7574 -3219
-5789 -4767
2953 7122
7584 -6829
-3759 4857
-1895 5392
-537 223
-1798 3542
6137 -2940
5185 1728
-5452 420
5882 6406
-5462 -595
-960 -2530
-1013 -2794
-3803 -860
-3635 -2228
5233 455
7641 6927
2645 1865
-7252 -2409
-2386 4054
2206 6435
3057 6446
-7169 817
935 -5135
-2315 5444
-7814 2684
1708 3929
-4240 -5521
3742 -2299
-1181 -2440
-1195 -2419
-504 -2727
-3694 -5323
-5259 3714
5809 -3114
3434 -6458
-1179 -3018
152 -4909
7392 -1177
-2048 -5451
-1031 -8199
6201 3202
-950 -4896
5113 -886
7520 5864
-1303 4814
3061 6615
7786 1142
464 2205
8998 -3708
-1671 6540
-2535 -1786
5464 1138
-3899 4436
5463 -2225
2194 4703
-1028 -5448
-45 5898
7300 -6731
5855 5302
7578 -6325
-7131 576
8563 -4349
6492 -1521
6879 573
-2735 -1356
-5500 -6286
3761 2961
-2422 4799
6261 1231
1703 4669
7891 -7319
-4830 -2886
5533 1631
513 -6339
-7358 -2535
-5271 -3140
2973 6777
-3587 4918
1953 -3192
-909 -6500
4632 5919
4957 -1358
8915 -4336
7717 349
2162 -1634
-6381 -7839
7469 2261
-7979 2465
-4521 4904
7404 -6321
-2876 -3908
2860 -7608
-1394 -2754
-3671 4842
-6123 7926
-5378 3499
-1388 6090
6445 1897
-2988 -2131
-1800 2973
147 7620
-7765 7293
6718 710
-7233 526
-3851 5285
-3929 1981
8757 5790
-7012 918
-2159 5857
2782 6181
5651 4090
3548 -4444
6115 -2024
-6879 8789
-3584 4519
7991 4679
5240 5176
-6449 -6605
689 4449
-200 -166
-3531 -7580
8785 988
111 475
-5895 7577
-1692 6148
-5351 3518
-5367 493
4031 -1935
4774 1369
2181 6716
-2531 -2617
-5513 -6342
-1817 -7744
-3913 -4793
-125 46
8533 6727
5816 5472
4253 -4599
3731 -5200
8082 -6585
439 646
5660 956
-3772 -4535
3874 -3586
380 6964
-2739 -5915
-7190 7655
1048 -4175
-1709 -2538
5627 1070
4205 -4807
4600 -5369
-6354 -2026
811 -3574
2900 -6046
2197 5301
-1014 -2293
-949 6800
1610 4928
-3178 -2154
553 6741
3468 -4811
283 -6144
-1049 -1654
-3816 -1597
-4034 4764
2782 -2359
-7299 81
-5100 -893
-2850 -4260
-1580 5427
-257 545
7326 630
976 7436
-5284 -2755
2410 7153
-1772 -2091
-5273 -3155
7781 -4297
-5561 2905
-2188 -7034
-3278 -4392
-2635 -1899
-1087 -3286
-7172 -2482
-1313 5902
-1269 -2509
-2387 -2855
-7770 2436
-1334 -5504
2226 4100
3691 -3212
-5501 -6231
8799 2642
-824 -2394
7173 -6155
4254 -4416
-654 870
898 -4971
-6886 7956
7859 6479
-6369 3135
4114 -2473
2419 -1105
-5286 -847
-581 -4862
-6561 -7218
9059 1195
-1322 -3064
5248 580
-4710 3872
-7805 2492
-2133 4572
-2545 3214
7090 929
1372 -5616
3808 -8119
4764 -718
-5952 3651
4461 5591
8071 6714
-7923 2131
-7646 9218
-4196 4607
-6954 8272
3157 -4695
2657 -775
3859 -5198
-3877 4717
-1355 5707
6132 -2714
8589 2366
-2253 3825
1980 4936
2550 -2762
4318 3452
-1636 5931
-3131 -1913
27 5692
-2189 3267
-1139 -3335
710 8002
7855 852
-1235 9019
3634 -2532
1110 2643
-4967 -2551
-3249 -6843
-1473 5500
723 6490
-1030 -4774
-7420 2616
-2125 -7555
-6440 3419
563 2383
-3486 4591
7238 -2954
3512 -2422
8166 1152
958 -1765
-4130 4647
-3935 -492
4219 -3712
-7191 -1292
-3598 4456
2414 -7125
-1734 -6239
2991 6747
-6796 482
8719 5984
7031 656
7923 -4388
831 -7153
-732 -2468
525 -6229
21 -7081
2970 -2863
-1519 5995
-7037 -2071
-5628 3646
-1526 7647
-6480 7448
-737 -2512
-7456 2299
-2504 3425
1407 -5215
-5881 9067
3606 -7961
1474 4257
7695 7262
1601 630
7909 -6387
-7840 2601
-6261 -6259
967 6793
-2089 3667
-1430 3176
6854 -7579
-4086 4758
-7037 7666
1818 -691
-5521 -5867
5696 139
-5625 3695
1865 -4666
5994 -2983
6715 -7013
7350 -6357
1627 -265
3772 -3412
5938 546
7765 -3239
3879 3163
-4341 -4214
3866 -5757
-4655 5
4311 -2575
2297 3814
3557 -7471
2974 -7015
-340 6503
5436 2854
5699 759
-7401 2465
-2074 -7589
2621 -1813
-6951 32
7254 4375
-7052 7951
-62 868
7277 -6320
1725 -4466
-3192 -7323
3837 3420
1622 3036
3329 6204
-2894 -3667
-4080 -4910
2351 -2489
2468 6893
3578 3263
7451 -5961
5484 -2579
2886 -7566
1192 4065
-3949 4382
5730 4766
-3062 6076
6201 -3055
-6950 -2913
3110 -2660
3543 7326
-7150 823
1981 2113
6381 1247
5283 1207
1012 4347
-5682 3484
3831 -6559
-1301 -6209
-6730 -2469
3472 -5644
5690 974
8455 723
-3434 -1550
3730 3077
-7459 8625
-4292 -7510
1992 -198
51 -6342
4468 -4948
4645 -199
-4129 -3815
-3095 -4498
-5028 -731
4511 -5197
6691 2075
1478 871
-1294 4925
-7509 7938
6545 -3185
8817 6254
3859 3129
7156 -6748
1991 4417
2238 1848
-2062 5909
2741 -7913
151 -6291
3271 -2348
3831 3683
-3865 -6330
-4066 -7559
-6594 -2264
2086 -5552
-678 -96
-3938 5199
1300 -4497
-4447 -3970
3656 -4658
-5724 -3146
1424 -4493
-6521 8119
737 6877
7704 -5843
-1566 -2474
-7740 2146
-5848 8235
-3235 -1647
6296 1145
-2614 -5548
1961 -7902
4219 317
-1947 -5153
2303 -749
-447 -5712
5909 4206
6172 -2796
-5259 3266
-4432 -4309
3037 7216
-1347 -6205
1874 3308
-6495 8138
5845 -2014
-7250 179
7601 -6727
7358 6152
3319 -6337
6583 -2146
-2779 -1750
-5411 4008
517 3043
2985 -2453
1910 -3655
1481 -8336
9219 6953
-1914 3345
2124 -3103
-792 -4479
5062 -1535
1832 722
-1954 3432
3846 -4564
-7290 275
2272 2896
-6364 -6663
-7337 7337
2427 -2241
3241 6405
7865 -4631
-1202 7556
4350 4940
3213 7107
5932 -1374
2674 3176
1948 -730
-5339 2864
485 2421
1529 -76
-6617 -2317
1768 4691
950 5136
-6565 -8174
3330 -4811
3555 -3249
-2315 3182
-1027 -2050
6944 -6494
4702 476
-4617 -633
1261 3854
-1436 -5946
-2678 5095
-4927 1377
-6308 -6199
-4820 -4526
-2327 5931
-7140 -2662
-815 -2943
4633 -5541
-4723 -1547
8600 -3218
-5878 3491
2545 -70
-7962 2667
-5816 -5615
-679 -422
-1060 5399
6872 -312
-6747 7810
-5581 3123
-5192 3271
-5365 2334
-7080 -1980
-5609 3265
-5876 2689
8406 5997
-1110 -2326
-6017 -3085
3190 203
-6690 605
-661 -3223
2668 -5494
-3752 5022
-1744 5795
-2443 -8271
-6338 7713
1428 -3987
3539 3035
-5638 3449
4529 125
4876 -2591
-4094 4595
-7042 -2629
-7531 -1699
-7567 2846
6910 -4755
-7458 -2624
-7285 -2193
-5083 3199
1577 2012
545 -6060
-4320 -4059
4205 -4517
5689 2559
3202 -8290
-4417 4525
1052 -145
-3690 -4401
-5623 -2290
8439 292
-3108 -6104
3047 -7782
-1234 5353
-2652 -1133
7728 -986
4521 -6742
-3711 4144
-6419 8139
-5008 -2964
543 3361
-793 6940
-3376 -7557
-5971 -6815
-7491 -25
-4383 4218
-6101 2889
-1416 -2512
-2621 5579
5445 -2124
-1450 -5563
-7806 2677
-695 -5320
5957 -3051
4975 0
8501 -4275
-8202 -1853
5289 -1679
-3647 -5612
-8054 -7043
4166 2962
2693 6351
5815 1476
-791 597
3921 3423
5138 4041
-2895 -6639
5268 -280
4983 4707
4332 -1445
-6866 -1804
7178 -941
4902 313
6723 6852
-1143 -5098
3761 -4471
-1712 4774
7001 676
-4476 -2546
2603 6566
-2370 -4210
-4099 -13
-2542 3322
-5010 -5178
-4423 -214
176 -1047
-1112 -2423
2990 -6106
-1155 -5418
4088 -982
3811 -124
41 -1746
7156 -6522
1337 -33
-6353 -6536
-1768 5919
-5433 -5631
6391 2678
360 301
2113 -6064
605 -6362
-171 -6291
5209 5569
-1160 -5184
3605 -4322
6691 5010
7808 -20
-3998 350
3639 6017
1504 -201
-3775 4905
-5514 -1724
5026 4103
-7598 2953
2173 -4021
-550 2109
-2115 3010
4202 3400
2604 1888
1359 -3613
-2589 -2667
-36 -6741
-5676 3375
2148 4288
7653 6844
-7214 7397
-7068 551
-7027 -1563
-902 -2407
568 -12
-4956 -2609
5671 -2360
-2157 5030
-5526 2949
7369 533
2503 -2806
2875 -2603
-5216 3514
-2245 3397
-7103 541
2677 6806
-3944 -7406
-1120 5118
699 -4502
-2733 -6961
1057 7065
7709 6942
-2492 -7320
-2030 5894
6443 -2396
-1659 4753
335 5761
2625 3324
-5738 3436
8253 560
1485 -5895
7178 6798
2385 -8482
-700 -2601
-993 -5269
3997 3173
-6287 505
2249 -484
-936 5842
8807 5944
2768 6607
4550 -5422
-2166 2914
5955 -2218
1983 -8658
5185 4458
2818 -1574
1328 -1145
-2062 3323
-7201 422
2797 6428
-1687 -6420
6652 -2069
-6993 -1373
5651 6080
611 -5459
4113 3350
2176 4765
-1274 -3482
-729 -2752
3875 3311
1457 543
-1140 -4930
7859 -692
-6720 492
4002 -287
-4269 4604
4422 -3476
-5993 8254
200 -648
6344 1636
-1648 5551
2725 -4386
9138 1326
-3367 6154
3873 3415
-5270 3403
-5076 3417
-6122 -209
-3659 -4100
-4921 -261
-7763 2480
4081 -349
-2850 -7994
-5467 3258
1792 3577
-7449 -7478
5284 5220
-1368 7580
-2744 -1982
3772 3198
7777 -5299
7274 -4235
-6909 -2370
-2451 3295
-1234 -2436
2332 645
7209 -6455
3818 -4380
6146 -2647
-6428 -6612
459 -1916
765 -1653
5289 4640
-1717 3335
-1127 3553
1188 -6385
-5159 -2727
-3415 -2286
7327 5852
-7780 7544
-3571 -1927
-2232 3175
4553 -222
3745 -5017
-3516 -4315
8165 2606
-2664 -1688
-6206 8544
317 -484
7865 -6475
1075 -720
-8051 -6605
6864 5837
89 -6358
3648 -3097
-7191 -7089
-284 2296
3926 -5142
-891 125
7413 2108
7043 1621
-6440 7483
-3835 950
4071 -8286
-943 -4505
-6864 7659
-5975 7174
-2131 2805
4454 3393
-7703 2195
4076 -2635
-2426 -2890
3875 -667
5054 1534
-572 403
-3103 -1601
156 -6580
1781 -8137
5913 -7028
-4866 287
4022 -5433
5903 634
-3767 -4609
-2343 2985
-857 -2928
-5961 -3518
6304 1277
3614 -4813
3488 3195
-6998 391
-3422 -2433
-1132 -2405
5063 -733
-6877 8857
-3156 -1761
-5373 3240
-2453 4943
-3614 -7484
-5154 -2640
-3990 -4426
7536 -5278
2447 -3566
510 4968
-7599 2644
-5309 882
668 -4213
8145 943
2929 6668
2952 149
-7840 -7128
-1058 751
5046 -1096
-1743 3121
4043 -5632
7226 4990
-3294 -1759
943 1414
-8063 2509
4105 -6826
-6704 72
5111 -2280
-4062 -4527
7963 7407
3777 3262
-2131 -7290
-1181 -5335
-275 6365
-1190 5692
4023 6829
5826 -2947
649 -5903
-8226 2652
2554 -281
2752 258
-2709 -6845
929 -5479
4303 3463
4075 3390
304 6463
-6991 335
-1431 7813
6758 862
7256 -7053
-2300 5605
7489 6347
4289 -2251
4259 -1521
897 -6999
71 4291
-8071 -2573
-7112 8674
1660 5242
3046 -2207
6257 -4760
7615 -6356
2025 -149
3224 -2771
-2491 -7023
-2007 5597
4812 1150
7629 2231
5115 1329
-7599 2441
-6932 7845
-2776 -1981
-3851 4500
8344 -4784
-326 5243
7064 -6706
-1136 -2553
3585 -2258
-6899 312
2778 -3369
6571 -6403
-3808 1046
7396 509
1270 3044
-2843 -6738
4215 -4869
-2687 -2757
2477 -4909
1328 7638
5780 4970
-6894 -3126
