100 281 2454
0 0
-2182 -169
-7076 -8538
-3988 -3188
-3291 1539
4288 -9272
-8796 3010
703 6392
9199 7520
7188 -5658
-6322 -3941
-4758 -8898
9704 2497
3795 -5839
-5196 -7207
-1180 -6144
6983 7145
-8532 6959
6168 5174
-2523 2246
3509 17
-7572 -324
-7460 -5294
2109 -6738
-1163 8209
-1049 2486
-9788 1253
6023 -8797
7446 -8534
6369 -4354
-2635 -9347
-5060 -4576
1750 9565
4459 4812
-5056 8918
8040 4084
8470 -7540
-9266 4472
-7585 -2983
-7312 8452
-2950 7980
-3384 -5039
1979 -9483
3299 7700
-4215 3890
9840 -9123
-5809 1244
6970 317
-4826 5101
6282 -7449
-9799 -1818
3243 9287
3120 -9908
-8577 -6527
-4014 -6597
763 1967
-4883 -2435
1347 -1297
-1230 -3391
-6731 -1265
3262 1773
5962 6794
-2984 -2353
1479 -5376
-2891 -1244
3023 -7345
56 5425
3101 4301
-1837 -8452
4832 -1616
1224 910
7729 8840
4516 3460
1686 7458
87 8519
4334 -3413
-432 -9221
5268 -9688
-320 3371
-2823 -3674
6439 -1820
-5986 -2371
7861 2092
9814 8417
5493 9076
6513 -3097
885 -7704
-5472 6221
-5431 -3368
609 9797
5414 -2451
7498 -766
4339 -4596
-6401 -5329
-5050 2654
-7193 724
-6181 -6619
6755 3220
-9411 -3611
-3759 -9318
1 2 983860
1 26 2184809
1 56 3485699
1 58 1123411
1 59 1977331
1 71 549810
2 5 3758075
2 20 1295196
2 26 1299703
2 59 2144114
2 65 188427
3 12 554347
3 15 2114587
3 54 1056241
3 97 3782462
3 100 2859028
4 32 4324681
4 42 4248820
4 57 192108
4 63 185862
4 80 3007248
4 89 492252
5 20 1084406
5 45 2420596
5 47 4522693
5 65 913701
5 95 2966960
6 28 2843153
6 50 2917595
6 53 351422
6 66 4996079
6 78 1189127
7 27 3093277
7 38 2651881
7 47 535222
7 49 9527202
7 95 4680895
7 96 529325
8 25 6132692
8 67 1707698
8 68 4642180
8 74 205322
8 75 1236868
9 13 2687032
9 17 1374419
9 36 2306567
9 72 3901759
9 84 893367
10 14 4397446
10 30 3133058
10 37 253558
10 50 800532
10 86 454101
10 92 3190197
10 93 2473524
11 23 234979
11 32 676418
11 39 787367
11 82 378099
11 89 2424418
11 94 1157653
12 15 622166
12 55 1997260
12 100 400852
13 36 4117598
13 37 1872008
13 46 12001184
13 83 1711387
13 84 4308260
13 92 4209339
14 24 4646892
14 50 3295956
14 64 3460192
14 66 1308489
14 93 1309852
15 55 538295
15 97 715297
16 42 3958753
16 55 1445166
16 59 4304541
16 64 3141300
16 69 4070851
16 80 5933653
16 87 2348508
17 19 2725083
17 36 2620247
17 62 706414
17 72 604203
17 85 989986
18 38 1550334
18 40 3059492
18 88 782210
19 34 1810868
19 36 1939680
19 62 799111
19 73 2178859
19 98 823698
20 26 838856
20 45 938121
20 79 658315
21 48 6911338
21 58 2542082
21 61 1565638
21 70 468485
21 71 4525068
22 27 2926232
22 39 2186296
22 51 2626323
22 60 1023104
22 96 721491
23 39 2281301
23 54 632768
23 94 132656
23 97 4394303
23 99 2008387
24 64 2146223
24 66 124451
24 87 3127636
25 41 3398775
25 67 5657202
25 75 313261
25 90 1278942
26 56 3133175
26 79 1019930
27 38 2772342
27 51 5142868
27 96 705215
28 29 1853035
28 50 1202632
28 78 407970
29 37 415694
29 46 4966371
29 50 1750005
29 78 823644
30 76 2406516
30 86 1775218
30 93 3407385
31 53 5501876
31 69 1352236
31 77 2191244
31 100 2013618
32 42 370623
32 55 4069398
32 89 193568
32 94 2245325
32 97 496622
33 52 785466
33 74 542242
33 75 2633603
33 85 3500685
33 90 866973
34 44 5078918
34 62 2897861
34 68 3496224
34 73 2853657
35 40 476435
35 41 1526739
35 88 369681
35 90 9634000
36 83 2439960
36 98 2021800
37 46 1299720
37 50 3194084
37 92 2701064
38 49 8454872
38 88 3725406
39 51 5653148
39 60 2900724
39 82 3586281
39 99 254432
40 88 2543875
41 49 3183198
41 67 2636371
41 88 1273163
41 90 6707936
42 55 4051421
42 80 3074974
43 53 1309575
43 66 259572
43 77 1549148
43 87 2520810
44 52 409686
44 62 5395277
44 68 5248262
44 74 378877
44 85 1426182
45 49 813275
45 67 4661543
45 79 3514572
45 95 849368
46 78 6079282
46 84 42130035
47 57 6566894
47 60 2827191
47 65 1310072
47 95 809920
47 96 1612118
48 61 3857653
48 70 504312
48 73 480117
48 81 3898200
48 83 2423224
48 92 630432
48 98 381203
49 67 2146188
49 88 1433668
49 95 423153
50 66 4156015
51 99 455388
52 74 3754478
52 85 4089929
53 66 393415
53 77 6675866
53 78 2548106
53 100 828798
54 97 2777259
54 99 2460803
55 69 3032225
55 97 2097815
55 100 1659630
56 61 5565450
56 68 667589
56 71 2265057
56 79 2897355
57 60 3763554
57 63 945047
57 65 663801
57 82 2010344
57 89 235710
58 59 7950761
58 64 5607684
58 70 5062095
58 71 2019981
58 76 2382936
59 63 2428300
59 64 3040887
59 65 5381532
59 80 1427020
60 82 710387
60 96 246644
61 68 4423858
61 71 4323062
61 73 1097669
62 85 516128
63 65 1211623
63 80 386972
64 76 8265063
64 87 5894801
64 93 5332912
66 87 4556002
67 68 5683434
67 79 337988
68 73 4043014
68 74 5343520
68 79 6829494
69 77 334086
69 87 398538
69 100 409824
70 76 2258737
70 81 871651
70 91 729905
72 84 5236562
72 85 4054418
72 90 1796816
73 98 4351962
74 75 3661455
75 90 1983510
76 86 5185418
76 91 447282
76 93 456347
77 87 1883913
81 86 587468
81 91 799991
81 92 2120480
82 89 2229979
83 92 402568
83 98 1021251
85 90 5965420
86 91 484809
86 92 3262271
94 97 628427
6626 8009
-5303 5771
-7740 2176
-6100 7859
-7240 3067
2681 -2547
-2232 -6443
-1296 -6285
8324 2505
2128 1188
2893 7273
1070 652
-2254 4339
5436 -4952
-2291 5249
-150 -4560
-3545 1252
-4693 -5046
8855 -2604
2892 5810
-7421 -2056
-2879 -2986
-1351 -6943
-7244 2306
-5516 7260
4720 4794
724 -8524
2947 -2946
48 5280
-7226 -6818
7565 -3265
1776 1227
-5377 7717
6451 3662
3472 -1317
278 -2875
-5630 3954
-281 -4062
1860 -1552
-6023 6265
-5471 -55
3772 -709
-2421 6663
7928 -4849
-98 -5653
5074 -7372
-1528 869
-308 -5050
-2285 7332
2606 -8848
-6008 -480
1535 -1597
8651 -458
-2270 7610
4231 4400
-4131 -3768
-8467 3410
-1228 1713
-2976 4555
-5938 7804
537 3009
-2793 2023
7802 -2311
8236 2568
7797 -1847
4259 559
-4175 -4685
1923 6552
-5058 2081
96 1362
1400 -7080
3179 4457
-8349 -522
2774 -6784
3222 -1552
3490 4003
-5102 2624
7970 2604
-5605 -595
-5522 7342
1031 297
7031 7886
-5457 5520
-7847 2209
-7486 -2015
-1195 -5485
6114 7702
-6870 -5681
-639 1006
3749 3452
3568 -1162
1542 6395
1182 728
8023 2146
-5639 7874
-469 -5636
6229 -7167
8270 -1229
6706 4281
7272 5569
-1360 -3683
-5336 858
-6038 -146
1716 645
8 -4079
5284 -5413
7961 2423
639 -6450
4689 -6109
-5913 7618
-1917 -3266
-4722 -4832
-2224 7128
-4440 -4307
129 -3718
-5767 5627
7846 2941
6184 7824
-971 -6838
4299 7396
-1723 -6491
8278 2796
-5592 6962
4192 918
1846 5954
-6062 1064
6796 7760
-1062 1814
-477 6131
1420 -4391
2840 -2647
2152 -7054
-1205 1276
-494 5799
8217 2966
1595 -8205
7778 -1378
4113 6008
896 -5554
-3651 -7258
-4808 -4907
3089 6191
-1837 7063
-5618 7581
-6288 5856
88 5952
-5138 632
1442 951
5189 4065
-4732 2751
-3123 -3104
2987 6112
-5478 -1387
6795 -2523
-1185 1201
-6108 1055
1235 1129
-6128 1705
5431 8119
-990 -6756
-1794 -4345
-2916 -2007
7606 -5923
5693 -4573
7845 2417
-5763 3701
-5196 -1832
854 -4550
-7240 -1577
-1518 5509
6430 7629
-363 5187
-2080 4553
-6543 4506
5837 4681
-7922 4654
158 5283
6336 -7445
-6978 4620
-2077 499
-3670 -3593
3278 3287
-4806 -4673
-3796 -4806
2730 7088
-752 927
-3879 2730
1666 -6754
-6526 -1909
-5431 7245
6099 4241
2381 6719
8454 -1566
1373 -6998
3511 6816
8211 5956
6573 7936
-3216 2245
-1355 -5314
-6885 -1298
-5494 7675
4187 970
4494 3633
7367 -3734
383 4011
4621 7269
3428 7322
377 -1817
5288 -7698
4151 1434
-2048 -4674
663 -5602
368 -4674
6611 8226
-5257 2357
-5747 1405
91 3936
4344 4537
-2968 -2391
2421 -809
-6514 7375
192 6081
5565 -7740
4284 3473
-3492 1940
128 4119
-5444 2404
-3098 -5466
6212 -7786
-1932 -5886
2926 -538
-7960 3603
-4926 -1497
-2177 -7837
4363 1266
5054 -5412
-2745 -2413
-7767 4410
-3920 -1980
-671 -1209
-2852 -7024
-1915 5754
3712 4192
5557 7205
6380 7197
1460 596
-3209 4445
2506 -473
-7390 -5407
4990 -4726
-6500 1133
5322 -7340
514 -4344
8395 -4587
4044 915
3174 -55
107 -6416
1898 235
286 5565
-6093 7633
8362 -4089
1842 1324
4087 809
-2372 6987
89 6127
4075 1309
-1307 730
3010 -688
-1798 1451
-3672 -3427
822 -4599
8547 -4076
369 3572
-4349 -2803
-3908 2107
4976 -4901
-3199 1878
7677 5158
60 -6671
-7122 -5975
-5131 1726
2849 -1368
-7615 1051
-6388 6520
-3880 1540
-2944 -6496
-4573 -4556
7454 -4697
-6483 6408
211 3635
6340 7474
-2481 7256
-6975 -989
-6242 -2600
7551 -5955
5236 -7916
-1181 -4304
-5633 7242
-1335 4788
7852 2148
-3895 -2717
37 -3992
-6174 1978
-968 -7955
3458 3734
-3972 -4930
3095 7078
-3044 -3269
7301 -4657
633 -5340
-4688 -5139
2973 6459
-7393 -1434
-1709 1587
1680 -7316
-7802 -1497
-6197 -1518
-83 6024
1312 -7346
4788 -3820
-6548 -5561
2300 -2903
2210 -1095
6910 7735
4119 1198
-7442 392
-3095 2007
6949 -3820
5210 -5227
-2966 -6345
7725 -4174
-5779 1163
6766 7754
-6178 -4918
471 -3964
1187 -7777
-2195 5034
-4927 -3839
-7036 -6805
4285 3967
-4370 -3601
6325 6350
6717 -4342
505 3304
-4625 -2464
7291 -4293
486 -1311
-5751 7829
-2006 -6757
5042 -6042
-7326 4762
-539 1253
1430 -3853
183 -1475
-3846 2451
-6858 -5762
-2905 2504
-522 -2238
-5274 4868
6861 -5388
-6022 5255
-301 5791
-4925 -4514
-7505 3656
1146 8184
4402 3082
6378 4533
7328 4153
4124 1272
-6973 -5029
553 3891
-6204 1237
6960 -5023
-1987 -5227
7175 -4922
-1802 -4082
6717 -2804
-1864 1117
-2549 4701
2934 -2907
-3654 -1832
7020 7951
-5879 -39
-6341 -4882
2367 7103
-5339 -327
-5856 6408
690 1305
-2658 -3452
-4100 -5009
-2761 4556
1805 -8147
3360 6846
5479 6014
618 -6656
-8026 2524
7213 -2474
-4163 -647
7636 2364
6529 7680
6958 -4706
7189 7042
-3232 2608
8019 -4088
1685 -7062
4065 963
-4835 -4798
-7846 2907
29 -4611
2586 -2442
1684 6226
5569 5501
-2253 6003
536 3485
7929 -5260
-6829 -5795
7116 4112
-6448 467
-5765 -4781
-4857 -4524
401 -425
-5967 7551
-248 -5899
-6368 5378
6856 -3841
-6519 -3032
4371 1192
7505 -4030
-2361 6524
5380 5108
5620 -4745
2480 -7770
2299 5737
-3453 1868
-2568 5427
-1755 4396
324 -1041
504 3626
188 5970
5828 -5198
6843 -4669
7873 -4302
-6998 -5808
-5990 7485
2378 -2469
5650 -7801
-4678 -5041
-6787 -3152
7840 2187
2166 -3430
-4612 -1619
4707 -4932
-6929 -2763
-1127 -4603
3860 1006
-1977 5656
-4190 -1698
-6292 -5202
-2341 -7478
-8939 4323
2375 7126
2534 5336
-5306 -197
6595 7860
970 1089
-270 5038
8085 2245
-3383 2383
8109 2171
-3490 -7013
2549 5343
8436 5302
771 -402
439 4297
6553 -4629
-5964 -39
1784 -3155
-5922 7400
-8426 3409
-7760 5102
-3380 2632
-5322 2042
-875 -1639
508 3800
-4426 -4839
-5150 1740
-2706 -8611
-7685 4100
1948 793
-2952 5639
7450 -5175
6178 -7697
-569 5504
-5190 -4506
-6478 5222
6516 -4965
6638 7676
-2336 -3798
6758 -4460
-4448 -4911
6859 7824
-6711 5132
-3653 -3570
-675 5440
-300 -4219
662 3552
-2270 6986
6888 7556
-5402 215
-8097 3921
-4664 -4502
-4114 -5054
-1354 -5134
-6248 5251
2550 -6939
-5926 7788
6793 -4531
-20 -4581
5041 -5640
-6389 -1836
8341 2418
-5163 1735
-3236 4647
-2302 -6863
8151 -5758
-3114 5703
5623 7830
-5944 -5468
1141 703
-6044 5269
-6685 3558
-7002 3890
-557 1459
128 -815
7863 -1541
2127 -7878
7974 2274
-7642 -2893
-6386 7278
2458 -757
741 3215
-1125 -6676
-7206 -1134
2293 6267
-7597 -2178
2910 -2955
-1394 -5633
-6842 -5726
-3849 -6626
-15 5312
741 3782
5896 -7473
7754 2106
-2903 2188
-5797 7911
-297 5539
-1092 -6650
-6342 667
-6245 7320
-4701 -5532
-1643 -6881
-6210 -2088
2170 -7435
-2913 -6071
2233 -871
2492 6506
-2145 7248
-3442 1693
7486 -4848
2578 5921
-1617 -3536
-1866 -2713
277 -4288
3126 -6886
-2419 7488
7800 -1292
-5533 1441
-2513 6935
-5320 4578
-2402 -3729
3871 -851
5309 -7374
7068 -3386
7090 7884
2001 -2976
-5369 8095
5685 -6639
104 -217
1763 -8636
7957 2631
-541 -5917
-5061 -811
2745 7822
-7158 -2228
-2284 1157
-1585 1735
-1798 6028
3321 3671
5266 -7704
723 -4432
-3602 -2835
4715 -8218
-7044 -2403
-759 1817
-218 5546
4481 -5756
-1234 -3849
7883 2698
4306 1237
-6129 7015
7067 -5341
7264 5823
-6349 1546
-6382 6082
3034 -6207
7693 2473
4847 -5577
6856 -5251
-2443 -7461
-6110 7141
-1067 -6838
3515 4596
7174 -4368
7162 -1513
239 -1244
-5813 827
-1819 1309
1507 1001
-738 -5633
-2947 1425
-5485 5382
-497 -1150
4962 -7877
-5672 7954
4704 6467
-7926 4153
1902 6597
-1439 -3728
-3340 -2504
262 -4940
209 -188
-5076 1498
-2110 -6690
6997 7992
-5829 6091
-7445 1418
-152 1816
-8444 1579
4273 1146
-1079 -4948
-5730 5507
-951 -3064
-7055 -2644
-1260 1008
-170 3801
6322 -4967
5683 -6908
854 -6639
-886 -7298
-2069 7199
2838 7184
8041 4684
426 3783
-1236 -1287
5030 -8047
7400 -2110
3570 4181
-5398 -750
7287 4262
-3150 1775
-2289 4453
4787 -8163
-502 -1706
-7145 3831
7895 2267
4724 711
-2511 4977
-848 1404
-1692 7314
-1650 -6846
6350 7511
3627 4460
4177 5674
-1905 7502
-375 5408
-5873 7801
-8059 3684
8347 4319
4311 3202
-8336 4415
6935 6351
6335 5952
7518 -1376
1494 1285
-1055 -6358
-115 5221
6658 4066
-5162 -1069
8216 -2570
-1321 -1394
7425 -2608
-663 1187
-3053 -7218
-5737 7284
824 3734
-2235 7308
550 -4676
-4559 -5105
-3505 -3186
4374 7628
-8473 5230
3553 3884
5059 -6641
6493 -2014
-3217 -1410
7905 2511
1051 -4834
3857 1154
1561 -7447
-2850 -7421
960 -1856
-6451 943
2403 -7121
268 -882
-24 -1689
-2072 -6117
-2897 2601
-5722 2253
-4554 -4455
-2194 -3263
3070 -1835
7080 -1747
-1684 -6326
-4483 -5459
-1904 -5928
-6395 -1734
3135 4166
1780 463
-5922 5701
6846 3927
2564 -857
-245 -4973
-6064 -1757
-5196 5132
6567 7638
-8419 3674
7737 3424
7791 4742
3077 -7340
-4865 -4600
-4045 -3686
37 -4640
7843 2290
9274 -1852
7274 5420
-718 -579
7920 -5448
3192 -256
-5218 -760
4327 5106
-2096 2195
-4104 -2025
-1024 812
-1355 -1972
370 4992
4122 1001
3392 3354
2044 6383
948 -7672
-715 5320
-200 -6831
1201 -195
-5421 5223
6999 7294
3811 6191
278 -4779
-2383 -3690
-4424 -1289
-4273 -5056
7252 6452
-6338 7810
-6098 6320
6890 8224
-4716 -4962
400 3860
-223 -4666
7073 3273
-7091 -2238
4812 -5517
397 3834
6343 -4727
-4228 1137
-6456 5725
31 -5454
-5076 -2771
-5406 3959
4356 838
2578 -2423
-6544 -1102
4351 4120
4767 4268
12 5634
-6254 -6031
6556 -3002
5464 -8773
-5182 -490
-5972 938
-741 -5371
5506 -7161
-6674 -5643
3896 -931
4929 -5798
-2136 7243
-298 5309
1567 -6973
-8336 3971
597 3443
-3411 2240
-8051 4473
-1541 -7019
8410 4196
8811 3931
3794 -922
-4302 -2783
-3180 -3780
7335 -3089
-8379 3441
-5998 921
-3661 -2959
-1643 -3628
-6865 1300
-3124 -7030
-2213 -8044
7738 2729
-193 -161
7502 -2636
6331 7519
8375 -4357
8168 2093
7885 2531
-7178 1835
7208 -1686
-5125 1196
-1303 -6487
-6242 -1228
5238 -3455
-5871 2273
-2250 5902
6170 7486
-5038 5446
-7078 1669
-6398 7362
3661 745
4318 3721
2097 173
-971 521
5724 -7400
7416 -4708
-5654 -353
-3821 -6815
-5313 1737
-2704 7205
-5598 2346
1528 -7227
-5907 8094
-6851 -6402
7853 -2287
465 -4038
-1254 -5474
-5612 7125
7945 2314
-193 5940
-5938 -427
7392 -2593
2507 -1115
-2626 -3594
-1743 747
-6108 5061
-5737 1051
-2129 -3693
-130 -734
-5804 7028
1983 290
6595 -3627
688 -5647
-1790 -5382
-2124 7206
-705 5371
-3210 2209
8146 -1532
2988 -2614
-2788 2131
-1416 2501
-543 -4647
-6684 -6505
922 584
170 3097
3307 -7301
8015 -1321
-218 -6759
7780 2710
3396 5215
4777 -5564
3205 6409
-8797 -17
-4884 -2257
5305 -5707
-5884 5304
1731 7575
2322 -2726
5124 -5171
-7518 3622
-1012 597
-7639 2509
4840 -7869
4700 -6360
465 -4995
6009 -6974
864 -3795
-2374 6710
-1626 4873
-5531 -44
-2401 7699
-2149 -6973
-4387 -5126
172 3718
-6934 -5673
-7646 883
31 5899
-193 -6334
-1946 5442
1464 -4418
5574 -1908
-2459 -3752
-3082 -3716
-7976 3772
-3707 2490
-4401 -142
4174 5433
2625 6369
-6522 -1625
-2532 -5970
-7053 4026
-5866 1957
-1659 -3436
-131 -1276
-7315 -2165
-3139 2028
3780 -6448
1882 6803
164 3937
-6453 5103
3264 3145
7348 -5266
8651 -2727
151 6102
2479 -584
-3125 2210
-333 -379
7654 2208
-6314 -5004
3067 -1006
-1125 -6838
-6453 -2630
1732 -4395
-6070 190
1887 513
1653 1407
-4554 -603
7826 -1369
5505 -7521
7408 -2084
314 3113
6798 4243
-4209 -2438
4648 4055
3685 4727
5852 6574
-1028 -470
-624 -5415
1409 7385
-2583 6921
2935 -1054
-1788 -6889
1439 1117
-2449 4776
5003 -3024
-1174 5138
-4758 -1170
2037 6893
6813 5101
-6850 1286
1059 869
-1410 -7713
-7951 4341
-301 -3945
1405 -4036
-734 -6653
7814 -4794
6514 8093
8662 -4692
-7476 3837
4790 843
8047 5112
95 -3702
4046 1174
-4304 -5252
-1531 4235
5943 -7787
-2761 5607
-4557 -489
5255 -8477
-6830 7172
-7205 -5848
2659 -1407
-1098 1653
-6062 772
-6360 4547
-7027 -2306
7036 6720
1922 -6990
-5664 6937
-1837 6708
5409 -7170
6317 7672
6901 7492
-2542 -3665
2844 -6449
3767 6247
3174 -6909
3221 -1393
-1535 -6104
-5853 44
1908 -7749
-8796 2068
205 -595
-5813 -1654
-6661 -302
-3080 1208
8025 2327
6579 -3457
1776 7735
-4647 5273
-5785 5911
4091 741
2876 179
2839 -1848
-7607 3754
-8021 -5256
134 5821
5240 -3062
84 -2236
-4426 -82
4010 1316
8074 6141
391 3153
3176 3256
6273 7705
-2243 7424
-4199 -5181
-175 -6024
-7292 -1882
-4724 -4631
2272 -1753
3535 -965
2155 7211
2931 -359
4560 2879
-230 6225
-4299 -5265
-7364 4719
2137 -7024
612 3912
-3645 1869
-4461 -5291
-4894 5388
-3382 -6782
5164 -7433
965 -4734
7009 6069
-6360 -18
9257 4571
5148 -5535
4301 4416
-4090 -3272
-287 5591
7178 4203
-1994 7216
-4488 1450
4706 -5488
1285 1211
-6108 4771
162 -7777
4627 -5067
-6030 290
-5590 2448
6966 8089
-2353 -7441
-7647 703
1698 704
1298 -1331
-2809 1072
-1482 1896
-5567 7270
-7822 3341
8416 2662
6194 -8524
7876 -5617
6073 5846
3581 7156
-5842 7425
-1961 -3735
-537 1662
3286 4167
-7570 3380
4699 6220
-1939 7170
-2638 1360
-1901 -7991
5158 -7202
5540 -4145
6803 7709
-2266 6352
-2095 -4458
-7141 1969
6168 -4731
7606 -775
-635 -2130
2586 -3322
4976 -7467
-2809 -8511
2370 -1750
896 3834
-6331 -6096
1255 150
-1347 1890
-6490 2348
-896 -4529
-984 901
2774 -601
4496 4670
-624 -6310
-7250 -2304
1138 -6974
-4976 2313
623 -808
7215 -4135
-366 5641
3985 972
7056 6696
-7374 -4951
-5290 -664
-861 334
-7120 -6059
1170 386
203 -6718
-2760 2112
-1146 896
-6258 7544
-1954 -6464
-7835 3813
40 -1153
2210 -1832
8748 4419
5655 -6802
-3261 -7112
722 258
-1897 5657
-1751 -3687
-4082 1286
-3633 1020
7834 2540
7612 -1232
-3751 -3140
-506 1838
3463 -512
-4318 -2038
3985 1017
392 3431
5346 -7637
-105 5203
-1498 4353
4286 3086
2044 6177
-1775 765
-8535 3666
-2014 5658
1066 -7580
-2751 -1409
-1108 1622
9394 -1354
3623 1075
-8153 -5453
-6548 -1948
-7845 4220
7238 7651
-3944 -191
7107 7095
-1169 -5662
-6309 7554
312 3707
259 -1591
-4413 -4784
9112 4051
-5092 -4866
-5072 221
7884 -1217
-1071 1625
-5010 -5031
422 3888
-6165 -306
-6861 -2459
-5857 2500
3168 -7570
690 -450
-9344 3817
6122 -7953
1135 1198
312 -401
-2421 -7164
3704 4676
560 -428
219 3460
6732 7673
2490 -7626
2770 5924
-3491 1634
-1320 4988
6724 -2900
1698 6663
-4548 -4442
-8493 410
-138 3547
-1696 642
-1874 7261
134 5471
3612 3772
3667 -7686
6545 3598
2526 6217
-4023 -2548
-7283 194
8196 -2094
5005 6291
-3341 -7504
-4078 2263
-785 -6630
-2575 -7342
-6968 -2641
-6444 7630
7992 2511
230 3973
7538 5247
6914 -3736
-4754 -4379
-2013 782
4062 1172
-1397 -8083
-5833 7472
7455 -4671
2345 7372
-2941 1767
4457 -8941
2303 6325
-1908 -7375
-2161 5152
-890 5647
5602 -5627
-354 5548
-2374 6804
-7013 -1940
8051 -2720
-7602 1363
7052 7541
-7941 3098
1731 -8327
7352 -4713
-7601 -5154
-6461 5390
-3737 -4518
7719 -1121
-5364 7048
1399 -7756
-7454 3591
-4345 -930
5056 -5577
-6752 -5574
2714 -393
1915 -7192
-6769 -1516
553 3770
-5921 -334
-1906 6550
7904 -622
-7675 4403
-4464 -4731
6425 7564
8045 2299
4476 5942
7453 -2333
7235 -5611
8268 -5229
7534 -1298
759 -4490
5699 -5235
-1266 -6056
2932 -107
-740 -7315
-5996 -5451
7132 -3781
-5850 -2516
-796 960
-4757 1712
-584 -6568
-7031 -6082
494 3585
-387 6065
-496 -6777
-5996 7764
5421 -7768
-2016 7080
-1151 -4732
7321 5454
-5282 5411
6716 -1797
-5778 -280
-2063 -7449
4942 -5519
-127 -4826
-52 5983
-1241 -4044
192 -6314
2356 6871
6456 -4511
327 3641
-7907 3672
-313 -4875
-6598 -5264
-3476 2252
6039 7879
7831 -5574
1689 1146
-5426 -838
-4366 -4663
-1651 -3233
-976 384
1050 -3671
-5874 7447
8340 -1019
-4392 -4906
-2814 -6862
-2215 -4745
6717 5224
-1762 1569
-6305 7153
4934 -7359
4585 -5142
2682 -739
3014 -2124
8137 2757
277 -2145
-437 6194
2908 -978
1651 -8133
1878 -6865
1394 -6559
5499 -7706
1523 -2406
7886 -771
7584 -6563
159 -7157
-4080 -1998
5200 -5920
2993 6560
-2275 7406
-3137 1991
-986 -4055
-1111 -5051
-5653 6139
-1987 1341
6173 -7935
1459 -3145
-2852 -5062
-7016 -5239
-6170 1816
-2797 -4184
-3550 -1257
80 5815
-746 -6527
-5177 1279
7436 -4388
-4931 -4399
7200 -1975
5019 -7863
4177 923
-7275 -1708
4654 4206
6401 5686
-1716 4479
-4365 -3097
-1998 7171
4968 -7280
4856 -5615
-6627 -4797
-1355 -7509
-5240 5567
-7697 -5469
-3247 -7881
-2331 6980
-7124 -1903
7372 -4693
8004 -5547
-4457 -3716
-6336 -5093
1255 1496
6096 -4149
3686 6248
181 -7171
-6710 -2262
-3863 2424
6715 19
-248 6163
7751 -2403
-1591 1943
-2187 -6456
3850 954
7026 8311
-4588 -1529
7931 -2106
8104 2650
7591 -5112
5988 -792
-1085 1536
5136 6908
-2149 -4132
5216 -3986
5873 -7426
5236 -4607
2900 6264
7788 2576
3028 6474
5543 -5753
6860 7519
-529 5341
5976 -8191
2827 6614
7847 2095
-8285 4013
-4881 -4978
-7879 -5422
-5047 -494
6688 8100
113 -1199
7856 5797
650 -689
-7863 413
-2249 5145
-5375 1775
924 3190
-8009 4263
-3067 -116
6686 7656
-5672 -802
2615 -2785
1200 1328
-6963 -2316
-19 3977
-71 -1162
-4964 -4471
-6003 1223
6457 7831
1021 -3189
7496 -679
-810 1900
-6108 -1792
-44 -2286
3933 1187
7628 4345
3755 5895
8255 -4691
569 3455
3919 -1829
5939 -7842
5547 -5245
5896 -4378
7036 7541
5266 -6470
7187 -4125
-4696 -4683
701 -1259
-4822 -521
6776 -3546
6907 -3568
3203 -1298
-4401 2647
-5621 1570
6320 -7904
6084 -5224
8962 -1066
7981 -5688
-945 5183
-4515 -5256
2042 6977
1470 -6572
7337 -3477
2917 -2422
-6555 -4642
5470 -4702
1729 -3003
-5655 -17
1777 911
1128 -5974
-2744 -8166
-2840 -3807
7531 -3771
-972 1437
-6298 -6589
-6666 -5856
6065 7631
-536 5976
-6978 -2353
7132 -2759
-4104 -5181
-8391 4498
6341 7600
-1370 -7190
6223 7880
-4548 -4898
1713 733
2278 -2472
2007 -8340
-4178 -4904
-6040 7488
-4483 -3784
-10 5617
-3153 1819
4753 6559
-6818 -2338
7009 -2178
6348 -5416
-2755 1301
5592 -8044
-2137 7486
-5717 5772
-5475 5592
3532 6240
8642 -896
-1872 7273
-4850 -5508
6044 -4558
-7619 -1970
-3154 -7849
4011 6989
4095 1197
7689 5877
937 -166
8342 -3038
1356 -7216
5214 -5659
1409 1192
6643 5158
-6214 5394
-249 -733
-3175 -7219
-7134 -6419
-1745 -6664
4384 6922
-646 -7128
6376 7477
-5594 -1460
341 -6659
5730 -7474
5401 -7678
-757 603
8546 5006
-6372 -2322
-4750 -5113
-1719 7612
-5248 -601
-1170 1773
-6177 7761
1265 367
-4368 -3003
3844 1051
6742 5442
575 -5342
7184 4416
4212 1368
6899 3999
1417 6089
4713 -5926
5342 -5445
5916 -3084
-1621 4158
-1766 -6516
-6573 -6664
-3116 -5029
-3366 -3801
-16 -1038
-7445 -937
8105 -4315
5319 -5972
3463 -6975
-1445 2081
845 -6619
-4466 -5112
-6504 -6025
7862 2323
6308 4861
-2524 7572
-4737 -4821
-4483 -7728
7809 -805
6563 7877
2134 6494
-4614 -4833
-2836 2183
-6557 -2135
-302 -3995
-2930 1675
-4262 -738
-1891 4025
8119 2529
3517 -784
-2418 -2008
-7192 -2218
-1391 -7016
-4197 159
7221 -2325
4160 1055
-2780 2326
2784 -1191
-1628 5430
-5269 2268
-2602 -8225
643 3984
-4494 -4972
-3405 2715
-573 -1077
2724 -1546
7040 -4980
2627 -580
5533 -6506
-6774 -5958
-873 1487
-7028 -1292
7288 -1019
-67 5415
779 3605
-711 -1584
-2424 1843
-1311 295
-6794 4623
-6156 -2468
-2478 -5586
4579 4544
-7039 -4808
-1513 -3816
-7006 -4659
-3879 -1588
-3646 -3807
3436 -1779
-4072 -2374
4906 -4932
-3220 2329
1464 1282
8138 -5528
980 -1155
-723 -1050
4993 6456
-7863 -6503
356 -825
-8083 1529
4885 -8290
349 -7424
-35 5298
2125 6710
-6184 5427
5071 -5538
5395 -5266
7717 2519
1957 -6624
-611 -1331
2831 6485
-2751 5354
6230 6991
6850 -2988
-4291 -2205
2131 -3154
-7972 4067
-2964 -3150
-4751 1212
6041 7305
4255 1074
-1796 874
-3533 1820
4099 4307
2581 -2017
-7083 -5604
5757 -7988
-6370 4997
-3349 4457
1884 -3281
-5679 5521
-5820 2840
-4446 -4507
-4475 -4927
7952 2644
5978 5677
-7518 -6016
1020 -1452
1895 -2897
-5157 1337
7008 -1641
6215 -4262
512 -7064
-4430 -4944
4888 -8079
-1059 1908
4816 -4960
8138 4641
-4383 -873
-6019 7642
80 -6194
-1651 -2511
5990 -8009
3305 -967
167 4050
7118 5067
-3950 -4768
-2391 7183
-1404 -6417
-1031 1750
718 -6193
8828 -922
-4530 -5193
-3818 1187
-3486 -5635
2648 6096
-735 1053
7606 2425
-438 -4622
6742 7094
1354 1001
-5980 5293
1111 -2464
4149 948
-1595 -4580
-5226 1693
-3470 -2183
-4966 6443
77 -2029
7951 2175
-6162 7015
5368 5437
-3414 -8042
-5886 5035
8177 -2018
1265 890
3902 3563
7717 -1449
7834 2649
608 3686
-5864 1787
4281 991
1427 -7673
-4746 -4467
1425 559
-2944 2117
7713 -826
-1111 1546
-7996 3936
5671 -7531
1900 979
6534 -832
764 101
-5010 41
-6597 8053
2235 -1982
2113 -6930
2395 6304
5096 -4865
-5728 -2341
-5973 514
2351 -1641
7878 -5150
18 179
1717 -6799
308 -7062
7930 2651
-7041 -2257
6617 -8127
-2455 7504
2001 -3330
-7903 3959
6750 -2175
4453 3792
-5856 7843
1954 -1514
-1934 6839
1276 1223
-5466 5140
-2205 7484
-2415 -4504
7950 2540
-4019 -2518
5868 6783
174 5921
5656 5644
4752 7150
-5554 6055
-6808 -5454
4109 961
7005 -5588
-5855 -2889
-7556 -5232
-3871 -3090
3032 -1450
-2116 7010
5372 -7437
-3568 -7289
4819 3950
-959 -5849
2135 -7481
-1595 5441
-1518 4839
-2434 7357
-2001 -7859
-4268 -5052
2224 7646
1938 6401
5352 7466
2128 -8688
3947 797
-5035 5767
7899 6268
5827 -7926
-530 5862
-1075 -3736
-4876 -4293
-3419 -7094
2028 -2601
5337 -8076
6582 4084
2733 1607
-5427 5340
2001 -3415
6369 5430
-3801 -3015
4088 1033
5017 -7252
4116 6107
8341 -289
8867 -3714
7787 3360
6212 -2268
-4695 -2798
7329 5105
-2812 6870
3154 6701
4988 7556
871 3465
-2487 7337
7851 2856
-6057 5435
-2479 6990
-7199 -4371
-3668 5787
3081 -3405
-6884 -1887
-7521 -4739
1700 -7276
81 -72
-6673 -2857
-4599 -4893
-4384 326
-3445 1954
-8494 3650
7829 -5514
7745 -1352
1284 1218
5214 -7641
4007 341
8535 -336
7772 -939
744 -4635
5740 -6577
-3095 2372
5081 -7642
4194 4906
-6849 -4804
-4621 -890
7935 5509
-7769 4532
-7395 -1238
4649 7661
-7254 -2658
2067 6866
1860 6627
-5883 -1987
5047 -5513
3276 -490
-811 819
-2169 6967
-205 -1030
-5471 -2110
-4035 2090
1506 763
2333 -6639
4192 771
-616 -1318
-5979 5573
-6794 -5118
-6264 6642
-3449 -7315
5513 -6786
-2539 6882
-8193 4019
-138 -5555
1426 729
-5625 1491
-5800 7224
1707 6013
-5685 5399
506 3262
4094 897
632 -4222
4065 4634
-3604 -6755
275 5926
-5516 -725
-7428 4376
7068 7314
5544 -7936
-3607 -6639
4274 1091
2879 4217
-119 -3661
3438 -1580
4018 1163
4112 6565
8311 -5037
5021 -5164
2067 1170
-4963 70
-2004 7214
4210 7880
-6825 -5166
3251 -4014
-2716 1604
-931 -7122
107 3771
8046 2359
-299 -5062
2498 6557
-4663 -4290
-4666 -4949
-2422 7183
-258 -4189
-267 3877
-6133 2131
7911 2444
3548 4457
4386 793
-2019 7581
931 -4038
3932 961
-972 -1097
653 3573
2621 7210
6407 3974
-4661 -9
9390 -1331
-4078 1471
2918 -864
-7360 -1557
-1134 -6448
-6461 -2657
-218 -2206
2123 6683
7731 2094
-7030 -5199
1771 -6307
5700 -5134
7093 -4622
-4528 -4772
1677 902
6080 -7591
-3007 1783
-796 1824
-3394 1788
-6420 -733
716 -1019
7368 -4595
2589 -3737
8148 2244
274 5737
8657 -1081
-6103 7980
3086 -4369
7705 2545
-1569 1513
-7157 3292
-7161 -744
8001 -2521
8288 4475
7789 2232
-215 -4973
7629 -2511
-6791 -5991
1263 -5293
5649 -5156
2667 -2322
499 4078
-3145 2016
-6744 -5716
-6338 1943
-190 5762
-3392 -2731
2542 6333
5430 -7391
5601 -7646
-3143 1663
-8307 3902
-6542 -5486
8484 5406
-8533 3584
-532 5814
3391 4192
-498 1701
7527 2750
-6907 -2001
6675 -5690
7533 -413
1571 1256
-1967 -5397
1780 725
7257 -5251
7875 -1276
5578 -7806
216 -4217
-307 5248
-6635 -948
3570 4656
-3794 -8784
5240 -6006
-4755 -115
5629 -6228
411 3538
2072 6827
-217 6049
5790 -5619
-3677 1717
1060 731
5221 8070
-1718 -3760
-1718 -6084
-3594 -1518
-2989 1962
4140 4892
-490 5950
7299 -4005
8123 2443
-2858 7641
-5222 -593
7793 -1043
8213 2449
6685 -4459
7164 7649
7738 -4428
-5961 7797
-3093 1602
-106 5497
-7375 -2666
445 5011
8131 2262
2613 -6377
-5640 5784
8264 -680
-3433 -1651
2688 6260
4487 838
-3593 1600
7990 2485
4126 3722
-7309 -956
-2572 -5786
7853 2211
6947 -1934
4830 -7936
-767 1123
3463 5704
-6959 3147
-4672 -4691
6293 3438
-2154 7295
-6396 -1536
-2443 7080
8410 -1051
-7415 -1850
-2254 6007
-6553 7537
7508 -4929
5175 -5375
-7067 -6016
3994 1187
6916 -4569
-1795 4217
-6681 -7589
3554 4572
5143 -7905
-1599 -3100
-804 495
763 3959
4858 6898
486 3589
-1465 1721
-7885 3320
6724 7696
-3236 2158
7613 -4997
8379 2225
5456 4566
-2982 5985
-5465 7165
2904 -806
2054 5506
-52 5703
-5394 -1794
4502 1051
-2421 7059
-2013 -7022
1820 -2977
-4682 -160
-5219 6490
5902 -7546
-4578 125
-2006 195
648 3513
-3247 -3674
3239 3710
-6164 4947
-2366 -2822
2951 7044
-5018 5270
4380 812
-2036 6668
-1469 -4473
7771 2751
6348 3516
-7650 3466
-4519 -292
-4740 -3884
-2056 -6379
-6355 -2565
-6854 -5307
-5501 4995
-2047 7038
-4882 1385
707 3119
6671 -2946
-1404 1728
-2350 -3939
-4680 -2591
-3152 1507
1590 6597
7838 2974
8370 -1521
-5790 7646
1139 -2917
-2837 -6418
7799 -3559
-1186 -5855
3901 -652
-2340 6862
-896 -2659
-3178 -2725
6554 7262
7986 2468
8755 -5604
-4712 -4656
1918 -392
-6898 -2520
-2013 -4887
-4548 -5066
6060 4684
6492 7986
-5872 7347
6856 7991
-2404 5136
4400 1228
-4884 -734
-271 5928
6279 8051
4674 930
-1601 -5402
-5754 7478
5164 -5339
-2943 -7686
-1503 -6386
-1830 -4495
5038 7416
-2038 -3763
-2526 -3900
4120 3158
-2103 -6274
4019 4115
-5073 -641
7564 -5458
-5471 2577
-6054 7288
-1228 1885
-6005 6593
1443 654
4802 1127
65 -3352
-5220 5357
-7794 3688
-7029 3055
-6631 1558
5093 -5330
-3608 -7838
-7437 4710
-2113 -7577
5542 -8945
-332 5242
438 5640
-2203 7902
-7269 5002
-6990 5008
1790 6960
-4952 -4791
6555 -8287
3483 4839
-6343 7744
-4402 -4507
6931 -3320
-1735 -3885
8351 -4045
742 3763
-7910 751
7280 -4820
8341 -1674
-5710 1266
186 3577
-2442 -3751
-5836 5086
-2419 7103
-3266 -7513
-7421 583
-4612 -628
-399 -3862
2342 6241
-6685 -5639
-4302 -2875
6572 7759
-6233 5667
-5990 5081
2204 7046
8193 2790
-5868 598
-7195 -4608
-5805 7271
2267 5991
1444 1021
-4512 -3218
4068 720
-3246 6786
4556 -5953
-1342 1125
5738 7650
7820 -1506
-5464 6145
1946 -6961
-833 1799
-561 -5149
-4919 -5270
-5392 5054
8051 -2403
-5655 7748
-2360 6754
1089 -4925
-5984 5927
2469 -3421
152 5475
375 -450
-4304 -644
5570 5672
-2224 6946
8146 -729
7632 -5192
-1486 1010
2328 -7988
-5370 163
-3824 -4939
2713 7186
1317 -7494
5589 -2810
-5993 -2043
2260 6072
5822 5293
-4275 -903
59 -4505
5675 5240
158 1165
8734 -558
5731 -7388
2965 -1938
4060 583
3201 -1269
6296 -1753
4816 6550
12 -51
3368 4383
261 -5661
-3954 -799
5055 3845
-3207 2217
-1728 -5467
-2015 6459
3160 -435
-1750 2254
4253 -5016
8185 -1779
-669 1446
-1702 6676
-7941 4647
-4583 -2524
-5777 7680
-7550 -2955
-4444 -4356
3707 211
-57 -827
-1315 2170
-1177 -5676
7966 2470
-1961 4848
-2396 -6463
1705 963
-4368 -786
1771 -2328
-6845 5200
6511 -4360
-188 -4716
3634 -1014
7705 2477
3714 7253
244 -906
-342 -5778
633 3596
-2180 7339
5548 -5630
-7085 -2057
-5829 7606
2179 7137
-307 5525
-4065 -2136
3920 1660
-3750 -3620
-6540 -5298
32 -5831
-5574 5527
-2712 -3507
-7214 3714
765 3796
3863 2854
-1436 -4089
5431 -7999
-2757 -5050
4839 -7952
1450 -7316
-1951 5260
-4832 -1359
-619 -5748
2031 1049
1265 -8114
3978 3755
-4569 -5248
6472 -2165
1894 -7458
-5447 5322
1441 -5395
-1544 4320
-7392 4235
-7529 4093
3932 3661
-283 -2384
-4317 -4821
-3119 -7029
-1839 1361
-2153 7504
4094 1222
5886 5896
-4428 -5110
-6368 5731
1140 -1329
2957 -1003
5973 4253
3454 -1704
-4704 1204
-7065 -5333
2632 6087
-68 -6122
4960 3208
-3189 -6669
3179 -1261
3923 3878
1288 -782
761 -3896
-6137 7825
7810 -1010
-6726 -6510
3555 3998
-1807 1044
823 -238
-1172 -6226
3564 6302
-7111 -1856
-3009 4457
-5701 7340
-6095 7048
-6508 7904
6614 3223
-2065 4356
8506 -1676
8283 4257
-6039 -5993
571 3372
-2197 7456
5488 -5705
-3004 -6213
-6943 5077
-7200 -6278
4069 969
-6593 -5992
-4527 -2857
-4417 -4392
-5041 5227
-189 -3566
-2054 5529
3281 -3856
6902 -2235
4979 4495
-2665 7361
-6858 7356
6594 5422
-7901 3959
5047 -5895
2472 -176
7634 -3328
-6966 -915
4403 4900
-3385 1939
3726 3858
