776 1428 20 133
449 641 25000
618 713 26627
99 650 87459
86 142 40311
85 292 40361
379 658 59034
398 466 51352
122 231 26306
167 401 43105
36 765 44011
200 558 47927
442 774 24413
344 621 22023
182 424 49041
136 307 33526
98 708 47074
743 768 29155
438 757 15811
88 438 63695
65 765 39560
211 668 22136
579 624 20809
23 289 46530
681 692 20224
85 688 28018
57 403 22847
290 454 34928
241 516 48104
605 723 53151
51 102 30150
382 434 13038
408 574 39623
10 739 19698
125 717 33015
395 524 50931
346 685 19235
346 675 30594
314 681 46065
210 303 28601
600 744 39051
409 651 23345
481 762 26401
5 326 19235
188 565 20248
138 571 20224
325 770 28000
52 303 38471
140 211 17804
187 566 26173
167 271 36401
226 692 25060
622 746 77897
253 470 55000
483 562 24698
18 325 26249
33 212 19235
114 157 27731
306 639 36056
255 588 21541
345 564 32558
422 622 35805
640 759 34670
341 450 39294
228 400 21213
79 222 44147
121 639 24839
389 737 59203
266 358 21932
689 724 48021
414 735 44385
288 378 22672
299 400 61612
568 726 35341
295 417 36892
68 503 47381
386 492 50210
11 82 20518
220 556 39408
273 755 36797
275 587 36497
348 455 23537
238 649 15133
642 645 48010
461 464 49649
119 592 21190
359 561 11045
8 367 22204
309 751 42154
212 720 31385
275 532 23087
116 730 22204
147 397 49497
379 674 46872
570 695 55154
27 450 22091
44 752 42012
475 601 52173
44 549 38013
384 468 47518
607 638 28231
217 380 55036
680 764 24187
222 393 19105
117 570 44011
311 380 27893
326 388 56436
268 468 57245
135 539 35511
32 109 27000
61 401 28601
490 685 51546
57 606 12083
8 744 13454
224 420 49336
109 207 22804
252 361 39357
307 754 29411
87 699 30414
104 406 18439
156 493 38275
482 742 41437
129 683 33242
553 760 19849
83 584 12042
333 394 28160
495 772 48836
128 521 80081
125 216 30529
117 144 25000
162 589 45398
269 676 22472
267 432 32000
107 421 37947
532 674 35355
29 712 26077
461 631 61522
474 512 26420
286 309 18868
306 588 31623
105 119 33615
267 727 49041
183 768 61522
523 543 32249
286 506 35114
381 557 27074
28 644 33242
187 498 15524
251 683 43417
212 738 33287
82 531 27313
536 597 43829
264 608 19416
517 625 28018
254 599 19723
317 525 59059
355 577 23324
201 454 26476
497 651 41231
323 446 56080
269 616 33242
742 772 42059
42 736 53151
677 742 27019
224 520 13601
51 366 41183
577 706 45804
310 402 67882
51 276 31048
513 528 48083
146 177 14318
12 648 12042
56 200 43829
626 639 35057
451 547 56400
417 469 47424
116 241 19849
390 667 17263
386 632 41110
441 504 22627
190 235 39205
86 675 21213
419 580 35903
49 231 52773
60 744 30232
230 504 16155
375 662 23345
400 406 65490
579 586 29000
349 576 58052
575 660 20100
624 748 23707
458 510 66491
311 646 33242
291 671 17088
14 564 36056
90 507 30610
461 732 66731
114 568 59203
60 600 15264
179 758 42190
396 660 20591
516 716 39205
113 758 49244
194 713 28601
35 180 25962
192 641 44011
253 774 27514
110 514 39699
102 630 17464
566 725 32650
409 736 34015
322 469 34928
278 389 48877
174 335 15811
77 526 49578
218 289 23022
307 420 37054
272 611 31780
693 753 42450
194 618 38328
39 345 30414
65 148 27785
233 580 27459
464 694 35903
252 767 34132
281 726 26000
457 504 28320
166 189 123102
209 709 21095
289 378 32985
595 756 47539
107 223 44721
58 454 37162
21 447 10770
271 417 53235
371 479 12166
222 578 26249
150 530 76662
310 654 52773
514 773 20396
385 751 40497
323 475 13454
89 184 48847
205 716 37802
305 712 47043
240 649 20591
178 717 28425
37 313 14213
470 499 37443
78 435 52010
415 722 47508
485 711 35511
309 581 27074
579 748 23345
342 680 17205
36 682 40311
572 723 56036
11 531 10440
32 207 16643
347 602 32650
155 672 31257
41 545 53759
191 520 58249
5 52 30480
53 705 44385
315 618 37656
385 581 27459
230 404 34655
301 702 34482
158 750 32558
203 731 31241
363 672 20248
256 517 21541
86 346 38184
163 754 55109
13 40 26926
227 627 28862
13 242 16763
15 261 35511
118 170 161335
76 135 42059
4 570 66030
26 146 51157
85 707 28000
538 768 37577
376 674 14142
426 602 35057
496 625 26306
340 352 45000
508 735 49396
346 514 48332
254 558 16031
334 345 36401
267 487 36401
259 658 55000
397 518 43012
150 491 18868
691 714 31385
512 702 26683
462 610 56886
101 481 38626
342 764 11180
12 708 40804
715 732 60745
411 744 30000
454 733 34205
229 404 15033
4 712 48104
26 57 17464
337 628 44181
105 592 43046
175 567 43012
29 397 57035
193 527 56080
383 423 29069
370 680 28018
338 722 45706
737 744 44922
382 661 25632
274 286 20616
356 444 23537
449 751 22472
74 313 11705
50 215 34655
178 416 27586
372 493 18385
588 769 26907
176 604 39000
42 156 71309
116 511 47424
425 740 109202
353 761 52924
199 258 29530
45 89 43382
192 383 50329
550 746 110941
196 728 48384
161 314 14213
475 547 38949
718 771 27893
50 100 48094
211 361 21471
473 611 18439
132 505 47927
634 741 31623
362 713 12042
466 571 33971
23 27 85000
527 590 17263
656 676 45354
209 756 42202
320 733 21932
170 425 66888
220 269 52631
138 617 10770
153 403 34059
278 737 22804
247 317 31113
2 532 40447
22 571 22561
465 619 19416
86 208 12649
407 573 18000
155 302 33302
258 724 37000
491 509 43829
516 702 65552
143 213 40025
144 567 25495
220 510 15232
673 760 27459
97 720 67424
97 568 35847
123 139 34482
365 675 41183
43 574 43966
330 528 30083
271 492 54000
324 700 30150
101 250 48374
356 628 20224
249 307 59008
55 546 36674
119 771 30806
91 314 21932
329 455 33136
421 757 29411
127 338 39115
10 576 25060
598 599 49980
136 438 52202
582 666 11402
41 603 54378
199 727 40025
344 736 12207
435 697 43909
80 732 22204
28 640 16279
414 633 35511
80 81 31241
69 415 31780
56 213 31016
90 418 10770
322 555 15652
364 489 38210
450 541 29155
45 643 81025
248 439 22204
136 249 59076
320 731 45277
587 623 15620
17 355 39217
369 734 29155
361 627 12649
246 704 37162
205 578 38079
149 238 41725
453 581 26571
435 466 23537
148 765 51971
589 745 51010
178 612 26833
282 297 13416
34 486 32558
7 669 33136
299 520 38013
103 219 42720
36 488 26420
72 258 16279
554 556 54037
167 284 47381
167 351 29833
405 426 34000
344 503 24021
200 753 27203
17 583 38897
113 451 57871
126 162 27313
606 694 42190
232 640 31064
278 743 59615
1 7 52479
266 656 42544
255 277 34059
503 739 35355
418 729 36892
193 590 55145
308 665 23537
209 358 22204
297 319 33000
126 206 26476
124 776 68066
10 387 35014
301 512 17464
234 438 19235
54 73 33838
225 413 25632
722 763 70214
281 568 23770
94 770 12207
318 766 45486
404 441 15232
655 776 53254
575 765 30364
56 598 59059
149 405 36497
173 348 53535
139 354 19416
2 275 47802
360 760 23259
91 112 59034
150 432 60008
351 679 57219
165 602 26401
395 636 87419
272 451 31890
330 582 45618
28 758 41231
316 347 39560
327 535 36620
537 690 48662
40 637 45011
331 755 36401
101 762 33541
340 596 44643
419 572 19698
280 456 24331
251 424 29206
635 724 21587
372 755 32696
525 701 20591
329 726 51078
178 304 31401
293 477 39294
492 700 51865
499 561 33242
141 547 45541
326 682 30610
294 355 16279
473 586 49477
76 645 20125
308 460 38013
6 416 50596
214 651 21000
423 506 13454
223 259 51865
231 711 49092
78 398 30265
20 773 45343
657 660 40497
126 589 46011
509 665 40311
505 664 25080
47 293 23259
6 439 45453
242 439 47011
229 758 16492
97 726 33015
170 435 52010
400 414 52802
167 679 55462
111 375 17464
111 373 11402
37 391 40311
19 333 36878
245 400 73110
420 569 48662
231 383 38079
458 556 57706
567 747 50249
686 692 32202
54 227 26627
350 614 36715
59 139 47127
14 368 21954
242 452 47854
479 610 24839
27 671 25080
190 304 52240
337 459 61612
355 583 41000
22 466 30017
14 478 12806
525 557 38601
263 471 57775
14 21 35014
395 567 95336
56 599 39825
92 562 32140
331 620 57009
375 752 30017
377 678 36674
88 107 55009
47 617 61008
657 767 40311
99 531 97350
143 669 41437
645 664 51624
38 588 43417
511 716 28284
48 707 25495
97 281 12728
227 471 65765
90 643 36674
277 612 49739
315 645 30887
250 289 11045
520 552 45122
98 648 37202
443 526 25080
81 145 23854
487 530 35903
39 368 26173
30 185 17692
304 548 38079
659 754 39115
293 527 53600
121 534 17117
257 468 32650
515 573 10630
168 286 24739
156 372 34713
13 152 45188
446 744 53339
4 115 30017
168 268 40853
509 605 30083
76 568 142285
463 751 39598
84 220 34205
103 477 31145
239 410 10050
32 533 38601
87 482 43681
530 749 36125
66 347 19000
312 606 17263
97 265 22804
356 359 23854
405 663 56754
649 776 28653
434 574 29428
514 622 61074
100 518 10770
299 552 30414
77 537 20100
505 713 20616
502 709 30414
100 397 46755
563 755 40522
265 568 57628
687 764 40311
168 581 23854
475 599 30529
242 637 36359
70 100 44283
251 500 51157
246 353 45255
219 521 29155
312 631 39205
216 277 34000
384 542 42059
430 725 95210
365 685 39115
629 639 55946
216 612 43932
253 284 44922
7 143 40706
305 559 41976
407 633 14213
158 383 51884
137 507 60803
152 235 15811
59 575 11180
296 728 51225
356 410 26420
276 366 13416
359 444 18248
241 730 31064
384 619 14036
96 442 39395
107 658 34132
58 201 21541
234 421 34713
454 519 47202
93 476 49010
343 717 33956
129 311 13454
483 662 16492
399 467 15232
17 486 11180
341 666 34828
445 678 61074
255 548 55009
205 591 42379
642 664 20000
140 632 24698
263 298 20616
335 600 41485
409 621 13000
80 551 69116
198 616 56223
62 615 68600
460 543 21954
189 563 35384
175 695 21954
147 518 22804
41 427 35171
37 398 43278
123 488 36770
415 749 24698
317 464 35057
368 564 19235
353 680 30265
83 519 34928
168 542 22204
262 690 60017
204 479 29411
541 630 19416
299 698 22825
158 231 40522
198 774 27295
31 610 58000
69 722 64661
45 93 62650
88 556 42579
367 538 39850
131 563 54745
97 738 55362
463 650 39115
604 743 64195
332 717 30232
328 756 40050
54 657 15524
544 602 22023
127 763 19416
203 610 59464
27 379 80623
189 739 28425
133 495 34986
114 369 21541
437 677 23770
84 105 35777
147 327 23259
34 347 32249
72 199 37802
19 769 33734
418 643 30480
130 705 41195
557 775 51039
425 617 54037
58 83 31765
310 363 45891
312 461 64885
142 321 10440
273 300 33061
117 522 23409
670 689 14213
292 688 26077
128 724 33287
155 654 21024
227 237 70605
552 675 43417
238 240 20616
227 361 32388
134 615 101119
311 683 36770
107 438 50010
515 735 25020
553 750 44822
106 578 42059
4 70 29732
115 512 25000
64 678 40460
313 524 33242
161 324 22361
73 132 41677
473 579 41869
202 670 19209
494 711 51039
283 480 26019
91 351 42202
205 516 28460
250 330 46239
16 397 28284
98 280 11705
124 208 10630
40 82 87920
88 593 40608
635 688 25179
7 427 33136
517 747 28000
207 349 24698
184 370 52355
9 300 65437
301 474 16279
461 551 19416
145 682 15133
36 59 27019
82 152 17000
163 659 38275
615 622 34928
188 196 16125
200 595 41231
183 443 22023
314 719 14422
374 732 51662
151 741 25239
49 609 25020
80 318 21633
29 305 38588
8 538 36401
240 528 14866
132 642 45891
95 572 24083
155 488 18788
433 744 48703
411 737 18385
149 513 39051
306 449 31145
105 480 35355
44 638 50359
101 659 19723
328 417 66068
396 525 55570
120 354 14142
273 563 37947
655 762 31145
376 379 37537
138 425 58138
52 672 25000
498 566 25060
312 694 49659
98 456 25000
216 457 58412
453 542 17889
98 377 39013
237 389 58421
380 646 12530
52 388 38419
250 666 56294
136 234 41049
158 360 52498
147 221 49649
16 29 29614
18 30 16031
264 647 18000
322 328 72069
560 670 42450
429 647 30529
405 684 38601
171 279 26249
146 775 53339
31 432 32202
534 639 14142
89 476 44553
171 612 16031
381 403 23601
422 431 36401
182 489 35609
87 625 11180
151 444 22361
150 593 33136
36 575 27731
410 444 20591
121 394 31623
668 691 12530
197 457 31145
539 653 10296
221 613 17720
247 464 23854
218 421 43863
67 285 28601
106 177 33000
217 364 14765
316 594 79057
496 677 17493
3 218 10770
165 680 25632
482 772 26306
422 514 40000
395 412 34713
206 628 20248
383 536 61984
84 283 21095
585 600 12530
173 237 51971
357 445 65795
206 356 21932
60 585 19235
46 127 18358
193 728 17804
215 261 25962
472 495 41012
402 430 12649
260 683 14560
48 447 34540
188 740 31145
71 761 22472
75 415 52402
523 665 47297
373 549 11402
75 85 35468
386 714 60440
485 494 49477
517 636 29155
306 534 36056
425 527 56000
181 595 15000
87 517 36770
189 493 39812
187 725 22561
89 137 38471
352 596 12166
428 603 46098
686 701 13892
334 565 27659
3 288 24739
96 417 39205
482 699 23259
296 334 24166
228 331 72780
684 776 38949
392 511 39395
495 614 16125
374 766 31321
540 583 23195
104 520 28425
166 529 17692
236 581 40012
335 492 46615
39 497 26420
373 752 34928
260 424 31401
480 771 38013
501 699 34000
236 453 17000
42 127 26926
540 594 27295
706 773 60638
25 423 22023
616 676 12649
186 520 37216
88 491 46098
15 702 32280
579 611 34015
197 445 61205
245 406 51264
157 285 50220
42 214 23537
56 587 48000
245 638 24083
61 295 36497
613 715 33956
62 735 28071
110 346 20591
427 678 43738
225 483 23022
505 618 38053
721 770 29732
353 370 39205
69 419 56648
81 388 58000
63 472 21095
52 363 16401
1 674 75802
343 758 13892
172 319 32016
108 195 28460
335 446 56859
502 532 33601
257 418 72339
180 255 63953
437 496 27295
360 597 40112
109 533 31257
307 659 50090
185 560 31145
485 609 31623
424 489 51000
302 362 25554
340 537 30414
44 607 43829
252 691 16279
367 433 27459
42 92 66648
357 678 43966
467 591 36878
196 590 38588
569 607 41593
644 717 39812
390 745 54037
308 523 53263
443 647 29614
482 677 45177
236 463 89022
249 509 40817
123 155 42107
720 738 55036
452 640 46239
18 94 10770
232 758 37336
42 46 17088
105 510 29155
177 511 15000
290 733 17029
714 719 19105
484 525 25495
365 414 31016
215 535 57306
464 525 54452
179 232 11402
226 484 19647
163 191 44011
540 577 23087
535 732 52326
321 594 35228
497 621 39294
387 440 13000
557 701 27893
307 378 30232
259 269 17029
565 740 15620
49 711 12369
243 521 31385
226 686 18788
544 704 31016
45 137 37336
394 626 40050
67 262 16553
34 602 11402
255 574 47676
7 603 63906
74 118 44283
429 743 26926
208 675 26571
95 297 18682
24 43 37590
552 698 10198
602 704 39408
126 356 30232
186 754 28460
583 594 28792
667 718 14318
165 336 24021
19 394 21000
216 333 48104
267 610 49406
276 750 27203
141 624 72111
120 362 17464
68 621 34540
225 372 52393
16 712 21932
450 705 16401
339 482 49092
69 763 65490
59 123 32249
174 386 49659
195 311 31385
25 506 26306
123 302 30232
110 321 23537
186 420 27785
328 693 55227
257 465 32650
26 153 14036
315 498 19799
47 477 49244
347 426 30414
96 209 31765
68 440 10296
587 669 41437
35 159 16401
231 251 49396
468 485 41231
115 702 13153
390 592 32450
45 476 15264
190 248 31257
465 650 163478
21 478 28460
223 556 15000
417 442 40311
350 721 25080
301 591 20396
634 775 13601
160 391 13601
35 661 38833
339 519 41773
287 336 45618
325 350 19723
485 729 34205
254 323 24083
234 757 14142
202 371 32016
9 400 31385
467 522 12649
65 81 54562
128 635 24042
42 478 35014
122 383 21024
244 700 30887
285 690 69065
91 686 44643
77 340 25710
358 709 11402
108 276 41593
176 329 56859
85 728 46519
12 41 23324
136 288 15620
646 663 25612
424 500 42638
124 655 29206
38 574 22361
154 703 31145
571 697 10770
377 648 22847
3 421 40497
50 261 32016
75 635 50606
376 656 12042
549 562 35355
271 401 23601
116 392 16031
27 541 27313
93 184 37643
586 640 43932
667 771 29000
407 414 33838
229 343 11705
181 756 46098
500 507 34438
125 279 11045
584 721 26077
197 394 37162
319 723 18385
61 284 41869
731 770 72471
300 331 55227
466 697 30887
216 279 22672
65 247 21471
364 663 53460
239 634 42048
216 441 49010
274 506 20396
445 598 13038
296 564 19925
181 623 18601
470 480 49244
481 776 32757
139 657 52345
167 324 33615
161 700 26249
715 766 45122
112 686 56036
93 764 73553
183 526 18601
469 555 27659
632 668 13601
95 233 46098
535 613 21095
342 370 16643
8 411 21932
349 387 44045
221 327 37336
33 653 42720
484 681 32696
256 747 28284
354 362 26173
530 605 74411
153 557 50695
406 520 26000
175 559 20224
217 260 41437
398 436 37736
166 576 171493
103 728 33302
414 490 28018
352 448 33601
146 511 24698
502 656 39850
243 436 60308
25 49 41773
1 291 25807
145 148 19849
306 641 23345
48 85 12083
159 548 19723
63 495 50329
94 204 40608
210 766 18248
18 185 12649
371 727 39408
533 740 35468
14 651 32202
323 753 54129
183 624 45793
228 620 68242
236 385 53000
568 734 48260
178 190 38588
174 298 20025
120 123 30000
2 502 19105
20 746 17029
202 689 23770
196 334 17000
516 631 56000
559 695 18358
428 545 42802
577 583 29000
71 182 14560
144 747 49244
374 715 23601
357 377 20881
24 449 20025
219 292 61000
111 662 24000
55 458 49729
53 582 42426
320 770 60017
437 524 74202
481 649 22136
144 256 49649
338 447 23601
405 652 23022
198 283 31385
11 235 27019
171 717 19313
233 419 35511
62 134 34886
499 718 21213
179 473 26019
118 524 25554
27 341 41761
539 738 28231
125 332 17889
451 601 61057
458 554 22672
412 559 135680
33 642 47170
382 408 26420
487 749 36688
48 296 41593
278 604 51662
335 585 34000
266 616 33838
375 413 27893
5 388 48052
101 240 30232
33 173 33015
287 294 33121
381 525 42154
22 436 20396
12 64 20518
519 699 13038
471 632 36359
131 529 33015
246 544 16279
393 399 22361
538 737 32062
1 603 40224
108 251 34234
336 687 29967
71 507 25318
67 608 27074
431 490 20248
513 652 47381
408 650 29428
58 770 20248
164 734 32249
629 673 44045
182 761 15133
290 459 16971
38 43 39051
290 578 60008
385 463 43174
155 194 31385
359 710 17804
238 684 42297
157 369 20616
59 660 22204
408 434 22000
88 509 69123
92 156 58421
267 462 24839
90 494 36125
195 366 22361
339 584 27893
468 729 33615
268 609 23431
265 738 39051
274 641 47707
452 637 35609
102 603 48918
287 687 28862
79 467 27459
63 133 56080
700 719 20025
164 703 35341
291 379 70264
642 653 13038
87 222 60075
344 409 29155
48 728 47854
208 655 31623
17 294 36069
128 219 66189
31 55 55579
172 460 34482
111 483 25612
77 448 13000
169 710 34059
9 529 76538
213 678 15033
86 321 40447
696 703 11045
6 644 14765
270 352 27659
244 271 31113
159 304 43046
30 204 17205
113 230 14000
586 748 16125
172 509 41340
322 693 36056
282 460 26019
140 227 37537
46 338 23770
134 622 132004
379 671 71197
455 720 31064
432 462 24839
332 343 23345
320 459 17464
42 651 28018
335 555 33242
263 386 64885
574 588 48010
192 536 38897
243 398 66370
79 399 34205
24 751 25060
169 745 66400
154 369 23087
154 696 38833
270 748 20248
258 727 26420
135 568 102303
213 445 63151
595 623 11000
270 448 45011
298 585 10050
220 616 45000
40 596 57280
176 455 44011
580 763 38328
205 393 26077
599 601 36797
116 146 59135
130 630 64444
164 726 49820
264 443 37643
569 665 41183
391 772 31401
280 708 42012
162 320 43081
214 736 34482
372 563 32202
458 745 52393
248 416 13454
561 679 53151
464 551 40200
244 324 28302
325 560 18248
295 774 29017
296 447 48010
73 227 20248
365 698 32016
447 707 25632
428 553 21024
546 593 42450
546 554 34928
586 759 17205
236 619 23087
237 348 41340
66 486 22204
130 646 36674
474 522 33838
20 514 39294
392 730 12166
185 325 24515
191 675 34000
169 589 39051
400 508 71120
311 366 26926
429 696 27857
550 687 64031
200 587 48010
15 70 10770
636 747 15297
126 710 35440
440 621 41773
104 224 26476
74 78 44654
557 741 60877
7 532 47854
407 431 23022
131 166 46573
456 626 27295
194 362 30017
396 767 49000
597 673 38471
99 661 28636
142 776 68447
56 558 31241
303 402 26249
62 515 35468
72 75 57035
133 614 21260
41 64 26476
291 603 47539
545 708 44777
141 538 41037
53 652 61033
454 501 40522
413 620 43932
118 412 17088
66 316 49578
93 550 122577
428 750 34713
160 398 46098
37 78 32140
146 337 13038
211 627 15652
180 548 30067
352 759 29069
129 380 18248
9 508 60803
597 629 22361
511 578 52355
106 290 39925
573 633 11402
20 706 50606
675 685 19849
87 501 25554
339 721 41400
282 543 23431
433 547 20000
160 472 42190
112 679 55462
23 421 44102
113 272 45277
303 430 21378
389 744 60407
318 388 48662
122 423 28160
201 320 35777
262 608 36401
151 239 35847
210 221 95520
394 769 35847
203 770 72801
618 654 50596
96 198 39408
558 666
576 556
386 635
527 58
738 138
872 654
603 639
807 476
114 661
27 501
927 738
639 690
960 665
116 395
545 88
509 7
322 873
355 314
781 736
192 868
151 396
182 186
423 657
753 837
627 857
554 242
498 697
868 629
480 1
356 330
354 430
26 385
834 297
365 881
858 803
717 201
262 129
762 832
87 395
970 640
627 670
125 440
771 870
218 573
464 998
141 434
145 249
174 360
599 888
565 86
541 761
758 115
440 740
740 284
409 422
689 600
558 225
373 275
716 228
772 450
580 426
92 738
258 218
653 675
662 180
330 853
969 460
42 459
226 458
549 78
512 940
255 390
772 295
267 107
198 388
875 193
967 562
230 132
414 140
662 111
686 131
941 723
358 247
514 489
185 355
249 759
364 180
407 528
483 959
561 963
632 337
156 499
402 989
359 304
222 527
593 513
922 294
673 719
876 829
568 38
334 699
544 731
190 291
210 651
498 457
457 240
432 577
552 828
53 385
232 804
166 568
574 326
793 631
969 369
512 84
522 190
445 101
262 63
481 428
774 212
734 754
616 840
744 212
260 755
818 699
466 334
150 450
231 334
487 817
479 770
40 605
793 259
287 266
61 722
888 233
352 629
501 993
140 178
761 242
727 331
812 514
265 796
639 620
421 94
699 151
503 246
586 10
686 166
386 773
349 499
534 302
941 706
553 256
938 387
747 170
98 506
981 394
579 797
848 790
280 165
639 363
441 323
285 710
930 376
390 895
28 650
600 400
680 889
474 366
137 165
844 718
305 523
801 298
732 438
403 32
842 394
490 240
869 722
840 613
833 810
616 577
508 926
919 514
438 978
343 318
269 665
833 155
103 330
23 527
902 742
244 726
672 839
154 299
776 182
525 819
119 328
745 702
561 490
285 413
669 561
393 267
294 350
410 352
366 344
463 167
471 308
35 399
253 747
578 541
723 58
713 320
851 306
678 629
102 445
589 111
802 725
467 869
390 645
226 268
481 498
633 26
424 183
440 533
236 656
123 553
637 286
755 306
126 662
832 671
793 645
590 836
849 620
176 530
386 606
926 711
699 942
811 349
356 744
503 284
351 724
535 175
944 670
241 228
644 407
188 621
412 876
643 190
898 711
319 580
376 675
548 862
688 319
566 437
714 564
776 781
398 138
637 980
271 387
483 562
506 855
564 118
984 453
768 424
960 471
908 276
545 544
325 412
642 904
494 549
910 566
622 429
824 598
61 587
673 849
605 594
533 791
802 759
846 432
819 710
669 730
931 303
246 534
532 478
553 394
992 443
686 865
325 914
362 641
377 664
420 255
537 681
215 328
155 270
296 898
586 462
133 353
240 522
752 437
201 691
63 620
481 107
769 195
740 81
850 747
447 21
730 807
320 639
306 550
702 875
813 137
496 807
550 197
271 118
648 352
851 184
363 816
665 212
680 99
273 522
425 283
255 799
694 470
730 546
629 383
338 294
721 147
596 31
659 533
874 347
393 718
110 591
826 683
757 708
111 343
719 447
366 894
492 253
147 411
319 241
973 587
458 709
404 918
843 667
75 468
82 365
222 786
349 853
846 327
26 422
321 284
607 371
928 587
444 908
772 226
285 886
491 317
692 686
560 528
511 330
619 763
723 301
791 208
768 128
454 876
192 736
521 797
804 498
105 376
961 389
413 932
326 351
75 532
177 565
675 70
159 584
533 589
672 680
345 656
508 617
469 814
598 248
826 832
625 821
663 948
727 897
711 393
28 466
728 91
804 407
488 417
291 157
506 189
437 169
760 736
312 50
685 236
537 3
234 162
447 149
141 677
603 443
765 89
579 234
817 670
392 809
206 669
144 753
813 855
86 441
504 294
827 467
278 57
132 577
163 725
233 427
888 702
617 482
565 973
206 511
283 641
420 613
170 806
644 843
525 880
102 222
376 839
636 636
562 741
926 445
761 77
157 772
325 444
781 513
813 833
178 133
202 182
334 130
383 587
901 689
33 454
803 676
577 477
936 500
514 312
740 641
751 494
161 392
955 567
733 838
496 719
803 574
897 661
691 927
388 241
841 350
693 734
766 679
422 470
432 267
272 533
607 166
344 428
769 887
630 210
666 965
183 156
441 135
616 955
660 462
522 404
745 371
276 207
841 587
465 104
740 555
451 990
193 260
124 405
338 353
533 452
320 735
322 192
146 552
656 281
606 915
333 875
291 425
730 178
480 904
164 753
365 509
676 429
62 519
558 927
305 236
358 143
64 408
837 170
501 373
552 913
377 202
562 569
76 492
787 660
812 215
653 853
537 944
78 710
340 545
487 484
490 225
488 91
411 743
202 830
119 761
490 158
378 146
572 28
350 213
232 669
253 257
437 123
265 584
275 85
637 264
934 525
102 278
365 729
41 638
283 460
930 748
582 596
49 354
732 771
617 61
684 802
987 560
842 486
858 252
271 843
523 708
683 911
261 552
396 873
588 707
393 455
769 529
831 780
184 556
291 937
626 170
222 713
583 740
407 487
687 456
449 521
600 275
713 580
406 12
320 297
510 341
159 531
49 551
114 359
84 337
859 158
404 75
953 312
275 593
461 60
160 181
224 503
126 753
784 828
705 226
15 479
273 866
444 200
868 555
171 503
700 902
434 698
294 846
346 248
753 447
889 575
641 600
756 789
435 368
99 295
477 127
461 435
382 496
284 819
631 577
930 599
659 766
741 628
724 581
759 458
751 606
374 874
581 699
881 394
332 516
553 214
238 612
971 487
624 889
354 372
837 569
845 734
628 43
303 252
133 793
517 525
144 188
814 177
677 949
165 606
74 446
141 827
631 588
880 538
362 169
720 738
727 313
488 297
669 746
527 727
546 158
714 352
133 744
545 286
238 357
363 121
925 639
212 623
718 773
880 618
713 823
838 250
545 996
859 661
866 211
463 803
942 471
651 689
341 742
808 884
102 424
405 790
849 257
766 161
283 737
524 581
725 280
450 606
317 689
703 246
850 841
142 568
447 823
822 238
311 573
431 687
491 400
706 341
600 606
309 338
521 687
751 139
625 748
547 591
228 756
513 537
343 152
679 644
550 376
414 904
669 311
697 166
510 841
361 786
213 769
620 294
353 921
213 354
300 327
995 512
700 330
649 308
706 504
595 218
422 21
916 419
156 171
212 711
343 202
659 380
627 282
514 97
915 408
397 842
483 729
236 893
185 383
627 729
557 539
500 344
587 885
494 23
799 199
673 346
661 51
486 197
851 700
504 394
660 360
867 333
344 274
192 403
280 505
259 352
838 133
921 327
294 374
165 313
585 942
504 177
430 328
640 108
409 268
958 360
120 736
85 475
840 454
869 278
45 509
72 327
555 316
316 151
901 455
797 467
434 419
193 885
378 118
891 559
256 436
555 775
741 859
185 599
677 535
296 656
88 562
619 531
396 596
836 655
899 589
598 753
493 928
304 714
161 466
393 916
676 217
705 61
685 285
876 470
774 769
366 294
511 421
296 188
222 834
557 463
549 273
327 767
