897 1569 22 101
210 356 32558
68 692 17029
235 310 37336
234 840 36674
45 184 31780
43 583 79630
221 335 13892
540 663 42000
316 344 21954
77 213 82298
378 615 23022
781 790 43278
573 624 20248
657 799 37000
36 356 35511
112 188 30414
530 534 26173
389 845 28071
292 592 37108
125 382 22204
128 656 51788
137 410 20809
323 675 16279
90 477 49041
378 508 34886
27 236 16971
377 522 13454
365 641 16031
573 645 132944
377 562 33601
113 683 17889
322 691 27857
308 371 64070
496 539 19026
361 768 32280
558 682 29614
265 721 32062
420 678 22561
44 496 26401
243 694 65460
44 539 20224
305 620 42190
474 863 42107
781 892 22023
126 705 36878
520 843 22825
429 537 42544
615 882 33838
150 739 16125
533 753 51624
295 368 21840
193 894 64133
228 537 29428
184 554 31401
633 817 54571
219 635 11045
29 583 65437
430 714 26926
39 76 25942
50 486 38328
25 856 25060
432 588 35000
323 612 26173
92 160 37443
355 356 49254
328 824 27586
86 826 42579
318 501 54148
320 621 13153
635 665 32696
334 603 56754
90 128 47011
596 618 41049
453 613 30414
145 352 48260
97 490 17889
572 646 25020
114 877 17464
290 402 37643
89 458 19000
51 608 28018
446 736 39051
368 883 20591
479 784 58249
219 660 27857
113 130 33526
640 750 13153
542 727 31016
164 651 41183
58 490 22825
62 213 18682
333 503 25298
224 812 18868
615 682 41593
337 417 27295
212 674 20125
74 415 14866
55 230 17464
619 831 26571
187 747 36878
245 876 34059
22 271 29428
446 556 25179
391 427 15811
417 464 23601
597 803 33242
109 788 51039
405 426 36125
360 438 25495
240 513 15652
572 639 58249
310 858 39319
503 703 26249
132 163 15524
71 373 25060
726 729 25000
16 668 34828
789 892 17720
115 826 20224
501 694 20616
709 827 19026
36 734 58523
671 701 26627
39 747 52202
782 862 28460
39 349 34785
258 621 20025
319 857 46271
252 286 20025
178 870 12042
75 864 44721
465 587 36878
606 884 64031
466 574 33242
602 681 38288
63 568 46519
698 858 38601
34 761 26401
181 742 15264
396 856 29614
392 857 25080
120 817 20125
206 761 35355
156 669 50537
703 831 28231
312 740 29967
398 457 96047
92 331 54203
654 734 54745
327 406 37590
313 564 31780
185 467 48374
495 831 50120
641 831 38053
352 895 31145
263 833 22804
520 881 30083
86 463 57219
182 316 31048
183 751 38601
70 426 37108
404 749 41195
504 622 10050
342 841 36125
597 827 12042
144 636 56143
652 850 34176
313 821 41146
390 520 13038
78 751 42154
293 793 35847
492 692 19416
25 745 20125
522 562 37363
704 772 36139
74 863 42426
288 561 37000
86 147 11662
12 745 30806
379 547 18868
310 718 30150
120 569 31305
340 616 17464
117 507 29547
590 787 38328
552 614 33541
255 446 27803
369 499 43600
475 592 35057
78 183 39812
708 822 30414
220 414 24166
217 309 45044
21 59 36497
102 625 52345
207 727 32650
105 637 34928
15 676 31321
150 491 14866
102 425 37014
161 563 14000
90 771 47885
56 630 51971
131 889 22023
353 865 52697
732 873 31906
359 596 23345
201 478 13038
135 337 38949
335 743 42438
430 468 24166
81 447 117427
269 619 11662
263 305 37363
357 819 27803
92 685 39812
7 428 30806
199 462 31048
79 518 22361
217 400 41773
659 706 44944
210 583 34366
228 612 20224
656 866 19105
276 328 33061
32 317 22000
237 640 21260
368 471 37855
19 368 26683
261 875 12042
127 280 34482
168 634 55785
421 482 12042
100 324 50912
463 548 22825
60 436 11705
841 842 46819
36 858 33956
16 458 43000
33 99 33615
213 796 32450
449 796 41146
500 592 35805
268 534 27803
134 658 35735
640 794 28231
444 862 34059
43 813 47927
352 625 39051
17 41 19209
545 728 22472
226 424 15232
347 591 33422
262 559 35511
127 251 19849
145 719 29155
193 660 15033
384 743 44204
66 768 33956
201 404 48104
307 699 58549
390 424 13000
337 473 48415
596 820 30000
407 711 44922
623 830 41785
149 585 21932
504 681 17720
272 642 52697
91 336 82292
535 539 51624
59 217 43267
54 70 11402
155 387 27514
502 671 40262
331 684 34655
22 143 35468
339 694 33615
291 828 51865
508 708 56294
67 761 19105
171 869 43417
463 531 59405
19 408 56515
333 749 19647
328 518 24166
466 564 28178
243 728 37696
141 246 13928
537 627 30017
407 548 13038
93 597 31145
325 695 57271
32 460 69857
471 764 26907
484 821 35777
493 725 27893
168 874 16492
222 296 41231
279 775 35355
93 887 16492
29 454 35171
303 388 32016
35 314 49518
582 689 21587
192 880 30414
399 729 33615
283 744 14142
399 425 36892
98 854 21932
662 813 62801
666 877 25298
329 594 14560
225 397 71218
265 528 14765
195 813 34015
12 856 29732
340 791 22825
176 685 34409
166 717 15297
272 341 24839
326 376 20616
9 160 40112
206 419 31623
391 404 102005
618 820 34713
33 136 21378
240 784 32757
662 689 17889
264 710 17889
140 588 61612
815 873 36069
381 651 32280
483 613 21095
344 866 29682
288 679 30676
262 849 44011
555 662 13928
380 472 26571
290 412 48166
21 442 39051
24 588 42802
600 687 16401
719 729 14318
448 633 47707
384 712 56089
318 772 25495
348 578 36878
249 469 23022
648 851 29155
638 769 21095
209 713 33287
75 330 59034
150 244 49930
419 436 40162
80 513 30017
558 615 26249
353 441 67602
256 350 42438
515 587 33541
175 319 41146
692 883 42059
32 260 24042
583 813 68964
376 421 27659
18 358 15524
122 626 50329
146 507 25456
512 789 13601
96 258 11180
24 722 34132
34 455 19647
115 389 68469
270 371 21932
299 589 14213
451 475 13416
823 824 27074
421 731 37216
29 43 41773
191 670 37121
205 528 14318
496 854 25495
34 713 34928
413 648 25318
197 342 18028
122 581 18439
575 886 15133
26 516 27203
862 894 30414
6 356 18868
267 549 45100
340 549 26173
324 738 56727
529 546 51478
431 709 43278
352 837 26019
35 492 14318
603 890 31385
212 295 34482
10 675 25942
211 360 84593
8 787 14213
810 830 12042
99 620 18439
6 210 31113
423 561 15297
248 403 32140
161 227 30150
622 828 17464
274 322 23409
119 650 40311
103 661 34482
242 724 41773
181 363 22204
80 805 24331
19 764 19416
125 766 15232
37 460 31321
19 358 22672
282 849 38079
52 876 41340
155 769 36359
640 868 24698
141 306 30594
186 666 55902
97 572 21095
604 608 20616
456 534 41485
170 874 32202
1 294 42450
200 409 19105
377 779 26420
131 514 36401
379 706 20248
592 758 20396
602 788 30806
296 571 29967
667 777 16763
196 383 15524
239 240 33615
95 164 22361
295 459 61741
650 753 56886
826 845 63000
636 701 63151
142 743 33136
103 562 48083
303 479 41437
332 720 61294
343 877 55444
119 792 34205
433 530 51923
71 576 40162
480 731 46573
767 868 29120
803 805 11180
80 784 22561
311 470 15297
412 654 49041
580 606 46098
214 450 19235
168 544 12042
291 825 48765
792 847 26420
440 460 23431
18 178 28636
754 889 30806
253 756 17720
35 832 57201
309 836 41785
308 568 35693
516 697 15033
314 454 13000
363 517 32140
339 590 47297
453 696 47424
348 861 19925
298 405 39623
6 106 37216
87 354 37483
139 401 38275
294 633 48104
538 752 35468
155 725 31241
316 773 20025
459 716 41231
68 178 15811
197 736 47011
658 882 48021
624 712 17464
497 596 32016
580 647 14560
59 309 23770
565 780 46840
34 67 34059
310 356 52802
58 282 11402
15 637 24187
31 702 25612
295 471 44922
399 719 40460
152 569 39000
196 283 19698
241 553 14422
24 631 42048
168 439 32558
750 760 19105
104 808 20616
143 726 40000
329 648 14213
410 649 24759
369 514 48104
242 361 26306
251 280 33541
247 574 24352
166 689 12530
198 302 36497
48 577 91679
270 506 27166
85 453 22847
28 718 23022
145 560 30463
446 613 24597
157 758 60407
140 346 16155
191 226 25807
715 865 30806
331 801 34928
70 419 30265
4 609 51039
656 773 53000
493 776 14422
381 585 49659
587 844 14422
13 152 37590
54 640 32696
128 757 24698
117 146 31321
161 524 25710
11 768 25239
378 882 35511
748 874 37054
198 712 36056
108 305 19849
208 763 26249
781 834 37643
29 896 37121
256 540 42942
375 802 30887
595 878 25612
106 356 41340
1 448 50359
696 724 34785
413 574 22561
31 451 21471
355 494 36056
27 354 16492
7 519 39357
156 795 61205
486 586 14560
704 754 17000
397 763 86371
159 184 24597
537 675 28443
162 189 24839
398 842 74027
8 774 18028
85 407 10440
283 476 21840
131 754 26306
188 467 33015
118 228 10817
93 709 11705
436 816 27203
184 725 33287
233 780 30017
591 672 26249
145 729 34655
635 660 27019
249 466 25495
26 128 38210
110 782 53141
46 682 36715
193 389 42202
246 890 33136
215 250 28425
177 271 10296
135 328 19105
148 524 36222
454 832 63032
112 591 32985
345 424 30676
579 687 30000
416 779 60033
158 773 17205
147 700 24000
105 418 14866
319 392 45607
441 865 31953
389 536 17804
91 634 68000
285 295 29833
96 859 16279
303 868 45607
87 94 35341
480 526 37108
751 852 61392
61 367 57983
530 607 28284
381 552 58412
361 556 39115
628 875 14318
98 170 40000
244 609 11402
431 897 51245
282 559 25612
164 592 37336
435 631 38484
464 759 25495
85 483 16971
258 864 20591
615 690 40012
182 593 26000
468 670 25000
381 500 37121
322 350 44102
365 541 14765
445 897 10817
289 802 17692
74 472 24352
378 812 28320
2 748 24207
20 400 40608
498 746 64777
69 770 50448
192 565 35511
553 599 38288
643 786 33287
257 838 75604
638 800 50120
253 353 27019
621 859 12042
564 594 15524
221 579 18248
451 758 45880
42 278 62008
94 354 60017
202 351 26000
471 598 12806
12 652 32802
397 628 28178
55 629 21000
82 659 14318
400 432 31780
402 411 48301
542 673 39051
421 566 16155
175 595 41231
53 253 26173
412 733 21587
487 615 38419
129 624 21024
207 542 26000
129 301 81394
852 853 32558
61 456 22825
50 836 30000
408 452 52000
30 527 19026
193 372 22136
220 505 18788
139 881 25000
162 769 50990
203 505 22472
654 698 34015
448 578 33956
96 864 13000
661 807 35468
312 676 20616
736 842 47539
867 869 47434
190 774 64846
326 482 31064
801 855 20881
14 854 19799
163 488 26476
49 124 17029
370 397 45891
151 525 23087
72 755 14560
388 462 45618
473 710 16279
565 752 30265
472 474 53235
239 422 68264
327 891 11000
35 195 23345
540 678 53935
199 388 50010
105 783 41037
261 744 21633
447 557 26077
440 686 31828
60 738 11705
658 742 28653
345 390 37014
130 192 30017
434 456 13454
362 435 13038
152 693 51245
485 834 20125
239 479 55946
134 615 25456
713 812 28160
641 693 20809
553 584 53263
279 697 33838
437 630 15556
281 681 32388
292 500 40853
343 449 31145
556 768 26000
187 893 44011
527 735 18439
214 852 52345
374 822 29275
82 547 45486
623 810 46615
14 173 30480
482 795 21840
219 643 38275
147 711 12369
495 569 23022
30 735 16553
759 799 37014
336 634 48374
485 715 16031
332 830 11705
450 852 55009
77 201 49820
372 894 56719
93 428 21095
11 382 22204
259 385 25000
380 403 35128
367 434 38079
102 765 27313
454 896 26019
273 431 33121
431 778 33541
110 241 45188
402 412 19209
236 297 19235
77 362 42000
374 542 20616
44 535 43081
109 566 26000
158 286 24207
172 788 48083
404 703 66000
448 458 55902
298 364 35355
34 46 21095
559 665 34886
10 229 28160
86 770 50000
606 650 22361
367 401 39051
157 302 36620
278 851 46011
37 440 30887
492 642 11662
465 888 26401
586 836 27295
164 301 23537
159 387 16553
161 803 42012
325 677 21095
238 630 25080
149 857 25020
75 489 49649
75 621 34132
83 517 17804
14 47 23022
279 785 21095
156 791 22361
199 870 10817
129 573 24413
386 431 15033
688 739 39825
218 277 28320
301 614 80056
747 893 47170
69 826 19235
61 534 29732
524 793 56036
826 829 51078
576 677 36056
202 722 11662
375 730 53038
673 720 55073
273 386 30017
81 848 31145
325 723 25020
352 506 20248
100 738 73335
676 740 32757
419 455 19723
152 541 39294
181 517 39825
66 242 43046
478 644 18028
112 835 33615
203 341 19026
331 601 36346
202 668 37000
138 532 47011
543 580 27785
104 503 16125
225 670 20809
423 679 42048
216 469 16643
809 865 37336
600 811 39446
81 438 28443
548 657 19925
17 394 27459
233 800 63348
384 535 15033
106 355 40361
418 676 22472
839 889 10440
254 861 29967
428 445 20000
555 863 39115
234 474 40000
698 846 50990
35 454 56080
266 502 41195
422 708 42450
697 785 22136
367 818 18788
511 621 23345
218 280 27000
81 814 76295
670 714 28601
554 800 56824
145 837 41012
2 176 27459
225 370 54129
170 173 18601
643 735 27659
46 543 57489
450 577 30232
167 509 19698
698 838 44418
72 752 57940
114 186 42426
139 230 26420
298 474 10770
417 626 16553
83 123 42942
180 301 62769
415 689 24597
359 514 22023
513 784 32650
88 560 38601
295 716 57271
109 393 41012
382 736 39812
563 850 20616
406 435 24021
345 843 41340
204 233 49820
71 111 59076
112 672 31765
538 755 35903
446 483 31016
528 835 27785
132 741 48021
389 584 37736
142 157 33838
460 533 32650
240 822 36014
499 695 26401
126 461 48662
56 783 45541
814 821 24187
792 816 25495
244 343 47011
533 686 13038
203 272 15000
850 856 42048
146 373 29206
581 869 28862
654 846 46573
551 878 35171
240 745 36056
541 693 12083
771 777 51884
62 653 17493
256 663 43909
311 588 36892
480 746 24331
53 809 32280
452 598 51624
214 802 20025
190 437 70456
190 772 50961
144 701 17088
4 40 58592
291 511 63008
347 489 47202
369 723 50220
169 234 22091
215 879 27803
498 549 17720
692 832 48042
562 885 26077
107 409 38013
355 562 55027
71 677 60440
235 718 36235
123 523 49497
151 321 26249
512 649 19209
60 792 31064
126 249 51614
108 154 41183
66 287 42202
596 839 15652
545 557 25612
441 683 68118
57 822 21024
40 610 60465
543 606 41869
57 708 21000
76 163 18439
625 895 19209
560 632 35000
257 299 23409
447 484 17692
287 797 18028
652 745 34482
134 690 29069
237 794 10440
431 827 30414
546 601 60828
141 334 47539
1 860 45695
286 800 29017
188 835 50249
458 667 26926
204 593 33377
476 785 42202
157 579 32062
205 672 18974
290 608 34886
155 493 27166
150 666 31575
425 608 37216
383 873 40853
175 849 38626
190 754 23195
41 731 34000
183 300 50220
330 864 26173
540 853 24166
287 561 31145
549 791 22672
307 467 57585
300 769 43932
65 837 34000
141 409 57201
364 474 40817
222 759 41110
817 860 17720
26 757 50695
194 364 50606
703 808 25179
56 787 31064
376 566 36249
247 576 32573
396 745 29155
223 473 34015
254 279 16643
217 470 27659
38 638 17117
259 509 27857
211 438 109115
433 689 30000
169 680 50120
64 536 39294
285 521 14866
377 589 34205
365 693 18439
717 734 28425
394 514 38079
263 552 14866
291 721 41037
499 707 32140
33 255 34059
15 418 25060
674 737 10440
235 257 50606
361 453 19799
107 815 18111
493 554 28844
215 626 42942
462 870 25239
3 481 13928
487 517 36125
89 667 28636
144 452 13038
519 685 34928
277 327 29732
252 798 42048
131 359 36056
320 525 29530
315 588 49204
32 753 49041
273 786 41976
118 284 18974
504 819 15811
606 647 51196
41 131 30364
287 457 36139
706 838 30676
772 774 35468
38 50 59933
457 561 19799
292 392 62169
206 750 22847
799 879 39115
185 593 22204
736 766 23324
737 741 50090
133 784 45651
317 872 25495
274 420 46325
223 710 34438
101 836 42107
49 680 15556
13 817 36235
614 651 46011
732 872 38897
28 299 28071
79 340 38000
574 576 26420
856 862 43139
627 867 57585
395 632 30806
79 276 13601
137 350 10050
372 389 34540
205 721 13000
10 332 46325
111 809 53263
136 342 21260
218 251 15297
62 127 25495
515 844 30806
423 481 53263
490 527 21840
789 790 40050
444 673 30364
422 760 30806
536 849 52154
538 819 24597
656 798 62177
346 891 25080
195 272 41049
256 420 15620
194 738 59666
242 797 18788
304 572 36620
172 369 18439
411 659 45100
187 510 50990
116 133 37014
135 626 28071
267 746 27785
303 794 64846
589 779 48083
769 776 11314
465 571 42544
598 764 29120
108 878 38079
308 506 92574
383 628 10817
279 861 41195
601 684 23324
525 669 31385
155 300 15620
552 833 36014
696 888 26401
481 679 39812
73 781 34132
443 449 19849
152 568 73790
231 338 33541
166 582 14866
162 442 22847
95 180 43382
281 622 29155
196 744 19698
313 848 33838
31 475 13153
542 856 40224
320 762 46690
151 825 23259
99 154 36688
40 609 29017
503 808 18788
138 281 40000
518 824 10440
30 490 23854
469 728 15524
221 232 21401
82 411 42154
617 664 10296
355 522 32249
186 277 33015
189 610 60166
142 302 21954
710 823 29682
487 690 25080
351 655 32527
5 409 31257
288 844 46043
83 487 30232
119 847 34234
219 793 18682
45 780 30414
84 476 43046
477 775 32802
84 348 17804
76 349 25080
291 489 56719
179 266 22472
403 530 18028
91 259 21541
45 880 23431
153 216 14866
393 788 34828
101 309 45000
137 550 19209
806 885 36125
499 820 14866
529 646 22023
294 817 31048
323 623 27803
185 188 35805
266 741 15297
25 396 19313
13 714 32000
349 488 42521
241 599 42544
305 833 43681
297 848 35440
232 304 16492
289 610 31401
582 717 26926
439 544 26926
123 347 29069
5 194 36688
23 778 12166
336 439 20000
71 851 37483
107 367 68768
183 769 51225
334 472 51478
461 695 21024
248 380 47424
158 204 26476
186 653 38210
335 801 14142
269 641 26420
762 864 34525
51 733 56569
394 421 32650
53 756 13153
170 575 56859
353 756 10770
196 732 51088
143 617 22825
551 595 28653
221 855 27659
11 398 37443
414 642 26077
404 644 31064
368 764 19723
4 491 47424
255 700 26926
103 747 38079
3 312 26833
42 373 15000
393 566 29155
510 747 26077
272 840 38079
515 740 38328
58 849 42426
616 791 15297
695 707 17029
4 189 21378
649 892 18974
617 733 56294
88 177 36770
113 790 50695
391 703 36014
165 325 32650
200 732 30806
115 171 30017
427 693 16763
114 653 56036
186 218 26077
341 414 33015
167 179 30529
297 360 24597
374 745 32280
84 861 33377
363 742 21260
171 599 48662
269 427 19026
118 429 17117
51 412 52631
23 639 26870
567 610 46615
2 47 24021
497 611 32016
39 893 41231
143 607 30083
232 646 27659
153 705 23409
79 867 28862
193 665 17692
216 728 13038
222 337 40200
8 437 29698
539 645 30364
669 795 24083
173 854 35171
245 546 53852
323 864 30000
604 664 15524
529 572 42953
472 863 52811
268 456 40224
450 802 29206
86 871 42720
656 757 37202
477 771 18601
686 884 48384
42 804 15232
126 618 46872
684 855 30676
231 485 14213
452 671 33541
469 545 13416
37 196 23409
104 668 39925
72 538 31575
116 358 26173
329 413 21932
738 847 24166
182 467 53151
415 433 13601
644 655 12042
21 366 40804
20 777 16125
208 230 26249
604 726 34205
7 275 33971
110 584 28160
51 664 17000
319 702 38210
338 507 52773
577 678 66761
136 197 10440
23 431 32140
115 845 68964
63 430 30083
260 317 37014
68 870 14318
24 432 26019
247 325 31780
353 357 50596
117 804 31321
321 532 28231
343 570 28320
57 240 43046
100 194 63514
324 405 37483
229 720 31048
455 816 46325
288 423 41869
133 805 39205
254 777 30871
730 802 25080
371 395 30067
357 683 48765
441 715 18000
349 885 33541
285 883 31953
295 883 16279
86 711 22204
65 560 37014
73 231 31890
17 731 18028
344 773 35847
33 154 47413
92 601 38639
441 781 36401
276 581 33838
148 293 68680
416 488 42000
409 815 33242
122 171 42190
702 811 52345
443 570 38288
52 519 41049
315 891 26019
140 891 17720
27 87 32573
101 798 19105
225 629 13038
169 426 44283
521 832 12207
236 278 41629
267 731 31064
86 531 57385
174 523 48374
108 620 31016
238 515 65192
402 846 35057
657 696 27295
375 450 12042
74 555 34205
724 888 29547
304 687 15000
338 350 28231
170 886 43863
289 567 49244
807 896 23707
288 797 26306
97 811 27203
567 730 47127
108 585 30083
138 788 37363
70 767 33302
185 233 28018
116 479 38275
243 557 37363
495 641 26683
398 841 119365
619 703 20025
29 661 46065
352 765 95525
465 759 40817
346 631 26401
230 424 23000
227 273 23022
220 388 36715
156 616 27313
397 875 19416
252 836 18111
59 586 21213
18 68 37656
52 546 39812
248 890 32450
607 733 57385
94 507 43012
461 499 15000
246 603 19925
444 720 40706
422 794 21541
486 836 15264
153 469 24698
762 859 43566
73 834 21587
262 665 10770
274 691 18439
351 631 45222
275 408 28460
264 526 37108
49 388 31401
550 853 35735
547 659 31401
374 708 25962
631 722 51078
200 873 10440
211 691 24042
55 226 13342
186 688 57983
451 600 39205
558 812 13000
52 897 25807
24 89 34655
727 810 38484
146 804 18000
704 839 24597
401 434 21840
121 790 25495
339 418 148492
207 374 16401
578 633 32757
642 870 25495
91 385 20616
179 741 31385
245 685 31113
149 595 31113
188 699 15033
65 270 25942
546 778 38471
680 767 40460
759 879 50990
132 509 35171
5 306 15000
209 378 39962
395 843 15524
64 595 52612
224 615 22091
366 470 30887
404 478 35777
54 419 30887
556 766 19416
315 688 57271
508 810 38949
208 225 41049
471 716 38079
313 594 28160
28 494 34713
215 531 49204
95 198 45651
16 448 53141
250 759 38013
21 739 37000
172 723 49092
605 668 44204
526 754 24166
379 659 35128
121 512 34015
148 563 10440
271 401 15652
321 326 34713
362 406 20809
284 429 28018
293 862 48104
284 340 14318
282 490 21095
139 818 31064
330 810 54708
281 532 61074
511 825 24331
124 680 29732
387 790 34205
224 378 11402
26 884 58138
22 560 37014
259 575 121598
510 807 21471
9 47 13892
398 736 34000
770 829 36497
121 155 30676
700 871 29069
707 723 44000
237 760 12000
567 570 37855
20 432 12530
813 840 42426
605 655 41000
386 827 17692
637 783 42048
443 796 24187
120 860 15264
38 162 37202
636 748 11180
350 663 19105
174 866 21095
111 325 47854
501 590 29967
78 852 51108
516 775 20809
459 741 39446
18 19 11180
523 647 34828
223 264 27459
168 748 43324
770 871 33302
3 515 42720
180 624 32016
498 823 54781
260 753 46957
720 782 34886
241 627 18788
212 737 15033
488 806 41231
591 699 43046
191 629 28160
9 176 12166
703 749 25318
544 886 33106
742 882 66910
48 420 27295
244 491 49679
174 307 43417
125 556 10440
261 370 44407
521 674 26401
611 694 59908
48 274 43046
64 551 41629
638 776 21471
313 814 40447
159 880 30232
538 828 26926
67 422 59405
217 311 21840
209 812 15000
238 296 75664
275 519 42202
416 806 16492
177 560 32527
458 861 22204
194 872 47011
126 165 54332
69 829 38118
810 882 41629
116 887 62968
805 887 51245
763 818 16155
160 496 10296
322 420 47096
474 840 48836
22 268 35000
632 881 15033
410 550 29155
612 762 10817
385 502 45222
229 627 38471
337 464 11662
124 388 21541
685 876 23324
93 445 27659
333 605 27857
4 442 21954
167 741 32016
611 705 43566
484 545 31321
88 632 23345
59 366 29547
227 786 39598
63 468 21095
250 464 24839
318 787 21378
281 602 30150
515 571 69116
265 755 17263
765 895 64537
377 494 23087
194 306 26019
29 314 35805
639 735 66761
497 772 44777
169 505 33302
130 387 24331
165 466 37014
98 645 29411
66 500
733 862
892 238
223 237
292 609
385 863
670 770
772 172
750 851
617 461
959 365
619 610
61 582
780 864
843 197
98 456
642 261
554 771
565 773
148 425
225 294
195 747
718 697
116 413
607 594
259 441
464 50
353 932
409 848
771 659
859 662
321 550
934 472
455 558
472 791
350 843
227 531
265 265
493 920
171 210
657 249
476 104
437 817
815 832
393 265
444 540
757 863
321 39
496 684
291 319
228 814
686 764
490 174
448 614
127 650
778 137
555 600
811 635
219 330
384 578
227 703
65 275
81 624
827 539
121 745
946 346
489 560
517 778
823 479
437 617
489 128
462 300
383 128
340 743
549 397
505 943
32 330
245 174
696 376
592 674
526 14
208 903
458 434
168 492
884 405
848 463
433 60
147 709
141 437
250 386
614 962
759 827
647 731
401 45
941 710
589 404
783 662
785 898
947 503
380 655
264 379
182 846
460 906
39 468
851 180
404 895
230 627
932 550
598 234
719 507
522 177
435 351
394 209
136 264
786 467
569 738
453 68
661 408
359 526
71 550
322 185
749 415
438 396
495 701
938 400
634 121
54 298
287 415
918 768
362 219
686 240
534 951
592 709
517 471
759 380
955 476
349 110
557 272
144 690
82 365
295 651
846 749
218 774
653 833
146 774
444 98
858 457
642 633
901 569
192 290
579 328
28 600
636 101
912 514
312 214
616 369
835 717
324 351
353 230
790 848
653 643
243 235
519 955
931 690
580 127
334 786
560 942
700 888
441 697
745 898
785 437
593 222
760 887
355 425
853 579
748 839
181 723
526 765
586 926
922 749
507 404
338 330
253 213
364 252
384 317
106 294
503 847
405 346
227 216
735 233
99 632
392 220
753 569
327 620
449 787
219 553
965 473
901 732
505 758
263 586
23 379
88 448
447 731
329 325
469 348
459 605
570 559
151 650
491 542
363 841
389 14
536 850
70 257
219 124
825 402
641 87
183 354
84 308
742 610
483 727
815 746
781 311
754 279
501 511
128 616
114 653
683 646
652 414
645 464
131 667
404 104
802 729
368 294
419 695
302 928
476 38
494 613
802 207
560 666
577 637
700 466
903 344
677 60
165 248
742 797
290 664
558 125
275 694
604 79
807 380
69 311
285 335
472 155
190 446
908 450
313 76
333 968
579 399
594 970
344 543
183 557
776 577
983 573
731 294
479 321
574 907
658 305
230 747
17 516
98 757
190 718
447 746
670 665
364 41
647 795
707 384
105 327
514 55
204 455
84 281
525 248
802 628
211 535
655 390
530 839
305 336
921 312
907 301
186 135
231 831
511 325
887 641
693 587
97 529
553 820
765 273
495 35
383 685
355 960
302 202
954 695
865 738
523 678
806 713
947 563
301 621
398 419
54 701
228 352
337 915
162 348
868 226
561 34
438 827
103 349
330 360
321 572
740 167
871 616
591 377
554 320
372 63
613 435
416 619
565 156
588 313
77 337
740 382
539 65
586 443
802 794
592 500
15 446
339 669
808 758
688 926
785 351
374 89
760 80
658 376
466 730
971 490
146 205
341 379
79 657
67 371
464 409
157 478
482 953
348 100
64 438
106 801
473 182
460 34
374 922
369 873
457 230
550 756
666 210
473 24
907 370
32 372
504 426
358 660
31 555
192 318
178 672
559 799
607 210
139 563
107 737
746 548
467 116
580 572
214 96
583 293
399 960
512 508
256 912
307 729
942 623
956 387
215 568
870 817
601 946
671 695
338 223
515 709
778 535
108 680
5 526
899 580
569 263
619 246
105 707
600 576
184 572
980 396
188 827
155 385
176 711
267 842
272 726
6 424
410 656
44 355
874 402
620 786
261 605
366 122
224 864
279 827
555 80
493 749
329 753
472 981
772 375
865 185
433 587
325 66
604 275
524 608
939 274
108 667
219 847
446 653
18 535
645 752
678 406
70 596
686 694
142 414
316 757
197 705
43 379
395 574
793 193
498 19
676 910
242 504
414 149
234 256
100 215
634 530
665 752
925 428
643 24
116 506
115 202
222 105
849 681
640 834
893 384
443 839
450 577
207 714
956 303
141 456
579 876
257 522
642 169
535 750
843 406
791 361
829 307
581 90
378 365
92 606
627 78
165 333
596 807
332 720
755 313
379 695
861 675
205 514
219 424
22 392
537 717
686 267
905 233
605 287
896 417
630 36
413 115
254 329
475 459
514 981
502 381
791 646
203 280
485 785
309 241
376 958
56 545
799 853
682 162
672 355
642 184
925 656
744 113
615 903
23 470
488 260
466 719
95 784
426 80
543 524
568 960
453 857
562 362
336 154
591 644
652 227
851 250
251 467
472 423
718 372
688 805
121 681
516 844
390 950
403 431
678 637
577 351
722 258
770 640
472 334
767 722
266 743
795 441
528 309
272 493
247 725
855 816
789 549
657 443
468 269
818 852
293 114
18 562
596 559
407 496
701 900
621 66
722 747
246 928
863 395
655 350
337 125
865 522
988 587
712 474
333 257
361 770
928 403
641 50
491 514
782 612
158 746
942 289
426 940
639 643
568 65
411 250
598 260
162 178
61 666
43 564
125 186
792 286
785 683
904 788
550 102
713 945
527 115
239 80
149 514
833 749
421 472
735 403
345 796
358 807
746 515
921 578
240 333
857 283
142 379
366 969
771 126
443 383
896 677
362 320
553 61
879 547
683 194
650 700
604 797
737 445
825 712
766 789
522 218
284 683
205 795
41 456
375 469
246 763
200 815
172 239
205 160
681 130
632 417
914 406
982 620
499 489
641 380
229 794
660 160
7 510
943 521
578 379
498 259
596 457
897 769
144 810
787 382
683 458
209 559
127 629
804 182
78 395
130 725
142 546
646 902
753 611
709 837
819 194
282 263
737 716
478 627
30 539
491 775
729 646
32 407
809 881
784 708
425 458
530 76
348 139
379 491
951 654
599 636
80 266
310 865
41 415
338 406
857 376
506 437
221 909
752 584
430 889
356 783
335 114
220 799
766 581
161 284
167 449
76 483
593 324
116 599
625 864
463 366
605 521
527 868
629 438
873 206
547 145
303 61
897 272
485 673
493 243
462 508
410 217
778 769
720 819
265 482
815 725
155 325
340 775
498 449
382 37
504 789
13 551
731 97
621 168
861 349
236 466
311 899
406 361
882 457
647 849
843 642
6 490
712 219
658 93
263 893
610 181
555 579
658 727
739 310
861 445
881 762
463 524
93 582
414 131
605 844
319 789
334 945
157 801
653 494
481 353
98 442
566 181
872 316
336 234
178 774
585 530
642 74
171 798
176 133
641 279
270 556
284 806
301 811
756 652
964 426
537 865
373 582
190 306
841 213
559 910
520 412
843 782
201 545
589 603
682 291
475 871
714 847
10 465
480 614
284 190
441 246
323 501
712 236
476 304
477 172
308 428
892 697
808 342
494 601
476 574
623 411
176 658
576 789
171 871
944 414
459 642
938 379
293 245
862 511
208 409
721 184
310 361
754 171
239 450
301 253
162 433
716 709
412 983
398 295
380 162
669 525
821 152
570 669
215 473
711 674
761 163
547 236
349 150
347 190
638 365
386 547
724 605
504 616
611 308
97 239
911 327
283 377
845 341
306 307
794 760
199 123
627 676
462 98
616 678
476 965
463 876
31 487
481 143
569 495
805 678
491 527
418 773
601 28
228 609
411 552
89 559
161 664
479 247
653 194
598 52
576 601
723 335
721 362
558 338
806 470
659 708
494 276
826 517
581 496
32 501
506 837
989 551
404 133
448 320
267 337
105 775
273 922
690 208
412 731
998 514
982 470
101 692
869 275
806 533
265 877
363 560
529 45
817 593
631 624
515 101
271 130
303 136
794 878
788 740
629 582
876 570
342 876
586 388
84 542
163 459
660 552
382 737
589 417
444 138
357 404
703 404
487 650
742 431
514 764
884 486
298 583
253 583
716 884
195 556
708 799
153 260
899 531
842 380
378 247
129 710
531 478
541 809
311 467
452 938
715 930
631 727
845 328
687 218
257 667
77 348
366 145
519 888
690 557
129 822
442 865
671 743
