513 1088 7 301
5 172 102728
276 331 28160
50 508 33287
332 435 15000
22 406 88527
276 369 41049
178 412 83952
205 228 50931
421 471 39051
78 126 231918
204 400 52631
205 346 101597
304 412 17464
113 188 75286
277 407 30806
178 344 32985
66 491 34525
38 501 38328
395 453 44181
142 420 104077
227 414 45706
151 380 21541
53 313 52086
223 425 67912
476 496 42154
9 383 52612
177 396 37000
280 380 27731
77 463 43417
184 318 65803
186 513 63640
319 334 22000
90 209 48270
16 276 64327
123 448 24352
264 512 37054
431 480 16643
115 225 58694
472 499 50606
246 249 15620
59 315 31145
296 355 17088
141 376 12000
149 292 41231
59 410 65299
263 503 29547
56 97 35355
60 328 12166
267 324 86452
20 65 52469
91 399 28071
172 341 79511
124 458 23601
204 283 31780
282 507 53814
331 413 52631
56 357 49244
231 425 42544
141 455 21024
133 303 47043
157 183 29967
279 420 81394
163 393 24739
321 353 40706
5 386 46098
288 464 68154
39 115 15000
6 46 27203
266 494 57585
374 486 41304
2 174 19698
26 30 55317
230 433 24166
239 500 36878
180 391 81584
8 177 46271
416 505 18028
54 362 75452
16 27 66888
211 313 45398
184 481 46519
215 217 49041
30 464 36674
139 296 63135
38 386 52498
189 438 25962
4 120 44654
101 513 44643
320 400 16031
22 251 47074
135 403 52802
9 128 26833
328 351 40311
144 351 47011
172 173 110164
12 508 44721
7 342 23022
424 499 74518
94 227 46174
56 203 61074
24 162 42048
1 186 46325
241 368 20000
32 412 85006
12 372 39925
423 507 53141
181 308 31385
117 296 53852
203 453 19698
389 396 82006
107 422 20248
446 470 29206
271 433 33242
173 267 15811
86 164 27074
98 239 39825
256 271 55362
287 427 29833
7 17 153522
372 508 24042
85 392 13601
359 373 51923
65 202 53600
79 363 61587
51 410 33615
152 182 19235
292 309 37121
155 406 54818
52 502 33377
119 401 31016
92 440 34525
155 285 21213
17 237 105342
106 413 34205
221 308 56719
46 197 92779
79 212 44272
395 478 13892
77 326 65000
147 374 11045
104 403 34132
5 173 113547
52 191 76844
223 335 98082
99 442 39560
80 220 35511
199 223 64281
42 213 77827
414 469 25060
93 446 89872
191 443 45706
31 477 24187
133 484 58669
342 484 45891
38 172 29155
246 439 28844
132 350 16125
79 392 52697
18 281 37947
18 125 18028
100 356 15652
243 244 15000
244 460 13454
287 325 73335
73 130 34828
21 375 72498
169 284 41773
210 329 77201
11 339 26476
146 215 59034
74 491 26077
251 425 46755
122 219 19416
393 476 28844
36 191 13000
129 415 28302
80 168 42802
166 311 22204
184 232 60407
374 502 25807
283 404 22847
357 429 24021
159 456 19799
134 374 54406
208 253 65765
60 164 71386
67 391 57245
228 238 50448
65 385 30480
175 204 48332
366 496 64777
114 133 30414
15 139 76485
303 444 34986
200 452 15000
135 417 26627
87 443 23854
13 489 46098
46 382 25632
176 247 112089
42 455 73110
139 322 32388
410 487 46390
165 188 67624
96 350 21378
56 461 49041
105 512 35440
6 88 12649
61 223 79906
64 219 22472
120 337 51894
75 82 37363
282 286 26833
175 319 47434
298 368 87556
55 477 100464
64 378 21633
223 296 27019
198 248 30594
244 286 19416
363 392 80362
278 381 89694
44 48 35128
408 477 38079
63 278 27295
160 221 43863
329 488 40311
3 153 25495
57 407 28320
189 463 35511
185 292 13601
154 427 24739
2 54 51078
97 461 22472
267 365 94154
400 444 21401
164 354 31145
410 495 37590
199 403 30610
218 499 46011
67 364 39812
43 215 41000
311 471 65192
213 376 46755
214 471 49649
68 142 91548
58 347 23770
253 318 26683
9 189 13342
77 102 38288
360 497 82765
175 310 15811
315 366 60208
364 391 50160
185 356 76217
20 445 29155
131 219 21541
245 336 30265
224 325 37483
226 501 13153
438 463 33838
34 269 25807
164 173 26907
78 301 35777
62 474 30414
99 353 57140
397 500 29614
265 507 46648
49 442 66068
187 349 31064
135 323 63159
159 305 13601
2 476 76792
298 496 63325
429 479 19313
433 504 31064
75 155 30806
367 379 30594
145 241 62626
212 336 72945
165 409 44911
310 343 17088
50 420 64203
100 185 74686
128 463 34015
254 323 42154
144 493 34525
5 60 72035
68 420 107056
221 391 48052
333 449 26077
47 392 245226
121 437 55145
49 421 58822
76 316 87006
102 383 38833
303 484 31257
415 450 21260
104 146 17493
285 330 52612
29 425 45706
152 369 38118
138 170 26249
373 437 41725
88 320 29732
55 229 59682
42 121 15264
4 337 26627
52 87 46957
88 175 21471
188 297 34132
4 114 42012
235 456 48166
291 507 46519
112 335 32016
357 395 34886
40 183 30150
12 494 17088
94 262 65620
75 263 48877
113 471 71309
271 504 27203
19 417 62610
109 370 49041
129 481 75007
313 411 70178
200 201 24759
106 428 12806
448 480 107448
28 448 71218
418 462 25942
300 377 41869
74 431 25000
216 480 45486
109 180 52887
415 453 38833
230 293 22804
193 361 34176
15 117 12000
25 509 40162
29 71 19647
43 217 30364
193 347 27019
190 301 40224
37 137 39598
90 453 50160
142 201 81271
69 369 38079
161 315 13153
241 274 65299
90 461 58694
281 466 36014
242 347 68308
182 501 18601
110 473 29069
9 230 46840
134 502 52326
157 345 31145
90 203 54037
49 344 70178
181 499 81609
448 506 39115
240 365 37202
70 270 65253
53 399 81345
440 488 74947
47 483 69462
371 381 14866
279 456 56321
246 375 48374
36 206 51478
112 204 27295
346 435 86400
26 44 55444
27 143 34059
48 397 21190
326 463 44654
77 132 32985
187 355 54781
190 407 13416
41 95 21024
238 254 54120
255 274 30887
68 235 35355
93 333 66038
20 396 36797
304 328 22672
391 406 57428
310 319 50000
315 495 27586
288 336 54406
150 225 55543
72 321 13000
437 488 91679
128 259 18385
314 442 53759
140 376 72236
242 394 75802
227 469 35847
55 145 49193
255 384 46400
98 172 22825
289 480 32558
105 513 83863
66 462 42755
76 459 30887
36 211 19416
429 511 27731
82 170 24042
122 131 19416
45 74 19799
256 405 41183
46 400 51662
37 257 29017
56 302 48508
192 298 18868
225 247 74330
297 352 52154
449 479 32650
143 423 54009
62 172 15133
136 208 47707
95 497 19723
107 440 63655
63 272 23324
290 342 36069
140 436 31064
45 462 26000
357 449 36056
359 437 47424
336 485 50596
60 304 19235
257 395 26401
218 391 54918
41 188 33242
191 206 52773
19 323 23324
165 471 40719
179 258 163768
188 456 81744
8 265 64351
315 411 60729
277 294 49518
30 158 71589
325 458 24042
293 375 21840
249 383 12042
299 365 48415
349 350 14213
116 309 36674
3 432 57801
237 270 51196
59 161 22472
333 370 40200
232 459 44654
79 85 43081
114 223 88238
55 465 85446
276 311 41037
319 382 34059
93 108 56365
113 311 62968
359 440 40361
84 279 79812
23 32 61327
108 186 28071
58 193 16155
109 333 19313
177 291 45122
326 470 24021
297 360 65460
158 394 61221
11 342 36878
69 276 57974
390 497 14036
197 382 117886
16 69 28862
358 508 24042
143 347 21471
102 259 27313
8 89 55444
122 314 20616
24 153 29411
76 169 47011
198 273 23345
115 176 37202
52 147 43932
292 427 39623
120 199 64008
94 494 52631
92 107 41231
280 345 30676
243 423 39623
166 428 19799
144 440 50990
202 385 41037
234 284 42202
181 379 85988
107 488 32016
403 430 12728
18 247 36056
194 244 28601
183 380 53009
15 195 21587
38 226 43863
103 465 33061
3 220 61911
140 448 65000
109 302 32016
250 322 13601
213 436 46011
308 379 58078
362 408 54083
44 152 63891
22 71 55902
134 205 18000
304 413 44922
377 405 59034
111 300 26476
119 294 43267
84 352 38013
338 502 43105
267 435 64125
80 104 32450
354 493 40608
84 190 71309
1 105 79076
86 332 29155
222 251 35228
256 300 66030
172 386 70838
113 282 23537
163 476 19698
70 215 34015
71 505 46098
77 259 18000
77 470 75472
142 227 36770
26 152 85159
11 133 49396
309 498 23345
198 253 40706
195 468 77104
104 168 44553
201 306 12806
11 337 37216
214 428 16553
179 275 26077
7 156 38601
391 499 77104
262 316 68593
51 487 41400
85 402 106000
113 165 50010
50 119 49729
127 399 87321
75 503 39925
149 196 46819
53 211 71610
132 349 27893
146 510 21587
462 481 41049
138 260 25612
127 258 47539
227 269 29614
366 487 59034
325 363 46141
81 486 20248
130 482 18385
209 450 32527
168 217 37643
355 425 61205
54 205 97514
347 426 14318
377 436 62177
59 258 37577
213 256 59363
252 260 17000
224 458 20224
118 302 19849
5 413 28302
254 486 16125
178 214 39812
49 305 53000
39 148 49649
241 371 70114
235 420 92849
376 454 77878
1 387 93862
43 162 55027
188 390 26401
54 163 62482
55 255 46174
184 462 45177
160 379 45453
189 230 48000
286 423 47074
47 196 19105
33 275 39395
180 302 49820
51 368 54818
376 448 89694
31 100 37014
68 201 60531
272 371 33242
317 329 34525
123 452 25612
78 489 118929
124 325 42579
8 291 60803
375 488 71197
61 330 70178
40 212 34015
205 393 50606
64 201 52326
252 367 13601
197 400 42012
181 382 191024
194 423 49769
145 192 36222
422 488 27659
197 444 28653
116 185 11662
169 234 60745
277 401 41976
263 406 36125
312 498 38833
248 253 67268
264 295 33601
146 403 27731
141 213 38601
81 374 50000
300 504 73110
13 385 26476
172 474 43681
275 399 26401
197 303 44553
86 354 25710
221 263 35468
376 442 26476
136 459 53160
171 491 12083
55 148 67119
24 33 52612
396 445 10198
266 316 53038
380 474 28601
142 447 50249
35 332 41400
193 394 66287
475 513 41340
10 417 20248
334 379 84853
295 436 61033
322 403 27019
92 482 21471
87 220 46325
338 496 52555
62 98 10296
174 229 17088
289 475 53009
432 443 15652
149 154 32527
47 124 154402
222 425 51352
251 340 40311
116 292 10440
135 430 49820
131 314 19235
279 297 72670
35 233 40249
114 120 13601
405 436 27295
34 508 13892
478 511 13928
227 358 34409
204 404 23409
191 432 52345
111 207 29614
281 434 33061
44 397 36235
366 368 62801
261 269 29120
322 430 19698
297 456 77104
413 428 41012
341 474 43382
302 449 40447
227 447 39205
162 217 61984
279 352 64938
287 324 79649
126 445 36056
52 327 44283
239 380 67742
28 264 53085
49 451 58600
306 448 48260
161 411 67535
35 73 43932
245 500 31145
66 513 43417
285 343 57585
151 474 15297
91 441 11705
245 485 26907
470 505 61351
269 358 26019
154 509 35341
434 483 56080
181 424 20125
109 449 27586
4 11 28425
79 336 75027
272 384 57723
219 235 32450
64 454 39051
100 477 51196
207 387 62201
55 312 104087
73 482 20616
72 412 86556
53 59 41617
23 353 30150
290 484 24839
176 225 38484
131 305 42544
103 125 12000
48 288 61400
176 278 16763
4 339 13601
442 455 39812
10 80 22472
67 398 47265
16 194 30000
318 492 34986
9 293 51788
249 439 28636
377 512 45486
53 127 14000
148 225 58181
128 348 23000
260 285 57428
117 349 48104
23 344 67119
62 151 24021
34 261 18385
6 320 19698
351 359 35511
156 342 25298
364 406 53759
261 508 25710
438 504 76688
221 424 54745
266 294 121807
431 491 14318
17 258 225397
18 498 58523
81 205 40497
84 301 89202
299 408 22204
145 274 22847
60 413 56036
35 354 59506
353 457 43829
298 366 85147
324 345 50990
353 455 63695
142 261 41773
301 489 86533
406 416 46390
84 420 57140
11 484 37121
309 466 23000
427 509 46872
195 349 41617
67 370 28443
202 490 44922
102 348 10817
96 467 52173
157 380 46819
209 248 62769
87 147 39661
351 412 33015
15 468 72422
46 88 36056
14 329 57428
94 419 75604
71 251 15524
381 483 239708
206 432 62968
280 324 55866
56 118 38588
7 270 19105
44 500 17029
14 205 55009
96 349 30806
42 256 93622
311 331 27000
87 432 29967
153 206 17493
55 174 58600
226 369 29017
317 488 58830
51 381 39825
77 231 42379
23 321 40522
180 499 44102
166 471 60605
411 496 61847
452 506 18682
145 298 32802
171 431 12042
195 467 51078
439 467 43382
75 170 44922
32 344 31016
326 388 40460
265 426 54231
228 254 21260
33 399 47170
136 492 15264
73 107 57585
46 175 44553
327 496 27000
5 369 62936
122 378 20000
253 492 24331
234 469 38833
388 438 53759
105 289 72069
216 284 64498
246 383 25554
329 422 24166
46 319 49041
35 435 44102
229 408 69029
37 66 50010
383 467 30017
222 340 21401
94 372 26833
145 368 71847
297 390 30000
308 424 18111
258 381 130752
41 507 58592
267 332 55579
295 512 24166
240 435 61033
235 279 20881
375 433 38328
326 446 19026
162 237 63285
37 513 41881
93 470 92195
467 468 65253
368 487 43829
39 384 15524
284 473 58000
39 63 41000
114 283 51225
22 155 69814
110 200 27659
167 431 34828
1 93 50249
361 394 54129
53 161 42107
294 494 65276
76 234 53852
135 139 56045
129 209 16155
360 490 22204
93 370 42154
199 250 22627
206 441 41146
211 441 25179
327 411 57079
20 177 61847
169 459 25612
180 472 77318
380 485 78237
138 285 43012
230 504 45618
94 266 64514
117 195 27019
199 322 20224
125 150 21378
187 425 18028
114 335 86683
317 467 56356
347 361 53235
233 435 62936
312 465 47381
183 363 51662
139 238 93776
118 180 56921
199 215 70093
57 190 34438
52 313 85381
466 498 18385
264 289 36014
203 461 25000
186 479 34986
302 357 59059
148 150 50000
388 463 57070
82 160 23345
314 378 22472
52 338 56604
104 510 23324
155 503 44283
160 308 34713
395 511 21190
202 489 38210
402 464 85147
181 472 83169
156 290 18028
174 192 45277
99 457 29698
268 505 27857
297 497 42485
261 420 79706
167 216 12369
210 233 43081
57 78 24083
96 132 30480
280 474 29069
125 225 63702
273 318 21954
106 304 57201
268 398 26870
401 407 61847
409 421 16125
190 420 40817
22 416 83815
8 242 90802
334 367 56921
378 454 23259
317 468 49578
94 358 35384
418 491 24187
143 426 17088
5 164 103465
487 495 27295
241 272 63977
8 426 41976
228 468 50120
126 396 45122
110 452 25456
121 321 40025
28 436 49739
170 252 23022
159 451 39115
306 506 21932
203 395 42190
83 135 28320
184 273 60465
126 389 108908
61 340 29428
83 104 25000
1 207 90802
330 335 46669
70 237 30871
35 144 51245
14 236 45880
414 447 31145
25 154 56303
22 285 62032
262 419 55227
97 307 21000
130 440 47634
45 418 12369
133 404 41773
84 490 32573
171 289 39850
74 167 22091
113 460 55227
49 409 54037
41 497 19105
247 483 21587
63 384 44407
101 186 33061
13 202 23345
365 408 52393
260 319 34205
217 510 17889
337 339 14213
91 206 41593
274 384 52010
183 212 42450
236 468 47170
26 69 96005
236 329 26926
224 392 82292
171 480 18974
243 286 26870
208 316 57219
50 407 66483
169 232 53235
83 403 49092
29 231 30083
475 491 31623
17 33 69051
101 429 25179
103 312 36000
93 398 65742
120 215 49477
89 177 15000
336 402 44598
27 158 65795
90 450 16125
31 408 21095
25 149 51614
249 467 33615
14 210 69871
36 313 48021
40 363 32985
327 338 49649
58 143 28178
233 346 71568
89 389 69289
90 307 91241
356 365 63285
2 163 68359
204 320 50090
21 42 52326
100 299 31623
148 255 30871
259 463 38118
9 348 42438
268 416 29682
223 250 52802
288 402 17117
100 365 59464
84 360 33287
112 283 26476
117 187 64444
300 387 42953
29 505 57801
33 162 73593
139 430 33242
328 493 26249
196 434 12530
96 195 31257
305 442 79057
184 198 47297
19 374 31385
280 341 38328
41 113 68884
23 72 44011
87 374 45967
30 48 67231
50 261 23087
319 343 48083
375 439 54589
123 506 25080
219 456 43139
12 94 46325
36 441 33121
130 144 21932
23 457 33377
485 500 41304
95 291 53339
182 369 35228
137 257 29017
80 83 11402
108 479 53852
110 142 50329
240 362 55731
250 296 47265
118 307 68264
451 456 47518
111 387 44721
30 288 33015
321 373 21260
429 478 20025
10 135 22204
146 217 35805
452 473 19416
137 415 46957
64 68 19849
194 460 33956
21 488 97082
21 271 56303
218 424 48270
33 179 35440
238 323 65513
316 419 19105
735 311
435 757
713 809
866 698
275 511
951 599
913 767
123 319
635 474
695 742
888 716
412 38
180 171
551 645
680 597
175 445
808 879
281 890
620 707
143 213
497 459
832 519
416 395
748 815
175 856
93 509
118 410
569 269
763 499
39 521
321 769
360 420
740 867
411 94
406 600
662 844
724 186
196 561
411 915
123 681
244 298
474 412
808 761
136 544
640 145
973 583
188 884
101 547
402 345
376 100
501 962
594 788
624 921
455 710
402 828
838 209
289 73
95 389
590 945
345 528
828 554
205 603
420 955
408 235
195 220
674 187
806 357
395 220
182 473
831 752
782 494
415 439
449 591
626 159
905 451
578 73
694 493
287 49
82 661
716 750
590 686
941 441
719 739
277 170
42 677
358 600
636 767
939 595
116 264
801 108
702 864
463 561
772 345
451 63
225 289
679 545
843 174
196 608
442 341
298 740
744 233
665 518
299 879
743 732
658 293
308 463
503 571
748 294
825 282
467 168
652 378
885 607
255 366
840 665
399 924
237 783
692 597
858 242
389 52
829 673
466 425
406 247
505 202
96 760
299 891
106 194
624 935
659 486
758 92
427 564
395 263
702 525
870 670
552 718
698 720
608 49
752 158
931 484
713 666
546 281
479 320
429 135
120 376
411 549
446 850
758 723
603 745
370 887
217 826
320 887
204 627
177 495
724 832
194 803
887 476
936 736
180 691
73 458
370 287
937 418
582 924
790 813
503 750
331 598
304 356
284 441
604 157
750 776
577 120
948 464
635 192
207 588
313 618
427 775
929 576
377 954
128 273
341 423
750 901
876 296
979 368
186 512
153 678
687 105
231 773
746 266
740 554
277 294
638 461
304 104
657 832
450 814
80 383
193 421
675 576
201 870
961 675
676 59
765 674
473 195
455 212
203 167
799 162
909 620
552 700
709 823
681 384
582 9
764 77
482 634
666 863
124 647
510 343
305 440
817 721
592 160
779 752
914 366
387 243
681 756
907 386
806 538
771 610
112 726
342 938
214 521
455 109
587 663
411 769
590 461
734 507
630 125
442 618
526 87
360 225
567 602
844 780
626 631
161 589
384 698
467 909
36 345
201 404
216 404
114 582
605 513
269 924
706 53
615 525
749 658
786 509
947 487
640 40
601 679
398 874
560 375
753 187
606 979
676 493
947 504
398 107
516 72
880 409
622 266
168 365
472 2
318 633
782 423
426 115
894 769
544 428
440 967
653 55
425 859
724 903
238 458
317 62
393 959
340 219
221 659
245 878
232 361
880 633
536 128
890 497
220 385
211 760
40 554
623 230
937 718
172 283
227 786
584 483
353 28
602 293
744 611
280 260
466 824
324 758
626 373
271 81
845 257
917 668
342 509
374 300
465 220
864 174
963 395
244 819
916 567
266 428
299 843
621 869
414 266
569 922
525 4
578 582
634 66
956 537
959 617
427 434
745 671
640 695
261 698
138 753
710 430
554 807
357 526
544 588
898 549
266 455
373 625
807 289
978 537
865 582
84 586
851 720
546 758
862 711
823 525
258 649
912 744
910 551
349 391
211 688
451 689
101 366
659 509
709 552
700 541
392 506
276 208
446 398
352 575
760 605
291 726
793 229
427 89
427 500
259 198
48 371
393 753
115 713
814 396
354 720
537 871
960 483
487 909
215 492
811 329
471 979
427 75
441 450
604 734
563 489
479 308
599 341
426 247
966 453
196 647
476 993
982 559
627 526
426 911
175 197
230 521
644 334
684 399
51 288
256 278
860 376
38 690
527 744
25 420
777 198
116 238
108 567
801 404
700 892
960 633
358 53
42 571
746 698
901 642
540 339
853 433
310 92
342 771
348 347
532 975
551 864
359 505
299 496
500 117
773 116
807 439
676 735
643 157
511 17
325 139
346 363
522 578
174 375
961 377
755 544
114 360
188 779
298 455
769 230
737 689
626 184
663 780
568 451
212 876
382 637
544 312
470 480
645 436
589 537
457 527
691 860
453 303
649 787
947 650
118 228
711 411
479 140
513 225
805 263
787 100
349 320
485 186
781 154
447 237
470 339
356 273
421 362
115 746
593 100
226 413
824 162
666 145
673 455
23 488
332 877
244 842
628 556
611 619
488 95
734 429
321 393
953 289
496 170
219 630
666 199
511 768
309 790
770 210
776 248
617 198
707 147
444 571
248 919
921 699
132 602
609 693
526 929
528 551
199 129
246 180
640 181
616 36
377 543
418 22
550 942
527 807
242 279
261 835
913 320
137 561
201 523
589 755
868 436
570 420
792 449
480 204
192 325
404 82
162 818
763 744
757 205
624 303
701 221
