853 2270 5 633
22 652 16643
565 734 25710
75 341 54203
553 564 60415
345 449 21024
76 731 15556
505 822 39623
641 742 13000
495 636 29155
336 675 52202
568 592 25239
344 417 45188
294 741 51856
234 586 29069
108 640 35440
23 257 22136
286 666 58009
306 575 37336
90 532 29069
89 234 25080
86 792 33541
511 729 31385
16 420 44272
97 695 143924
514 721 44721
529 683 12042
640 758 30067
333 550 19235
752 848 10050
120 739 27857
253 654 31064
116 764 44407
537 615 29155
311 849 31401
37 275 19849
634 737 25962
85 518 10198
150 416 33377
440 822 27019
182 314 29833
110 438 54406
304 681 24187
246 815 18439
86 323 54083
162 641 12369
791 818 16643
113 125 14422
494 693 12530
83 381 12530
330 488 48415
296 788 15000
689 783 27019
448 805 23409
526 705 24331
192 472 45651
416 719 30017
503 776 51245
266 746 24839
13 463 26926
228 389 32249
251 641 18248
528 703 45967
167 451 73007
37 742 78237
80 462 50636
197 456 40162
633 677 35468
578 755 18111
50 378 15000
432 806 17464
189 713 16279
41 306 19235
60 637 49578
456 709 29275
225 607 20248
91 107 49679
277 380 48466
697 803 53235
329 541 29967
673 705 37336
329 803 18028
305 786 74733
89 747 36401
506 850 29155
197 831 25456
137 787 50537
366 674 12083
619 759 29833
10 427 23601
55 470 61057
219 280 55902
366 554 74653
17 372 17804
250 708 61465
288 514 28160
69 190 52326
83 383 25298
299 777 23537
435 453 29614
470 517 38053
123 653 41617
100 263 100688
32 296 14422
133 328 71007
241 493 65552
518 682 26306
143 362 24083
167 773 53935
35 733 37483
318 802 36401
215 716 20248
54 771 28460
13 613 32757
386 480 14036
507 784 31321
378 410 34059
541 803 33242
437 491 23022
415 551 24739
313 632 29120
54 134 63063
44 388 26019
70 839 34655
78 171 26926
248 333 65803
519 536 33615
343 411 17088
449 517 37643
142 335 26306
463 613 42426
74 770 18868
233 360 48021
151 577 34132
176 682 26926
268 843 41231
61 404 24597
135 575 30414
423 810 37216
383 653 54378
76 770 14560
62 127 41617
104 816 51478
103 579 49193
157 609 18439
184 290 29967
90 419 29547
167 481 68877
6 721 51662
17 526 13038
493 815 17000
186 470 66483
521 633 19849
18 309 10440
39 49 94048
25 208 37483
145 330 49820
336 604 20025
130 704 30067
218 524 11662
27 556 25318
212 760 25020
23 559 60828
97 651 125004
439 703 25080
350 410 35057
438 555 23022
105 258 11314
171 762 30887
610 736 31385
51 263 110136
448 580 36235
19 541 39319
153 192 42297
247 670 31385
4 769 11662
288 816 38328
170 661 61587
457 589 14422
95 205 26926
393 473 49193
19 156 22361
307 642 22091
584 610 57009
68 782 58592
113 126 75180
229 587 32140
36 843 53151
438 753 37054
443 693 13342
330 670 23770
116 515 28320
67 729 66219
227 388 45695
79 82 18682
91 192 41785
445 497 16279
191 356 50567
454 846 17029
665 704 32016
170 301 43566
249 650 63632
286 442 58728
241 566 59908
140 827 52173
255 282 36497
40 843 31145
77 814 34176
507 704 27459
431 672 38897
250 580 10296
430 808 49649
411 669 27459
724 840 57245
108 774 49244
568 790 12369
228 415 23601
400 733 30150
107 153 16279
133 258 13038
16 162 16125
22 454 14866
292 495 53712
344 614 45793
233 430 45188
239 591 48795
560 789 31048
66 839 45607
596 643 14866
10 730 25554
319 356 38833
637 797 36620
129 255 47707
67 613 23022
127 400 47802
365 692 32894
62 264 27203
219 588 26833
112 398 17117
544 598 21190
706 829 50990
707 751 38275
297 644 22136
239 629 82710
389 659 19105
247 853 28601
507 756 34234
428 671 55444
529 561 43105
235 777 31780
207 528 44283
161 479 32527
75 744 72533
126 272 44654
40 268 23022
101 658 28862
462 821 35468
431 761 26571
87 712 16125
263 283 28862
366 396 30083
328 519 33106
450 576 23022
344 495 60440
566 774 21471
115 367 22023
98 140 51478
453 802 21260
166 283 14866
363 371 37947
401 569 15033
185 478 49000
332 450 33242
430 431 46487
174 802 37054
494 634 12530
193 648 30017
291 327 52555
144 809 10198
164 377 52697
303 500 28443
106 113 64203
326 477 42521
264 427 28231
84 314 12806
135 306 21471
109 130 14318
674 783 64031
266 496 55471
735 761 31906
250 353 47508
759 823 34132
188 748 48270
54 470 53907
595 849 13153
34 423 36346
308 777 22023
646 682 26173
72 205 32450
21 631 50249
58 397 40608
1 747 26571
93 417 54708
353 448 16492
632 748 20809
608 768 26401
61 610 11705
283 286 53535
158 447 30480
167 270 38184
437 519 30067
62 427 19000
60 186 43681
481 773 21932
500 567 27295
201 747 30083
271 550 12042
259 384 34886
392 456 13601
356 414 64498
694 743 27514
41 135 13000
813 819 37483
320 606 38118
4 90 28653
592 790 31623
126 596 45011
160 295 48010
97 443 54589
335 818 35693
182 740 42720
255 372 56080
200 500 43417
252 298 29547
632 640 11314
440 620 21587
557 633 30017
87 490 13000
493 624 70725
50 664 21095
719 736 19026
288 543 52402
411 656 41725
532 688 21000
136 649 43738
163 351 41761
143 626 37054
113 650 36620
236 693 34015
703 704 23087
279 514 50220
231 430 24413
59 548 33000
222 726 43012
209 697 21471
55 397 48877
525 605 10440
373 437 29155
588 722 10770
92 98 42720
24 486 14213
138 771 20000
212 367 30594
102 376 20025
79 740 24515
249 797 22561
348 742 28425
392 796 35777
807 844 13601
70 192 56824
347 630 16643
34 708 31953
345 397 16553
10 48 25942
538 661 35693
393 605 26249
420 810 29120
226 439 29732
776 825 15264
172 821 37000
539 556 27166
722 844 12806
588 844 20396
462 683 42942
25 103 40000
131 763 34234
118 602 44598
584 719 33302
279 721 19647
147 567 19925
145 607 43738
13 712 37000
166 769 21840
75 440 53460
47 318 35014
196 557 49930
475 569 29155
349 602 40608
445 776 34986
303 374 41869
69 434 20616
468 532 13038
519 853 29833
173 302 30000
31 436 47676
282 783 19105
415 811 14036
294 700 35468
157 820 40853
12 116 34482
206 227 26420
286 557 86452
95 648 20591
531 830 47760
88 351 37216
31 151 41593
69 432 12530
426 814 20248
206 388 29428
1 89 30017
93 504 57428
347 810 26683
225 488 52086
171 603 42059
164 477 10630
20 44 25632
160 282 41400
524 550 64351
156 277 14765
240 344 39000
370 548 42544
18 677 11045
551 794 33302
111 625 27074
492 840 10198
503 669 30232
81 563 93648
506 612 51740
232 449 23087
583 588 30364
112 690 44598
377 382 37014
94 817 38588
98 645 68942
251 783 17263
312 442 50289
59 65 21095
725 766 27785
176 646 14422
250 387 44654
89 720 39051
363 623 23087
404 701 16125
591 813 25710
61 736 25612
276 846 38626
177 479 35355
484 565 40249
349 797 45651
146 152 31145
134 302 40608
367 841 13454
417 636 38275
290 714 28460
80 389 55543
639 729 35777
172 405 14422
803 838 37643
418 662 30232
203 353 33422
232 397 24021
9 124 34482
265 366 57974
279 288 44011
185 429 34928
617 780 13601
111 325 40804
188 365 25807
794 829 82662
194 614 43566
562 650 41231
362 417 47170
199 642 37014
457 755 31257
40 316 48836
189 289 39115
274 657 28178
522 695 44011
139 171 36346
241 624 133690
313 748 41000
95 825 18601
180 250 13000
591 789 43012
402 732 58694
182 476 61033
23 57 22804
204 411 42154
289 767 41049
37 783 77466
207 655 25495
399 501 18385
204 668 52773
708 741 38949
404 594 19849
414 662 32016
85 176 13454
716 739 21954
346 384 37483
574 778 13928
216 631 68242
134 470 54781
103 816 51740
273 360 39623
64 526 48508
729 837 41304
401 482 55073
19 277 13342
95 489 28862
56 234 11662
154 557 14866
539 654 30871
244 313 39217
439 784 16401
26 704 14866
530 554 69642
226 707 35903
135 606 37108
294 708 63561
177 346 56436
239 422 37108
369 730 69857
368 507 37643
212 841 25000
18 474 66000
313 640 25612
581 592 27459
243 788 27586
241 546 30000
182 685 38588
264 380 68066
459 763 21932
51 289 105262
502 738 18385
281 460 23770
481 602 45044
46 424 12042
342 750 34886
115 181 29275
706 821 17205
64 464 40311
220 385 52773
201 720 39051
175 543 12369
387 708 68000
697 838 37643
484 618 34928
323 627 24187
500 630 50922
27 656 50961
30 796 30265
660 668 38588
632 774 58830
335 403 18601
253 435 25080
489 776 32311
182 465 32000
142 712 11705
470 678 66287
335 757 33941
196 442 81707
324 744 30480
520 550 42202
304 524 34928
462 701 53852
169 798 28636
481 649 67742
167 835 46487
403 511 37483
475 636 25318
127 284 10050
333 801 49041
144 259 23537
57 793 12042
196 286 77389
242 261 17117
57 257 21213
310 622 45651
629 847 20248
159 360 44688
45 436 32558
528 714 37014
635 758 21024
351 562 21932
405 469 77782
115 212 34886
379 598 25060
122 523 28844
611 653 59237
111 331 28160
201 834 36000
568 590 51010
207 238 18601
42 414 68949
112 849 37000
118 349 24042
317 826 23087
7 535 13000
200 630 27019
225 393 45011
236 494 41231
47 180 32000
499 735 36056
224 845 31321
262 280 43417
458 803 64257
46 150 79310
213 606 31623
120 603 46957
474 713 30414
198 466 59615
343 669 29698
314 465 26420
310 604 30150
580 805 24515
105 373 26571
294 715 19209
43 200 34928
345 542 19209
558 824 62129
267 757 38897
270 271 49649
266 609 48826
151 223 35511
230 692 41110
181 367 39699
705 772 38626
111 190 31385
550 801 49041
488 680 22825
146 716 32573
473 536 72918
555 648 64475
73 192 49820
30 392 53852
461 549 10630
546 790 21213
434 538 33541
261 692 52631
773 835 26571
643 679 36125
419 828 37216
326 527 43738
23 328 33838
78 691 38897
77 317 32249
320 589 21190
35 380 55714
410 851 31623
559 651 36235
354 393 43417
184 627 15652
73 472 19235
169 171 38639
483 512 21401
151 160 68447
50 535 31064
759 762 33422
139 762 13454
344 362 36125
523 566 52010
375 490 21587
150 544 25298
354 605 36770
395 696 23022
280 302 16553
412 824 20025
230 852 20616
47 408 22825
709 732 49010
215 822 31401
8 208 18601
160 203 53254
30 516 53000
251 282 21932
92 827 44777
272 413 56036
149 598 34482
382 619 30414
90 643 35384
187 668 25000
3 335 25000
779 831 28000
494 559 59481
592 655 26077
520 524 56143
360 761 53151
396 673 46174
292 834 27586
477 843 13038
21 781 43417
356 662 47170
338 509 21633
31 45 40608
70 527 43382
590 714 41231
206 535 20396
121 801 80660
71 140 74061
144 254 30265
237 764 17493
65 675 45343
485 621 21633
155 160 17720
575 671 11180
765 837 51264
163 588 54378
164 326 43829
194 495 43566
149 544 37121
181 748 42521
137 458 37336
171 667 44000
216 764 16643
125 413 21587
256 785 111360
427 459 42012
140 561 23770
272 679 36688
579 816 19723
46 61 27586
300 826 40249
315 628 29069
325 331 41110
513 848 58421
74 82 52000
647 703 35847
323 624 24042
365 748 45255
416 736 34132
141 352 15000
409 735 50329
507 547 28636
58 287 25080
251 742 19849
178 479 28443
36 377 29547
149 150 39623
148 336 66242
276 779 15297
2 4 49010
269 608 34409
96 97 12806
179 298 34015
109 704 29547
147 183 53009
316 744 20396
620 739 42544
71 469 45891
358 793 31113
88 583 37947
174 436 60208
90 828 33971
510 626 49406
97 213 37216
107 840 28178
473 728 70029
418 563 34015
149 645 15264
214 723 31385
40 185 55462
109 460 15556
214 506 15556
670 719 28460
12 631 46228
127 733 51865
148 684 61984
6 553 10296
71 405 76026
453 656 42426
80 415 49820
339 360 46098
267 319 15297
464 526 35468
384 684 17464
335 791 21095
15 606 18028
42 191 67624
353 385 58523
589 606 38601
117 721 13153
100 828 68352
342 547 23537
202 846 32650
560 852 44181
221 406 27731
769 828 27659
130 507 25807
140 612 65460
332 390 30676
218 270 39051
91 153 51624
107 516 10296
417 495 57315
140 405 31575
198 654 10296
136 717 19235
482 842 11402
342 832 22847
492 709 16279
244 635 36878
254 576 28443
240 510 36056
60 797 58078
389 415 23431
548 803 60208
269 574 15524
299 740 28636
155 282 38833
377 843 52612
77 700 19313
118 797 47011
424 683 18248
520 801 45804
148 675 65000
63 531 44385
397 734 51478
110 603 32249
1 234 17889
165 198 41146
56 92 53824
30 456 58694
139 377 26926
709 831 16125
68 147 45188
20 388 30232
386 763 53814
457 606 36359
79 799 43186
313 758 17205
451 649 31765
33 237 10296
43 778 38328
284 433 27857
96 443 42048
413 531 44654
159 761 38079
306 846 49193
69 661 49659
340 568 37336
471 614 16401
360 430 44000
43 269 43932
53 256 22561
41 320 16279
395 781 30676
78 823 49649
86 231 37947
396 727 40792
83 562 38275
57 584 30017
128 625 26306
178 346 46043
317 698 35440
182 777 59034
52 388 32757
352 501 44102
148 199 38275
145 544 11662
216 357 10770
243 844 43046
505 515 13416
297 327 30806
484 770 15811
421 604 14422
428 800 27857
26 703 16971
3 757 17000
706 794 33302
500 832 52345
331 796 37696
180 408 29000
461 537 34234
488 775 19723
222 241 140207
750 832 54489
159 545 11705
647 665 38013
79 834 25000
295 423 30414
141 305 32016
152 716 16401
663 708 16492
492 516 36056
152 616 31064
182 299 48094
581 635 30414
511 613 37363
416 597 24352
511 639 19416
163 638 55946
361 601 28231
123 186 58796
144 346 54203
249 383 30887
35 156 27659
133 671 41012
220 805 17493
86 647 43417
133 434 19313
85 396 43566
87 356 33734
51 398 37336
19 556 41231
23 737 59237
691 766 36056
12 505 38328
154 398 17720
231 665 31401
514 816 33615
356 490 33838
31 223 31828
220 318 40497
13 142 38601
99 185 36797
387 698 11000
569 636 33302
291 324 34438
173 243 41304
517 771 11662
374 832 19026
105 434 30083
158 593 15000
620 798 40853
386 739 17692
565 678 26077
252 559 26401
478 749 19698
9 646 32985
315 576 29155
521 557 19209
171 823 51088
152 195 29206
85 727 15297
421 820 31906
215 620 44385
19 132 28160
100 688 18385
116 324 46390
401 686 25554
510 525 54203
346 841 36797
331 392 26173
201 379 30067
185 210 30150
660 734 39825
44 52 18111
398 572 51624
69 538 40497
382 833 12530
270 835 20809
426 700 21095
30 619 19235
268 744 20518
43 810 26401
128 190 27857
9 788 40311
350 535 17000
167 467 74330
451 573 38471
422 629 72567
294 387 18111
369 616 45967
310 433 66753
165 556 25495
5 246 16125
240 362 39115
176 396 43278
342 756 17720
318 580 42202
178 841 32650
48 730 35440
29 124 55714
266 564 28071
165 539 14560
617 795 18439
466 697 21954
254 809 34928
432 779 49254
804 824 36056
612 827 26173
673 689 26401
29 442 47434
402 454 14318
642 852 46615
301 533 42012
199 760 30232
419 532 19799
165 541 25612
746 820 52000
423 780 15133
553 816 35847
379 747 32202
236 443 34015
202 276 18601
306 441 34059
29 196 62817
571 584 25298
305 745 32450
262 807 25080
14 121 165529
124 844 58822
533 657 28071
200 778 19925
360 431 52697
211 269 23000
106 249 44654
151 385 29275
638 650 47802
15 96 51225
405 821 47170
319 490 27586
86 665 40719
153 452 36797
396 646 44011
221 319 53160
127 509 56824
81 221 145003
487 804 19105
455 803 24597
48 386 50537
187 425 21932
34 699 13342
456 831 36892
164 843 22472
202 402 46141
748 774 61221
491 536 17088
288 710 20616
157 336 36056
16 641 22825
796 823 29411
608 742 55036
410 679 18974
433 730 72277
248 723 16155
570 716 14142
687 700 11000
373 538 32802
497 503 31828
22 846 26249
38 624 16971
219 722 20100
391 438 32016
792 808 37336
195 616 24698
407 518 36878
537 635 29069
173 262 29000
77 715 21024
635 655 46872
4 283 26683
50 410 38013
46 736 40112
814 826 10817
639 837 22847
698 715 24042
233 303 37363
223 577 37014
89 586 43681
126 643 35735
106 602 51264
80 551 39925
273 567 12649
158 677 24698
177 549 38275
28 581 25942
147 339 38910
202 831 33106
304 498 42059
25 658 34828
246 290 12207
86 552 62201
34 663 20518
272 350 10817
23 358 25632
407 727 38910
137 621 52631
713 765 22204
188 230 52402
153 516 16279
270 550 50160
102 431 32757
39 652 12728
441 806 13000
123 134 12083
557 572 64885
11 72 29017
104 746 39115
14 801 89989
129 705 40249
163 583 37000
130 374 39294
496 819 16279
98 529 12042
226 628 38079
136 465 23409
536 680 42720
352 847 31401
104 208 40050
408 698 48508
42 68 36715
628 707 11180
131 489 61400
371 474 16031
403 613 38328
38 585 69080
383 611 11402
710 785 61847
611 797 23000
363 366 67007
151 255 57489
377 762 26420
404 610 18601
125 738 37054
49 402 66030
678 731 22804
130 547 19849
371 754 25807
156 509 50329
209 466 30083
54 173 48374
564 824 46043
30 382 30414
156 380 49041
405 561 17493
657 725 43105
65 310 21932
84 465 31145
67 275 35000
260 587 16401
265 363 17804
523 774 33615
573 799 40311
370 684 23431
664 681 122037
398 557 23770
118 182 34234
160 795 39217
128 779 18788
231 792 18248
749 836 31623
332 809 24042
661 766 63561
439 707 33541
374 547 25495
451 467 13000
342 374 10198
123 611 64008
264 459 44000
103 208 29069
32 788 20224
276 831 29155
93 842 36139
370 485 28320
157 285 12530
350 679 35228
345 743 12369
89 217 40311
16 742 25020
316 324 27000
94 117 24187
225 680 44385
204 425 47802
203 699 14866
81 735 48104
46 529 16279
576 628 23087
198 838 48877
12 822 40262
685 717 25632
599 630 46098
263 666 25807
55 232 43012
445 489 30000
413 738 37216
498 531 22023
700 750 50774
579 696 30463
119 710 74733
9 682 17804
474 534 19698
124 447 34655
215 845 36497
286 718 55073
25 781 38328
14 469 38833
222 786 174929
275 613 42720
149 379 30083
81 409 19209
351 638 40025
18 633 34059
278 681 17117
438 763 57983
533 753 77795
204 482 55000
278 524 45804
433 812 52887
86 627 48374
474 849 58600
27 253 22825
540 556 25807
211 778 31305
376 585 28071
6 564 58310
438 752 21000
220 353 29155
196 447 45880
20 498 10630
306 671 39459
146 730 27857
63 773 28601
295 795 17804
600 817 41437
713 754 36878
65 370 44294
226 507 32802
148 285 35903
108 592 46957
368 750 46390
204 656 47074
16 348 19235
120 480 25179
244 461 25318
58 187 19416
175 816 33377
83 650 64846
571 610 54129
31 694 40162
283 666 30871
335 639 36770
671 800 48847
168 608 24739
496 609 25239
82 740 29833
118 637 26249
31 449 27074
15 97 50000
327 644 18248
602 649 35468
259 485 34132
484 569 47508
573 720 47074
203 295 29275
167 271 29069
194 292 29614
82 299 46325
298 701 42202
399 745 42450
438 480 66189
19 329 41231
260 293 33242
339 545 28443
175 288 47885
458 621 28284
148 819 47434
42 168 20616
401 475 30463
146 570 33242
53 327 23259
732 840 50606
359 600 29428
410 468 22672
552 624 25179
292 702 19026
221 418 21095
551 695 69642
476 777 30000
473 491 68476
787 814 16763
673 772 19026
291 676 33422
551 811 26249
203 385 50220
124 243 50804
765 818 73239
355 356 23854
97 551 213551
233 374 42953
80 706 31780
333 850 71610
622 820 29000
692 726 36056
105 133 22136
639 791 24515
631 764 69642
28 758 31623
195 658 35609
482 504 39013
15 213 36674
220 436 45618
12 845 31765
128 432 46530
281 665 34015
285 609 25710
215 440 36222
40 478 55902
430 792 23345
619 762 28160
667 848 51624
389 701 43186
700 741 57489
201 471 56613
116 631 61984
268 316 36401
274 513 14142
278 304 23537
154 311 10296
642 760 21633
26 647 33422
123 302 36620
512 749 34785
233 460 22136
522 559 31401
188 852 53226
42 768 17889
106 245 23259
498 711 39560
444 582 39395
119 297 15232
623 727 29530
241 523 106000
504 842 43681
72 93 26926
161 244 38118
208 746 36359
597 736 11662
68 339 60166
195 845 34670
34 810 51225
543 710 55362
300 466 34482
259 390 23770
248 801 55902
266 804 28844
785 817 133454
216 543 71568
227 711 86579
138 223 33541
25 696 27203
369 433 73593
181 307 36797
110 480 51740
452 833 21024
609 746 48754
4 312 41110
329 455 28636
236 559 39217
201 292 26249
238 528 39051
532 643 37000
115 760 33242
319 406 40262
315 332 46530
359 817 42720
685 740 18868
208 812 37656
343 540 24187
30 759 31241
759 796 22361
584 793 28601
58 425 36056
27 540 26926
750 756 26019
9 772 33838
132 277 29682
32 243 16000
501 789 19723
408 654 30150
265 396 50000
52 206 25942
2 163 42638
406 662 17029
452 486 16000
612 850 28862
253 539 11402
237 324 38601
536 775 33956
337 626 11000
305 847 12000
197 625 28653
341 515 39395
328 428 36249
54 114 39699
211 608 28160
786 847 64008
395 631 43000
193 337 45891
687 750 45880
724 732 45122
471 702 49497
59 509 54406
63 446 22361
446 502 33061
229 850 31890
534 595 38588
351 650 48052
332 601 47927
133 428 65513
273 394 48270
582 786 75538
309 407 25080
22 578 18385
499 563 28071
501 852 22204
369 812 40012
417 475 18385
218 830 38949
82 495 39319
458 466 40804
305 352 31780
228 811 18000
414 563 59682
386 570 17464
48 146 46819
90 596 37162
552 585 61855
245 502 24042
604 675 44385
59 127 73246
472 724 87846
542 743 18000
63 738 22204
297 357 43012
2 596 48600
586 587 41437
322 473 65795
192 452 33541
359 558 25000
412 813 32311
250 698 39560
158 633 39446
227 664 27203
75 515 70214
69 128 48270
558 600 50010
120 620 32894
1 149 35468
230 399 14765
5 493 19416
576 615 25495
47 654 29833
24 527 17493
464 577 27459
170 373 48010
245 481 36497
513 667 35805
327 676 53000
161 178 18682
114 296 17720
325 766 43174
68 183 21633
199 852 47927
59 310 33377
284 730 60531
83 653 43046
57 358 32696
100 378 24839
310 675 49769
599 708 42720
334 626 10630
633 849 43382
130 460 26249
713 767 17889
128 197 18028
14 71 47011
361 750 43600
610 719 43600
147 200 49244
137 300 51245
93 143 36770
298 594 29275
399 692 32000
378 851 12649
253 556 27785
528 590 34785
143 510 27166
115 642 33601
331 625 34670
29 844 33287
321 533 37947
330 416 22091
201 598 46519
133 441 26401
257 559 54129
484 660 25000
237 291 17889
499 545 53600
249 611 28425
154 521 20100
165 838 26833
68 414 47854
295 699 20248
88 280 50090
449 470 34015
110 667 24187
168 191 55444
113 413 33615
74 299 31145
494 737 19105
36 798 36056
331 823 32894
75 843 63325
11 503 56080
1 645 34015
352 399 39560
152 215 18028
353 663 29069
508 625 36056
113 245 57454
64 114 27857
555 753 29411
482 503 63891
58 743 45804
315 368 34409
223 517 26249
607 614 60926
122 242 25239
420 423 15000
100 851 21190
100 664 45044
54 64 16492
786 817 114215
55 565 16553
102 672 25612
244 758 38184
22 306 35511
317 814 22627
256 836 54672
338 455 21932
435 654 37014
126 679 14142
31 542 35805
363 474 44822
155 162 25000
591 824 37656
594 610 24000
488 670 32757
590 592 43046
194 344 31257
594 701 29428
614 702 39812
22 39 23000
391 848 26401
443 651 70838
521 849 26306
170 766 48052
569 618 50010
176 518 11000
65 548 28425
575 606 24698
156 733 48662
161 367 22627
97 457 66068
286 312 29120
322 354 12083
318 805 29017
551 829 115256
222 305 100305
225 330 46530
94 600 34205
37 608 69426
668 734 20518
775 853 20224
104 553 40804
198 300 65215
195 215 38910
198 209 47381
205 334 39395
51 572 23087
121 524 41617
46 416 63561
456 508 21260
422 786 42012
249 349 45000
412 804 23259
222 242 25554
227 535 20248
78 513 13601
461 615 14213
66 478 21095
631 781 43932
403 639 38601
264 445 73682
287 656 37014
181 313 37855
447 593 32985
821 829 61188
308 770 14318
179 594 41037
246 493 14866
591 629 71063
324 515 38184
627 647 51624
11 482 21190
426 601 25000
380 445 13928
191 355 33015
462 561 29275
328 737 45122
80 701 65299
509 733 10050
387 715 18028
559 737 67268
658 781 33526
458 697 28862
568 815 32573
256 512 119570
516 840 29732
184 714 22000
419 688 15652
381 653 44385
46 683 19235
60 182 58694
435 656 50210
94 279 34928
129 282 35440
243 807 40522
233 281 31385
218 550 62682
122 748 54129
341 505 30265
394 567 45188
136 573 36056
705 788 49679
86 808 51313
446 773 19647
359 582 25612
184 624 34000
429 676 12530
27 343 31305
396 674 38949
70 326 11705
71 506 17117
60 476 12649
341 440 20881
380 669 50537
73 364 63600
132 669 22627
318 436 57871
302 653 14318
325 823 17205
197 508 34828
487 813 32000
183 211 29428
101 369 20248
680 775 29732
36 139 26306
75 268 64140
117 600 24187
81 376 50990
593 677 12042
279 710 42521
471 598 27514
293 587 32650
355 712 29547
692 745 46065
191 463 13000
787 826 10770
366 530 23087
407 447 33541
250 448 37855
51 718 26420
169 603 41400
146 616 26926
137 390 34928
675 684 27074
340 790 38013
113 272 67543
269 420 47760
105 538 17720
75 620 50000
590 655 26401
246 590 49930
434 441 14142
238 655 17205
626 728 48260
573 649 31828
604 622 26926
24 192 37216
185 749 44777
156 338 50210
377 619 25000
170 491 62266
34 295 11662
74 308 19416
388 711 52154
599 810 14142
204 503 50961
131 445 75432
175 579 25942
39 454 22804
181 244 51000
547 756 11662
56 645 26249
141 399 37014
326 839 41183
571 594 49010
285 336 46141
280 381 47508
210 316 23707
177 178 30150
204 401 55570
186 731 25495
322 728 26926
425 668 10296
435 802 23854
620 716 48042
11 825 23707
560 813 17464
479 549 16279
103 696 32558
341 822 23022
334 337 19698
317 715 18385
380 497 17117
217 293 32062
211 574 24207
183 768 20000
296 526 38588
173 280 27459
460 665 38079
49 732 24187
55 678 23022
468 851 16553
273 339 18028
279 785 80753
9 705 33956
436 694 22847
394 500 37855
7 350 10770
3 142 11180
630 741 60407
11 776 34132
104 564 53712
474 633 72471
7 410 33242
409 672 18385
34 599 51614
271 333 11180
52 413 31385
289 595 27295
131 459 19105
84 602 33000
363 554 48836
240 607 60877
155 617 22361
76 308 21095
81 585 76655
240 614 39115
540 669 24187
328 358 21541
830 835 17464
489 648 19723
695 811 43463
230 365 53141
135 320 12166
495 618 30067
163 596 56321
196 633 41110
581 655 39825
84 118 33136
282 689 23087
216 327 31765
179 257 29547
113 502 42579
754 837 48836
246 714 37054
469 829 27295
233 394 27166
276 306 59666
72 842 29682
308 731 23087
443 634 19849
133 437 41110
487 496 50000
300 408 57306
615 628 26476
221 267 68411
217 467 32202
102 585 36401
703 751 44418
726 745 33734
528 627 44911
45 151 20125
160 385 72567
168 275 49254
407 593 14036
391 752 25020
370 384 22091
188 642 36056
364 839 16763
78 667 42202
22 41 19416
6 514 21840
596 638 51865
110 752 39408
64 138 21024
217 573 48847
226 315 39560
108 566 38833
549 615 17464
564 804 18439
38 241 150336
61 424 20248
78 725 42720
223 464 19799
17 255 53907
300 698 42485
325 691 13416
265 623 19698
30 833 28844
473 680 74216
11 842 17464
108 632 42048
40 326 44000
168 463 48301
247 584 22136
548 621 24000
204 686 61294
822 845 27313
71 214 14318
396 783 61131
90 769 19416
35 400 30265
229 333 71589
618 770 29833
52 272 34132
103 104 17804
13 191 17205
531 738 44283
74 777 32802
552 808 65376
657 848 53600
87 355 23854
468 643 38275
258 437 31623
444 786 46325
177 576 37363
6 600 66611
5 624 51662
76 484 14213
50 227 33061
456 516 43681
327 357 26173
31 517 31145
39 402 29547
668 686 33106
361 368 35228
370 621 39623
59 455 30676
138 464 33121
17 464 27857
322 510 35228
660 686 21471
60 123 51039
303 394 15811
230 501 11662
98 561 44598
289 690 19235
252 522 14866
421 622 17117
92 645 57706
590 815 50804
155 795 32249
77 294 18358
228 659 33541
160 255 29155
183 778 48765
406 418 33106
82 834 25179
222 523 35468
391 753 25060
53 644 19698
433 622 53254
185 316 16643
188 307 19698
187 397 46065
138 517 24166
584 670 34366
66 483 33242
696 781 33121
205 648 31765
13 355 27459
104 266 49041
426 687 13038
396 689 50329
648 753 55444
186 476 34000
172 462 13601
95 776 19105
259 346 42190
411 503 31623
76 678 29155
691 725 16971
248 506 25060
347 599 36222
305 726 61294
46 645 78772
311 398 12806
5 290 12042
537 751 29206
601 787 17029
720 747 22361
181 188 47011
530 674 17464
700 832 83600
197 779 20591
167 293 71021
137 332 48301
38 552 15811
21 845 16643
754 765 49204
546 566 47381
70 73 59034
644 785 69971
449 542 31575
283 312 37014
111 766 46615
241 340 39560
545 782 36878
336 820 32202
286 572 50596
372 526 13153
285 819 32016
10 284 49041
91 472 37014
72 334 35171
351 583 47170
224 658 29547
67 530 25000
161 181 44272
40 477 35777
42 356 83726
315 361 40012
193 753 38275
48 427 37656
323 552 21541
1 379 35511
159 339 28844
115 307 29069
49 724 33838
455 548 51865
340 493 26420
116 505 27893
244 479 25000
116 237 32650
81 672 36401
179 252 14765
4 596 44721
353 699 34438
390 809 13892
106 650 75240
193 205 30887
489 555 65192
664 711 108167
8 812 28425
393 680 48826
82 618 50931
589 755 19416
141 745 10770
256 676 33061
162 617 19105
114 173 36715
437 536 33615
182 637 25239
581 758 30150
122 261 23195
272 535 24083
289 534 37656
390 485 47011
441 671 26249
301 728 63530
235 476 25962
146 386 35805
374 460 46098
377 486 43324
193 533 87824
569 686 21095
78 325 44777
247 793 24083
210 324 12530
110 120 39560
254 450 12042
486 527 26000
499 782 49649
306 432 24739
409 761 40311
13 403 42942
263 828 33136
143 334 31623
354 510 25632
534 849 48104
616 658 45541
145 471 36139
143 240 39925
245 446 33422
587 827 23022
622 812 61685
327 764 42426
124 682 32558
83 249 51478
275 463 18028
423 795 22627
219 262 35355
587 612 32016
219 583 21587
43 574 37590
487 819 45222
741 832 83762
507 750 46098
207 751 20616
101 812 33121
370 675 15811
8 820 42379
304 830 58421
15 800 22847
7 50 26077
195 224 10050
329 338 16401
232 470 34205
175 395 31385
247 775 26173
63 830 37537
742 783 32311
92 586 31016
66 512 28653
189 767 20616
33 764 15232
15 575 31064
309 623 12530
164 527 12649
33 327 48662
467 573 42485
780 795 18028
119 543 86833
225 525 24207
24 452 13038
245 602 54452
180 698 41231
221 563 52953
541 838 28284
184 323 24042
168 768 28160
57 571 23087
217 260 10050
409 431 44283
54 138 16553
578 652 10630
451 481 76276
681 711 14318
391 657 54589
385 436 31016
616 730 38484
372 705 12530
257 571 18788
106 349 26249
81 499 66287
414 782 36346
364 483 11314
142 403 18601
36 75 29411
131 555 27857
663 699 17117
124 788 41037
407 623 32280
376 672 17000
361 687 42755
793 853 22136
187 734 17205
267 490 16763
247 488 25612
119 785 33971
471 544 34670
210 291 29000
414 418 50090
235 731 24166
161 841 26926
147 273 29206
18 363 41773
113 638 68469
420 780 26000
202 732 35355
129 689 16279
6 558 80623
303 832 33956
522 659 23770
25 101 15033
20 531 16553
84 649 38588
280 653 13153
212 346 42297
444 558 37216
129 673 13038
536 853 37947
47 580 36401
239 444 44181
43 347 17117
209 838 19647
666 718 57983
690 849 21587
563 782 46271
597 719 11402
43 420 23345
37 674 36069
21 224 31145
172 561 22136
163 442 46098
287 743 56824
107 724 67268
386 438 67602
537 707 40025
309 677 17804
127 433 25000
289 765 59816
189 474 24083
198 408 27731
565 660 29614
232 345 22023
301 321 46098
789 852 18439
298 522 21401
79 717 31623
88 381 22847
652 755 12530
549 576 23000
44 531 31575
147 778 51614
545 735 36235
175 631 38184
55 734 33242
174 743 58034
461 479 19647
627 714 20518
4 166 21932
300 317 29275
119 357 50695
320 578 11662
150 645 46098
358 519 24166
530 729 70214
155 641 27459
108 790 42154
456 492 34176
267 818 100285
99 749 15652
80 821 27459
51 112 44598
417 504 23601
148 212 48052
170 473 35805
198 539 33242
102 808 25000
226 784 36401
356 406 41773
5 184 35228
239 558 43829
278 664 139004
683 701 41761
84 136 33971
80 794 13892
255 577 41231
14 214 40311
8 622 58728
586 827 39051
36 169 25298
603 798 37656
155 251 33242
270 830 21587
486 833 20248
29 588 32062
78 274 23431
392 508 12042
239 824 27074
404 424 30083
186 678 31016
244 537 43417
468 688 25554
16 269 40460
498 830 58138
93 334 28844
600 721 27203
720 799 16155
510 728 48847
200 347 30150
427 763 42426
371 554 24187
357 543 69642
332 787 45044
309 363 33287
87 375 23345
560 819 47011
218 304 35384
75 798 30676
390 621 55009
729 754 15652
177 254 17000
352 789 57585
63 835 32985
131 438 45100
506 723 31385
275 608 62177
256 429 41110
220 448 14765
41 578 18028
321 766 23537
8 746 39446
654 802 37108
615 707 28844
148 346 66843
446 738 32202
431 808 43105
228 695 27803
72 825 28425
37 530 30364
207 537 39319
533 728 69778
189 534 10198
2 442 32696
375 712 25080
585 808 44272
458 548 39598
348 608 32016
27 435 26077
28 640 16492
525 607 22000
328 437 54406
199 819 48508
193 728 76485
69 806 10770
174 287 30083
265 727 23409
99 836 16279
71 612 63008
112 311 12207
242 523 11180
192 527 47297
76 565 39623
646 772 11705
205 825 36346
465 685 20025
281 430 26249
634 693 12000
369 658 19723
340 815 23345
274 848 56436
425 656 50922
153 833 34928
346 684 32280
478 512 25962
240 525 59414
126 638 28071
37 67 26627
105 437 35440
331 508 18385
139 169 12166
186 235 10296
158 196 24042
495 834 51614
360 394 38053
310 285
657 125
945 333
658 76
897 766
458 892
546 53
478 789
715 285
417 676
417 494
331 801
903 358
203 105
45 468
783 423
682 335
785 222
503 584
460 64
355 787
37 550
124 390
150 730
430 798
829 664
539 533
778 806
685 200
168 676
620 382
655 277
281 856
721 461
465 615
227 717
848 353
947 719
14 550
195 788
48 534
866 434
785 482
484 73
652 407
201 288
609 519
394 664
28 643
560 31
784 101
502 75
268 914
620 314
527 381
296 279
146 384
544 438
545 673
503 289
182 308
450 657
436 120
636 310
556 691
159 820
863 331
884 466
102 531
140 784
226 146
388 493
82 773
455 345
251 734
485 359
705 569
238 630
402 307
122 225
993 581
407 325
556 216
420 235
765 272
888 669
946 360
588 201
325 259
633 62
74 719
252 248
378 468
440 979
395 530
13 428
5 438
216 271
192 863
594 15
431 783
951 626
454 830
465 844
135 500
468 184
106 681
796 820
831 626
296 652
166 584
814 134
507 133
646 284
680 794
301 818
443 955
453 232
321 935
310 689
349 27
748 883
554 287
705 252
495 125
573 97
474 691
113 578
743 336
817 623
385 617
506 556
114 493
559 298
48 521
395 258
643 640
627 329
223 691
223 220
663 930
934 335
344 454
671 689
278 359
378 708
865 507
602 788
287 312
260 341
661 389
357 731
118 692
802 153
745 408
483 594
556 790
753 208
924 540
728 403
695 756
769 415
624 152
171 749
558 569
673 60
360 127
858 415
235 693
199 519
228 655
180 222
614 266
583 469
387 864
755 281
693 708
690 738
119 342
641 519
709 798
449 266
866 454
901 731
219 838
515 331
528 427
690 841
869 206
139 568
893 372
113 734
355 547
369 371
375 754
746 185
114 596
595 551
623 820
817 496
346 322
66 600
698 447
479 474
370 520
514 52
810 727
467 804
589 598
249 835
837 449
649 778
9 475
232 133
340 737
304 876
320 219
389 61
629 210
648 470
992 436
749 926
642 359
376 764
251 409
770 658
527 29
77 283
294 176
655 880
876 633
570 382
849 594
302 269
506 326
45 359
286 847
825 738
552 923
329 417
862 843
762 904
655 261
733 753
458 163
881 768
179 390
265 132
505 209
653 514
769 385
106 335
559 544
701 693
717 376
246 909
131 369
127 492
648 694
310 218
745 906
634 245
691 42
442 631
802 261
514 842
974 370
218 789
814 449
387 100
338 108
536 72
883 530
253 612
863 366
81 589
490 581
410 14
426 947
591 251
865 621
753 370
684 70
464 690
567 796
713 115
554 461
410 906
866 167
888 758
270 855
363 342
322 187
696 553
727 451
663 289
307 929
118 308
452 314
648 589
242 526
584 266
839 558
415 37
655 961
67 531
682 823
474 341
788 232
540 706
807 144
685 107
746 790
430 243
732 669
228 824
677 585
610 484
977 385
36 523
232 571
288 471
918 714
255 824
199 608
151 788
289 904
113 422
529 616
229 368
158 611
686 662
328 113
354 484
938 309
544 756
346 502
519 629
900 524
873 805
298 761
797 587
511 519
365 402
584 399
644 736
787 499
802 420
460 209
542 63
584 164
648 930
677 473
293 460
926 373
939 393
308 886
133 414
496 963
890 569
731 629
362 438
816 250
120 824
705 862
817 317
679 772
760 649
420 766
595 712
852 238
696 324
160 491
807 585
963 344
971 627
200 705
575 31
316 320
445 563
567 210
163 706
532 224
617 710
657 418
349 687
678 551
485 47
109 279
657 672
320 595
140 630
250 454
852 567
403 837
788 309
569 406
797 136
662 893
461 645
451 426
26 577
923 320
160 297
192 214
967 424
763 234
620 539
978 593
577 65
495 513
551 876
490 104
931 457
91 264
227 346
406 421
981 454
621 35
769 465
535 748
561 959
757 456
189 289
508 436
712 594
431 657
80 437
233 870
890 613
934 598
91 537
474 716
107 511
561 519
628 429
145 466
340 620
792 678
304 741
93 509
670 155
31 390
548 967
432 558
432 142
730 228
661 477
593 380
710 685
359 200
143 719
567 490
32 564
535 644
127 634
8 504
606 645
398 631
842 615
737 728
172 233
880 372
656 345
417 266
618 606
346 200
594 50
181 137
579 349
313 368
73 756
228 498
851 222
423 414
499 301
179 756
170 838
718 733
335 686
422 157
424 474
128 832
476 370
614 691
159 719
549 864
199 406
402 558
958 365
168 465
95 646
886 782
55 399
412 364
563 816
443 546
452 57
980 516
844 530
645 886
465 140
465 523
425 435
294 791
243 144
796 638
141 618
501 641
317 451
896 294
145 845
251 626
437 898
282 797
115 676
617 351
755 270
143 436
327 55
800 173
101 321
772 899
383 51
270 424
683 322
159 745
850 708
204 272
839 324
453 79
607 49
268 559
859 204
534 48
174 449
771 732
140 517
562 555
514 543
542 589
599 411
375 867
284 349
928 529
838 825
802 610
578 673
729 721
337 96
85 240
938 706
453 883
864 259
359 607
535 558
788 158
516 948
82 346
598 868
201 229
569 180
982 488
512 870
512 388
804 858
871 526
838 792
452 411
345 704
148 361
761 99
365 238
818 464
62 494
729 698
679 360
30 533
410 852
644 509
790 783
512 983
624 189
172 369
973 655
283 247
297 208
653 198
16 516
839 741
587 889
817 778
762 220
147 312
839 171
618 96
204 338
304 342
751 503
467 958
705 618
420 202
268 668
543 736
267 434
39 485
270 402
834 421
542 802
171 312
523 231
277 183
886 330
326 378
746 717
388 733
755 428
442 362
185 685
299 720
602 673
518 746
794 243
935 731
139 582
346 491
894 717
751 691
632 944
796 513
360 837
754 818
787 188
44 405
769 761
427 389
470 252
575 125
912 283
762 810
772 403
660 821
607 86
286 922
279 299
747 293
850 690
385 548
387 215
537 154
54 323
23 541
578 253
590 542
815 752
525 484
266 587
403 776
107 298
483 394
147 552
956 437
706 475
549 13
851 652
712 57
272 655
503 427
490 540
206 374
73 492
971 610
744 323
822 328
586 725
244 876
774 221
514 362
571 83
210 426
427 16
729 274
192 271
613 727
416 286
473 413
723 587
607 28
755 347
847 164
211 602
694 893
44 393
607 420
60 305
422 824
599 617
667 551
708 458
723 576
152 283
362 361
817 676
819 653
707 318
135 196
762 693
710 491
98 630
394 919
441 19
938 346
881 217
879 731
684 568
347 718
392 277
761 88
197 347
355 284
445 942
649 208
259 117
39 675
223 590
706 927
780 269
298 496
880 267
404 698
496 348
49 631
491 642
518 413
960 546
198 328
69 412
458 123
336 699
426 302
736 520
784 398
581 411
232 804
673 934
498 823
335 294
737 830
178 856
766 603
794 714
319 620
342 583
873 253
12 535
792 604
962 333
760 780
192 656
648 803
943 573
213 682
389 651
295 862
903 214
209 566
889 201
850 442
652 66
471 355
611 341
743 304
413 137
785 868
182 416
414 528
475 319
823 477
96 586
759 441
393 808
936 493
772 368
805 668
346 958
587 992
688 617
675 280
628 876
835 804
936 288
894 636
155 392
110 218
741 440
172 646
500 231
261 705
370 278
54 447
290 82
581 506
546 622
530 866
639 485
98 521
644 222
931 641
669 679
761 493
77 265
460 767
581 864
693 601
869 782
420 869
473 999
945 274
575 827
518 775
145 210
321 762
189 622
550 896
406 515
684 607
274 209
658 39
157 150
408 95
96 614
806 566
152 700
382 322
404 112
204 874
921 262
570 593
115 808
93 656
669 763
413 477
192 757
657 218
346 773
45 575
643 961
309 619
826 169
270 155
587 35
642 864
162 413
