1000
58595213 277954942
120036803 25703756
643360129 453613376
979091390 642741743
349290297 802489561
8089764 346327849
307908412 899478740
940733612 684696112
508864207 594198443
866800709 914882001
709765546 416675601
599143842 664634828
165878479 402766331
747149416 645135932
549851372 46318068
475830474 5193892
413967934 786895763
671309722 215561675
307472479 504767416
904649697 739459827
608123704 615552236
65968048 627632457
78787449 859399367
11032334 306865294
689930412 160450365
165811448 405235553
567999968 37354944
540876337 866038181
356172075 338927633
27980336 255397248
879331441 764479015
553070403 597360699
308816382 869684334
36449363 974965383
746127934 869480196
209655207 879645693
37827702 990998801
986470348 881453742
854501583 420513034
168671576 708082276
994787068 922937391
655889121 919729456
404063742 477522278
801692152 74737524
505204045 481117426
560246895 640034312
113530025 800893384
81711643 649350105
96364170 165844185
152390280 246566478
452977105 853908928
377806599 996524184
432969850 474319571
525025007 394031235
958056202 429994220
505299770 29156089
369338402 252717935
85824359 834571561
780055059 117798838
482227613 845662279
827295216 660752263
904510329 446938168
456109809 396248193
377904968 229109299
173824621 685674620
369055233 678445965
87964634 264594170
645925748 831811598
451925379 623982496
722676757 889811658
443953495 725105493
485693142 420493645
822240511 138635417
383877287 805173584
424933500 537835510
281978674 213613066
285113330 137580581
21553548 499930421
325100378 219457405
183259209 903860047
651471937 697080621
990639889 978677642
477733474 327166270
816966223 972551577
506232236 811067914
799170640 21689277
541690958 800915773
378851044 621233073
44873883 398239044
159352677 368195178
38102853 272279111
17292959 642796133
111474572 505429019
884303425 599739735
717315803 257464576
791789494 848754400
759518339 825646962
631025262 746171339
975937638 561125198
272833017 873728782
214575913 202138977
803608900 723234349
316052234 326375043
764149736 257841440
250286396 43392802
48641868 441750222
832227439 59973815
396107188 600873856
2711110 186290571
188939256 274446191
274996738 957548859
429541038 172645869
160302186 169681447
9430736 659804740
953389062 350345716
992165187 208738903
859098949 677206625
285479204 508204194
920709054 301232694
470012532 986482190
351727360 35136821
732504642 142992624
184998645 224492214
358034584 524357407
530515046 890293786
503646628 662326723
481379765 921847390
11757186 153686414
847824039 107785865
465030389 28893759
295311018 474586113
279844163 772667584
549877185 492756976
482455283 5158138
134499171 951374696
781991654 192231380
640087090 607698378
941406652 968508188
809615904 614692317
285949029 995718714
238209024 175933314
96827277 308792243
796832661 885541934
993801921 888224334
674321419 928661740
106965464 412723882
928228367 661078405
721388281 702575592
232022539 472414279
170553567 515927472
559904594 340912696
159707724 296925006
802515221 986419006
820498215 839107709
333914342 837718091
97199537 696111064
146504769 483912503
394524546 260276746
691625371 982645463
968477869 466545608
290490191 638329928
122096849 443937513
85504936 914522988
211455649 127023649
239412409 980323892
216801181 903529685
661157803 974618439
553138460 654790454
727823575 666854040
959915745 457126139
73883956 836687410
555453380 594785229
0 590255102
122792682 417623257
643342111 147589618
291120558 253075964
484196568 617168525
621889631 381512374
444746906 436240457
358536366 34123661
799524267 713549966
270395498 322064861
118827522 974592831
685001229 725325379
530060222 431564682
484063765 496225587
442642690 818122402
743153112 57937696
543436006 559589151
360526061 176645822
829762354 304598688
130199788 65346337
6148552 303682909
62557846 103258212
98638123 415815764
622910821 502087429
165203126 981780970
690669187 885053238
441414560 996055594
186234323 701236043
292853385 298140767
357629268 31119768
326781829 809808707
102079128 298118429
690554606 778883925
877946424 763026105
864517479 31762883
933298335 366897922
126606426 527291755
898982184 512697877
147115915 946657317
37615166 713300197
329131423 500974429
837361815 700060422
262232130 612628413
788439079 615521552
416326993 108393257
959587642 501532827
581408545 580728445
726894046 289499411
15769434 991142697
294265934 652073105
17265151 97454107
531699951 904399218
716980228 855533120
882849088 559128934
901475975 823678197
741121870 995848815
471167719 716099201
613977431 494303199
762649381 946380551
571161032 156943127
846955765 68102006
988043272 213355113
415440277 897114222
111274437 678491300
701908523 725727607
292749175 819836995
523306213 896943667
804428452 694102016
429723407 31106280
578175409 830915180
319655366 487346420
803928822 729759174
253991542 379349160
40059124 36411780
429305844 880272675
151520579 905194560
566233967 441082994
273645307 44751217
478989586 814970730
708188054 873532651
277564826 955968417
454713508 159210661
375989732 517069635
221374660 301341291
816502707 333892706
655431679 905721904
64012851 841749031
295412532 494521325
750413712 801961244
708993209 318295225
800629636 979034685
111190856 283043416
383525562 880873431
106854589 205159021
550113 631574187
615760433 391999759
688622971 891871017
278041145 280627292
261977979 509930951
137116574 2911660
681299378 66994928
193844197 483287499
55624842 689178316
478997266 647760962
846552833 262126182
323456275 431580386
369029699 296727695
546983327 27874314
252855048 533463765
652707803 473182426
843105763 105017118
356952564 751719649
96261268 980908387
43259522 755308155
243787592 949481910
440202285 87123358
737256146 302598377
280760963 933693140
282718327 983352208
860306635 454358240
845966186 148170844
33207240 344258719
26720314 253533304
808710717 288861999
67098831 552027924
707207724 324632182
99564335 815873662
983938784 404934273
739172253 638903895
142489413 179621911
327300851 397148207
279272215 60090285
969992128 819014605
284581629 968408805
614311634 637267485
40988041 564082821
827662184 233912008
895275620 307151054
246658123 391275358
644025421 853755638
446203337 663152086
182609766 30469712
454758010 671655477
235976009 986503079
5934992 336230849
892905410 151826993
124481266 498001240
188583249 402216813
553085107 721421714
533959991 919636755
922001758 724334970
316010694 671940436
101634497 421589077
656183091 556321937
112395007 27083402
225834670 832856564
435652712 422060268
306396509 305929131
968457957 395631450
855464081 765232470
589398281 331461172
198547598 480814471
942335019 235732027
25151105 606479675
380996348 747173426
757860040 905645141
854802993 709257248
645487577 673474215
935198411 406849562
976544279 674581810
314082002 982047843
902153286 763457447
128059242 652574027
991128090 84663612
153858547 561656632
499212924 533574730
105339263 401801675
43884402 435509172
319598441 214282974
910837791 425143232
906913692 54463355
303733820 1246414
132055455 643269956
190378368 655144778
121576904 162183320
995715791 511178736
139699639 155732490
395818536 234948223
737989341 696846395
761423943 493430367
162301623 334377466
321280094 636559537
420259768 811387389
228329387 622928241
642554327 172872038
110025684 556455667
216769399 580766141
671995224 313025395
265777702 194449112
980542168 755564584
252856112 929969770
651834351 672864879
97670788 54106683
710490907 870504254
982535221 658629223
888489134 382211804
450548189 56448805
568800434 895101861
708765296 674556360
751655459 765419336
649176915 125009652
297857805 905776390
119750684 623498475
998493540 335712111
384256788 819832918
95733633 569332912
649377774 407312932
679657317 916171397
42975797 563699650
521283685 631354579
57819418 20285804
198179933 76180937
650206532 600982591
987233960 612797612
359136227 18370147
141052989 471941284
38298637 799737267
467119951 35898372
143541569 474770723
987197980 593301434
764483262 17910608
59073943 841285400
206668066 360450541
817348024 355555703
34221953 97605035
455592201 196490711
201634728 447458106
894150415 974920658
108069608 854243168
152158667 880772865
691137221 315491004
240691479 553224932
167186455 380844960
595062514 260498613
159853598 717262934
946702113 230010441
404762701 222814982
871064954 897927729
224636472 542426907
846732845 215561284
930908177 771957125
536975474 728610610
794783065 141150884
557065514 689161888
291189824 417848959
223023969 355798719
497129670 828294127
981964036 321736822
562771186 194142756
828987934 774339117
26915919 622408317
449677885 503226051
961758782 55708965
978038835 406110825
794413409 785587120
180518839 287593647
326478825 422341234
521376186 774606309
575654090 692792411
715041103 354769714
338418152 558121115
938830138 269725335
860766063 715176571
559194260 514686841
348734757 49121660
863512815 695382378
116127678 899084997
856552923 402280690
988276446 452214021
216550354 684008086
300529152 349459507
727744348 553953871
168418068 8518281
559778979 798719753
793796709 354458852
7877736 927953197
576107649 860450545
388910358 170675581
542576647 784209423
76864243 292365876
309435065 222458536
999911919 300206281
777685638 698205574
176952322 621245053
19084132 798997517
918477751 73895466
858375519 819784323
198540335 199704005
18173089 863097285
758380759 829580608
19162175 140644264
426371042 433422346
620827933 22089942
289575963 670608148
162936895 927386646
235473887 900571692
714494594 957820744
559139753 632066510
436752318 258120443
79325813 762047881
224850273 318357930
262570994 505647146
865952021 692557232
248807731 879398652
621478198 842450772
852284456 890766178
861748701 794862154
190321896 638317746
60183810 908114219
881519172 818156013
583307109 322732304
541277800 865542301
877470161 857004843
461183811 103436544
610538097 564774939
392369093 690200587
84976393 668938490
905013716 290716941
114966001 258062767
355693534 850015052
436989020 789314644
663632160 348676227
226989782 451069753
954720435 288446573
998716109 307055697
966015441 256389863
561779722 866180542
919145989 349530778
353818961 993172887
12657014 871122524
157671496 690958733
869410888 755940360
879034601 552736676
996315431 569326621
479385292 997897981
969873458 261457828
392455254 730984148
323841042 108795161
269878428 60804797
47235261 931766854
926629007 505201731
553347835 594872071
436998821 346950249
750425906 326568670
537015959 366567822
737592448 713358058
873957932 158004115
544245764 537795412
299517796 166896229
320528240 226478854
399850200 885099170
811305389 55615638
820598668 128289812
630116238 731111
247949256 179857402
542284422 319844703
215266166 91563890
664849395 745514393
222302835 229845445
435054715 62296043
908670548 711530507
935082754 641765134
624489046 302371
669329817 250211904
248656395 950477371
131992894 876865619
628005499 914875745
796137714 634143546
398786436 998315774
224137241 116340639
231141048 447006784
672110318 525238269
308329448 81853213
230336545 59934407
30972051 139621940
715227051 623419965
544155487 566921628
40930768 500090131
610764092 73243059
469424203 404370006
913301804 613887082
187236997 321121646
218212988 459488372
491084883 155325821
977781827 273454324
490343759 697049740
661413850 434330776
761854186 180301069
970720437 547626555
605766598 445594956
170473212 574278036
817272879 640549056
761881698 260580959
92451817 929126413
99297969 132764525
50623287 971959548
292384529 528059260
98834731 361320082
29852279 612226480
422442222 346624189
190447135 483372523
333814766 486928660
668057703 378826576
79758623 423916269
466686155 236263963
642851726 105880549
917641292 888035593
446519304 110733591
332105609 33440910
315961636 746889164
768016083 969078026
511229125 265735852
143668601 334774731
525365816 45776788
233969306 987443910
238402426 623970138
120256068 649449543
538688108 806148384
982242186 242171530
526572556 286274439
196629650 511192944
605335468 943423935
702410751 300084371
442564335 820665697
78164093 845115786
913839265 929968073
754228121 924361857
523313973 269424058
333567603 106164976
599805933 121781744
196763073 15497216
603610221 436049808
681536146 503995072
271894618 812034657
352204590 781418178
741903277 269237947
933855107 38420433
10832076 675339497
242766897 17693803
195478975 896297882
278158026 76389519
4609489 815860885
578752555 510745259
748931762 775028693
995315290 889054006
661162936 997053998
908134037 553466321
589898551 931669840
708474175 284053782
401739163 67522821
577556109 37424559
939614081 310995208
158635903 97955361
60248066 586002808
365793687 753039614
198368498 996603959
325527748 123870109
275536952 807609081
237067587 519063537
872242883 184855824
446858122 15212408
71447781 754913264
957969453 884164081
73188978 724049755
994611634 516494151
534876005 519042082
386544439 498283236
177868682 113138264
575019440 661664358
867547822 784753391
226077568 623908796
480735290 425706898
911751522 218623804
832159634 159732603
528072983 792602925
778296343 232550124
268374250 462129348
812138528 31304230
872226180 813857980
409504701 465144285
993253036 454338448
873054939 497226466
52087509 26392557
552987121 684224660
294534395 929937719
912572025 264204895
978509215 705123749
830929035 85357438
439840334 317744616
833303714 540516383
644296723 58581604
185543213 476488024
877863859 541489497
722001782 215423849
169717086 28838385
867587085 432289520
604689719 176987017
331674233 378156518
417530843 787024263
528142193 529603128
552123700 705985466
907960798 314626125
671023921 45305086
95320344 424205170
985990623 278465598
854641450 429440423
978305429 222716747
362542496 420217605
650545114 440692810
308946538 948850480
547777878 550692144
902131726 43108514
528512743 658255570
331841723 3383137
405800744 384489516
75752060 96314972
799627738 484970968
336883960 492002849
879385208 203868135
435203786 854640685
629938966 804136862
81596747 321658869
312309335 141848973
999631884 423107105
447905907 277855476
75149033 986632831
353315122 180457087
662972473 415723265
622713364 342057001
758383870 982878971
387663018 352309984
363347583 896327687
115601629 567962304
973798072 431332814
882848430 519978162
214576486 757283570
408535504 110717923
684450590 724092628
683838649 0
839150981 260724118
233148902 989333167
306686683 959780866
630552074 210828728
113443685 856801007
688559408 126531622
625684731 451884645
183819021 795814575
494600509 139932919
770759729 5188041
595137691 910314710
499454961 262425763
907725619 530678458
690666911 479386468
704136185 550028510
837022183 14587222
87907809 494232264
489658509 364775044
295711712 452784682
347675656 259369873
121268529 58039811
378033330 822028948
866345657 858881736
176974311 826987836
600266898 388268394
761595568 968549516
559713478 835342199
888316823 924701465
995480162 772707400
234468634 493457433
77440548 616200320
918342261 243160503
933793795 770769767
469554634 619599878
885143307 982161710
578233906 490710810
599469453 443161543
332366799 70777672
152420881 894237099
169035539 311883963
546745585 900436056
114827826 711532574
852065776 972609165
725472353 678356092
471025861 554628028
624252909 948790691
157232752 153005766
138190317 575271334
676917732 351876852
978813179 383064569
460279593 386395353
619183104 205104028
379499876 625634492
188813718 94055310
698347027 56353996
653222737 649622479
218597474 138265017
161572447 449027506
687903865 625721983
42877157 219797135
814947209 174892521
358484236 268165298
295717855 878645940
5311592 21293552
839344259 368735116
697111002 816333690
803676200 340365407
748568945 299127854
679011583 298808419
969720642 293481148
309790527 552383620
50720941 615269882
218111911 147529048
383244353 543636578
353780607 583724641
293938218 835928519
156585976 708345902
58374378 811946007
88634919 42864093
249335504 204178396
101210188 227711132
224688999 400628207
314390 488444441
70822795 625814280
149175043 386215553
722087752 498057447
472795611 192878823
851420259 972215260
791861870 567953078
662352020 837715944
435604806 498340873
488639579 135484395
96041306 558326469
234985510 991600480
825266454 553849611
138362728 641114963
832748225 333728664
466841510 584832009
214713428 940336211
386028228 4133578
777141147 194646072
418572302 807821701
56610732 745293478
326406943 122105727
430822676 220699451
5430691 791816723
54593635 470034911
278126860 974839979
717306098 846835434
88052039 513631788
573049259 468901717
331738378 261746119
33190649 634828769
855923990 1974892
978510999 541732225
169490524 644829739
123280697 527110864
396708810 105951490
106874257 38566823
124558443 522726864
740281186 760437094
953614746 378494859
909650200 240031838
856829691 879758368
194217059 808260935
440274822 517438621
153736317 506689964
115927795 282846432
912659797 859974260
844199677 736439104
68662959 944189139
471099650 644441115
86180266 416737428
10729516 775667682
374873909 906727820
317084630 48680663
561361176 697836530
404001744 604182964
562675463 232110527
877395874 583977762
388589139 816407394
314140456 513309904
859514048 570642890
275248607 961321791
439547189 604366156
474910843 407050879
691161200 339874021
874997175 938982641
949250430 101930958
155685672 556925455
342657664 706408894
179478068 655725481
791405272 733952525
113215281 475786495
544668189 743986088
428988266 422386798
912075743 147202448
396528049 499903525
665682984 402470726
712452105 103376177
997681328 351468842
368225570 474039152
697099328 374629286
522847472 279920878
353921381 937892021
451918796 679925028
793517298 394060994
340733066 48030338
991621301 309079370
638756880 928530501
658534319 462376595
282775220 664371645
323989557 15452578
772318245 368387981
729658476 777166673
307226501 167255236
50040435 643463448
488192517 981839685
698112353 689647125
977746262 837271532
86537771 947634365
537564909 914541687
830322706 336933505
783385930 794836807
971709721 929779647
426557503 311304627
851018751 968229676
786212353 364695542
436590643 262596481
918355943 847711941
333845795 870979267
122194585 994090751
573654720 908421323
32900828 746723598
478023937 861391683
879973317 97623176
156198140 698889232
549239496 580708432
516205682 792069527
965003863 86129513
945906954 516114361
687793091 819076693
319671599 138886129
734984123 419316932
806414794 715223873
24811641 77042296
283408649 366592884
418846419 220084755
702937263 897067748
373342731 859622180
682745422 215767322
948891260 76066141
243264214 842944833
777707614 532998035
643989675 950363932
705697140 702639455
49864265 699560063
33362094 794260673
90445479 884476756
329421774 959212393
806033029 151798864
363124560 283890812
590805251 725933462
717553525 96202145
724286896 206716212
250905414 663362234
511767276 413753508
179951443 663299636
430454969 481596452
344548458 802984053
722335329 387148497
757513145 975549197
439487628 767695561
406951604 807195138
611665089 788116110
538626594 358174591
677321635 933021469
481208970 501285369
449790905 349333783
819408874 849669452
42751199 986929052
685101316 449341023
766420854 323010584
173579567 493148061
733590267 275602601
296459562 591952429
484515450 878647856
538522741 200209535
170835667 548051089
977236848 1641441
787261124 436145676
767077008 492423636
102590900 961763690
880819056 503329474
39181799 441476863
271816313 109888483
97907618 869503103
918831334 2908559
305466148 215102407
459937980 191193331
211536130 659605733
966082861 644385457
506145921 666702885
181816160 932240819
247264230 641457391
967235550 134777541
667997419 127082493
793610926 21123333
244795225 551609419
918854904 822319243
734762007 448932169
570920567 432600496
975842190 34410006
740123196 766453085
432286996 113784241
511699441 555512360
696505674 94685902
753387684 833197334
203357598 638026745
