1000
485329428 807001020
397483472 616729782
360507965 401270151
485629793 761636255
222809713 927506516
413757240 6683965
291604097 568816216
956357172 584109759
570747066 2933604
845907269 173462104
948226279 338503795
584254580 379048494
892736044 424975100
943376115 372130877
86630243 311952509
70594488 126313134
743035999 187876469
511642772 215989910
321174897 569415623
204242820 918140073
883897321 62611348
750560642 174549136
90024614 991545800
986374957 407073771
806312243 932083232
794205897 761023460
261857699 592626071
624544866 220676105
829699835 341220650
969123506 874151436
404526651 849867588
23877545 295791978
551125731 554165816
990679035 262038894
186462347 580779493
668938151 945699082
756793397 189560575
613746470 467377432
789018817 58226402
729966455 162014276
236993271 847320089
497588467 753734291
649506057 905235957
822409450 75605803
68726706 547404212
853041689 791848672
692350408 72670358
796327468 399320903
963716347 833974283
705606990 442428755
237129117 549108019
879748772 529984910
229412643 95488960
321985140 883562626
166095917 602506247
513121722 939540165
292212674 861403452
816334018 659654299
436395024 817291466
660453304 828762865
297932939 703048291
552033215 959854567
797655840 806078837
417185179 3418483
676450718 610903571
723763718 765060568
714279637 128657370
575703732 756442211
564909023 476687204
17720991 233380678
85608457 717302220
53623420 211130545
96919936 279904476
702975978 89109344
777187303 709984917
872145356 405197228
81808853 731521723
615548504 961651355
683904738 401508678
125869523 392826220
361747447 968877098
244880685 506140959
823573507 752489611
652036731 531023987
910324401 84776199
400860750 400253038
612004961 622869621
737702050 224803967
995921694 310558901
545012900 822233706
367736844 602436042
711334597 899685900
726596906 904028900
121346930 984948516
687980296 761865455
600042040 447084620
160063926 974775961
692587892 396843428
53651526 283046948
141174074 776403387
659829571 411440021
732985791 15181631
755759557 648352594
801960489 33185324
383056134 983228062
241947936 512120504
246475818 967590119
408009474 801125326
854261515 516886761
625956318 875814527
257421189 176078733
13839305 654863938
546035493 693357180
860737118 724952854
404569427 778187784
266429334 433006550
800408772 960764540
111320434 816074612
79688360 876475905
729070872 129327000
204774327 704660453
843945003 326645244
287786571 743605179
367865081 599153796
342124908 50286213
293917574 251076548
375947918 368777076
98268628 379407526
416105197 490621205
898294907 54755765
556525730 591642842
852540875 595053962
712906996 111737249
968051380 794080922
230880872 707060031
369368843 828619265
799912937 743937702
658737958 738561472
626272771 868680222
345965821 380638862
738611700 420205607
16474641 757031551
247230462 832043928
942989586 19932014
941228136 941365258
599758242 257550552
884302423 59254502
700412919 912678016
419104510 34352254
844042570 67496381
495667709 610601386
932764413 76510257
337368296 830548728
843369520 342934058
485209539 302526919
732961856 467503243
577684502 971633697
438117108 519353227
809843405 190079225
58696423 541213452
545552666 879659548
560105435 942153156
636252061 724474269
38006879 798836086
623260390 946096536
941155394 582244807
121712351 760448608
59531490 441597823
745333441 3128176
359357076 529707890
678819030 408447285
253673466 156071051
722224904 467507463
716252999 818774538
460773180 354141415
269707039 269257516
377010931 60303693
370438915 0
706769333 894941840
433449692 994696774
880861686 462759551
88594140 851213757
692838615 360823142
538815804 44739549
945225360 94225435
370643098 627144594
320456810 53939836
886244223 40176154
834875082 240189818
430675580 623023138
30078129 472090067
17045184 903193112
873247421 723207855
666939716 909274025
591540047 892298449
819751003 125266494
615229525 716332618
233443937 191569600
959657618 580346825
595004114 366049672
631801370 416978681
533715440 540440754
243037880 120322091
746627442 598627352
358267904 479929879
113792257 937697414
9721568 339012986
854451187 784365476
81872399 100680492
862635089 183761934
362092949 994403368
36119152 70543278
439307620 768833363
601997680 642144304
553703481 358921906
115394135 998157332
257481089 553329886
964528206 667999541
772473159 881968044
40762766 853739009
676878718 411907350
162156632 187524133
766302485 617183020
680430492 869364280
902636348 359163438
701690959 637222310
67875708 469022390
64825304 630633168
495532687 323926394
430549811 481633784
305359549 645322160
912832708 813639770
314596163 508635484
215524348 876173720
835684842 11059669
980855146 358229937
487697723 371529780
717503357 827582274
942507150 452363167
492892881 472400809
481760176 384688391
88314900 549538367
785956617 451921425
75348134 780568283
227351386 892867426
310376491 359190268
698313079 997806352
82135248 432584480
10242233 709025324
901660213 413652109
269916595 570231856
79842134 174158822
493225127 661544289
266159185 890897375
750385384 25382118
265680029 645056152
537047665 944804807
839027888 519804375
832732723 149375319
811984466 162295449
401826119 956686442
811404843 161977795
316062079 556624107
295694893 519547159
529013180 370509923
732587647 811387553
508108929 406151838
266025147 662575674
370720215 406762422
656800415 916017906
912939229 996029784
850961302 526850557
935955249 994851002
522513900 193129019
677436277 891495207
297684589 335467292
710920123 170294145
728554325 404854472
892715958 826041977
400515264 875382263
504781045 32838788
608571415 695763613
672831748 719013130
425404845 506742973
180586277 528366882
450338159 235774235
312897811 663906802
959626862 959611411
201623315 97518490
100811813 660183563
910858008 369946874
473238254 343437813
508491171 438773865
200665996 673750690
860225948 342918452
886948572 907267174
987016309 960721241
653774882 550714769
563054579 194477686
102583524 661798271
656301171 380188271
113954574 700916506
558207759 980406333
385068949 481461309
195421519 595883976
826107856 533463822
258142 14239146
131914803 32073439
339837997 499266841
61072843 868837731
320564591 762995757
273975385 343852549
841856442 986847395
270973458 350197743
985121874 612386761
711761086 178047454
80207002 735691920
479857575 788291980
926354472 972451088
204200596 262742496
193083814 528020499
86666467 855110468
450173384 370061158
451424875 574543476
208234353 609553139
362341871 26494244
894374763 572643173
250848468 73157421
347670894 302328757
861917218 776884013
137934308 150446929
870645158 137306966
72764993 390830502
164377573 592382135
916616082 132567669
745042148 596446534
272377962 75149553
842691194 146457377
452858772 525218675
981780252 209764527
542618403 915198097
791151990 537854363
230620181 505628995
174117431 289623658
229644033 76581142
253410396 170851408
975036461 541918842
552478672 398242721
486672291 252801210
799057142 109156508
198886812 120382190
565705095 647966107
46103047 476747635
217052570 488524199
726610769 178742976
920235482 386557094
856908656 406374940
798520053 114169274
677277373 782169989
157235248 32033575
156691489 67756030
595916649 164339369
457969148 404740815
213490679 951507170
118400976 545268119
783906259 11332564
719734031 25733770
139616825 850891266
129190216 792795545
309965842 429133103
230467995 63836721
174569635 701086108
729139673 627371094
109589721 364775300
405653171 289499760
457939238 18923530
236773938 198572262
98310303 754182555
12634347 300488785
329657230 505591729
756799994 259172065
488791644 761762628
535309000 568174006
484679219 678992748
821620971 483506270
944446251 17091829
594802380 438286136
59659106 80858155
276838134 118682544
992166468 27894467
186816073 337419879
489311862 582649601
233666148 139303210
977516328 420092336
385513874 672187746
25785600 369581481
644216249 686183577
501518470 824103787
855219670 754843614
648539723 322375537
822146684 901369769
945811609 632415385
138727971 462154397
327353644 553895776
89946782 792758404
761529704 249835156
671580896 151550446
267418396 624970281
216053689 374804986
184558730 687961893
209613465 848369102
969574314 840548360
932755564 731731299
210858998 533903733
308305327 350826787
777642461 810412858
308859086 420918206
216709256 875885649
256057910 168714785
985133470 259527960
928270279 43081217
589225797 722967543
755582030 813331926
962164073 791654931
110119076 862819324
803675661 882163398
167232586 89621039
121759401 419100994
41775668 282297323
726134802 602461515
783248717 413545979
671057327 69207789
653875797 117717945
963118878 612175076
278145252 955622327
186819823 941316893
834536397 909905705
440369752 997575937
39112983 608040117
203090897 926046245
146380710 928978010
898017619 634333171
899836984 737920466
7314122 478558291
846694417 309235107
240632264 936840801
64498966 456845395
71265873 387103003
569857501 538586760
345577628 590261199
683354934 428856773
583168625 923395462
12565538 430111164
523031122 987992195
691849185 509853110
393367803 185487474
93809765 281479608
928042815 582504420
23586674 194673134
423765636 137462937
683253687 851950823
3636147 159656300
753559700 913787116
820117551 347794974
140425894 493152624
937302361 655281349
74238550 469279669
454274711 898930148
188832175 81943297
408810135 726773796
237109617 349940020
554942060 712273752
879508144 498865292
498610640 33282060
133147818 93445508
462475870 63097050
224905469 229809005
125844527 951639715
716534360 592882681
434343417 671121475
817683870 877456632
3045732 987787060
574213447 117915323
590330043 770534561
337099787 156564680
646382015 759628077
848202557 747180251
627309230 938425964
799590234 756115475
901312077 39976687
651653674 700691673
605637465 463260896
303022716 151173455
550034381 211972691
635173883 229439854
888131445 678065129
56405007 486227609
863085661 160961223
757191224 14038079
953675149 370858372
403602937 692553677
481174131 987555657
194902527 505926796
493117448 941668480
465239684 687098636
607122863 139926238
250685437 767245815
654991320 721393723
575197794 807592603
52445043 133933796
221694914 393318026
607240079 438005847
185321220 258081289
762825009 316071928
744505516 77742083
793317813 664782468
319494977 230457469
272386722 345967844
528846713 356056305
355405929 433087776
557494108 273946360
880971813 330489965
380859700 709908063
483178054 239270308
592354662 53031750
170951832 451596850
904806918 434299558
387480436 944091232
223455295 948688124
200108057 354187322
981786995 557545985
597233027 651836444
611821096 788819340
222828880 503178035
486141713 100486053
858183933 396570955
866618669 447278436
865215345 294708240
214654113 590032111
276588427 187745026
446909373 259817748
209908577 220877797
698417501 678741035
99753438 189723600
545047810 915005366
210982446 776639862
541061479 952672255
654911067 699192064
255429959 74039614
646025530 862407547
495279365 18035680
787933112 900367418
406137300 613414760
258570035 573354551
981722817 613815995
369537749 65257839
205794851 828752438
238279510 738036706
120026430 648232990
182297367 446147326
752051208 46066890
813611124 886069189
344728716 759652620
912968166 342010617
752920239 770361730
58090776 635173964
212405028 765852418
866832216 79224099
159878140 53135064
744075856 321979442
993183689 94646790
275360752 484495714
312496941 840548833
458678242 962382015
253493044 898707813
851445617 472245488
873371258 508413973
499956362 399087274
770438371 406845647
616582387 816193067
169868928 12481627
155066942 874423944
542460791 110609131
83530166 323344185
658348466 820653030
677786208 446754093
710638606 415651441
669927198 459662033
133106321 295912266
541622984 755121188
397639305 460228626
198802180 930275707
975215218 611148266
376308624 171689609
59170459 106337900
691603384 851878708
731117451 606259412
184735958 770415943
29701264 549435513
311425229 845163458
69611839 366069867
518058533 704871596
4723250 145595734
226359272 265100522
589134275 567394207
413520582 452762238
624989597 448428683
325200541 225251139
630585110 263137031
84826670 124241414
213081856 295241242
53808598 383190783
937167225 239222253
685840428 698709551
656211688 474138720
953757089 750484340
484545007 90311576
648038058 577726934
712469125 782252200
444269536 410188484
631983870 170628799
199904851 534550122
230158731 579458443
271977658 706213287
484911279 43306646
245948609 204822018
477204393 7277296
709979274 195014921
40003420 783109550
961702707 210021301
893475744 583799342
544168186 97874382
421031401 895765479
931202609 746059702
557358037 538835507
358094180 16531626
820645157 621811052
896780636 467445996
103927695 679746696
762659904 311776037
188565664 699454880
291944538 597357822
366984116 947044872
18296638 87409382
268509691 749363519
109437761 539905222
194707148 584577967
912026088 553529443
893629423 34350243
761491993 901091542
256111454 992817521
924419827 669446623
863218328 401496944
574176611 633100137
967896192 625824180
628704805 124852901
371722403 141094038
789137609 51721990
165062573 637575073
247461499 82874594
179733658 730098971
912866165 651427713
43005748 707506108
203315740 88445613
849786072 402422449
478870001 666012731
484650110 433291808
967345820 111546268
326892808 602351628
844399061 107807209
837952564 929810909
295745503 470410817
113049157 202296868
176861566 83664335
718254456 831686435
146508575 547877836
69931984 990615615
555503706 853603532
995984282 652011391
505513891 547012039
358408106 800368945
47495980 622822318
295419899 216201403
432276070 727758663
878222117 604076836
821370730 610363912
715788319 187135945
786301147 520392135
527021475 560620237
436904198 554372943
862053827 463947256
284812355 178982326
789580204 446652846
0 845501369
234057783 677811910
720610965 718422893
693491008 776745052
695997552 660389003
27997645 764538378
10762306 298696169
670777028 554213346
149464278 620493025
447138386 88587925
332166799 735132004
108285973 174585633
755427554 90423475
299196125 394654480
319837693 680740013
66240169 582563326
610846456 365148795
340872273 340206013
876520670 202297237
107579316 419287597
395485856 941152235
500302643 625000473
354488692 807850719
562613454 298410919
963308171 756321929
937453508 433613584
687813868 69234150
37623781 168140180
252688132 828645828
246380005 437342312
700158283 283609813
107837353 546792743
191499285 302223559
917372668 315275698
628976969 283004953
823853734 996032202
757690948 81527470
514259561 794679469
355187775 138632601
63916368 584494478
975227014 285318255
248504127 684500814
909199852 602155749
685520442 478088731
15924683 578518201
672072527 681878138
960824768 605216939
74907426 892611448
578979775 612122648
923603875 943324429
801020044 562453545
374900822 838797858
846873055 237686851
181673611 168425023
984706667 828924680
659056170 370884105
706463227 936443787
371510718 37782981
877331528 714718336
101314757 416110220
68730150 793454782
555790434 290179898
108185911 115210308
445302216 472716054
8831445 756572795
567407203 548160591
63117774 657496860
360224307 866039089
27692338 565583998
86361526 295386813
906118940 892203648
462505222 632390507
717533498 258468779
543516505 207024848
415676328 574341817
817980078 377089669
775113368 488381850
257433695 894563021
549926552 70947465
29880384 387439347
766559812 704947206
78311593 309377745
780021835 98559242
956796866 330734585
54735422 919596588
438507284 834523232
706729306 412368971
68374301 27398026
118245703 353060743
714519948 940101784
108085183 765887757
290721046 373141418
250348247 97692853
915362815 59443746
506359849 793732147
37055408 754510696
591007487 481744891
601686547 593273576
425749442 941878480
871817533 554564933
760023108 36210312
829497812 144467571
566513787 925833913
505329988 373296886
280099197 823634686
416491067 266598285
840867334 500144797
908354534 506016760
791283234 811071843
777763137 120995971
333360629 730483393
546015197 161514913
787350669 425443908
126939773 274050882
463156217 624793256
928431844 411006642
489330334 880594747
142450585 746411212
872238830 747996914
201309307 596865522
899192000 779018681
462669519 494929468
665120216 632446818
247738655 52199966
99506730 479579069
210924188 322435228
100805797 667012270
278047598 91314047
166868550 503497671
78196299 881336341
976032446 537887668
320674079 22168528
755573615 537231950
443098601 834077255
621571878 582003854
445897160 800666985
536363886 139471450
844361392 316198463
259583081 731945778
380275787 837856421
613293047 946201560
233331727 397203196
639099901 475342745
819300805 828248206
271228215 123036161
840377580 154808295
381162819 69792262
851530516 419365828
124693507 14561122
99382628 332063386
807549281 18420221
942986799 292819670
800337588 621977020
726125937 544718933
202901159 627374918
813916185 397018850
109506868 117591879
179569781 38257333
929841388 187497179
356073228 443874078
561397976 698199477
407295962 35428444
531981726 519742732
632720807 87970801
774972691 101782992
195240021 60947139
641221126 431004295
994217422 553597825
679618593 218043964
859567078 160296213
588681570 974786811
308308860 21228613
175194729 800151644
783503608 93764857
240403287 100012193
411451322 654029185
86418717 967763120
197023720 946034063
329199579 555357377
873959024 99874581
194223869 242746445
408608078 398785966
27202345 404199851
177539972 412730130
794597258 219151583
460692819 238572345
815570729 409808355
793867957 226185726
599698542 66919806
777074684 67058022
613943291 990494661
874924233 96620534
995483417 496551799
851976465 78178598
978408581 249048651
970484241 15857020
808468856 777531707
837833124 893624367
745732012 751692538
640120824 416072427
421216777 150314246
187683808 307758128
606045145 23017977
561651276 800909668
854828481 730055450
676597411 852502989
113846020 779033571
208109419 81340665
600855603 584064892
625538480 213474989
831736879 97979987
868537890 518611418
986855168 654681129
689760442 247794632
223417731 633726744
898946330 188739470
701694834 871583320
853280097 231183358
784719915 124418081
753260253 261058174
65217717 406642496
142399366 530185829
751328103 360914694
539857326 397728359
792322940 583126993
431756493 535571501
75267976 295448183
256817367 576428892
53020814 988729224
960775882 517716761
336754845 579742465
750511800 734579547
1834742 799659074
913098952 672697267
234191853 848884327
831932280 7807154
739588002 576209095
139193026 910123911
252871644 443261286
862091518 861963658
637749072 231254347
835244519 112085243
67398169 575177285
66679110 820304053
661828320 77558605
224925857 516329055
344641983 300914284
506961498 77433270
445564861 573392055
916753504 31673854
995809494 954844729
534641426 872259507
656216271 210357716
560965194 828776519
225780810 533543915
710965745 730501528
81726419 752609910
196175602 409546156
401480669 511001183
763629516 886451597
839130861 991229297
916098145 807729507
776045848 438616126
227868900 810276927
353463837 718842579
963310237 885970990
493804345 21464635
640409124 155848646
793937426 637851814
840469738 37103957
630790877 437073255
555667066 869875812
568277982 245713863
667283893 257295352
572214566 206974790
797908291 995747207
837899176 176129656
909295002 377835919
599522241 535991478
640789906 917920226
260830913 431790905
165799321 604619817
731789701 760624352
444664659 682193212
789100556 711069674
654086725 227784169
252151903 485002498
574860778 908005825
320639067 812986056
209693311 767053051
368078220 538379852
728158534 237681614
324954787 238219005
219924603 149153391
221105250 167536615
416959149 762816279
925707702 83824119
800549391 892509964
666794880 900136255
976991472 308490395
900668533 143561402
963209035 652065042
105403231 177704156
149225821 329868070
458214167 990701365
958652481 455888069
550138141 774001309
