1000
184003651 305496104
32491926 946923744
842455315 102790506
929201607 155747206
850330702 348532604
874175012 897943323
980852220 331804698
107650858 516638640
431850862 437326048
653470389 291651580
227256436 202599795
820228651 53897339
41143548 597847554
119622122 490331476
289518427 937122340
524836714 218872256
538658057 480168352
452613219 9633294
305601514 136173209
325805709 173809416
468403527 967266885
214615252 201179443
871260995 940607642
148945872 567198670
578559889 913805813
632661940 999028554
842364995 420655117
365859092 324079166
387973298 51380566
143278615 847880518
474367508 842769617
961132455 193669066
195655454 51999882
660046709 391580082
645234275 227978473
438018922 946206128
493355675 527496690
180563255 462728721
875027835 382310067
836196797 226059033
668118165 999564855
776256576 439400787
813560969 304392049
140253860 181266509
553429528 733814015
770448038 979624466
951390633 11044765
237438639 101648653
426548100 580865238
568867352 863121659
343723262 794402122
984018786 641418194
477468238 874952642
981004422 110465884
574321229 661635341
8815810 995093924
101115047 581422815
921689048 767433676
333475589 720876352
760853380 323234639
597623200 520643161
209789658 451293878
975352977 666756690
985296552 564299775
734292612 533009780
331261941 935264492
792249958 241051024
650441368 210039307
607727020 814551270
988215975 253204185
560779934 394348473
320983751 863791986
941386654 911325753
470307009 748162248
651615669 669004715
222162423 980154329
441016225 154439633
69594870 854375351
233182752 68389493
32918590 541643987
889677514 68506690
809636719 664122331
847425620 662595204
743774652 97291703
718165830 288559780
284516435 566130871
105810640 965339059
780392558 408226043
990064568 108290570
636508216 837017793
428317454 161016
69287903 391282671
770791248 102124369
968716516 346477797
508279542 935519576
687617109 141146394
418544787 975113435
906934671 278001369
447286188 137545599
852569539 859577019
106694023 948785611
809877041 256979796
403955600 957898525
659511276 768270929
750120304 418578270
423844152 113299579
988893755 582482091
131606523 224328850
911337909 573282420
872455286 720658653
434438114 968887585
101280788 249617206
735846345 377132666
105775374 545106747
289819584 557329644
423152174 296725253
838730547 363306731
992933472 718665318
829309174 564868644
572984603 122401636
665711727 110609000
841000241 473445487
128379684 348670358
273000224 229589460
333757153 439001985
271374692 165138269
514127367 23412701
334068283 988332844
20705256 734137457
336580016 581123131
697533997 839686179
66759112 874202146
896747829 100025371
351565330 835782131
129730363 901620246
568803734 902543467
801430823 834940783
682837136 73812433
300246259 324962117
969349673 889236848
940902752 264320164
547144811 237495792
430494324 850147762
361387952 278084867
504801955 960066604
154344493 37635316
780119694 923108919
726643424 972652199
114761271 895961935
867996068 539262783
43428472 50424561
827890714 593383898
137511030 201906041
154038302 958724751
756848017 551162125
660899578 234467112
260163462 89651229
914353732 931061454
95056434 817958253
903706549 617313873
746067923 59299194
533459913 791730737
984237547 939136320
11435033 528452555
10838919 805670663
61117447 721403786
554596523 624899482
923439768 901171158
732190036 475939345
27172097 172440248
43159824 905850264
347998465 509554378
37717646 917034461
664267733 303094113
45007745 215457421
48274394 108485057
35478038 791954941
21947894 6850115
436114568 813498455
758683522 128673261
252229290 169136706
967541858 920082146
158906035 244228017
320960891 412054633
939383527 519389963
587734877 580327071
52453932 937143794
276604937 835514856
238968767 58058540
314534223 962068098
157897149 584652830
507328346 788909543
3106435 661651150
327686206 741466998
251286238 821948034
412059738 151005812
369791358 23399049
761326872 636171428
124989745 865094014
322937981 825020936
960685576 954427662
361726109 531845194
798534938 707785638
468445435 513314714
987825002 969548404
355702559 464180142
798370687 430663284
745259197 874391090
42659621 139242030
16064810 420153751
904612193 401167572
355964585 88930347
559637630 292285635
344220335 211508453
645230408 537822240
896477826 835510788
794713330 763855512
47552319 875618725
959073718 48010705
709754491 782796939
355325226 626573985
761081176 340187038
6674046 305956338
125364976 957415082
794641359 943397831
124725858 49986788
352445060 222868432
548463009 809702828
130387566 617453784
88558200 631280953
842656656 310248604
469698771 247272292
7576883 383091820
224436401 979126443
876484966 929950979
678996897 58742770
341857545 728102444
496121605 437930156
32576072 794982670
51277941 293488812
902152822 186605751
298863959 489350203
400801546 217365535
772565578 429982349
131150862 683264313
502300441 336535450
715835999 635229529
217840745 574148922
387953039 308826331
180066093 213623335
553497422 714621982
678477120 400531896
686159896 297152197
577809286 271446004
622521669 295168393
318690880 359935011
47104839 893569758
822190150 576257032
496439760 992364635
487594016 393885544
839110957 745886801
805377316 224264674
922679764 155424490
741073826 255691840
654193514 524092915
993180220 328726078
336019114 74763699
692987330 772314876
736763754 420922516
374193447 273745806
575532862 178748769
55500061 332411888
400587614 435396506
765563837 216704288
217308078 199187304
209281168 737337121
1545958 88971371
507509290 994361689
817372830 864020319
574619328 981143190
381762336 745832793
664245506 279056819
683210778 864553664
103094774 390046179
226067652 727973039
738603077 35840919
959359466 581100439
658661296 637024726
782693164 147539834
576416059 211540515
8911432 488093573
198516130 905490886
200518885 765943620
285823913 283862302
642141715 107464273
191222677 786357815
182683460 650949932
776224675 804786057
1781675 914776182
997772084 343668403
635982721 416321441
476622415 331648432
877709825 194473110
126223502 924031712
679904112 750002456
962227544 455088040
784224663 105621727
503360000 405074347
891936463 482567564
761944630 218438709
920952149 547053796
379028159 761148678
156528969 802401507
52422490 406936381
697588862 213314
999838631 595020010
737523113 276994536
943476838 141117981
953315695 734553497
736902636 383223485
816948302 9922484
810074878 946958404
476811699 926062131
237398849 360877828
405970761 566615998
393651877 195308090
648693573 916505694
806190706 696538126
433188230 58711549
633352679 567721304
249710703 130771443
730971662 831184932
108062947 43210319
80414943 566605189
787920181 744443128
89650009 440995017
754161984 25291418
854073131 231528703
761010572 185364897
729215716 566157414
712462120 379513049
478785238 745982726
187337730 452458950
209108037 344380776
484449350 166607983
169057261 787741389
881081106 507149160
182509753 507743324
237875006 87334186
577608847 654139887
389887079 159828069
154640631 801639885
543042091 477747717
533524326 875439734
32251843 508835927
632346808 182634068
228493467 548344952
662000102 265134586
483803329 819483763
66081040 878664726
117530467 991200099
32958445 480465390
418778274 711061350
695108284 17101826
541484054 132907360
46676629 400842803
416253775 989464055
536876289 638644933
476340487 393150574
970942445 979094138
123501039 132471818
402517616 318010639
71489577 718928924
677367075 712997920
913345207 884895591
373518008 582832224
209430409 999499747
478801249 190271250
664463886 632908497
573419075 393632073
45161281 929016643
540474028 599204685
821592178 601986221
34675617 542300869
715489077 312516553
250679471 290016192
679279624 245984228
950469365 6988584
928451206 421654452
549884755 346885670
202536658 829391458
160859418 861087465
651737010 169236979
102298230 595996325
307523020 126401725
238398227 179081384
766620348 663289860
199443089 791790514
453319529 895462394
716188848 756150470
454161739 147440762
738090344 182649530
625453013 717675443
497166069 452288817
154237087 221622766
682642531 718580146
971204569 191808819
690701350 104949332
837699227 649253597
536831760 970765344
938255638 585707606
600047359 285651481
480178959 97323766
546088101 203094753
780265051 515949674
209856427 38212499
731263713 304603095
277388138 146649975
10225844 179271428
488905655 178096166
825931012 977842308
947423278 367903484
430101828 439262209
98518040 28227208
264052437 79500835
604069167 616163571
976551711 853302088
187610531 592856646
503520682 468317170
55424987 718822642
232413344 280065594
337019920 510966452
571048667 546829839
797669124 809201595
242245359 694844527
331435392 991095559
935663400 639997551
865186799 954205868
711820142 38349888
698807690 67352822
484978131 208997241
81376991 658996343
201380880 840794901
98362960 86837375
514225140 128301318
16299558 736785905
347694393 404875745
917966991 457633652
82713029 849483002
711611076 60499739
752441962 366568575
163408070 620909430
773584827 95771656
386344725 323150625
383153268 905327388
624176274 43865407
183133658 223233281
410874853 825024979
603841852 104174049
572653277 462733144
775601607 33178930
365737642 136528066
348684199 557965817
371721421 2369844
179193581 820565841
856625501 151510717
955364505 72385278
223476649 752681789
483808024 762478879
791791813 283180868
437594451 980501355
574379312 717274279
806955512 372914763
71543951 423258294
415752978 840634071
109088616 370452228
66752467 248705767
337533949 826886041
994394148 552493460
852839916 564258308
479910727 723742124
695943348 123843967
108609938 397345013
233612452 373744586
883760277 644049262
937587816 402148115
240180980 436770111
33709942 564465158
752235953 494239288
200565193 260406747
581740464 920857576
478475784 242831297
259346019 348735585
316094772 366713971
829339488 873565490
242846523 196424596
540531133 942594881
662772957 853296524
796208415 303264583
576273515 90263520
607316857 885640004
770738599 220659919
717126624 68453971
930583132 130518407
487522760 567647577
629794212 793632779
408470794 920550958
674451276 507611142
593070608 793270956
319588601 574810223
974018915 232346058
310360885 370023413
461136008 569154345
385931538 707008428
762816033 658084319
864457027 663241208
838937844 982409282
311102674 134682036
810950377 449263499
239582034 390330074
414725854 991365167
933193384 160963137
86526742 875229587
664183885 712147942
429769736 194907372
364920959 159678382
731423587 821429765
279355550 328849955
411719090 134102760
697402434 790081256
925546156 346031621
905163968 908950509
429276763 612179200
429795542 772419887
555886742 847457026
675612059 243326055
120155116 756931981
122085367 800426628
293921847 88168175
785684080 222750366
500160686 899212807
561969369 176440864
165513585 771287312
448693291 398181452
346511925 798644811
259484668 146737486
215430667 440557090
462189981 809376378
959975006 54182474
494183495 997071624
335742236 121891316
202537825 165017987
846577067 514636190
487865148 922629864
101777096 214956945
346474795 729873628
848484663 859983171
112774733 932906400
256084575 175018297
705562880 91346502
619677553 25038438
347493482 385042852
405799607 906319562
378750684 367819130
519245207 905170624
172633785 898096741
138936381 11528214
830574693 765352202
449439050 656532547
383238045 303087556
813235713 23285749
518317608 187599892
435621236 249520530
21571541 686121260
395027409 726293529
149986410 691545838
673729981 715085707
258834840 484234691
442765759 331144768
115931086 893786500
972958242 230983564
698831667 493203699
45082228 708019882
536034451 794749298
535008640 118925167
523466630 670853170
268286849 427427158
41426294 438001412
690334661 168874892
528403962 376448900
331050845 647720415
786589301 491679932
10039247 865746923
988786268 22615948
688830294 620334131
647908646 599900313
208783313 590813582
906002056 99975313
937858343 661715068
279932125 542293767
837677145 356862697
736607272 706311373
380704446 355368589
963027353 656758711
595151846 824475162
244799969 967256943
501403634 386360278
482674632 287468127
298631250 718401227
405335804 405323672
342891242 870935384
137998150 63889340
365727830 748521960
667902908 594983893
134162236 262356565
615516873 475027519
265810109 356469453
136798185 780663788
272392435 133408169
247698299 642190310
555948310 343161853
532233959 222893440
134150772 974574245
735237063 361141898
664568424 959086191
413211210 334096969
560182252 35324390
627128677 374238864
197858473 289294710
483154002 731995573
471903623 140661200
483209833 283900097
863242736 317967931
491424301 860521304
533475004 573618896
669649892 584120718
818679074 389535525
862657275 495493378
651516708 130652794
255373998 26631620
926266458 91033806
555762512 66087698
542008789 100161379
481669466 871328560
610012986 642417548
518334806 367423383
444402084 804204894
405356370 732398767
955163916 597629537
173310447 928077156
131751040 720181340
816074742 795161538
562616192 896660200
702857306 21653846
261939222 278530142
203583288 837393537
741286556 685476052
35631130 541562188
607439552 477865397
597330647 996827092
230503594 723053003
144616666 333736466
480528499 90422996
600500691 588748008
726095994 841657150
368145665 855467663
907713033 31961269
71016547 28279781
807650250 120354536
50759888 835396740
135094501 223581381
576490101 479915819
128871174 10886318
37469628 428110872
427557025 139928651
873068337 658251939
682674286 369625242
39468834 445842335
640834300 750588116
652330558 562914892
547822299 452083311
837356929 784761252
188204067 918290211
288342145 263651091
648956037 380530408
241291002 138474204
628763355 257518089
745064193 856781585
998401606 335293320
410772149 918518280
491930077 457544431
469184472 744054984
930171848 449460559
471958842 153956642
879465430 878063066
802681404 839185478
4023017 811578210
509161221 339748546
740882272 894156715
888571382 308179745
254318731 481994193
948711722 467480450
282454527 479450200
974635336 441527676
753139570 154188587
558578763 390665894
888201115 746511056
416134887 581069055
361868872 225673834
895725264 791956458
218541382 212196797
450980789 44191765
120664645 891247915
794917814 137866044
671114824 836010904
202814008 442595773
802014713 752501538
531056975 946023030
986600220 641579922
941340441 989574846
176550123 780063497
871399727 532179459
51108452 800812560
17132368 59567152
303183765 124218424
549343523 754638150
122210855 620116613
726988152 52411073
192791887 672913349
958562133 365340073
993870093 695173718
981904441 322448232
832040786 758756678
222487677 998261454
190937315 170220964
585962764 303633405
941505170 697732231
743625057 844277635
974859376 63053658
927326503 14195821
771878118 311653350
69148086 73527264
2335850 53163821
619841150 77841594
172790609 240954774
433611174 765663430
414626995 667216734
931737858 465700900
661061188 395673449
710802171 980367831
782813210 452723767
753405583 582217972
547873664 728626509
688335167 89156864
585746734 244279822
899516098 17814217
439877588 183732859
120047384 958584863
260583322 90690960
647454224 161031634
410521325 115977663
346406049 824563519
291404047 320119702
477295807 28474665
992254776 40174833
362277040 520992818
612085606 601875278
13298428 131102618
817343657 944628632
616280555 509044566
441494622 151084440
777774322 766834466
142406461 532621184
448016090 19999260
587591788 373592549
124487269 186293841
69300231 811955559
484334948 974507578
578002966 270581332
6792120 876928533
531667849 122907714
219478215 656047310
222051228 761863936
39371076 972359754
292246276 765583658
543599606 821328652
26917139 399185873
992442548 675486944
323661028 872784845
222302765 525964340
599883937 468046235
733921686 524474921
186600528 738860088
352167578 847386686
629652878 562788975
582354439 858384074
724880072 101483680
120681280 871204823
141134314 722905105
158664896 883099778
907988988 330162604
657039840 510073456
176885247 580739190
707825235 327359157
337798078 22543515
213807636 289930898
256865931 531117963
149632500 412229645
309483371 881135888
864848429 344078694
321341428 677012992
129249362 384691246
724854613 844334101
559591224 307165337
230021550 507988477
573460515 73753763
214850350 333060483
40305825 516699320
242982767 715161225
717017524 805345680
408560276 137347871
573252030 388339573
777787593 931877836
4309213 477710736
245739432 751068276
9849752 986809345
300502493 618447397
184123848 392292973
402512773 912407869
125934702 675304831
894182091 535983326
879195287 8581121
201362106 813286634
333681176 656638048
754937571 159510348
140230275 875749907
550395209 730892245
20675125 839509837
128745366 709855421
118393900 302473143
664234035 600113894
891248835 264639191
913543229 165266710
573233518 122272177
664911947 186187737
913872146 807384586
211494894 726791732
101422364 231513838
595776257 914995541
286391191 864290755
711654829 893986037
855610614 620557439
756211432 754065772
477107631 576611783
887027150 672230837
86817306 303688903
692723334 313431911
832986876 31785807
554277007 830388682
697929347 799356589
965527073 26700561
932772956 462923534
846700717 860391875
172486858 891955236
662309296 987109701
629002876 55883326
47003594 397505777
178014600 768305705
256096257 575053607
883750977 114106068
894031074 586377416
527335281 885931031
68402267 399924414
631414084 461847295
658624793 599143838
139624240 761850013
749065795 70501453
931536517 929266037
722828700 813364848
136556489 316332973
142672706 0
450020754 16065185
33279396 741990657
566695365 265454574
205690091 198090449
819553648 102152387
996439373 56711526
764095594 701322906
910410134 718186897
126759181 79208163
530733965 798522561
406319922 194114053
724641042 36662769
585844626 454233114
571050132 895295901
397380361 212177929
759842955 912777783
99962488 893045513
892562917 984732596
840230631 376407019
616796154 450947676
274737715 225758670
738758467 140071489
857108587 198190431
354506239 804822693
623556243 878579341
10387424 506726319
135164613 636373173
113873557 483176860
375039796 763794146
992398876 57086139
939637567 779627875
648661003 150436995
668337347 650997045
713319983 496798773
722698489 592664862
672781493 217504738
642094508 754299389
682783670 982400170
880509778 461912908
756005122 79477609
227286461 387952879
595781183 199432976
778339535 350618415
515392318 13107185
438491694 616342677
651595998 967578561
464660815 403193395
395509262 419438737
778342252 457943842
374258801 630842859
784283557 611004722
291863875 500432922
403269499 668752063
303168756 355178069
743722137 223607986
794157226 351837981
270796262 200218485
741194708 858440322
192014533 975377773
611445403 372947263
952486394 102300672
365186195 413048643
924456965 324811017
868308874 981955477
548599341 566145787
245728431 637309555
136596612 682252094
92017582 665275516
101523617 299670361
574027134 58166281
243088644 853098271
748064416 370509689
329395002 657566263
399117320 391481199
230987120 487067959
266891333 117324413
391686551 35591343
941147954 770616178
506454379 762587842
697585750 950876578
666583104 985210568
633187016 889844327
176622687 664744474
602189133 658846352
824637062 340184338
69582888 822143810
698212626 389293515
972853833 700993824
413735215 462129463
292093574 329562638
588141318 138843169
632275205 233749295
508932455 813272039
552345431 686872456
412700159 557282848
967665778 10020481
525921913 818514726
656453609 251414028
104854328 130596923
546113850 406960883
371904229 890650143
160735956 197142420
353921900 436783794
357960525 868148018
587147174 406981207
898969746 453506762
940446620 459580593
260389976 34878076
740974557 829424658
743921399 562456306
328879555 734147109
493523262 894520733
400832941 972027337
10821038 765277584
501290650 890204783
562399059 882809903
861567778 561976253
0 958807882
917394530 132272404
