#score,N 90909091 11
#score,N 90909091 11
11
0000000000000000000000000000000000000000000000000000000
1000000000000000000000000000000000000000000000000000000
1100000000000000000000000000000000000000000000000000000
1110000000000000000000000000000000000000000000000000000
1111000000000000000000000000000000000000000000000000000
1111100000000000000000000000000000000000000000000000000
1111110000000000000000000000000000000000000000000000000
1111111000000000000000000000000000000000000000000000000
1111111100000000000000000000000000000000000000000000000
1111111110000000000000000000000000000000000000000000000
1111111111000000000000000000000000000000000000000000000
1111111111100000000000000000000000000000000000000000000
1111111111110000000000000000000000000000000000000000000
1111111111111000000000000000000000000000000000000000000
1111111111111100000000000000000000000000000000000000000
1111111111111110000000000000000000000000000000000000000
1111111111111111000000000000000000000000000000000000000
1111111111111111100000000000000000000000000000000000000
1111111111111111110000000000000000000000000000000000000
1111111111111111111000000000000000000000000000000000000
1111111111111111111100000000000000000000000000000000000
1111111111111111111110000000000000000000000000000000000
1111111111111111111111000000000000000000000000000000000
1111111111111111111111100000000000000000000000000000000
1111111111111111111111110000000000000000000000000000000
1111111111111111111111111000000000000000000000000000000
1111111111111111111111111100000000000000000000000000000
1111111111111111111111111110000000000000000000000000000
1111111111111111111111111111000000000000000000000000000
1111111111111111111111111111100000000000000000000000000
1111111111111111111111111111110000000000000000000000000
1111111111111111111111111111111000000000000000000000000
1111111111111111111111111111111100000000000000000000000
1111111111111111111111111111111110000000000000000000000
1111111111111111111111111111111111000000000000000000000
1111111111111111111111111111111111100000000000000000000
1111111111111111111111111111111111110000000000000000000
1111111111111111111111111111111111111000000000000000000
1111111111111111111111111111111111111100000000000000000
1111111111111111111111111111111111111110000000000000000
1111111111111111111111111111111111111111000000000000000
1111111111111111111111111111111111111111100000000000000
1111111111111111111111111111111111111111110000000000000
1111111111111111111111111111111111111111111000000000000
1111111111111111111111111111111111111111111100000000000
1111111111111111111111111111111111111111111110000000000
1111111111111111111111111111111111111111111111000000000
1111111111111111111111111111111111111111111111100000000
1111111111111111111111111111111111111111111111110000000
48
#time: 0.187424898147583
42
#time: 0.187424898147583
37
#time: 0.187424898147583
25
#time: 0.187424898147583
3
#time: 0.187424898147583
36
#time: 0.187424898147583
16
#time: 0.187424898147583
11
#time: 0.187424898147583
30
#time: 0.187424898147583
6
#time: 0.187424898147583
32
#time: 0.187424898147583
4
#time: 0.187424898147583
37
#time: 0.187424898147583
20
#time: 0.187424898147583
17
#time: 0.187424898147583
9
#time: 0.187424898147583
7
#time: 0.187424898147583
46
#time: 0.187424898147583
3
#time: 0.187424898147583
6
#time: 0.187424898147583
40
#time: 0.187424898147583
18
#time: 0.187424898147583
31
#time: 0.187424898147583
25
#time: 0.187424898147583
34
#time: 0.187424898147583
34
#time: 0.187424898147583
2
#time: 0.187424898147583
35
#time: 0.187424898147583
25
#time: 0.187424898147583
4
#time: 0.187424898147583
30
#time: 0.187424898147583
19
#time: 0.187424898147583
6
#time: 0.187424898147583
1
#time: 0.187424898147583
34
#time: 0.187424898147583
18
#time: 0.187424898147583
34
#time: 0.187424898147583
34
#time: 0.187424898147583
5
#time: 0.187424898147583
47
#time: 0.187424898147583
39
#time: 0.187424898147583
43
#time: 0.187424898147583
43
#time: 0.187424898147583
4
#time: 0.187424898147583
8
#time: 0.187424898147583
18
#time: 0.187424898147583
14
#time: 0.187424898147583
6
#time: 0.187424898147583
32
#time: 0.187424898147583
17
#time: 0.187424898147583
44
#time: 0.187424898147583
29
#time: 0.187424898147583
5
#time: 0.187424898147583
39
#time: 0.187424898147583
16
#time: 0.187424898147583
24
#time: 0.187424898147583
28
#time: 0.187424898147583
35
#time: 0.187424898147583
46
#time: 0.187424898147583
20
#time: 0.187424898147583
17
#time: 0.187424898147583
19
#time: 0.187424898147583
31
#time: 0.187424898147583
38
#time: 0.187424898147583
12
#time: 0.187424898147583
31
#time: 0.187424898147583
11
#time: 0.187424898147583
3
#time: 0.187424898147583
14
#time: 0.187424898147583
34
#time: 0.187424898147583
13
#time: 0.20304584503173828
34
#time: 0.20304584503173828
41
#time: 0.20304584503173828
5
#time: 0.20304584503173828
45
#time: 0.20304584503173828
24
#time: 0.20304584503173828
3
#time: 0.20304584503173828
7
#time: 0.20304584503173828
35
#time: 0.20304584503173828
34
#time: 0.20304584503173828
36
#time: 0.20304584503173828
1
#time: 0.20304584503173828
21
#time: 0.20304584503173828
9
#time: 0.20304584503173828
32
#time: 0.20304584503173828
30
#time: 0.20304584503173828
16
#time: 0.20304584503173828
6
#time: 0.20304584503173828
14
#time: 0.20304584503173828
25
#time: 0.20304584503173828
23
#time: 0.20304584503173828
16
#time: 0.20304584503173828
21
#time: 0.20304584503173828
44
#time: 0.20304584503173828
28
#time: 0.20304584503173828
44
#time: 0.20304584503173828
27
#time: 0.20304584503173828
47
#time: 0.20304584503173828
12
#time: 0.20304584503173828
41
