13
1000000000000
1100000000000
1110000000000
1110000000000
1111100000000
1111110000000
1001111110000
1001111100000
1111111100000
1111111000000
1111111000000
0111111111000
0010011111100
1110000000000
1110000000000
1110000000000
1111000000000
1110000000000
1110100001000
1111100111000
1111111111000
1111111111000
1111001111000
1111001111000
1111111001100
1111111100000
0000100111000
0001111100100
0011111100111
0111111111110
1100111111110
0100110011100
0011110011100
0011111111110
0011111111100
0111110010000
0100000010000
0000000110000
0000000011000
0000000110000
0000011110000
0000011111100
0011111111100
0000111111111
0000111111100
0000001111100
0001001111111
0011111111111
0001111111111
0000001110010
0000001110000
0000001010000
