12
000110000000
110100000000
110100000000
100111000000
111111100000
111111110000
111111111100
111111100000
111111100000
011111000000
111111000000
001100000000
000000001000
000000001000
000000111100
000000011111
000001111111
000011111110
001111111100
001111111101
000011111111
000000111101
000000111001
000000111100
110000000000
110000000000
111000000000
110000000000
110010000000
111110100000
111111110000
111111100000
111110000000
111110000000
111111000000
111111111000
000000101111
000010110111
000011111111
000001111111
000001111111
000001111111
000011111111
000001111111
000001111111
000000011110
000000010110
000000000010
