11
00000011101
00000111111
00000011111
00000011111
00000111110
00000001110
00000001111
00000001111
00000011001
00000111101
00000100111
00000000110
00000110011
00000011111
00000111111
00001111111
00010111111
00011111111
00001000111
00001000011
00000001111
00000000010
01000000000
11100000000
10000000000
10000000000
11110000000
01110001100
01111110100
01110001111
11111100110
11111111111
11111111011
00000001111
00000011111
00000000010
00001111010
00001001111
00111111111
00011111111
00110011101
00100001101
00000000100
00000001100
