11
00000111101
00000001001
00000111101
00000011111
00000111100
01000001010
01110011110
00111011111
00010111110
00111110100
00010111111
00000000010
00000000010
00001000110
00001011111
01001011111
11101011111
11111111110
00010111111
11110111111
00001100011
00000100000
00000001011
00000101001
00000101111
00000110011
00000100111
00000111100
00011110111
00011111100
00001011110
00011010000
00110010000
00000000011
00000001010
00000011010
00000111111
00001101111
00000011111
00000010101
00000111011
00001101110
00001000011
00000000110
