q 9 0 0 0 1 0 2 1 0 1 1 1 2 2 0 2 1 2 2
q 9 0 3 0 4 0 5 1 3 1 4 1 5 2 3 2 4 2 5
q 9 0 6 0 7 0 8 1 6 1 7 1 8 2 6 2 7 2 8
q 9 0 9 0 10 0 11 1 9 1 10 1 11 2 9 2 10 2 11
q 3 0 12 1 12 2 12
q 9 3 0 3 1 3 2 4 0 4 1 4 2 5 0 5 1 5 2
q 9 3 3 3 4 3 5 4 3 4 4 4 5 5 3 5 4 5 5
q 9 3 6 3 7 3 8 4 6 4 7 4 8 5 6 5 7 5 8
q 9 3 9 3 10 3 11 4 9 4 10 4 11 5 9 5 10 5 11
q 3 3 12 4 12 5 12
q 9 6 0 6 1 6 2 7 0 7 1 7 2 8 0 8 1 8 2
q 9 6 3 6 4 6 5 7 3 7 4 7 5 8 3 8 4 8 5
q 9 6 6 6 7 6 8 7 6 7 7 7 8 8 6 8 7 8 8
q 9 6 9 6 10 6 11 7 9 7 10 7 11 8 9 8 10 8 11
q 3 6 12 7 12 8 12
q 9 9 0 9 1 9 2 10 0 10 1 10 2 11 0 11 1 11 2
q 9 9 3 9 4 9 5 10 3 10 4 10 5 11 3 11 4 11 5
q 9 9 6 9 7 9 8 10 6 10 7 10 8 11 6 11 7 11 8
q 9 9 9 9 10 9 11 10 9 10 10 10 11 11 9 11 10 11 11
q 3 9 12 10 12 11 12
q 3 12 0 12 1 12 2
q 3 12 3 12 4 12 5
q 3 12 6 12 7 12 8
q 3 12 9 12 10 12 11
q 1 0 6
q 1 9 10
q 1 1 7
q 1 10 9
q 1 0 7
q 1 10 11
q 1 2 6
q 1 11 10
q 1 0 8
q 1 11 11
q 1 2 8
q 1 9 11
q 1 1 6
q 1 10 10
q 1 1 3
q 1 11 9
q 1 1 8
q 1 2 4
q 1 9 9
q 1 3 7
q 1 2 7
q 1 3 9
q 1 0 3
q 1 3 11
q 1 0 4
q 1 4 6
q 1 3 12
q 1 4 8
q 1 0 5
q 1 4 10
q 1 1 4
q 1 4 12
q 1 1 5
q 1 5 7
q 1 2 3
q 1 5 9
q 1 2 5
q 1 5 11
q 1 3 6
q 1 6 12
q 1 3 8
q 1 8 12
q 1 9 6
q 1 3 10
q 1 4 7
q 1 9 12
q 1 5 6
q 1 10 7
q 1 4 9
q 1 10 6
q 1 4 11
q 1 11 6
q 1 5 8
q 1 11 12
q 1 5 10
q 1 11 7
q 1 5 12
q 1 9 7
q 1 7 12
q 1 10 8
q 1 9 8
q 1 1 9
q 1 10 12
q 1 11 8
q 1 12 3
q 1 2 10
q 1 3 3
q 1 3 4
q 1 12 4
q 1 3 5
q 1 0 11
q 1 4 3
q 1 0 9
q 1 5 5
q 1 0 10
q 1 4 5
a 52 0 7 1 5 1 6 1 7 1 8 2 8 2 9 3 6 3 7 3 10 4 6 4 7 4 8 4 9 4 10 4 11 5 6 5 11 6 11 10 6 10 7 10 8 11 5 11 6 12 5 0 3 1 1 1 2 1 3 2 3 3 3 4 12 5 12 6 12 7 5 7 10 7 11 7 12 8 5 8 6 8 12 9 3 9 4 9 5 9 6 9 11 9 12 10 10 10 11 10 12 11 10 11 11
