q 9 0 0 0 1 0 2 1 0 1 1 1 2 2 0 2 1 2 2
q 9 0 3 0 4 0 5 1 3 1 4 1 5 2 3 2 4 2 5
q 9 0 6 0 7 0 8 1 6 1 7 1 8 2 6 2 7 2 8
q 9 0 9 0 10 0 11 1 9 1 10 1 11 2 9 2 10 2 11
q 9 0 12 0 13 0 14 1 12 1 13 1 14 2 12 2 13 2 14
q 9 0 15 0 16 0 17 1 15 1 16 1 17 2 15 2 16 2 17
q 3 0 18 1 18 2 18
q 9 3 0 3 1 3 2 4 0 4 1 4 2 5 0 5 1 5 2
q 9 3 3 3 4 3 5 4 3 4 4 4 5 5 3 5 4 5 5
q 9 3 6 3 7 3 8 4 6 4 7 4 8 5 6 5 7 5 8
q 9 3 9 3 10 3 11 4 9 4 10 4 11 5 9 5 10 5 11
q 9 3 12 3 13 3 14 4 12 4 13 4 14 5 12 5 13 5 14
q 9 3 15 3 16 3 17 4 15 4 16 4 17 5 15 5 16 5 17
q 3 3 18 4 18 5 18
q 9 6 0 6 1 6 2 7 0 7 1 7 2 8 0 8 1 8 2
q 9 6 3 6 4 6 5 7 3 7 4 7 5 8 3 8 4 8 5
q 9 6 6 6 7 6 8 7 6 7 7 7 8 8 6 8 7 8 8
q 9 6 9 6 10 6 11 7 9 7 10 7 11 8 9 8 10 8 11
q 9 6 12 6 13 6 14 7 12 7 13 7 14 8 12 8 13 8 14
q 9 6 15 6 16 6 17 7 15 7 16 7 17 8 15 8 16 8 17
q 3 6 18 7 18 8 18
q 9 9 0 9 1 9 2 10 0 10 1 10 2 11 0 11 1 11 2
q 9 9 3 9 4 9 5 10 3 10 4 10 5 11 3 11 4 11 5
q 9 9 6 9 7 9 8 10 6 10 7 10 8 11 6 11 7 11 8
q 9 9 9 9 10 9 11 10 9 10 10 10 11 11 9 11 10 11 11
q 9 9 12 9 13 9 14 10 12 10 13 10 14 11 12 11 13 11 14
q 9 9 15 9 16 9 17 10 15 10 16 10 17 11 15 11 16 11 17
q 3 9 18 10 18 11 18
q 9 12 0 12 1 12 2 13 0 13 1 13 2 14 0 14 1 14 2
q 9 12 3 12 4 12 5 13 3 13 4 13 5 14 3 14 4 14 5
q 9 12 6 12 7 12 8 13 6 13 7 13 8 14 6 14 7 14 8
q 9 12 9 12 10 12 11 13 9 13 10 13 11 14 9 14 10 14 11
q 9 12 12 12 13 12 14 13 12 13 13 13 14 14 12 14 13 14 14
q 9 12 15 12 16 12 17 13 15 13 16 13 17 14 15 14 16 14 17
q 3 12 18 13 18 14 18
q 9 15 0 15 1 15 2 16 0 16 1 16 2 17 0 17 1 17 2
q 9 15 3 15 4 15 5 16 3 16 4 16 5 17 3 17 4 17 5
q 9 15 6 15 7 15 8 16 6 16 7 16 8 17 6 17 7 17 8
q 9 15 9 15 10 15 11 16 9 16 10 16 11 17 9 17 10 17 11
q 9 15 12 15 13 15 14 16 12 16 13 16 14 17 12 17 13 17 14
q 9 15 15 15 16 15 17 16 15 16 16 16 17 17 15 17 16 17 17
q 3 15 18 16 18 17 18
q 3 18 0 18 1 18 2
q 3 18 3 18 4 18 5
q 3 18 6 18 7 18 8
q 3 18 9 18 10 18 11
q 3 18 12 18 13 18 14
q 3 18 15 18 16 18 17
q 1 6 9
q 1 8 11
q 1 6 14
q 1 8 9
q 1 6 10
q 1 7 13
q 1 6 12
q 1 7 9
q 1 6 11
q 1 8 14
q 1 3 9
q 1 7 14
q 1 7 10
q 1 3 11
q 1 8 13
q 1 4 10
q 1 7 11
q 1 3 10
q 1 3 6
q 1 8 12
q 1 8 10
q 1 3 7
q 1 6 13
q 1 4 8
q 1 7 12
q 1 5 6
q 1 4 11
q 1 6 6
q 1 4 9
q 1 6 7
q 1 5 11
q 1 7 6
q 1 5 9
q 1 8 6
q 1 5 10
q 1 8 7
q 1 3 8
q 1 9 10
q 1 4 6
q 1 10 9
q 1 4 7
q 1 10 11
q 1 5 7
q 1 11 10
q 1 12 6
q 1 12 8
q 1 7 7
q 1 11 11
a 70 2 8 3 7 3 8 3 11 4 7 4 8 4 9 4 11 4 12 5 8 5 9 5 10 5 11 5 12 5 13 6 7 6 8 6 9 6 10 6 11 6 12 6 13 7 8 7 9 7 10 7 11 7 12 7 13 8 8 8 9 8 10 8 11 8 12 8 13 8 14 8 15 9 10 10 10 10 11 11 10 5 5 6 5 7 4 7 5 7 6 8 3 8 4 12 10 12 11 12 12 13 6 13 7 13 9 13 10 13 11 14 6 14 7 14 8 14 9 14 10 14 11 14 12 15 6 15 9 15 10 16 8 16 9 16 10 17 10 17 11
q 1 12 11
q 1 13 7
q 1 9 11
q 1 13 9
a 70 2 8 3 7 3 8 3 11 4 7 4 8 4 9 4 11 4 12 5 8 5 9 5 10 5 11 5 12 5 13 6 7 6 8 6 9 6 10 6 11 6 12 6 13 7 8 7 9 7 10 7 11 7 12 7 13 8 8 8 9 8 10 8 11 8 12 8 13 8 14 8 15 9 10 10 10 10 11 11 10 5 5 6 5 7 4 7 5 7 6 8 3 8 4 12 9 12 10 12 11 13 5 13 6 13 8 13 9 13 10 14 5 14 6 14 7 14 8 14 9 14 10 14 11 15 5 15 8 15 9 16 7 16 8 16 9 17 9 17 10
