q 43 0 2 0 3 0 4 1 4 2 2 2 3 2 4 2 5 3 2 3 3 3 4 3 5 3 6 3 7 4 2 4 5 4 6 4 7 5 1 5 2 5 3 5 4 5 5 5 6 5 7 5 8 6 1 6 2 6 4 6 5 6 6 6 7 6 8 6 9 7 1 7 5 7 6 7 8 7 9 8 4 8 5 8 6 9 5
q 43 0 4 0 5 0 6 1 6 2 4 2 5 2 6 2 7 3 4 3 5 3 6 3 7 3 8 3 9 4 4 4 7 4 8 4 9 5 3 5 4 5 5 5 6 5 7 5 8 5 9 5 10 6 3 6 4 6 6 6 7 6 8 6 9 6 10 6 11 7 3 7 7 7 8 7 10 7 11 8 6 8 7 8 8 9 7
q 43 0 6 0 7 0 8 1 8 2 6 2 7 2 8 2 9 3 6 3 7 3 8 3 9 3 10 3 11 4 6 4 9 4 10 4 11 5 5 5 6 5 7 5 8 5 9 5 10 5 11 5 12 6 5 6 6 6 8 6 9 6 10 6 11 6 12 6 13 7 5 7 9 7 10 7 12 7 13 8 8 8 9 8 10 9 9
q 43 2 2 2 3 2 4 3 4 4 2 4 3 4 4 4 5 5 2 5 3 5 4 5 5 5 6 5 7 6 2 6 5 6 6 6 7 7 1 7 2 7 3 7 4 7 5 7 6 7 7 7 8 8 1 8 2 8 4 8 5 8 6 8 7 8 8 8 9 9 1 9 5 9 6 9 8 9 9 10 4 10 5 10 6 11 5
q 43 2 4 2 5 2 6 3 6 4 4 4 5 4 6 4 7 5 4 5 5 5 6 5 7 5 8 5 9 6 4 6 7 6 8 6 9 7 3 7 4 7 5 7 6 7 7 7 8 7 9 7 10 8 3 8 4 8 6 8 7 8 8 8 9 8 10 8 11 9 3 9 7 9 8 9 10 9 11 10 6 10 7 10 8 11 7
q 43 2 6 2 7 2 8 3 8 4 6 4 7 4 8 4 9 5 6 5 7 5 8 5 9 5 10 5 11 6 6 6 9 6 10 6 11 7 5 7 6 7 7 7 8 7 9 7 10 7 11 7 12 8 5 8 6 8 8 8 9 8 10 8 11 8 12 8 13 9 5 9 9 9 10 9 12 9 13 10 8 10 9 10 10 11 9
q 43 4 2 4 3 4 4 5 4 6 2 6 3 6 4 6 5 7 2 7 3 7 4 7 5 7 6 7 7 8 2 8 5 8 6 8 7 9 1 9 2 9 3 9 4 9 5 9 6 9 7 9 8 10 1 10 2 10 4 10 5 10 6 10 7 10 8 10 9 11 1 11 5 11 6 11 8 11 9 12 4 12 5 12 6 13 5
q 43 4 4 4 5 4 6 5 6 6 4 6 5 6 6 6 7 7 4 7 5 7 6 7 7 7 8 7 9 8 4 8 7 8 8 8 9 9 3 9 4 9 5 9 6 9 7 9 8 9 9 9 10 10 3 10 4 10 6 10 7 10 8 10 9 10 10 10 11 11 3 11 7 11 8 11 10 11 11 12 6 12 7 12 8 13 7
q 43 4 6 4 7 4 8 5 8 6 6 6 7 6 8 6 9 7 6 7 7 7 8 7 9 7 10 7 11 8 6 8 9 8 10 8 11 9 5 9 6 9 7 9 8 9 9 9 10 9 11 9 12 10 5 10 6 10 8 10 9 10 10 10 11 10 12 10 13 11 5 11 9 11 10 11 12 11 13 12 8 12 9 12 10 13 9
q 25 0 4 1 4 2 4 2 5 2 6 3 1 3 2 3 3 3 4 3 5 3 6 3 7 3 8 4 3 4 4 4 5 4 7 5 2 5 3 5 4 5 5 5 6 6 4 6 5 7 4
q 25 0 6 1 6 2 6 2 7 2 8 3 3 3 4 3 5 3 6 3 7 3 8 3 9 3 10 4 5 4 6 4 7 4 9 5 4 5 5 5 6 5 7 5 8 6 6 6 7 7 6
q 25 0 8 1 8 2 8 2 9 2 10 3 5 3 6 3 7 3 8 3 9 3 10 3 11 3 12 4 7 4 8 4 9 4 11 5 6 5 7 5 8 5 9 5 10 6 8 6 9 7 8
q 25 0 10 1 10 2 10 2 11 2 12 3 7 3 8 3 9 3 10 3 11 3 12 3 13 3 14 4 9 4 10 4 11 4 13 5 8 5 9 5 10 5 11 5 12 6 10 6 11 7 10
q 25 2 4 3 4 4 4 4 5 4 6 5 1 5 2 5 3 5 4 5 5 5 6 5 7 5 8 6 3 6 4 6 5 6 7 7 2 7 3 7 4 7 5 7 6 8 4 8 5 9 4
q 25 2 6 3 6 4 6 4 7 4 8 5 3 5 4 5 5 5 6 5 7 5 8 5 9 5 10 6 5 6 6 6 7 6 9 7 4 7 5 7 6 7 7 7 8 8 6 8 7 9 6
q 25 2 8 3 8 4 8 4 9 4 10 5 5 5 6 5 7 5 8 5 9 5 10 5 11 5 12 6 7 6 8 6 9 6 11 7 6 7 7 7 8 7 9 7 10 8 8 8 9 9 8
q 25 2 10 3 10 4 10 4 11 4 12 5 7 5 8 5 9 5 10 5 11 5 12 5 13 5 14 6 9 6 10 6 11 6 13 7 8 7 9 7 10 7 11 7 12 8 10 8 11 9 10
q 25 4 4 5 4 6 4 6 5 6 6 7 1 7 2 7 3 7 4 7 5 7 6 7 7 7 8 8 3 8 4 8 5 8 7 9 2 9 3 9 4 9 5 9 6 10 4 10 5 11 4
q 25 4 6 5 6 6 6 6 7 6 8 7 3 7 4 7 5 7 6 7 7 7 8 7 9 7 10 8 5 8 6 8 7 8 9 9 4 9 5 9 6 9 7 9 8 10 6 10 7 11 6
q 25 4 8 5 8 6 8 6 9 6 10 7 5 7 6 7 7 7 8 7 9 7 10 7 11 7 12 8 7 8 8 8 9 8 11 9 6 9 7 9 8 9 9 9 10 10 8 10 9 11 8
q 25 4 10 5 10 6 10 6 11 6 12 7 7 7 8 7 9 7 10 7 11 7 12 7 13 7 14 8 9 8 10 8 11 8 13 9 8 9 9 9 10 9 11 9 12 10 10 10 11 11 10
q 25 6 4 7 4 8 4 8 5 8 6 9 1 9 2 9 3 9 4 9 5 9 6 9 7 9 8 10 3 10 4 10 5 10 7 11 2 11 3 11 4 11 5 11 6 12 4 12 5 13 4
q 25 6 6 7 6 8 6 8 7 8 8 9 3 9 4 9 5 9 6 9 7 9 8 9 9 9 10 10 5 10 6 10 7 10 9 11 4 11 5 11 6 11 7 11 8 12 6 12 7 13 6
q 25 6 8 7 8 8 8 8 9 8 10 9 5 9 6 9 7 9 8 9 9 9 10 9 11 9 12 10 7 10 8 10 9 10 11 11 6 11 7 11 8 11 9 11 10 12 8 12 9 13 8
q 25 6 10 7 10 8 10 8 11 8 12 9 7 9 8 9 9 9 10 9 11 9 12 9 13 9 14 10 9 10 10 10 11 10 13 11 8 11 9 11 10 11 11 11 12 12 10 12 11 13 10
q 43 3 5 3 6 3 7 4 7 5 5 5 6 5 7 5 8 6 5 6 6 6 7 6 8 6 9 6 10 7 5 7 8 7 9 7 10 8 4 8 5 8 6 8 7 8 8 8 9 8 10 8 11 9 4 9 5 9 7 9 8 9 9 9 10 9 11 9 12 10 4 10 8 10 9 10 11 10 12 11 7 11 8 11 9 12 8
q 43 3 6 3 7 3 8 4 8 5 6 5 7 5 8 5 9 6 6 6 7 6 8 6 9 6 10 6 11 7 6 7 9 7 10 7 11 8 5 8 6 8 7 8 8 8 9 8 10 8 11 8 12 9 5 9 6 9 8 9 9 9 10 9 11 9 12 9 13 10 5 10 9 10 10 10 12 10 13 11 8 11 9 11 10 12 9
q 43 3 7 3 8 3 9 4 9 5 7 5 8 5 9 5 10 6 7 6 8 6 9 6 10 6 11 6 12 7 7 7 10 7 11 7 12 8 6 8 7 8 8 8 9 8 10 8 11 8 12 8 13 9 6 9 7 9 9 9 10 9 11 9 12 9 13 9 14 10 6 10 10 10 11 10 13 10 14 11 9 11 10 11 11 12 10
q 43 4 5 4 6 4 7 5 7 6 5 6 6 6 7 6 8 7 5 7 6 7 7 7 8 7 9 7 10 8 5 8 8 8 9 8 10 9 4 9 5 9 6 9 7 9 8 9 9 9 10 9 11 10 4 10 5 10 7 10 8 10 9 10 10 10 11 10 12 11 4 11 8 11 9 11 11 11 12 12 7 12 8 12 9 13 8
q 43 4 7 4 8 4 9 5 9 6 7 6 8 6 9 6 10 7 7 7 8 7 9 7 10 7 11 7 12 8 7 8 10 8 11 8 12 9 6 9 7 9 8 9 9 9 10 9 11 9 12 9 13 10 6 10 7 10 9 10 10 10 11 10 12 10 13 10 14 11 6 11 10 11 11 11 13 11 14 12 9 12 10 12 11 13 10
q 43 5 5 5 6 5 7 6 7 7 5 7 6 7 7 7 8 8 5 8 6 8 7 8 8 8 9 8 10 9 5 9 8 9 9 9 10 10 4 10 5 10 6 10 7 10 8 10 9 10 10 10 11 11 4 11 5 11 7 11 8 11 9 11 10 11 11 11 12 12 4 12 8 12 9 12 11 12 12 13 7 13 8 13 9 14 8
q 43 5 6 5 7 5 8 6 8 7 6 7 7 7 8 7 9 8 6 8 7 8 8 8 9 8 10 8 11 9 6 9 9 9 10 9 11 10 5 10 6 10 7 10 8 10 9 10 10 10 11 10 12 11 5 11 6 11 8 11 9 11 10 11 11 11 12 11 13 12 5 12 9 12 10 12 12 12 13 13 8 13 9 13 10 14 9
q 43 5 7 5 8 5 9 6 9 7 7 7 8 7 9 7 10 8 7 8 8 8 9 8 10 8 11 8 12 9 7 9 10 9 11 9 12 10 6 10 7 10 8 10 9 10 10 10 11 10 12 10 13 11 6 11 7 11 9 11 10 11 11 11 12 11 13 11 14 12 6 12 10 12 11 12 13 12 14 13 9 13 10 13 11 14 10
q 43 1 3 1 4 1 5 2 5 3 3 3 4 3 5 3 6 4 3 4 4 4 5 4 6 4 7 4 8 5 3 5 6 5 7 5 8 6 2 6 3 6 4 6 5 6 6 6 7 6 8 6 9 7 2 7 3 7 5 7 6 7 7 7 8 7 9 7 10 8 2 8 6 8 7 8 9 8 10 9 5 9 6 9 7 10 6
q 43 1 4 1 5 1 6 2 6 3 4 3 5 3 6 3 7 4 4 4 5 4 6 4 7 4 8 4 9 5 4 5 7 5 8 5 9 6 3 6 4 6 5 6 6 6 7 6 8 6 9 6 10 7 3 7 4 7 6 7 7 7 8 7 9 7 10 7 11 8 3 8 7 8 8 8 10 8 11 9 6 9 7 9 8 10 7
q 43 1 5 1 6 1 7 2 7 3 5 3 6 3 7 3 8 4 5 4 6 4 7 4 8 4 9 4 10 5 5 5 8 5 9 5 10 6 4 6 5 6 6 6 7 6 8 6 9 6 10 6 11 7 4 7 5 7 7 7 8 7 9 7 10 7 11 7 12 8 4 8 8 8 9 8 11 8 12 9 7 9 8 9 9 10 8
q 43 2 3 2 4 2 5 3 5 4 3 4 4 4 5 4 6 5 3 5 4 5 5 5 6 5 7 5 8 6 3 6 6 6 7 6 8 7 2 7 3 7 4 7 5 7 6 7 7 7 8 7 9 8 2 8 3 8 5 8 6 8 7 8 8 8 9 8 10 9 2 9 6 9 7 9 9 9 10 10 5 10 6 10 7 11 6
q 43 2 5 2 6 2 7 3 7 4 5 4 6 4 7 4 8 5 5 5 6 5 7 5 8 5 9 5 10 6 5 6 8 6 9 6 10 7 4 7 5 7 6 7 7 7 8 7 9 7 10 7 11 8 4 8 5 8 7 8 8 8 9 8 10 8 11 8 12 9 4 9 8 9 9 9 11 9 12 10 7 10 8 10 9 11 8
q 43 3 3 3 4 3 5 4 5 5 3 5 4 5 5 5 6 6 3 6 4 6 5 6 6 6 7 6 8 7 3 7 6 7 7 7 8 8 2 8 3 8 4 8 5 8 6 8 7 8 8 8 9 9 2 9 3 9 5 9 6 9 7 9 8 9 9 9 10 10 2 10 6 10 7 10 9 10 10 11 5 11 6 11 7 12 6
q 43 3 4 3 5 3 6 4 6 5 4 5 5 5 6 5 7 6 4 6 5 6 6 6 7 6 8 6 9 7 4 7 7 7 8 7 9 8 3 8 4 8 5 8 6 8 7 8 8 8 9 8 10 9 3 9 4 9 6 9 7 9 8 9 9 9 10 9 11 10 3 10 7 10 8 10 10 10 11 11 6 11 7 11 8 12 7
q 43 1 6 1 7 1 8 2 8 3 6 3 7 3 8 3 9 4 6 4 7 4 8 4 9 4 10 4 11 5 6 5 9 5 10 5 11 6 5 6 6 6 7 6 8 6 9 6 10 6 11 6 12 7 5 7 6 7 8 7 9 7 10 7 11 7 12 7 13 8 5 8 9 8 10 8 12 8 13 9 8 9 9 9 10 10 9
q 43 1 7 1 8 1 9 2 9 3 7 3 8 3 9 3 10 4 7 4 8 4 9 4 10 4 11 4 12 5 7 5 10 5 11 5 12 6 6 6 7 6 8 6 9 6 10 6 11 6 12 6 13 7 6 7 7 7 9 7 10 7 11 7 12 7 13 7 14 8 6 8 10 8 11 8 13 8 14 9 9 9 10 9 11 10 10
q 43 2 7 2 8 2 9 3 9 4 7 4 8 4 9 4 10 5 7 5 8 5 9 5 10 5 11 5 12 6 7 6 10 6 11 6 12 7 6 7 7 7 8 7 9 7 10 7 11 7 12 7 13 8 6 8 7 8 9 8 10 8 11 8 12 8 13 8 14 9 6 9 10 9 11 9 13 9 14 10 9 10 10 10 11 11 10
q 25 1 5 2 5 3 5 3 6 3 7 4 2 4 3 4 4 4 5 4 6 4 7 4 8 4 9 5 4 5 5 5 6 5 8 6 3 6 4 6 5 6 6 6 7 7 5 7 6 8 5
q 25 1 6 2 6 3 6 3 7 3 8 4 3 4 4 4 5 4 6 4 7 4 8 4 9 4 10 5 5 5 6 5 7 5 9 6 4 6 5 6 6 6 7 6 8 7 6 7 7 8 6
q 25 1 7 2 7 3 7 3 8 3 9 4 4 4 5 4 6 4 7 4 8 4 9 4 10 4 11 5 6 5 7 5 8 5 10 6 5 6 6 6 7 6 8 6 9 7 7 7 8 8 7
q 25 2 5 3 5 4 5 4 6 4 7 5 2 5 3 5 4 5 5 5 6 5 7 5 8 5 9 6 4 6 5 6 6 6 8 7 3 7 4 7 5 7 6 7 7 8 5 8 6 9 5
q 25 2 7 3 7 4 7 4 8 4 9 5 4 5 5 5 6 5 7 5 8 5 9 5 10 5 11 6 6 6 7 6 8 6 10 7 5 7 6 7 7 7 8 7 9 8 7 8 8 9 7
q 25 3 5 4 5 5 5 5 6 5 7 6 2 6 3 6 4 6 5 6 6 6 7 6 8 6 9 7 4 7 5 7 6 7 8 8 3 8 4 8 5 8 6 8 7 9 5 9 6 10 5
q 25 3 6 4 6 5 6 5 7 5 8 6 3 6 4 6 5 6 6 6 7 6 8 6 9 6 10 7 5 7 6 7 7 7 9 8 4 8 5 8 6 8 7 8 8 9 6 9 7 10 6
q 25 3 7 4 7 5 7 5 8 5 9 6 4 6 5 6 6 6 7 6 8 6 9 6 10 6 11 7 6 7 7 7 8 7 10 8 5 8 6 8 7 8 8 8 9 9 7 9 8 10 7
q 25 3 8 4 8 5 8 5 9 5 10 6 5 6 6 6 7 6 8 6 9 6 10 6 11 6 12 7 7 7 8 7 9 7 11 8 6 8 7 8 8 8 9 8 10 9 8 9 9 10 8
q 25 3 9 4 9 5 9 5 10 5 11 6 6 6 7 6 8 6 9 6 10 6 11 6 12 6 13 7 8 7 9 7 10 7 12 8 7 8 8 8 9 8 10 8 11 9 9 9 10 10 9
q 25 4 7 5 7 6 7 6 8 6 9 7 4 7 5 7 6 7 7 7 8 7 9 7 10 7 11 8 6 8 7 8 8 8 10 9 5 9 6 9 7 9 8 9 9 10 7 10 8 11 7
q 25 4 9 5 9 6 9 6 10 6 11 7 6 7 7 7 8 7 9 7 10 7 11 7 12 7 13 8 8 8 9 8 10 8 12 9 7 9 8 9 9 9 10 9 11 10 9 10 10 11 9
q 25 5 7 6 7 7 7 7 8 7 9 8 4 8 5 8 6 8 7 8 8 8 9 8 10 8 11 9 6 9 7 9 8 9 10 10 5 10 6 10 7 10 8 10 9 11 7 11 8 12 7
q 25 5 8 6 8 7 8 7 9 7 10 8 5 8 6 8 7 8 8 8 9 8 10 8 11 8 12 9 7 9 8 9 9 9 11 10 6 10 7 10 8 10 9 10 10 11 8 11 9 12 8
q 25 5 9 6 9 7 9 7 10 7 11 8 6 8 7 8 8 8 9 8 10 8 11 8 12 8 13 9 8 9 9 9 10 9 12 10 7 10 8 10 9 10 10 10 11 11 9 11 10 12 9
q 25 4 5 5 5 6 5 6 6 6 7 7 2 7 3 7 4 7 5 7 6 7 7 7 8 7 9 8 4 8 5 8 6 8 8 9 3 9 4 9 5 9 6 9 7 10 5 10 6 11 5
q 25 5 5 6 5 7 5 7 6 7 7 8 2 8 3 8 4 8 5 8 6 8 7 8 8 8 9 9 4 9 5 9 6 9 8 10 3 10 4 10 5 10 6 10 7 11 5 11 6 12 5
q 25 5 6 6 6 7 6 7 7 7 8 8 3 8 4 8 5 8 6 8 7 8 8 8 9 8 10 9 5 9 6 9 7 9 9 10 4 10 5 10 6 10 7 10 8 11 6 11 7 12 6
a 59 4 7 4 8 4 9 5 9 6 7 6 8 6 9 6 10 7 7 7 8 7 9 7 10 7 11 7 12 8 7 8 10 8 11 8 12 9 6 9 7 9 8 9 9 9 10 9 11 9 12 9 13 10 6 10 7 10 9 10 10 10 11 10 12 10 13 10 14 11 6 11 10 11 11 11 13 11 14 12 9 12 10 12 11 13 10 2 6 3 6 4 6 5 3 5 4 5 5 5 6 5 7 5 8 5 10 6 5 6 6 7 4 7 5 7 6 8 6
