5 7 2 1000
13 7
10 6
44 61
35 29
14 14
26 41
10 16
75 63
8 4
8 5
38 18
105 73
6 8
127 112
66 63
181 326
102 84
248 223
16 17
19 17
32 22
4 3
105 97
59 37
255 230
115 101
24 23
14 21
5 5
128 117
18 12
104 125
13 11
9 7
10 19
41 49
9 9
6 5
247 254
22 19
24 35
16 16
10 7
55 114
6 8
112 80
40 58
28 42
255 346
11 10
233 212
63 31
105 92
11 9
53 43
6 8
13 7
75 126
6 6
8 6
12 5
158 113
60 38
24 24
186 266
63 45
10 7
186 224
68 75
126 109
6 4
13 19
221 338
225 155
228 312
37 62
23 37
37 29
119 54
16 14
63 151
36 45
43 55
238 145
174 163
4 6
7 9
219 197
5 10
9 11
78 118
51 73
14 6
66 105
192 267
27 43
59 33
63 110
9 9
19 23
203 93
27 35
9 11
5 9
23 21
5 7
30 37
10 14
119 116
59 64
66 43
15 9
50 76
137 179
10 10
69 116
36 23
47 37
198 312
17 19
22 20
28 25
15 20
10 20
32 39
14 15
8 5
116 139
21 12
115 151
8 5
63 63
102 96
49 61
37 56
7 8
5 2
15 15
88 112
121 111
46 37
5 6
194 198
82 64
69 103
72 66
52 33
17 24
5 3
19 23
92 102
51 50
28 18
66 62
76 84
10 17
48 46
4 3
4 5
57 43
129 131
158 121
128 118
13 15
45 39
43 24
36 84
224 263
11 9
91 68
155 243
17 14
43 87
9 11
31 26
10 18
8 5
37 33
6 6
52 77
51 59
23 12
22 18
10 8
90 70
41 44
210 148
62 43
17 24
5 6
23 26
54 55
105 128
9 15
53 94
5 3
14 10
23 22
27 23
85 61
30 56
140 96
17 21
7 8
195 213
18 25
16 14
53 48
199 102
103 68
4 7
46 27
65 70
7 7
133 136
76 101
111 85
175 291
52 71
63 69
146 199
30 41
38 43
12 9
32 35
110 63
10 7
130 114
95 90
223 244
99 67
7 3
193 300
76 77
8 6
11 12
173 140
191 156
9 10
10 8
5 4
138 118
22 52
5 6
84 62
138 223
165 116
4 5
239 226
76 71
5 3
96 77
8 9
32 23
73 57
225 168
74 61
12 12
238 267
5 2
156 247
109 277
65 100
15 20
7 7
28 35
15 10
7 6
9 10
6 9
61 96
96 105
157 234
11 18
41 59
101 87
129 116
15 13
71 71
90 112
217 244
111 153
5 13
247 195
43 51
116 120
139 63
101 147
10 10
37 54
12 7
136 102
27 18
109 116
224 166
151 253
126 141
82 52
128 112
68 47
187 97
15 17
19 19
23 21
43 127
67 104
4 6
196 143
189 192
126 158
19 10
35 20
18 31
24 14
8 11
15 11
15 18
120 203
120 108
4 3
209 100
12 19
7 9
29 26
164 186
100 161
90 82
62 60
177 279
54 59
4 6
4 4
53 38
18 14
41 20
20 19
15 19
11 9
214 264
62 65
54 40
161 267
47 45
5 7
104 94
36 16
58 93
83 88
204 287
67 64
46 38
11 10
36 34
32 21
6 12
19 28
7 8
20 15
6 6
99 191
152 109
8 6
37 25
8 7
182 117
178 401
32 25
82 119
145 263
6 11
18 18
7 4
175 168
55 94
16 16
11 10
25 20
256 158
18 21
9 9
12 9
141 217
6 5
12 16
230 185
24 23
213 251
93 116
29 35
85 86
28 13
130 132
149 183
54 63
25 20
20 32
252 265
15 17
201 215
33 27
118 137
149 147
73 68
62 38
7 4
15 25
4 5
80 123
6 7
90 214
133 72
46 46
24 25
185 108
42 55
12 16
8 8
26 34
54 35
6 5
111 168
5 8
19 27
39 74
35 34
125 119
223 134
4 6
4 3
14 18
43 47
40 52
15 12
35 42
88 86
152 176
5 4
40 53
6 6
50 30
140 198
46 70
84 135
17 11
16 14
6 7
18 33
28 40
83 93
56 48
66 50
74 51
16 13
32 27
126 88
7 6
51 63
252 639
58 26
10 7
213 188
90 86
80 103
11 11
26 26
18 22
15 26
11 15
77 86
32 16
4 4
10 9
119 118
209 212
124 92
168 156
57 53
80 112
162 168
246 253
5 4
235 210
95 153
8 6
171 193
212 234
23 24
34 27
22 16
7 7
8 7
54 52
5 6
5 3
49 53
116 172
178 313
71 78
38 50
6 8
66 28
21 25
11 10
37 66
7 4
30 20
23 34
4 7
105 80
58 76
225 273
27 34
11 17
4 3
49 77
10 12
8 9
55 59
113 113
61 48
16 24
7 5
245 218
4 3
95 125
126 102
4 8
74 49
8 7
51 46
9 11
6 6
30 19
133 86
57 84
7 7
14 16
12 11
11 16
6 13
31 46
31 43
9 9
21 27
5 4
83 73
6 4
12 5
15 20
4 4
8 7
25 18
31 38
11 12
9 5
29 65
57 71
14 12
35 53
20 31
93 48
6 5
104 146
130 91
42 36
6 6
10 15
47 70
15 16
16 26
124 78
6 7
9 9
185 414
186 289
198 110
6 5
81 112
27 35
36 48
14 17
7 8
32 31
12 9
46 40
14 11
33 33
16 15
44 50
9 5
43 41
13 18
27 31
70 82
9 9
39 47
167 206
4 2
38 34
28 29
70 83
47 68
89 45
195 214
31 26
5 6
117 111
5 4
210 245
172 201
62 71
39 44
33 51
6 9
77 82
7 6
145 185
41 38
33 26
7 6
96 113
7 7
7 6
203 144
43 71
219 300
5 4
98 86
13 14
13 8
126 92
87 117
113 58
114 78
101 236
35 46
60 74
28 30
98 71
5 4
48 37
75 87
17 17
167 177
50 43
86 57
94 134
9 14
19 20
26 32
232 240
42 29
19 18
66 87
97 93
225 495
214 259
72 37
6 5
16 17
212 199
76 79
21 19
7 7
94 65
216 224
13 8
12 13
26 32
28 42
8 8
113 70
220 135
17 10
23 20
16 11
146 152
145 161
26 29
32 38
116 180
34 31
24 44
193 112
6 5
36 37
95 95
227 202
15 23
13 12
112 132
45 68
11 6
77 78
5 7
10 10
21 42
40 42
145 91
59 72
7 10
12 11
64 54
24 19
4 4
13 18
203 100
169 143
45 31
8 7
34 51
9 12
23 14
6 7
13 11
30 42
56 52
250 330
94 75
35 39
236 168
25 36
58 53
22 15
66 75
128 105
7 5
160 289
190 219
44 59
14 15
16 11
42 61
67 104
33 32
61 93
147 133
20 16
42 26
58 71
68 68
46 62
5 5
6 10
12 18
6 4
35 53
65 73
144 157
9 9
11 8
28 57
20 20
34 23
120 91
10 19
156 162
6 4
62 33
104 116
23 17
114 141
32 39
6 4
5 5
147 78
6 6
6 5
10 7
28 36
15 11
13 16
34 49
5 8
34 38
15 7
12 22
79 128
11 10
4 5
131 104
110 99
33 27
4 4
9 9
7 4
9 13
11 6
189 137
14 12
6 5
150 135
65 77
30 22
21 34
74 77
89 64
47 34
133 206
6 7
32 43
8 5
69 64
14 13
71 62
6 4
13 10
133 138
41 29
67 48
169 189
11 8
64 53
9 8
13 8
67 52
191 319
5 3
12 14
132 120
22 25
23 21
111 158
164 180
9 9
184 228
67 56
11 9
76 73
75 101
5 3
9 8
33 57
54 43
7 4
58 52
143 122
180 119
9 3
92 73
34 30
18 17
4 4
6 4
4 6
112 209
50 35
110 57
192 174
27 34
9 7
84 161
227 337
38 29
5 7
14 6
65 50
183 181
29 22
26 16
5 6
95 139
54 36
80 62
13 24
222 192
6 6
142 234
74 64
26 15
205 166
8 7
9 12
10 10
45 61
194 212
32 34
55 49
188 130
10 24
190 145
11 9
128 69
7 6
14 13
142 219
5 3
7 10
21 14
13 16
166 154
25 18
22 13
5 4
229 234
56 98
31 50
11 12
165 146
18 19
220 186
27 31
64 43
43 49
13 17
49 57
140 118
9 9
19 19
172 158
154 144
90 103
21 13
10 8
55 61
172 155
75 59
9 7
14 17
7 6
63 47
54 42
232 228
44 42
5 5
83 59
47 78
8 9
25 36
53 52
13 8
8 12
33 42
32 20
24 28
47 64
6 8
67 108
8 8
133 105
8 7
7 7
10 6
58 68
30 44
27 23
59 64
52 36
4 5
34 45
226 137
9 10
10 13
18 21
29 43
12 12
8 15
8 14
211 443
162 268
66 39
98 52
147 126
90 86
24 20
56 62
35 31
17 19
70 58
183 114
6 8
236 244
151 210
136 205
22 20
39 24
5 5
17 29
249 184
5 6
25 34
8 3
140 107
20 14
65 42
108 278
7 6
13 10
143 83
162 113
31 42
222 166
90 103
10 14
135 118
132 79
108 144
11 7
12 11
21 11
31 34
31 36
21 20
25 11
139 124
7 8
182 182
7 4
95 59
60 44
140 107
159 128
7 8
50 56
33 35
50 67
4 4
5 3
130 121
32 24
7 12
26 27
90 79
15 15
66 65
32 26
9 9
16 24
15 22
40 37
175 183
32 49
71 64
17 18
8 10
5 6
43 42
151 115
10 6
5 6
40 45
98 148
136 120
32 35
4 3
171 234
5 7
130 129
16 14
16 14
174 269
196 229
151 385
26 23
52 82
9 12
5 5
6 5
31 27
5 8
138 176
36 22
238 174
98 190
127 147
86 169
23 23
35 27
14 14
154 292
11 12
125 150
167 178
33 30
10 14
30 59
20 22
18 30
59 60
17 18
11 13
17 17
14 12
13 10
208 182
165 160
48 45
69 138
6 8
42 56
6 4
10 16
4 3
17 11
6 5
13 15
11 10
59 105
58 72
15 29
17 21
6 11
171 310
61 89
5 6
29 33
13 15
15 11
232 163
6 2
33 73
5 5
64 95
27 31
207 391
182 149
9 8
246 168
4 5
51 49
104 100
116 106
99 72
27 23
7 5
43 37
112 108
82 76
19 11
68 74
51 26
214 374
26 19
51 46
12 17
176 204
44 35
7 8
52 37
9 5
10 15
13 11
7 6
8 6
235 323
12 16
12 9
13 22
4 4
6 4
33 25
26 25
157 111
203 385
20 26
9 10
14 13
166 105
222 202
6 5
6 3
15 11
29 55
187 148
4 2
184 236
229 343
92 70
22 26
31 58
31 22
5 5
28 34
27 38
82 104
156 192
66 86
150 164
20 22
254 266
8 3
4 5
45 88
154 195
4 4
17 13
74 43
5 4
135 152
13 13
131 162
167 114
32 30
34 30
190 127
47 35
153 293
57 76
41 26
17 20
41 29
18 19
69 83
6 5
12 12
21 26
13 8
82 75
192 206
148 287
29 17
11 13
4 6
38 26
8 13
53 40
5 5
191 135
23 21
7 5
29 33
95 65
50 68
82 52
44 30
34 19
10 15
79 50
6 7
9 11
10 14
49 32
118 117
100 108
40 46
204 187
39 58
9 9
69 95
5 4
225 320
7 4
245 256
112 47
13 15
6 3
152 175
6 8
8 6
219 339
106 47
7 6
195 560
7 4
8 8
29 33
62 55
61 41
11 14
11 12
18 19
40 35
8 6
38 34
14 15
15 18
177 199
204 431
89 79
25 18
89 63
7 6
29 41
69 89
25 25
8 5
109 226
124 140
10 8
10 10
43 34
110 187
29 34
33 37
25 26
17 23
11 12
13 11
6 8
10 9
6 16
47 56
12 7
7 7
5 6
68 69
5 6
7 6
7 9
111 99
40 42
56 115
11 8
231 276
173 124
6 5
7 12
5 6
6 7
86 112
18 29
39 43
17 20
202 207
15 14
73 87
28 24
225 304
240 654
20 23
115 135
12 17
30 69
26 18
36 35
16 20
86 113
67 145
61 93
124 134
25 15
15 9
57 71
19 13
93 75
142 88
37 29
22 31
20 25
9 7
4 3
109 91
136 115
16 22
5 2
17 26
33 31
200 243
154 208
112 88
15 13
5 10
46 37
7 9
30 42
74 69
197 240
12 17
14 18
228 164
7 10
56 55
6 3
23 13
11 6
4 7
5 3
220 187
14 12
33 22
26 21
39 60
129 114
15 9
130 146
7 5
10 11
140 122
77 112
88 49
149 116
8 7
67 38
6 7
75 104
205 308
32 34
4 7
5 3
11 8
10 5
119 260
8 5
32 26
10 15
16 9
64 41
74 57
6 10
13 14
13 12
4 2
6 10
6 4
17 10
17 28
169 307
26 50
9 9
9 10
4 6
80 73
24 38
5 4
23 23
15 20
34 16
4 5
88 70
244 316
31 11
7 5
14 16
10 6
44 41
182 307
115 140
45 37
5 5
54 68
34 66
37 43
7 4
16 18
6 7
6 6
41 45
18 14
22 26
52 39
130 104
22 25
17 16
7 4
45 33
40 72
10 9
38 30
99 88
251 321
12 16
158 138
32 16
57 67
12 12
101 99
33 48
108 45
5 9
34 31
136 112
47 52
29 19
146 123
227 333
50 37
4 4
33 47
52 36
184 141
7 14
35 33
104 128
54 45
6 5
82 35
159 188
9 14
64 54
5 4
21 41
226 274
5 5
201 234
8 11
10 11
169 110
43 50
107 148
63 78
130 170
6 6
10 9
12 11
22 43
226 212
27 27
6 2
6 3
11 17
23 26
41 38
5 4
23 23
175 119
5 5
14 14
131 75
46 47
96 169
37 47
123 80
74 78
104 136
181 191
4 2
122 65
17 18
12 12
9 11
6 6
7 6
4 6
21 29
12 13
19 17
155 123
92 86
31 26
53 41
215 234
81 123
9 18
8 7
46 52
5 4
12 14
4 6
125 95
26 20
4 8
9 5
125 131
11 12
13 14
11 12
41 59
36 58
20 19
40 28
235 301
141 104
54 50
91 69
30 27
78 112
162 149
64 49
12 13
12 17
61 75
60 66
52 65
30 36
27 48
12 8
209 204
125 167
176 196
97 110
5 5
122 64
71 95
6 5
136 84
7 4
35 42
72 121
36 23
160 102
29 60
5 5
5 6
52 76
44 53
52 34
86 73
68 63
21 13
87 67
184 245
19 20
134 179
98 74
10 18
55 70
23 27
18 21
7 12
43 56
186 152
210 210
5 4
37 48
60 65
42 36
33 28
16 8
9 6
15 17
13 16
172 118
7 5
28 25
27 34
8 9
85 54
57 51
150 258
56 56
63 103
25 23
18 25
31 26
87 119
180 197
76 50
21 16
227 259
24 30
171 124
5 9
58 78
12 13
49 57
42 29
13 10
5 5
145 138
90 111
4 6
210 221
128 114
169 263
48 80
31 32
40 39
15 15
48 56
25 20
74 69
6 4
10 9
142 186
109 106
243 198
42 28
226 233
55 65
47 52
39 43
213 119
8 5
4 3
78 37
122 91
6 11
13 9
187 215
94 87
46 17
59 47
178 72
19 11
19 27
80 90
8 10
192 170
121 199
11 6
181 118
23 13
24 60
244 335
17 22
226 144
239 215
42 64
67 81
126 146
111 80
6 8
178 157
5 4
57 53
8 11
10 11
93 110
10 13
248 306
7 10
63 153
192 308
28 34
31 50
8 5
49 47
199 261
17 23
140 125
26 32
10 17
6 5
247 293
30 24
31 25
53 99
8 6
145 206
222 244
177 83
7 10
132 182
47 39
7 11
13 19
80 83
242 206
24 27
234 162
114 93
10 5
8 13
52 66
86 103
112 121
8 7
6 6
16 13
5 3
60 84
77 45
83 102
47 39
7 5
81 80
188 177
37 24
21 10
13 17
41 19
10 10
138 187
17 9
10 8
18 21
19 19
6 5
21 7
29 26
22 30
51 48
11 13
25 19
116 89
23 50
5 4
174 343
33 30
29 40
34 31
18 14
53 43
18 20
240 264
164 181
10 13
10 15
38 44
10 7
7 7
19 20
4 7
8 6
49 31
17 11
16 9
35 25
4 2
56 47
11 6
16 11
74 93
7 8
4 5
180 130
6 5
198 214
7 10
12 10
8 14
6 3
13 9
9 6
54 57
31 20
193 109
22 30
118 179
28 39
126 84
5 6
85 69
144 97
58 71
82 83
28 20
81 59
136 99
98 109
14 8
36 32
28 37
39 51
4 5
130 209
77 84
64 110
133 106
236 382
21 40
7 5
127 221
13 14
215 284
46 77
12 14
10 8
170 145
51 55
12 15
7 9
5 5
9 9
32 33
8 4
5 4
50 71
248 226
7 7
26 24
51 38
37 43
37 27
31 38
5 5
13 23
115 106
24 22
35 27
6 5
185 164
9 14
107 121
9 10
4 6
24 15
81 92
93 117
100 128
15 18
11 9
9 6
37 34
111 110
122 109
7 9
8 9
180 81
84 65
169 159
29 17
18 22
31 27
117 91
54 35
179 284
144 119
41 71
14 12
115 127
125 310
51 96
78 90
23 15
5 5
7 7
5 6
217 101
84 78
17 14
47 44
163 150
138 122
50 42
48 38
81 118
83 107
12 19
24 26
16 12
8 8
12 21
112 94
39 42
4 4
235 154
172 237
62 67
128 143
31 31
53 41
12 12
55 64
11 7
6 7
28 15
62 56
30 44
110 111
27 28
50 106
28 28
50 34
10 11
23 14
4 10
56 64
208 194
5 9
24 38
47 28
61 72
4 3
14 14
21 19
73 52
13 8
14 9
69 91
89 84
43 38
11 14
29 19
16 13
36 27
17 13
6 7
200 183
28 30
42 62
104 105
161 131
40 38
25 22
24 25
59 89
8 14
223 286
48 42
25 21
78 59
124 221
27 40
32 19
16 19
15 16
4 4
251 268
5 5
20 18
86 104
11 16
143 120
15 14
7 10
51 69
4 7
62 76
179 122
107 146
132 160
6 10
37 57
21 36
187 147
7 5
83 102
6 7
172 117
44 43
32 26
11 13
176 184
130 111
53 47
57 45
13 9
9 19
87 88
43 31
71 151
173 143
73 110
24 31
17 15
28 26
5 5
95 133
204 187
45 29
17 16
21 12
227 311
15 15
5 5
13 9
16 12
11 5
8 8
145 113
239 205
24 25
11 11
4 4
25 38
95 103
8 10
21 18
16 18
14 20
29 21
34 27
6 6
63 87
10 16
25 20
30 45
154 125
64 78
17 20
6 7
5 9
58 41
4 6
7 11
27 38
15 24
31 30
6 6
22 15
33 29
28 13
246 404
4 4
12 11
127 222
26 23
221 344
9 9
8 8
35 42
31 18
6 10
184 306
21 19
21 21
47 31
28 20
120 157
7 7
6 7
9 11
35 40
5 4
16 9
45 34
12 24
13 18
98 106
18 39
12 8
35 25
5 4
14 21
9 8
48 49
43 42
91 129
6 7
211 334
223 177
108 116
41 34
65 60
23 34
47 70
5 7
229 418
24 23
16 25
114 117
43 32
129 167
11 9
9 9
219 171
36 49
16 19
55 36
16 15
18 28
133 116
129 160
74 74
4 7
94 102
58 44
50 43
48 49
7 6
35 16
21 28
191 118
41 29
11 9
13 9
6 7
7 14
34 62
6 8
40 47
8 6
21 25
46 56
25 15
15 17
7 9
130 188
116 113
71 84
114 210
33 26
194 170
42 54
19 11
241 212
6 9
33 25
226 167
5 7
97 68
40 52
16 10
22 34
115 134
231 248
9 11
201 358
4 4
232 125
92 73
169 124
166 172
5 8
25 20
43 59
32 40
83 48
30 27
130 148
16 17
7 4
18 13
156 163
47 48
143 195
18 16
70 77
39 42
7 5
22 21
10 11
138 145
7 10
9 10
217 232
95 128
29 16
16 15
74 46
10 5
12 7
35 38
158 210
8 10
29 28
92 44
106 53
5 4
34 39
144 197
135 130
13 9
4 4
23 35
150 309
120 126
8 8
240 242
122 131
7 13
14 18
70 88
5 6
216 246
233 267
25 21
28 17
26 15
17 24
9 10
250 175
10 15
47 48
38 59
12 15
6 7
7 12
4 3
26 25
6 4
109 107
13 13
199 163
123 116
21 34
34 46
6 10
6 5
9 4
8 5
20 20
25 31
19 25
72 105
239 184
13 9
16 15
33 96
103 80
176 364
36 40
5 6
58 46
65 57
243 220
8 6
49 45
17 13
22 40
113 167
45 67
11 12
204 257
7 5
188 267
97 64
202 160
8 9
48 31
10 12
98 71
49 50
164 184
19 30
110 82
6 6
9 10
6 7
168 143
12 12
10 10
29 39
14 14
35 46
243 246
185 187
33 31
192 295
72 77
8 9
8 11
9 8
15 15
148 151
29 34
31 31
242 253
15 8
166 145
130 69
45 90
80 137
29 42
27 23
100 151
13 13
9 8
100 83
130 163
223 246
28 40
6 10
23 25
11 9
189 119
6 5
8 14
27 19
6 12
16 15
120 122
121 102
9 10
145 126
69 81
101 113
7 9
165 141
5 6
189 122
234 321
12 19
18 22
67 51
7 17
98 101
97 78
13 9
161 88
34 24
44 44
5 4
13 22
148 142
25 23
98 94
50 28
23 18
4 5
36 48
29 33
5 5
199 207
7 8
131 83
7 11
157 144
16 11
136 109
25 22
5 4
66 84
9 7
72 93
79 72
5 4
10 13
132 235
5 5
11 11
6 3
26 18
4 4
195 152
5 4
33 20
21 17
13 10
43 34
31 34
210 186
16 32
10 18
9 5
62 44
23 18
47 52
10 11
63 64
27 28
10 8
6 7
24 26
219 327
13 20
222 180
95 123
56 49
12 19
57 60
10 9
6 6
184 177
5 8
31 37
35 51
109 84
12 16
47 49
82 75
13 16
46 77
10 7
10 12
252 300
118 193
5 5
9 8
161 187
104 79
6 6
42 24
9 17
8 7
58 50
5 5
5 5
89 140
13 14
18 37
62 68
212 233
21 11
85 60
8 13
7 11
17 27
49 65
252 321
64 38
116 103
225 232
12 6
69 100
4 4
4 3
4 3
217 210
12 23
5 7
26 14
15 9
6 2
5 4
11 9
9 12
225 371
230 196
218 177
116 87
61 40
14 6
44 45
4 3
8 11
4 3
79 82
128 149
23 31
5 6
7 10
120 170
5 3
88 97
12 25
256 287
52 53
9 4
191 187
17 20
235 210
39 31
63 50
15 19
219 206
34 29
19 12
40 48
43 20
5 7
72 76
105 185
13 15
111 193
239 357
36 21
26 38
6 2
8 12
100 141
22 29
186 140
155 89
57 118
10 18
73 67
99 89
173 218
48 47
49 45
7 5
88 133
43 43
36 35
86 79
9 5
18 9
24 28
9 10
12 12
5 4
44 42
21 28
113 107
193 184
79 54
8 10
104 116
79 91
13 16
15 18
28 20
5 6
4 2
21 25
132 111
10 18
14 11
211 322
228 264
214 222
50 38
12 7
105 120
126 124
176 219
92 122
37 42
7 9
5 6
64 71
135 117
129 136
14 23
149 160
19 10
14 11
189 228
23 13
11 8
7 6
122 148
29 42
14 18
27 27
15 21
8 4
5 6
100 87
100 114
6 4
244 209
4 4
8 8
38 24
9 8
182 219
61 52
79 74
124 195
32 26
16 5
27 25
49 27
153 201
59 53
31 37
5 6
8 6
48 64
17 15
252 327
70 81
55 59
11 13
151 224
46 41
13 28
94 89
20 17
41 55
16 14
35 38
11 7
61 80
58 40
133 97
218 312
22 28
63 85
134 69
13 8
241 110
163 147
9 6
9 6
17 14
25 32
7 9
40 33
14 11
110 175
103 85
41 40
92 110
151 93
17 24
5 3
49 45
31 28
20 14
24 17
7 11
23 9
8 8
186 180
41 47
23 28
52 85
9 12
47 41
150 160
7 4
26 33
34 57
16 14
42 28
52 48
217 228
244 207
9 13
5 5
14 16
214 231
182 138
21 23
15 14
66 44
20 17
12 17
7 9
14 13
146 172
31 34
35 21
192 424
88 47
99 73
8 5
31 49
196 200
8 18
117 93
6 14
92 113
124 66
31 16
74 58
19 27
10 11
4 4
11 9
5 4
12 9
17 11
14 13
7 6
46 56
10 13
44 49
22 18
18 23
22 15
18 24
4 7
15 9
5 4
26 12
90 72
29 44
196 187
19 14
14 13
41 50
8 7
13 16
5 4
75 82
8 5
51 47
6 7
26 26
14 15
93 49
27 20
103 171
11 11
83 48
176 249
247 225
109 126
14 8
81 56
11 15
25 29
70 35
38 42
59 58
195 206
5 4
210 161
248 244
60 54
107 185
21 32
195 158
116 198
28 28
69 86
95 118
115 119
12 12
5 4
7 10
28 19
4 7
39 33
14 17
52 26
13 18
61 61
10 8
109 94
117 133
26 31
6 6
200 101
15 8
205 120
8 9
124 137
52 33
7 9
20 24
68 125
230 219
6 8
232 277
20 17
94 76
84 89
77 64
52 41
21 22
132 126
8 6
11 14
65 47
231 182
12 14
193 197
4 4
23 44
66 55
18 18
159 138
90 96
234 467
29 28
14 7
9 6
34 33
190 285
17 18
149 103
173 141
67 61
124 125
223 270
67 47
44 42
6 5
26 24
93 104
11 10
14 14
46 107
15 33
73 64
77 47
75 56
184 148
15 14
6 7
6 5
7 4
7 9
226 210
12 16
10 10
21 15
80 100
105 76
143 214
153 115
30 24
18 19
37 33
35 30
96 86
28 18
8 6
202 159
13 11
74 72
153 221
15 29
44 43
44 31
56 106
69 70
5 6
117 99
5 6
139 168
152 252
4 4
113 116
171 117
8 9
18 22
22 25
6 6
7 5
57 59
52 51
50 64
24 35
110 84
63 25
10 8
6 7
10 9
47 31
29 13
120 121
7 9
17 15
73 43
138 137
10 11
149 111
4 4
12 15
10 13
9 7
23 36
5 4
125 105
5 6
42 52
71 42
67 78
16 13
190 166
102 106
239 153
10 7
23 23
22 19
47 36
147 195
55 71
6 7
6 12
149 143
12 12
46 58
15 20
49 36
217 260
21 27
21 26
32 112
27 23
5 6
97 98
176 150
10 7
116 70
7 8
28 14
180 232
19 12
43 47
4 3
121 91
20 29
54 65
234 471
112 57
9 6
158 204
65 60
11 12
18 18
132 198
16 14
72 96
39 47
6 4
4 6
90 76
38 34
217 161
12 18
36 86
56 39
173 265
12 9
17 9
29 40
8 7
41 30
20 18
7 9
61 41
32 18
116 111
114 126
12 7
91 81
81 72
212 92
205 180
156 137
11 11
200 168
223 208
14 10
214 181
195 196
20 18
101 94
17 14
19 10
64 55
65 67
35 33
4 3
11 10
49 40
39 32
35 51
236 160
50 77
54 52
40 45
7 14
100 87
60 46
6 11
194 252
9 7
58 85
66 42
30 44
7 8
12 17
4 2
76 42
15 23
5 3
9 10
9 16
36 29
5 4
14 15
75 45
196 187
5 7
83 151
8 11
22 41
23 25
11 5
14 20
57 81
102 101
15 14
15 12
103 125
10 15
12 12
12 10
145 289
106 143
70 65
17 11
160 219
8 14
29 30
13 10
174 200
61 32
76 86
185 354
218 127
93 90
182 203
22 30
24 22
140 249
4 2
80 82
49 54
48 69
11 13
42 30
105 89
96 104
10 13
62 61
10 8
17 19
68 102
206 235
7 7
4 3
10 19
114 132
10 12
17 12
23 24
167 157
170 110
139 118
183 219
201 154
17 21
15 26
14 17
76 65
32 29
43 36
78 56
9 8
6 7
12 11
5 6
23 14
39 74
39 53
76 72
120 167
11 11
13 13
26 18
19 22
131 117
26 33
28 34
23 36
12 9
67 67
30 37
251 324
201 167
21 46
18 9
87 80
24 38
247 186
72 100
7 7
40 27
77 74
19 12
22 15
145 117
50 67
6 2
114 71
14 11
222 167
8 8
33 34
5 6
129 186
90 63
144 85
131 371
166 155
11 19
6 5
8 6
58 75
48 33
149 152
24 23
15 14
35 24
51 56
16 10
58 91
8 5
19 14
9 8
7 4
99 136
38 34
5 6
8 5
7 9
126 111
13 10
67 67
6 7
6 5
7 4
172 156
8 12
13 9
6 7
53 123
51 59
128 110
47 53
87 73
43 30
49 48
34 47
5 4
19 19
14 14
194 412
226 171
12 13
5 5
71 52
64 59
10 9
191 157
5 5
76 57
49 42
61 84
135 211
67 50
202 147
80 139
34 23
6 10
128 137
7 6
72 103
48 55
15 23
181 129
6 4
23 37
6 6
67 68
245 220
239 233
19 17
222 207
8 7
10 16
8 6
168 144
6 8
31 35
75 85
27 12
6 9
225 186
10 11
19 12
15 10
13 24
146 130
107 122
6 16
24 18
151 178
21 29
8 10
135 152
8 7
4 7
226 247
14 14
5 7
110 112
21 51
175 179
182 216
46 71
27 31
23 15
244 255
5 10
20 29
15 15
8 14
11 9
35 41
178 139
16 15
135 120
9 8
191 109
17 15
38 40
77 60
6 4
125 140
206 113
22 20
8 6
31 25
4 6
18 14
56 73
9 12
122 86
131 189
36 41
45 78
13 10
11 19
54 152
11 10
61 67
74 68
10 14
112 137
227 109
8 5
14 10
6 8
6 7
10 8
18 17
209 153
203 302
44 49
36 30
207 229
11 11
18 17
145 166
58 31
173 267
5 6
13 15
46 59
77 103
228 309
152 261
7 4
153 170
160 106
105 90
8 4
10 10
108 65
45 34
70 39
18 19
14 21
242 513
19 12
65 73
148 244
162 147
208 163
12 8
181 203
7 9
14 10
4 4
127 142
29 20
28 33
204 206
219 256
24 37
5 4
117 104
16 15
38 30
14 6
21 13
22 26
28 33
16 7
35 25
65 93
10 9
10 14
158 199
5 6
211 168
27 30
18 23
91 103
7 6
15 12
249 94
22 24
8 8
29 40
14 20
13 18
244 319
138 345
202 134
5 5
19 17
172 233
185 115
26 32
10 19
57 37
8 6
32 26
72 56
126 106
57 37
6 10
160 212
25 17
94 125
125 177
10 9
9 13
53 49
214 149
10 7
176 192
5 3
66 35
34 58
11 14
55 52
149 247
192 217
183 335
42 31
16 12
10 11
5 6
21 35
111 154
21 22
52 44
28 23
15 8
9 16
228 167
47 74
64 34
9 7
90 53
8 13
36 32
34 33
5 3
175 214
26 20
9 9
153 106
191 90
9 7
30 28
176 211
104 71
5 3
14 19
10 6
159 153
81 52
81 45
39 56
168 195
90 99
8 14
6 7
4 4
150 68
211 270
38 21
13 9
84 77
43 65
7 7
46 51
32 21
11 10
7 5
18 24
8 4
10 9
34 30
5 5
189 143
8 5
8 7
11 11
52 47
7 6
23 26
162 186
223 353
18 13
171 256
112 93
209 221
43 62
10 11
44 75
221 123
42 25
11 11
10 9
6 5
5 4
44 35
7 8
10 10
41 58
210 274
221 330
7 6
5 5
60 142
155 166
116 100
66 70
58 46
45 56
15 21
187 207
178 361
5 5
34 42
7 11
187 193
9 6
40 67
73 65
6 11
14 13
83 107
202 314
5 4
21 11
141 121
9 10
74 69
8 11
143 127
237 200
12 8
179 130
56 38
16 28
111 144
66 61
5 9
186 199
50 35
5 7
95 110
13 11
77 78
13 15
115 112
16 12
151 193
158 99
7 11
91 93
168 165
214 191
22 25
67 45
12 7
35 20
61 124
41 76
18 11
91 181
5 6
75 81
104 92
25 24
9 18
103 129
5 4
89 80
68 80
58 27
224 283
84 69
5 3
6 7
27 21
16 19
48 36
61 82
151 121
16 17
44 51
152 156
37 48
14 12
16 19
10 7
14 18
107 149
108 117
30 17
45 54
207 150
65 75
159 133
40 44
18 11
16 13
24 20
6 5
5 5
56 71
10 4
50 113
7 10
16 20
68 43
18 13
67 136
21 20
6 5
16 36
10 15
15 17
5 4
9 10
7 7
9 7
16 24
130 109
228 163
60 93
245 243
188 187
151 155
9 10
26 26
116 93
46 41
31 50
13 7
17 34
131 224
38 49
67 75
7 11
22 21
100 120
41 20
16 12
24 30
139 181
42 40
14 22
5 7
7 13
7 8
254 387
116 190
32 38
55 70
17 18
190 117
49 29
56 74
250 269
5 3
31 32
83 72
123 125
68 69
35 37
9 9
159 206
19 18
112 138
21 20
170 149
15 10
150 129
91 55
170 250
40 42
13 9
57 65
19 34
44 36
133 146
84 103
49 52
5 8
5 3
10 8
9 10
15 12
7 6
187 207
10 9
12 10
5 3
42 68
66 65
107 60
31 38
16 29
140 79
109 115
66 118
27 19
36 34
31 34
13 9
23 23
9 8
26 32
188 182
48 51
222 199
11 10
24 28
8 11
7 7
20 18
42 42
15 12
15 16
12 6
118 157
44 47
125 129
64 54
32 27
142 137
91 56
61 63
6 5
83 111
6 6
22 12
70 95
17 18
47 67
6 3
30 17
38 40
120 188
240 245
71 91
73 47
149 122
28 20
8 6
4 2
126 133
91 77
27 28
81 107
133 196
13 10
240 300
5 3
43 44
81 73
32 36
145 325
23 18
33 21
137 60
123 141
55 84
6 5
51 38
8 5
43 33
72 142
170 309
11 12
35 36
72 35
6 7
213 115
99 85
198 208
111 67
9 6
6 4
44 48
36 30
6 11
149 106
165 159
92 181
128 107
114 167
6 5
90 75
198 216
5 7
20 22
5 5
33 18
185 152
22 21
8 8
79 44
24 18
173 219
41 42
4 8
81 72
14 10
53 91
158 68
30 48
33 31
9 14
26 20
157 157
144 163
8 8
75 66
17 18
243 284
7 6
5 4
39 27
54 80
70 63
84 59
14 22
224 212
60 103
86 90
14 18
110 100
8 5
14 19
123 110
114 109
8 8
167 135
19 25
11 10
33 29
28 24
69 113
60 117
88 110
33 37
9 18
159 181
108 84
227 544
168 200
42 45
57 45
218 235
4 7
10 6
9 7
179 190
31 23
15 13
26 12
130 131
10 10
162 101
11 14
158 149
201 211
20 14
79 54
58 65
122 133
7 6
87 77
25 23
8 7
51 42
54 87
58 38
24 43
4 4
4 3
13 9
40 32
15 12
26 20
8 9
4 4
35 32
204 266
21 16
16 24
72 61
116 92
9 20
14 13
27 25
9 9
12 8
49 91
32 37
33 18
53 43
25 23
8 6
111 140
10 8
224 254
14 13
31 38
155 165
7 8
63 45
22 17
12 13
14 11
134 87
4 4
9 11
33 17
75 163
25 24
222 114
87 68
12 14
146 182
11 6
13 22
170 147
4 8
50 36
112 115
208 183
210 303
23 15
65 47
54 55
5 4
47 42
4 4
24 18
176 169
22 23
248 295
13 14
103 112
8 9
31 37
43 39
22 28
6 9
82 67
248 299
19 22
12 15
106 81
77 74
5 4
21 18
4 3
4 3
142 95
109 233
93 75
29 50
89 102
79 55
60 91
27 25
5 5
46 57
106 76
43 50
55 30
11 8
132 130
14 13
57 34
22 27
13 16
21 35
39 43
15 12
251 167
8 10
41 36
104 100
144 109
44 53
18 26
28 40
25 16
9 10
56 37
5 4
46 28
110 119
12 14
11 11
114 49
7 8
107 75
48 89
14 10
15 24
11 11
16 26
16 10
46 40
24 31
75 49
54 34
138 232
65 77
77 63
127 113
14 11
10 6
35 34
98 88
15 13
233 230
8 6
195 232
5 9
27 15
240 363
217 138
32 26
133 141
235 224
31 34
173 171
36 39
65 62
4 7
7 6
51 93
154 170
145 68
50 43
166 284
66 62
179 233
11 9
87 117
70 104
16 12
119 99
25 34
128 264
7 9
21 20
151 143
16 19
13 13
103 94
6 3
82 86
10 6
68 37
6 10
47 28
34 85
76 43
11 9
210 127
61 65
12 10
132 96
41 27
4 5
7 5
8 7
213 201
209 267
8 6
50 57
19 22
9 7
15 9
32 29
6 10
10 12
148 137
23 24
6 8
36 38
211 308
116 101
41 28
133 99
20 28
17 14
4 5
56 44
6 8
16 22
6 9
55 58
152 200
149 158
176 115
116 131
133 135
121 74
6 3
181 173
17 27
104 42
164 130
176 220
4 3
107 129
194 329
152 119
7 9
6 9
120 86
120 201
143 107
11 18
44 38
9 31
31 29
5 6
50 115
40 62
6 5
43 43
8 10
23 16
12 18
12 9
40 29
67 59
4 7
57 55
12 10
5 7
5 4
99 109
188 220
9 11
180 201
38 42
106 138
72 74
146 136
19 19
37 73
7 6
203 407
6 4
67 89
6 5
6 5
19 17
34 34
15 17
10 15
27 35
162 317
34 44
14 15
216 320
46 47
221 433
31 48
10 7
27 50
148 123
19 26
20 23
148 205
32 26
45 48
11 8
21 22
11 9
47 29
32 37
106 148
5 6
4 5
153 65
12 10
54 83
10 12
14 15
6 4
83 80
12 7
17 18
199 138
12 6
45 25
70 60
197 162
18 11
107 201
19 31
10 15
252 346
70 34
8 10
215 255
10 14
4 11
12 30
30 29
254 156
195 174
7 6
88 50
87 63
46 38
16 16
25 25
178 185
22 13
123 102
254 254
34 26
80 116
111 253
6 7
14 20
7 9
4 4
29 22
16 13
253 483
170 212
54 41
18 12
39 21
182 593
36 39
5 5
4 6
4 4
20 20
22 13
7 9
13 7
190 279
9 8
5 7
55 52
41 29
6 5
80 41
5 5
157 94
34 44
7 7
29 16
133 109
78 92
243 151
28 15
96 74
5 3
11 7
11 7
104 107
80 62
26 49
85 107
13 14
10 10
21 21
63 61
107 140
8 10
10 16
4 4
5 8
31 25
18 17
13 23
6 8
72 72
10 10
4 4
8 5
35 30
42 56
69 65
21 19
238 381
86 86
5 4
31 29
27 27
24 29
252 183
11 13
200 120
8 11
5 5
77 78
125 249
5 5
108 82
69 83
37 51
20 19
15 10
38 30
101 160
11 10
70 96
5 5
26 29
15 20
36 32
7 9
110 114
30 57
33 33
24 51
36 31
9 10
5 7
68 121
105 44
28 10
68 85
67 140
15 11
13 15
6 9
7 17
67 81
217 303
6 3
95 139
46 31
31 21
13 13
86 56
204 207
50 67
157 155
55 56
106 62
6 3
48 32
8 10
80 88
12 13
12 15
44 61
23 13
9 10
27 34
6 5
81 99
19 10
25 39
184 183
16 7
196 219
7 10
15 20
10 6
21 21
159 157
64 62
70 66
42 30
11 17
10 9
61 30
27 12
17 8
16 12
14 14
33 54
11 19
51 44
69 62
44 30
87 102
19 23
8 6
72 53
26 29
86 49
186 101
10 20
44 32
50 47
20 26
6 4
32 32
31 53
10 8
26 13
5 6
75 62
20 21
14 15
10 11
5 6
36 45
47 52
67 78
24 19
5 4
56 54
6 7
255 170
168 133
21 25
34 37
37 34
9 10
24 30
19 25
22 14
241 257
88 128
29 27
17 26
6 8
15 20
147 273
31 21
158 168
145 138
150 134
20 28
22 17
125 106
14 11
22 22
9 9
20 22
24 26
50 20
4 4
9 13
219 282
5 5
15 15
4 4
150 137
58 63
101 37
9 19
18 17
239 222
24 26
43 58
4 5
42 30
14 12
14 8
17 23
110 69
7 5
14 20
151 112
61 79
177 112
43 51
19 20
36 37
17 10
100 113
32 46
11 8
246 248
5 6
8 18
181 163
156 224
58 29
58 72
21 22
37 15
109 139
36 29
12 10
10 9
26 35
26 29
201 335
225 281
35 25
4 11
225 285
5 6
238 293
27 24
19 20
128 212
59 61
15 14
19 13
6 7
256 199
193 301
5 5
22 20
68 101
70 73
152 90
32 34
11 14
7 8
140 117
6 4
62 87
39 88
197 252
13 6
10 12
121 135
17 13
18 9
10 10
11 6
6 6
90 100
190 150
4 8
32 50
24 25
10 20
214 79
100 64
4 5
47 83
6 7
206 187
43 55
44 51
194 128
44 69
129 142
35 27
16 19
9 9
8 17
236 244
251 194
31 33
36 39
8 9
52 43
5 6
9 8
106 100
6 6
6 6
20 26
36 33
55 53
247 542
7 6
15 12
73 79
7 5
125 121
6 4
4 4
55 32
207 190
189 170
39 45
229 145
34 25
31 35
76 90
38 36
8 8
32 25
216 124
5 3
159 166
6 8
77 95
23 27
134 172
19 27
26 24
22 13
7 6
82 210
231 200
26 16
14 20
75 72
51 81
11 7
77 79
11 8
39 28
124 73
74 119
42 41
14 12
188 224
9 9
68 54
94 93
192 151
150 217
21 28
85 66
131 118
4 5
10 12
58 64
20 19
7 6
32 28
145 288
17 20
17 12
178 144
144 109
42 26
84 95
191 154
36 24
48 36
39 40
50 50
199 409
47 23
11 5
21 22
36 52
9 12
16 20
16 8
108 65
17 22
119 242
29 45
19 18
121 195
12 16
8 6
6 8
38 22
8 7
45 70
130 229
9 7
11 13
56 47
13 7
8 10
52 46
6 7
10 24
5 3
105 57
7 7
5 5
34 19
47 67
14 16
28 27
10 11
147 166
85 27
21 32
31 21
137 115
33 28
40 70
198 156
67 122
4 3
16 26
10 8
169 132
94 117
6 5
145 104
6 9
17 22
8 8
4 2
152 190
12 19
18 20
13 13
84 77
22 19
39 40
102 72
95 133
24 17
126 145
31 41
66 141
5 11
91 130
57 84
125 112
58 44
9 11
178 255
152 147
83 187
23 20
28 33
30 30
8 9
13 12
48 95
126 124
17 25
10 10
58 49
64 47
27 32
16 29
29 19
14 16
6 6
22 17
202 214
5 5
69 69
187 165
25 14
144 213
5 4
98 180
16 25
35 39
83 122
6 7
117 142
7 7
12 7
9 15
85 84
23 13
41 43
8 7
9 4
6 5
17 12
7 12
199 132
17 20
17 15
107 175
14 13
99 76
172 130
168 149
38 52
5 6
196 239
80 70
145 221
58 38
242 507
14 10
40 30
29 15
16 27
58 63
214 141
10 8
52 67
7 7
63 36
73 83
27 32
128 236
97 91
172 210
15 14
176 170
27 28
27 24
18 17
8 7
24 31
6 6
8 12
113 143
201 143
18 14
12 13
10 20
13 11
85 88
118 144
48 59
39 56
51 42
222 173
12 10
14 14
23 37
155 159
73 124
94 50
17 18
15 16
9 11
128 103
8 4
49 39
40 33
6 6
6 5
27 20
79 37
133 110
19 13
26 29
9 13
61 37
5 4
251 307
93 82
5 4
30 50
141 371
189 214
9 6
208 214
67 87
43 78
20 19
204 247
11 12
7 6
46 57
12 7
28 26
201 226
14 21
20 15
17 32
27 20
123 138
187 191
87 93
7 7
10 5
6 6
6 7
63 73
8 6
15 14
33 34
38 47
23 30
6 5
9 6
59 57
51 101
14 10
32 47
5 3
21 10
4 6
71 69
17 15
111 161
9 9
243 425
12 14
12 5
51 40
4 7
126 142
121 140
15 11
208 264
36 52
22 17
22 36
5 4
61 74
191 233
11 7
150 185
54 63
14 15
54 43
6 8
15 13
9 10
58 48
4 5
245 184
20 12
40 34
4 5
96 63
104 62
61 46
57 38
5 8
14 14
8 11
23 27
19 20
37 61
66 78
5 5
16 19
12 15
17 31
11 11
69 57
14 13
73 106
7 5
5 6
207 112
6 3
213 324
69 42
20 19
28 25
95 122
13 14
79 68
248 196
6 7
11 13
10 8
17 17
88 84
186 184
31 39
19 14
54 56
26 25
17 9
13 8
6 8
221 114
218 167
58 51
113 152
9 11
111 220
115 111
6 6
200 96
117 100
63 47
40 41
93 70
10 12
45 46
4 3
6 6
6 5
67 60
4 4
12 9
27 24
8 7
75 103
137 110
34 32
77 116
14 14
6 7
19 39
8 4
8 12
45 83
7 7
9 9
188 138
6 11
153 102
16 10
227 347
14 11
5 6
24 15
5 6
169 120
21 12
28 32
7 6
4 4
39 25
66 104
137 89
70 96
6 9
36 25
75 105
106 108
15 12
31 36
15 7
153 217
9 9
105 151
139 130
5 4
255 220
27 21
50 54
220 383
250 381
69 115
9 6
54 38
129 118
6 9
6 4
7 9
96 79
43 49
30 20
34 27
7 3
5 5
7 6
215 179
216 279
215 241
206 198
22 16
195 221
20 39
16 22
40 71
122 134
31 29
23 23
28 35
16 10
21 56
8 4
8 10
233 217
40 35
39 31
5 5
7 5
224 174
11 7
8 10
20 30
31 39
14 10
7 4
225 226
4 4
12 16
96 89
84 101
26 45
11 7
10 20
26 28
26 16
6 6
13 9
31 53
79 35
106 168
4 5
9 6
83 41
31 39
115 158
10 8
9 8
40 27
94 74
26 41
5 5
9 11
18 19
109 109
12 10
5 6
140 203
246 406
131 115
87 103
19 24
19 16
50 51
102 61
245 241
21 16
13 13
76 91
140 90
59 60
11 16
5 3
5 6
43 63
7 7
6 4
51 56
231 210
49 69
20 9
6 5
4 4
4 3
63 61
12 17
82 116
37 33
15 15
51 24
206 228
80 67
11 12
68 63
57 46
19 17
37 42
67 62
11 8
6 4
13 13
14 15
28 45
123 187
4 4
7 5
45 38
9 12
13 11
4 6
17 16
95 166
67 94
10 7
159 206
87 88
12 11
44 28
4 4
31 19
38 52
204 126
79 71
125 105
42 35
15 11
210 295
30 34
12 13
214 100
18 15
167 244
5 7
18 17
17 18
20 27
11 14
32 22
12 16
77 135
22 15
161 170
210 177
11 17
38 29
87 122
93 84
166 226
193 128
4 4
38 41
30 15
94 95
189 192
6 7
6 8
105 87
6 6
23 15
140 213
86 68
126 162
104 124
17 11
5 5
4 5
17 18
49 108
11 17
76 69
150 143
203 176
48 59
37 33
47 52
12 13
5 8
17 31
19 16
24 18
133 136
12 8
16 20
98 143
15 10
5 7
11 12
8 7
7 3
75 65
168 126
23 18
31 37
10 8
8 7
5 3
5 5
70 53
43 63
238 649
130 182
191 249
18 17
72 56
4 7
239 219
26 20
237 299
240 478
250 368
41 83
62 39
12 19
88 95
29 16
166 222
9 11
76 56
7 6
55 102
13 13
134 124
4 3
9 9
4 7
233 242
142 117
30 23
173 191
33 20
69 82
8 5
68 69
26 18
78 67
5 4
24 41
10 8
29 20
22 44
243 311
11 16
36 49
25 13
20 16
131 143
40 17
33 26
65 47
147 202
5 6
19 23
11 14
229 175
160 223
13 14
14 19
29 18
160 177
6 6
7 9
103 159
26 21
7 4
10 7
216 176
196 175
56 40
181 159
41 43
7 3
160 324
30 27
29 31
48 44
19 16
44 37
158 246
25 30
19 14
9 12
36 23
26 18
5 4
33 41
13 58
21 19
63 52
113 110
4 7
4 4
23 24
8 8
56 77
41 43
176 183
14 16
65 45
16 26
11 11
43 59
226 117
151 97
168 145
188 273
5 7
227 232
43 35
4 3
9 8
13 12
45 40
113 77
13 12
18 25
7 5
180 181
8 13
12 15
5 3
33 43
102 113
26 14
89 76
112 114
122 223
172 223
7 9
82 67
6 6
18 15
253 274
18 43
9 9
27 21
177 216
18 12
172 91
9 6
255 234
41 45
147 118
40 22
50 30
28 15
115 139
23 16
21 17
117 110
37 31
38 60
4 4
59 87
18 61
8 4
6 5
54 56
8 5
6 5
156 199
212 183
256 189
185 99
137 127
79 123
9 10
20 45
55 75
15 20
15 19
37 28
33 37
18 13
12 21
12 8
54 49
15 14
92 146
71 66
17 19
57 54
20 18
145 134
45 43
12 20
31 40
8 9
9 9
6 6
169 155
8 11
6 6
10 7
6 7
9 7
133 159
18 20
15 16
38 36
35 30
50 74
5 4
6 4
241 217
37 52
7 4
72 57
92 61
31 23
5 7
106 114
4 4
34 37
45 45
6 10
13 25
21 20
7 9
141 143
7 14
149 109
6 4
159 207
153 288
167 284
9 10
55 81
216 147
12 7
10 6
12 5
57 46
4 3
6 6
19 27
105 70
5 7
77 139
48 79
179 259
6 5
10 15
89 88
180 185
14 10
11 11
99 67
14 10
14 11
56 65
13 7
156 142
26 35
11 10
79 101
68 85
23 13
18 9
190 261
15 15
8 6
162 131
252 370
7 9
225 287
39 51
60 66
199 216
11 9
32 34
11 9
111 34
193 210
49 52
32 20
6 5
11 14
134 213
7 5
54 85
82 123
185 195
20 13
8 6
160 150
220 213
44 36
11 10
9 6
214 352
9 9
18 29
50 46
91 121
188 151
7 12
13 10
26 23
93 57
9 6
27 22
61 91
110 109
6 8
19 12
248 304
42 53
129 162
60 41
21 22
8 8
12 16
12 9
15 8
6 4
26 22
29 29
6 6
54 54
129 120
4 8
10 13
8 6
198 145
78 123
12 16
141 173
10 10
182 147
251 338
166 104
26 59
61 55
61 100
8 6
180 147
24 16
143 98
4 5
82 81
12 8
159 148
33 33
8 11
5 7
5 6
237 195
20 33
6 9
7 9
239 270
46 36
189 171
91 102
101 134
35 76
22 22
125 98
14 17
27 30
5 9
41 37
19 10
51 78
19 15
17 9
13 8
11 19
15 10
12 9
242 186
14 11
53 64
14 13
23 27
9 4
108 56
118 118
167 121
56 44
52 58
48 19
23 30
128 138
223 325
157 231
10 7
59 42
91 57
119 96
84 96
108 67
120 178
25 20
10 16
53 44
107 103
50 55
39 37
74 87
236 190
89 95
7 9
158 139
110 92
5 9
28 43
101 91
87 81
177 147
31 29
5 5
5 10
15 16
5 5
8 6
30 51
248 142
9 10
11 22
72 50
15 12
175 179
21 23
8 7
8 10
53 51
26 20
90 123
38 53
11 23
20 15
6 9
130 117
227 283
40 67
202 160
27 23
199 206
5 5
142 144
8 7
6 3
12 18
146 99
6 16
33 29
9 7
38 23
147 225
11 10
15 33
54 82
10 6
17 17
45 58
17 17
5 7
8 8
23 23
75 90
32 24
5 4
7 4
28 29
10 14
53 54
105 145
13 13
98 83
8 14
30 28
33 12
144 139
97 207
210 347
34 21
48 27
17 17
15 17
37 80
16 19
156 99
9 11
67 77
25 20
22 18
65 110
181 107
33 35
21 34
6 7
42 34
25 24
42 44
114 52
118 154
8 4
40 43
116 151
117 112
7 7
207 162
6 5
129 209
5 6
52 37
7 5
7 9
160 213
154 119
53 38
234 246
254 181
6 8
9 6
156 224
107 77
107 64
17 19
208 119
105 332
17 22
7 8
16 30
41 53
16 14
18 13
11 20
54 34
61 65
95 70
54 63
118 147
27 39
11 16
95 101
44 25
27 25
241 431
22 23
9 11
194 216
40 38
89 114
12 9
9 9
104 136
44 26
6 6
16 12
35 52
19 15
12 18
88 121
7 5
58 65
82 84
175 301
10 12
98 56
24 26
7 9
20 13
41 22
17 13
245 209
6 11
23 13
20 18
34 34
6 4
25 29
33 41
5 3
69 97
188 213
51 50
26 19
28 30
12 11
11 12
157 166
5 7
14 22
32 49
77 71
40 60
243 215
106 75
6 6
11 20
101 102
13 9
161 147
8 8
116 121
5 5
22 31
5 3
14 26
24 27
26 27
124 139
227 208
21 21
36 30
61 53
5 5
20 25
9 12
16 18
17 16
222 272
76 128
215 287
85 49
40 25
4 5
45 52
15 13
92 78
119 72
27 26
6 9
6 8
6 3
8 5
103 91
4 5
6 7
144 160
5 5
51 53
57 54
9 15
42 42
100 98
144 181
7 4
121 114
41 44
118 70
208 142
78 59
113 95
10 15
51 43
224 237
6 5
136 124
22 20
43 57
7 7
127 97
91 159
14 10
118 140
85 55
8 10
8 14
102 79
32 32
38 31
5 4
15 33
16 17
207 207
61 54
7 7
59 32
102 134
124 188
22 16
6 6
173 152
80 69
26 12
63 68
58 61
13 19
5 6
4 4
242 117
66 64
82 119
27 52
11 10
15 34
161 178
35 46
60 37
5 4
106 72
11 11
240 157
240 215
70 79
8 15
180 184
108 91
39 32
47 33
6 5
171 215
8 11
185 142
31 21
65 92
4 6
8 6
222 280
75 75
10 7
83 45
85 152
20 26
7 5
45 40
140 188
102 94
5 4
10 7
13 18
156 159
190 190
8 7
4 3
28 36
100 170
15 11
137 116
126 95
5 4
6 7
10 11
5 6
37 19
115 152
9 6
38 56
26 10
162 118
19 13
171 204
146 168
51 75
118 140
56 45
40 39
68 45
214 322
7 4
212 141
5 5
102 86
23 15
150 342
8 8
140 124
15 21
89 29
37 58
28 26
70 66
7 10
61 47
34 18
19 14
4 4
11 13
246 189
5 4
28 28
10 9
82 84
153 202
217 225
114 71
4 4
11 7
4 6
15 26
79 192
89 59
24 17
6 5
58 108
20 21
4 3
228 187
116 126
12 12
5 5
19 26
9 12
8 5
204 280
34 30
7 7
117 125
23 24
90 74
5 3
215 152
16 17
15 20
7 8
7 12
189 171
10 10
10 15
8 6
8 10
4 6
55 107
82 92
37 57
58 53
8 11
126 87
220 222
5 6
97 101
142 104
21 19
120 119
7 6
84 99
11 10
175 194
7 9
50 68
4 5
10 8
193 194
234 319
92 97
7 5
88 95
24 24
32 18
205 184
14 11
4 4
129 174
57 43
253 212
149 115
5 5
23 34
26 49
159 184
21 19
102 76
31 31
21 31
39 51
15 14
23 22
8 8
17 15
10 8
21 10
5 3
226 167
54 46
17 12
37 37
39 23
7 7
60 39
24 9
5 4
136 144
82 62
18 19
213 445
5 5
46 82
70 60
182 317
231 242
17 29
116 179
132 133
31 28
93 174
25 33
16 28
6 7
5 7
15 10
9 9
150 164
11 9
140 136
176 205
8 6
13 9
116 150
8 10
15 23
64 48
71 66
33 28
113 107
9 8
110 53
38 37
223 196
33 45
66 43
68 72
217 132
44 40
23 62
17 26
13 13
28 24
42 54
5 11
24 11
15 14
169 124
20 22
18 16
4 4
18 15
75 71
156 175
49 60
11 14
254 401
6 6
91 64
6 5
9 5
11 14
21 12
8 14
23 18
43 90
4 3
5 4
15 17
6 8
5 3
9 10
167 122
167 144
11 13
38 27
126 106
67 66
23 30
13 9
158 221
27 34
221 211
181 194
94 111
50 54
112 139
109 88
11 15
48 34
160 171
10 11
231 283
19 25
7 9
11 13
16 11
143 174
5 5
28 26
87 73
124 180
243 324
20 18
245 164
94 97
10 15
49 61
8 10
55 33
156 118
6 6
250 164
86 68
19 20
9 9
46 73
47 34
7 5
108 102
34 30
227 217
108 104
116 116
13 21
43 60
7 3
7 4
9 9
12 24
11 10
31 40
4 6
34 60
18 11
230 221
53 62
65 62
56 52
35 43
34 34
10 12
62 75
12 8
36 47
66 63
218 131
14 12
16 19
11 10
17 47
96 92
73 146
231 207
59 54
175 257
6 4
38 33
58 66
6 6
6 6
231 260
129 144
229 216
17 24
37 38
30 33
9 8
5 2
106 77
144 37
44 65
30 37
118 98
6 6
161 101
27 28
10 18
132 156
160 190
10 6
26 14
10 12
17 11
90 106
68 70
9 16
178 141
118 122
37 49
190 232
14 14
4 6
137 111
71 55
53 44
8 10
17 15
6 6
212 135
177 140
86 106
7 15
11 7
178 227
12 9
13 22
5 6
56 47
83 147
110 89
47 55
18 26
9 8
6 8
200 141
143 139
124 205
16 8
60 38
6 7
37 42
219 145
172 181
108 85
32 29
30 38
6 7
46 18
12 22
31 39
7 6
44 48
4 6
4 4
83 101
88 57
6 6
14 26
81 105
11 11
19 9
80 62
23 26
135 248
9 15
132 133
67 52
7 6
31 18
5 6
10 9
164 124
7 15
5 6
118 97
8 13
14 13
12 8
38 33
43 35
30 18
5 5
137 115
4 5
99 170
12 6
108 97
14 9
190 208
49 47
53 47
11 6
55 41
6 6
11 12
63 32
96 88
57 48
36 34
87 86
16 19
104 75
11 14
192 141
11 12
12 14
6 5
17 25
8 4
25 47
38 43
16 14
5 2
6 8
9 15
8 6
8 11
57 64
197 179
105 175
8 5
23 18
191 265
209 173
126 101
7 4
8 9
6 7
6 10
229 264
5 3
6 10
43 42
23 33
81 97
13 13
216 158
46 32
32 36
121 120
163 175
121 191
13 5
25 36
7 12
18 27
4 3
140 171
162 160
26 22
22 15
44 22
16 18
91 80
7 9
77 71
6 4
31 61
243 159
51 52
167 208
136 213
92 71
117 75
12 15
7 5
7 5
25 20
208 249
28 27
38 41
41 41
20 31
38 43
49 61
146 139
13 8
30 41
6 7
12 11
39 26
167 197
183 128
50 57
62 61
9 7
238 178
43 73
5 5
147 89
26 30
144 170
21 14
50 46
209 125
123 149
21 21
7 5
12 6
22 20
16 12
32 37
12 10
31 35
6 8
124 162
6 6
38 47
11 6
30 46
38 28
7 3
5 5
7 8
16 13
6 6
75 72
69 90
15 18
6 6
48 67
21 31
195 253
20 14
15 22
26 35
55 74
32 43
12 16
27 30
11 6
63 65
4 3
9 8
4 5
27 49
5 7
52 63
137 88
33 28
6 5
243 245
80 137
9 15
100 135
13 12
94 114
31 35
154 161
164 149
155 133
28 20
82 64
20 14
42 47
27 25
176 168
246 204
7 7
28 21
113 97
32 66
48 60
27 19
60 62
50 62
65 44
4 7
60 40
160 258
104 93
6 4
12 10
17 21
36 18
8 18
180 154
6 6
53 43
67 77
20 21
5 4
35 35
11 9
22 20
19 14
17 14
27 43
212 210
4 5
59 67
102 159
134 102
18 22
160 187
235 142
202 159
6 15
14 21
237 202
23 31
5 9
31 20
62 85
122 182
53 90
54 57
7 9
157 151
36 20
42 41
56 52
6 7
14 14
11 13
211 187
102 102
14 15
4 3
65 83
9 17
6 9
6 7
242 315
56 42
12 20
5 10
62 57
11 8
5 5
5 6
64 60
31 37
147 119
134 145
119 113
50 63
128 89
91 95
138 155
14 22
14 18
37 22
6 5
196 176
6 7
119 82
13 7
16 22
10 18
109 121
5 3
5 6
28 22
106 81
23 17
54 48
22 11
44 47
9 5
141 224
29 32
58 64
17 18
147 124
105 91
24 44
8 6
173 178
195 144
5 4
19 27
12 7
10 10
19 9
49 57
4 4
54 44
8 6
22 22
109 170
139 118
8 7
114 162
78 59
6 4
108 203
13 12
167 158
204 151
24 17
19 24
105 75
240 182
120 110
46 46
5 3
18 24
5 6
6 4
82 94
5 9
63 39
102 78
201 273
220 101
10 7
195 151
118 104
215 231
33 38
23 16
25 18
35 39
5 6
170 207
32 20
15 25
66 59
41 41
13 5
12 17
11 12
62 40
19 14
179 120
51 44
16 9
164 285
5 6
17 15
8 6
19 18
4 5
54 40
8 14
11 12
43 47
14 13
44 23
199 120
15 19
5 6
189 119
4 4
58 47
28 25
5 6
104 93
52 62
214 148
5 5
10 12
5 4
34 22
208 248
91 107
27 28
181 71
8 4
23 20
20 15
4 4
27 37
12 18
26 29
5 9
69 51
51 21
5 4
19 25
169 145
158 141
9 11
108 57
60 88
39 56
9 5
24 22
122 104
46 40
139 147
24 17
98 88
64 85
80 47
6 9
155 104
44 52
85 113
5 9
8 9
8 3
183 214
7 6
13 12
109 142
5 5
55 42
13 13
16 17
241 277
6 5
201 268
34 42
49 52
189 118
6 5
4 6
13 19
36 27
16 13
42 47
5 3
15 12
70 97
51 79
10 15
17 14
61 60
36 56
9 5
32 17
6 15
6 7
222 221
32 38
69 64
17 17
77 79
123 117
14 15
81 118
25 17
35 18
210 107
33 52
4 2
9 6
36 30
26 24
138 218
61 38
15 21
207 309
86 75
30 25
8 7
13 18
158 128
60 37
8 11
26 25
129 133
137 110
237 228
88 136
63 71
5 4
8 22
8 7
192 178
42 19
198 116
18 15
9 11
30 20
49 30
5 6
63 45
7 6
21 28
76 42
233 371
9 10
135 88
20 16
116 84
17 10
12 7
245 179
186 136
102 90
10 11
7 6
40 45
131 98
12 19
64 71
157 386
234 138
19 15
67 84
10 5
228 284
161 190
126 133
94 100
7 6
6 9
7 6
5 5
105 195
6 6
6 7
15 17
22 20
37 29
93 109
78 96
9 9
55 45
43 28
23 40
7 8
14 10
20 26
8 11
248 325
235 231
46 68
26 16
6 7
8 8
204 177
57 35
11 9
16 20
53 49
57 70
101 191
137 203
137 100
13 16
187 164
61 83
29 17
15 15
42 41
10 10
28 22
244 212
114 121
19 7
97 110
138 136
5 3
206 136
152 110
41 38
240 263
80 70
5 3
52 62
173 223
16 10
38 24
10 8
118 120
5 9
7 7
47 24
92 62
12 12
6 5
17 17
5 4
90 93
6 3
97 67
12 21
126 129
5 4
23 20
115 144
10 4
96 125
20 17
227 432
135 158
15 27
51 53
9 4
5 3
182 171
47 32
120 70
85 144
21 16
8 8
4 6
97 78
11 7
89 103
11 11
44 40
26 39
8 17
4 3
45 83
15 11
14 19
164 227
35 55
37 29
8 11
12 16
106 93
16 16
236 278
60 113
16 19
10 11
45 50
7 11
36 59
27 36
75 70
22 36
12 13
34 33
5 6
16 13
44 55
13 13
4 2
194 94
85 70
21 28
12 9
80 71
4 3
143 144
71 58
256 260
16 14
20 30
39 30
113 99
212 163
12 21
13 9
104 114
65 83
17 23
13 13
8 8
139 142
23 26
5 4
208 127
32 19
83 72
60 142
78 69
1 31
2 0
3 0
2 0
1 9
0 1 0
2 0 4
0 1 0
2 0 6
0 1 0
4 0 504
0 1 0
4 0 861
0 1 0
3 0 7
0 1 0
0 42 38
0 1 0
3 0 1
0 1 0
2 0 4
0 1 0
0 30 35
0 1 0
1 50 385
0 1 0
2 0 6
0 1 0
3 0 2
0 1 0
0 50 50
0 1 0
1 12 108
0 1 0
4 0 375
0 1 0
1 45 169
0 1 0
2 0 5
0 1 0
2 0 5
0 1 0
4 0 569
0 1 0
2 0 8
0 1 0
2 0 4
0 1 0
2 0 5
0 1 0
1 25 260
0 1 0
2 0 6
0 1 0
2 0 3
0 1 0
4 0 780
0 1 0
1 24 289
0 1 0
2 0 3
0 1 0
2 0 5
0 1 0
1 29 290
0 1 0
1 47 295
0 1 0
2 0 8
0 1 0
0 15 14
0 1 0
2 0 0
0 1 0
2 0 3
0 1 0
0 6 6
0 1 0
2 0 0
0 1 0
1 27 200
0 1 0
2 0 1
0 1 0
2 0 0
0 1 0
1 12 86
0 1 0
2 0 5
0 1 0
2 0 6
0 1 0
3 0 2
0 1 0
2 0 5
0 1 0
2 0 9
0 1 0
0 32 46
0 1 0
2 0 10
0 1 0
1 23 79
0 1 0
0 19 18
0 1 0
3 0 9
0 1 0
2 0 5
0 1 0
2 0 3
0 1 0
1 35 374
0 1 0
2 0 1
0 1 0
2 0 6
0 1 0
2 0 10
0 1 0
2 0 9
0 1 0
2 0 10
0 1 0
0 31 35
0 1 0
0 42 41
0 1 0
1 18 156
0 1 0
1 14 93
0 1 0
0 43 50
0 1 0
3 0 2
0 1 0
1 13 60
0 1 0
3 0 3
0 1 0
0 4 3
0 1 0
2 0 10
0 1 0
4 0 419
0 1 0
3 0 2
0 1 0
0 20 17
0 1 0
1 3 30
0 1 0
1 13 124
0 1 0
3 0 6
0 1 0
1 2 18
0 1 0
2 0 5
0 1 0
2 0 7
0 1 0
2 0 7
0 1 0
1 7 21
0 1 0
1 36 221
0 1 0
2 0 3
0 1 0
2 0 9
0 1 0
3 0 6
0 1 0
0 30 31
0 1 0
3 0 8
0 1 0
4 0 906
0 1 0
2 0 8
0 1 0
0 50 37
0 1 0
1 47 316
0 1 0
1 6 28
0 1 0
2 0 8
0 1 0
2 0 6
0 1 0
1 9 49
0 1 0
2 0 6
0 1 0
1 32 217
0 1 0
1 15 1
0 1 0
2 0 1
0 1 0
3 0 4
0 1 0
3 0 2
0 1 0
3 0 7
0 1 0
3 0 10
0 1 0
3 0 4
0 1 0
3 0 5
0 1 0
2 0 2
0 1 0
3 0 3
0 1 0
2 0 2
0 1 0
1 36 194
0 1 0
2 0 6
0 1 0
1 35 289
0 1 0
1 21 100
0 1 0
2 0 10
0 1 0
3 0 5
0 1 0
1 42 121
0 1 0
0 23 17
0 1 0
4 0 395
0 1 0
1 13 101
0 1 0
2 0 6
0 1 0
0 34 20
0 1 0
3 0 2
0 1 0
3 0 8
0 1 0
1 18 146
0 1 0
3 0 4
0 1 0
2 0 3
0 1 0
2 0 7
0 1 0
0 30 23
0 1 0
2 0 5
0 1 0
1 23 101
0 1 0
1 5 47
0 1 0
2 0 0
0 1 0
1 40 382
0 1 0
1 4 43
0 1 0
2 0 0
0 1 0
3 0 10
0 1 0
2 0 1
0 1 0
1 22 240
0 1 0
3 0 6
0 1 0
0 18 12
0 1 0
1 26 54
0 1 0
3 0 6
0 1 0
1 20 150
0 1 0
4 0 810
0 1 0
3 0 9
0 1 0
2 0 2
0 1 0
1 10 65
0 1 0
1 37 409
0 1 0
0 4 6
0 1 0
4 0 416
0 1 0
1 9 55
0 1 0
2 0 9
0 1 0
2 0 10
0 1 0
2 0 9
0 1 0
1 12 124
0 1 0
1 50 243
0 1 0
0 30 15
0 1 0
2 0 2
0 1 0
3 0 5
0 1 0
4 0 281
0 1 0
4 0 798
0 1 0
2 0 8
0 1 0
1 1 6
0 1 0
3 0 2
0 1 0
1 30 214
0 1 0
0 50 50
0 1 0
2 0 4
0 1 0
1 45 385
0 1 0
1 22 90
0 1 0
2 0 10
0 1 0
2 0 2
0 1 0
1 31 254
0 1 0
3 0 2
0 1 0
2 0 1
0 1 0
2 0 7
0 1 0
2 0 0
0 1 0
2 0 3
0 1 0
0 38 29
0 1 0
2 0 6
0 1 0
2 0 2
0 1 0
3 0 1
0 1 0
3 0 9
0 1 0
1 48 199
0 1 0
2 0 9
0 1 0
2 0 5
0 1 0
3 0 10
0 1 0
0 46 59
0 1 0
1 33 173
0 1 0
4 0 739
0 1 0
1 25 273
0 1 0
3 0 8
0 1 0
4 0 395
0 1 0
2 0 8
0 1 0
2 0 9
0 1 0
0 46 44
0 1 0
1 7 53
0 1 0
3 0 9
0 1 0
3 0 5
0 1 0
1 16 105
0 1 0
1 39 356
0 1 0
2 0 10
0 1 0
1 4 32
0 1 0
2 0 4
0 1 0
4 0 891
0 1 0
1 7 73
0 1 0
0 17 15
0 1 0
1 7 83
0 1 0
1 42 343
0 1 0
3 0 4
0 1 0
2 0 10
0 1 0
2 0 5
0 1 0
2 0 0
0 1 0
3 0 5
0 1 0
1 19 81
0 1 0
3 0 6
0 1 0
1 27 136
0 1 0
3 0 7
0 1 0
0 29 36
0 1 0
1 22 178
0 1 0
1 37 57
0 1 0
2 0 3
0 1 0
1 2 18
0 1 0
2 0 4
0 1 0
1 20 107
0 1 0
3 0 2
0 1 0
2 0 3
0 1 0
3 0 4
0 1 0
0 38 46
0 1 0
2 0 6
0 1 0
1 27 175
0 1 0
0 11 6
0 1 0
2 0 9
0 1 0
2 0 10
0 1 0
1 27 215
0 1 0
1 12 81
0 1 0
1 5 38
0 1 0
1 7 57
0 1 0
1 20 173
0 1 0
1 48 487
0 1 0
2 0 0
0 1 0
3 0 2
0 1 0
2 0 7
0 1 0
2 0 5
0 1 0
2 0 6
0 1 0
2 0 4
0 1 0
2 0 3
0 1 0
2 0 0
0 1 0
2 0 1
0 1 0
0 31 38
0 1 0
3 0 7
0 1 0
2 0 4
0 1 0
0 16 8
0 1 0
2 0 9
0 1 0
1 28 167
0 1 0
1 36 273
0 1 0
1 1 7
0 1 0
2 0 4
0 1 0
1 5 27
0 1 0
1 25 114
0 1 0
2 0 1
0 1 0
1 4 15
0 1 0
1 10 119
0 1 0
1 29 170
0 1 0
1 37 145
0 1 0
1 24 95
0 1 0
1 7 41
0 1 0
3 0 7
0 1 0
3 0 3
0 1 0
1 41 286
0 1 0
2 0 3
0 1 0
4 0 517
0 1 0
1 33 180
0 1 0
1 29 250
0 1 0
1 42 417
0 1 0
2 0 9
0 1 0
2 0 8
0 1 0
0 38 62
0 1 0
2 0 3
0 1 0
1 44 296
0 1 0
3 0 8
0 1 0
1 11 108
0 1 0
2 0 1
0 1 0
4 0 957
0 1 0
1 46 245
0 1 0
1 37 241
0 1 0
3 0 0
0 1 0
1 22 91
0 1 0
1 41 292
0 1 0
2 0 1
0 1 0
1 14 133
0 1 0
1 24 164
0 1 0
3 0 8
0 1 0
2 0 7
0 1 0
3 0 10
0 1 0
2 0 3
0 1 0
1 25 255
0 1 0
2 0 10
0 1 0
2 0 2
0 1 0
1 15 32
0 1 0
2 0 5
0 1 0
0 31 40
0 1 0
3 0 9
0 1 0
0 33 27
0 1 0
1 16 118
0 1 0
1 29 110
0 1 0
3 0 5
0 1 0
1 24 161
0 1 0
2 0 1
0 1 0
2 0 0
0 1 0
3 0 5
0 1 0
4 0 917
0 1 0
1 2 6
0 1 0
2 0 2
0 1 0
2 0 10
0 1 0
2 0 1
0 1 0
2 0 4
0 1 0
1 21 151
0 1 0
2 0 2
0 1 0
2 0 6
0 1 0
3 0 9
0 1 0
1 28 276
0 1 0
0 32 43
0 1 0
2 0 1
0 1 0
2 0 5
0 1 0
0 38 56
0 1 0
2 0 9
0 1 0
3 0 3
0 1 0
1 21 60
0 1 0
4 0 707
0 1 0
0 29 36
0 1 0
3 0 3
0 1 0
3 0 0
0 1 0
4 0 548
0 1 0
4 0 224
0 1 0
1 12 96
0 1 0
1 16 112
0 1 0
1 4 48
0 1 0
4 0 521
0 1 0
3 0 0
0 1 0
2 0 10
0 1 0
0 36 39
0 1 0
1 39 197
0 1 0
3 0 8
0 1 0
1 21 119
0 1 0
2 0 3
0 1 0
1 47 465
0 1 0
1 34 178
0 1 0
2 0 1
0 1 0
2 0 10
0 1 0
1 38 143
0 1 0
2 0 2
0 1 0
3 0 4
0 1 0
1 29 179
0 1 0
2 0 6
0 1 0
0 27 39
0 1 0
1 37 215
0 1 0
2 0 10
0 1 0
2 0 2
0 1 0
2 0 2
0 1 0
2 0 4
0 1 0
3 0 3
0 1 0
3 0 8
0 1 0
2 0 9
0 1 0
0 16 11
0 1 0
1 10 93
0 1 0
2 0 5
0 1 0
2 0 4
0 1 0
2 0 2
0 1 0
2 0 3
0 1 0
1 10 56
0 1 0
2 0 0
0 1 0
1 7 49
0 1 0
3 0 0
0 1 0
2 0 1
0 1 0
1 7 12
0 1 0
1 36 274
0 1 0
1 26 147
0 1 0
2 0 7
0 1 0
1 28 138
0 1 0
2 0 1
0 1 0
2 0 8
0 1 0
0 12 13
0 1 0
2 0 8
0 1 0
2 0 7
0 1 0
2 0 6
0 1 0
0 9 9
0 1 0
1 16 56
0 1 0
2 0 0
0 1 0
2 0 0
0 1 0
2 0 6
0 1 0
2 0 2
0 1 0
2 0 4
0 1 0
0 38 41
0 1 0
1 17 63
0 1 0
2 0 9
0 1 0
0 31 42
0 1 0
2 0 3
0 1 0
3 0 4
0 1 0
0 1 1
0 1 0
1 2 11
0 1 0
2 0 0
0 1 0
1 39 280
0 1 0
3 0 10
0 1 0
2 0 2
0 1 0
3 0 2
0 1 0
1 30 125
0 1 0
2 0 5
0 1 0
0 40 36
0 1 0
2 0 3
0 1 0
2 0 2
0 1 0
2 0 0
0 1 0
0 1 1
0 1 0
0 39 40
0 1 0
2 0 5
0 1 0
0 9 6
0 1 0
1 18 172
0 1 0
3 0 8
0 1 0
1 3 17
0 1 0
2 0 10
0 1 0
0 6 9
0 1 0
0 37 42
0 1 0
2 0 3
0 1 0
0 50 59
0 1 0
2 0 3
0 1 0
1 17 184
0 1 0
0 43 80
0 1 0
0 19 12
0 1 0
3 0 0
0 1 0
2 0 3
0 1 0
1 26 127
0 1 0
3 0 10
0 1 0
3 0 1
0 1 0
0 5 6
0 1 0
3 0 10
0 1 0
0 3 3
0 1 0
1 35 312
0 1 0
1 44 205
0 1 0
4 0 872
0 1 0
2 0 5
0 1 0
1 1 6
0 1 0
1 4 16
0 1 0
2 0 10
0 1 0
2 0 7
0 1 0
3 0 6
0 1 0
2 0 6
0 1 0
3 0 7
0 1 0
1 37 255
0 1 0
3 0 1
0 1 0
2 0 0
0 1 0
2 0 8
0 1 0
1 7 50
0 1 0
1 26 242
0 1 0
1 34 336
0 1 0
2 0 4
0 1 0
2 0 8
0 1 0
1 13 112
0 1 0
4 0 993
0 1 0
1 11 51
0 1 0
2 0 5
0 1 0
3 0 9
0 1 0
0 49 33
0 1 0
2 0 2
0 1 0
2 0 8
0 1 0
2 0 1
0 1 0
1 42 249
0 1 0
1 31 105
0 1 0
2 0 7
0 1 0
2 0 5
0 1 0
1 37 436
0 1 0
1 20 78
0 1 0
2 0 9
0 1 0
3 0 7
0 1 0
3 0 4
0 1 0
2 0 3
0 1 0
3 0 9
0 1 0
0 22 19
0 1 0
0 27 23
0 1 0
3 0 9
0 1 0
1 48 487
0 1 0
0 40 50
0 1 0
1 9 92
0 1 0
2 0 7
0 1 0
3 0 1
0 1 0
2 0 2
0 1 0
3 0 0
0 1 0
1 6 40
0 1 0
2 0 4
0 1 0
2 0 1
0 1 0
1 38 113
0 1 0
2 0 9
0 1 0
3 0 8
0 1 0
0 38 34
0 1 0
1 49 162
0 1 0
2 0 8
0 1 0
3 0 0
0 1 0
1 9 13
0 1 0
2 0 2
0 1 0
1 9 75
0 1 0
2 0 8
0 1 0
2 0 9
0 1 0
0 28 42
0 1 0
1 35 321
0 1 0
3 0 8
0 1 0
1 22 146
0 1 0
1 12 37
0 1 0
1 45 281
0 1 0
2 0 10
0 1 0
3 0 8
0 1 0
2 0 0
0 1 0
3 0 9
0 1 0
1 37 278
0 1 0
1 37 280
0 1 0
2 0 2
0 1 0
0 50 41
0 1 0
2 0 8
0 1 0
3 0 10
0 1 0
1 8 38
0 1 0
0 22 21
0 1 0
1 40 394
0 1 0
2 0 6
0 1 0
2 0 1
0 1 0
1 38 434
0 1 0
3 0 5
0 1 0
3 0 4
0 1 0
3 0 8
0 1 0
3 0 9
0 1 0
2 0 9
0 1 0
2 0 4
0 1 0
2 0 6
0 1 0
3 0 1
0 1 0
2 0 4
0 1 0
0 8 7
0 1 0
3 0 2
0 1 0
0 35 29
0 1 0
0 31 38
0 1 0
3 0 10
0 1 0
1 46 337
0 1 0
1 39 387
0 1 0
2 0 10
0 1 0
3 0 3
0 1 0
0 43 65
0 1 0
2 0 1
0 1 0
0 48 55
0 1 0
2 0 0
0 1 0
3 0 7
0 1 0
2 0 3
0 1 0
1 6 50
0 1 0
1 21 151
0 1 0
1 18 193
0 1 0
2 0 9
0 1 0
3 0 4
0 1 0
0 6 9
0 1 0
2 0 6
0 1 0
1 34 342
0 1 0
4 0 705
0 1 0
3 0 9
0 1 0
3 0 7
0 1 0
3 0 3
0 1 0
3 0 8
0 1 0
3 0 5
0 1 0
1 50 134
0 1 0
2 0 10
0 1 0
0 43 27
0 1 0
3 0 0
0 1 0
2 0 6
0 1 0
1 1 7
0 1 0
3 0 6
0 1 0
2 0 9
0 1 0
1 38 186
0 1 0
1 49 196
0 1 0
2 0 2
0 1 0
3 0 1
0 1 0
1 13 119
0 1 0
3 0 7
0 1 0
3 0 4
0 1 0
3 0 5
0 1 0
3 0 10
0 1 0
2 0 4
0 1 0
1 39 215
0 1 0
2 0 6
0 1 0
1 43 480
0 1 0
2 0 4
0 1 0
1 1 5
0 1 0
3 0 0
0 1 0
2 0 1
0 1 0
2 0 10
0 1 0
1 22 135
0 1 0
0 49 38
0 1 0
3 0 7
0 1 0
2 0 0
0 1 0
1 9 97
0 1 0
1 36 235
0 1 0
3 0 9
0 1 0
0 41 30
0 1 0
2 0 0
0 1 0
1 24 250
0 1 0
3 0 2
0 1 0
2 0 3
0 1 0
1 21 155
0 1 0
2 0 4
0 1 0
2 0 2
0 1 0
3 0 9
0 1 0
2 0 4
0 1 0
1 49 482
0 1 0
4 0 683
0 1 0
2 0 0
0 1 0
3 0 8
0 1 0
0 49 68
0 1 0
1 21 158
0 1 0
2 0 1
0 1 0
2 0 2
0 1 0
1 13 70
0 1 0
3 0 6
0 1 0
1 24 144
0 1 0
2 0 10
0 1 0
2 0 4
0 1 0
2 0 6
0 1 0
0 1 1
0 1 0
3 0 3
0 1 0
3 0 1
0 1 0
1 15 119
0 1 0
2 0 2
0 1 0
3 0 3
0 1 0
2 0 5
0 1 0
2 0 7
0 1 0
1 17 143
0 1 0
3 0 4
0 1 0
0 2 2
0 1 0
1 13 88
0 1 0
3 0 4
0 1 0
1 41 364
0 1 0
0 49 37
0 1 0
0 9 8
0 1 0
1 2 17
0 1 0
2 0 2
0 1 0
1 41 363
0 1 0
1 27 103
0 1 0
1 18 70
0 1 0
1 6 50
0 1 0
2 0 6
0 1 0
2 0 4
0 1 0
1 27 188
0 1 0
1 20 132
0 1 0
3 0 9
0 1 0
1 2 10
0 1 0
3 0 6
0 1 0
2 0 2
0 1 0
2 0 2
0 1 0
3 0 5
0 1 0
2 0 0
0 1 0
3 0 5
0 1 0
3 0 0
0 1 0
1 2 7
0 1 0
2 0 8
0 1 0
1 16 158
0 1 0
2 0 10
0 1 0
2 0 9
0 1 0
2 0 9
0 1 0
2 0 3
0 1 0
1 38 227
0 1 0
2 0 3
0 1 0
3 0 1
0 1 0
3 0 0
0 1 0
2 0 8
0 1 0
3 0 10
0 1 0
2 0 9
0 1 0
0 22 20
0 1 0
2 0 8
0 1 0
3 0 4
0 1 0
2 0 1
0 1 0
0 17 19
0 1 0
3 0 4
0 1 0
3 0 5
0 1 0
1 37 169
0 1 0
2 0 1
0 1 0
1 9 43
0 1 0
2 0 9
0 1 0
2 0 9
0 1 0
3 0 2
0 1 0
4 0 954
0 1 0
0 33 61
0 1 0
0 9 16
0 1 0
0 6 6
0 1 0
1 32 115
0 1 0
0 31 28
0 1 0
0 1 1
0 1 0
4 0 476
0 1 0
1 37 346
0 1 0
2 0 2
0 1 0
0 19 10
0 1 0
2 0 0
0 1 0
1 23 148
0 1 0
2 0 7
0 1 0
1 19 142
0 1 0
1 30 231
0 1 0
3 0 5
0 1 0
0 14 9
0 1 0
1 48 344
0 1 0
2 0 3
0 1 0
1 12 74
0 1 0
0 10 9
0 1 0
0 33 27
0 1 0
2 0 1
0 1 0
2 0 7
0 1 0
2 0 10
0 1 0
2 0 10
0 1 0
2 0 3
0 1 0
1 31 230
0 1 0
0 29 26
0 1 0
2 0 1
0 1 0
2 0 9
0 1 0
2 0 10
0 1 0
1 2 14
0 1 0
1 14 96
0 1 0
1 14 124
0 1 0
3 0 3
0 1 0
3 0 5
0 1 0
1 19 122
0 1 0
1 34 330
0 1 0
1 43 423
0 1 0
0 27 26
0 1 0
2 0 0
0 1 0
2 0 4
0 1 0
2 0 7
0 1 0
4 0 690
0 1 0
2 0 10
0 1 0
2 0 10
0 1 0
2 0 2
0 1 0
3 0 10
0 1 0
2 0 0
0 1 0
3 0 5
0 1 0
0 41 50
0 1 0
2 0 10
0 1 0
1 37 111
0 1 0
1 43 336
0 1 0
1 25 146
0 1 0
1 18 101
0 1 0
1 24 135
0 1 0
1 23 226
0 1 0
2 0 6
0 1 0
1 22 125
0 1 0
3 0 9
0 1 0
2 0 1
0 1 0
2 0 0
0 1 0
3 0 10
0 1 0
2 0 2
0 1 0
2 0 1
0 1 0
2 0 1
0 1 0
1 24 137
0 1 0
0 19 28
0 1 0
3 0 5
0 1 0
3 0 9
0 1 0
1 45 387
0 1 0
1 42 358
0 1 0
1 23 261
0 1 0
2 0 7
0 1 0
3 0 2
0 1 0
2 0 8
0 1 0
1 15 102
0 1 0
1 22 260
0 1 0
2 0 7
0 1 0
4 0 628
0 1 0
2 0 10
0 1 0
0 3 2
0 1 0
3 0 3
0 1 0
2 0 8
0 1 0
3 0 8
0 1 0
2 0 0
0 1 0
3 0 5
0 1 0
1 11 81
0 1 0
0 44 60
0 1 0
1 33 259
0 1 0
0 34 29
0 1 0
3 0 3
0 1 0
2 0 5
0 1 0
2 0 5
0 1 0
2 0 4
0 1 0
2 0 2
0 1 0
0 43 51
0 1 0
0 48 37
0 1 0
3 0 10
0 1 0
0 25 23
0 1 0
3 0 4
0 1 0
0 42 31
0 1 0
2 0 0
0 1 0
4 0 831
0 1 0
1 20 110
0 1 0
3 0 5
0 1 0
0 5 5
0 1 0
0 15 18
0 1 0
3 0 10
0 1 0
4 0 779
0 1 0
1 44 152
0 1 0
2 0 5
0 1 0
2 0 8
0 1 0
2 0 1
0 1 0
3 0 5
0 1 0
3 0 9
0 1 0
2 0 5
0 1 0
1 8 68
0 1 0
1 47 350
0 1 0
1 48 207
0 1 0
3 0 6
0 1 0
2 0 9
0 1 0
3 0 10
0 1 0
1 43 297
0 1 0
3 0 8
0 1 0
2 0 8
0 1 0
2 0 7
0 1 0
2 0 8
0 1 0
2 0 10
0 1 0
3 0 8
0 1 0
0 28 33
0 1 0
1 8 24
0 1 0
3 0 7
0 1 0
3 0 3
0 1 0
1 11 78
0 1 0
0 37 30
0 1 0
1 46 308
0 1 0
4 0 871
0 1 0
2 0 9
0 1 0
1 22 161
0 1 0
1 44 314
0 1 0
2 0 0
0 1 0
3 0 7
0 1 0
3 0 6
0 1 0
3 0 8
0 1 0
2 0 3
0 1 0
2 0 6
0 1 0
2 0 5
0 1 0
2 0 6
0 1 0
1 25 196
0 1 0
4 0 767
0 1 0
1 32 256
0 1 0
2 0 4
0 1 0
2 0 5
0 1 0
1 38 322
0 1 0
3 0 2
0 1 0
0 32 27
0 1 0
4 0 839
0 1 0
1 31 275
0 1 0
2 0 1
0 1 0
3 0 2
0 1 0
0 26 30
0 1 0
1 15 169
0 1 0
3 0 0
0 1 0
2 0 5
0 1 0
2 0 1
0 1 0
3 0 5
0 1 0
3 0 6
0 1 0
2 0 9
0 1 0
2 0 9
0 1 0
1 23 34
0 1 0
3 0 5
0 1 0
2 0 2
0 1 0
1 9 41
0 1 0
1 15 126
0 1 0
2 0 8
0 1 0
3 0 4
0 1 0
2 0 1
0 1 0
2 0 5
0 1 0
2 0 1
0 1 0
1 10 101
0 1 0
1 49 440
0 1 0
0 30 36
0 1 0
2 0 7
0 1 0
3 0 1
0 1 0
2 0 0
0 1 0
1 40 225
0 1 0
3 0 5
0 1 0
1 22 125
0 1 0
3 0 3
0 1 0
1 34 306
0 1 0
2 0 0
0 1 0
0 49 32
0 1 0
2 0 1
0 1 0
2 0 5
0 1 0
2 0 0
0 1 0
1 11 66
0 1 0
1 28 212
0 1 0
1 21 113
0 1 0
2 0 10
0 1 0
2 0 2
0 1 0
3 0 8
0 1 0
2 0 1
0 1 0
0 41 54
0 1 0
1 22 82
0 1 0
1 28 101
0 1 0
3 0 9
0 1 0
1 22 185
0 1 0
1 33 108
0 1 0
1 28 249
0 1 0
2 0 5
0 1 0
3 0 7
0 1 0
2 0 1
0 1 0
0 31 31
0 1 0
3 0 7
0 1 0
1 29 99
0 1 0
2 0 4
0 1 0
0 44 41
0 1 0
3 0 6
0 1 0
1 6 48
0 1 0
3 0 9
0 1 0
2 0 5
0 1 0
1 15 146
0 1 0
2 0 5
0 1 0
1 18 115
0 1 0
1 4 27
0 1 0
1 43 325
0 1 0
1 39 268
0 1 0
2 0 2
0 1 0
3 0 1
0 1 0
3 0 5
0 1 0
3 0 0
0 1 0
1 18 177
0 1 0
1 8 41
0 1 0
1 26 284
0 1 0
2 0 5
0 1 0
2 0 4
0 1 0
1 1 4
0 1 0
1 43 302
0 1 0
2 0 6
0 1 0
3 0 7
0 1 0
2 0 7
0 1 0
1 44 454
0 1 0
2 0 2
0 1 0
3 0 2
0 1 0
0 4 5
0 1 0
2 0 1
0 1 0
2 0 2
0 1 0
2 0 7
0 1 0
0 15 13
0 1 0
2 0 6
0 1 0
2 0 9
0 1 0
2 0 3
0 1 0
3 0 8
0 1 0
1 24 171
0 1 0
3 0 1
0 1 0
2 0 0
0 1 0
1 14 74
0 1 0
2 0 10
0 1 0
2 0 3
0 1 0
1 37 229
0 1 0
3 0 5
0 1 0
1 13 78
0 1 0
0 25 31
0 1 0
3 0 10
0 1 0
2 0 4
0 1 0
3 0 4
0 1 0
2 0 1
0 1 0
1 44 115
0 1 0
3 0 9
0 1 0
3 0 5
0 1 0
2 0 1
0 1 0
2 0 0
0 1 0
0 17 14
0 1 0
1 18 164
0 1 0
0 20 20
0 1 0
1 10 98
0 1 0
2 0 6
0 1 0
1 28 260
0 1 0
1 39 273
0 1 0
3 0 1
0 1 0
1 21 125
0 1 0
1 41 402
0 1 0
0 34 49
0 1 0
3 0 6
0 1 0
0 46 64
0 1 0
1 11 71
0 1 0
2 0 3
0 1 0
1 49 423
0 1 0
1 18 165
0 1 0
1 20 247
0 1 0
3 0 2
0 1 0
2 0 8
0 1 0
1 22 183
0 1 0
1 15 84
0 1 0
1 48 400
0 1 0
3 0 5
0 1 0
0 38 28
0 1 0
2 0 1
0 1 0
1 23 228
0 1 0
1 32 301
0 1 0
2 0 4
0 1 0
3 0 9
0 1 0
2 0 9
0 1 0
4 0 662
0 1 0
0 18 16
0 1 0
1 15 118
0 1 0
3 0 4
0 1 0
0 27 37
0 1 0
2 0 1
0 1 0
2 0 2
0 1 0
1 31 117
0 1 0
1 41 232
0 1 0
1 10 58
0 1 0
2 0 5
0 1 0
2 0 9
0 1 0
0 30 38
0 1 0
2 0 4
0 1 0
1 2 13
0 1 0
2 0 2
