4 2 4 1000
34 38
6 11
27 19
35 25
67 95
22 23
7 8
99 52
91 77
13 14
125 138
5 12
11 8
15 14
35 31
10 14
8 8
186 226
140 136
6 7
5 6
115 115
59 23
50 58
11 21
5 7
103 83
118 80
56 49
9 15
127 173
26 35
128 97
225 235
26 31
125 133
4 5
88 55
43 71
84 93
22 13
15 24
127 236
7 7
8 6
6 5
40 29
132 155
122 136
149 185
8 8
33 55
72 64
74 199
25 27
4 4
54 37
28 28
61 81
77 65
215 175
139 140
42 62
33 37
34 37
220 105
73 52
226 261
42 40
244 443
41 33
175 133
5 4
4 2
64 40
24 26
7 7
82 143
82 73
12 7
80 98
11 15
11 9
90 181
10 10
49 39
16 17
113 116
40 29
80 101
66 37
9 7
140 83
25 42
7 8
19 38
13 15
73 40
9 25
14 11
4 5
5 9
23 36
32 11
15 20
99 180
114 215
12 11
8 10
14 8
53 60
26 17
115 104
23 15
52 47
201 191
89 125
41 55
8 4
252 302
53 69
12 17
219 194
14 16
13 19
37 32
13 10
9 9
74 111
197 286
54 104
40 20
50 47
6 6
9 7
31 58
22 29
61 93
66 94
193 107
16 11
116 203
12 8
170 354
228 172
113 157
8 7
184 69
244 236
7 7
73 61
94 125
25 15
8 10
95 111
7 6
75 49
56 43
5 9
163 110
10 7
47 40
24 29
144 88
27 28
10 5
8 6
210 229
10 19
8 13
17 12
10 9
50 29
12 13
5 6
4 6
16 15
12 17
5 4
41 31
41 54
43 61
5 4
6 5
190 270
43 33
88 97
115 129
9 10
7 5
196 148
81 104
217 408
6 12
6 8
41 67
6 8
34 15
150 141
6 8
73 54
92 171
27 21
93 90
105 77
26 54
37 31
84 98
21 28
59 82
192 288
14 12
73 133
152 213
9 10
186 234
15 14
4 5
17 9
15 19
10 9
7 9
113 145
12 14
37 33
41 59
48 32
6 5
18 32
4 2
70 171
188 227
20 23
246 200
72 85
6 5
53 47
202 349
5 4
118 125
147 139
207 208
24 24
9 12
19 23
55 43
106 131
115 134
96 82
41 39
70 63
113 82
247 158
7 6
5 10
7 6
159 90
21 16
8 8
5 5
6 5
4 4
37 35
14 23
27 27
5 7
8 5
26 33
44 38
15 20
65 64
66 28
23 24
4 5
9 11
6 6
28 24
56 39
242 318
12 10
108 91
69 69
32 20
49 48
5 7
18 18
147 70
28 20
23 20
241 277
70 73
50 41
16 25
67 57
169 171
64 76
13 10
4 4
58 42
86 113
182 287
71 63
118 163
31 31
29 36
14 11
103 57
74 63
201 208
17 21
53 59
53 66
15 9
120 200
31 39
58 51
20 21
14 19
169 105
49 49
5 5
12 22
14 13
40 40
72 78
143 144
108 150
6 13
92 115
29 26
152 172
5 6
8 13
9 6
95 68
25 24
52 40
14 14
160 144
17 21
156 160
7 8
142 97
198 252
78 41
150 109
4 10
21 22
7 6
70 74
15 24
23 10
12 16
15 12
133 245
17 21
88 117
75 72
34 14
135 164
37 33
30 104
34 21
47 34
5 5
14 25
13 7
6 5
247 197
128 117
7 8
117 52
21 16
48 38
154 221
63 39
6 6
18 15
16 18
17 28
7 4
150 104
19 21
26 41
16 14
9 10
11 24
4 7
80 54
5 7
194 140
63 49
9 12
9 17
188 317
11 7
225 296
13 8
75 73
140 109
74 74
31 30
132 137
5 5
37 68
21 15
128 122
61 70
121 213
176 147
18 38
66 88
8 5
153 156
16 17
69 88
8 7
167 235
255 260
205 178
7 5
60 57
12 7
178 194
102 123
4 3
38 26
5 6
20 21
15 30
12 11
24 23
54 71
189 205
255 131
170 232
12 11
62 67
31 44
27 31
46 45
75 69
9 15
11 6
34 22
22 28
4 4
6 5
12 15
147 146
124 164
46 34
4 2
154 142
8 8
6 6
171 196
232 176
14 18
44 38
52 43
76 68
4 5
37 32
27 19
145 125
48 66
8 10
11 13
12 10
9 9
245 246
27 18
52 36
105 54
47 67
7 3
219 123
19 16
6 4
9 5
29 22
86 84
149 190
222 180
151 149
89 43
25 30
75 56
79 72
21 15
162 106
100 90
6 5
27 28
44 55
20 20
8 12
161 126
46 35
132 128
29 30
46 38
126 115
37 33
100 277
11 10
14 12
36 15
12 26
24 14
11 10
72 48
11 8
6 4
6 4
9 9
14 20
13 23
93 157
187 108
226 237
63 67
40 54
40 48
16 14
27 22
7 7
168 161
35 32
6 5
164 207
6 9
23 38
13 11
21 13
56 82
131 101
158 170
9 16
16 13
225 177
20 11
28 27
5 5
149 229
99 123
13 11
84 50
4 3
18 11
42 47
15 25
200 254
5 3
77 69
6 9
5 4
182 121
66 48
21 40
7 5
66 79
207 125
9 9
5 7
22 30
6 7
4 2
10 7
7 10
76 72
30 50
206 218
77 73
226 277
98 88
5 5
7 4
205 177
179 129
8 11
36 55
5 4
21 10
84 120
29 25
7 5
29 18
144 216
175 113
64 109
102 117
73 57
19 19
39 39
206 226
34 73
8 6
27 56
162 137
221 364
5 3
9 7
11 10
149 166
105 144
29 24
76 73
10 7
87 68
22 21
13 18
16 14
15 17
52 100
138 217
10 9
25 41
226 328
179 214
5 2
33 55
66 57
13 25
9 9
7 14
125 250
59 77
16 11
21 19
4 7
98 262
57 71
23 34
220 216
33 59
50 52
39 37
13 11
12 16
25 25
93 73
10 16
91 161
10 8
51 41
8 8
18 25
188 339
39 29
96 99
250 346
33 34
85 95
5 5
86 55
45 48
5 4
29 38
12 11
9 13
6 18
218 393
202 211
10 9
182 123
39 47
93 225
21 36
14 9
7 7
150 220
71 57
19 25
240 326
8 5
21 22
19 17
14 23
10 9
133 127
245 233
98 96
84 81
13 7
23 29
20 29
181 193
153 217
8 13
11 9
164 156
15 19
5 8
7 8
73 61
83 104
150 247
7 4
4 5
61 43
10 14
30 19
61 96
220 198
8 14
9 13
7 4
77 62
197 186
88 87
254 475
7 7
112 65
119 102
90 74
12 13
44 45
5 6
29 17
5 4
5 5
133 100
37 35
204 182
214 296
9 10
68 38
6 13
48 42
75 61
246 288
77 72
10 9
9 10
12 11
10 9
45 27
148 171
5 5
232 286
8 11
8 13
40 23
19 21
36 34
4 5
5 5
7 9
7 9
36 64
25 18
81 116
25 18
4 3
22 24
70 239
19 12
4 3
12 19
10 13
127 256
16 13
5 4
40 38
26 15
77 42
5 3
102 124
9 10
5 3
252 96
58 33
23 48
81 113
11 12
56 30
132 95
62 97
6 5
206 119
121 227
62 43
120 173
44 30
12 8
114 86
17 10
186 172
17 25
131 242
9 11
100 58
9 11
10 5
7 5
221 208
8 5
14 11
231 190
7 6
5 7
107 75
126 91
19 20
33 60
10 6
72 83
89 57
160 225
79 124
36 40
122 143
4 6
57 63
91 100
25 47
23 32
5 4
209 282
173 164
81 150
4 3
10 11
4 4
25 43
28 40
28 38
99 119
15 6
194 183
58 39
12 14
17 26
14 12
58 42
16 18
227 218
108 97
7 5
39 38
230 274
91 99
30 44
9 15
55 50
214 293
81 113
13 11
32 40
35 32
88 134
8 8
8 7
160 159
195 118
69 55
47 79
42 40
11 17
9 9
73 76
22 37
85 60
112 78
9 7
8 6
17 20
208 151
21 21
5 5
79 62
158 147
80 73
115 110
239 213
42 58
25 21
7 6
251 310
11 12
24 43
76 77
46 62
41 32
39 19
8 8
26 54
32 23
4 10
6 6
178 259
5 6
159 62
6 3
8 18
5 6
24 29
173 249
9 6
46 31
37 28
10 8
231 194
21 23
73 88
47 65
12 21
8 8
208 146
50 42
21 37
92 78
15 11
63 85
5 5
60 45
8 10
93 67
46 39
24 23
150 167
14 17
12 12
133 109
50 50
7 7
11 13
16 18
18 11
67 100
223 139
68 59
8 14
6 5
167 251
120 258
27 17
6 7
33 18
150 159
53 62
58 50
154 190
29 42
12 21
41 35
5 6
24 16
4 5
114 176
9 7
5 5
11 8
8 8
35 28
16 12
74 70
196 164
32 33
61 62
27 54
7 7
7 14
131 152
53 75
90 80
4 6
18 17
26 29
64 39
7 9
162 299
60 69
28 18
99 119
18 22
186 130
78 97
29 26
15 12
30 29
101 86
231 243
70 103
62 68
98 71
37 33
21 16
87 101
250 227
178 133
17 13
44 34
98 71
7 9
180 186
211 149
13 12
14 13
7 10
10 5
15 13
45 22
190 97
29 28
6 6
99 67
116 84
33 17
8 6
19 21
229 223
60 50
49 45
8 9
32 27
7 9
20 21
99 264
112 166
8 9
49 43
129 193
9 12
24 20
17 21
10 9
156 155
5 4
202 297
168 139
164 169
9 12
106 115
131 119
21 38
20 27
16 7
4 5
5 5
10 10
8 10
206 182
39 26
79 73
15 9
59 62
8 5
121 101
7 13
133 94
15 19
6 3
23 31
5 5
11 9
16 17
134 152
6 4
226 201
182 234
20 13
6 8
27 19
26 47
44 49
31 19
149 168
5 4
59 58
10 15
9 16
11 6
107 142
27 55
4 6
54 130
14 19
92 38
9 11
119 71
38 64
6 4
183 550
66 91
17 29
6 7
34 37
24 24
13 11
52 74
72 53
115 258
38 48
30 32
126 161
188 190
29 34
15 18
241 311
6 7
41 30
128 163
86 82
13 8
47 76
4 6
116 182
248 157
13 19
171 178
75 65
13 29
21 17
72 53
75 46
110 77
47 52
131 83
9 6
63 62
21 30
55 40
22 24
6 3
44 91
6 5
162 171
36 68
76 42
178 238
252 275
250 198
196 214
196 146
96 149
13 11
242 199
4 3
14 9
236 205
12 20
7 11
191 134
49 70
20 13
17 20
4 6
13 21
79 55
131 158
28 29
88 83
20 30
4 2
13 7
6 6
30 18
47 55
83 116
26 31
39 62
13 10
23 15
13 16
11 10
80 87
5 4
50 47
183 236
22 16
6 6
65 72
58 43
164 135
59 68
55 50
127 76
34 37
13 10
15 15
41 59
132 151
82 72
48 68
78 110
7 7
18 17
27 28
151 193
54 45
78 105
155 195
19 16
98 114
47 34
8 17
99 132
20 23
30 58
156 145
45 24
5 4
5 7
47 30
174 150
223 177
16 17
6 2
10 5
69 99
48 61
98 104
238 186
7 11
49 77
142 233
7 11
48 24
19 26
14 12
19 15
59 112
6 4
47 28
6 6
12 10
55 57
6 10
176 181
64 99
23 17
107 126
73 60
18 21
19 13
46 38
64 38
176 194
13 9
17 25
10 10
98 84
4 3
10 9
35 47
20 23
96 115
8 4
220 252
39 51
21 27
5 4
161 177
7 4
11 10
5 7
13 17
256 202
16 19
16 19
15 11
5 7
170 245
25 14
84 68
61 47
10 12
37 44
9 6
42 35
17 18
207 309
7 6
156 155
41 32
33 22
71 49
7 8
129 304
77 60
6 7
158 216
30 18
13 10
105 171
117 118
36 44
8 13
8 8
238 253
219 140
139 76
27 23
22 29
15 10
89 102
18 18
6 4
238 221
112 99
4 5
4 4
131 111
12 20
8 5
8 8
20 27
171 183
26 33
19 16
22 10
5 3
5 7
60 37
17 19
38 43
223 207
46 34
56 61
6 5
114 100
94 100
94 76
146 242
256 226
22 39
99 81
9 7
7 11
17 15
9 8
5 5
109 70
13 13
15 13
116 113
187 371
31 30
70 50
24 31
5 4
13 10
28 23
8 8
184 178
15 12
8 11
142 156
18 32
235 198
16 15
97 66
6 5
6 6
7 6
13 27
14 16
38 20
27 21
49 44
22 15
60 82
7 7
155 215
21 36
11 8
195 272
64 43
27 21
5 4
222 257
5 7
82 107
165 141
54 42
7 9
169 313
6 6
55 42
35 27
22 23
5 5
13 14
12 13
223 169
13 12
5 7
20 13
27 19
5 8
8 7
149 177
124 79
49 57
57 63
48 62
105 79
30 39
64 44
5 5
19 20
241 394
24 41
154 136
6 5
63 49
5 5
211 307
19 28
4 3
5 6
36 33
9 11
50 40
10 8
9 10
12 11
102 126
5 6
50 67
87 131
16 16
106 196
126 168
78 97
51 62
93 84
146 117
22 26
6 8
16 10
202 239
7 3
23 29
24 16
16 14
19 16
7 6
4 5
24 28
30 26
127 170
7 5
191 169
70 95
7 5
26 19
58 78
116 113
78 67
16 18
18 20
6 4
169 195
64 66
85 70
32 23
106 136
68 126
8 6
39 47
97 92
28 58
11 8
7 8
254 253
187 153
32 28
79 177
19 15
5 5
28 30
17 31
14 15
108 116
141 200
78 60
87 78
12 20
47 35
167 85
10 15
20 14
28 38
30 41
92 48
186 267
94 138
97 77
5 5
13 13
24 21
80 106
23 26
53 53
6 3
16 12
6 9
22 18
101 74
29 28
55 48
78 116
144 120
48 38
41 36
24 20
4 4
5 5
23 18
16 24
14 11
125 82
63 59
11 14
15 16
32 27
49 50
15 31
5 5
57 56
43 33
16 28
11 10
72 53
13 19
41 37
62 45
25 21
164 134
21 30
139 81
68 68
13 20
136 158
225 273
47 25
253 315
11 21
28 27
101 117
47 19
11 11
74 77
237 171
9 9
25 18
130 197
33 36
178 118
107 120
12 7
12 19
7 8
20 20
103 123
38 53
7 10
149 130
213 253
5 5
74 101
105 147
168 139
49 65
60 53
162 103
106 59
42 39
24 28
13 12
162 244
244 301
56 99
16 16
48 44
52 33
169 222
28 34
191 198
5 4
222 206
248 229
76 72
10 8
19 9
49 62
59 68
33 33
164 159
152 212
27 29
241 223
33 39
135 161
21 29
27 28
14 18
6 9
4 6
48 33
14 11
120 159
140 111
5 4
47 59
5 6
19 12
172 208
29 38
91 85
14 13
121 183
46 34
68 107
40 31
43 69
142 121
61 50
83 116
149 167
15 11
4 5
18 19
19 15
82 92
63 80
15 12
20 12
9 8
35 29
225 220
25 15
44 46
145 117
39 25
156 71
22 18
7 7
103 114
5 4
152 92
153 209
151 101
157 193
17 28
119 73
41 36
16 11
27 20
8 12
4 4
6 5
36 37
5 7
80 64
8 7
82 71
62 37
65 60
210 155
241 245
22 12
26 29
9 8
141 157
171 294
7 3
103 123
23 48
10 11
5 5
51 61
13 15
42 60
83 61
20 15
6 5
14 16
38 38
47 35
6 7
11 17
18 26
149 106
77 117
5 7
204 90
205 171
6 4
10 22
7 10
16 12
133 114
11 12
7 8
40 21
154 186
7 7
25 13
248 207
41 40
11 9
75 100
22 17
9 18
186 206
4 3
11 11
90 91
80 99
6 5
157 131
86 74
163 231
29 38
5 5
113 92
249 184
52 28
5 5
4 5
4 8
8 7
20 20
11 6
8 6
11 12
33 36
128 125
66 78
27 44
16 8
5 6
12 15
6 3
106 273
7 7
27 17
70 42
7 5
13 9
210 282
14 15
16 19
9 11
92 190
205 486
6 9
70 162
5 5
8 6
30 27
6 4
102 89
10 11
45 49
103 96
10 14
13 7
88 137
14 8
5 6
50 22
101 56
46 118
7 7
11 12
15 5
5 10
172 243
34 62
11 12
31 20
22 20
92 61
27 31
104 96
149 144
15 32
100 85
94 73
18 15
64 59
68 107
5 3
30 20
65 100
76 48
9 7
30 35
8 5
32 56
6 5
10 7
122 170
223 177
5 4
15 12
231 252
184 239
131 221
62 46
159 201
47 23
16 15
9 9
98 89
16 11
4 7
103 124
10 11
10 12
6 4
32 25
6 8
16 12
119 95
90 98
28 20
11 14
194 197
14 21
26 39
12 8
9 8
194 292
20 21
195 174
8 7
46 64
16 14
73 81
4 7
184 223
246 221
9 7
21 40
23 42
27 38
117 114
48 55
45 44
195 119
109 84
85 65
9 5
119 131
19 26
5 7
49 94
16 13
13 14
11 18
6 3
50 32
160 414
106 148
10 11
92 69
11 12
5 6
15 9
85 99
7 6
26 30
122 139
151 144
7 8
5 8
75 58
6 4
14 30
203 267
9 15
116 91
37 43
256 264
59 47
29 20
104 95
11 9
47 45
167 186
45 57
5 6
13 11
11 17
95 123
10 14
10 12
20 20
4 5
7 9
74 57
18 12
85 75
56 46
68 75
20 31
195 339
18 16
158 238
172 128
48 37
40 31
5 3
6 7
4 9
59 46
187 176
17 18
135 79
47 31
111 168
70 76
10 14
20 11
195 157
20 10
4 8
103 138
38 35
179 250
8 12
5 5
37 46
65 40
8 11
220 164
37 23
4 6
33 19
28 35
10 6
107 125
81 106
124 140
16 27
17 17
162 111
25 17
115 102
99 112
96 149
46 38
21 21
8 12
32 37
9 12
4 5
176 136
46 70
30 52
7 6
14 8
143 94
29 51
174 200
17 20
14 12
227 322
177 104
24 19
30 22
5 5
4 3
71 99
183 129
33 39
10 6
28 22
19 23
43 39
85 108
180 207
33 43
104 122
22 16
43 35
7 5
45 55
21 17
82 118
132 253
33 51
24 12
5 7
147 149
13 12
6 6
43 29
6 8
64 58
69 57
169 209
15 11
137 223
62 27
4 0
0 13
3 0
0 24
0 1 0
2 0 8
0 16 19
2 0 9
0 1 0
1 37 40
0 48 17
1 47 108
0 1 0
4 0 568
0 30 18
4 0 728
0 1 0
1 24 64
0 15 9
2 0 4
0 1 0
2 0 8
0 20 11
0 14 11
0 1 0
3 0 2
0 26 21
0 41 29
0 1 0
2 0 3
1 7 10
2 0 7
0 1 0
0 22 28
2 0 6
0 33 38
0 1 0
1 24 75
0 36 48
2 0 9
0 1 0
0 41 63
1 39 118
1 17 38
0 1 0
1 38 94
0 1 1
1 13 25
0 1 0
2 0 1
4 0 334
1 31 84
0 1 0
0 49 73
3 0 5
1 1 1
0 1 0
0 24 20
2 0 2
1 32 48
0 1 0
3 0 4
2 0 10
2 0 0
0 1 0
1 20 41
2 0 4
2 0 1
0 1 0
2 0 4
1 15 14
0 42 19
0 1 0
1 32 81
0 41 35
1 41 100
0 1 0
0 22 20
1 10 16
0 29 13
0 1 0
1 1 2
2 0 6
0 34 41
0 1 0
1 10 16
0 12 11
1 7 15
0 1 0
0 19 28
0 48 35
0 36 24
0 1 0
2 0 9
0 21 16
0 32 37
0 1 0
1 13 37
0 41 39
0 4 4
0 1 0
2 0 10
0 8 9
0 10 9
0 1 0
0 29 36
3 0 2
0 12 22
0 1 0
0 32 21
1 27 45
1 19 32
0 1 0
1 24 63
0 32 21
0 46 44
0 1 0
0 44 36
4 0 504
1 49 32
0 1 0
0 3 4
4 0 412
0 33 40
0 1 0
0 20 31
0 33 30
0 42 21
0 1 0
0 32 18
0 12 4
0 24 34
0 1 0
1 41 48
2 0 0
0 9 13
0 1 0
1 39 93
0 2 2
1 29 33
0 1 0
1 43 73
2 0 0
2 0 4
0 1 0
2 0 4
1 39 54
0 18 20
0 1 0
4 0 897
4 0 741
0 38 37
0 1 0
0 49 64
0 12 10
0 3 2
0 1 0
0 25 10
1 33 92
1 10 14
0 1 0
0 50 74
1 41 58
4 0 550
0 1 0
0 21 24
1 37 57
4 0 784
0 1 0
3 0 4
2 0 7
2 0 3
0 1 0
4 0 433
4 0 803
0 35 21
0 1 0
3 0 1
1 32 76
1 37 60
0 1 0
3 0 8
1 41 74
0 31 34
0 1 0
0 50 18
1 40 57
1 27 52
0 1 0
3 0 3
3 0 2
1 36 42
0 1 0
3 0 9
0 21 17
3 0 8
0 1 0
0 9 6
1 28 62
0 20 22
0 1 0
3 0 4
1 13 19
2 0 5
0 1 0
3 0 10
0 36 36
0 49 58
0 1 0
0 42 41
4 0 978
1 10 14
0 1 0
2 0 5
1 12 21
0 9 11
0 1 0
0 18 19
3 0 4
4 0 862
0 1 0
2 0 6
3 0 0
3 0 1
0 1 0
1 27 51
0 2 2
0 18 25
0 1 0
2 0 10
2 0 8
1 45 97
0 1 0
0 32 49
0 49 38
0 2 1
0 1 0
1 23 26
4 0 717
1 49 78
0 1 0
0 17 21
0 45 75
2 0 10
0 1 0
0 44 33
0 27 29
0 9 6
0 1 0
2 0 9
4 0 656
1 1 2
0 1 0
0 31 53
0 22 13
1 7 25
0 1 0
0 49 62
3 0 2
1 28 68
0 1 0
1 45 44
0 21 26
3 0 7
0 1 0
2 0 1
2 0 2
1 28 46
0 1 0
3 0 1
2 0 3
1 16 24
0 1 0
1 1 2
1 39 63
1 38 57
0 1 0
3 0 8
3 0 9
0 41 55
0 1 0
0 41 39
2 0 5
2 0 4
0 1 0
3 0 6
2 0 1
0 46 41
0 1 0
0 40 47
2 0 7
0 2 2
0 1 0
1 18 43
1 26 22
1 46 95
0 1 0
0 42 31
1 14 36
1 16 59
0 1 0
2 0 3
2 0 2
0 21 21
0 1 0
0 34 31
2 0 8
3 0 7
0 1 0
4 0 982
0 45 25
3 0 3
0 1 0
0 42 53
2 0 4
2 0 7
0 1 0
0 19 11
1 12 34
2 0 1
0 1 0
1 20 16
2 0 5
2 0 5
0 1 0
0 44 45
0 3 4
1 7 15
0 1 0
1 1 2
1 9 27
4 0 580
0 1 0
0 40 44
2 0 6
0 24 29
0 1 0
4 0 662
3 0 4
0 36 69
0 1 0
3 0 1
0 23 15
1 23 36
0 1 0
2 0 2
0 42 32
3 0 8
0 1 0
0 47 56
4 0 790
1 41 69
0 1 0
0 32 26
0 33 53
2 0 0
0 1 0
2 0 0
3 0 1
0 21 23
0 1 0
1 36 75
2 0 1
2 0 4
0 1 0
0 20 18
3 0 7
1 22 33
0 1 0
0 27 39
0 29 40
3 0 5
0 1 0
0 30 43
4 0 827
0 19 18
0 1 0
1 12 32
4 0 998
0 9 9
0 1 0
3 0 6
0 12 18
1 36 55
0 1 0
1 30 48
2 0 4
0 49 60
0 1 0
2 0 2
0 45 44
1 6 11
0 1 0
0 7 9
2 0 8
4 0 227
0 1 0
3 0 4
3 0 6
0 21 26
0 1 0
0 27 14
0 26 13
1 32 104
0 1 0
3 0 5
0 6 6
1 25 47
0 1 0
3 0 2
0 1 1
4 0 870
0 1 0
0 18 26
1 14 22
0 28 10
0 1 0
1 20 36
0 45 35
0 15 18
0 1 0
1 19 45
1 42 88
3 0 5
0 1 0
0 7 6
1 18 17
2 0 3
0 1 0
2 0 4
1 44 111
1 30 45
0 1 0
4 0 682
1 46 90
1 28 37
0 1 0
0 20 18
0 12 18
1 24 31
0 1 0
4 0 257
2 0 7
0 33 31
0 1 0
0 8 7
1 26 53
2 0 1
0 1 0
1 8 20
2 0 5
1 15 31
0 1 0
3 0 1
0 15 16
0 6 8
0 1 0
0 40 24
0 13 24
2 0 3
0 1 0
3 0 10
2 0 0
0 45 41
0 1 0
2 0 9
1 14 40
2 0 9
0 1 0
1 49 85
0 17 12
0 15 9
0 1 0
3 0 8
2 0 5
0 40 45
0 1 0
0 41 42
0 42 37
2 0 0
0 1 0
1 2 5
3 0 3
0 46 78
0 1 0
2 0 4
2 0 6
3 0 4
0 1 0
0 36 13
1 28 44
4 0 888
0 1 0
2 0 10
0 14 9
2 0 2
0 1 0
0 14 9
2 0 7
3 0 4
0 1 0
0 38 28
1 15 22
0 36 22
0 1 0
2 0 9
2 0 2
1 45 104
0 1 0
2 0 5
1 9 19
0 48 39
0 1 0
1 30 22
3 0 8
4 0 384
0 1 0
2 0 9
0 38 40
0 50 82
0 1 0
1 32 42
1 1 2
2 0 9
0 1 0
2 0 4
0 37 46
2 0 8
0 1 0
1 14 26
1 24 42
2 0 0
0 1 0
2 0 8
0 24 28
1 20 66
0 1 0
1 45 104
2 0 5
2 0 10
0 1 0
0 36 34
0 18 19
1 23 49
0 1 0
1 25 27
0 29 17
3 0 5
0 1 0
0 45 38
0 22 24
1 30 44
0 1 0
0 2 2
3 0 9
2 0 7
0 1 0
4 0 782
0 7 11
2 0 1
0 1 0
1 37 83
2 0 7
3 0 2
0 1 0
0 39 43
1 26 38
3 0 2
0 1 0
4 0 966
0 38 51
4 0 654
0 1 0
1 43 52
2 0 2
3 0 4
0 1 0
2 0 4
1 1 2
3 0 10
0 1 0
0 30 35
2 0 2
1 22 39
0 1 0
2 0 4
0 19 16
2 0 5
0 1 0
0 22 23
2 0 7
0 14 16
0 1 0
0 1 1
0 33 19
4 0 753
0 1 0
0 48 50
3 0 0
1 44 132
0 1 0
1 20 42
0 44 21
2 0 0
0 1 0
2 0 10
0 36 61
1 39 37
0 1 0
0 25 24
3 0 3
3 0 0
0 1 0
3 0 3
1 15 30
2 0 10
0 1 0
0 29 24
0 24 21
1 37 61
0 1 0
1 19 34
4 0 886
0 45 9
0 1 0
1 43 53
2 0 4
1 15 39
0 1 0
1 37 9
3 0 3
1 25 42
0 1 0
2 0 8
1 1 1
0 45 23
0 1 0
2 0 8
2 0 7
0 23 34
0 1 0
2 0 8
3 0 10
2 0 6
0 1 0
4 0 677
0 39 50
1 25 47
0 1 0
0 18 16
0 18 23
2 0 3
0 1 0
0 30 34
0 24 23
0 16 17
0 1 0
2 0 7
0 48 58
1 17 34
0 1 0
0 2 2
0 13 13
2 0 5
0 1 0
2 0 6
1 32 68
3 0 1
0 1 0
0 47 42
1 17 31
2 0 9
0 1 0
2 0 1
1 39 136
0 16 17
0 1 0
3 0 7
1 36 99
1 20 35
0 1 0
1 29 56
1 23 31
1 32 45
0 1 0
3 0 2
1 23 59
4 0 344
0 1 0
0 32 36
1 37 40
0 7 8
0 1 0
0 19 24
0 17 10
3 0 6
0 1 0
3 0 1
0 40 59
0 41 15
0 1 0
1 27 72
2 0 8
1 15 10
0 1 0
1 12 26
1 30 51
1 28 55
0 1 0
0 45 26
4 0 783
2 0 4
0 1 0
2 0 10
1 10 5
2 0 1
0 1 0
0 6 3
1 30 86
4 0 639
0 1 0
3 0 9
0 5 9
0 45 18
0 1 0
1 46 84
0 17 14
1 46 120
0 1 0
2 0 1
0 49 64
0 44 58
0 1 0
0 31 40
0 32 40
1 50 104
0 1 0
0 26 21
2 0 10
0 37 32
0 1 0
4 0 652
0 31 31
4 0 670
0 1 0
0 5 7
2 0 8
1 48 64
0 1 0
0 42 47
3 0 2
2 0 7
0 1 0
1 36 96
0 14 20
2 0 6
0 1 0
1 44 75
0 34 43
0 6 4
0 1 0
0 15 9
0 10 3
0 16 15
0 1 0
1 17 50
0 42 24
4 0 358
0 1 0
0 28 25
2 0 1
0 45 49
0 1 0
1 32 44
1 24 70
4 0 612
0 1 0
0 33 21
1 28 38
1 24 73
0 1 0
3 0 7
1 5 13
0 45 42
0 1 0
2 0 5
3 0 7
3 0 0
0 1 0
2 0 8
0 14 21
0 36 27
0 1 0
0 16 9
4 0 700
3 0 3
0 1 0
0 27 25
2 0 7
2 0 7
0 1 0
0 16 22
0 18 20
4 0 307
0 1 0
0 44 40
1 13 22
0 38 57
0 1 0
0 12 10
2 0 9
0 27 31
0 1 0
0 27 36
0 49 40
2 0 2
0 1 0
3 0 8
0 44 34
4 0 578
0 1 0
0 18 11
2 0 10
0 32 29
0 1 0
0 43 50
2 0 7
1 12 33
0 1 0
3 0 0
3 0 5
1 42 69
0 1 0
1 34 130
0 46 36
0 6 3
0 1 0
0 28 41
0 18 20
2 0 0
0 1 0
3 0 9
2 0 9
3 0 3
0 1 0
1 44 48
1 37 77
0 13 13
0 1 0
1 47 86
0 11 13
4 0 893
0 1 0
0 47 16
3 0 4
2 0 1
0 1 0
1 23 29
2 0 0
1 45 95
0 1 0
3 0 10
2 0 6
1 32 75
0 1 0
0 2 3
1 3 3
2 0 8
0 1 0
2 0 0
1 38 47
2 0 7
0 1 0
2 0 7
2 0 2
1 27 41
0 1 0
2 0 9
1 1 3
0 1 1
0 1 0
1 49 106
0 21 22
1 18 32
0 1 0
1 13 22
2 0 2
1 19 52
0 1 0
1 23 36
0 46 20
2 0 3
0 1 0
3 0 5
1 4 13
0 39 34
0 1 0
1 27 64
1 26 41
0 32 36
0 1 0
2 0 10
4 0 384
3 0 6
0 1 0
2 0 2
0 23 36
0 47 56
0 1 0
2 0 7
2 0 10
2 0 0
0 1 0
1 22 32
0 34 35
0 33 23
0 1 0
1 41 90
0 2 2
0 14 18
0 1 0
4 0 285
1 48 104
3 0 1
0 1 0
0 16 20
2 0 6
1 9 22
0 1 0
0 40 42
1 34 80
1 2 4
0 1 0
1 17 30
0 18 14
1 47 80
0 1 0
0 36 49
1 44 76
0 24 22
0 1 0
4 0 401
3 0 3
2 0 4
0 1 0
2 0 3
2 0 0
1 38 53
0 1 0
0 36 28
0 5 5
0 26 18
0 1 0
0 40 27
2 0 0
4 0 341
0 1 0
1 14 8
1 21 48
2 0 3
0 1 0
2 0 5
2 0 7
0 7 8
0 1 0
4 0 429
2 0 7
0 35 31
0 1 0
2 0 0
1 48 115
0 28 19
0 1 0
0 32 21
0 12 19
1 47 28
0 1 0
1 37 127
0 37 28
0 7 12
0 1 0
2 0 3
0 39 31
2 0 2
0 1 0
0 49 32
0 17 19
4 0 676
0 1 0
1 48 77
0 33 19
0 19 29
0 1 0
1 38 100
0 40 28
4 0 811
0 1 0
1 30 54
0 1 1
0 50 38
0 1 0
0 36 59
3 0 5
0 20 21
0 1 0
2 0 10
3 0 2
1 4 10
0 1 0
2 0 8
0 12 15
2 0 5
0 1 0
1 29 32
1 1 2
1 24 24
0 1 0
1 49 133
0 32 40
1 35 76
0 1 0
4 0 746
0 47 48
1 19 44
0 1 0
2 0 10
3 0 3
0 48 51
0 1 0
0 23 24
2 0 10
0 42 31
0 1 0
1 44 99
0 50 59
1 15 13
0 1 0
2 0 6
0 1 1
2 0 8
0 1 0
1 38 44
0 47 42
0 40 31
0 1 0
2 0 3
1 49 91
4 0 765
0 1 0
1 49 111
1 12 20
0 2 3
0 1 0
0 49 48
0 21 24
1 49 151
0 1 0
0 42 56
3 0 7
0 12 13
0 1 0
1 47 77
0 3 5
4 0 521
0 1 0
2 0 5
0 32 44
2 0 1
0 1 0
0 12 6
4 0 361
1 35 91
0 1 0
1 36 76
0 5 8
0 28 33
0 1 0
2 0 3
0 36 20
0 44 38
0 1 0
3 0 4
3 0 10
2 0 2
0 1 0
1 37 93
0 20 18
1 42 83
0 1 0
0 45 38
1 41 94
0 29 24
0 1 0
0 23 22
1 28 56
1 24 48
0 1 0
0 49 62
2 0 6
0 20 26
0 1 0
2 0 5
3 0 1
0 6 5
0 1 0
2 0 6
3 0 4
1 30 84
0 1 0
1 42 77
2 0 6
1 17 34
0 1 0
2 0 7
1 9 29
0 9 8
0 1 0
2 0 7
1 43 92
1 28 62
0 1 0
3 0 2
0 39 72
4 0 323
0 1 0
2 0 10
4 0 455
0 12 13
0 1 0
0 19 29
0 45 41
0 15 21
0 1 0
0 50 39
1 47 140
1 39 18
0 1 0
2 0 7
0 19 12
3 0 4
0 1 0
0 15 22
0 26 34
4 0 762
0 1 0
0 19 17
1 2 6
0 45 50
0 1 0
0 25 24
1 47 64
0 30 32
0 1 0
0 39 31
0 45 48
1 14 23
0 1 0
1 47 185
4 0 723
2 0 8
0 1 0
3 0 8
0 28 25
0 6 7
0 1 0
3 0 8
0 47 13
1 19 40
0 1 0
0 39 40
0 4 6
0 29 35
0 1 0
2 0 10
2 0 0
1 34 80
0 1 0
0 5 5
0 38 37
1 48 46
0 1 0
0 17 12
0 34 22
1 11 20
0 1 0
0 20 14
0 36 29
1 13 40
0 1 0
4 0 480
2 0 0
3 0 8
0 1 0
0 44 24
4 0 678
2 0 8
0 1 0
0 2 2
0 11 16
0 29 38
0 1 0
1 25 58
3 0 4
0 35 30
0 1 0
3 0 10
2 0 8
1 29 82
0 1 0
0 16 13
2 0 5
2 0 4
0 1 0
2 0 8
0 9 8
1 42 95
0 1 0
2 0 3
1 48 124
0 10 2
0 1 0
1 4 4
0 20 22
1 27 31
0 1 0
1 38 40
1 42 36
0 43 59
0 1 0
0 50 6
0 48 57
0 40 27
0 1 0
3 0 4
0 50 40
1 11 25
0 1 0
1 20 12
3 0 9
0 29 9
0 1 0
0 43 48
4 0 253
1 5 8
0 1 0
3 0 0
2 0 7
0 28 27
0 1 0
1 42 65
3 0 5
1 37 77
0 1 0
0 30 24
0 25 27
0 22 11
0 1 0
1 26 37
0 45 23
4 0 772
0 1 0
2 0 2
3 0 1
2 0 7
0 1 0
0 24 27
0 9 13
1 16 22
0 1 0
2 0 10
2 0 6
1 49 114
0 1 0
1 25 87
0 50 49
3 0 1
0 1 0
0 12 10
0 17 14
0 9 7
0 1 0
1 37 74
0 43 35
0 17 29
0 1 0
0 47 83
2 0 0
4 0 959
0 1 0
1 15 29
2 0 2
2 0 8
0 1 0
1 13 19
2 0 1
1 40 18
0 1 0
1 36 23
2 0 5
2 0 8
0 1 0
3 0 5
2 0 3
2 0 4
0 1 0
0 6 9
0 30 37
1 41 75
0 1 0
1 30 41
2 0 2
3 0 4
0 1 0
1 41 88
2 0 5
1 32 61
0 1 0
4 0 615
3 0 6
0 48 45
0 1 0
2 0 9
0 46 37
1 8 15
0 1 0
0 34 49
0 25 20
3 0 10
0 1 0
2 0 8
2 0 1
0 19 21
0 1 0
3 0 7
2 0 2
0 4 3
0 1 0
0 5 6
1 12 25
2 0 6
0 1 0
0 48 42
1 5 11
0 20 23
0 1 0
4 0 373
2 0 5
0 39 28
0 1 0
2 0 7
2 0 1
1 47 84
0 1 0
0 50 38
1 46 43
0 46 67
0 1 0
2 0 7
0 43 58
3 0 2
0 1 0
0 13 9
2 0 9
0 11 13
0 1 0
1 15 28
0 22 26
1 43 74
0 1 0
1 2 4
0 22 36
1 19 13
0 1 0
0 37 30
3 0 7
3 0 3
0 1 0
0 50 57
0 21 9
0 28 29
0 1 0
1 15 21
1 10 12
1 9 10
0 1 0
3 0 5
3 0 4
0 42 20
0 1 0
0 23 18
1 19 53
0 26 43
0 1 0
1 29 29
4 0 518
4 0 517
0 1 0
3 0 3
4 0 379
0 21 16
0 1 0
0 6 6
0 6 4
0 23 16
0 1 0
0 8 9
1 8 17
2 0 5
0 1 0
2 0 7
2 0 9
3 0 3
0 1 0
4 0 352
1 33 92
3 0 3
0 1 0
1 42 73
0 18 9
1 3 6
0 1 0
0 1 1
1 1 2
2 0 3
0 1 0
0 4 4
2 0 5
0 25 33
0 1 0
1 20 19
0 41 63
0 18 22
0 1 0
1 2 4
0 3 1
0 35 26
0 1 0
1 34 74
4 0 928
1 23 53
0 1 0
1 22 64
2 0 8
1 27 65
0 1 0
1 32 67
2 0 4
2 0 6
0 1 0
0 12 16
1 27 62
0 19 17
0 1 0
0 43 35
0 19 21
0 50 40
0 1 0
1 47 124
2 0 4
0 18 13
0 1 0
0 8 3
2 0 10
1 38 82
0 1 0
1 24 50
1 30 59
4 0 473
0 1 0
2 0 1
1 20 69
1 39 107
0 1 0
2 0 6
0 39 41
3 0 8
0 1 0
1 37 67
0 17 23
1 24 66
0 1 0
0 29 32
1 16 41
0 47 50
0 1 0
0 2 2
2 0 2
2 0 2
0 1 0
1 12 22
3 0 4
0 44 46
0 1 0
2 0 9
3 0 3
3 0 9
0 1 0
0 21 26
1 4 9
1 11 18
0 1 0
4 0 220
1 7 8
4 0 439
0 1 0
2 0 5
1 45 35
0 5 3
0 1 0
0 1 1
0 29 36
1 12 26
0 1 0
2 0 4
1 38 57
2 0 3
0 1 0
0 7 6
0 16 21
2 0 4
0 1 0
1 10 32
0 46 41
2 0 1
0 1 0
1 24 31
1 21 43
0 16 12
0 1 0
2 0 2
0 37 59
1 48 81
0 1 0
1 15 47
0 21 23
1 16 66
0 1 0
1 13 31
4 0 538
0 49 82
0 1 0
2 0 1
0 50 75
0 10 11
0 1 0
0 3 5
0 34 29
0 31 41
0 1 0
1 14 32
3 0 7
1 2 5
0 1 0
0 2 2
1 17 37
0 1 1
0 1 0
1 38 29
0 45 66
2 0 6
0 1 0
2 0 6
0 43 31
2 0 8
0 1 0
3 0 5
1 1 2
1 9 26
0 1 0
1 32 25
0 49 62
2 0 7
0 1 0
2 0 1
0 16 16
0 43 71
0 1 0
2 0 5
1 6 8
2 0 10
0 1 0
4 0 924
0 13 23
1 38 73
0 1 0
0 17 16
0 2 2
2 0 8
0 1 0
2 0 1
0 42 73
2 0 2
0 1 0
2 0 5
1 21 39
1 12 32
0 1 0
0 13 14
2 0 6
2 0 4
0 1 0
1 4 8
0 47 46
2 0 10
0 1 0
4 0 631
0 37 46
1 40 111
0 1 0
0 36 46
1 19 37
0 44 70
0 1 0
0 3 4
0 24 20
1 44 81
0 1 0
3 0 0
1 46 39
0 5 5
0 1 0
4 0 565
0 16 15
1 7 17
0 1 0
1 37 87
1 41 49
2 0 3
0 1 0
4 0 643
2 0 0
0 43 58
0 1 0
4 0 643
0 27 22
0 29 44
0 1 0
1 24 47
2 0 0
1 46 97
0 1 0
1 34 62
3 0 6
2 0 7
0 1 0
2 0 3
2 0 0
0 46 43
0 1 0
2 0 2
1 12 32
0 16 16
0 1 0
0 31 35
0 50 66
2 0 0
0 1 0
1 17 13
0 20 18
0 41 55
0 1 0
2 0 1
4 0 302
2 0 0
0 1 0
2 0 9
3 0 0
4 0 674
0 1 0
2 0 6
2 0 6
2 0 0
0 1 0
0 6 6
1 2 4
2 0 7
0 1 0
2 0 0
2 0 4
0 29 34
0 1 0
0 26 19
1 8 18
3 0 10
0 1 0
0 21 30
3 0 1
2 0 10
0 1 0
2 0 10
0 47 29
1 21 60
0 1 0
0 42 21
1 9 28
1 49 90
0 1 0
1 25 45
1 46 104
0 48 78
0 1 0
3 0 7
0 44 34
0 12 8
0 1 0
1 5 11
2 0 4
1 4 6
0 1 0
2 0 8
1 5 9
1 32 60
0 1 0
0 14 14
2 0 2
0 20 21
0 1 0
0 30 29
2 0 1
2 0 7
0 1 0
1 15 37
0 40 44
4 0 604
0 1 0
1 42 60
2 0 0
1 34 27
0 1 0
1 45 120
3 0 1
0 22 36
0 1 0
2 0 4
4 0 998
0 16 25
0 1 0
2 0 9
2 0 0
0 28 35
0 1 0
1 8 18
1 37 23
2 0 9
0 1 0
0 33 28
0 37 38
1 48 137
0 1 0
0 28 20
2 0 9
1 45 82
0 1 0
2 0 3
2 0 1
3 0 6
0 1 0
2 0 9
2 0 10
1 27 65
0 1 0
2 0 9
0 1 1
0 37 10
0 1 0
1 44 79
0 43 25
1 32 112
0 1 0
2 0 8
1 27 41
1 8 14
0 1 0
1 23 54
1 40 92
1 41 51
0 1 0
0 42 40
1 20 43
0 14 16
0 1 0
0 21 24
2 0 1
1 21 38
0 1 0
4 0 506
4 0 743
1 24 45
0 1 0
1 16 30
0 8 9
0 24 7
0 1 0
1 2 2
1 7 17
2 0 10
0 1 0
0 10 9
1 44 125
0 1 1
0 1 0
1 37 59
2 0 1
0 13 15
0 1 0
0 39 45
3 0 4
4 0 964
0 1 0
1 11 20
1 31 30
1 24 38
0 1 0
2 0 3
2 0 6
0 33 31
0 1 0
4 0 695
0 17 30
1 39 67
0 1 0
1 12 23
1 29 54
0 14 9
0 1 0
1 22 75
0 41 49
2 0 6
0 1 0
3 0 0
2 0 10
4 0 506
0 1 0
3 0 8
1 4 10
1 5 11
0 1 0
0 17 14
2 0 3
0 32 37
0 1 0
1 43 91
0 1 2
1 36 70
0 1 0
0 49 60
0 49 67
1 49 87
0 1 0
0 19 30
3 0 10
2 0 1
0 1 0
0 47 45
2 0 1
4 0 819
0 1 0
0 28 31
1 5 11
0 10 9
0 1 0
4 0 245
2 0 9
2 0 2
0 1 0
2 0 4
1 2 2
1 45 70
0 1 0
1 22 54
3 0 3
3 0 4
0 1 0
1 41 65
0 40 12
0 35 40
0 1 0
1 24 29
0 1 1
2 0 3
0 1 0
0 47 27
0 19 25
1 3 5
0 1 0
0 38 34
2 0 7
2 0 5
0 1 0
3 0 7
3 0 9
0 45 27
0 1 0
2 0 2
0 17 13
0 18 17
0 1 0
1 29 64
0 27 34
2 0 1
0 1 0
3 0 7
1 20 52
1 35 53
0 1 0
1 26 52
1 43 64
0 41 40
0 1 0
0 23 33
0 13 12
1 4 3
0 1 0
2 0 1
0 20 9
2 0 5
0 1 0
4 0 583
1 9 21
1 12 32
0 1 0
2 0 4
2 0 4
0 30 34
0 1 0
0 24 26
0 24 16
0 19 21
0 1 0
0 24 28
0 48 32
0 4 3
0 1 0
1 30 67
0 30 30
3 0 7
0 1 0
0 31 24
1 12 4
0 43 31
0 1 0
0 2 3
0 17 10
0 9 7
0 1 0
0 11 12
1 7 20
1 19 32
0 1 0
0 13 12
2 0 6
2 0 0
0 1 0
0 24 24
2 0 6
2 0 8
0 1 0
1 19 46
0 38 16
1 19 29
0 1 0
1 41 61
0 8 9
2 0 2
0 1 0
0 29 17
0 28 39
2 0 0
0 1 0
1 40 90
1 9 15
1 7 9
0 1 0
1 32 89
3 0 3
0 14 13
0 1 0
1 29 26
0 25 36
2 0 6
0 1 0
1 28 62
3 0 0
3 0 10
0 1 0
0 23 23
1 26 37
2 0 1
0 1 0
3 0 10
0 43 59
0 27 17
0 1 0
0 36 23
0 45 56
1 49 61
0 1 0
0 11 4
1 28 42
1 45 99
0 1 0
1 13 27
0 41 55
3 0 9
0 1 0
2 0 4
0 11 10
2 0 7
0 1 0
0 17 21
1 46 133
1 20 52
0 1 0
0 28 33
2 0 3
0 13 8
0 1 0
2 0 3
2 0 6
1 11 26
0 1 0
4 0 732
1 22 53
0 28 18
0 1 0
1 36 73
2 0 5
1 25 84
0 1 0
0 23 22
4 0 389
4 0 205
0 1 0
1 7 11
3 0 1
1 31 91
0 1 0
0 47 12
1 38 37
1 12 26
0 1 0
0 33 33
0 26 34
0 5 3
0 1 0
0 19 20
1 12 22
0 2 3
0 1 0
0 44 23
2 0 7
0 29 36
0 1 0
1 47 97
0 42 53
2 0 3
0 1 0
2 0 9
1 40 110
0 37 27
0 1 0
1 15 27
4 0 610
0 49 49
0 1 0
3 0 10
2 0 6
0 34 38
0 1 0
0 49 34
1 48 32
4 0 341
0 1 0
3 0 6
1 42 75
1 41 124
0 1 0
1 33 67
1 39 59
0 16 19
0 1 0
1 26 60
4 0 593
2 0 5
0 1 0
0 42 30
1 41 114
2 0 3
0 1 0
2 0 2
4 0 627
4 0 473
0 1 0
0 35 16
0 12 17
0 28 24
0 1 0
1 47 95
3 0 1
3 0 4
0 1 0
0 39 41
0 49 46
1 38 52
0 1 0
3 0 10
0 43 69
1 31 56
0 1 0
0 23 24
1 9 18
3 0 4
0 1 0
1 45 94
0 7 8
3 0 8
0 1 0
0 27 19
0 36 35
0 8 9
0 1 0
2 0 1
2 0 4
0 40 58
0 1 0
0 3 4
0 50 57
1 28 45
0 1 0
1 22 45
0 10 10
2 0 3
0 1 0
1 21 33
1 43 126
0 38 46
0 1 0
2 0 4
2 0 4
1 27 29
0 1 0
2 0 3
1 50 136
2 0 0
0 1 0
0 46 41
1 24 44
2 0 9
0 1 0
2 0 6
2 0 6
2 0 3
0 1 0
4 0 420
0 13 15
2 0 0
0 1 0
3 0 7
0 27 17
0 20 23
0 1 0
1 13 22
1 16 39
0 15 11
0 1 0
4 0 444
0 47 49
0 45 38
0 1 0
1 34 38
2 0 4
2 0 7
0 1 0
0 33 37
0 6 5
2 0 7
0 1 0
2 0 5
2 0 7
1 2 3
0 1 0
2 0 8
0 32 31
0 11 11
0 1 0
1 39 92
0 29 22
0 15 19
0 1 0
0 2 2
1 22 63
0 23 30
0 1 0
2 0 9
1 34 62
0 47 48
0 1 0
0 34 34
0 42 42
3 0 4
0 1 0
2 0 2
1 6 9
0 8 9
0 1 0
1 21 53
0 25 35
3 0 10
0 1 0
0 21 29
2 0 8
2 0 0
0 1 0
0 34 36
1 8 20
2 0 0
0 1 0
1 43 70
1 35 75
1 43 48
0 1 0
0 36 33
3 0 3
0 47 36
0 1 0
1 25 52
4 0 444
0 34 33
0 1 0
0 5 6
1 33 47
1 9 23
0 1 0
1 29 45
4 0 885
0 10 7
0 1 0
4 0 640
3 0 10
0 50 79
0 1 0
1 13 20
2 0 6
0 13 21
0 1 0
1 37 82
1 8 19
1 1 2
0 1 0
1 46 115
3 0 4
2 0 7
0 1 0
0 6 6
0 23 17
0 25 44
0 1 0
0 3 4
1 16 16
3 0 7
0 1 0
4 0 998
0 13 8
1 12 20
0 1 0
0 24 20
3 0 9
1 8 2
0 1 0
0 19 20
1 26 59
0 4 4
0 1 0
0 39 37
0 47 40
0 21 13
0 1 0
2 0 1
0 33 45
2 0 0
0 1 0
1 12 21
3 0 4
1 34 67
0 1 0
4 0 466
0 3 4
1 40 71
0 1 0
0 38 49
0 21 24
1 40 90
0 1 0
1 43 74
3 0 5
0 28 26
0 1 0
1 45 130
2 0 4
0 20 26
0 1 0
4 0 244
3 0 1
1 40 70
0 1 0
2 0 5
2 0 3
0 40 50
0 1 0
2 0 10
3 0 3
4 0 201
0 1 0
0 45 16
0 41 52
0 11 13
0 1 0
0 33 57
1 21 42
0 6 5
0 1 0
0 2 3
1 11 19
0 27 17
0 1 0
2 0 10
1 22 35
3 0 10
0 1 0
2 0 6
1 3 6
0 27 48
0 1 0
1 49 140
4 0 294
0 8 9
0 1 0
0 45 47
0 4 3
3 0 8
0 1 0
2 0 9
3 0 3
1 26 31
0 1 0
0 50 62
1 22 60
0 4 6
0 1 0
0 10 3
2 0 10
1 36 98
0 1 0
0 48 59
2 0 5
1 16 29
0 1 0
2 0 6
0 48 41
1 12 18
0 1 0
2 0 9
2 0 0
2 0 5
0 1 0
4 0 743
0 10 10
0 37 31
0 1 0
0 38 43
1 29 38
2 0 7
0 1 0
1 3 4
2 0 4
1 12 23
0 1 0
1 11 7
0 26 22
1 35 70
0 1 0
0 37 19
3 0 2
2 0 5
0 1 0
2 0 3
1 22 40
0 6 7
0 1 0
2 0 9
0 24 10
2 0 4
0 1 0
3 0 6
2 0 6
0 45 39
0 1 0
1 42 101
1 20 24
2 0 9
0 1 0
0 10 14
2 0 8
2 0 6
0 1 0
0 37 24
2 0 7
1 11 35
0 1 0
0 17 13
1 14 45
0 18 16
0 1 0
2 0 1
0 40 44
0 23 22
0 1 0
2 0 0
2 0 7
2 0 4
0 1 0
2 0 5
3 0 7
1 10 26
0 1 0
1 26 22
2 0 3
0 10 9
0 1 0
0 28 29
1 25 46
3 0 2
0 1 0
1 49 63
1 24 21
0 17 15
0 1 0
2 0 0
0 44 20
0 18 19
0 1 0
0 17 15
1 39 63
1 23 64
0 1 0
0 20 20
0 49 77
0 27 31
0 1 0
1 4 9
1 4 7
0 20 15
0 1 0
0 20 19
1 48 85
1 2 3
0 1 0
2 0 8
0 12 18
1 38 111
0 1 0
1 5 4
1 46 81
1 47 95
0 1 0
2 0 2
2 0 2
1 14 34
0 1 0
0 6 7
3 0 9
1 47 113
0 1 0
0 26 25
2 0 3
4 0 451
0 1 0
0 13 13
0 4 6
0 20 14
0 1 0
0 8 11
1 46 76
1 34 42
0 1 0
2 0 7
0 41 69
4 0 360
0 1 0
3 0 1
2 0 0
2 0 7
0 1 0
0 3 1
2 0 9
2 0 8
0 1 0
0 3 4
2 0 8
2 0 1
0 1 0
0 16 19
0 21 9
2 0 0
0 1 0
2 0 10
1 19 53
3 0 6
0 1 0
1 19 33
0 42 48
1 47 150
0 1 0
1 33 56
1 23 65
4 0 431
0 1 0
0 24 19
1 49 104
3 0 1
0 1 0
0 43 49
4 0 749
2 0 0
0 1 0
0 4 2
2 0 9
2 0 2
0 1 0
0 38 39
0 47 70
0 32 29
0 1 0
0 33 22
1 32 74
2 0 0
0 1 0
0 41 47
3 0 1
1 27 61
0 1 0
0 32 16
1 36 70
1 14 26
0 1 0
2 0 2
0 18 19
2 0 5
0 1 0
0 50 30
2 0 0
0 30 38
0 1 0
2 0 2
2 0 1
1 11 10
0 1 0
0 47 69
1 36 80
0 29 20
0 1 0
1 9 10
3 0 8
0 50 52
0 1 0
0 6 5
2 0 3
0 9 8
0 1 0
2 0 10
1 50 64
0 6 4
0 1 0
0 41 41
0 24 28
0 22 17
0 1 0
3 0 4
0 38 36
2 0 7
0 1 0
2 0 2
3 0 8
4 0 437
0 1 0
3 0 6
2 0 0
0 30 38
0 1 0
1 11 16
4 0 553
2 0 5
0 1 0
2 0 8
1 1 3
1 9 2
0 1 0
0 8 8
0 26 18
1 30 115
0 1 0
0 45 45
0 24 14
2 0 7
0 1 0
1 13 33
0 19 25
3 0 4
0 1 0
3 0 4
2 0 0
1 37 71
0 1 0
1 33 57
0 12 8
2 0 0
0 1 0
0 17 23
0 34 34
2 0 2
0 1 0
2 0 3
2 0 8
3 0 3
0 1 0
0 47 33
2 0 6
4 0 666
0 1 0
1 29 77
0 12 8
0 7 10
0 1 0
0 35 48
4 0 683
0 4 6
0 1 0
2 0 7
1 16 19
0 32 44
0 1 0
3 0 3
1 5 11
0 47 44
0 1 0
2 0 0
0 42 29
3 0 2
0 1 0
1 42 32
3 0 3
2 0 6
0 1 0
1 42 90
3 0 5
0 8 12
0 1 0
2 0 8
4 0 592
0 5 5
0 1 0
1 30 79
4 0 774
0 17 13
0 1 0
1 1 2
1 43 75
0 19 13
0 1 0
2 0 0
3 0 9
0 33 57
0 1 0
4 0 955
2 0 5
0 26 48
0 1 0
3 0 5
0 12 7
1 35 54
0 1 0
2 0 7
0 27 23
0 14 10
0 1 0
3 0 9
1 49 85
0 16 16
0 1 0
1 48 162
2 0 7
4 0 594
0 1 0
0 41 50
4 0 378
2 0 5
0 1 0
1 46 99
2 0 3
0 14 12
0 1 0
1 48 82
0 17 23
2 0 9
0 1 0
1 26 72
0 45 30
2 0 8
0 1 0
0 2 2
0 32 22
4 0 581
0 1 0
1 48 96
0 31 10
2 0 2
0 1 0
2 0 4
0 24 15
2 0 6
0 1 0
1 34 64
3 0 0
4 0 319
0 1 0
0 37 47
2 0 0
0 16 18
0 1 0
1 45 137
2 0 4
0 47 47
0 1 0
0 11 11
0 49 56
0 22 25
0 1 0
4 0 421
1 15 24
0 26 14
0 1 0
1 7 8
2 0 10
0 3 3
0 1 0
0 49 52
0 19 14
0 4 3
0 1 0
2 0 6
0 6 9
3 0 4
0 1 0
1 32 51
0 31 22
1 7 15
0 1 0
0 34 29
0 5 2
0 25 24
0 1 0
1 31 55
0 4 4
2 0 2
0 1 0
0 5 4
1 50 140
1 15 39
0 1 0
2 0 5
0 38 34
1 29 51
0 1 0
4 0 557
4 0 284
1 9 21
0 1 0
0 14 11
1 13 33
1 41 130
0 1 0
2 0 9
1 24 15
1 3 6
0 1 0
2 0 6
0 33 33
0 22 16
0 1 0
2 0 1
2 0 9
0 32 27
0 1 0
0 2 3
4 0 571
1 49 187
0 1 0
3 0 1
1 6 14
1 18 41
0 1 0
0 18 30
4 0 803
1 13 32
0 1 0
1 21 38
1 37 76
3 0 3
0 1 0
0 14 14
0 28 42
3 0 2
0 1 0
0 17 8
0 20 18
0 37 16
0 1 0
0 27 17
1 10 16
4 0 232
0 1 0
1 2 5
1 20 67
3 0 7
0 1 0
2 0 3
1 15 39
0 22 15
0 1 0
2 0 1
0 10 11
0 39 41
0 1 0
0 23 18
1 10 28
1 12 32
0 1 0
2 0 3
0 21 19
0 10 10
0 1 0
0 41 39
1 1 3
3 0 7
0 1 0
0 44 54
0 48 65
3 0 0
0 1 0
0 29 30
0 2 2
4 0 890
0 1 0
0 47 27
0 29 22
0 4 6
0 1 0
2 0 3
3 0 9
2 0 1
0 1 0
1 1 1
1 5 7
0 15 13
0 1 0
2 0 6
1 18 34
3 0 3
0 1 0
2 0 2
2 0 9
1 9 14
0 1 0
2 0 3
1 43 59
2 0 10
0 1 0
0 37 42
0 31 16
2 0 9
0 1 0
0 40 45
3 0 8
0 8 8
0 1 0
1 4 2
0 5 6
2 0 4
0 1 0
3 0 2
3 0 7
0 16 21
0 1 0
3 0 10
1 43 97
2 0 8
0 1 0
1 27 39
1 45 159
0 43 38
0 1 0
3 0 9
2 0 6
3 0 3
0 1 0
2 0 1
4 0 848
0 16 16
0 1 0
0 47 57
4 0 837
2 0 5
0 1 0
1 47 59
2 0 9
0 30 31
0 1 0
0 17 16
1 6 10
0 16 14
0 1 0
1 43 46
0 40 27
1 32 22
0 1 0
1 44 112
0 11 8
0 23 25
0 1 0
0 13 9
1 21 36
0 45 48
0 1 0
2 0 6
0 18 16
0 19 26
0 1 0
1 18 13
3 0 2
1 36 57
0 1 0
1 48 108
3 0 5
2 0 0
0 1 0
0 35 36
2 0 4
2 0 3
0 1 0
0 32 13
1 18 41
2 0 5
0 1 0
0 28 35
0 14 14
4 0 402
0 1 0
3 0 2
3 0 6
1 44 44
0 1 0
2 0 4
0 9 14
4 0 874
0 1 0
2 0 4
0 14 14
1 50 145
0 1 0
2 0 1
1 29 61
3 0 4
0 1 0
0 27 25
0 46 30
2 0 1
0 1 0
0 26 31
2 0 7
0 6 5
0 1 0
1 12 18
1 48 152
2 0 5
0 1 0
0 26 18
0 1 1
0 50 64
0 1 0
0 41 24
1 29 49
0 32 37
0 1 0
1 11 24
0 5 6
2 0 5
0 1 0
0 2 1
2 0 3
0 37 17
0 1 0
1 13 9
0 46 50
0 23 15
0 1 0
3 0 4
2 0 3
0 50 42
0 1 0
3 0 3
3 0 9
1 40 67
0 1 0
4 0 996
2 0 8
1 33 74
0 1 0
3 0 5
1 7 12
2 0 5
0 1 0
0 49 36
0 20 20
2 0 10
0 1 0
2 0 7
2 0 10
2 0 7
0 1 0
1 29 85
1 31 84
2 0 1
0 1 0
1 48 98
1 10 17
3 0 6
0 1 0
1 47 65
0 40 10
2 0 2
0 1 0
0 34 18
0 10 13
1 23 19
0 1 0
2 0 0
4 0 979
0 37 48
0 1 0
0 8 8
1 7 16
2 0 1
0 1 0
2 0 7
3 0 1
3 0 4
0 1 0
0 17 11
0 45 15
2 0 5
0 1 0
1 24 35
4 0 236
2 0 10
0 1 0
2 0 4
1 15 31
1 49 84
0 1 0
0 16 15
1 27 73
1 3 7
0 1 0
0 46 37
0 31 40
0 23 26
0 1 0
1 38 53
2 0 5
4 0 880
0 1 0
2 0 0
0 12 15
0 24 25
0 1 0
2 0 9
3 0 4
3 0 5
0 1 0
1 18 43
1 33 92
1 36 29
0 1 0
4 0 912
0 30 31
0 48 43
0 1 0
2 0 10
1 44 132
3 0 4
0 1 0
2 0 10
1 38 50
2 0 2
0 1 0
0 26 30
0 24 13
1 3 5
0 1 0
0 12 19
4 0 223
0 34 19
0 1 0
2 0 8
1 25 64
0 39 44
0 1 0
1 24 61
1 18 39
0 49 32
0 1 0
2 0 0
2 0 4
1 32 66
0 1 0
2 0 1
3 0 9
0 4 3
0 1 0
3 0 1
0 7 6
1 42 100
0 1 0
1 34 84
2 0 10
4 0 835
0 1 0
0 31 31
2 0 7
0 40 61
0 1 0
4 0 836
2 0 2
2 0 0
0 1 0
2 0 3
2 0 2
2 0 7
0 1 0
2 0 1
0 7 8
2 0 2
0 1 0
1 32 35
2 0 6
1 46 84
0 1 0
0 50 62
1 30 57
1 2 3
0 1 0
0 33 37
0 34 18
0 19 13
0 1 0
2 0 6
3 0 7
1 46 132
0 1 0
1 4 13
1 17 40
1 12 27
0 1 0
1 36 61
1 1 3
2 0 8
0 1 0
3 0 3
0 43 29
1 23 33
0 1 0
0 37 32
0 32 27
3 0 4
0 1 0
2 0 0
0 46 69
1 1 1
0 1 0
2 0 8
1 22 68
0 4 7
0 1 0
0 48 74
1 39 67
0 49 29
0 1 0
3 0 3
0 25 8
1 24 21
0 1 0
2 0 0
0 1 1
0 20 23
0 1 0
1 12 22
1 45 119
1 37 56
0 1 0
1 45 99
0 47 51
0 21 9
0 1 0
2 0 0
0 8 5
0 48 33
0 1 0
3 0 2
0 42 52
0 38 48
0 1 0
0 8 11
0 38 50
2 0 3
0 1 0
2 0 5
2 0 1
0 48 61
0 1 0
1 15 15
0 2 3
2 0 3
0 1 0
1 34 104
3 0 0
1 49 148
0 1 0
3 0 5
4 0 958
3 0 2
0 1 0
0 11 11
0 34 16
2 0 0
0 1 0
0 9 5
0 3 3
2 0 0
0 1 0
1 35 87
4 0 594
4 0 905
0 1 0
0 10 14
0 11 12
0 25 15
0 1 0
1 50 121
2 0 5
2 0 7
0 1 0
1 18 34
0 15 18
0 46 46
0 1 0
1 8 11
2 0 7
3 0 6
0 1 0
3 0 3
2 0 0
1 42 117
0 1 0
2 0 7
0 4 5
3 0 2
0 1 0
3 0 4
0 36 37
3 0 10
0 1 0
3 0 0
2 0 7
0 33 36
0 1 0
1 25 40
4 0 632
0 2 1
0 1 0
2 0 10
2 0 1
1 32 79
0 1 0
2 0 3
2 0 2
1 8 22
0 1 0
0 21 22
1 30 55
4 0 366
0 1 0
3 0 8
1 28 44
1 47 66
0 1 0
0 37 23
1 17 24
0 42 55
0 1 0
0 42 50
1 13 26
1 6 7
0 1 0
0 11 6
0 7 5
0 37 63
0 1 0
0 11 8
0 50 51
3 0 10
0 1 0
2 0 2
2 0 2
0 7 10
0 1 0
1 13 39
1 47 47
1 42 70
0 1 0
1 28 45
2 0 3
4 0 627
0 1 0
0 50 70
2 0 4
1 24 37
0 1 0
0 17 17
1 36 124
1 45 76
0 1 0
1 50 57
0 40 26
1 31 44
0 1 0
0 11 9
0 44 41
0 2 1
0 1 0
1 16 35
2 0 5
0 44 21
0 1 0
1 41 20
0 19 13
1 25 57
0 1 0
0 20 22
3 0 8
4 0 373
0 1 0
3 0 7
0 25 26
3 0 5
0 1 0
0 17 12
3 0 8
0 10 15
0 1 0
0 25 21
0 26 23
1 45 75
0 1 0
2 0 7
3 0 0
4 0 644
0 1 0
1 35 107
1 34 61
2 0 5
0 1 0
3 0 0
2 0 9
3 0 7
0 1 0
0 28 22
1 47 85
1 25 20
0 1 0
2 0 7
4 0 324
2 0 8
0 1 0
2 0 0
2 0 7
2 0 10
0 1 0
1 13 11
1 46 101
4 0 379
0 1 0
0 44 51
1 36 103
0 12 18
0 1 0
3 0 1
0 47 68
1 30 82
0 1 0
0 37 21
0 20 18
1 3 5
0 1 0
1 31 61
1 8 23
1 40 55
0 1 0
0 36 15
3 0 3
1 15 31
0 1 0
0 14 15
0 16 18
0 14 12
0 1 0
0 12 10
1 21 21
0 20 18
0 1 0
1 33 48
1 44 62
0 35 35
0 1 0
2 0 6
1 6 15
0 44 69
0 1 0
0 11 12
0 9 4
3 0 9
0 1 0
0 11 7
4 0 550
2 0 4
0 1 0
1 30 63
0 6 3
0 32 12
0 1 0
1 16 47
2 0 7
0 8 5
0 1 0
0 6 7
2 0 2
0 15 14
0 1 0
2 0 0
1 4 11
1 27 60
0 1 0
1 3 2
2 0 9
0 49 19
0 1 0
0 7 5
0 24 9
1 6 6
0 1 0
0 4 6
1 44 94
0 46 75
0 1 0
1 42 100
0 44 31
0 28 31
0 1 0
0 33 44
0 30 15
1 33 37
0 1 0
1 2 3
3 0 10
1 22 42
0 1 0
0 18 22
0 28 31
1 23 16
0 1 0
1 23 69
2 0 4
2 0 1
0 1 0
2 0 5
0 15 12
0 13 14
0 1 0
1 28 85
0 30 29
2 0 6
0 1 0
0 47 44
0 31 9
2 0 2
0 1 0
1 24 58
4 0 447
2 0 6
0 1 0
1 33 77
3 0 2
0 16 15
0 1 0
2 0 5
0 19 9
0 4 5
0 1 0
0 29 50
2 0 9
1 43 71
0 1 0
1 27 66
0 19 19
4 0 694
0 1 0
4 0 604
0 41 32
2 0 9
0 1 0
2 0 2
0 37 37
3 0 2
0 1 0
2 0 8
1 34 54
1 24 54
0 1 0
1 26 61
2 0 0
2 0 4
0 1 0
0 40 34
1 31 48
2 0 2
0 1 0
1 18 33
0 21 28
0 36 44
0 1 0
2 0 0
1 4 13
2 0 3
0 1 0
0 14 17
0 32 39
0 49 52
0 1 0
1 46 125
2 0 1
0 40 42
0 1 0
3 0 7
3 0 10
0 23 16
0 1 0
2 0 10
4 0 469
0 3 4
0 1 0
0 21 34
0 3 3
1 31 72
0 1 0
0 42 50
1 7 3
1 39 68
0 1 0
0 46 60
2 0 8
0 40 42
0 1 0
0 28 43
0 8 11
3 0 2
0 1 0
2 0 0
3 0 2
0 2 2
0 1 0
3 0 5
3 0 9
2 0 0
0 1 0
2 0 5
4 0 754
0 15 22
0 1 0
2 0 3
1 7 16
0 18 9
0 1 0
3 0 3
2 0 10
4 0 213
0 1 0
2 0 8
1 42 49
0 37 25
0 1 0
0 40 47
0 18 22
1 30 74
0 1 0
0 33 40
1 11 24
0 12 16
0 1 0
0 43 45
2 0 4
0 20 25
0 1 0
1 41 113
0 27 24
2 0 9
0 1 0
1 41 86
0 26 35
1 5 13
0 1 0
4 0 359
0 39 24
2 0 10
0 1 0
3 0 8
2 0 5
1 8 26
0 1 0
1 2 3
1 1 2
0 15 14
0 1 0
0 1 1
1 40 129
0 13 10
0 1 0
1 24 43
2 0 10
2 0 0
0 1 0
4 0 315
3 0 10
1 29 73
0 1 0
1 26 17
0 3 2
0 20 33
0 1 0
2 0 7
1 39 78
4 0 733
0 1 0
0 40 48
0 5 5
2 0 4
0 1 0
1 31 93
0 23 14
1 37 52
0 1 0
3 0 3
2 0 6
0 30 32
0 1 0
4 0 455
2 0 6
2 0 3
0 1 0
1 12 21
1 34 102
3 0 9
0 1 0
3 0 4
1 42 96
2 0 1
0 1 0
2 0 4
0 1 1
0 14 18
0 1 0
1 19 39
3 0 9
2 0 0
0 1 0
1 19 50
1 13 17
2 0 2
0 1 0
1 36 38
0 10 11
2 0 4
0 1 0
1 14 34
2 0 9
0 3 3
0 1 0
1 23 64
1 8 21
0 5 3
0 1 0
1 7 11
2 0 8
0 24 44
0 1 0
2 0 9
2 0 5
3 0 0
0 1 0
1 50 130
2 0 6
1 50 76
0 1 0
0 16 25
4 0 508
0 48 74
0 1 0
1 30 55
1 17 34
1 20 72
0 1 0
1 1 2
0 48 22
3 0 8
0 1 0
0 7 5
0 1 1
0 34 49
0 1 0
0 9 9
0 47 19
2 0 6
0 1 0
1 3 7
1 8 11
0 21 16
0 1 0
0 14 20
2 0 7
0 40 38
0 1 0
3 0 1
1 6 12
0 27 30
0 1 0
3 0 5
3 0 2
2 0 6
0 1 0
0 31 33
2 0 8
3 0 6
0 1 0
2 0 6
1 48 40
0 11 13
0 1 0
0 25 20
0 15 19
2 0 9
0 1 0
2 0 7
1 20 64
2 0 3
0 1 0
2 0 10
0 7 9
2 0 0
0 1 0
2 0 0
0 40 52
4 0 219
0 1 0
0 4 6
0 37 34
2 0 4
0 1 0
0 19 23
3 0 7
0 29 19
0 1 0
0 34 28
1 4 6
1 32 77
0 1 0
0 27 21
0 17 23
0 28 34
0 1 0
4 0 407
4 0 928
2 0 8
0 1 0
0 23 31
1 40 44
1 33 82
0 1 0
2 0 2
1 24 41
2 0 8
0 1 0
0 32 28
2 0 4
1 12 18
0 1 0
1 24 66
2 0 3
1 42 57
0 1 0
2 0 4
0 11 9
0 4 4
0 1 0
2 0 10
0 41 32
1 8 14
0 1 0
0 12 3
1 49 93
1 49 124
0 1 0
0 17 20
2 0 1
1 43 57
0 1 0
2 0 7
0 2 2
2 0 0
0 1 0
0 5 8
4 0 211
1 7 11
0 1 0
2 0 6
2 0 9
0 44 51
0 1 0
3 0 10
2 0 7
0 34 45
0 1 0
1 45 94
4 0 891
0 33 23
0 1 0
0 15 16
2 0 5
2 0 2
0 1 0
1 48 79
0 13 10
0 22 23
0 1 0
0 40 47
2 0 7
0 19 19
0 1 0
2 0 1
3 0 7
0 20 9
0 1 0
3 0 2
3 0 10
1 33 83
0 1 0
0 21 15
4 0 433
0 25 11
0 1 0
1 10 21
4 0 312
2 0 4
0 1 0
2 0 3
0 14 23
0 10 11
0 1 0
1 20 43
2 0 9
1 47 102
0 1 0
2 0 10
1 5 12
0 36 52
0 1 0
0 22 26
0 24 19
2 0 4
0 1 0
2 0 4
3 0 0
2 0 5
0 1 0
2 0 7
2 0 3
1 48 86
0 1 0
0 11 12
3 0 10
0 8 12
0 1 0
2 0 4
0 39 35
0 20 23
0 1 0
1 9 17
4 0 320
4 0 479
0 1 0
0 9 10
3 0 0
1 6 9
0 1 0
0 46 41
2 0 9
4 0 947
0 1 0
2 0 5
1 48 101
0 44 74
0 1 0
0 23 20
2 0 2
2 0 5
0 1 0
1 15 37
1 2 3
2 0 5
0 1 0
2 0 6
1 34 52
1 25 33
0 1 0
2 0 9
2 0 6
2 0 5
0 1 0
4 0 623
0 14 12
4 0 921
0 1 0
1 31 22
1 46 78
0 39 30
0 1 0
4 0 728
0 34 52
0 4 4
0 1 0
2 0 1
0 9 10
4 0 664
0 1 0
0 44 34
1 35 82
0 28 22
0 1 0
1 47 85
4 0 459
0 19 13
0 1 0
0 39 41
1 26 70
0 33 38
0 1 0
1 46 118
1 44 87
2 0 3
0 1 0
3 0 3
1 40 58
0 13 13
0 1 0
4 0 773
1 28 23
3 0 5
0 1 0
1 11 22
0 38 26
1 46 106
0 1 0
0 48 55
3 0 8
2 0 7
0 1 0
0 11 12
1 31 90
0 30 33
0 1 0
0 2 2
0 1 1
0 12 11
0 1 0
0 1 1
0 40 34
0 17 21
