4 2 2 1000
13 25
132 218
32 39
4 3
63 117
95 51
207 271
141 162
87 94
91 81
234 212
89 142
196 96
17 26
101 95
15 14
75 56
5 6
49 44
13 12
10 9
41 37
5 4
19 10
184 163
101 74
70 50
16 12
8 10
61 52
149 192
145 222
178 389
27 14
192 195
145 219
58 61
136 207
18 13
217 158
16 14
165 183
15 21
18 20
228 160
11 12
13 21
7 4
44 21
7 6
7 5
68 123
72 104
18 23
113 72
30 24
252 268
7 11
5 9
9 16
12 17
81 55
134 156
4 6
7 10
7 5
94 128
28 17
121 96
64 41
10 20
23 44
6 5
6 6
42 27
7 7
85 82
33 25
4 3
114 90
92 96
164 140
192 235
84 93
7 5
25 30
53 65
5 5
67 107
90 213
137 113
126 64
11 16
19 12
38 47
151 171
16 17
210 155
62 74
7 9
109 143
5 5
17 20
70 49
236 539
14 13
14 29
9 13
112 120
39 35
31 22
26 14
4 2
145 200
10 20
193 247
7 7
154 191
5 5
86 138
27 44
81 116
182 246
19 14
184 65
29 37
76 71
47 38
4 5
74 50
9 9
46 45
7 6
8 6
13 20
7 9
40 29
116 128
8 10
15 14
117 106
70 64
8 12
50 52
20 32
4 3
25 36
13 14
6 7
14 9
55 72
13 23
81 76
28 28
7 5
9 6
56 45
45 34
13 21
181 78
6 4
48 43
210 187
9 8
11 10
34 37
15 16
93 189
18 20
91 91
143 141
38 38
185 311
37 32
45 36
8 5
39 52
129 104
16 17
14 27
9 5
6 6
154 116
14 17
16 28
16 18
6 6
13 10
58 22
6 6
13 11
34 29
6 7
6 6
9 10
4 4
178 181
5 3
34 40
55 68
235 256
5 5
5 7
54 43
5 5
58 73
140 126
105 109
13 11
124 112
5 6
248 209
77 53
36 39
50 33
25 40
14 19
13 12
111 120
46 33
7 6
79 122
129 215
18 17
122 193
200 194
28 22
34 32
82 37
17 24
21 31
17 13
57 87
4 4
250 197
6 8
8 9
10 13
34 35
148 252
13 18
54 128
4 7
87 97
47 59
15 14
7 9
26 28
8 3
29 17
48 51
28 25
6 9
17 11
187 181
121 189
181 236
12 20
39 34
4 8
5 4
7 11
7 8
97 90
25 24
113 106
9 13
9 10
36 36
12 11
98 69
40 41
10 9
24 24
4 5
43 30
31 40
119 190
6 7
16 25
158 365
4 4
57 51
55 45
18 19
10 10
9 13
98 56
20 27
5 4
128 222
7 8
51 39
8 13
94 79
68 199
72 54
103 141
202 310
6 7
17 19
11 13
73 63
11 9
62 58
29 22
126 80
246 204
110 72
24 35
10 4
73 63
21 35
5 5
68 49
89 96
20 25
11 11
29 37
32 31
8 6
113 122
12 16
196 177
8 9
5 6
88 69
15 20
240 346
20 24
10 6
116 196
127 176
101 90
5 3
10 18
34 17
6 4
28 30
47 63
229 365
6 6
14 7
162 140
65 85
18 20
46 32
41 44
148 207
122 120
178 135
78 96
19 22
6 8
6 7
251 268
149 181
30 49
63 76
106 85
76 64
101 60
125 197
11 17
78 120
57 69
8 7
4 3
71 75
158 284
94 56
38 31
25 35
5 4
157 269
32 35
235 150
43 79
34 31
27 53
81 90
141 123
40 25
9 7
26 20
7 13
119 144
19 15
91 53
5 5
12 13
44 52
5 4
17 11
20 17
24 15
232 245
11 16
9 12
9 12
81 67
96 86
10 14
7 12
4 8
58 37
24 25
12 9
42 54
32 41
24 26
20 15
78 84
107 125
17 17
6 4
31 23
208 266
217 198
16 30
13 18
6 6
23 35
7 7
254 269
5 8
123 235
19 31
31 45
220 522
9 8
12 9
153 115
204 220
5 4
256 328
84 104
120 91
12 9
4 7
13 10
30 21
7 5
9 6
61 61
43 27
5 4
8 9
145 168
10 11
140 208
115 91
49 76
204 141
19 15
51 30
11 6
93 149
128 182
71 86
10 7
5 5
36 56
132 118
49 34
9 6
66 48
4 5
18 17
88 93
196 172
154 114
105 98
27 28
50 27
110 113
5 7
142 70
77 112
21 14
7 12
93 41
42 35
80 142
9 7
72 87
5 3
48 53
39 30
57 83
153 300
103 95
129 165
95 68
233 191
9 9
93 64
27 29
142 133
24 24
5 9
33 38
19 27
8 11
31 15
139 165
246 174
10 23
32 33
242 194
13 12
51 28
29 38
115 107
251 316
13 7
127 57
56 46
130 127
158 141
98 73
81 42
35 25
115 145
71 110
78 51
40 62
4 4
63 43
8 8
6 8
18 20
186 363
55 65
108 73
5 6
24 31
47 35
5 9
13 16
12 9
26 27
67 53
139 169
97 83
11 24
172 134
21 23
45 36
23 25
30 56
15 16
36 17
10 9
193 341
157 125
7 9
77 84
5 8
81 111
25 32
19 14
26 30
53 36
169 154
40 34
116 124
58 98
100 71
34 34
58 45
117 104
12 8
7 6
32 21
6 5
6 9
220 269
6 8
199 238
94 72
46 76
222 149
23 22
31 43
7 8
81 66
43 57
10 8
148 86
32 20
7 8
75 91
30 35
233 408
206 218
28 23
43 31
38 59
156 173
66 130
31 58
27 25
7 9
42 35
52 103
135 148
101 111
114 290
8 6
7 12
9 10
48 37
10 8
40 41
4 3
36 33
71 95
9 8
107 117
6 8
4 4
165 208
44 54
181 171
7 7
127 102
33 49
17 22
122 159
28 25
8 20
5 10
7 10
8 6
215 126
24 20
31 28
15 10
15 14
8 14
123 181
25 27
70 115
82 67
12 14
134 153
15 8
5 5
185 264
40 43
11 7
155 280
27 31
11 7
6 6
236 218
20 16
214 245
11 8
40 62
7 4
15 20
170 131
74 69
26 32
7 3
39 75
6 5
91 88
25 37
56 33
15 20
6 7
36 35
11 11
62 50
12 11
6 8
59 79
25 30
138 172
184 153
254 318
106 92
7 5
83 87
17 18
64 58
175 103
48 65
76 87
4 4
7 16
123 104
39 84
4 3
7 8
23 8
119 217
140 155
29 23
5 5
182 266
21 30
59 53
186 139
40 44
76 74
12 6
10 11
8 5
13 29
234 292
61 85
5 5
116 115
78 93
66 100
12 6
5 6
18 28
38 32
31 32
12 11
146 168
19 26
24 27
7 9
20 36
105 125
111 157
222 201
37 30
113 100
179 208
6 13
25 32
21 34
10 6
165 236
128 146
151 183
90 114
135 144
10 8
169 273
56 90
92 115
18 15
6 8
5 3
9 7
134 79
67 49
70 53
77 134
19 30
23 39
57 128
218 252
30 33
9 12
5 4
27 42
6 6
74 102
28 57
5 3
12 7
16 33
48 37
108 98
135 109
25 15
96 83
34 46
242 224
42 26
7 4
125 119
5 5
253 147
105 75
44 25
14 18
5 10
218 163
16 28
214 216
6 4
33 27
91 71
11 19
56 55
80 63
69 65
10 8
5 3
7 11
14 9
27 26
224 227
56 118
17 7
47 47
148 146
34 32
9 5
8 8
21 10
21 19
46 27
28 26
92 130
65 52
15 18
27 50
19 25
5 5
13 12
158 219
16 24
4 6
8 4
22 21
4 3
49 39
44 42
154 311
133 222
24 23
33 27
7 10
17 19
48 30
100 178
28 27
10 18
91 108
5 6
22 17
206 192
144 132
91 78
52 32
8 7
27 25
5 4
43 84
102 82
133 86
22 17
57 61
216 116
22 24
7 3
26 25
15 13
52 88
29 31
238 245
12 6
20 24
10 9
21 11
5 3
16 14
17 11
7 16
18 30
213 314
38 47
31 31
18 26
33 30
26 33
44 51
202 114
51 64
38 42
33 26
82 166
41 46
55 77
9 11
21 27
12 18
5 5
19 18
4 13
11 14
37 30
5 5
5 9
6 8
10 5
19 15
20 19
5 4
12 15
227 400
155 156
70 112
8 4
46 77
35 39
10 11
63 62
10 9
25 15
4 6
24 24
85 62
232 299
11 18
55 57
82 78
18 22
30 34
64 62
26 24
10 8
93 102
10 7
210 244
28 27
8 8
14 18
6 8
19 24
253 310
9 9
238 463
27 32
21 22
5 6
122 155
174 242
20 22
10 9
197 152
6 4
6 6
14 27
8 10
5 6
67 77
5 7
83 56
23 25
11 10
62 75
7 6
5 4
53 53
54 85
44 41
66 70
16 17
8 8
99 90
5 3
11 11
8 14
70 65
23 16
193 598
6 7
7 4
119 172
97 108
7 7
129 111
11 11
7 8
56 74
4 2
59 120
76 54
171 210
31 47
256 374
72 56
7 12
55 41
49 67
10 10
216 180
10 10
8 14
44 22
75 61
21 21
87 88
126 233
19 13
71 91
25 20
19 9
5 5
144 190
9 6
14 14
160 201
20 13
15 18
150 131
113 60
225 197
132 133
66 57
12 5
4 3
49 35
23 16
68 69
13 14
71 81
8 10
21 20
102 98
126 361
5 5
145 277
10 21
32 82
15 18
209 189
141 80
33 55
4 2
47 59
31 28
69 129
6 6
137 171
6 7
201 207
33 33
24 24
6 8
12 6
14 21
10 6
154 220
88 90
11 14
143 214
29 65
29 24
33 45
6 7
28 30
122 97
8 7
21 25
94 101
5 6
15 17
21 11
44 48
6 5
182 112
214 237
6 12
169 323
109 114
49 64
23 22
46 54
16 14
40 35
15 18
68 94
22 37
34 34
9 11
126 116
192 226
54 71
21 19
34 36
40 30
6 5
8 6
8 8
22 31
68 81
132 161
15 14
71 77
161 242
188 142
5 4
27 14
30 42
56 54
10 8
135 150
39 34
129 119
59 70
15 17
75 87
213 149
25 13
12 15
180 118
78 64
186 303
19 15
8 9
248 142
76 66
7 9
59 66
58 45
168 154
18 18
183 233
6 6
14 23
80 101
8 11
124 79
5 4
202 222
14 15
44 44
23 22
14 21
18 18
12 17
115 148
124 154
135 202
45 34
159 316
112 108
208 105
197 201
38 49
6 7
16 25
12 16
8 12
15 21
7 5
16 22
4 4
4 6
72 90
50 60
205 158
14 15
5 3
19 25
9 9
51 80
39 28
76 92
31 69
9 7
29 49
5 9
161 149
56 62
62 101
4 6
189 121
6 7
7 9
9 8
82 74
60 62
17 24
210 197
5 13
16 34
8 6
7 7
149 165
149 101
69 51
42 60
152 183
49 50
9 12
7 4
30 42
179 215
21 24
32 42
5 4
8 8
24 17
69 73
74 63
37 92
110 133
6 6
12 6
127 99
50 91
97 83
26 32
48 32
196 214
7 9
19 22
14 25
130 109
18 13
17 10
20 17
27 16
200 242
46 56
124 89
76 91
17 25
29 25
9 15
13 11
12 9
10 10
18 18
111 54
50 26
7 9
69 62
23 23
17 19
34 20
5 4
8 6
46 29
135 103
168 304
5 6
53 60
82 79
7 9
30 25
11 23
14 12
59 79
67 55
27 37
16 16
5 5
5 5
25 30
35 42
34 37
5 2
34 37
122 186
5 6
50 44
92 50
55 81
137 58
16 26
26 33
54 50
126 97
241 487
103 120
39 30
12 6
127 62
7 7
20 21
34 36
5 4
36 16
86 156
93 129
17 13
36 32
119 180
31 29
141 90
73 60
248 159
17 18
196 254
20 14
10 15
11 13
20 26
105 107
12 12
20 17
80 39
6 6
31 31
7 7
11 10
4 5
6 7
11 18
27 24
6 6
27 40
105 80
107 112
161 158
13 14
67 73
15 17
38 106
7 8
62 65
4 5
114 102
42 27
117 135
35 40
58 47
17 23
26 18
18 17
115 116
26 31
34 43
61 66
74 83
7 11
10 10
27 14
75 99
42 37
122 121
51 57
244 208
235 296
95 66
35 33
6 5
242 163
5 5
44 46
15 20
100 89
239 242
57 87
59 39
6 3
5 6
4 6
12 17
68 59
16 24
11 9
47 54
17 35
18 13
183 118
105 119
95 76
159 237
144 106
212 166
13 23
39 50
96 130
149 110
110 84
8 12
37 27
30 18
140 93
7 8
15 19
17 24
59 46
62 60
25 24
115 92
14 17
189 104
227 146
144 215
21 27
42 34
150 171
121 124
48 59
67 43
41 36
181 133
33 24
41 37
74 90
9 5
84 83
61 98
28 20
23 26
11 9
190 215
6 5
111 94
87 99
110 73
161 200
122 146
4 5
22 31
228 165
192 113
8 13
93 68
7 9
60 32
16 12
10 8
96 126
26 44
22 31
17 11
76 53
8 9
135 165
14 9
18 13
10 13
236 177
6 6
28 33
244 297
47 62
14 11
8 5
32 12
8 5
125 129
119 63
29 27
19 10
90 86
120 288
14 13
5 4
6 5
8 5
12 15
222 232
13 13
246 238
162 111
213 267
23 14
14 15
27 26
5 4
4 2
58 93
11 13
226 210
5 4
5 5
16 13
110 90
98 68
8 7
48 40
112 90
94 71
6 3
224 189
221 171
209 290
38 25
63 70
49 64
20 14
217 239
29 24
10 7
97 136
5 4
43 37
7 6
7 5
27 20
37 96
59 42
5 8
20 39
80 120
221 117
44 40
6 7
149 170
12 20
48 29
6 8
9 12
16 21
13 15
228 186
10 15
62 92
129 104
8 7
6 3
249 165
8 6
29 25
22 22
83 67
32 44
23 34
21 27
12 17
254 226
17 25
39 27
83 156
16 10
49 43
10 9
8 7
70 76
91 104
14 17
29 36
103 113
20 23
163 163
45 32
7 8
171 268
6 7
7 5
6 9
134 195
34 28
23 22
39 36
224 387
20 28
8 10
103 114
7 6
11 14
20 33
19 18
5 5
107 205
13 8
37 33
61 43
74 73
122 157
47 42
119 130
4 3
6 10
39 76
158 179
43 37
13 13
154 100
23 25
102 63
149 99
5 4
77 71
14 14
30 40
22 35
31 33
109 102
17 14
50 29
6 7
8 9
92 79
7 6
93 37
8 7
4 5
19 25
47 64
219 126
22 20
104 89
248 233
79 42
210 108
10 8
33 39
256 229
21 27
7 4
139 208
8 10
224 195
36 29
193 252
37 45
48 64
16 15
16 10
176 196
40 38
22 37
89 58
152 175
53 52
29 18
209 170
24 25
6 8
8 5
11 8
220 200
33 26
38 23
15 10
9 10
5 4
28 30
6 6
6 5
158 155
21 18
14 10
17 22
28 39
23 23
14 20
38 48
196 173
137 122
49 29
206 256
27 16
16 22
6 12
221 293
23 25
41 47
242 166
102 196
24 59
14 19
7 10
237 401
139 62
40 28
147 97
21 13
17 24
6 9
29 27
40 39
10 10
121 170
11 26
6 4
222 195
115 66
16 13
199 103
76 96
124 128
252 208
6 6
5 2
130 121
15 13
121 144
33 32
35 20
54 91
107 161
5 6
62 55
22 25
252 345
40 33
32 29
7 8
6 8
87 77
237 201
64 80
30 30
31 22
250 427
73 104
89 55
170 254
65 50
13 8
70 110
4 5
15 14
43 51
12 14
5 3
6 5
13 16
168 163
11 12
181 117
98 188
47 42
17 12
5 8
60 67
32 70
5 5
38 34
53 49
135 117
124 116
5 4
135 99
15 16
10 7
51 66
9 10
31 28
7 7
11 12
44 36
9 18
179 234
8 13
6 8
31 23
10 12
58 76
10 6
68 83
7 10
125 131
66 85
142 125
20 45
25 23
131 258
61 49
9 10
23 21
4 5
5 2
27 26
20 11
149 152
86 49
63 46
5 6
39 44
42 29
101 127
8 11
37 31
18 14
18 23
53 78
231 137
12 10
9 7
4 4
75 124
102 169
33 19
60 104
134 191
20 19
36 30
13 8
15 18
41 35
6 9
63 90
66 106
86 101
108 122
53 40
10 12
178 191
5 3
41 34
33 28
57 56
25 15
80 106
89 75
9 7
94 74
83 87
5 3
129 198
43 32
11 7
5 7
8 6
16 19
5 6
34 31
55 52
40 73
7 3
92 103
63 59
66 56
12 11
40 36
47 31
125 131
8 9
104 111
86 58
178 122
25 23
49 91
15 19
42 36
128 135
8 6
156 152
84 58
9 12
130 60
38 23
8 7
120 138
81 86
28 33
26 26
103 107
13 8
102 74
121 115
228 224
17 9
70 50
28 30
20 23
5 5
198 274
112 161
110 84
19 11
220 236
4 6
9 5
13 15
5 6
64 63
237 159
13 13
6 6
8 10
81 82
7 9
4 5
219 259
49 50
16 22
28 38
187 188
23 18
70 55
104 120
7 7
24 28
157 206
7 6
11 12
54 41
26 39
83 58
16 29
153 158
12 12
19 16
12 13
17 16
20 18
7 5
197 148
24 39
5 4
13 6
45 48
8 5
16 21
14 14
225 403
33 26
14 11
5 7
94 137
85 75
5 3
210 364
5 4
244 238
81 158
32 45
35 28
162 150
42 66
42 41
36 31
76 70
67 44
42 25
14 15
4 3
35 38
20 18
9 10
4 3
38 49
4 5
219 247
46 86
23 39
77 96
43 49
59 48
24 37
5 4
47 58
6 4
54 39
36 51
59 52
6 9
249 248
124 108
150 94
21 22
20 18
35 67
175 90
9 10
6 6
5 6
4 4
8 6
55 45
146 185
5 6
6 5
56 38
73 105
78 76
5 3
252 269
158 275
70 50
5 3
5 9
45 38
21 29
32 44
10 5
21 17
14 11
27 31
5 4
230 161
7 4
117 157
98 133
18 12
163 67
106 181
82 160
13 18
7 5
32 51
21 17
18 14
70 66
6 6
8 7
39 56
234 149
65 55
92 64
192 172
11 10
65 78
57 54
11 10
98 116
39 54
23 19
23 25
1 5
3 0
1 46
1 46
0 1 0
0 48 76
0 1 0
4 0 477
0 1 0
4 0 289
0 1 0
4 0 334
0 1 0
1 49 137
0 1 0
4 0 936
0 1 0
1 33 84
0 1 0
3 0 6
0 1 0
1 15 24
0 1 0
4 0 608
0 1 0
4 0 748
0 1 0
4 0 925
0 1 0
2 0 9
0 1 0
1 27 38
0 1 0
1 25 37
0 1 0
3 0 2
0 1 0
3 0 10
0 1 0
3 0 8
0 1 0
1 19 28
0 1 0
2 0 2
0 1 0
1 20 37
0 1 0
3 0 10
0 1 0
4 0 982
0 1 0
0 13 20
0 1 0
1 50 77
0 1 0
0 1 2
0 1 0
1 25 48
0 1 0
1 26 49
0 1 0
2 0 4
0 1 0
3 0 8
0 1 0
4 0 202
0 1 0
1 14 24
0 1 0
1 14 31
0 1 0
3 0 2
0 1 0
1 23 46
0 1 0
1 23 48
0 1 0
2 0 10
0 1 0
1 18 39
0 1 0
0 1 1
0 1 0
2 0 4
0 1 0
3 0 6
0 1 0
1 12 28
0 1 0
4 0 429
0 1 0
4 0 483
0 1 0
1 27 57
0 1 0
4 0 581
0 1 0
3 0 3
0 1 0
3 0 0
0 1 0
3 0 7
0 1 0
1 12 16
0 1 0
3 0 4
0 1 0
1 47 91
0 1 0
4 0 851
0 1 0
4 0 600
0 1 0
1 41 52
0 1 0
1 17 40
0 1 0
0 45 49
0 1 0
0 3 2
0 1 0
3 0 1
0 1 0
1 50 75
0 1 0
1 31 78
0 1 0
1 36 101
0 1 0
3 0 1
0 1 0
3 0 9
0 1 0
1 12 29
0 1 0
4 0 756
0 1 0
2 0 1
0 1 0
3 0 0
0 1 0
3 0 5
0 1 0
4 0 463
0 1 0
4 0 666
0 1 0
3 0 10
0 1 0
4 0 706
0 1 0
3 0 1
0 1 0
1 16 37
0 1 0
3 0 5
0 1 0
4 0 215
0 1 0
3 0 10
0 1 0
2 0 8
0 1 0
3 0 9
0 1 0
3 0 5
0 1 0
3 0 10
0 1 0
4 0 610
0 1 0
0 32 43
0 1 0
4 0 799
0 1 0
4 0 564
0 1 0
3 0 9
0 1 0
1 3 4
0 1 0
1 10 23
0 1 0
3 0 6
0 1 0
4 0 478
0 1 0
4 0 799
0 1 0
3 0 8
0 1 0
4 0 349
0 1 0
1 27 72
0 1 0
2 0 8
0 1 0
3 0 8
0 1 0
4 0 938
0 1 0
1 11 20
0 1 0
1 26 58
0 1 0
1 9 12
0 1 0
2 0 8
0 1 0
3 0 7
0 1 0
1 28 73
0 1 0
3 0 10
0 1 0
4 0 706
0 1 0
1 49 84
0 1 0
1 38 50
0 1 0
3 0 6
0 1 0
4 0 338
0 1 0
1 28 59
0 1 0
4 0 665
0 1 0
1 41 90
0 1 0
3 0 8
0 1 0
3 0 9
0 1 0
3 0 10
0 1 0
3 0 4
0 1 0
4 0 270
0 1 0
3 0 3
0 1 0
2 0 7
0 1 0
1 39 86
0 1 0
1 11 31
0 1 0
4 0 672
0 1 0
2 0 9
0 1 0
3 0 4
0 1 0
2 0 2
0 1 0
1 28 53
0 1 0
3 0 9
0 1 0
3 0 3
0 1 0
1 28 37
0 1 0
4 0 228
0 1 0
3 0 2
0 1 0
1 2 3
0 1 0
0 47 23
0 1 0
3 0 10
0 1 0
2 0 9
0 1 0
4 0 383
0 1 0
1 22 25
0 1 0
3 0 10
0 1 0
3 0 8
0 1 0
4 0 944
0 1 0
3 0 8
0 1 0
1 47 84
0 1 0
3 0 6
0 1 0
0 2 1
0 1 0
1 49 88
0 1 0
3 0 4
0 1 0
2 0 2
0 1 0
4 0 385
0 1 0
3 0 4
0 1 0
3 0 0
0 1 0
2 0 2
0 1 0
1 25 40
0 1 0
1 18 28
0 1 0
3 0 8
0 1 0
0 12 11
0 1 0
2 0 6
0 1 0
3 0 6
0 1 0
4 0 217
0 1 0
1 42 127
0 1 0
4 0 551
0 1 0
1 42 51
0 1 0
4 0 682
0 1 0
3 0 10
0 1 0
1 45 81
0 1 0
3 0 7
0 1 0
2 0 5
0 1 0
0 43 42
0 1 0
1 25 6
0 1 0
1 49 144
0 1 0
1 25 64
0 1 0
3 0 6
0 1 0
4 0 294
0 1 0
3 0 1
0 1 0
1 22 37
0 1 0
3 0 2
0 1 0
1 38 65
0 1 0
3 0 8
0 1 0
1 4 8
0 1 0
3 0 5
0 1 0
3 0 1
0 1 0
3 0 9
0 1 0
3 0 9
0 1 0
3 0 10
0 1 0
4 0 574
0 1 0
1 14 25
0 1 0
4 0 644
0 1 0
3 0 1
0 1 0
1 30 81
0 1 0
1 1 2
0 1 0
1 31 34
0 1 0
3 0 1
0 1 0
1 43 29
0 1 0
1 29 17
0 1 0
3 0 8
0 1 0
4 0 367
0 1 0
1 50 142
0 1 0
2 0 3
0 1 0
3 0 8
0 1 0
1 9 22
0 1 0
0 36 16
0 1 0
3 0 5
0 1 0
1 34 87
0 1 0
1 19 61
0 1 0
4 0 328
0 1 0
4 0 285
0 1 0
3 0 5
0 1 0
1 11 36
0 1 0
1 39 111
0 1 0
3 0 7
0 1 0
2 0 6
0 1 0
4 0 423
0 1 0
1 42 93
0 1 0
3 0 10
0 1 0
0 36 32
0 1 0
3 0 10
0 1 0
0 23 13
0 1 0
3 0 4
0 1 0
0 41 37
0 1 0
1 45 67
0 1 0
3 0 9
0 1 0
4 0 349
0 1 0
3 0 5
0 1 0
2 0 4
0 1 0
1 35 22
0 1 0
1 38 102
0 1 0
1 4 11
0 1 0
1 6 3
0 1 0
1 27 43
0 1 0
1 23 21
0 1 0
3 0 0
0 1 0
4 0 277
0 1 0
1 33 52
0 1 0
4 0 802
0 1 0
0 45 60
0 1 0
3 0 8
0 1 0
2 0 4
0 1 0
3 0 6
0 1 0
0 20 15
0 1 0
1 35 79
0 1 0
4 0 459
0 1 0
0 36 59
0 1 0
1 17 34
0 1 0
4 0 915
0 1 0
0 2 1
0 1 0
2 0 10
0 1 0
4 0 212
0 1 0
4 0 514
0 1 0
3 0 4
0 1 0
3 0 9
0 1 0
4 0 548
0 1 0
1 29 39
0 1 0
1 40 75
0 1 0
3 0 8
0 1 0
0 27 23
0 1 0
4 0 211
0 1 0
1 10 25
0 1 0
1 10 14
0 1 0
3 0 6
0 1 0
4 0 432
0 1 0
3 0 3
0 1 0
3 0 3
0 1 0
0 35 33
0 1 0
3 0 1
0 1 0
1 32 64
0 1 0
3 0 5
0 1 0
1 32 58
0 1 0
3 0 2
0 1 0
3 0 5
0 1 0
0 10 12
0 1 0
2 0 7
0 1 0
4 0 991
0 1 0
1 42 136
0 1 0
3 0 1
0 1 0
3 0 5
0 1 0
3 0 6
0 1 0
3 0 3
0 1 0
1 48 112
0 1 0
3 0 9
0 1 0
1 36 94
0 1 0
3 0 0
0 1 0
3 0 10
0 1 0
2 0 9
0 1 0
3 0 0
0 1 0
1 36 50
0 1 0
3 0 10
0 1 0
0 16 13
0 1 0
1 7 6
0 1 0
1 33 53
0 1 0
3 0 1
0 1 0
3 0 6
0 1 0
1 16 41
0 1 0
0 18 22
0 1 0
0 45 70
0 1 0
1 3 7
0 1 0
0 10 11
0 1 0
3 0 0
0 1 0
1 15 26
0 1 0
4 0 852
0 1 0
3 0 10
0 1 0
1 46 114
0 1 0
1 26 46
0 1 0
4 0 746
0 1 0
1 26 51
0 1 0
3 0 5
0 1 0
1 3 7
0 1 0
4 0 415
0 1 0
3 0 5
0 1 0
3 0 1
0 1 0
0 20 9
0 1 0
3 0 2
0 1 0
3 0 8
0 1 0
1 27 43
0 1 0
2 0 3
0 1 0
4 0 996
0 1 0
3 0 1
0 1 0
1 31 65
0 1 0
0 6 5
0 1 0
1 2 6
0 1 0
1 50 92
0 1 0
1 7 16
0 1 0
3 0 1
0 1 0
1 47 73
0 1 0
1 19 50
0 1 0
4 0 844
0 1 0
3 0 1
0 1 0
1 48 27
0 1 0
4 0 719
0 1 0
3 0 8
0 1 0
3 0 10
0 1 0
2 0 9
0 1 0
1 21 62
0 1 0
1 25 27
0 1 0
1 10 18
0 1 0
1 2 5
0 1 0
1 2 3
0 1 0
3 0 1
0 1 0
0 28 26
0 1 0
3 0 7
0 1 0
1 28 53
0 1 0
3 0 10
0 1 0
3 0 7
0 1 0
3 0 9
0 1 0
4 0 222
0 1 0
1 20 47
0 1 0
1 29 66
0 1 0
3 0 0
0 1 0
2 0 9
0 1 0
0 8 11
0 1 0
3 0 2
0 1 0
3 0 1
0 1 0
2 0 1
0 1 0
3 0 6
0 1 0
4 0 430
0 1 0
4 0 940
0 1 0
3 0 7
0 1 0
2 0 3
0 1 0
4 0 980
0 1 0
3 0 9
0 1 0
1 36 72
0 1 0
1 26 44
0 1 0
4 0 681
0 1 0
3 0 3
0 1 0
1 10 13
0 1 0
4 0 935
0 1 0
4 0 554
0 1 0
3 0 7
0 1 0
3 0 8
0 1 0
1 35 82
0 1 0
3 0 1
0 1 0
3 0 6
0 1 0
4 0 764
0 1 0
2 0 6
0 1 0
3 0 8
0 1 0
4 0 735
0 1 0
2 0 3
0 1 0
1 24 58
0 1 0
2 0 5
0 1 0
4 0 773
0 1 0
3 0 10
0 1 0
1 48 62
0 1 0
3 0 5
0 1 0
3 0 9
0 1 0
3 0 10
0 1 0
4 0 277
0 1 0
4 0 858
0 1 0
3 0 2
0 1 0
4 0 874
0 1 0
4 0 439
0 1 0
3 0 9
0 1 0
3 0 4
0 1 0
1 16 31
0 1 0
3 0 1
0 1 0
4 0 278
0 1 0
3 0 0
0 1 0
1 31 49
0 1 0
4 0 376
0 1 0
4 0 982
0 1 0
1 25 56
0 1 0
1 38 63
0 1 0
2 0 2
0 1 0
1 33 29
0 1 0
2 0 9
0 1 0
2 0 1
0 1 0
0 49 50
0 1 0
2 0 7
0 1 0
1 23 37
0 1 0
1 38 66
0 1 0
1 38 104
0 1 0
1 20 55
0 1 0
1 50 148
0 1 0
1 37 79
0 1 0
3 0 5
0 1 0
1 11 24
0 1 0
3 0 10
0 1 0
3 0 1
0 1 0
4 0 531
0 1 0
3 0 2
0 1 0
0 18 14
0 1 0
3 0 8
0 1 0
3 0 2
0 1 0
4 0 503
0 1 0
3 0 2
0 1 0
4 0 849
0 1 0
3 0 3
0 1 0
3 0 2
0 1 0
2 0 3
0 1 0
4 0 643
0 1 0
2 0 3
0 1 0
1 23 41
0 1 0
1 10 16
0 1 0
4 0 369
0 1 0
4 0 346
0 1 0
1 33 79
0 1 0
3 0 10
0 1 0
1 20 43
0 1 0
3 0 10
0 1 0
3 0 9
0 1 0
1 25 58
0 1 0
2 0 6
0 1 0
3 0 2
0 1 0
1 18 15
0 1 0
1 13 3
0 1 0
4 0 916
0 1 0
0 21 15
0 1 0
3 0 9
0 1 0
3 0 6
0 1 0
0 35 41
0 1 0
1 28 27
0 1 0
4 0 770
0 1 0
4 0 702
0 1 0
2 0 9
0 1 0
4 0 633
0 1 0
2 0 10
0 1 0
1 8 21
0 1 0
0 30 39
0 1 0
3 0 4
0 1 0
0 15 16
0 1 0
4 0 748
0 1 0
1 47 66
0 1 0
1 2 3
0 1 0
3 0 7
0 1 0
3 0 2
0 1 0
3 0 3
0 1 0
2 0 7
0 1 0
3 0 2
0 1 0
1 32 41
0 1 0
3 0 1
0 1 0
1 7 8
0 1 0
3 0 10
0 1 0
1 1 3
0 1 0
3 0 3
0 1 0
4 0 644
0 1 0
4 0 629
0 1 0
1 42 74
0 1 0
1 43 68
0 1 0
1 24 40
0 1 0
3 0 3
0 1 0
1 4 6
0 1 0
3 0 3
0 1 0
0 13 4
0 1 0
4 0 688
0 1 0
2 0 3
0 1 0
3 0 10
0 1 0
3 0 6
0 1 0
4 0 486
0 1 0
1 50 62
0 1 0
1 10 23
0 1 0
1 42 77
0 1 0
1 2 4
0 1 0
3 0 8
0 1 0
1 46 161
0 1 0
1 28 59
0 1 0
1 29 44
0 1 0
3 0 4
0 1 0
1 17 23
0 1 0
0 19 19
0 1 0
3 0 10
0 1 0
1 48 100
0 1 0
3 0 0
0 1 0
3 0 10
0 1 0
3 0 2
0 1 0
0 34 52
0 1 0
1 29 76
0 1 0
3 0 6
0 1 0
3 0 10
0 1 0
3 0 10
0 1 0
4 0 386
0 1 0
3 0 2
0 1 0
3 0 8
0 1 0
3 0 7
0 1 0
1 50 113
0 1 0
2 0 8
0 1 0
3 0 3
0 1 0
3 0 1
0 1 0
4 0 284
0 1 0
3 0 8
0 1 0
3 0 5
0 1 0
1 10 28
0 1 0
3 0 1
0 1 0
4 0 775
0 1 0
3 0 7
0 1 0
1 16 24
0 1 0
2 0 1
0 1 0
4 0 725
0 1 0
3 0 9
0 1 0
3 0 3
0 1 0
3 0 4
0 1 0
3 0 6
0 1 0
4 0 209
0 1 0
3 0 2
0 1 0
1 36 55
0 1 0
0 47 50
0 1 0
3 0 4
0 1 0
1 31 92
0 1 0
2 0 5
0 1 0
3 0 6
0 1 0
2 0 1
0 1 0
2 0 2
0 1 0
0 28 31
0 1 0
3 0 1
0 1 0
3 0 0
0 1 0
3 0 0
0 1 0
3 0 6
0 1 0
3 0 5
0 1 0
1 16 38
0 1 0
1 38 80
0 1 0
1 35 59
0 1 0
4 0 426
0 1 0
2 0 8
0 1 0
3 0 7
0 1 0
3 0 10
0 1 0
3 0 5
0 1 0
4 0 611
0 1 0
3 0 4
0 1 0
0 23 13
0 1 0
3 0 3
0 1 0
3 0 7
0 1 0
3 0 4
0 1 0
3 0 4
0 1 0
3 0 5
0 1 0
1 49 132
0 1 0
4 0 562
0 1 0
3 0 7
0 1 0
1 43 121
0 1 0
1 6 16
0 1 0
0 37 53
0 1 0
0 34 32
0 1 0
4 0 349
0 1 0
1 5 14
0 1 0
1 3 8
0 1 0
1 40 53
0 1 0
3 0 10
0 1 0
1 7 24
0 1 0
3 0 2
0 1 0
1 33 46
0 1 0
4 0 840
0 1 0
0 47 52
0 1 0
3 0 4
0 1 0
0 34 43
0 1 0
1 21 45
0 1 0
1 50 1
0 1 0
0 25 46
0 1 0
3 0 4
0 1 0
3 0 9
0 1 0
1 5 14
0 1 0
3 0 3
0 1 0
0 1 1
0 1 0
2 0 10
0 1 0
1 16 21
0 1 0
1 27 62
0 1 0
3 0 7
0 1 0
3 0 8
0 1 0
3 0 6
0 1 0
4 0 900
0 1 0
4 0 542
0 1 0
1 11 13
0 1 0
3 0 2
0 1 0
3 0 3
0 1 0
1 9 23
0 1 0
1 18 39
0 1 0
0 14 14
0 1 0
2 0 4
0 1 0
4 0 266
0 1 0
3 0 6
0 1 0
1 40 86
0 1 0
1 35 70
0 1 0
1 39 139
0 1 0
4 0 709
0 1 0
3 0 0
0 1 0
3 0 4
0 1 0
4 0 309
0 1 0
4 0 464
0 1 0
4 0 350
0 1 0
1 41 100
0 1 0
2 0 10
0 1 0
0 43 38
0 1 0
0 14 5
0 1 0
4 0 987
0 1 0
4 0 622
0 1 0
3 0 0
0 1 0
2 0 4
0 1 0
4 0 867
0 1 0
4 0 671
0 1 0
3 0 8
0 1 0
3 0 10
0 1 0
0 46 37
0 1 0
0 9 8
0 1 0
0 40 29
0 1 0
4 0 923
0 1 0
1 27 65
0 1 0
4 0 664
0 1 0
1 2 6
0 1 0
3 0 5
0 1 0
4 0 334
0 1 0
4 0 613
0 1 0
1 35 93
0 1 0
3 0 10
0 1 0
0 18 21
0 1 0
1 29 51
0 1 0
4 0 485
0 1 0
3 0 8
0 1 0
1 47 108
0 1 0
1 13 34
0 1 0
3 0 9
0 1 0
3 0 2
0 1 0
1 18 35
0 1 0
4 0 593
0 1 0
1 2 1
0 1 0
3 0 6
0 1 0
4 0 669
0 1 0
1 18 32
0 1 0
3 0 5
0 1 0
1 5 16
0 1 0
1 31 66
0 1 0
3 0 8
0 1 0
0 47 32
0 1 0
3 0 1
0 1 0
0 9 13
0 1 0
1 49 83
0 1 0
1 33 123
0 1 0
4 0 292
0 1 0
3 0 9
0 1 0
1 31 83
0 1 0
2 0 3
0 1 0
3 0 5
0 1 0
0 8 9
0 1 0
1 19 38
0 1 0
0 6 5
0 1 0
1 9 19
0 1 0
0 31 31
0 1 0
1 42 94
0 1 0
0 22 20
0 1 0
1 5 7
0 1 0
3 0 0
0 1 0
0 32 33
0 1 0
4 0 649
0 1 0
3 0 8
0 1 0
2 0 7
0 1 0
1 23 66
0 1 0
4 0 527
0 1 0
2 0 0
0 1 0
4 0 844
0 1 0
0 36 56
0 1 0
1 27 49
0 1 0
1 16 25
0 1 0
2 0 8
0 1 0
0 49 47
0 1 0
3 0 1
0 1 0
3 0 7
0 1 0
1 43 117
0 1 0
3 0 4
0 1 0
2 0 10
0 1 0
1 21 41
0 1 0
1 24 59
0 1 0
3 0 1
0 1 0
3 0 4
0 1 0
4 0 999
0 1 0
3 0 8
0 1 0
3 0 4
0 1 0
4 0 576
0 1 0
3 0 0
0 1 0
4 0 326
0 1 0
4 0 883
0 1 0
3 0 1
0 1 0
3 0 3
0 1 0
1 11 26
0 1 0
1 9 23
0 1 0
1 10 26
0 1 0
4 0 900
0 1 0
3 0 8
0 1 0
4 0 812
0 1 0
4 0 636
0 1 0
4 0 252
0 1 0
2 0 5
0 1 0
3 0 1
0 1 0
0 47 38
0 1 0
1 20 38
0 1 0
3 0 7
0 1 0
4 0 344
0 1 0
0 14 15
0 1 0
1 21 45
0 1 0
3 0 1
0 1 0
3 0 1
0 1 0
1 23 24
0 1 0
3 0 9
0 1 0
1 4 6
0 1 0
3 0 10
0 1 0
4 0 290
0 1 0
3 0 2
0 1 0
1 25 50
0 1 0
3 0 10
0 1 0
2 0 1
0 1 0
1 34 65
0 1 0
1 12 31
0 1 0
1 2 3
0 1 0
3 0 9
0 1 0
3 0 7
0 1 0
2 0 6
0 1 0
3 0 6
0 1 0
3 0 7
0 1 0
1 34 74
0 1 0
1 49 68
0 1 0
0 9 13
0 1 0
4 0 919
0 1 0
4 0 492
0 1 0
3 0 1
0 1 0
3 0 4
0 1 0
0 26 35
0 1 0
4 0 798
0 1 0
1 37 73
0 1 0
4 0 411
0 1 0
4 0 488
0 1 0
3 0 3
0 1 0
1 21 53
0 1 0
4 0 851
0 1 0
4 0 959
0 1 0
3 0 4
0 1 0
4 0 732
0 1 0
3 0 3
0 1 0
1 7 14
0 1 0
4 0 646
0 1 0
1 18 31
0 1 0
4 0 350
0 1 0
3 0 2
0 1 0
1 39 39
0 1 0
4 0 351
0 1 0
0 21 26
0 1 0
4 0 990
0 1 0
3 0 10
0 1 0
3 0 2
0 1 0
0 19 19
0 1 0
1 13 42
0 1 0
3 0 2
0 1 0
0 22 27
0 1 0
3 0 4
0 1 0
0 45 83
0 1 0
3 0 5
0 1 0
3 0 1
0 1 0
3 0 4
0 1 0
1 3 5
0 1 0
3 0 5
0 1 0
1 42 75
0 1 0
3 0 10
0 1 0
3 0 2
0 1 0
1 30 34
0 1 0
1 35 95
0 1 0
1 32 37
0 1 0
2 0 8
0 1 0
0 17 20
0 1 0
2 0 10
0 1 0
1 35 38
0 1 0
3 0 3
0 1 0
2 0 4
0 1 0
1 22 46
0 1 0
2 0 0
0 1 0
3 0 0
0 1 0
3 0 6
0 1 0
1 8 16
0 1 0
4 0 949
0 1 0
3 0 2
0 1 0
1 33 62
0 1 0
3 0 4
0 1 0
3 0 7
0 1 0
1 17 34
0 1 0
3 0 4
0 1 0
2 0 5
0 1 0
2 0 7
0 1 0
3 0 2
0 1 0
3 0 5
0 1 0
2 0 10
0 1 0
4 0 433
0 1 0
1 20 51
0 1 0
1 30 43
0 1 0
1 12 26
0 1 0
3 0 7
0 1 0
0 10 10
0 1 0
4 0 993
0 1 0
3 0 9
0 1 0
0 31 39
0 1 0
0 23 23
0 1 0
3 0 0
0 1 0
3 0 8
0 1 0
3 0 10
0 1 0
3 0 5
0 1 0
0 39 58
0 1 0
1 15 18
0 1 0
1 1 2
0 1 0
1 24 62
0 1 0
1 18 28
0 1 0
0 10 6
0 1 0
3 0 5
0 1 0
1 21 80
0 1 0
3 0 7
0 1 0
3 0 10
0 1 0
4 0 920
0 1 0
1 28 58
0 1 0
1 48 42
0 1 0
4 0 426
0 1 0
3 0 4
0 1 0
4 0 409
0 1 0
4 0 628
0 1 0
0 48 53
0 1 0
3 0 10
0 1 0
1 32 89
0 1 0
4 0 869
0 1 0
2 0 4
0 1 0
1 24 47
0 1 0
1 46 71
0 1 0
1 3 6
0 1 0
3 0 2
0 1 0
0 32 43
0 1 0
1 8 7
0 1 0
1 24 51
0 1 0
1 9 8
0 1 0
0 15 10
0 1 0
4 0 458
0 1 0
4 0 883
0 1 0
1 49 88
0 1 0
1 3 7
0 1 0
4 0 552
0 1 0
4 0 678
0 1 0
3 0 9
0 1 0
1 40 41
0 1 0
3 0 8
0 1 0
4 0 747
0 1 0
3 0 0
0 1 0
3 0 0
0 1 0
3 0 6
0 1 0
3 0 4
0 1 0
4 0 257
0 1 0
0 15 15
0 1 0
3 0 3
0 1 0
4 0 985
0 1 0
3 0 1
0 1 0
3 0 4
0 1 0
4 0 581
0 1 0
2 0 0
0 1 0
1 37 85
0 1 0
3 0 5
0 1 0
3 0 3
0 1 0
1 38 63
0 1 0
2 0 10
0 1 0
3 0 7
0 1 0
4 0 464
0 1 0
1 42 48
0 1 0
1 45 119
0 1 0
4 0 845
0 1 0
1 33 46
0 1 0
4 0 384
0 1 0
3 0 4
0 1 0
1 31 43
0 1 0
2 0 1
0 1 0
1 33 53
0 1 0
4 0 840
0 1 0
2 0 8
0 1 0
1 30 36
0 1 0
3 0 8
0 1 0
3 0 2
0 1 0
3 0 6
0 1 0
4 0 296
0 1 0
2 0 6
0 1 0
0 4 5
0 1 0
4 0 797
0 1 0
3 0 5
0 1 0
4 0 302
0 1 0
1 24 66
0 1 0
1 4 12
0 1 0
4 0 305
0 1 0
1 45 18
0 1 0
4 0 926
0 1 0
4 0 256
0 1 0
1 25 47
0 1 0
2 0 3
0 1 0
1 3 8
0 1 0
2 0 5
0 1 0
3 0 2
0 1 0
4 0 851
0 1 0
1 47 74
0 1 0
3 0 7
0 1 0
4 0 358
0 1 0
3 0 10
0 1 0
3 0 3
0 1 0
1 47 135
0 1 0
1 13 28
0 1 0
3 0 2
0 1 0
4 0 855
0 1 0
4 0 516
0 1 0
1 6 7
0 1 0
3 0 7
0 1 0
3 0 8
0 1 0
0 34 44
0 1 0
4 0 599
0 1 0
3 0 2
0 1 0
3 0 3
0 1 0
3 0 6
0 1 0
1 21 48
0 1 0
3 0 3
0 1 0
3 0 0
0 1 0
3 0 0
0 1 0
1 18 37
0 1 0
3 0 1
0 1 0
2 0 10
0 1 0
1 16 21
0 1 0
0 39 33
0 1 0
1 32 57
0 1 0
3 0 0
0 1 0
1 19 44
0 1 0
3 0 1
0 1 0
3 0 10
0 1 0
2 0 5
0 1 0
2 0 6
0 1 0
2 0 9
0 1 0
1 22 40
0 1 0
1 32 77
0 1 0
4 0 971
0 1 0
1 17 24
0 1 0
3 0 4
0 1 0
0 19 16
0 1 0
3 0 8
0 1 0
1 7 25
0 1 0
3 0 5
0 1 0
3 0 0
0 1 0
1 21 14
0 1 0
2 0 6
0 1 0
3 0 3
0 1 0
1 22 35
0 1 0
1 37 24
0 1 0
4 0 673
0 1 0
2 0 0
0 1 0
3 0 5
0 1 0
4 0 802
0 1 0
3 0 1
0 1 0
0 12 7
0 1 0
3 0 4
0 1 0
3 0 3
0 1 0
4 0 562
0 1 0
2 0 2
0 1 0
1 41 60
0 1 0
3 0 10
0 1 0
1 9 18
0 1 0
1 40 87
0 1 0
2 0 6
0 1 0
3 0 10
0 1 0
3 0 5
0 1 0
3 0 1
0 1 0
3 0 4
0 1 0
3 0 3
0 1 0
1 4 11
0 1 0
4 0 624
0 1 0
1 5 14
0 1 0
3 0 6
0 1 0
4 0 221
0 1 0
3 0 10
0 1 0
4 0 984
0 1 0
3 0 6
0 1 0
2 0 9
0 1 0
4 0 589
0 1 0
1 31 29
0 1 0
1 37 69
