3 4 4 1000
35 41
11 4
92 123
5 6
5 5
13 18
58 44
28 19
13 21
56 29
220 234
5 5
15 9
69 100
22 19
7 8
150 129
68 70
29 22
102 116
81 104
9 5
149 249
38 30
55 86
21 10
9 17
185 159
11 9
17 13
5 6
24 30
23 23
36 27
232 244
16 18
20 17
5 3
37 35
126 139
5 5
6 6
5 6
54 66
67 52
91 85
64 46
29 20
41 61
5 6
12 12
10 13
4 4
54 73
214 174
66 85
125 63
22 31
26 24
233 375
45 30
4 3
33 40
44 42
146 143
45 56
27 41
32 24
44 37
13 6
112 175
8 8
10 9
97 100
6 5
8 5
78 62
4 4
100 67
97 188
76 119
10 8
103 110
156 171
60 75
128 98
4 3
60 27
18 19
232 188
166 121
19 23
233 300
73 113
4 9
98 110
10 8
9 11
31 25
93 106
61 75
101 74
45 52
15 13
122 115
107 103
153 225
42 49
66 69
112 67
8 11
131 183
74 104
66 82
130 89
18 14
5 7
9 10
7 6
124 149
124 160
5 8
240 158
59 43
26 22
21 15
5 6
35 49
23 22
26 28
7 5
49 49
31 27
222 116
129 143
13 15
210 182
89 135
12 8
64 81
120 72
162 297
14 7
6 5
101 77
86 181
26 20
21 20
68 54
9 12
6 3
17 13
27 34
5 4
9 17
76 93
19 20
52 65
164 198
240 608
38 59
39 78
15 21
7 6
48 35
19 12
18 14
40 41
66 73
81 62
16 39
6 7
4 7
44 48
10 10
21 27
97 144
18 15
6 5
23 31
59 67
28 34
5 5
18 13
40 55
32 33
72 73
8 7
97 110
44 61
100 125
245 273
41 28
153 146
12 13
120 413
242 231
76 55
6 3
28 31
40 30
13 13
47 68
5 6
4 4
45 35
8 10
56 32
66 55
39 39
15 13
167 192
190 197
19 13
43 34
114 87
18 9
17 9
160 150
10 4
4 5
9 16
206 275
29 21
13 12
79 86
6 7
187 278
25 19
138 68
21 15
6 6
63 72
5 5
4 4
211 128
9 6
60 26
21 28
6 7
21 21
7 9
6 4
57 75
7 5
67 72
15 17
23 25
47 39
104 94
141 119
41 22
14 26
15 21
145 97
43 52
53 41
104 142
106 72
60 39
21 35
59 60
8 5
4 3
8 10
9 9
145 107
6 4
105 60
221 142
16 16
21 16
31 32
26 42
163 187
71 54
72 201
13 11
58 118
49 64
11 7
9 12
17 25
36 36
17 13
112 129
33 27
215 131
40 40
14 18
15 12
8 16
63 59
59 71
16 23
7 11
166 198
30 17
132 135
9 7
56 73
38 15
12 7
189 151
147 172
63 88
25 11
51 77
113 96
18 29
7 7
9 10
73 62
104 84
51 51
157 203
229 354
30 28
14 8
8 6
184 128
161 205
200 205
119 97
18 10
15 11
108 148
27 33
136 147
138 84
15 7
37 30
44 43
16 21
233 384
20 18
10 8
10 11
4 3
14 19
10 14
23 23
30 17
227 331
37 36
11 10
7 9
10 8
35 57
4 8
25 29
217 184
25 20
48 81
29 39
26 22
36 59
5 5
4 13
28 21
185 209
52 59
10 10
92 105
44 54
224 309
29 27
62 45
20 21
242 374
62 58
26 23
27 34
223 210
7 5
5 5
18 17
15 13
208 203
21 24
16 11
90 146
139 149
65 138
100 80
5 5
202 267
83 128
192 137
123 114
77 36
131 112
161 132
5 4
4 2
69 81
19 19
36 29
11 12
94 90
186 150
10 6
194 125
71 99
10 18
11 9
66 45
6 5
9 6
41 35
9 8
45 49
5 6
4 4
34 34
15 14
6 6
4 3
28 15
6 6
89 45
151 166
22 8
30 27
33 39
92 104
9 13
55 56
40 42
22 26
37 25
74 44
48 71
213 148
26 19
25 20
27 25
21 37
229 285
5 3
229 160
214 104
7 8
4 3
5 4
10 6
165 158
7 10
44 41
6 3
35 43
42 40
12 10
5 9
93 108
12 15
58 60
112 122
55 102
27 33
142 216
12 9
8 10
37 24
5 6
13 12
10 15
206 127
35 42
39 43
14 17
224 319
5 3
7 5
14 12
27 30
32 29
49 70
50 30
5 4
210 288
43 38
9 13
147 114
16 13
16 12
122 151
208 157
50 44
46 45
70 64
9 10
157 179
130 229
10 11
13 7
14 16
22 41
7 10
42 63
22 30
57 54
142 94
9 7
120 82
19 15
42 30
31 68
70 89
188 308
5 4
39 31
5 6
149 173
26 23
132 92
75 55
166 165
10 6
6 5
11 25
18 17
64 108
41 50
7 6
15 21
8 9
10 7
13 8
111 140
5 4
6 4
5 5
6 7
9 10
32 26
136 215
57 81
81 104
152 138
172 280
88 113
39 27
213 165
8 7
134 211
131 103
110 144
62 64
5 4
53 50
49 47
50 55
82 112
217 185
156 193
20 25
129 174
5 4
197 185
20 22
16 11
12 11
28 22
34 31
8 6
121 52
25 27
9 15
20 16
24 32
177 107
94 122
18 28
218 207
28 32
4 3
147 137
7 7
9 10
92 95
16 12
7 9
7 5
23 34
34 36
27 31
5 5
106 71
93 110
6 14
4 4
22 17
20 29
9 7
34 21
24 30
35 19
56 70
38 29
173 160
186 265
90 48
105 79
123 96
16 17
177 229
56 70
5 4
74 82
59 90
191 131
75 75
11 14
9 9
57 32
23 21
167 157
8 8
4 2
24 12
104 89
225 168
44 76
13 18
131 81
7 5
52 45
132 143
178 175
6 5
60 52
16 23
17 34
124 145
12 13
5 5
5 4
12 10
66 94
26 36
64 90
24 24
14 9
17 24
5 3
13 10
172 175
50 52
63 44
51 82
58 41
9 10
87 59
42 30
101 122
60 53
10 9
75 74
12 7
154 188
146 211
58 37
35 58
62 40
58 57
45 41
62 48
123 69
88 138
5 5
6 4
12 7
52 44
170 168
172 266
74 79
8 12
84 105
10 9
28 35
5 7
26 22
116 170
9 9
27 42
14 16
64 144
7 11
57 84
196 216
201 185
6 8
247 402
12 16
138 129
68 57
241 249
187 181
6 5
4 2
142 220
40 63
8 6
7 4
46 34
20 23
15 23
12 22
18 18
4 4
26 40
16 9
14 14
84 66
64 38
72 123
12 15
138 211
214 143
52 70
5 5
5 4
199 173
43 38
129 113
9 9
16 18
8 5
4 6
15 19
13 10
19 9
28 22
134 122
17 12
13 7
17 14
34 29
157 129
111 109
25 37
103 107
57 59
6 3
144 145
58 35
7 6
18 16
12 12
51 43
170 266
15 22
15 13
23 29
74 104
51 33
10 8
10 9
64 37
30 37
132 156
9 7
5 6
193 209
165 384
25 23
7 3
12 10
11 11
27 37
92 211
6 6
4 6
210 238
35 37
183 240
205 170
198 268
26 35
179 148
20 21
91 94
6 5
15 18
15 15
40 50
7 7
64 99
10 11
16 21
7 3
36 34
20 32
33 30
38 36
59 53
77 51
27 58
154 315
219 169
180 162
32 45
7 8
44 54
250 208
72 84
7 6
5 2
4 4
66 67
5 6
134 300
238 332
23 14
5 4
230 364
99 162
100 90
183 88
11 11
222 193
63 83
7 9
169 222
45 31
9 5
32 41
80 128
9 6
5 5
29 34
50 39
121 74
112 74
6 6
4 4
54 35
5 6
5 5
15 11
6 4
70 50
186 222
69 121
25 35
7 5
13 15
27 20
238 226
162 103
148 152
21 24
49 29
5 7
94 143
209 187
20 9
23 31
11 22
142 113
23 21
14 10
43 30
28 35
174 62
7 12
46 37
68 100
81 74
66 92
92 91
126 173
54 22
130 151
190 242
91 40
37 42
205 166
11 16
14 10
25 17
7 11
5 4
28 24
11 14
22 48
54 51
146 130
67 61
5 7
75 79
103 133
4 2
69 60
5 5
22 16
16 22
52 53
8 9
30 25
38 30
76 68
134 96
33 45
7 13
10 23
9 7
169 123
27 31
80 138
12 12
52 56
6 5
134 136
12 14
124 141
27 38
16 27
172 71
5 4
168 150
13 20
99 74
56 72
18 18
70 42
235 233
165 232
5 6
20 23
7 6
9 9
9 6
210 251
7 4
4 5
19 12
11 7
60 62
9 13
194 148
151 136
7 19
16 13
8 8
13 12
48 73
7 6
44 57
139 170
112 101
46 82
6 6
5 5
60 66
9 12
95 90
184 184
21 27
23 15
211 129
170 112
111 109
9 5
16 18
42 49
30 37
113 97
17 17
29 15
224 208
23 29
19 23
164 247
11 17
4 6
70 49
98 96
47 58
7 8
21 17
239 292
13 14
29 21
134 174
7 9
36 33
8 9
94 102
183 171
5 8
4 3
10 12
13 15
28 25
60 77
48 59
108 99
9 4
5 6
169 189
6 5
51 53
64 78
15 11
18 17
30 69
47 87
13 14
33 29
82 60
29 29
8 10
17 15
19 14
68 111
165 185
110 115
11 9
46 47
11 5
108 118
43 25
98 72
173 234
26 19
101 113
34 31
16 14
228 132
206 125
6 7
41 22
7 6
20 12
5 10
74 80
17 18
32 16
4 4
22 33
8 7
158 175
5 5
5 5
20 15
52 93
8 8
11 7
107 114
43 29
71 49
11 13
81 100
173 192
12 20
6 5
255 270
46 68
17 9
100 71
101 97
5 6
137 138
127 117
150 229
14 12
23 20
129 228
77 91
100 124
17 9
70 116
198 251
68 49
48 35
66 59
100 135
174 139
7 8
11 8
217 210
198 204
4 2
217 150
29 37
15 9
4 8
70 75
216 199
32 22
8 5
5 8
46 54
57 37
6 4
109 88
34 30
114 84
13 13
22 16
49 31
189 268
233 261
12 7
13 18
121 128
5 5
9 8
145 127
27 12
40 42
5 5
27 27
41 29
136 113
177 176
71 37
8 7
9 23
108 165
74 67
23 43
194 193
18 21
67 68
96 114
25 24
160 136
78 100
18 15
10 6
22 18
11 7
38 36
93 114
63 41
222 279
237 318
11 11
15 16
13 11
35 16
37 46
78 46
23 27
8 5
83 83
160 243
9 6
12 15
9 12
126 85
131 85
40 38
27 19
74 78
6 7
48 64
52 89
26 27
105 85
237 206
30 49
53 101
161 187
5 6
9 13
27 31
251 213
116 137
7 10
8 7
232 168
33 23
7 10
13 11
12 6
12 11
211 182
106 136
82 68
55 93
5 6
4 4
23 26
59 108
132 126
248 250
43 45
121 104
161 259
174 101
6 7
17 16
39 37
91 92
26 39
10 13
25 19
5 9
14 15
9 15
6 5
52 57
42 21
31 29
149 165
200 151
242 154
12 9
225 199
31 28
218 187
22 30
153 150
25 20
35 64
127 86
12 13
102 92
86 117
15 23
34 22
29 25
39 63
65 81
46 18
32 19
160 96
45 25
5 6
47 80
5 5
80 83
7 10
5 9
34 39
7 7
7 11
17 19
22 20
10 9
36 37
56 54
17 10
14 19
8 8
6 8
20 51
47 16
197 72
6 5
13 8
28 44
4 3
248 157
45 46
5 5
11 9
84 81
62 71
110 122
12 10
66 45
41 33
189 150
29 22
4 6
4 3
13 9
5 4
108 83
4 6
10 14
18 11
15 16
10 6
10 10
18 18
61 39
10 6
17 17
19 21
24 31
7 9
17 5
4 4
31 31
23 19
5 8
12 13
156 135
6 9
40 35
20 28
51 46
135 102
5 2
21 16
65 52
7 6
159 194
169 93
71 73
11 21
49 30
91 136
52 35
13 16
11 11
47 65
34 25
14 11
5 4
74 115
16 11
104 148
8 8
7 8
21 28
29 47
36 41
8 14
11 15
31 23
11 10
4 3
179 135
7 3
137 64
19 22
5 4
9 16
113 156
125 76
4 3
7 6
174 92
5 7
141 123
109 87
5 6
83 43
5 5
47 85
235 175
40 37
7 13
63 37
138 196
131 104
234 162
8 8
16 14
15 20
43 48
19 21
144 132
7 6
6 7
18 13
11 9
157 249
4 4
16 26
223 526
31 31
6 4
10 8
15 15
15 21
45 37
5 6
123 102
86 92
49 28
46 35
11 8
5 3
63 63
17 20
81 56
87 79
67 76
32 47
12 9
88 91
33 23
22 18
32 18
26 23
138 135
61 63
14 18
172 113
11 11
84 85
29 27
103 64
59 67
235 237
87 115
5 13
170 279
6 5
14 15
9 8
173 222
5 4
6 7
6 5
4 3
4 5
26 43
65 74
14 8
9 10
15 25
19 9
13 10
65 45
46 49
13 16
18 36
6 7
130 81
27 14
47 33
8 12
98 86
118 121
163 152
15 27
30 35
6 11
35 32
6 4
107 172
44 43
182 170
51 88
199 340
32 32
27 33
50 45
61 43
14 13
46 35
8 5
12 10
223 201
85 122
33 23
5 6
13 21
23 14
191 297
13 14
22 40
31 37
15 15
5 5
17 15
21 40
211 106
11 9
35 23
14 10
133 219
6 2
6 9
58 44
25 20
35 55
10 7
90 91
88 103
21 10
14 12
32 42
10 11
15 15
21 28
28 53
115 204
18 15
13 7
6 3
21 9
5 3
11 9
51 44
8 12
12 25
10 15
4 2
142 135
150 174
57 65
26 33
95 78
83 48
43 43
13 16
77 64
112 109
16 15
10 9
34 29
13 10
16 17
117 98
11 11
119 150
145 125
35 39
32 26
37 37
137 219
15 14
30 25
4 5
77 46
26 33
24 17
48 38
20 12
50 40
140 98
18 24
10 16
205 294
4 4
52 42
14 14
88 90
10 9
6 2
36 62
108 180
5 6
38 27
17 12
12 22
10 5
112 85
167 150
45 40
15 17
32 23
181 241
243 168
136 104
15 15
17 19
18 21
26 36
124 173
5 4
107 143
69 54
95 123
9 9
183 165
52 41
97 97
127 127
5 5
109 90
4 3
74 72
11 13
21 25
155 180
137 154
92 98
59 49
10 11
19 19
230 269
9 14
57 68
5 9
36 61
27 22
8 7
60 54
8 6
42 64
103 79
121 134
88 67
255 195
249 233
21 17
46 43
41 42
31 47
43 36
8 10
11 14
33 39
22 16
20 22
45 33
20 13
8 7
33 39
91 160
19 17
186 257
41 27
201 154
22 24
62 80
108 182
140 174
8 6
21 28
4 5
28 48
7 3
13 14
7 8
75 63
18 9
15 15
13 13
199 105
10 15
100 80
42 53
152 94
8 10
148 238
32 59
125 171
49 44
16 16
43 18
80 88
104 97
105 103
119 116
93 96
4 6
83 105
12 12
18 21
60 47
29 26
161 121
14 11
72 52
7 5
8 10
39 36
50 39
127 176
36 18
185 157
145 81
8 7
16 23
106 132
28 24
5 2
18 17
51 44
14 6
46 62
15 21
220 191
5 8
208 175
32 55
4 3
10 6
79 46
6 6
10 8
253 275
71 33
4 3
14 15
214 187
201 188
197 153
6 7
55 39
13 11
14 15
5 8
6 6
35 32
215 169
14 17
67 68
69 51
5 5
15 19
9 10
52 51
53 48
24 25
186 161
4 3
6 8
46 36
136 138
169 150
10 16
32 66
44 63
19 16
167 190
6 12
55 57
153 148
116 90
42 48
16 31
230 312
87 117
251 265
21 22
5 3
12 10
4 6
5 7
30 25
56 43
107 153
233 293
70 75
236 210
82 105
144 129
14 14
4 3
15 34
202 163
7 13
14 11
191 310
12 6
5 3
147 213
42 55
47 26
14 9
150 99
140 135
47 42
20 19
12 10
44 53
8 7
12 12
15 16
57 38
69 74
5 3
45 63
4 5
51 34
6 9
17 19
166 175
226 218
5 4
50 31
66 37
5 6
6 7
8 11
254 270
47 66
5 7
28 26
25 31
193 165
113 203
16 11
71 78
14 12
225 319
39 105
21 12
53 45
135 171
27 21
168 186
38 38
165 281
11 15
40 61
46 29
48 56
20 18
128 150
11 8
175 117
12 15
248 103
77 71
6 14
81 65
38 44
23 30
18 14
8 11
230 203
52 56
36 28
98 138
53 44
41 48
14 16
20 16
34 37
27 9
95 69
175 367
5 6
28 25
7 6
13 10
26 29
115 122
7 4
50 103
8 10
186 164
41 29
10 11
55 38
227 236
13 9
101 88
174 113
29 48
163 323
24 30
13 19
4 6
53 48
5 4
6 6
217 175
104 100
12 21
11 9
53 65
28 32
111 95
17 14
20 12
76 44
9 7
155 160
7 5
4 5
16 7
7 7
112 117
222 258
6 5
14 12
118 49
18 12
29 43
18 23
13 13
144 150
168 108
85 36
65 73
32 30
25 23
10 7
8 10
6 8
13 20
25 25
35 35
72 77
7 8
19 16
9 10
203 168
213 187
138 92
128 111
213 159
7 8
94 150
126 151
10 11
7 7
220 164
178 128
9 8
22 23
23 28
21 20
80 184
32 20
16 9
186 310
130 104
217 237
9 4
114 216
15 10
129 126
181 108
13 9
100 117
31 17
200 461
34 30
160 194
223 188
35 19
5 5
117 170
117 104
41 35
105 83
31 24
64 80
91 99
14 14
156 136
26 25
10 7
6 5
23 15
103 165
7 6
6 3
41 41
5 3
6 14
70 44
81 78
64 54
14 17
64 113
29 16
35 40
66 51
203 136
15 9
42 23
11 14
7 6
37 52
11 8
42 23
36 45
26 20
27 19
41 36
18 16
123 72
15 18
30 24
14 15
51 54
11 13
8 5
171 291
179 232
20 24
6 6
21 26
12 12
102 165
21 20
57 33
15 20
22 21
10 10
37 29
81 119
8 10
20 17
20 22
57 63
5 5
24 29
82 107
8 7
20 34
6 9
109 194
197 181
41 54
24 25
165 306
6 5
255 298
25 35
65 47
28 24
5 4
8 11
5 5
5 3
6 10
15 14
15 23
7 8
110 163
59 53
11 9
6 4
126 155
5 4
86 134
25 38
7 12
187 143
54 46
19 18
106 77
79 111
209 121
17 17
11 12
19 25
14 23
40 21
47 45
23 14
22 36
192 278
26 23
27 25
7 5
72 36
30 37
110 117
16 25
20 31
12 12
43 60
45 48
43 26
13 22
5 5
7 6
111 170
46 32
21 18
60 46
125 125
36 61
15 13
11 8
18 22
20 22
95 159
9 15
5 3
6 4
9 10
15 8
5 6
7 4
124 78
49 50
5 6
6 4
102 76
5 4
11 6
7 12
126 127
30 42
10 11
81 46
8 10
42 59
5 5
73 29
52 31
38 76
5 12
135 77
24 17
230 220
87 137
211 195
11 10
4 4
8 12
29 21
222 274
11 20
192 94
41 46
45 56
5 11
28 35
10 5
96 130
10 11
12 13
15 14
88 46
80 54
213 276
13 13
59 35
7 6
17 11
4 2
12 13
183 148
5 2
18 10
83 168
21 17
122 179
44 90
6 5
7 9
10 11
4 2
22 18
8 9
196 196
5 4
31 18
68 62
49 64
43 47
6 5
6 6
69 33
61 42
9 7
34 22
120 96
49 78
32 39
45 33
47 62
20 26
92 100
39 45
52 29
186 205
74 74
22 18
7 7
5 4
47 62
6 4
153 209
254 231
9 12
204 275
210 316
134 437
10 8
18 14
233 252
9 8
210 204
110 74
7 6
85 76
60 50
50 29
20 14
42 46
5 6
32 26
6 9
28 35
16 38
67 52
13 10
18 23
19 8
48 31
25 39
9 9
55 43
74 55
9 8
6 6
160 113
4 3
12 10
15 20
6 6
4 5
59 76
5 2
14 9
67 121
156 99
38 70
93 145
19 13
31 39
22 19
121 64
8 7
209 170
108 109
6 11
6 6
5 4
59 67
70 69
17 23
65 75
4 3
225 193
27 33
8 10
27 27
25 26
30 41
7 7
11 12
92 117
94 83
106 128
15 12
24 20
202 231
14 16
150 105
184 178
131 68
91 109
24 15
158 208
65 84
7 5
28 12
152 193
235 391
120 167
19 19
52 63
7 8
7 11
247 359
171 195
54 63
127 110
22 36
141 141
22 25
15 19
34 27
8 9
197 239
132 305
14 15
28 23
8 5
131 346
39 33
46 56
218 167
9 6
27 28
15 14
117 130
110 143
173 107
31 18
76 76
56 51
6 5
139 147
72 41
95 152
51 25
81 66
5 2
6 5
200 183
142 159
58 62
84 135
33 14
24 28
61 47
132 79
113 155
141 110
97 134
18 19
6 4
14 19
212 183
14 9
191 154
61 41
9 7
14 24
44 34
36 45
8 11
46 37
15 17
154 142
16 15
10 12
81 68
47 39
5 4
21 11
5 6
242 112
68 62
32 34
33 35
27 43
14 11
16 8
8 15
5 3
9 14
217 330
126 88
17 16
47 29
11 10
27 27
76 65
20 26
34 38
217 448
67 57
48 74
95 90
18 23
169 106
33 27
33 42
82 80
83 67
162 213
148 223
160 176
139 97
10 9
7 5
6 7
21 16
42 44
238 149
126 144
92 120
9 7
9 12
37 40
144 151
246 261
23 21
224 173
21 11
102 158
33 44
126 166
8 6
83 76
11 15
95 142
16 21
204 212
93 145
14 18
16 16
12 6
37 33
242 219
53 57
140 247
6 8
140 56
7 7
21 13
8 7
8 9
4 4
124 135
9 4
46 86
5 5
24 39
116 91
58 71
98 100
194 87
13 15
41 32
66 51
6 5
10 7
20 23
52 22
70 49
41 35
54 96
21 21
16 16
68 66
9 4
53 38
154 165
48 50
77 85
9 7
5 4
149 103
9 8
30 19
29 26
5 3
123 134
39 27
70 61
12 8
95 148
8 6
4 3
69 72
23 26
54 49
5 8
119 91
5 2
12 12
127 110
15 16
8 8
63 66
41 33
42 27
21 17
5 5
45 43
42 36
256 243
12 18
22 35
219 353
15 11
66 55
7 8
34 29
15 20
17 14
87 102
5 2
19 22
44 57
130 101
83 123
185 151
6 6
126 98
9 6
38 56
80 81
87 46
42 52
47 77
225 265
32 33
11 8
62 61
5 4
69 78
157 89
8 7
142 157
38 18
107 149
18 24
6 5
5 4
71 62
8 13
11 11
12 14
15 19
35 45
18 13
8 9
60 53
13 9
28 38
138 245
97 83
53 85
164 145
4 3
5 10
9 9
117 236
54 56
21 31
205 287
205 210
62 48
7 5
103 105
207 176
11 9
7 5
37 63
138 192
10 11
28 28
137 133
140 160
212 105
8 9
216 153
19 11
76 96
4 3
150 115
26 34
15 22
4 4
23 27
132 148
140 232
9 7
51 64
5 5
15 20
242 583
15 16
30 24
13 13
11 8
108 57
43 61
25 35
15 21
90 156
187 121
109 128
45 49
233 259
112 151
7 4
5 5
4 5
5 5
13 24
89 127
5 6
14 15
23 21
26 24
8 15
19 13
99 116
199 127
10 8
43 26
7 9
5 5
121 120
20 25
5 6
19 26
6 6
178 203
162 254
20 16
5 8
142 163
6 9
106 94
89 104
42 55
128 129
5 5
10 8
16 12
51 66
5 5
10 11
183 140
47 40
210 130
47 78
10 9
48 53
254 324
34 33
79 63
143 215
9 15
41 31
38 35
87 100
81 68
134 136
11 12
53 44
20 26
252 207
7 12
28 31
7 7
10 11
6 8
148 102
26 26
68 35
17 19
179 264
77 103
9 8
10 8
65 49
70 69
119 125
7 8
222 132
62 32
6 5
67 45
7 9
109 177
65 64
86 92
42 59
10 6
11 11
253 377
117 155
37 33
126 133
88 128
43 47
5 4
20 24
9 10
6 6
16 12
238 226
213 240
31 16
85 139
11 16
115 101
41 90
60 90
33 31
34 47
159 151
84 59
51 34
43 56
205 162
76 53
144 212
18 41
29 20
8 10
33 36
237 171
14 14
244 161
238 261
27 19
5 5
33 32
75 98
28 30
83 71
93 125
34 48
5 4
18 11
7 6
19 27
64 51
11 11
9 12
49 31
9 8
4 2
35 38
7 7
153 118
24 14
121 85
9 9
85 46
69 43
214 251
9 8
7 6
22 30
17 13
27 20
200 117
5 4
67 52
112 117
5 6
29 24
45 78
66 95
17 32
27 23
96 152
4 2
56 80
54 68
18 20
19 21
60 58
9 7
30 35
188 225
4 5
57 82
8 6
34 19
6 6
61 45
9 10
11 17
23 10
149 150
109 134
9 15
145 198
6 6
109 90
27 20
30 34
10 9
6 5
30 24
20 18
247 188
109 157
40 62
29 30
87 48
43 57
7 12
63 69
131 149
153 274
12 11
61 51
41 34
55 53
84 68
30 45
4 4
5 7
86 46
14 18
15 12
51 33
6 10
65 31
4 4
48 49
11 6
208 224
209 282
102 72
10 19
5 6
6 5
49 99
28 14
18 17
44 31
24 27
17 12
28 51
53 89
86 91
28 42
194 170
75 162
248 258
19 30
60 30
88 75
145 157
11 10
39 32
12 16
7 12
10 9
22 50
91 84
8 12
180 245
8 7
76 71
53 80
18 19
7 9
23 29
22 25
62 94
24 41
76 84
6 3
13 13
21 17
11 9
6 6
41 43
251 228
84 107
43 26
18 18
30 65
110 92
59 108
41 36
39 80
51 50
6 10
87 95
130 88
143 172
35 43
22 18
37 62
59 76
155 308
172 179
8 5
15 16
71 58
192 241
197 108
49 15
244 165
34 26
116 62
160 213
12 13
103 80
139 198
112 89
131 211
7 6
6 4
6 3
11 7
33 32
33 23
11 8
95 75
5 4
69 75
90 95
239 371
7 3
32 30
252 251
88 70
25 27
12 10
6 2
40 39
6 6
7 6
19 16
12 10
18 23
96 136
179 173
31 23
23 25
21 17
9 11
13 19
50 58
5 4
18 29
49 30
6 7
80 90
10 9
177 191
159 98
9 16
14 15
15 19
27 31
6 8
27 25
95 53
28 20
5 6
23 15
14 10
15 14
35 35
18 23
107 175
20 16
95 63
89 101
9 16
170 132
25 19
56 38
5 4
12 9
6 7
16 14
183 163
78 70
6 4
15 24
61 59
14 16
14 11
17 25
116 115
39 28
17 8
5 9
7 5
135 136
9 7
13 20
96 149
247 169
27 23
222 218
31 44
169 159
18 14
4 4
22 24
15 14
10 17
18 22
5 8
58 78
15 28
26 18
8 5
8 8
143 173
7 9
12 16
116 92
31 24
9 5
116 98
183 149
8 13
5 6
27 49
33 37
247 102
77 136
77 119
6 6
17 14
5 5
22 16
79 85
14 31
58 58
5 4
31 22
134 220
4 4
99 132
129 160
84 107
147 141
170 93
157 194
12 11
39 43
20 17
20 16
254 270
35 51
215 187
15 15
80 105
10 9
70 108
5 3
22 26
51 39
144 143
136 157
157 198
9 18
208 178
7 6
43 58
54 86
103 150
8 6
41 49
47 88
13 10
38 28
84 50
15 10
23 25
98 64
177 250
11 6
9 6
159 103
4 5
33 36
11 9
4 5
7 7
7 7
5 5
246 305
18 31
16 23
6 5
26 25
203 225
7 6
11 11
24 30
85 99
199 103
11 7
4 3
41 40
8 11
6 6
74 65
154 163
5 4
20 32
43 63
6 6
146 228
4 5
5 7
198 277
9 5
26 25
251 90
22 16
169 212
13 15
7 7
17 20
15 16
9 9
15 9
174 142
33 40
6 5
4 8
187 115
62 81
16 11
13 7
13 20
78 92
172 205
108 124
13 28
7 6
9 12
215 270
22 21
22 19
40 46
5 7
21 18
55 56
6 7
6 3
80 112
18 15
69 98
5 6
9 9
15 24
12 9
16 16
32 34
42 63
25 29
171 123
82 75
149 162
51 54
40 41
22 33
145 174
196 198
11 6
173 253
16 13
16 14
230 211
23 28
44 40
11 14
13 15
98 179
87 81
6 6
35 59
98 169
200 178
5 3
186 158
12 8
16 12
29 27
20 19
23 33
7 10
43 52
7 7
24 25
6 8
6 5
233 176
219 238
60 124
39 39
5 4
232 181
6 4
22 24
199 132
72 64
70 42
46 23
110 97
63 38
25 23
11 6
34 33
55 59
6 5
52 41
17 20
16 14
29 40
27 39
38 32
13 14
19 26
146 103
55 54
247 311
69 99
9 9
46 63
6 9
5 4
18 18
118 99
11 9
20 23
6 4
17 23
72 96
7 4
90 83
4 3
110 116
36 23
4 4
7 7
193 185
10 7
6 5
20 21
9 8
207 273
169 232
105 86
39 35
75 71
9 9
112 214
6 5
179 144
41 57
35 49
114 85
16 18
36 20
5 5
207 207
162 148
110 98
58 49
71 103
44 36
7 7
136 102
75 41
154 268
30 72
53 61
93 67
37 35
6 6
11 9
72 58
48 66
61 50
14 11
74 81
172 174
56 38
55 123
244 175
89 85
156 137
133 92
39 46
37 37
12 19
115 119
185 198
18 49
70 67
24 22
14 15
26 16
48 45
165 237
172 213
4 6
32 39
34 27
95 64
34 28
10 10
7 11
17 8
8 4
151 174
150 153
21 21
23 19
135 181
97 77
178 143
85 63
21 25
46 48
9 10
6 6
7 6
20 44
90 100
144 75
8 7
133 119
5 9
5 7
42 51
80 42
51 41
13 21
5 7
6 8
61 41
21 22
26 37
13 13
218 136
19 14
22 13
5 3
10 6
14 14
8 4
177 184
80 87
42 20
65 105
171 110
76 59
255 201
251 334
28 19
10 13
15 12
35 32
221 255
15 18
138 115
61 55
25 19
142 176
39 41
7 6
181 210
11 14
134 81
6 10
13 12
5 5
97 90
22 29
126 82
30 28
20 19
43 83
11 20
25 38
38 47
225 317
119 266
20 18
81 159
95 111
9 9
135 185
7 11
66 56
8 7
50 47
115 94
15 14
45 53
38 67
148 209
46 41
125 140
24 26
34 27
4 1
39 71
104 100
9 9
98 58
61 67
63 52
220 159
5 7
137 210
185 232
17 17
24 26
16 16
6 6
111 74
130 120
47 43
62 71
98 103
16 19
32 37
4 4
4 3
4 4
156 238
19 12
9 12
14 11
238 256
8 5
35 37
56 30
11 15
24 11
7 5
99 83
41 33
129 106
44 40
92 96
36 25
6 7
5 3
207 178
36 80
22 30
60 32
139 95
43 38
16 14
114 105
129 118
5 6
10 10
196 207
209 267
173 116
88 58
8 8
13 21
45 45
9 6
181 202
9 7
7 7
109 129
172 168
141 132
47 47
7 6
6 3
5 3
7 7
118 84
144 241
39 46
6 6
16 9
24 42
27 37
22 21
6 6
255 393
22 23
122 162
96 60
5 5
177 172
60 28
15 18
12 9
15 11
131 131
18 16
46 60
5 3
211 196
28 19
178 136
218 170
236 380
105 98
76 105
49 31
170 158
34 35
166 108
11 34
87 106
113 125
190 139
101 140
74 77
72 56
53 58
236 273
91 142
36 38
20 27
36 28
58 46
224 144
51 90
55 72
11 7
10 6
27 25
4 4
38 41
9 7
187 173
6 4
88 59
10 10
5 4
11 13
184 251
27 17
30 19
109 147
27 35
5 5
22 22
13 11
14 13
67 98
235 365
6 7
58 34
108 114
192 165
40 39
7 10
18 22
169 165
98 105
4 4
8 6
18 14
29 25
119 171
148 151
5 5
13 8
6 5
96 126
33 27
50 49
90 92
111 99
4 5
11 11
110 81
11 10
43 52
73 57
194 205
14 17
8 8
64 52
8 8
35 21
9 8
30 32
8 8
9 9
168 288
8 7
7 10
7 7
30 70
65 59
4 6
5 5
5 2
220 206
5 3
52 32
16 15
104 145
74 83
59 68
6 4
129 116
36 23
11 13
87 90
5 4
205 348
14 19
15 12
37 47
31 25
17 11
45 30
93 139
6 7
192 195
18 15
180 209
208 298
175 146
29 25
38 52
9 11
221 233
98 124
5 6
25 13
216 119
77 55
31 74
84 74
29 24
145 159
114 86
170 343
97 99
164 167
83 43
177 184
235 166
17 10
79 37
31 49
44 55
19 38
71 46
18 14
83 69
201 236
6 4
11 10
12 8
28 42
62 73
105 132
50 30
6 6
14 15
25 20
32 21
148 89
87 134
40 18
8 8
10 9
8 8
91 73
166 166
13 17
47 47
6 3
6 4
29 70
40 28
5 9
9 20
26 24
117 81
174 283
125 120
20 16
162 105
35 18
34 40
8 9
178 141
6 8
196 106
4 8
36 36
90 61
211 238
139 98
102 149
109 174
17 13
10 18
48 47
102 199
89 138
59 66
4 4
138 111
21 17
40 26
212 313
134 169
153 93
12 9
126 98
15 16
20 21
164 117
198 187
109 95
115 80
75 57
182 180
31 46
65 66
5 4
39 52
54 32
15 16
12 11
5 8
20 18
102 69
50 40
244 312
142 201
9 6
11 14
16 22
38 42
207 175
4 4
37 28
63 69
142 177
35 45
228 204
13 14
12 6
20 13
62 36
203 132
5 2
100 84
28 34
251 281
6 4
32 28
63 104
21 20
10 12
5 4
167 153
8 14
24 14
12 23
19 28
5 3
12 22
21 31
10 7
30 13
9 10
17 18
99 162
7 6
241 209
34 34
10 11
26 17
40 67
54 61
17 24
13 13
19 11
151 148
13 13
18 19
35 41
8 12
82 59
233 108
13 10
5 4
15 27
234 249
253 278
47 63
199 163
25 14
28 24
4 6
29 29
32 43
22 25
5 11
81 68
136 136
22 13
185 238
9 17
5 6
168 247
227 268
54 45
133 121
14 11
22 11
15 18
71 79
8 7
7 7
48 52
5 3
15 25
5 6
9 8
60 91
125 93
172 161
190 401
71 95
19 34
26 23
5 6
5 5
174 296
6 7
11 11
132 175
9 9
52 102
10 11
23 31
30 33
6 9
12 25
172 253
4 5
10 4
183 110
7 6
44 83
5 5
10 9
7 10
54 68
38 56
60 93
91 111
35 15
141 170
8 7
9 9
212 198
10 8
5 5
34 43
114 72
4 4
212 363
224 385
146 115
15 20
85 56
18 19
89 71
136 154
7 7
61 59
11 11
97 140
37 17
223 177
214 294
25 21
6 7
33 24
9 8
238 195
179 223
77 56
153 92
29 37
176 166
4 4
8 8
5 7
7 6
90 71
16 11
8 10
10 7
18 19
153 110
70 61
98 160
128 135
109 99
60 27
39 43
6 5
9 9
48 37
11 5
27 49
231 220
5 6
201 153
56 70
5 3
16 11
116 69
82 35
30 64
7 8
6 6
4 5
140 148
16 14
237 166
15 13
24 24
22 13
60 68
14 19
7 8
5 5
24 30
15 13
89 74
85 164
128 108
47 30
218 263
87 178
80 97
134 113
26 15
70 41
51 49
11 6
86 66
110 73
13 16
78 73
53 60
240 330
25 23
96 107
18 20
120 209
60 38
10 15
250 243
93 77
156 236
37 32
33 28
74 63
59 62
143 340
31 48
4 8
57 90
73 42
20 17
13 5
8 4
11 10
26 70
12 12
75 58
58 55
5 4
127 101
63 67
10 16
185 201
174 207
208 262
138 235
47 46
49 80
133 182
13 19
66 73
41 68
155 161
15 15
160 93
68 60
5 6
57 40
53 72
22 22
21 26
6 11
35 37
11 11
32 46
8 11
54 67
16 20
8 9
125 80
80 130
52 48
5 6
101 133
8 14
21 23
36 27
40 28
200 173
102 87
233 259
23 30
49 42
38 43
8 4
228 139
7 8
9 12
133 106
5 3
146 151
78 129
12 12
7 9
19 22
101 103
0 47
2 0
2 0
0 1 0
4 0 802
0 21 16
0 14 12
0 1 0
0 49 66
0 16 13
0 40 8
0 1 0
4 0 484
0 4 7
2 0 2
0 1 0
0 18 20
0 47 46
0 44 57
0 1 0
0 24 25
0 48 60
2 0 6
0 1 0
2 0 1
4 0 667
3 0 7
0 1 0
2 0 8
0 38 11
0 31 26
0 1 0
4 0 398
2 0 4
4 0 597
0 1 0
1 33 156
2 0 3
0 27 37
0 1 0
3 0 4
0 5 6
3 0 4
0 1 0
0 21 16
0 5 7
2 0 8
0 1 0
2 0 5
3 0 3
0 37 42
0 1 0
0 45 50
0 46 42
4 0 376
0 1 0
0 18 16
4 0 936
0 39 8
0 1 0
2 0 9
0 42 48
4 0 919
0 1 0
0 7 6
2 0 2
2 0 1
0 1 0
2 0 8
0 29 11
0 36 53
0 1 0
0 24 20
2 0 10
4 0 966
0 1 0
3 0 2
0 42 69
3 0 3
0 1 0
0 12 11
3 0 8
0 26 25
0 1 0
0 45 62
3 0 9
2 0 1
0 1 0
0 49 27
4 0 264
2 0 6
0 1 0
4 0 976
0 48 67
3 0 5
0 1 0
4 0 845
4 0 278
3 0 8
0 1 0
0 45 32
2 0 2
0 18 14
0 1 0
2 0 10
0 46 41
2 0 9
0 1 0
0 27 19
0 26 29
2 0 9
0 1 0
0 35 59
3 0 7
3 0 4
0 1 0
0 25 29
2 0 2
2 0 0
0 1 0
0 50 40
2 0 9
0 34 28
0 1 0
0 12 16
2 0 10
4 0 326
0 1 0
4 0 515
2 0 5
0 36 45
0 1 0
0 16 17
0 34 40
0 44 15
0 1 0
0 15 20
2 0 6
0 6 8
0 1 0
2 0 4
4 0 221
2 0 5
0 1 0
0 44 45
0 39 32
2 0 5
0 1 0
0 23 38
0 47 53
4 0 794
0 1 0
0 34 38
2 0 1
0 44 35
0 1 0
2 0 1
4 0 953
0 10 11
0 1 0
4 0 955
0 13 17
2 0 3
0 1 0
0 48 31
4 0 811
0 47 40
0 1 0
0 3 3
0 42 59
0 17 12
0 1 0
0 40 57
3 0 0
0 24 17
0 1 0
0 48 63
4 0 405
0 35 28
0 1 0
1 20 93
2 0 2
4 0 771
0 1 0
0 8 11
0 38 37
3 0 6
0 1 0
2 0 2
2 0 1
0 14 13
0 1 0
0 36 40
2 0 9
2 0 7
0 1 0
0 38 20
2 0 2
2 0 1
0 1 0
2 0 8
4 0 517
0 22 17
0 1 0
1 40 196
0 33 38
0 32 28
0 1 0
0 38 51
2 0 7
4 0 367
0 1 0
0 18 18
3 0 7
2 0 10
0 1 0
1 22 111
2 0 10
2 0 4
0 1 0
0 34 36
0 44 43
1 19 55
0 1 0
2 0 5
2 0 9
0 37 27
0 1 0
0 15 17
0 42 76
2 0 5
0 1 0
2 0 10
0 12 9
2 0 5
0 1 0
2 0 10
4 0 570
2 0 8
0 1 0
4 0 453
2 0 2
0 27 18
0 1 0
1 6 34
3 0 10
4 0 410
0 1 0
2 0 6
4 0 748
0 16 25
0 1 0
0 13 11
3 0 0
2 0 0
0 1 0
3 0 10
0 20 23
0 49 61
0 1 0
0 14 18
0 41 35
0 32 27
0 1 0
2 0 6
4 0 577
3 0 7
0 1 0
4 0 354
0 40 22
0 45 54
0 1 0
4 0 479
1 10 50
2 0 8
0 1 0
2 0 10
0 38 30
0 22 14
0 1 0
4 0 850
0 5 4
0 38 22
0 1 0
2 0 3
0 47 51
2 0 8
0 1 0
2 0 4
0 19 21
4 0 450
0 1 0
0 27 42
0 2 1
2 0 4
0 1 0
0 26 33
4 0 883
0 23 21
0 1 0
0 38 43
4 0 985
0 49 58
0 1 0
0 3 3
2 0 7
0 35 43
0 1 0
3 0 4
0 11 16
2 0 4
0 1 0
0 45 43
0 23 33
0 17 16
0 1 0
2 0 1
0 12 8
2 0 5
0 1 0
3 0 6
2 0 3
0 11 15
0 1 0
0 47 37
4 0 766
1 36 51
0 1 0
0 10 15
0 19 17
0 18 13
0 1 0
2 0 8
3 0 3
2 0 7
0 1 0
3 0 8
0 45 60
0 7 5
0 1 0
1 45 153
0 19 30
2 0 10
0 1 0
0 5 4
0 26 41
2 0 8
0 1 0
4 0 459
0 10 15
3 0 5
0 1 0
4 0 312
2 0 0
0 19 19
0 1 0
4 0 540
3 0 10
0 40 45
0 1 0
2 0 2
4 0 975
2 0 3
0 1 0
1 4 21
0 42 64
0 41 60
0 1 0
2 0 8
0 10 9
3 0 5
0 1 0
0 22 30
0 11 9
2 0 8
0 1 0
2 0 1
2 0 10
4 0 320
0 1 0
0 33 50
0 33 32
2 0 7
0 1 0
2 0 3
0 19 24
0 44 40
0 1 0
0 5 7
0 42 43
0 44 29
0 1 0
0 27 43
0 16 20
0 26 22
0 1 0
0 14 16
0 44 50
0 27 16
0 1 0
0 47 28
0 5 4
4 0 584
0 1 0
1 16 96
0 15 10
0 35 35
0 1 0
0 34 43
4 0 216
3 0 3
0 1 0
0 5 7
2 0 10
2 0 7
0 1 0
3 0 6
4 0 763
2 0 4
0 1 0
0 45 37
2 0 6
0 25 16
0 1 0
0 18 8
2 0 5
4 0 219
0 1 0
0 37 33
3 0 7
1 40 173
0 1 0
0 5 3
2 0 7
4 0 201
0 1 0
0 8 10
3 0 7
0 49 44
0 1 0
0 46 51
4 0 879
4 0 788
0 1 0
2 0 5
4 0 657
2 0 2
0 1 0
3 0 6
2 0 0
0 30 36
0 1 0
2 0 7
4 0 754
2 0 0
0 1 0
0 38 35
2 0 0
2 0 1
0 1 0
4 0 495
3 0 6
4 0 759
0 1 0
2 0 9
0 34 36
3 0 7
0 1 0
4 0 439
4 0 387
4 0 859
0 1 0
3 0 3
0 10 1
0 44 53
0 1 0
2 0 5
2 0 6
2 0 5
0 1 0
1 48 237
0 37 39
4 0 448
0 1 0
2 0 3
0 24 22
0 13 16
0 1 0
0 11 13
4 0 648
4 0 714
0 1 0
0 47 62
3 0 8
0 5 4
0 1 0
2 0 0
3 0 9
2 0 5
0 1 0
0 14 7
0 24 27
0 3 3
0 1 0
0 33 28
2 0 7
2 0 5
0 1 0
0 34 35
0 27 14
4 0 400
0 1 0
0 9 9
0 32 37
1 34 116
0 1 0
1 13 32
4 0 328
0 18 27
0 1 0
2 0 1
2 0 8
2 0 4
0 1 0
2 0 9
0 41 63
4 0 464
0 1 0
2 0 1
0 8 12
1 7 20
0 1 0
4 0 224
0 27 32
2 0 6
0 1 0
0 28 24
0 45 18
3 0 2
0 1 0
0 32 23
1 25 89
0 46 41
0 1 0
0 44 48
0 7 2
0 3 2
0 1 0
0 50 43
4 0 640
3 0 7
0 1 0
0 48 68
2 0 6
0 37 41
0 1 0
0 9 10
2 0 6
0 31 38
0 1 0
0 31 22
4 0 864
0 50 38
0 1 0
2 0 6
0 37 38
0 44 53
0 1 0
0 6 10
0 20 26
0 21 24
0 1 0
0 39 48
4 0 598
2 0 5
0 1 0
2 0 9
4 0 575
4 0 490
0 1 0
2 0 6
2 0 0
0 9 9
0 1 0
0 15 14
2 0 4
3 0 10
0 1 0
0 10 9
2 0 4
4 0 784
0 1 0
2 0 2
0 4 5
2 0 10
0 1 0
0 36 42
3 0 4
2 0 3
0 1 0
2 0 0
0 32 37
4 0 775
0 1 0
3 0 1
0 23 21
0 24 22
0 1 0
0 44 50
0 19 20
0 33 37
0 1 0
0 20 15
4 0 932
2 0 7
0 1 0
2 0 9
2 0 3
0 23 18
0 1 0
0 28 38
4 0 771
4 0 357
0 1 0
4 0 441
2 0 9
0 3 3
0 1 0
4 0 680
0 16 13
1 24 126
0 1 0
2 0 4
4 0 900
4 0 871
0 1 0
2 0 7
0 2 2
4 0 235
0 1 0
0 10 8
0 45 52
2 0 6
0 1 0
0 14 8
3 0 6
2 0 3
0 1 0
1 42 96
1 34 73
2 0 2
0 1 0
0 38 34
3 0 0
2 0 8
0 1 0
0 3 5
2 0 7
0 38 37
0 1 0
4 0 457
3 0 0
0 21 20
0 1 0
0 19 15
2 0 7
2 0 5
0 1 0
2 0 5
3 0 0
2 0 7
0 1 0
4 0 722
0 30 18
2 0 8
0 1 0
2 0 4
0 3 4
3 0 6
0 1 0
0 44 49
0 26 15
0 1 1
0 1 0
4 0 502
4 0 550
0 23 12
0 1 0
4 0 275
3 0 5
2 0 6
0 1 0
2 0 5
4 0 519
0 21 19
0 1 0
0 39 41
0 39 45
2 0 0
0 1 0
4 0 300
0 18 10
4 0 203
0 1 0
0 7 8
2 0 2
0 31 19
0 1 0
0 21 5
0 48 62
1 40 207
0 1 0
2 0 0
0 10 9
4 0 831
0 1 0
0 13 18
2 0 4
0 16 25
0 1 0
0 30 33
0 17 19
3 0 1
0 1 0
2 0 3
3 0 3
1 34 57
0 1 0
3 0 0
2 0 7
2 0 10
0 1 0
3 0 6
4 0 678
0 18 19
0 1 0
0 15 17
0 37 35
0 36 48
0 1 0
4 0 507
3 0 9
4 0 413
0 1 0
3 0 1
0 44 61
0 29 33
0 1 0
0 15 19
2 0 1
0 14 18
0 1 0
2 0 9
0 4 5
0 16 18
0 1 0
0 33 23
3 0 0
2 0 0
0 1 0
2 0 2
4 0 421
0 46 69
0 1 0
3 0 9
0 28 25
0 9 11
0 1 0
0 40 50
2 0 0
2 0 2
0 1 0
4 0 908
1 17 58
0 21 20
0 1 0
0 1 1
0 2 2
0 26 14
0 1 0
2 0 6
0 28 33
0 15 11
0 1 0
4 0 997
4 0 601
2 0 10
0 1 0
0 5 4
0 15 18
0 46 40
0 1 0
2 0 8
2 0 6
0 9 6
0 1 0
3 0 2
0 24 42
0 22 28
0 1 0
0 29 25
0 11 17
0 11 7
0 1 0
0 19 11
0 10 8
2 0 7
0 1 0
1 46 239
0 2 2
0 29 21
0 1 0
2 0 0
1 33 75
0 30 30
0 1 0
4 0 448
0 38 46
0 11 14
0 1 0
4 0 790
4 0 343
4 0 444
0 1 0
3 0 3
0 37 43
2 0 0
0 1 0
3 0 10
0 41 22
0 50 73
0 1 0
4 0 787
4 0 669
0 12 2
0 1 0
0 34 33
4 0 295
4 0 776
0 1 0
2 0 9
0 21 32
0 25 29
0 1 0
4 0 868
4 0 480
0 4 5
0 1 0
0 27 10
4 0 707
0 35 12
0 1 0
4 0 455
4 0 750
0 45 58
0 1 0
0 5 3
1 19 79
4 0 802
0 1 0
3 0 7
3 0 0
0 45 57
0 1 0
2 0 10
2 0 7
0 30 48
0 1 0
2 0 10
4 0 412
2 0 3
0 1 0
2 0 5
0 1 1
2 0 8
0 1 0
3 0 10
0 14 13
0 32 25
0 1 0
2 0 7
2 0 8
4 0 768
0 1 0
0 35 20
3 0 4
2 0 8
0 1 0
0 41 48
4 0 280
0 21 23
0 1 0
0 12 8
2 0 4
4 0 616
0 1 0
0 18 20
2 0 5
0 39 18
0 1 0
0 10 2
2 0 6
0 12 10
0 1 0
0 45 2
0 1 1
0 28 32
0 1 0
2 0 3
2 0 8
3 0 7
0 1 0
0 9 8
0 27 21
3 0 3
0 1 0
0 16 7
4 0 400
2 0 1
0 1 0
0 4 4
0 20 15
1 31 127
0 1 0
2 0 0
2 0 8
3 0 6
0 1 0
4 0 983
2 0 7
2 0 2
0 1 0
0 43 50
2 0 8
0 40 31
0 1 0
2 0 7
1 28 51
4 0 224
0 1 0
0 7 9
4 0 463
0 26 1
0 1 0
4 0 669
3 0 1
1 31 107
0 1 0
4 0 590
2 0 1
4 0 421
0 1 0
4 0 732
0 42 52
0 7 5
0 1 0
1 14 32
2 0 10
3 0 1
0 1 0
0 39 38
2 0 7
0 15 13
0 1 0
4 0 507
0 17 21
0 44 73
0 1 0
0 22 23
0 18 24
4 0 264
0 1 0
2 0 5
3 0 10
0 27 13
0 1 0
2 0 9
0 2 3
0 47 72
0 1 0
0 34 41
2 0 9
0 46 43
0 1 0
0 1 1
4 0 730
0 21 38
0 1 0
3 0 8
4 0 689
0 1 1
0 1 0
3 0 7
4 0 978
1 38 165
0 1 0
0 39 55
3 0 6
1 14 88
0 1 0
4 0 419
2 0 7
2 0 2
0 1 0
2 0 3
0 11 15
2 0 1
0 1 0
3 0 10
0 42 28
2 0 3
0 1 0
2 0 0
0 40 33
2 0 6
0 1 0
0 42 40
0 8 10
0 29 31
0 1 0
2 0 6
0 37 28
3 0 2
0 1 0
0 49 20
3 0 9
0 49 59
0 1 0
0 31 39
3 0 0
1 37 123
0 1 0
0 38 39
0 24 24
1 26 133
0 1 0
1 49 256
4 0 891
2 0 9
0 1 0
0 3 3
0 4 5
0 35 41
0 1 0
0 32 36
0 23 27
3 0 8
0 1 0
1 25 146
4 0 879
0 6 9
0 1 0
4 0 807
0 37 48
0 29 46
0 1 0
0 7 5
0 30 33
0 48 62
0 1 0
0 41 55
0 37 44
0 40 43
0 1 0
0 9 11
0 20 12
1 38 73
0 1 0
0 29 24
2 0 0
0 25 17
0 1 0
4 0 940
2 0 4
2 0 8
0 1 0
0 49 21
4 0 904
1 21 103
0 1 0
3 0 3
2 0 5
0 4 3
0 1 0
3 0 9
2 0 0
0 46 46
0 1 0
0 35 40
2 0 1
0 17 6
0 1 0
4 0 896
3 0 8
2 0 4
0 1 0
3 0 5
3 0 7
0 27 10
0 1 0
2 0 7
0 27 33
0 45 37
0 1 0
0 25 16
0 11 9
2 0 4
0 1 0
0 38 55
2 0 8
1 27 89
0 1 0
0 15 19
2 0 4
2 0 2
0 1 0
4 0 589
2 0 3
2 0 9
0 1 0
2 0 5
2 0 2
0 42 63
0 1 0
3 0 7
0 7 7
0 30 29
0 1 0
2 0 7
0 25 34
0 15 11
0 1 0
0 50 39
1 18 123
2 0 1
0 1 0
0 49 80
0 50 34
0 30 28
0 1 0
3 0 10
0 21 15
0 19 21
0 1 0
4 0 884
0 47 58
3 0 2
0 1 0
0 11 15
0 37 35
2 0 8
0 1 0
0 6 7
2 0 10
2 0 8
0 1 0
0 47 55
0 38 50
0 46 41
0 1 0
4 0 948
2 0 9
3 0 5
0 1 0
2 0 7
0 22 25
4 0 890
0 1 0
2 0 3
2 0 10
0 28 39
0 1 0
0 33 25
0 16 12
0 40 64
0 1 0
0 9 12
0 43 56
3 0 9
0 1 0
0 32 48
0 41 50
2 0 9
0 1 0
2 0 8
0 41 39
0 8 2
0 1 0
0 49 37
3 0 10
4 0 968
0 1 0
0 20 11
2 0 10
0 36 12
0 1 0
4 0 784
4 0 554
4 0 750
0 1 0
2 0 6
0 26 15
4 0 737
0 1 0
4 0 207
4 0 483
3 0 6
0 1 0
0 10 8
0 49 36
0 18 18
0 1 0
2 0 9
2 0 3
4 0 410
0 1 0
2 0 3
2 0 2
4 0 946
0 1 0
0 1 1
2 0 2
2 0 8
0 1 0
0 23 33
0 41 56
0 19 14
0 1 0
2 0 1
4 0 629
4 0 563
0 1 0
0 1 1
0 23 30
0 6 2
0 1 0
0 21 17
0 20 18
2 0 4
0 1 0
2 0 5
0 30 1
0 31 39
0 1 0
0 33 29
2 0 0
3 0 4
0 1 0
0 49 58
0 13 5
2 0 3
0 1 0
1 28 146
2 0 4
2 0 5
0 1 0
0 37 33
2 0 2
2 0 6
0 1 0
0 29 24
4 0 504
2 0 7
0 1 0
0 24 19
4 0 997
0 19 21
0 1 0
4 0 678
2 0 10
2 0 10
0 1 0
0 41 45
4 0 489
2 0 7
0 1 0
4 0 960
4 0 920
0 5 5
0 1 0
0 32 25
0 27 21
0 38 35
0 1 0
4 0 799
0 28 30
0 4 3
0 1 0
4 0 819
3 0 0
0 46 28
0 1 0
3 0 10
0 22 17
4 0 625
0 1 0
2 0 3
2 0 3
1 11 12
0 1 0
0 27 12
4 0 384
0 13 16
0 1 0
0 48 83
2 0 5
0 37 21
0 1 0
3 0 2
0 31 37
0 43 36
0 1 0
2 0 2
3 0 9
0 3 3
0 1 0
3 0 4
0 26 28
2 0 1
0 1 0
2 0 9
1 12 62
4 0 830
0 1 0
2 0 4
0 47 48
3 0 10
0 1 0
4 0 880
0 23 21
2 0 3
0 1 0
0 30 34
4 0 529
4 0 577
0 1 0
2 0 4
0 49 52
0 5 7
0 1 0
0 18 26
0 23 23
0 40 53
0 1 0
4 0 605
0 32 24
0 16 24
0 1 0
2 0 10
4 0 867
4 0 791
0 1 0
2 0 5
2 0 1
3 0 6
0 1 0
4 0 535
0 16 20
4 0 716
0 1 0
0 37 32
0 22 14
0 48 72
0 1 0
0 20 28
4 0 525
4 0 536
0 1 0
0 41 32
0 36 48
0 44 52
0 1 0
0 33 27
0 4 3
3 0 4
0 1 0
2 0 7
2 0 6
3 0 10
0 1 0
0 22 27
2 0 6
3 0 2
0 1 0
0 24 25
2 0 7
0 19 20
0 1 0
2 0 9
0 23 23
0 17 25
0 1 0
0 4 4
3 0 7
3 0 10
0 1 0
0 26 8
0 24 22
2 0 4
0 1 0
2 0 5
2 0 4
3 0 6
0 1 0
2 0 1
0 39 16
0 10 5
0 1 0
0 32 50
0 13 15
0 48 54
0 1 0
4 0 595
1 20 100
2 0 1
0 1 0
0 24 23
0 6 7
0 15 19
0 1 0
1 25 47
0 15 7
2 0 5
0 1 0
0 46 64
2 0 3
4 0 804
0 1 0
0 27 28
0 46 26
1 40 234
0 1 0
0 2 2
4 0 874
0 48 39
0 1 0
0 11 6
0 49 58
0 20 28
0 1 0
0 48 26
4 0 291
0 27 24
0 1 0
2 0 4
2 0 8
2 0 9
0 1 0
0 14 17
3 0 4
2 0 3
0 1 0
2 0 8
4 0 863
2 0 8
0 1 0
1 32 172
0 47 34
0 7 6
0 1 0
0 43 39
2 0 1
0 37 48
0 1 0
3 0 10
0 38 31
0 3 4
0 1 0
3 0 3
2 0 1
2 0 8
0 1 0
0 49 38
2 0 4
4 0 905
0 1 0
0 38 73
0 27 15
2 0 3
0 1 0
0 13 10
0 28 25
0 17 20
0 1 0
1 24 156
3 0 10
4 0 841
0 1 0
0 27 19
0 43 42
0 25 38
0 1 0
0 6 9
2 0 6
4 0 971
0 1 0
4 0 901
0 6 2
0 42 32
0 1 0
2 0 6
0 50 71
0 32 35
0 1 0
0 20 18
2 0 0
0 18 22
0 1 0
0 7 4
0 42 56
4 0 452
0 1 0
0 23 31
2 0 10
0 41 33
0 1 0
1 39 181
0 49 57
4 0 884
0 1 0
2 0 4
0 50 57
2 0 2
0 1 0
0 15 18
4 0 406
4 0 677
0 1 0
0 39 43
0 40 37
0 35 27
0 1 0
0 44 42
0 26 25
1 5 12
0 1 0
2 0 3
0 26 32
0 29 24
0 1 0
4 0 601
2 0 7
2 0 6
0 1 0
0 3 3
2 0 3
0 8 9
0 1 0
0 6 7
0 19 23
4 0 810
0 1 0
0 31 25
0 29 23
2 0 6
0 1 0
0 26 34
3 0 1
2 0 9
0 1 0
0 5 4
2 0 2
0 36 43
0 1 0
0 41 45
0 35 41
0 43 33
0 1 0
0 9 7
3 0 1
1 13 53
0 1 0
3 0 7
0 9 12
0 23 23
0 1 0
2 0 7
0 33 37
2 0 5
0 1 0
2 0 1
3 0 7
2 0 10
0 1 0
2 0 2
3 0 5
0 46 62
0 1 0
2 0 2
0 38 13
4 0 967
0 1 0
3 0 9
2 0 1
0 13 14
0 1 0
0 14 8
0 29 30
0 27 27
0 1 0
3 0 3
3 0 5
0 1 1
0 1 0
0 48 40
0 25 34
2 0 10
0 1 0
0 49 31
0 39 48
0 40 27
0 1 0
0 34 41
0 7 5
2 0 9
0 1 0
2 0 10
0 34 37
0 10 14
0 1 0
0 41 29
0 46 31
0 8 8
0 1 0
0 32 32
0 30 25
0 13 12
0 1 0
3 0 7
0 32 29
0 37 26
0 1 0
1 42 197
0 21 18
4 0 433
0 1 0
4 0 808
1 42 173
0 8 10
0 1 0
0 50 53
2 0 4
4 0 735
0 1 0
0 22 16
2 0 9
0 14 12
0 1 0
2 0 10
2 0 3
0 5 4
0 1 0
0 24 23
3 0 6
2 0 0
0 1 0
0 11 11
0 36 39
0 42 54
0 1 0
2 0 1
0 21 25
0 3 3
0 1 0
0 15 5
2 0 8
0 40 37
0 1 0
0 9 13
2 0 10
0 17 14
0 1 0
2 0 1
0 32 18
2 0 1
0 1 0
1 32 158
2 0 8
4 0 929
0 1 0
2 0 1
2 0 1
0 21 11
0 1 0
2 0 7
0 15 18
2 0 10
0 1 0
0 14 7
0 50 40
3 0 7
0 1 0
0 8 6
0 30 38
0 10 18
0 1 0
2 0 2
0 12 17
1 10 35
0 1 0
0 31 33
0 25 25
1 15 83
0 1 0
2 0 0
0 7 5
3 0 9
0 1 0
3 0 6
3 0 3
0 44 32
0 1 0
0 48 34
0 39 40
3 0 5
0 1 0
0 50 53
2 0 5
4 0 590
0 1 0
4 0 894
0 17 18
3 0 1
0 1 0
4 0 567
2 0 3
2 0 1
0 1 0
2 0 6
4 0 592
0 13 5
0 1 0
2 0 4
2 0 7
0 10 11
0 1 0
2 0 5
0 45 53
4 0 503
0 1 0
0 2 2
2 0 6
0 3 4
0 1 0
2 0 7
4 0 674
2 0 4
0 1 0
1 8 46
3 0 7
0 48 4
0 1 0
0 46 33
1 31 142
3 0 8
0 1 0
0 43 49
2 0 6
0 13 14
0 1 0
2 0 0
3 0 1
3 0 10
0 1 0
3 0 8
0 50 39
2 0 7
0 1 0
0 8 7
4 0 333
4 0 315
0 1 0
2 0 4
0 17 3
0 4 4
0 1 0
2 0 5
0 49 60
2 0 2
0 1 0
4 0 422
4 0 882
0 28 47
0 1 0
0 21 8
0 46 34
2 0 1
0 1 0
0 10 10
0 48 58
0 13 10
0 1 0
0 19 18
0 22 28
0 30 27
0 1 0
3 0 8
0 29 25
0 36 28
0 1 0
1 7 29
2 0 10
0 40 37
0 1 0
2 0 0
3 0 0
2 0 5
0 1 0
0 5 6
0 9 6
1 40 281
0 1 0
0 20 13
0 32 37
4 0 645
0 1 0
0 7 8
0 18 6
2 0 1
0 1 0
2 0 6
1 32 124
0 50 53
0 1 0
0 48 56
0 23 22
0 49 42
0 1 0
4 0 912
0 47 48
2 0 0
0 1 0
0 31 46
0 31 42
0 10 4
0 1 0
2 0 7
0 35 44
4 0 337
0 1 0
0 45 39
3 0 4
0 5 4
0 1 0
2 0 3
0 32 11
2 0 2
0 1 0
1 3 12
2 0 5
3 0 1
0 1 0
0 20 16
2 0 2
0 12 16
0 1 0
0 35 35
0 19 9
3 0 9
0 1 0
0 45 41
0 14 12
0 17 25
0 1 0
3 0 5
3 0 8
0 22 23
0 1 0
1 18 60
3 0 2
4 0 853
0 1 0
0 25 35
2 0 7
0 3 3
0 1 0
0 33 34
0 44 34
2 0 2
0 1 0
2 0 1
3 0 3
2 0 3
0 1 0
0 10 13
2 0 9
1 39 188
0 1 0
4 0 281
0 50 67
0 4 4
0 1 0
0 36 31
1 4 15
4 0 645
0 1 0
2 0 9
4 0 265
0 30 32
0 1 0
2 0 9
0 2 3
0 39 45
0 1 0
0 23 7
0 35 42
0 37 47
0 1 0
3 0 6
2 0 9
0 3 3
0 1 0
0 42 32
3 0 10
0 46 65
0 1 0
0 1 1
0 25 36
0 5 3
0 1 0
2 0 3
0 44 44
4 0 472
0 1 0
1 48 263
0 3 1
4 0 902
0 1 0
0 15 14
2 0 1
0 23 16
0 1 0
0 2 3
2 0 5
2 0 8
0 1 0
4 0 252
0 20 12
0 22 24
0 1 0
0 20 27
0 27 44
2 0 2
0 1 0
0 45 41
2 0 10
2 0 8
0 1 0
4 0 518
3 0 7
0 31 35
0 1 0
4 0 225
2 0 8
2 0 8
0 1 0
0 32 23
2 0 7
1 38 103
0 1 0
0 14 15
1 17 91
4 0 653
0 1 0
2 0 10
4 0 939
4 0 694
0 1 0
0 22 22
0 43 33
4 0 286
0 1 0
0 17 20
2 0 10
0 24 20
0 1 0
0 38 55
2 0 10
3 0 7
0 1 0
0 20 17
2 0 3
3 0 2
0 1 0
2 0 8
0 19 11
0 40 35
0 1 0
0 26 15
0 17 25
2 0 10
0 1 0
0 10 14
0 37 21
0 1 1
0 1 0
1 49 171
4 0 302
0 25 28
0 1 0
0 25 28
0 11 1
2 0 2
0 1 0
0 25 19
2 0 1
2 0 3
0 1 0
4 0 519
0 38 39
0 12 9
0 1 0
0 24 38
2 0 6
0 33 28
0 1 0
0 19 7
0 5 3
0 22 22
0 1 0
0 14 7
2 0 1
0 36 35
0 1 0
2 0 5
0 21 24
0 14 13
0 1 0
0 28 52
2 0 2
0 23 6
0 1 0
0 47 50
0 2 2
4 0 945
0 1 0
0 35 48
3 0 5
3 0 2
0 1 0
4 0 237
3 0 1
0 3 3
0 1 0
4 0 761
0 3 2
0 5 4
0 1 0
4 0 326
2 0 6
3 0 3
0 1 0
0 18 15
3 0 5
0 7 10
0 1 0
2 0 2
0 41 37
0 26 26
0 1 0
0 30 39
0 24 32
2 0 4
0 1 0
0 2 3
4 0 302
4 0 287
0 1 0
3 0 2
0 26 26
4 0 787
0 1 0
0 30 29
4 0 493
4 0 809
0 1 0
0 45 31
3 0 1
2 0 1
0 1 0
2 0 5
0 41 43
0 28 25
0 1 0
0 39 26
2 0 9
4 0 350
0 1 0
2 0 2
4 0 522
0 5 4
0 1 0
0 15 16
0 48 68
0 32 28
0 1 0
0 45 59
2 0 5
0 20 19
0 1 0
0 1 1
4 0 473
4 0 878
0 1 0
2 0 10
3 0 1
2 0 1
0 1 0
4 0 309
4 0 895
0 21 18
0 1 0
1 37 90
2 0 0
0 48 25
0 1 0
3 0 7
0 47 54
0 33 21
0 1 0
4 0 243
0 36 26
0 19 19
0 1 0
3 0 5
4 0 392
4 0 853
0 1 0
4 0 904
0 45 60
0 22 28
0 1 0
4 0 893
0 38 22
0 37 32
0 1 0
0 47 32
0 30 31
1 18 47
0 1 0
2 0 10
3 0 5
0 22 16
0 1 0
2 0 0
1 36 116
0 21 20
0 1 0
0 1 1
0 23 23
2 0 6
0 1 0
3 0 3
0 50 49
0 7 7
0 1 0
4 0 657
2 0 2
0 9 12
0 1 0
2 0 10
0 27 27
0 6 9
0 1 0
0 49 52
0 37 21
0 43 39
0 1 0
0 39 43
4 0 367
4 0 785
0 1 0
0 1 1
2 0 0
0 3 2
0 1 0
4 0 869
0 43 48
0 34 38
0 1 0
0 7 6
2 0 2
2 0 7
0 1 0
0 12 12
2 0 4
2 0 6
0 1 0
0 15 12
4 0 411
0 40 46
0 1 0
0 27 25
0 12 10
0 40 42
0 1 0
4 0 659
1 8 19
2 0 8
0 1 0
0 13 26
2 0 3
3 0 5
0 1 0
4 0 499
3 0 3
0 38 53
0 1 0
1 16 66
0 21 35
2 0 2
0 1 0
4 0 798
3 0 9
0 22 19
0 1 0
3 0 5
0 16 19
0 45 18
0 1 0
0 2 2
0 33 38
0 49 55
0 1 0
0 42 25
2 0 1
4 0 985
0 1 0
2 0 3
4 0 696
0 44 48
0 1 0
0 31 43
0 23 21
2 0 7
0 1 0
0 2 2
0 21 19
0 36 22
0 1 0
0 5 7
0 16 13
1 11 77
0 1 0
0 6 7
4 0 789
4 0 277
0 1 0
2 0 2
2 0 2
2 0 5
0 1 0
0 24 36
4 0 714
3 0 4
0 1 0
0 33 33
0 7 9
0 9 6
0 1 0
2 0 8
4 0 417
2 0 9
0 1 0
0 33 21
0 28 34
2 0 3
0 1 0
0 7 3
2 0 6
0 28 15
0 1 0
0 37 50
0 12 6
0 20 21
0 1 0
2 0 5
1 27 126
1 26 109
0 1 0
2 0 1
3 0 5
1 5 20
0 1 0
0 12 10
2 0 7
1 46 176
0 1 0
2 0 9
0 27 15
3 0 1
0 1 0
1 6 21
0 14 17
0 22 25
0 1 0
0 16 23
2 0 9
2 0 7
0 1 0
0 50 39
4 0 726
4 0 443
0 1 0
0 41 34
2 0 4
2 0 9
0 1 0
0 11 13
0 25 22
0 4 4
0 1 0
2 0 4
0 38 59
0 33 21
0 1 0
4 0 484
4 0 827
4 0 335
0 1 0
0 33 30
2 0 7
4 0 633
0 1 0
0 9 13
0 45 51
0 18 25
0 1 0
0 48 52
0 16 20
4 0 961
0 1 0
0 43 33
0 11 10
0 44 33
0 1 0
2 0 5
0 32 40
4 0 834
0 1 0
3 0 10
2 0 10
3 0 3
0 1 0
0 24 31
0 45 34
4 0 774
0 1 0
0 30 45
0 48 79
4 0 599
0 1 0
2 0 6
2 0 0
2 0 10
0 1 0
3 0 9
4 0 643
0 45 73
0 1 0
1 4 15
2 0 8
0 8 8
0 1 0
4 0 201
0 49 50
0 47 36
0 1 0
2 0 4
2 0 5
0 50 52
0 1 0
0 21 14
0 1 1
4 0 321
0 1 0
3 0 6
0 14 11
2 0 2
0 1 0
3 0 10
3 0 2
0 21 14
0 1 0
2 0 5
2 0 9
0 12 17
0 1 0
0 14 12
0 30 45
0 13 16
0 1 0
1 34 109
3 0 9
4 0 932
0 1 0
4 0 907
2 0 8
0 27 37
0 1 0
0 34 37
4 0 953
0 23 24
0 1 0
4 0 444
0 18 19
4 0 598
0 1 0
2 0 3
0 24 32
2 0 0
0 1 0
0 4 4
0 24 11
2 0 4
0 1 0
4 0 710
0 19 25
0 9 12
0 1 0
2 0 2
0 41 16
0 41 60
0 1 0
2 0 6
0 39 46
0 33 38
0 1 0
3 0 1
0 45 65
4 0 874
0 1 0
2 0 10
3 0 3
0 41 66
0 1 0
0 20 30
0 34 56
3 0 0
0 1 0
2 0 0
2 0 3
1 26 75
0 1 0
0 23 15
4 0 632
2 0 2
0 1 0
2 0 2
0 7 9
0 14 18
0 1 0
0 41 46
1 27 132
4 0 937
0 1 0
0 28 28
0 10 18
0 42 34
0 1 0
0 25 25
2 0 5
4 0 844
0 1 0
0 15 10
2 0 6
1 49 158
0 1 0
2 0 2
0 38 35
2 0 8
0 1 0
2 0 3
0 12 5
0 26 20
0 1 0
2 0 9
0 14 16
0 43 45
0 1 0
2 0 2
2 0 0
0 21 22
0 1 0
4 0 239
0 15 22
0 5 6
0 1 0
2 0 2
0 4 4
2 0 10
0 1 0
2 0 7
0 49 49
4 0 794
0 1 0
0 1 1
4 0 671
2 0 4
0 1 0
0 6 7
0 46 41
4 0 411
0 1 0
0 34 21
2 0 8
0 23 29
0 1 0
2 0 6
0 31 25
2 0 3
0 1 0
0 9 6
2 0 4
0 7 7
0 1 0
2 0 9
3 0 1
2 0 5
0 1 0
0 44 38
0 32 41
0 41 46
0 1 0
0 49 39
0 39 35
4 0 493
0 1 0
4 0 552
0 5 6
0 27 1
0 1 0
2 0 2
2 0 8
0 11 13
0 1 0
3 0 10
2 0 1
0 50 45
0 1 0
4 0 941
2 0 6
0 12 18
0 1 0
4 0 921
2 0 10
4 0 294
0 1 0
0 30 27
0 38 56
0 50 35
0 1 0
2 0 4
0 28 17
2 0 3
0 1 0
0 3 3
2 0 0
4 0 570
0 1 0
0 27 22
0 4 4
0 6 8
0 1 0
0 44 44
0 8 8
0 48 59
0 1 0
0 35 44
3 0 5
0 37 32
0 1 0
0 4 5
4 0 352
0 4 3
0 1 0
0 28 42
2 0 0
0 49 41
0 1 0
0 37 31
0 34 29
4 0 375
0 1 0
0 46 21
2 0 10
3 0 2
0 1 0
0 47 37
2 0 10
0 20 21
0 1 0
0 13 10
0 40 59
2 0 2
0 1 0
3 0 3
0 48 31
0 25 25
0 1 0
0 6 3
2 0 0
2 0 4
0 1 0
2 0 5
0 35 40
0 43 26
0 1 0
0 47 46
3 0 3
1 17 64
0 1 0
4 0 227
0 18 20
0 3 4
0 1 0
2 0 7
1 5 13
2 0 1
0 1 0
4 0 331
3 0 6
0 3 3
0 1 0
0 46 38
4 0 350
0 24 11
0 1 0
4 0 523
4 0 332
0 16 9
0 1 0
1 34 151
0 29 33
4 0 246
0 1 0
4 0 433
0 3 3
0 44 55
0 1 0
0 43 71
2 0 3
0 16 7
0 1 0
4 0 895
0 5 5
2 0 7
0 1 0
0 26 33
0 31 33
0 7 7
0 1 0
0 45 50
3 0 10
2 0 1
0 1 0
2 0 2
0 19 19
0 44 21
0 1 0
0 19 13
3 0 5
3 0 6
0 1 0
0 34 51
4 0 466
0 26 28
0 1 0
2 0 10
0 9 13
2 0 1
0 1 0
2 0 3
0 33 22
1 41 130
0 1 0
4 0 498
2 0 10
2 0 7
0 1 0
0 32 15
4 0 392
0 46 30
0 1 0
4 0 203
2 0 1
0 38 46
0 1 0
4 0 283
0 28 20
0 46 52
0 1 0
3 0 1
0 14 15
4 0 554
0 1 0
0 11 13
0 25 23
3 0 9
0 1 0
1 10 36
0 42 67
2 0 10
0 1 0
2 0 5
0 41 42
0 44 59
0 1 0
0 32 29
0 36 49
2 0 7
0 1 0
0 32 41
2 0 8
0 19 21
0 1 0
4 0 252
2 0 2
2 0 0
0 1 0
3 0 4
4 0 432
0 14 3
0 1 0
0 31 35
0 17 23
2 0 3
0 1 0
2 0 0
0 24 28
0 30 15
0 1 0
0 41 42
0 2 1
0 2 2
0 1 0
0 5 8
1 46 289
0 40 45
0 1 0
0 14 22
0 42 43
0 2 2
0 1 0
2 0 7
0 6 3
4 0 310
0 1 0
0 7 5
0 29 20
3 0 5
0 1 0
0 1 1
0 27 25
4 0 735
0 1 0
0 16 22
2 0 2
0 6 8
0 1 0
0 6 3
0 27 29
2 0 8
0 1 0
2 0 1
0 50 14
0 33 33
0 1 0
0 35 42
0 11 17
0 13 9
0 1 0
4 0 379
0 44 51
2 0 2
0 1 0
2 0 2
2 0 0
4 0 784
0 1 0
2 0 7
0 48 71
0 47 38
0 1 0
4 0 962
3 0 5
4 0 879
0 1 0
0 7 8
2 0 10
2 0 8
0 1 0
0 9 10
0 17 14
1 13 60
0 1 0
2 0 2
0 19 18
0 2 2
0 1 0
2 0 2
1 43 233
0 42 42
0 1 0
4 0 898
0 41 39
2 0 4
0 1 0
2 0 5
2 0 9
0 14 17
0 1 0
0 38 34
0 30 37
0 25 19
0 1 0
4 0 494
0 15 14
2 0 5
0 1 0
2 0 8
2 0 2
3 0 2
0 1 0
0 37 9
4 0 967
3 0 3
0 1 0
0 33 29
2 0 0
0 48 33
0 1 0
4 0 406
0 22 19
4 0 431
0 1 0
4 0 934
2 0 9
4 0 814
0 1 0
2 0 5
4 0 987
1 30 111
0 1 0
0 50 62
2 0 9
0 48 59
0 1 0
1 30 118
0 42 51
2 0 10
0 1 0
3 0 0
2 0 10
2 0 10
0 1 0
0 47 38
0 7 5
0 33 38
0 1 0
0 29 40
2 0 1
0 8 6
0 1 0
4 0 690
0 35 49
0 8 13
0 1 0
4 0 393
0 43 64
2 0 3
0 1 0
0 46 59
0 15 8
0 34 49
0 1 0
2 0 9
0 37 35
0 29 29
0 1 0
0 37 50
0 20 16
0 19 22
0 1 0
0 31 21
0 27 21
0 18 16
0 1 0
0 6 4
0 15 15
0 29 32
0 1 0
2 0 3
0 23 19
0 22 26
0 1 0
1 36 146
0 15 10
0 15 6
0 1 0
2 0 1
1 7 26
2 0 4
0 1 0
0 40 27
0 15 15
0 1 1
0 1 0
0 20 22
2 0 9
4 0 793
0 1 0
0 43 44
2 0 6
1 20 76
0 1 0
0 33 39
0 7 7
0 49 68
0 1 0
4 0 889
0 1 1
2 0 7
0 1 0
0 39 22
0 25 35
3 0 9
0 1 0
0 49 32
2 0 7
0 12 9
0 1 0
0 2 3
4 0 656
0 31 28
0 1 0
2 0 8
4 0 885
0 19 29
0 1 0
4 0 500
0 40 32
0 21 27
0 1 0
3 0 3
4 0 942
2 0 7
0 1 0
0 1 1
0 50 56
0 19 27
0 1 0
2 0 3
4 0 822
0 12 18
0 1 0
0 45 62
0 1 2
2 0 9
0 1 0
1 43 240
2 0 3
3 0 3
0 1 0
0 39 38
2 0 10
2 0 1
0 1 0
3 0 1
4 0 581
0 43 71
0 1 0
2 0 4
4 0 374
0 3 4
0 1 0
0 22 23
0 21 27
0 30 52
0 1 0
2 0 3
1 1 4
0 22 4
0 1 0
2 0 3
0 12 7
0 46 28
0 1 0
0 8 3
0 14 8
2 0 0
0 1 0
0 2 2
0 23 29
0 11 8
0 1 0
0 24 28
0 48 46
0 13 15
0 1 0
0 47 61
4 0 912
4 0 238
0 1 0
0 38 45
0 13 5
2 0 9
0 1 0
3 0 1
2 0 9
0 28 32
0 1 0
0 30 50
1 13 45
4 0 455
0 1 0
3 0 8
0 1 1
2 0 4
0 1 0
2 0 9
2 0 9
2 0 5
0 1 0
0 12 7
3 0 9
2 0 9
0 1 0
4 0 767
2 0 2
0 42 15
0 1 0
4 0 243
0 36 31
0 13 10
0 1 0
0 23 24
2 0 10
0 2 3
0 1 0
2 0 10
3 0 1
2 0 4
0 1 0
1 17 96
4 0 336
2 0 2
0 1 0
0 22 19
0 38 13
0 42 47
0 1 0
0 3 1
3 0 3
1 2 8
0 1 0
4 0 372
0 37 35
0 33 24
0 1 0
1 16 71
0 49 64
0 11 14
0 1 0
1 10 44
0 6 3
2 0 6
0 1 0
3 0 0
2 0 3
4 0 647
0 1 0
0 38 37
4 0 977
0 34 46
0 1 0
0 39 32
2 0 4
4 0 546
0 1 0
3 0 0
2 0 0
3 0 7
0 1 0
0 16 5
3 0 2
0 29 33
0 1 0
0 6 8
0 17 20
2 0 0
0 1 0
0 35 45
0 25 30
4 0 291
0 1 0
4 0 697
0 8 6
4 0 482
0 1 0
0 1 1
4 0 514
0 31 22
0 1 0
0 35 39
0 13 15
0 49 51
0 1 0
0 38 55
4 0 699
0 48 47
0 1 0
4 0 569
0 2 1
0 17 11
0 1 0
0 5 6
2 0 6
3 0 4
0 1 0
4 0 206
4 0 259
0 38 25
0 1 0
2 0 5
2 0 3
3 0 10
0 1 0
0 25 34
4 0 224
0 12 12
0 1 0
2 0 5
3 0 5
0 45 57
0 1 0
2 0 0
4 0 976
0 7 3
0 1 0
0 44 56
2 0 3
0 16 14
0 1 0
4 0 634
4 0 699
0 26 17
0 1 0
0 6 4
0 16 11
3 0 2
0 1 0
2 0 5
4 0 957
0 31 30
0 1 0
2 0 0
3 0 9
4 0 989
0 1 0
1 33 83
0 29 13
2 0 10
0 1 0
0 25 15
2 0 0
4 0 301
0 1 0
4 0 870
0 46 23
2 0 1
0 1 0
0 42 53
0 45 44
0 30 32
0 1 0
0 11 11
0 10 10
0 13 15
0 1 0
2 0 1
0 8 15
0 35 14
0 1 0
1 32 169
2 0 0
0 21 18
0 1 0
0 26 31
2 0 1
2 0 1
0 1 0
0 6 4
1 33 65
0 44 27
0 1 0
2 0 7
0 42 60
0 48 29
0 1 0
2 0 9
4 0 453
0 35 59
0 1 0
2 0 2
3 0 1
1 35 178
0 1 0
0 39 41
0 26 32
0 26 27
0 1 0
0 41 34
0 8 3
2 0 6
0 1 0
2 0 4
0 17 19
0 46 57
0 1 0
2 0 10
0 47 53
4 0 735
0 1 0
2 0 7
0 9 13
2 0 6
0 1 0
2 0 4
0 47 33
2 0 6
0 1 0
0 13 20
1 28 88
4 0 739
0 1 0
2 0 10
0 50 22
0 10 11
0 1 0
0 45 60
2 0 4
2 0 7
0 1 0
3 0 9
2 0 2
4 0 406
0 1 0
0 22 26
2 0 6
1 46 165
0 1 0
2 0 1
4 0 343
1 42 159
0 1 0
0 8 10
0 6 9
2 0 4
0 1 0
3 0 10
0 34 42
0 13 11
0 1 0
0 42 50
0 20 24
0 25 27
0 1 0
2 0 6
3 0 2
0 34 30
0 1 0
2 0 7
0 35 41
0 25 22
0 1 0
0 21 24
0 8 6
0 11 9
0 1 0
0 25 17
2 0 3
2 0 2
0 1 0
2 0 10
0 47 51
3 0 4
0 1 0
0 41 55
2 0 9
0 8 6
0 1 0
0 16 15
0 19 31
3 0 1
0 1 0
3 0 8
0 20 26
4 0 451
0 1 0
4 0 559
0 3 4
0 6 6
0 1 0
0 5 5
2 0 2
0 34 37
0 1 0
0 22 19
0 21 26
0 18 20
0 1 0
2 0 0
2 0 2
1 47 308
0 1 0
3 0 10
0 47 80
3 0 6
0 1 0
0 46 34
0 1 1
4 0 978
0 1 0
1 35 121
0 39 47
2 0 7
0 1 0
0 39 27
0 28 32
0 19 19
0 1 0
0 8 9
0 49 75
0 7 8
0 1 0
1 14 45
2 0 3
4 0 985
0 1 0
0 47 29
3 0 2
1 38 128
0 1 0
0 19 21
0 40 41
0 38 48
0 1 0
0 3 2
2 0 3
3 0 8
0 1 0
2 0 9
0 11 8
0 5 2
0 1 0
2 0 1
4 0 998
3 0 10
0 1 0
0 40 29
0 48 12
4 0 449
0 1 0
0 30 26
0 50 45
0 28 34
0 1 0
0 36 31
3 0 3
4 0 829
0 1 0
0 25 36
0 27 39
1 15 43
0 1 0
0 45 32
2 0 2
3 0 7
0 1 0
0 29 28
0 42 46
0 9 3
0 1 0
0 1 1
0 47 44
4 0 209
0 1 0
2 0 4
0 25 24
4 0 886
0 1 0
0 30 21
4 0 959
3 0 1
0 1 0
2 0 9
0 18 12
0 3 2
0 1 0
2 0 3
2 0 3
2 0 5
0 1 0
0 23 23
0 46 47
2 0 7
0 1 0
0 4 5
3 0 1
0 17 30
0 1 0
0 29 40
2 0 6
0 42 33
0 1 0
0 36 24
0 36 29
2 0 1
0 1 0
2 0 5
0 47 41
3 0 7
0 1 0
2 0 2
0 1 1
1 29 118
0 1 0
0 32 27
1 41 167
0 35 40
0 1 0
4 0 527
4 0 571
3 0 2
0 1 0
3 0 7
1 43 111
0 31 39
0 1 0
4 0 473
4 0 912
4 0 985
0 1 0
4 0 297
0 24 30
2 0 9
0 1 0
4 0 878
3 0 3
0 9 11
0 1 0
0 48 44
1 34 151
0 44 32
0 1 0
3 0 5
2 0 4
4 0 891
0 1 0
0 38 32
4 0 674
0 23 13
0 1 0
0 15 13
0 29 25
0 13 11
0 1 0
0 1 1
2 0 8
4 0 431
0 1 0
0 32 37
0 50 81
0 43 44
0 1 0
4 0 800
2 0 0
1 44 191
0 1 0
4 0 808
2 0 9
0 18 18
0 1 0
0 13 11
2 0 10
4 0 435
0 1 0
3 0 5
1 46 176
0 44 80
0 1 0
2 0 5
2 0 4
2 0 10
0 1 0
3 0 3
2 0 7
2 0 3
0 1 0
2 0 1
0 44 24
0 15 19
0 1 0
0 18 16
2 0 2
0 46 56
0 1 0
0 26 24
0 43 47
0 45 57
0 1 0
0 8 10
2 0 3
0 31 41
0 1 0
2 0 10
0 38 55
0 25 16
0 1 0
3 0 5
0 13 13
0 29 15
0 1 0
2 0 3
0 21 21
4 0 845
0 1 0
3 0 6
2 0 9
4 0 766
0 1 0
2 0 5
2 0 9
0 48 69
0 1 0
0 13 9
0 12 9
2 0 0
0 1 0
3 0 9
3 0 4
4 0 386
0 1 0
4 0 793
3 0 8
0 20 11
0 1 0
2 0 6
0 12 9
1 39 113
0 1 0
3 0 5
4 0 420
4 0 544
0 1 0
0 37 44
0 15 19
0 20 4
0 1 0
4 0 530
0 27 23
0 23 15
0 1 0
1 17 36
2 0 0
4 0 868
0 1 0
0 49 39
0 40 28
3 0 6
0 1 0
0 16 14
4 0 866
1 15 69
0 1 0
0 44 42
0 29 12
3 0 0
0 1 0
4 0 864
0 45 33
2 0 10
0 1 0
1 46 251
2 0 9
0 32 36
0 1 0
2 0 0
0 8 9
2 0 5
0 1 0
2 0 9
3 0 7
3 0 8
0 1 0
0 15 14
0 12 17
0 19 23
0 1 0
2 0 6
4 0 896
0 19 2
0 1 0
3 0 5
0 6 5
0 3 4
0 1 0
0 3 4
0 17 6
2 0 2
0 1 0
4 0 825
0 13 17
0 37 47
0 1 0
2 0 0
0 8 12
0 29 44
0 1 0
0 8 13
2 0 5
3 0 8
0 1 0
0 40 54
3 0 5
0 4 3
0 1 0
2 0 10
4 0 694
1 1 4
0 1 0
0 1 1
0 12 12
0 21 8
0 1 0
4 0 649
0 37 40
0 33 35
0 1 0
2 0 5
0 9 3
4 0 224
0 1 0
0 37 34
2 0 10
0 29 32
0 1 0
4 0 688
0 15 21
2 0 6
0 1 0
2 0 7
4 0 561
4 0 855
0 1 0
0 32 24
1 11 40
2 0 1
0 1 0
4 0 399
1 20 105
1 25 97
0 1 0
0 44 33
0 32 23
2 0 9
0 1 0
2 0 9
3 0 10
0 46 15
0 1 0
0 43 62
2 0 7
4 0 866
0 1 0
2 0 9
2 0 3
0 38 33
0 1 0
2 0 4
4 0 921
2 0 9
0 1 0
0 22 21
1 24 128
0 45 54
0 1 0
4 0 609
4 0 496
0 50 30
0 1 0
0 39 46
2 0 7
2 0 10
0 1 0
4 0 455
0 20 28
0 38 43
0 1 0
0 41 40
0 6 10
0 19 36
0 1 0
0 41 27
0 46 32
2 0 8
0 1 0
2 0 6
0 6 10
2 0 9
0 1 0
2 0 7
2 0 3
3 0 4
0 1 0
0 21 12
2 0 7
1 30 158
0 1 0
3 0 5
4 0 206
0 5 5
0 1 0
4 0 727
4 0 665
0 37 31
0 1 0
4 0 382
0 20 30
0 22 24
0 1 0
0 42 41
0 5 4
3 0 1
0 1 0
0 12 9
0 30 35
4 0 305
0 1 0
0 9 7
2 0 8
0 28 41
0 1 0
1 5 22
0 2 3
3 0 0
0 1 0
0 3 4
0 8 9
0 3 1
0 1 0
0 7 7
2 0 5
0 27 38
0 1 0
4 0 499
0 39 60
0 16 22
0 1 0
1 6 25
0 43 41
2 0 4
0 1 0
0 24 22
0 46 47
4 0 211
0 1 0
2 0 2
4 0 347
1 20 72
0 1 0
3 0 7
2 0 1
4 0 929
0 1 0
2 0 2
0 13 18
4 0 611
0 1 0
3 0 6
0 3 3
3 0 10
0 1 0
0 30 35
0 26 20
4 0 485
0 1 0
2 0 1
0 12 17
4 0 461
0 1 0
1 44 153
0 50 48
0 22 26
0 1 0
0 35 36
2 0 7
2 0 0
0 1 0
4 0 772
2 0 6
0 1 1
0 1 0
0 6 6
0 30 33
0 25 3
0 1 0
2 0 5
2 0 6
0 39 29
0 1 0
0 34 36
2 0 2
4 0 589
0 1 0
4 0 970
0 4 2
0 33 40
0 1 0
0 15 6
0 21 22
4 0 487
0 1 0
1 1 4
0 5 8
2 0 4
0 1 0
0 46 41
0 50 66
0 38 56
0 1 0
4 0 408
0 49 66
2 0 4
0 1 0
4 0 772
4 0 957
0 47 32
0 1 0
0 40 49
2 0 2
3 0 1
0 1 0
3 0 2
0 48 52
0 19 16
0 1 0
4 0 737
4 0 985
0 26 27
0 1 0
0 36 29
1 13 52
4 0 725
0 1 0
0 44 40
4 0 689
0 19 22
0 1 0
1 40 259
0 18 19
3 0 7
0 1 0
2 0 10
0 24 30
3 0 0
0 1 0
0 28 25
0 37 55
0 9 5
0 1 0
0 44 51
3 0 7
3 0 8
0 1 0
4 0 753
0 6 4
2 0 10
0 1 0
0 2 2
0 14 9
2 0 9
0 1 0
0 33 41
4 0 877
0 49 78
0 1 0
2 0 3
2 0 9
0 12 12
0 1 0
2 0 9
4 0 217
4 0 843
0 1 0
1 19 101
0 31 37
2 0 4
0 1 0
0 10 6
0 25 37
2 0 8
0 1 0
0 47 28
2 0 6
0 31 30
0 1 0
2 0 10
0 42 64
0 31 27
0 1 0
0 18 17
4 0 905
3 0 2
0 1 0
3 0 6
0 50 76
0 38 39
0 1 0
0 2 2
0 35 36
0 17 7
0 1 0
3 0 9
2 0 6
2 0 0
0 1 0
2 0 7
0 45 14
0 49 60
0 1 0
0 13 15
0 39 66
0 35 22
0 1 0
4 0 790
0 21 19
0 38 25
0 1 0
0 45 68
1 40 96
2 0 2
0 1 0
2 0 6
2 0 7
3 0 10
0 1 0
0 14 14
2 0 5
2 0 4
0 1 0
0 48 37
0 5 6
4 0 994
0 1 0
2 0 5
2 0 8
3 0 7
0 1 0
3 0 9
0 24 17
0 3 4
0 1 0
0 13 8
2 0 3
0 20 14
0 1 0
2 0 2
4 0 743
0 12 16
0 1 0
0 17 18
0 41 53
0 18 25
0 1 0
1 32 123
0 8 4
0 43 83
0 1 0
2 0 7
2 0 2
0 35 44
0 1 0
1 47 213
0 19 19
0 27 41
0 1 0
2 0 6
2 0 3
0 29 34
0 1 0
4 0 611
0 48 63
0 38 42
0 1 0
0 35 55
0 13 9
2 0 5
0 1 0
3 0 10
3 0 7
2 0 0
