4 3 3 1000
8 6
59 62
19 9
18 18
77 103
8 8
84 108
8 5
14 22
101 92
25 25
7 8
252 161
9 10
59 68
83 105
86 95
89 108
8 10
18 36
26 26
21 18
127 178
37 56
6 3
207 186
129 148
119 296
5 5
194 368
212 302
5 6
40 66
12 14
202 298
221 447
8 6
11 9
6 6
9 8
34 29
21 18
10 9
217 200
45 59
11 12
141 115
124 129
8 8
35 22
186 416
36 62
89 53
64 51
21 16
6 5
11 16
8 7
131 117
4 3
5 4
4 4
204 377
9 8
55 38
8 7
118 102
5 6
193 297
83 92
197 226
36 28
46 39
144 131
120 86
80 89
26 30
237 374
6 5
7 8
8 9
123 87
59 48
5 5
98 125
119 78
7 6
17 15
82 48
27 27
33 22
6 8
47 48
42 65
10 7
19 32
110 135
24 20
119 269
97 66
22 28
189 240
12 7
213 190
14 13
8 6
47 34
12 9
17 31
14 18
83 94
123 112
23 25
104 214
19 18
14 12
96 103
145 98
29 62
148 131
190 237
11 16
10 7
65 109
14 18
136 93
12 18
25 20
9 13
17 14
68 47
15 14
90 73
248 407
11 8
130 125
9 11
22 24
133 89
6 4
6 7
18 12
164 198
33 34
43 39
4 3
89 86
7 8
6 9
33 28
7 8
49 80
11 11
183 132
82 82
46 45
18 14
7 7
9 12
4 5
17 14
6 4
37 53
89 97
56 67
16 23
17 16
99 69
66 48
11 16
162 180
121 162
27 48
203 156
80 61
108 298
8 7
4 6
97 117
5 3
6 6
31 33
12 20
28 39
221 253
29 15
23 21
69 113
116 116
26 15
148 185
30 21
197 219
12 17
28 34
92 68
149 179
152 266
57 69
72 83
7 10
10 16
208 204
56 59
10 17
4 3
194 150
8 7
12 13
125 125
76 85
15 20
123 101
59 76
78 89
92 148
47 42
81 80
20 21
18 13
142 193
18 14
26 38
9 6
247 517
228 209
5 3
18 14
11 23
107 146
55 37
50 45
80 57
246 180
202 155
6 7
19 20
54 61
79 77
27 17
71 61
11 15
19 16
17 14
179 281
180 168
84 110
18 19
153 146
33 30
25 10
11 17
161 143
21 24
45 37
156 189
9 8
7 18
5 4
96 108
87 117
206 217
24 25
49 46
5 5
72 93
17 19
89 159
26 42
5 4
5 4
39 26
29 32
4 9
187 288
48 50
238 301
118 211
12 25
11 13
52 113
67 59
56 49
41 40
33 20
145 176
116 109
28 50
4 2
17 14
5 4
58 57
22 19
162 181
23 9
179 178
34 24
61 85
39 52
93 55
12 8
112 179
25 19
137 223
31 55
17 12
55 56
126 118
252 167
5 8
69 103
200 327
123 126
49 39
15 7
60 46
12 10
119 112
8 6
100 60
8 8
82 82
25 27
50 33
71 84
93 110
221 120
31 34
16 22
40 30
26 25
17 19
100 187
147 102
44 53
158 99
16 24
13 7
33 36
16 12
11 8
6 11
172 131
7 6
38 35
6 8
6 8
18 16
6 7
16 16
9 8
23 25
33 21
7 8
43 52
15 20
70 105
12 11
37 19
50 51
25 29
12 11
165 88
68 52
129 159
8 5
9 10
60 67
114 84
5 6
34 21
45 49
74 66
6 5
8 16
6 5
5 3
29 33
13 14
6 5
99 91
8 11
75 44
62 55
20 17
21 18
26 23
5 5
14 12
195 211
4 3
41 39
100 94
95 105
43 48
62 68
14 17
23 18
21 18
247 260
98 152
26 17
58 71
7 8
7 9
36 41
9 11
5 3
195 201
22 26
31 32
167 124
65 168
20 20
6 5
7 7
33 72
15 11
40 68
18 16
27 19
15 12
20 47
32 30
15 14
7 9
20 11
124 124
206 82
32 38
129 152
213 147
125 103
18 14
65 61
148 132
16 10
11 9
52 74
10 6
175 135
17 16
106 132
9 10
5 5
18 14
35 42
115 169
22 13
4 6
207 290
12 9
230 158
35 31
184 293
22 31
116 152
78 70
16 24
158 140
23 27
35 24
26 24
137 129
5 4
10 7
34 26
19 21
16 12
4 7
187 221
33 57
79 102
178 141
45 31
37 38
207 174
108 63
6 8
8 9
11 9
39 117
28 30
4 4
155 141
85 91
6 5
11 6
18 17
5 5
9 10
68 76
5 5
100 85
9 8
85 154
5 6
31 19
28 11
5 6
24 30
215 457
33 28
36 38
64 95
11 5
11 11
15 9
43 32
4 3
11 11
4 3
96 77
19 17
56 44
251 165
101 53
12 12
121 74
11 16
161 100
171 222
161 156
6 9
225 327
5 5
12 10
19 24
18 18
10 8
198 288
100 98
10 10
18 19
82 153
109 106
33 52
24 34
72 72
153 225
122 132
241 246
22 17
132 115
5 5
5 3
26 34
74 52
25 39
80 183
33 41
62 53
12 21
58 54
79 81
7 7
82 200
232 347
31 22
9 6
76 78
6 3
9 12
114 131
128 84
28 31
149 128
14 13
7 9
159 300
7 5
11 9
93 51
10 11
238 112
12 8
9 18
6 3
39 38
24 20
147 142
9 8
146 147
84 107
38 22
9 15
22 33
163 171
12 19
93 67
37 36
55 70
4 3
68 51
7 9
23 13
82 89
124 78
20 32
71 87
166 147
38 35
73 61
200 286
15 16
30 40
31 33
19 18
129 112
64 55
45 38
4 4
140 130
176 129
17 22
108 163
12 12
25 24
48 56
8 7
252 170
29 31
76 41
163 183
17 24
7 5
36 50
7 5
8 7
110 75
34 56
16 10
12 12
7 6
138 103
9 14
179 187
24 31
131 112
6 6
121 109
14 19
133 131
18 15
136 83
19 18
40 50
36 33
79 125
131 279
22 41
5 3
133 239
29 28
88 164
116 147
5 5
77 63
72 94
146 88
59 80
5 4
9 6
23 38
63 78
198 313
69 59
195 285
254 173
10 6
154 248
6 7
5 7
59 70
17 14
216 259
43 18
15 30
48 34
34 53
152 202
97 71
83 98
4 6
27 35
28 47
112 123
27 28
80 52
21 14
34 17
10 13
9 14
88 70
13 17
9 13
7 6
6 5
39 38
23 24
22 23
87 83
31 20
117 87
18 22
21 39
228 238
19 20
32 42
136 98
152 428
6 7
230 294
8 6
60 49
133 239
6 7
35 24
70 83
213 112
63 74
5 10
105 89
241 199
7 7
147 199
72 111
5 8
35 40
21 34
7 4
27 26
47 31
8 8
23 16
193 126
78 65
8 9
65 81
5 9
55 60
10 17
71 63
131 179
74 78
75 66
39 33
18 16
211 136
6 3
7 7
52 47
34 45
253 474
21 27
11 20
26 37
37 51
249 264
8 11
16 12
68 95
201 189
9 6
54 128
13 21
15 17
5 4
133 190
106 98
10 21
32 19
186 119
4 5
34 36
16 13
8 16
227 251
6 6
11 15
83 80
109 108
15 12
22 15
43 36
9 7
101 115
7 8
99 110
50 43
245 279
234 168
45 48
54 24
6 7
7 7
22 17
196 183
43 40
39 22
237 414
110 180
5 5
26 30
32 34
5 7
10 9
36 52
56 58
188 139
11 10
6 4
10 10
18 24
9 4
54 26
12 5
19 25
8 7
5 8
18 20
19 12
67 51
4 3
8 8
13 9
7 6
111 146
11 9
34 37
65 85
89 163
9 9
59 47
16 15
7 8
88 53
4 5
16 11
49 49
10 5
21 35
212 287
4 5
7 6
29 28
103 78
13 9
187 177
52 47
29 29
7 14
207 380
9 6
113 131
33 42
8 7
19 25
173 225
6 6
150 87
41 22
12 22
25 33
15 22
10 9
15 19
4 3
6 5
67 94
48 55
45 43
13 9
93 64
14 27
78 92
35 32
14 11
17 18
236 199
63 73
65 71
7 5
28 34
205 331
4 4
15 10
15 13
16 14
15 8
40 29
14 16
28 33
4 5
24 35
54 74
140 157
14 8
47 29
7 7
40 52
20 61
124 87
21 12
22 42
13 10
43 55
50 60
17 28
43 56
78 101
20 33
15 20
194 164
170 222
83 61
120 166
138 156
24 44
181 205
25 14
69 58
26 31
28 32
65 57
42 60
22 18
82 58
247 317
25 18
134 110
14 9
67 60
142 145
22 31
133 92
40 37
37 36
84 150
106 124
26 39
111 126
17 14
206 278
224 207
184 200
224 270
40 41
29 26
4 3
192 181
67 69
31 27
69 91
39 39
7 11
7 7
179 481
48 40
244 186
7 15
16 20
236 145
31 23
256 240
19 23
7 10
9 8
8 6
106 110
33 31
149 117
43 44
20 23
5 7
28 23
48 35
11 12
208 219
48 74
55 57
9 13
41 26
89 59
34 49
44 40
28 24
69 64
11 7
141 147
13 11
40 33
26 44
45 30
6 8
15 9
34 43
38 46
198 315
5 6
141 86
18 13
57 43
11 18
115 199
8 4
9 8
17 16
22 20
13 14
68 47
23 25
131 102
21 18
66 65
4 7
8 7
17 24
223 357
83 67
30 18
140 111
9 11
7 6
14 7
76 128
6 5
17 9
124 166
31 38
141 145
212 260
6 3
186 397
43 41
14 15
7 6
153 312
119 123
58 63
134 219
41 34
24 36
65 97
30 35
116 200
142 156
253 166
13 9
241 193
98 154
51 38
97 96
5 4
20 10
42 33
8 6
51 54
125 200
52 37
5 7
239 316
38 37
71 98
39 70
38 32
7 9
13 17
7 7
20 16
46 35
194 320
10 7
41 33
26 40
12 19
78 72
67 34
28 34
133 80
163 130
146 203
9 6
176 223
4 4
214 256
6 4
79 106
39 26
12 11
35 32
15 27
248 286
14 11
80 99
25 33
5 13
5 7
40 34
216 274
7 6
4 5
10 9
13 17
210 143
51 31
15 27
134 102
4 3
157 157
17 16
48 36
32 46
43 36
168 163
195 114
5 5
24 28
7 5
37 57
5 5
15 9
26 36
15 12
6 6
13 13
112 54
111 112
13 10
11 16
33 28
6 4
5 6
111 70
35 61
41 30
21 16
18 26
68 50
78 84
201 252
98 87
15 10
27 31
10 13
64 114
48 109
13 17
5 3
6 9
12 10
81 122
208 205
6 6
78 116
32 38
5 4
73 55
35 20
192 119
12 15
11 11
10 8
140 154
48 93
12 12
13 6
9 21
9 8
8 6
20 18
4 5
116 169
23 22
4 8
5 10
144 98
5 2
23 33
186 132
9 7
162 112
6 4
213 229
4 3
6 5
13 17
17 18
18 13
176 230
7 13
126 76
93 124
8 9
9 8
6 5
248 275
9 9
135 313
53 52
23 18
174 139
21 11
34 26
51 31
32 53
37 15
61 61
38 60
14 13
61 119
62 92
58 45
125 132
13 11
13 9
255 160
49 46
34 24
10 6
15 13
63 52
26 28
6 9
126 111
38 20
59 49
38 55
183 187
10 18
20 27
5 5
222 285
6 6
7 5
34 58
141 190
66 41
99 92
10 5
29 31
117 128
6 10
5 4
5 7
47 49
46 62
10 12
5 4
26 30
48 45
77 47
9 7
224 226
22 12
6 7
5 4
12 12
254 325
4 4
32 28
26 34
213 158
127 153
210 171
22 25
9 12
10 9
10 15
64 104
9 7
45 63
27 40
9 17
120 152
4 5
44 68
5 4
240 211
111 93
10 14
29 34
7 14
6 8
6 6
19 15
125 104
212 142
50 31
109 126
7 9
23 24
64 63
158 123
10 11
29 32
37 23
7 8
10 10
68 65
246 374
75 46
5 6
23 23
85 62
38 40
5 8
33 23
155 241
211 443
59 65
7 4
54 56
5 9
11 13
11 5
34 46
5 8
5 3
189 191
125 137
15 28
38 53
167 239
4 5
11 15
17 17
72 29
7 7
69 118
15 8
15 34
46 32
130 88
5 5
38 37
12 10
12 12
33 36
16 10
59 82
20 14
87 119
19 29
12 12
17 26
18 28
53 44
52 42
246 342
6 11
233 178
20 13
8 5
36 31
7 7
25 15
41 22
77 86
9 5
7 6
4 3
52 38
222 228
6 8
38 42
235 149
171 131
29 32
5 6
22 20
40 41
9 9
27 31
7 10
103 189
201 219
61 62
43 38
149 250
216 149
21 41
27 27
5 9
8 8
5 3
199 208
178 218
96 76
54 49
18 15
32 48
5 4
21 17
69 65
52 32
5 4
15 20
15 19
14 14
6 11
75 42
107 73
27 21
6 7
41 32
66 65
16 14
241 347
4 5
13 12
116 63
11 15
24 28
29 17
11 14
8 4
53 63
14 18
54 70
9 10
251 229
21 17
110 169
41 21
73 58
20 17
21 11
10 4
18 21
11 10
10 8
25 24
5 3
8 6
16 14
8 9
46 57
7 7
18 15
194 112
193 187
76 66
6 5
147 127
104 173
95 95
6 9
63 96
7 7
29 41
95 120
180 187
7 7
43 39
113 171
6 8
13 13
122 190
5 2
134 69
112 63
8 10
28 35
10 9
32 25
29 30
15 16
33 42
6 5
220 216
23 45
7 8
13 10
6 6
8 7
5 5
5 3
59 61
19 13
6 9
14 25
38 33
12 14
8 5
7 13
127 84
135 100
11 10
70 132
6 4
9 19
13 11
6 4
19 22
8 8
65 85
14 25
226 306
4 4
8 8
15 16
59 90
130 149
32 29
57 52
176 244
94 120
63 75
58 49
108 77
95 149
26 47
92 114
10 9
56 81
11 18
48 35
5 3
6 6
5 3
55 74
170 107
57 93
128 174
67 57
152 50
34 33
32 45
128 149
6 6
6 8
210 161
122 93
34 31
55 38
11 10
21 16
6 4
15 12
241 302
107 187
9 9
37 42
7 6
141 184
22 20
17 19
47 41
18 13
40 49
4 3
4 6
5 4
153 164
86 131
70 58
245 127
8 5
7 9
6 7
20 14
35 38
50 89
13 10
116 144
137 77
81 69
6 8
6 7
10 10
145 157
25 20
49 44
24 28
41 31
20 11
93 137
137 113
34 24
73 39
189 162
6 2
9 9
167 128
27 31
125 109
112 91
79 113
7 8
10 9
148 104
11 13
171 203
181 192
153 226
190 275
5 2
63 89
7 10
8 9
153 204
184 230
5 4
30 42
4 4
24 18
34 39
4 5
22 23
21 16
5 5
5 7
44 57
21 23
55 35
6 7
10 7
65 63
12 24
103 117
30 39
98 81
17 28
16 23
19 9
69 69
5 7
39 40
61 46
17 19
54 65
34 43
20 14
50 89
45 27
12 14
199 156
20 15
7 12
13 26
5 5
57 49
29 19
25 26
33 41
145 250
71 48
22 25
80 130
230 225
46 55
70 62
25 30
72 151
6 3
10 13
162 361
28 25
17 20
126 136
129 104
15 11
75 76
190 182
117 96
62 123
29 59
25 28
143 165
43 53
68 101
20 22
136 256
212 229
35 30
23 19
27 24
6 8
30 30
32 22
64 75
80 122
36 67
11 15
21 17
31 46
6 6
150 270
40 42
84 81
188 130
143 80
7 7
26 31
7 7
178 113
17 38
8 8
5 8
233 208
55 30
163 275
76 36
8 12
8 9
151 96
19 32
5 3
82 90
16 13
233 265
40 38
143 235
9 5
5 4
4 6
13 19
9 12
18 15
12 6
228 228
75 81
6 6
106 110
49 42
15 17
24 39
170 295
35 29
5 4
14 17
121 145
13 11
8 11
8 11
50 72
10 11
5 5
100 111
155 101
12 8
83 74
9 7
7 6
13 13
26 35
29 18
8 6
4 5
5 4
215 170
67 41
5 6
16 15
179 173
5 8
125 127
9 7
32 35
14 15
25 22
44 37
184 166
17 15
201 106
23 22
24 18
15 13
182 161
11 12
25 31
10 9
7 11
61 66
91 154
6 5
42 57
8 11
9 8
223 188
40 52
10 8
66 74
10 19
22 33
62 85
5 4
58 74
47 46
225 246
20 16
7 7
20 14
6 7
30 19
162 239
26 27
19 11
21 30
10 11
12 10
52 40
51 44
10 19
12 10
11 13
88 141
39 30
6 8
142 241
77 153
9 9
201 199
58 47
51 52
29 68
12 13
16 17
54 32
9 5
23 21
72 121
90 89
14 9
50 28
122 125
12 7
11 9
5 4
86 69
11 10
75 42
37 23
46 63
20 20
8 7
9 7
5 8
10 8
6 8
87 82
100 70
55 88
135 228
6 5
224 244
53 45
6 10
7 8
10 14
6 5
6 6
6 5
40 77
8 8
23 36
8 5
14 7
5 7
82 54
115 77
20 18
223 213
44 53
14 9
12 21
24 50
10 7
7 4
141 133
9 12
33 23
182 304
27 21
4 5
10 5
49 32
137 78
12 15
37 33
24 21
8 5
33 44
9 7
12 11
5 4
15 21
58 47
16 20
29 20
203 212
39 34
15 17
18 25
25 36
103 87
19 12
41 96
247 407
25 16
123 221
25 13
78 57
7 6
9 11
102 63
59 57
166 153
9 15
23 21
48 90
39 32
14 9
92 79
10 14
15 21
21 24
9 8
15 7
144 113
8 5
198 210
126 170
50 43
24 30
192 268
7 6
47 50
13 14
4 4
63 39
81 96
91 81
16 17
77 72
85 97
87 150
5 2
11 17
50 33
12 15
60 61
120 132
8 9
76 44
14 14
57 80
8 4
215 179
6 5
6 8
15 12
23 21
22 23
107 125
209 410
50 44
146 137
116 104
47 40
135 178
102 241
11 13
16 10
42 42
47 26
28 31
22 15
120 167
19 12
90 79
30 37
118 76
10 11
195 220
6 4
117 115
254 235
6 7
57 37
64 67
12 8
17 14
7 5
6 5
46 38
240 178
5 5
24 23
8 10
160 114
66 40
6 14
87 110
26 29
50 78
247 185
22 21
4 3
6 8
15 16
4 3
16 11
83 55
17 16
8 4
6 10
5 5
7 7
191 262
90 54
142 148
4 5
11 12
13 26
124 163
6 3
14 12
163 157
45 56
6 4
7 9
61 45
223 320
93 72
7 3
8 6
18 20
107 80
8 13
24 33
158 139
12 19
11 11
19 12
91 106
4 5
136 67
128 180
45 44
22 24
30 29
6 5
50 46
115 93
15 19
39 40
190 166
18 26
8 9
148 150
21 33
19 15
25 17
32 30
14 18
169 217
8 14
192 145
30 22
4 6
53 72
34 40
81 102
29 23
17 20
146 197
36 28
15 12
8 8
21 12
62 44
58 57
25 23
63 66
13 15
43 27
29 36
232 275
78 151
18 31
48 44
17 13
143 181
35 50
9 9
142 134
120 182
22 30
15 16
10 13
17 16
26 30
120 217
56 67
6 4
219 281
39 42
149 141
103 101
25 20
20 26
58 53
59 65
73 54
112 58
32 39
5 7
9 11
6 6
9 11
6 7
25 22
7 10
24 28
21 25
6 7
5 4
30 37
75 52
112 155
177 135
6 7
35 52
17 28
7 5
110 82
29 33
113 87
15 10
12 10
57 95
20 17
59 44
5 10
33 48
6 5
11 10
85 75
55 44
170 169
95 71
134 113
242 198
8 13
118 95
124 150
5 5
40 23
7 4
210 368
92 91
206 245
32 42
178 170
4 7
8 7
15 28
12 15
253 163
84 111
5 4
100 50
32 26
63 36
215 381
187 143
13 14
74 70
13 8
35 31
242 178
61 40
183 131
13 19
16 20
179 424
15 18
4 3
6 9
205 194
121 73
12 16
202 248
7 4
14 25
5 5
70 68
28 15
96 39
5 4
12 14
23 34
16 28
4 3
41 25
56 41
93 116
91 83
32 31
49 38
5 11
21 16
86 103
4 3
25 19
103 114
8 9
66 77
5 7
8 6
6 8
206 213
85 93
41 48
70 90
19 11
6 9
5 12
109 176
27 30
31 35
57 60
13 18
20 44
32 40
6 6
14 12
6 6
15 17
204 139
21 24
52 61
7 9
40 39
10 13
208 205
61 62
225 419
56 70
26 27
193 180
137 125
60 56
75 50
114 147
8 11
40 34
61 79
114 231
29 28
83 91
125 163
140 154
8 6
46 70
175 138
81 91
54 104
4 4
20 39
63 123
5 3
8 6
111 100
5 5
174 224
5 4
7 6
184 182
22 16
71 74
6 5
8 7
60 53
7 8
5 6
21 51
11 5
42 46
11 11
73 73
28 26
35 44
5 4
202 217
11 6
63 61
8 7
12 14
46 50
31 22
18 14
9 11
13 14
22 23
45 53
33 56
142 271
133 143
72 77
7 11
21 19
19 21
86 62
65 52
40 58
169 147
156 159
104 77
12 15
16 10
54 46
50 52
7 5
39 36
54 89
86 90
4 3
143 175
11 10
14 6
144 127
98 106
47 50
5 3
97 85
144 126
127 211
86 62
28 29
25 28
5 7
5 3
26 21
106 104
10 11
34 59
29 25
12 12
65 54
6 5
38 38
114 118
65 72
16 12
21 32
116 101
7 6
51 32
55 42
190 213
12 14
20 18
10 12
225 253
6 6
9 7
83 127
162 115
225 247
24 13
220 122
93 251
6 14
22 20
5 7
13 19
75 56
157 191
67 55
69 50
6 6
86 103
21 17
8 10
76 71
4 9
177 281
8 8
212 253
30 22
11 13
6 4
60 80
15 18
87 82
18 23
42 37
6 4
231 226
199 157
100 98
95 79
150 168
48 44
45 48
4 4
57 52
6 4
5 3
67 78
30 50
36 35
26 23
34 49
91 82
14 15
75 130
7 7
9 8
46 36
188 250
18 19
240 198
12 15
28 47
240 470
220 274
164 215
12 13
75 92
225 158
42 46
5 8
17 16
5 5
22 19
95 51
53 78
40 35
8 12
75 72
195 225
60 70
70 63
217 241
175 296
61 56
84 109
30 30
248 263
5 7
123 110
17 18
5 4
137 101
216 112
5 5
15 15
53 54
6 7
10 4
185 151
32 45
41 49
134 82
20 18
5 7
175 203
17 17
24 25
7 4
12 9
28 47
19 13
120 136
38 53
8 7
29 35
40 54
9 8
132 203
61 55
8 15
9 4
172 179
103 178
11 11
124 218
61 135
39 38
120 47
181 250
66 66
19 16
226 173
16 14
14 25
5 10
163 158
239 240
10 17
95 157
66 106
16 20
16 9
224 234
5 5
42 48
7 10
7 6
150 150
20 24
82 91
6 8
65 48
5 5
4 4
19 19
27 24
31 42
213 163
8 5
62 68
14 22
95 97
7 8
5 5
26 12
107 109
31 16
50 65
49 60
33 24
160 272
19 23
37 26
20 19
87 82
35 43
6 5
7 6
38 76
135 105
9 8
31 25
14 8
6 3
16 16
112 169
75 73
20 27
225 140
110 97
78 91
133 68
17 14
10 14
60 33
17 13
40 50
7 6
8 9
4 4
6 6
12 13
66 61
17 30
53 51
186 224
40 32
6 5
114 75
93 132
123 83
113 117
63 44
234 293
6 3
16 31
105 111
20 18
15 11
11 5
135 169
59 87
37 43
4 8
222 124
147 110
74 48
133 164
11 8
4 5
6 6
46 90
194 121
99 121
34 32
222 148
65 45
62 41
59 62
72 67
173 182
49 33
5 6
154 327
55 85
58 49
9 9
77 140
87 40
6 4
5 6
16 16
83 93
13 20
149 129
82 71
25 20
180 219
5 4
4 4
36 34
17 24
63 57
31 40
23 19
6 8
49 34
23 20
14 19
14 21
220 147
78 116
17 19
6 4
48 47
185 130
242 225
63 50
10 9
40 31
93 58
27 32
89 165
28 36
181 205
114 101
169 153
97 71
48 51
6 5
255 347
15 12
7 9
18 9
21 23
19 18
138 155
122 105
136 138
60 106
12 17
14 17
24 18
148 168
48 49
7 8
8 7
27 29
140 132
38 51
20 16
48 52
200 357
64 132
168 129
69 63
6 5
10 14
180 86
68 68
21 36
120 111
95 65
53 62
4 2
5 8
236 224
15 13
35 38
96 51
57 61
151 135
31 44
22 20
13 16
41 43
16 17
27 28
9 6
76 85
250 457
201 148
27 22
34 36
197 164
43 32
8 9
33 39
28 33
85 111
22 27
7 4
170 124
5 8
111 168
25 43
33 19
100 134
169 135
10 13
113 136
13 22
15 25
17 14
6 4
225 186
34 58
51 37
17 18
4 6
141 113
8 9
108 133
10 10
16 11
7 5
54 51
96 125
10 11
19 19
153 108
4 5
40 37
20 16
12 14
165 154
122 112
18 17
5 2
164 181
10 11
218 199
60 34
136 107
8 8
11 16
130 144
19 11
9 11
113 142
164 239
171 133
83 59
45 53
135 114
67 53
31 32
26 17
5 3
82 98
250 214
83 47
48 35
112 63
12 15
31 36
41 49
43 34
118 126
11 11
16 14
4 8
7 11
4 4
53 36
54 33
127 134
119 135
25 14
199 209
35 36
14 12
17 18
133 93
13 14
12 26
136 109
8 13
24 29
44 39
5 8
5 5
203 227
219 372
226 160
194 115
109 124
5 8
4 6
15 15
4 5
9 8
230 187
7 8
8 10
16 11
7 6
4 3
122 126
5 6
15 13
110 94
45 44
47 61
210 144
22 20
195 312
93 59
5 2
7 5
28 33
11 10
11 11
54 54
47 62
75 52
43 38
38 44
25 32
90 73
69 43
12 13
129 257
111 135
110 122
242 206
112 190
7 10
11 17
10 10
6 6
138 120
11 14
6 11
9 10
65 37
220 187
20 22
26 17
4 6
32 16
6 5
11 16
22 34
13 16
63 82
5 5
10 11
237 164
8 7
6 6
133 124
32 21
18 8
4 5
20 22
15 16
141 108
8 16
83 104
8 8
38 26
16 31
10 11
12 8
22 22
43 50
120 136
5 4
6 8
44 38
48 70
6 3
77 42
95 125
131 180
109 152
9 9
17 21
4 3
12 6
43 29
71 93
61 45
70 78
64 63
8 5
6 3
28 25
14 13
10 6
7 6
174 172
18 32
195 252
224 213
12 20
53 75
212 182
21 9
44 102
9 6
242 264
29 34
20 38
25 31
86 98
111 153
11 9
4 6
76 102
183 182
12 9
51 71
6 6
44 33
186 183
62 63
4 5
72 119
129 131
29 26
148 164
13 11
196 177
248 272
43 58
9 14
32 40
38 45
37 18
154 134
29 34
65 62
84 95
16 8
10 11
15 34
9 12
71 73
8 10
23 10
194 200
52 34
62 38
152 283
188 167
66 48
7 6
80 119
13 23
36 18
137 156
6 6
146 186
7 7
65 51
80 104
8 8
7 10
28 24
163 210
143 69
34 39
134 210
61 82
110 104
32 19
117 117
7 8
6 9
22 19
35 60
21 18
10 6
50 56
7 8
12 14
131 126
31 50
6 6
5 8
105 171
23 19
236 197
7 7
5 7
1 41
2 0
1 15
0 46
0 1 0
3 0 2
2 0 9
0 1 0
0 34 16
4 0 625
0 1 0
2 0 10
1 43 102
0 1 0
3 0 10
0 34 38
0 1 0
0 31 18
1 5 14
0 1 0
1 34 91
0 3 4
0 1 0
3 0 8
2 0 7
0 1 0
0 16 16
1 31 100
0 1 0
1 8 30
0 42 55
0 1 0
2 0 0
1 11 26
0 1 0
2 0 0
2 0 5
0 1 0
2 0 0
0 41 38
0 1 0
2 0 10
2 0 0
0 1 0
4 0 825
3 0 10
0 1 0
0 24 16
1 24 62
0 1 0
0 38 18
4 0 728
0 1 0
1 19 43
4 0 339
0 1 0
3 0 1
2 0 6
0 1 0
4 0 832
4 0 766
0 1 0
4 0 857
1 30 76
0 1 0
3 0 2
4 0 889
0 1 0
4 0 504
1 48 125
0 1 0
3 0 2
1 16 74
0 1 0
0 50 62
1 10 28
0 1 0
1 19 33
4 0 837
0 1 0
4 0 910
1 44 195
0 1 0
2 0 9
1 13 41
0 1 0
1 6 13
4 0 922
0 1 0
3 0 6
0 3 4
0 1 0
1 10 45
4 0 471
0 1 0
1 23 66
1 12 52
0 1 0
3 0 2
3 0 6
0 1 0
1 9 20
0 45 42
0 1 0
1 44 133
1 43 132
0 1 0
1 16 39
4 0 882
0 1 0
2 0 3
4 0 966
0 1 0
1 48 212
4 0 657
0 1 0
4 0 590
4 0 397
0 1 0
0 26 18
0 40 29
0 1 0
0 43 44
1 33 42
0 1 0
3 0 9
2 0 1
0 1 0
2 0 1
4 0 665
0 1 0
1 16 66
4 0 446
0 1 0
1 21 64
0 42 35
0 1 0
0 45 64
3 0 4
0 1 0
1 21 34
1 48 38
0 1 0
4 0 790
0 33 40
0 1 0
3 0 2
2 0 10
0 1 0
1 13 40
2 0 9
0 1 0
1 6 18
3 0 2
0 1 0
4 0 981
0 8 12
0 1 0
4 0 522
4 0 513
0 1 0
0 39 45
1 14 50
0 1 0
1 44 144
2 0 6
0 1 0
0 48 36
2 0 0
0 1 0
0 9 5
1 5 10
0 1 0
4 0 228
1 31 76
0 1 0
2 0 0
4 0 845
0 1 0
0 9 7
0 29 39
0 1 0
2 0 2
1 30 94
0 1 0
3 0 6
0 20 25
0 1 0
1 12 16
1 31 80
0 1 0
1 47 127
1 6 12
0 1 0
3 0 4
1 49 147
0 1 0
0 50 57
1 10 28
0 1 0
4 0 384
0 41 43
0 1 0
2 0 6
2 0 2
0 1 0
1 20 45
4 0 396
0 1 0
0 44 58
1 49 120
0 1 0
1 37 56
3 0 5
0 1 0
0 22 26
1 36 79
0 1 0
1 7 22
0 22 29
0 1 0
0 28 23
4 0 896
0 1 0
4 0 301
0 41 55
0 1 0
4 0 698
4 0 380
0 1 0
1 2 8
4 0 405
0 1 0
3 0 2
1 6 17
0 1 0
0 14 14
0 40 38
0 1 0
4 0 468
0 44 57
0 1 0
2 0 1
4 0 550
0 1 0
2 0 7
1 26 109
0 1 0
2 0 5
4 0 519
0 1 0
2 0 4
0 34 32
0 1 0
4 0 310
0 48 46
0 1 0
1 11 26
3 0 3
0 1 0
0 29 29
1 40 138
0 1 0
3 0 9
0 47 40
0 1 0
2 0 10
1 30 80
0 1 0
0 29 53
0 35 38
0 1 0
0 8 11
0 47 56
0 1 0
3 0 10
1 36 40
0 1 0
4 0 246
1 22 73
0 1 0
0 12 13
4 0 565
0 1 0
4 0 540
3 0 9
0 1 0
1 14 38
2 0 2
0 1 0
2 0 2
2 0 4
0 1 0
1 35 53
4 0 940
0 1 0
0 35 22
2 0 2
0 1 0
4 0 218
3 0 6
0 1 0
1 41 140
0 25 30
0 1 0
4 0 448
4 0 511
0 1 0
2 0 6
1 14 55
0 1 0
3 0 6
0 45 25
0 1 0
2 0 1
1 22 37
0 1 0
4 0 522
1 43 69
0 1 0
1 44 128
1 44 117
0 1 0
0 16 19
1 31 160
0 1 0
1 43 197
4 0 699
0 1 0
3 0 7
4 0 980
0 1 0
4 0 588
2 0 8
0 1 0
0 7 10
1 46 101
0 1 0
4 0 450
0 37 54
0 1 0
1 5 13
4 0 606
0 1 0
3 0 4
2 0 8
0 1 0
2 0 7
1 21 69
0 1 0
1 48 152
1 48 224
0 1 0
0 43 48
1 11 20
0 1 0
1 8 21
1 46 213
0 1 0
2 0 8
2 0 7
0 1 0
1 1 3
2 0 6
0 1 0
3 0 1
4 0 929
0 1 0
1 40 112
2 0 7
0 1 0
1 19 50
3 0 4
0 1 0
1 13 50
1 44 164
0 1 0
0 50 37
0 41 18
0 1 0
2 0 4
0 34 62
0 1 0
1 15 40
1 28 88
0 1 0
0 26 21
0 42 67
0 1 0
4 0 202
0 31 31
0 1 0
1 47 140
3 0 6
0 1 0
4 0 548
0 45 29
0 1 0
0 40 47
3 0 6
0 1 0
0 13 8
0 8 6
0 1 0
2 0 2
1 22 45
0 1 0
1 39 51
1 29 79
0 1 0
1 20 41
3 0 7
0 1 0
3 0 7
1 4 8
0 1 0
1 42 100
0 37 25
0 1 0
4 0 789
1 8 24
0 1 0
3 0 9
2 0 4
0 1 0
1 35 92
1 34 66
0 1 0
1 45 163
1 28 116
0 1 0
1 35 124
1 8 15
0 1 0
0 5 4
1 40 98
0 1 0
3 0 10
1 22 27
0 1 0
3 0 6
2 0 6
0 1 0
0 49 64
1 25 76
0 1 0
1 49 126
1 33 110
0 1 0
1 5 13
1 5 17
0 1 0
0 18 14
1 35 173
0 1 0
1 20 104
2 0 0
0 1 0
3 0 0
4 0 436
0 1 0
2 0 3
4 0 492
0 1 0
1 49 238
1 3 12
0 1 0
0 3 2
3 0 0
0 1 0
2 0 10
1 19 36
0 1 0
1 7 13
1 9 23
0 1 0
0 9 10
4 0 241
0 1 0
0 7 6
0 33 15
0 1 0
1 36 116
3 0 6
0 1 0
0 37 48
1 37 96
0 1 0
0 42 61
0 13 11
0 1 0
1 24 60
1 3 12
0 1 0
1 5 25
1 7 22
0 1 0
0 22 20
3 0 6
0 1 0
2 0 9
0 47 61
0 1 0
1 16 58
4 0 646
0 1 0
2 0 4
4 0 314
0 1 0
2 0 4
1 32 138
0 1 0
1 17 23
4 0 332
0 1 0
2 0 6
2 0 5
0 1 0
0 32 42
3 0 9
0 1 0
3 0 1
1 40 93
0 1 0
0 21 15
1 18 43
0 1 0
4 0 377
3 0 0
0 1 0
0 49 51
0 3 4
0 1 0
3 0 1
1 48 158
0 1 0
4 0 462
0 47 59
0 1 0
1 30 145
1 44 97
0 1 0
4 0 798
2 0 2
0 1 0
4 0 636
0 36 57
0 1 0
0 44 39
4 0 379
0 1 0
2 0 8
3 0 6
0 1 0
0 42 32
2 0 1
0 1 0
0 45 35
1 30 45
0 1 0
1 12 27
1 40 113
0 1 0
1 41 96
2 0 8
0 1 0
0 32 21
1 15 62
0 1 0
0 37 28
1 29 49
0 1 0
0 7 7
1 41 197
0 1 0
4 0 359
3 0 5
0 1 0
1 34 97
1 22 51
0 1 0
4 0 570
3 0 5
0 1 0
0 50 64
4 0 696
0 1 0
4 0 377
4 0 486
0 1 0
2 0 5
4 0 365
0 1 0
3 0 1
2 0 3
0 1 0
4 0 296
0 37 14
0 1 0
0 49 51
0 39 64
0 1 0
0 1 1
3 0 7
0 1 0
4 0 664
2 0 9
0 1 0
0 2 3
0 9 12
0 1 0
1 31 6
1 31 53
0 1 0
4 0 607
4 0 267
0 1 0
1 31 84
1 30 35
0 1 0
3 0 8
1 15 73
0 1 0
1 33 114
3 0 7
0 1 0
0 8 3
0 26 20
0 1 0
0 15 18
1 5 17
0 1 0
3 0 8
4 0 613
0 1 0
1 50 129
0 24 31
0 1 0
4 0 739
1 45 170
0 1 0
0 17 25
1 29 112
0 1 0
1 2 4
1 19 42
0 1 0
1 7 13
4 0 994
0 1 0
3 0 6
4 0 788
0 1 0
0 23 20
1 21 83
0 1 0
1 19 52
1 6 23
0 1 0
1 49 117
1 15 65
0 1 0
1 42 157
3 0 0
0 1 0
1 18 60
0 6 3
0 1 0
0 49 52
1 26 113
0 1 0
1 28 46
1 42 160
0 1 0
1 49 145
1 27 68
0 1 0
2 0 8
1 31 131
0 1 0
1 10 17
0 2 2
0 1 0
2 0 2
2 0 4
0 1 0
1 22 75
1 27 95
0 1 0
4 0 600
2 0 10
0 1 0
4 0 982
4 0 981
0 1 0
2 0 9
1 15 26
0 1 0
0 4 4
0 49 74
0 1 0
2 0 2
0 4 4
0 1 0
3 0 9
1 16 34
0 1 0
1 30 162
4 0 923
0 1 0
4 0 635
1 4 17
0 1 0
3 0 4
1 28 32
0 1 0
3 0 5
4 0 756
0 1 0
1 19 29
3 0 7
0 1 0
1 16 33
0 49 17
0 1 0
0 15 14
2 0 5
0 1 0
4 0 740
4 0 543
0 1 0
2 0 1
1 23 83
0 1 0
1 15 38
2 0 10
0 1 0
3 0 9
2 0 6
0 1 0
4 0 433
1 4 8
0 1 0
3 0 0
4 0 353
0 1 0
1 24 96
3 0 5
0 1 0
4 0 340
4 0 603
0 1 0
4 0 538
1 46 114
0 1 0
1 19 54
4 0 201
0 1 0
0 20 11
4 0 843
0 1 0
1 5 15
4 0 598
0 1 0
4 0 990
3 0 6
0 1 0
2 0 7
0 17 13
0 1 0
3 0 3
1 46 125
0 1 0
4 0 362
3 0 7
0 1 0
2 0 8
0 47 32
0 1 0
2 0 4
2 0 3
0 1 0
4 0 746
2 0 9
0 1 0
4 0 391
4 0 604
0 1 0
3 0 2
2 0 5
0 1 0
4 0 540
4 0 636
0 1 0
2 0 2
4 0 729
0 1 0
4 0 525
2 0 6
0 1 0
1 26 53
3 0 2
0 1 0
1 11 47
0 21 23
0 1 0
1 45 207
1 26 69
0 1 0
1 2 5
3 0 8
0 1 0
3 0 2
0 36 25
0 1 0
4 0 308
4 0 834
0 1 0
4 0 617
4 0 917
0 1 0
3 0 3
1 9 14
0 1 0
1 9 19
0 25 26
0 1 0
0 19 20
4 0 675
0 1 0
0 21 35
1 48 91
0 1 0
4 0 535
0 26 22
0 1 0
4 0 904
1 47 99
0 1 0
0 8 11
4 0 604
0 1 0
2 0 9
1 14 47
0 1 0
3 0 9
1 22 60
0 1 0
0 44 30
3 0 3
0 1 0
4 0 637
1 2 8
0 1 0
3 0 5
4 0 211
0 1 0
2 0 5
1 16 80
0 1 0
1 43 149
1 32 33
0 1 0
3 0 1
1 44 134
0 1 0
1 32 109
4 0 405
0 1 0
1 4 12
0 10 5
0 1 0
4 0 780
0 23 24
0 1 0
4 0 533
0 31 41
0 1 0
2 0 10
1 45 109
0 1 0
2 0 9
4 0 295
0 1 0
0 42 36
0 44 26
0 1 0
3 0 2
2 0 5
0 1 0
1 37 57
1 48 190
0 1 0
4 0 712
4 0 210
0 1 0
0 47 30
0 10 13
0 1 0
3 0 5
1 29 162
0 1 0
4 0 551
1 21 53
0 1 0
1 40 122
4 0 959
0 1 0
0 36 34
2 0 6
0 1 0
0 46 61
3 0 5
0 1 0
1 25 47
4 0 828
0 1 0
1 25 111
4 0 728
0 1 0
3 0 1
4 0 513
0 1 0
0 19 16
4 0 374
0 1 0
0 16 22
2 0 3
0 1 0
1 31 132
2 0 6
0 1 0
4 0 678
4 0 384
0 1 0
2 0 6
3 0 2
0 1 0
2 0 8
2 0 9
0 1 0
0 30 38
1 20 85
0 1 0
4 0 205
2 0 9
0 1 0
1 10 22
4 0 854
0 1 0
1 15 51
1 50 122
0 1 0
3 0 4
1 39 100
0 1 0
1 11 11
0 36 38
0 1 0
4 0 366
4 0 310
0 1 0
3 0 3
1 10 37
0 1 0
0 47 63
3 0 9
0 1 0
4 0 976
1 24 54
0 1 0
1 49 217
1 37 121
0 1 0
1 34 163
3 0 2
0 1 0
3 0 2
4 0 745
0 1 0
1 50 115
4 0 951
0 1 0
3 0 2
3 0 5
0 1 0
2 0 1
0 29 33
0 1 0
1 44 93
4 0 740
0 1 0
3 0 2
1 19 40
0 1 0
4 0 682
1 26 84
0 1 0
4 0 697
4 0 648
0 1 0
2 0 10
2 0 10
0 1 0
4 0 891
3 0 3
0 1 0
0 32 26
1 44 171
0 1 0
0 3 4
1 34 112
0 1 0
1 10 30
4 0 723
0 1 0
0 48 56
2 0 10
0 1 0
3 0 1
3 0 1
0 1 0
3 0 5
4 0 683
0 1 0
4 0 385
1 17 19
0 1 0
1 9 36
1 15 50
0 1 0
0 25 26
2 0 3
0 1 0
0 3 5
4 0 474
0 1 0
4 0 312
1 3 12
0 1 0
3 0 7
4 0 638
0 1 0
0 8 4
1 21 70
0 1 0
0 15 13
3 0 0
0 1 0
1 37 148
0 27 40
0 1 0
4 0 260
4 0 645
0 1 0
1 13 29
1 43 179
0 1 0
1 47 185
1 34 117
0 1 0
2 0 1
1 13 17
0 1 0
3 0 6
4 0 895
0 1 0
3 0 4
0 38 44
0 1 0
4 0 561
2 0 5
0 1 0
4 0 257
2 0 8
0 1 0
4 0 619
3 0 5
0 1 0
0 34 55
1 20 64
0 1 0
1 22 78
1 28 66
0 1 0
3 0 5
0 31 30
0 1 0
3 0 5
3 0 6
0 1 0
4 0 337
4 0 531
0 1 0
1 24 79
0 50 22
0 1 0
3 0 9
0 18 24
0 1 0
1 24 86
3 0 0
0 1 0
1 27 77
1 16 17
0 1 0
2 0 7
1 13 50
0 1 0
0 47 53
1 34 106
0 1 0
4 0 465
1 47 88
0 1 0
1 37 186
1 18 71
0 1 0
2 0 1
4 0 569
0 1 0
1 44 163
3 0 4
0 1 0
1 49 104
3 0 2
0 1 0
2 0 1
1 50 250
0 1 0
4 0 254
3 0 6
0 1 0
0 20 27
4 0 597
0 1 0
1 19 61
0 50 35
0 1 0
4 0 942
3 0 4
0 1 0
1 9 1
1 12 26
0 1 0
2 0 9
1 6 14
0 1 0
1 1 2
1 44 80
0 1 0
1 12 36
4 0 803
0 1 0
4 0 477
0 5 4
0 1 0
1 18 24
1 32 115
0 1 0
2 0 3
4 0 570
0 1 0
2 0 1
3 0 8
0 1 0
4 0 202
1 28 53
0 1 0
3 0 7
0 48 64
0 1 0
0 44 46
4 0 536
0 1 0
3 0 0
3 0 4
0 1 0
0 34 39
0 6 9
0 1 0
1 21 40
1 36 19
0 1 0
1 2 5
1 3 11
0 1 0
4 0 542
1 36 122
0 1 0
1 13 28
0 45 28
0 1 0
1 23 99
4 0 709
0 1 0
3 0 2
1 21 47
0 1 0
0 5 5
1 42 148
0 1 0
4 0 506
0 27 29
0 1 0
4 0 806
3 0 0
0 1 0
1 38 35
2 0 9
0 1 0
1 7 25
1 17 36
0 1 0
4 0 462
0 16 26
0 1 0
4 0 625
1 6 17
0 1 0
1 24 48
3 0 1
0 1 0
0 29 31
0 16 3
0 1 0
0 11 13
0 6 7
0 1 0
1 43 135
1 19 62
0 1 0
0 15 11
1 47 116
0 1 0
1 48 238
4 0 514
0 1 0
1 30 125
1 45 139
0 1 0
3 0 1
1 13 25
0 1 0
2 0 4
1 33 131
0 1 0
0 7 5
4 0 202
0 1 0
1 38 46
1 22 50
0 1 0
2 0 9
1 8 24
0 1 0
1 48 148
3 0 8
0 1 0
4 0 665
1 31 134
0 1 0
1 11 40
0 38 45
0 1 0
1 29 129
1 2 5
0 1 0
4 0 399
0 25 26
0 1 0
1 9 9
3 0 0
0 1 0
0 23 17
1 27 70
0 1 0
1 46 128
1 11 28
0 1 0
0 19 31
4 0 818
0 1 0
2 0 3
3 0 5
0 1 0
4 0 684
0 9 7
0 1 0
3 0 4
1 34 164
0 1 0
3 0 7
4 0 761
0 1 0
1 38 100
3 0 3
0 1 0
0 33 27
0 38 65
0 1 0
2 0 3
1 46 85
0 1 0
3 0 8
2 0 4
0 1 0
1 14 56
1 44 103
0 1 0
1 34 95
3 0 4
0 1 0
3 0 3
3 0 2
0 1 0
4 0 534
4 0 600
0 1 0
2 0 0
4 0 580
0 1 0
1 19 54
0 45 32
0 1 0
0 41 63
1 1 4
0 1 0
3 0 8
3 0 1
0 1 0
3 0 6
0 12 15
0 1 0
4 0 737
3 0 5
0 1 0
1 13 42
3 0 3
0 1 0
4 0 351
3 0 7
0 1 0
1 17 19
1 35 68
0 1 0
2 0 3
4 0 574
0 1 0
2 0 10
2 0 5
0 1 0
2 0 3
4 0 543
0 1 0
3 0 7
2 0 7
0 1 0
1 46 112
1 48 172
0 1 0
1 8 27
0 8 3
0 1 0
0 15 15
2 0 10
0 1 0
1 6 22
4 0 868
0 1 0
4 0 697
3 0 8
0 1 0
1 37 120
4 0 545
0 1 0
1 5 10
4 0 393
0 1 0
1 20 30
3 0 4
0 1 0
0 40 47
1 14 26
0 1 0
2 0 1
0 10 18
0 1 0
2 0 6
0 2 1
0 1 0
1 30 53
2 0 2
0 1 0
1 46 89
3 0 0
0 1 0
1 33 100
1 19 43
0 1 0
0 11 9
1 18 34
0 1 0
1 30 84
1 8 24
0 1 0
1 46 133
4 0 710
0 1 0
4 0 595
3 0 0
0 1 0
1 26 99
1 19 10
0 1 0
1 44 124
0 8 7
0 1 0
3 0 7
3 0 1
0 1 0
4 0 534
0 13 10
0 1 0
0 2 2
3 0 4
0 1 0
1 40 94
1 10 35
0 1 0
1 8 21
1 21 65
0 1 0
3 0 3
4 0 456
0 1 0
4 0 820
4 0 386
0 1 0
4 0 337
0 14 12
0 1 0
1 21 34
1 1 3
0 1 0
1 34 109
1 11 28
0 1 0
4 0 280
1 7 26
0 1 0
2 0 0
0 49 72
0 1 0
1 16 16
0 27 38
0 1 0
0 14 10
3 0 10
0 1 0
3 0 0
2 0 8
0 1 0
1 32 111
4 0 331
0 1 0
3 0 1
3 0 5
0 1 0
4 0 422
2 0 8
0 1 0
1 26 85
1 4 8
0 1 0
2 0 0
0 17 8
0 1 0
3 0 0
1 48 199
0 1 0
1 12 10
2 0 7
0 1 0
0 21 13
1 43 58
0 1 0
3 0 10
0 42 41
0 1 0
2 0 6
1 42 104
0 1 0
0 23 24
4 0 385
0 1 0
1 36 177
1 37 73
0 1 0
1 19 51
4 0 998
0 1 0
4 0 427
0 22 28
0 1 0
0 1 1
0 28 22
0 1 0
4 0 497
4 0 611
0 1 0
0 50 59
0 21 25
0 1 0
2 0 1
2 0 10
0 1 0
1 14 64
0 23 27
0 1 0
1 19 52
3 0 0
0 1 0
0 29 32
2 0 2
0 1 0
3 0 3
4 0 581
0 1 0
2 0 6
4 0 449
0 1 0
2 0 0
2 0 8
0 1 0
1 39 46
1 9 39
0 1 0
1 44 44
2 0 5
0 1 0
1 9 27
4 0 947
0 1 0
4 0 746
2 0 8
0 1 0
0 43 33
3 0 10
0 1 0
3 0 0
0 7 7
0 1 0
1 8 19
1 20 51
0 1 0
2 0 10
1 4 14
0 1 0
1 43 111
1 11 32
0 1 0
1 48 118
3 0 5
0 1 0
0 43 60
0 17 10
0 1 0
3 0 6
0 4 5
0 1 0
4 0 677
1 50 196
0 1 0
1 47 180
2 0 9
0 1 0
3 0 4
4 0 249
0 1 0
0 36 35
1 17 37
0 1 0
1 38 45
0 29 14
0 1 0
0 16 19
1 38 105
0 1 0
3 0 4
4 0 847
0 1 0
4 0 503
1 30 113
0 1 0
0 37 17
2 0 7
0 1 0
0 29 27
1 47 169
0 1 0
3 0 3
3 0 0
0 1 0
1 39 158
4 0 656
0 1 0
1 48 173
2 0 6
0 1 0
0 20 12
0 7 7
0 1 0
3 0 6
0 14 21
0 1 0
1 45 175
3 0 8
0 1 0
1 4 15
0 7 6
0 1 0
4 0 398
1 15 65
0 1 0
4 0 250
2 0 6
0 1 0
4 0 310
2 0 3
0 1 0
0 36 45
3 0 10
0 1 0
3 0 2
2 0 1
0 1 0
4 0 479
4 0 839
0 1 0
1 30 66
4 0 767
0 1 0
2 0 8
3 0 6
0 1 0
4 0 875
3 0 3
0 1 0
0 48 59
1 8 11
0 1 0
0 5 5
1 50 131
0 1 0
0 47 32
1 44 83
0 1 0
1 45 80
2 0 10
0 1 0
3 0 0
0 47 22
0 1 0
0 11 12
2 0 2
0 1 0
2 0 0
1 3 13
0 1 0
1 29 130
4 0 806
0 1 0
1 28 89
1 16 56
0 1 0
1 3 8
2 0 5
0 1 0
3 0 1
4 0 851
0 1 0
4 0 658
1 45 164
0 1 0
1 48 96
0 20 14
0 1 0
1 49 97
1 44 99
0 1 0
1 30 89
0 21 27
0 1 0
2 0 1
4 0 223
0 1 0
0 21 26
2 0 7
0 1 0
4 0 853
1 7 7
0 1 0
1 42 169
3 0 1
0 1 0
1 1 4
1 15 60
0 1 0
3 0 7
4 0 849
0 1 0
4 0 451
4 0 878
0 1 0
4 0 612
2 0 2
0 1 0
1 41 160
1 18 53
0 1 0
0 31 31
3 0 7
0 1 0
0 24 31
0 35 44
0 1 0
3 0 7
0 48 59
0 1 0
4 0 534
2 0 7
0 1 0
4 0 892
3 0 8
0 1 0
1 18 30
0 25 39
0 1 0
2 0 1
1 14 35
0 1 0
4 0 836
2 0 7
0 1 0
0 27 41
1 16 53
0 1 0
0 32 21
1 4 13
0 1 0
4 0 407
4 0 419
0 1 0
2 0 0
0 50 49
0 1 0
1 40 97
2 0 7
0 1 0
2 0 10
4 0 466
0 1 0
1 31 117
4 0 564
0 1 0
0 34 44
1 49 119
0 1 0
4 0 877
0 30 38
0 1 0
3 0 1
2 0 7
0 1 0
1 6 19
1 37 115
0 1 0
0 27 20
0 22 21
0 1 0
0 33 48
3 0 2
0 1 0
1 22 95
1 32 78
0 1 0
1 4 12
0 2 2
0 1 0
3 0 9
1 22 37
0 1 0
1 26 73
1 27 114
0 1 0
1 28 55
4 0 445
0 1 0
3 0 7
4 0 660
0 1 0
1 19 69
0 35 39
0 1 0
3 0 1
0 31 24
0 1 0
3 0 2
4 0 838
0 1 0
0 7 10
4 0 894
0 1 0
4 0 343
3 0 4
0 1 0
1 13 30
1 40 125
0 1 0
3 0 9
2 0 4
0 1 0
1 31 109
2 0 2
0 1 0
1 17 71
2 0 7
0 1 0
1 4 11
3 0 10
0 1 0
3 0 1
2 0 10
0 1 0
2 0 4
4 0 497
0 1 0
1 32 84
3 0 1
0 1 0
0 36 39
1 41 146
0 1 0
2 0 3
3 0 5
0 1 0
2 0 10
0 45 41
0 1 0
4 0 369
0 5 4
0 1 0
4 0 743
2 0 8
0 1 0
0 4 4
0 38 57
0 1 0
2 0 9
3 0 9
0 1 0
1 48 159
1 47 156
0 1 0
1 9 28
1 45 170
0 1 0
4 0 239
1 40 193
0 1 0
2 0 2
4 0 357
0 1 0
3 0 2
2 0 5
0 1 0
0 26 26
3 0 4
0 1 0
3 0 6
4 0 243
0 1 0
0 11 8
3 0 8
0 1 0
1 45 160
0 19 15
0 1 0
1 38 135
4 0 332
0 1 0
2 0 0
0 49 26
0 1 0
1 45 113
0 19 20
0 1 0
4 0 958
0 25 20
0 1 0
3 0 5
2 0 4
0 1 0
1 2 7
1 7 21
0 1 0
0 23 22
4 0 553
0 1 0
1 43 102
0 29 22
0 1 0
0 2 1
2 0 2
0 1 0
4 0 989
4 0 347
0 1 0
0 17 23
2 0 7
0 1 0
0 31 35
1 47 107
0 1 0
1 5 15
0 49 92
0 1 0
1 14 12
1 1 1
0 1 0
4 0 341
2 0 2
0 1 0
1 20 68
2 0 5
0 1 0
3 0 4
3 0 10
0 1 0
0 47 69
0 48 31
0 1 0
2 0 2
3 0 5
0 1 0
1 41 111
1 12 18
0 1 0
3 0 10
0 29 46
0 1 0
0 43 15
4 0 440
0 1 0
3 0 5
0 20 11
0 1 0
2 0 0
0 8 11
0 1 0
3 0 5
1 36 108
0 1 0
4 0 628
2 0 7
0 1 0
0 36 59
1 22 70
0 1 0
3 0 4
3 0 0
0 1 0
4 0 536
0 49 76
0 1 0
2 0 7
1 14 24
0 1 0
0 6 5
1 15 32
0 1 0
1 36 78
0 30 19
0 1 0
3 0 1
2 0 6
0 1 0
4 0 892
0 49 66
0 1 0
0 17 17
1 50 165
0 1 0
1 26 66
0 50 33
0 1 0
1 12 54
1 44 143
0 1 0
4 0 642
0 34 33
0 1 0
2 0 8
2 0 0
0 1 0
1 8 7
4 0 604
0 1 0
2 0 5
0 29 39
0 1 0
3 0 0
4 0 779
0 1 0
2 0 10
3 0 7
0 1 0
1 2 5
1 50 99
0 1 0
1 29 119
1 9 19
0 1 0
3 0 0
4 0 972
0 1 0
4 0 893
1 25 116
0 1 0
1 32 62
0 19 10
0 1 0
2 0 3
0 8 8
0 1 0
2 0 4
2 0 10
0 1 0
3 0 1
3 0 8
0 1 0
0 27 32
3 0 9
0 1 0
0 20 16
2 0 3
0 1 0
4 0 656
1 35 62
0 1 0
1 21 39
4 0 487
0 1 0
4 0 280
0 44 30
0 1 0
1 3 18
2 0 10
0 1 0
2 0 10
1 2 5
0 1 0
2 0 4
0 16 20
0 1 0
0 16 16
4 0 428
0 1 0
4 0 290
3 0 7
0 1 0
4 0 690
1 16 73
0 1 0
2 0 4
1 3 11
0 1 0
1 44 210
3 0 1
0 1 0
4 0 733
2 0 9
0 1 0
0 33 27
0 14 11
0 1 0
4 0 562
1 5 14
0 1 0
3 0 1
2 0 2
0 1 0
0 1 1
4 0 944
0 1 0
0 45 36
4 0 726
0 1 0
1 13 43
0 20 30
0 1 0
4 0 478
1 8 30
0 1 0
1 41 134
4 0 554
0 1 0
0 14 11
1 21 93
0 1 0
4 0 508
1 45 110
0 1 0
1 25 41
4 0 207
0 1 0
0 22 20
1 29 81
0 1 0
4 0 299
4 0 373
0 1 0
2 0 6
4 0 711
0 1 0
3 0 9
1 26 81
0 1 0
0 31 9
1 29 25
0 1 0
0 16 22
1 9 26
0 1 0
4 0 220
4 0 853
0 1 0
4 0 310
4 0 947
0 1 0
4 0 200
2 0 7
0 1 0
4 0 936
3 0 10
0 1 0
4 0 994
4 0 405
0 1 0
1 29 40
2 0 1
0 1 0
0 48 30
0 18 22
0 1 0
1 14 30
1 50 172
0 1 0
0 38 43
0 12 10
0 1 0
1 11 32
2 0 0
0 1 0
1 40 164
4 0 367
0 1 0
3 0 5
1 40 104
0 1 0
3 0 2
1 49 201
0 1 0
0 37 41
1 26 24
0 1 0
1 50 165
0 29 23
0 1 0
1 15 39
1 11 35
0 1 0
2 0 5
1 5 21
0 1 0
3 0 2
2 0 4
0 1 0
1 50 96
3 0 9
0 1 0
3 0 1
2 0 9
0 1 0
1 18 52
4 0 613
0 1 0
4 0 604
4 0 553
0 1 0
0 45 49
2 0 10
0 1 0
1 35 79
4 0 928
0 1 0
3 0 0
1 2 7
0 1 0
2 0 4
2 0 10
0 1 0
0 4 3
0 11 11
0 1 0
4 0 934
0 4 3
0 1 0
3 0 6
3 0 9
0 1 0
0 19 18
1 33 75
0 1 0
4 0 208
0 23 19
0 1 0
3 0 3
2 0 0
0 1 0
1 30 111
2 0 3
0 1 0
4 0 567
1 22 60
0 1 0
4 0 519
1 19 74
0 1 0
0 21 32
1 18 70
0 1 0
3 0 0
1 29 132
0 1 0
0 17 15
2 0 8
0 1 0
4 0 384
1 46 119
0 1 0
1 28 48
3 0 10
0 1 0
4 0 703
4 0 754
0 1 0
1 47 132
0 42 32
0 1 0
3 0 5
2 0 3
0 1 0
1 6 15
1 20 47
0 1 0
4 0 298
0 13 10
0 1 0
3 0 0
1 25 82
0 1 0
1 44 138
1 33 92
0 1 0
1 30 32
1 38 166
0 1 0
4 0 222
4 0 212
0 1 0
4 0 322
1 1 3
0 1 0
1 26 88
1 19 43
0 1 0
1 24 43
3 0 1
0 1 0
4 0 852
2 0 1
0 1 0
1 20 28
1 11 43
0 1 0
1 13 47
1 16 39
0 1 0
4 0 848
1 19 68
0 1 0
2 0 9
1 47 98
0 1 0
1 21 81
4 0 377
0 1 0
3 0 8
0 26 30
0 1 0
1 24 51
2 0 7
0 1 0
1 17 50
1 44 157
0 1 0
3 0 9
0 9 10
0 1 0
4 0 637
2 0 6
0 1 0
2 0 2
0 13 12
0 1 0
4 0 620
3 0 6
0 1 0
0 38 40
0 36 41
0 1 0
1 48 121
0 9 11
0 1 0
0 18 29
2 0 4
0 1 0
4 0 518
4 0 617
0 1 0
2 0 2
2 0 2
0 1 0
1 36 71
4 0 466
0 1 0
1 25 80
1 47 184
0 1 0
0 48 1
3 0 8
0 1 0
1 15 18
1 1 4
0 1 0
1 38 39
1 36 109
0 1 0
1 18 74
2 0 7
0 1 0
2 0 9
1 9 23
0 1 0
4 0 990
1 10 28
0 1 0
1 45 144
1 38 116
0 1 0
2 0 6
4 0 606
0 1 0
1 39 133
1 2 5
0 1 0
1 30 110
2 0 6
0 1 0
0 6 8
4 0 841
0 1 0
3 0 4
4 0 986
0 1 0
0 18 19
2 0 6
0 1 0
1 43 192
1 27 72
0 1 0
1 19 81
1 22 29
0 1 0
1 46 165
2 0 1
0 1 0
0 7 7
3 0 2
0 1 0
3 0 7
1 38 158
0 1 0
1 29 56
0 16 18
0 1 0
4 0 571
0 22 27
0 1 0
0 29 30
1 29 91
0 1 0
0 9 10
1 2 10
0 1 0
1 46 121
3 0 6
0 1 0
4 0 639
4 0 469
0 1 0
1 49 191
1 25 82
0 1 0
4 0 607
0 11 8
0 1 0
3 0 7
1 16 29
0 1 0
4 0 766
1 29 130
0 1 0
1 14 55
1 36 114
0 1 0
2 0 3
3 0 0
0 1 0
4 0 647
2 0 4
0 1 0
0 32 25
3 0 8
0 1 0
0 12 14
1 46 118
0 1 0
3 0 8
1 45 96
0 1 0
4 0 926
1 47 200
0 1 0
0 31 29
1 8 35
0 1 0
4 0 615
2 0 5
0 1 0
4 0 204
3 0 6
0 1 0
2 0 0
1 49 164
0 1 0
2 0 0
2 0 7
0 1 0
1 18 37
2 0 1
0 1 0
1 50 180
1 44 200
0 1 0
0 27 26
1 19 77
0 1 0
1 23 35
0 39 8
0 1 0
1 3 11
1 6 8
0 1 0
4 0 604
3 0 5
0 1 0
4 0 271
4 0 784
0 1 0
1 16 3
3 0 6
0 1 0
1 17 65
4 0 876
0 1 0
4 0 820
0 42 39
0 1 0
1 23 98
4 0 845
0 1 0
0 32 40
2 0 5
0 1 0
4 0 332
0 8 8
0 1 0
0 17 28
4 0 467
0 1 0
4 0 580
3 0 10
0 1 0
0 48 50
2 0 3
0 1 0
3 0 4
1 21 100
0 1 0
1 36 121
3 0 5
0 1 0
3 0 5
1 8 33
0 1 0
4 0 782
1 32 105
0 1 0
0 24 22
3 0 8
0 1 0
1 43 134
4 0 500
0 1 0
2 0 8
0 28 45
0 1 0
0 30 30
1 21 32
0 1 0
0 9 9
0 7 4
0 1 0
4 0 494
3 0 2
0 1 0
1 23 34
2 0 6
0 1 0
1 49 165
1 7 22
0 1 0
0 8 11
0 1 1
0 1 0
3 0 10
1 8 23
0 1 0
3 0 4
2 0 8
0 1 0
1 47 228
0 49 47
0 1 0
1 47 135
4 0 335
0 1 0
0 14 18
4 0 768
0 1 0
4 0 968
1 44 169
0 1 0
1 14 47
1 26 71
0 1 0
0 8 8
1 44 132
0 1 0
0 31 27
1 38 160
0 1 0
1 19 55
4 0 601
0 1 0
0 32 37
1 10 40
0 1 0
3 0 0
1 36 79
0 1 0
1 16 37
1 12 44
0 1 0
1 10 15
0 39 27
0 1 0
1 26 88
1 50 132
0 1 0
4 0 347
4 0 324
0 1 0
1 24 82
1 44 137
0 1 0
1 24 59
0 31 29
0 1 0
0 15 11
2 0 10
0 1 0
1 37 120
2 0 3
0 1 0
1 27 96
2 0 9
0 1 0
3 0 4
1 28 110
0 1 0
1 4 15
2 0 3
0 1 0
0 17 18
1 21 75
0 1 0
1 38 109
1 29 72
0 1 0
2 0 6
1 23 61
0 1 0
1 26 106
1 21 57
0 1 0
1 48 127
4 0 888
0 1 0
1 31 99
2 0 3
0 1 0
1 46 137
3 0 7
0 1 0
3 0 0
0 16 18
0 1 0
1 28 86
3 0 4
0 1 0
1 7 20
0 24 23
0 1 0
1 8 25
2 0 1
0 1 0
2 0 6
1 50 119
0 1 0
2 0 10
1 23 73
0 1 0
4 0 850
1 4 10
0 1 0
3 0 0
1 49 104
0 1 0
0 35 16
1 28 100
0 1 0
3 0 0
3 0 5
0 1 0
2 0 6
0 21 31
0 1 0
2 0 7
1 41 102
0 1 0
4 0 700
0 50 49
0 1 0
4 0 490
2 0 7
0 1 0
3 0 10
1 23 26
0 1 0
0 2 2
1 2 8
0 1 0
2 0 6
4 0 955
0 1 0
1 19 49
3 0 9
0 1 0
2 0 10
1 5 1
0 1 0
3 0 9
4 0 796
0 1 0
1 37 118
4 0 625
0 1 0
4 0 534
1 27 39
0 1 0
1 46 178
0 22 15
0 1 0
3 0 1
4 0 689
0 1 0
2 0 4
0 4 7
0 1 0
1 3 9
0 23 16
0 1 0
3 0 5
2 0 9
0 1 0
2 0 3
2 0 9
0 1 0
4 0 530
4 0 268
0 1 0
1 1 4
1 6 18
0 1 0
2 0 6
1 47 109
0 1 0
3 0 8
2 0 7
0 1 0
3 0 6
4 0 991
0 1 0
0 12 10
3 0 4
0 1 0
1 15 47
0 27 33
0 1 0
2 0 8
0 38 59
0 1 0
3 0 0
1 15 52
0 1 0
4 0 566
0 28 20
0 1 0
4 0 380
0 45 22
0 1 0
1 6 25
1 7 16
0 1 0
4 0 354
0 27 23
0 1 0
4 0 718
0 34 44
0 1 0
1 50 154
1 30 73
0 1 0
1 20 43
4 0 920
0 1 0
4 0 705
0 30 45
0 1 0
2 0 6
1 25 61
0 1 0
4 0 805
4 0 663
0 1 0
4 0 664
4 0 237
0 1 0
1 23 51
3 0 1
0 1 0
1 37 67
3 0 8
0 1 0
4 0 834
0 48 51
0 1 0
0 47 39
1 3 7
0 1 0
4 0 256
2 0 2
0 1 0
1 18 77
0 46 31
0 1 0
1 14 23
0 18 24
0 1 0
4 0 801
2 0 5
0 1 0
3 0 10
0 28 21
0 1 0
0 16 15
2 0 7
0 1 0
1 14 28
4 0 899
0 1 0
4 0 791
4 0 427
0 1 0
0 12 11
4 0 275
0 1 0
4 0 749
4 0 284
0 1 0
1 29 76
1 15 43
0 1 0
2 0 1
4 0 877
0 1 0
3 0 2
4 0 372
0 1 0
0 3 3
4 0 477
0 1 0
4 0 355
4 0 242
0 1 0
2 0 0
3 0 8
0 1 0
0 17 19
3 0 0
0 1 0
4 0 799
4 0 657
0 1 0
1 15 65
4 0 734
0 1 0
4 0 997
4 0 585
0 1 0
1 32 119
4 0 399
0 1 0
0 1 1
1 12 34
0 1 0
0 12 11
0 27 17
0 1 0
4 0 426
1 3 4
0 1 0
1 22 89
2 0 10
0 1 0
4 0 518
1 22 61
0 1 0
1 38 93
2 0 7
0 1 0
4 0 521
0 13 15
0 1 0
4 0 418
3 0 4
0 1 0
1 32 125
3 0 4
0 1 0
1 13 43
2 0 5
0 1 0
1 12 34
1 2 6
0 1 0
2 0 0
1 15 25
0 1 0
1 11 43
0 43 44
0 1 0
0 12 16
0 8 4
0 1 0
4 0 851
2 0 4
0 1 0
1 25 53
0 3 2
0 1 0
1 13 15
1 13 42
0 1 0
1 45 67
1 23 79
0 1 0
0 36 51
1 8 27
0 1 0
1 48 141
3 0 7
0 1 0
0 44 39
3 0 10
0 1 0
1 48 118
2 0 6
0 1 0
1 31 115
2 0 10
0 1 0
4 0 820
0 34 40
0 1 0
3 0 3
1 22 39
0 1 0
0 40 45
3 0 10
0 1 0
4 0 701
3 0 4
0 1 0
1 27 98
3 0 4
0 1 0
4 0 373
4 0 531
0 1 0
4 0 287
1 25 70
0 1 0
1 6 11
0 34 37
0 1 0
4 0 658
1 6 27
0 1 0
0 4 3
1 1 3
0 1 0
3 0 5
4 0 623
0 1 0
4 0 318
2 0 6
0 1 0
3 0 1
1 37 128
0 1 0
4 0 616
3 0 4
0 1 0
0 46 53
3 0 8
0 1 0
3 0 5
4 0 897
0 1 0
0 15 15
0 22 22
0 1 0
4 0 375
4 0 864
0 1 0
1 35 81
2 0 5
0 1 0
2 0 9
0 24 23
0 1 0
1 14 40
1 41 98
0 1 0
3 0 5
1 34 60
0 1 0
1 35 169
3 0 9
