2 6 5 1000
100 168
8 7
58 46
9 6
84 76
131 207
48 43
14 22
66 71
7 6
16 10
112 199
16 20
40 33
144 230
10 13
78 65
63 41
168 151
26 24
29 38
5 4
7 5
90 116
15 29
11 11
99 88
205 371
233 234
66 55
71 40
83 82
119 95
14 21
123 77
145 149
5 2
192 142
67 56
9 16
37 32
4 3
18 15
22 59
73 88
8 8
12 10
8 11
102 117
102 161
5 5
8 4
6 4
155 103
6 8
8 10
42 37
45 51
21 17
7 4
34 41
123 139
14 11
125 164
64 71
87 66
12 6
173 270
13 16
8 7
6 5
13 11
232 211
5 6
82 91
36 45
89 100
35 46
9 7
30 51
36 48
63 54
10 13
30 24
10 13
73 106
147 177
4 4
10 14
13 8
28 36
221 132
26 25
186 122
172 176
65 83
29 21
8 6
9 8
10 11
138 178
14 14
14 11
26 16
28 29
113 212
24 23
14 16
10 10
39 36
44 37
20 20
25 33
85 117
5 5
70 100
28 25
10 14
21 15
106 115
8 12
20 34
31 19
5 8
211 299
41 33
214 320
55 57
37 41
19 10
207 210
171 204
43 45
16 17
12 9
29 25
19 19
28 25
12 11
30 41
42 44
99 72
6 8
158 129
7 5
99 37
26 18
190 140
253 142
4 4
42 63
31 31
84 108
24 30
5 8
13 12
27 14
18 13
8 9
39 21
12 7
213 250
129 134
33 22
63 70
8 9
27 23
212 281
24 18
11 13
43 61
94 98
6 3
11 8
35 35
8 13
5 5
9 6
196 91
5 3
15 14
66 43
34 34
33 38
31 38
76 100
128 87
6 5
10 11
19 18
36 57
15 14
6 5
52 64
36 17
19 14
6 7
199 78
174 324
96 93
133 211
4 4
116 175
11 9
206 202
136 154
42 29
159 331
83 50
10 16
180 255
147 92
54 37
47 83
37 25
8 8
109 133
131 167
44 40
108 113
230 345
15 9
4 6
25 38
109 123
6 13
5 5
6 5
7 2
13 11
9 10
15 9
135 110
43 36
199 308
5 4
136 116
75 88
60 36
7 5
8 9
130 190
6 7
25 40
17 16
39 41
44 28
24 32
20 28
96 125
9 4
7 8
13 16
5 3
80 96
51 38
81 108
51 39
87 142
11 18
16 18
24 17
93 136
144 93
43 55
27 17
14 19
166 247
33 30
161 208
38 33
241 185
19 18
96 115
16 22
13 10
60 53
62 64
217 144
12 13
130 80
13 13
13 15
22 18
24 18
4 3
147 155
14 24
18 24
162 198
5 6
40 58
39 26
7 5
26 19
6 5
45 50
17 15
13 16
29 24
132 91
5 4
55 50
10 6
8 6
16 17
79 55
11 12
43 35
34 33
9 9
178 192
21 18
17 19
148 122
19 36
9 6
16 13
216 202
76 121
83 47
77 53
27 15
115 129
152 199
23 13
11 7
8 8
102 123
91 98
47 42
4 5
4 3
6 6
178 236
145 163
149 228
7 8
20 13
199 161
227 245
118 104
39 31
6 3
78 42
13 12
119 135
81 44
4 5
208 157
38 41
21 41
90 117
72 82
11 20
17 29
142 77
134 152
10 7
249 491
8 5
23 32
92 55
6 6
211 209
76 101
15 12
9 13
220 220
27 27
10 14
94 81
255 411
84 79
31 31
4 4
98 83
47 42
14 15
33 50
17 25
192 137
239 169
109 119
45 31
38 79
151 147
57 42
16 18
5 4
202 195
75 45
238 313
149 218
62 71
24 17
60 62
72 67
22 26
31 29
36 36
24 15
107 73
10 10
18 32
32 23
237 167
72 79
36 26
38 34
27 35
92 109
13 17
89 175
47 35
212 239
6 6
42 34
11 11
6 6
6 7
218 251
16 17
250 335
18 22
149 133
83 72
67 77
7 6
25 25
172 144
7 6
5 6
162 101
4 3
130 193
45 41
13 5
36 53
12 14
78 84
45 40
94 149
74 69
78 105
6 8
12 17
235 381
72 103
15 15
46 53
148 163
6 4
130 146
128 160
6 5
76 78
31 24
6 8
35 26
5 4
5 8
11 14
116 137
12 11
20 21
123 72
8 10
10 14
7 6
124 75
142 117
82 69
27 18
5 8
85 56
212 135
6 3
14 12
161 123
5 5
7 5
239 111
47 60
8 8
45 60
6 6
13 32
50 29
53 70
253 225
64 86
4 5
129 100
71 48
29 24
11 12
6 8
47 42
34 40
86 73
8 8
8 9
23 17
38 29
68 37
47 33
106 164
50 64
9 11
137 176
5 3
158 69
37 60
189 130
20 27
44 43
59 83
16 24
101 104
19 22
132 113
14 10
119 140
105 118
8 6
15 24
38 49
8 8
11 8
9 13
32 41
37 34
94 143
48 27
191 200
222 176
25 23
47 31
197 215
125 106
70 91
39 57
69 81
14 10
5 8
76 50
70 66
9 10
140 208
5 4
26 34
68 55
200 279
116 118
28 34
42 30
6 6
5 2
8 5
40 29
37 61
6 8
26 51
60 58
24 36
31 22
4 9
87 65
144 108
6 7
199 128
11 11
14 6
5 5
206 188
19 32
8 16
54 78
10 8
45 45
252 270
34 61
4 3
139 99
252 139
78 103
226 154
124 80
73 61
253 177
23 16
19 25
80 59
20 17
21 30
106 94
229 189
219 170
16 12
12 12
29 35
98 96
54 46
172 88
31 27
12 12
50 56
8 13
6 7
221 151
112 95
10 11
83 112
178 161
13 15
12 18
28 34
182 188
12 17
6 7
28 26
93 141
57 55
92 95
35 34
81 84
14 17
8 19
126 101
51 19
11 13
4 7
21 29
59 52
30 26
12 10
8 7
16 39
18 12
121 115
15 14
75 71
51 29
12 5
32 34
10 11
135 135
7 6
237 267
77 87
13 10
8 5
89 75
156 112
9 12
5 5
125 172
210 240
191 227
85 87
4 3
189 179
29 27
25 15
7 7
39 47
248 280
167 153
227 308
9 6
5 5
57 67
5 5
184 133
74 92
88 73
121 81
26 31
11 18
20 17
242 213
106 105
104 110
44 36
55 38
39 31
175 135
12 12
75 43
11 7
6 6
100 91
6 4
5 4
14 17
16 14
4 4
146 141
23 33
5 6
14 8
194 166
6 5
9 12
35 35
20 13
217 253
13 6
43 32
239 231
27 20
25 26
65 54
16 14
124 83
239 350
185 168
93 67
20 17
17 17
5 3
6 5
170 120
5 7
4 6
33 21
12 12
165 167
249 363
21 12
6 7
34 40
33 34
21 24
57 48
38 31
21 39
57 28
7 4
54 58
8 5
4 5
30 45
12 7
36 34
6 4
11 8
159 165
176 253
5 4
12 19
9 14
18 23
27 35
28 32
4 5
6 5
10 9
9 7
92 62
102 64
32 20
28 26
54 67
149 190
82 221
10 11
16 8
28 26
71 93
22 19
5 3
136 144
98 94
14 8
21 38
18 14
147 176
20 24
121 123
16 6
7 6
56 80
15 16
24 26
209 250
5 2
12 20
117 81
83 92
9 14
36 41
37 44
175 150
32 32
7 6
11 6
17 13
17 11
78 34
57 45
84 80
101 87
18 27
35 26
218 261
12 17
244 272
12 9
38 42
139 139
136 176
114 84
13 18
27 53
139 110
20 13
5 5
89 179
38 31
165 196
249 414
6 7
130 157
11 11
210 160
180 180
173 75
5 7
10 11
36 31
146 171
16 8
34 44
56 59
52 42
99 98
9 11
97 221
67 69
39 51
54 35
190 137
79 45
151 101
104 98
210 187
19 31
32 31
106 99
34 54
8 10
20 19
5 3
28 25
85 80
43 106
90 98
13 15
18 23
41 35
231 208
220 244
16 20
204 139
180 188
91 93
119 79
77 77
27 37
83 94
35 48
68 114
238 140
106 147
46 53
45 45
217 159
6 5
25 18
160 208
30 27
211 215
116 73
19 13
192 228
42 38
17 24
4 4
219 321
19 26
74 106
10 8
73 69
177 223
76 68
26 70
7 4
4 3
14 11
49 66
50 16
151 236
206 210
133 138
9 9
10 16
97 100
98 163
146 182
29 20
8 6
234 123
4 5
18 19
5 4
7 9
11 18
243 295
51 47
163 154
52 34
9 5
5 4
4 4
31 42
32 28
88 91
162 112
240 159
9 7
49 56
85 79
33 43
119 129
17 16
216 304
43 41
29 47
63 76
4 5
4 3
5 10
106 72
23 17
58 63
50 114
28 22
85 86
40 28
4 7
6 12
18 15
9 10
21 16
19 22
47 64
88 137
4 3
29 24
140 210
15 14
116 108
140 87
4 4
5 6
11 11
71 95
10 8
127 100
6 5
91 81
134 108
4 2
8 6
229 478
11 11
40 42
21 30
26 30
212 299
254 361
16 14
20 16
52 55
6 5
117 134
6 8
34 41
7 8
4 5
236 239
6 8
4 9
16 7
56 78
45 49
201 268
5 7
10 13
4 4
72 54
10 4
37 26
12 16
6 3
74 28
7 4
8 5
48 43
5 3
24 112
11 9
53 35
7 5
161 229
219 254
6 6
67 84
9 15
15 10
52 41
174 177
106 84
246 367
5 6
13 10
241 245
33 57
14 7
166 193
15 14
7 8
6 7
128 83
32 30
35 42
5 7
100 97
33 37
225 255
78 77
4 4
112 138
50 75
38 50
13 9
33 42
20 24
13 27
69 64
21 26
6 10
4 7
63 59
18 17
66 45
97 120
67 93
28 33
226 298
85 67
71 72
30 43
8 5
21 15
8 10
28 28
6 4
12 16
33 28
6 8
80 88
16 22
6 6
20 29
255 194
4 5
66 119
18 25
8 15
50 50
101 77
11 10
26 10
15 21
92 121
63 57
22 38
10 11
40 30
33 26
14 11
170 201
13 13
6 4
8 5
20 23
33 34
9 13
9 9
7 9
24 15
28 20
16 11
5 5
51 81
251 153
74 96
19 11
17 39
49 31
30 16
11 8
11 9
50 24
91 103
60 65
88 96
17 8
177 124
14 12
5 4
19 26
4 5
5 6
59 59
19 16
6 4
7 5
16 12
141 95
88 157
5 4
17 17
6 10
16 14
19 23
96 71
138 229
13 19
19 24
227 316
5 3
13 10
6 6
6 9
71 95
79 67
4 3
166 117
5 4
12 7
7 7
169 145
5 4
59 48
50 39
6 6
18 26
10 10
4 5
26 28
123 136
20 21
22 14
7 7
112 93
57 95
53 47
8 8
65 59
20 46
107 73
56 77
70 43
137 164
14 11
228 160
23 22
110 51
40 41
23 26
96 60
9 5
164 87
18 19
5 3
24 25
120 113
17 24
124 87
7 6
19 11
15 18
52 44
99 80
23 20
7 4
10 9
244 228
11 8
40 43
118 104
5 9
247 372
55 93
223 158
63 137
8 5
43 94
27 14
102 81
41 26
35 37
7 6
21 26
107 120
117 176
22 21
37 67
98 142
4 5
15 24
85 101
10 14
11 8
68 71
156 107
5 4
12 13
159 94
7 8
30 71
8 8
39 66
50 63
52 44
146 92
75 93
18 11
114 122
36 69
71 96
98 51
104 91
77 89
18 21
20 12
239 381
68 168
99 64
12 5
160 234
4 3
31 29
5 9
59 63
19 18
8 12
90 116
11 21
161 105
11 10
238 277
64 122
5 4
23 19
18 9
61 85
18 10
41 36
14 10
17 34
139 103
26 35
88 64
5 7
71 48
89 56
47 40
27 30
226 225
191 180
95 50
15 18
8 14
6 6
39 34
151 148
38 53
69 78
10 6
163 105
10 7
22 22
18 11
17 16
236 176
223 246
105 76
15 20
4 3
10 8
5 4
6 7
5 9
14 15
40 39
148 197
6 9
19 15
81 81
54 36
41 46
8 5
19 12
9 9
8 6
13 7
18 22
35 32
27 18
134 71
41 38
14 10
21 31
12 9
21 18
51 32
7 8
14 12
18 8
6 6
209 342
103 97
110 77
97 185
180 91
5 8
54 48
18 15
128 115
55 37
72 44
45 56
104 63
16 27
48 39
9 8
82 124
146 106
122 119
7 8
10 17
4 7
11 8
105 81
191 189
5 3
152 151
42 30
48 30
39 44
5 3
6 7
96 88
60 71
36 46
66 49
86 79
15 20
13 22
26 27
18 19
8 8
17 20
172 125
208 191
14 8
24 23
30 48
187 58
92 113
203 144
13 7
28 29
90 99
16 13
62 41
158 124
103 108
28 31
192 175
110 150
196 189
6 5
24 21
11 10
5 5
216 169
112 88
25 43
114 98
12 15
14 11
8 8
253 271
207 98
35 21
11 15
197 238
15 24
153 91
17 15
170 298
6 12
73 62
42 24
13 14
23 17
35 46
12 17
103 101
199 359
41 44
85 74
62 33
8 11
63 58
16 20
20 24
23 23
254 222
5 5
74 64
9 9
29 50
14 19
5 11
5 5
85 52
47 47
123 268
216 345
59 106
127 78
44 68
28 28
122 154
140 128
52 88
18 22
72 39
101 128
206 356
18 18
21 21
27 21
115 123
207 257
164 119
6 6
19 36
11 4
36 24
18 20
6 5
129 137
209 306
31 19
25 29
10 11
28 43
25 34
4 5
59 39
60 70
20 19
217 339
17 24
28 18
15 16
142 98
49 53
10 11
5 4
40 25
6 11
230 178
12 12
95 76
7 4
159 108
49 36
84 78
9 10
147 184
80 64
7 5
120 115
6 11
103 106
98 167
5 6
5 5
13 10
6 4
30 34
9 10
87 60
35 43
40 34
13 26
8 8
129 88
4 5
8 17
17 15
46 69
11 8
55 99
6 4
127 121
168 222
12 18
86 102
89 54
154 166
11 9
67 99
6 9
21 46
126 211
7 12
35 22
59 40
47 38
61 82
17 17
175 155
110 105
22 19
185 130
114 160
11 15
171 245
48 42
98 106
24 19
27 17
6 14
169 122
14 17
38 21
116 106
173 84
59 47
23 17
20 29
21 20
13 11
98 68
12 8
46 60
18 15
25 23
7 5
188 202
29 31
94 88
7 10
15 12
9 5
29 20
6 9
28 34
157 117
173 168
13 14
14 9
20 23
51 39
6 5
68 89
30 30
33 39
21 23
163 85
5 5
4 3
90 75
69 53
10 12
40 46
15 10
10 10
32 37
59 59
135 107
101 152
4 5
83 118
5 6
164 92
190 128
206 196
22 22
139 159
44 59
253 229
127 118
8 14
6 8
220 216
42 49
110 148
11 7
183 91
22 22
152 108
91 67
105 159
78 90
44 38
97 113
34 27
18 10
10 7
73 62
24 25
19 18
131 219
8 9
18 35
93 150
25 29
147 119
21 15
22 24
9 8
114 145
10 9
124 250
25 15
16 21
8 8
250 379
144 156
7 7
113 95
25 21
35 36
23 23
155 154
243 329
5 4
56 73
21 19
13 9
21 24
187 194
13 13
13 11
90 52
50 29
70 103
50 52
7 4
13 11
137 76
35 21
7 11
43 42
6 5
27 55
30 28
196 229
10 7
183 421
9 6
4 4
12 14
57 47
99 71
191 116
158 115
20 16
13 36
20 25
57 73
134 55
41 44
39 40
29 26
115 53
82 92
28 19
16 16
167 216
159 135
246 308
14 11
16 16
76 56
26 29
42 29
63 56
39 46
192 124
18 13
31 26
9 18
58 70
93 56
50 57
57 44
170 389
6 4
99 104
5 5
12 12
10 10
6 6
15 17
53 103
116 74
5 8
81 105
49 63
7 8
51 101
131 116
5 7
8 6
5 3
52 51
6 5
5 5
72 78
30 23
146 219
25 42
152 121
10 12
6 6
22 40
10 7
13 8
8 10
226 186
45 59
62 61
6 5
127 126
71 70
248 233
29 24
26 16
6 5
68 76
59 87
168 144
8 12
24 30
5 2
6 9
67 89
10 8
133 193
92 89
6 13
58 51
145 179
5 3
28 22
10 11
7 7
7 8
85 113
186 198
14 20
45 72
134 119
195 209
76 73
10 8
24 24
49 47
66 45
99 88
52 55
11 10
8 7
17 17
11 7
115 104
29 42
5 5
43 50
134 163
5 5
107 109
53 63
66 135
86 102
27 41
7 9
5 4
13 11
11 7
44 58
6 4
50 69
27 28
65 32
11 4
68 74
9 8
110 164
62 29
30 30
189 222
173 176
18 20
35 42
9 8
31 30
158 111
44 36
192 225
29 23
6 12
81 140
32 38
152 101
21 28
76 81
27 25
23 20
37 28
60 62
108 178
11 17
7 5
5 8
7 5
141 139
13 20
4 3
5 4
6 6
133 207
20 26
209 163
72 110
22 18
79 147
8 7
8 5
10 7
26 30
99 63
14 10
108 148
17 16
6 8
105 83
142 124
6 10
18 16
5 7
66 129
4 4
6 4
25 23
45 32
74 70
7 7
109 108
6 7
79 90
6 6
5 4
102 90
29 33
119 71
46 38
212 276
76 54
17 10
92 118
83 53
17 23
25 46
88 93
174 209
211 166
6 7
9 8
9 9
75 122
153 109
36 31
36 56
155 185
8 7
103 81
102 76
9 8
13 15
137 120
164 132
6 3
233 159
17 17
13 13
95 92
45 30
116 86
44 52
148 109
11 18
71 71
149 173
10 4
119 94
97 105
137 145
166 246
18 12
63 67
52 27
67 83
12 8
149 111
10 10
20 18
5 11
237 503
7 9
40 61
45 44
93 63
6 4
89 85
176 124
10 10
67 41
28 31
68 55
195 317
4 4
45 38
23 26
19 24
7 7
6 4
43 46
12 8
5 3
206 306
28 33
118 119
5 2
31 36
7 6
10 7
25 19
27 26
57 112
37 21
6 8
106 85
32 38
46 53
84 55
5 6
58 89
27 30
11 7
109 138
12 14
12 8
63 32
22 22
36 44
58 36
34 32
10 12
10 9
25 23
29 29
28 40
53 22
153 203
14 13
10 15
168 114
6 9
156 152
88 76
218 356
9 6
5 5
8 19
58 45
17 20
208 209
16 20
9 6
61 53
95 98
55 42
41 25
54 32
71 58
87 31
251 264
18 18
25 29
14 7
123 213
30 40
37 47
212 141
169 207
141 166
36 28
151 143
73 68
5 6
73 77
5 4
123 114
121 174
150 210
17 21
48 54
4 6
43 32
243 320
8 11
5 4
13 11
48 37
9 4
185 149
11 12
17 22
6 6
28 30
14 10
25 26
142 161
225 254
17 15
9 7
59 63
85 74
110 90
109 118
36 27
60 38
53 78
62 65
61 56
5 7
55 27
57 46
239 157
7 6
10 16
14 11
69 52
182 213
25 30
92 81
9 6
4 6
19 9
7 7
5 7
15 13
16 16
90 49
134 270
127 100
43 45
57 59
136 191
66 35
49 49
141 176
5 5
27 38
19 10
23 40
4 3
37 23
24 41
30 37
152 164
5 3
109 81
26 14
134 156
129 144
4 4
61 50
160 183
178 238
187 157
61 66
5 4
103 111
14 8
149 214
19 28
11 6
156 143
70 58
114 161
17 34
27 43
36 55
173 162
16 17
14 18
13 10
59 57
25 34
57 40
23 8
81 152
64 55
82 44
11 17
33 22
131 240
27 24
25 16
7 5
185 169
59 71
183 118
26 23
8 6
21 22
25 32
28 33
82 142
12 12
83 94
16 15
125 141
30 21
141 150
23 21
126 150
7 8
70 78
144 392
17 20
197 203
16 13
31 32
67 68
96 95
169 212
6 6
238 419
41 53
59 58
64 60
23 15
29 20
21 30
5 6
4 4
85 82
27 43
196 112
9 5
55 98
83 53
10 7
147 161
59 41
249 226
6 9
7 7
35 35
14 12
41 40
9 11
16 21
74 107
62 131
80 78
5 3
33 53
24 22
57 83
61 138
79 79
151 135
10 8
53 42
109 153
189 239
100 129
10 10
6 5
42 35
41 29
40 43
134 147
146 214
24 23
7 5
7 5
24 20
64 68
17 25
73 77
160 68
173 124
8 11
9 14
4 4
36 33
27 28
8 6
31 30
78 110
156 171
50 38
156 189
122 106
5 5
8 7
252 168
36 47
31 15
11 13
7 10
15 20
87 124
25 29
254 204
23 34
4 5
123 145
7 6
43 38
127 147
6 6
6 2
51 52
94 99
14 16
133 109
127 111
57 45
164 270
70 70
43 37
5 14
77 68
4 4
139 258
220 276
16 19
189 158
121 154
221 211
35 19
30 24
147 223
54 51
5 4
9 11
9 10
6 7
77 72
10 8
4 5
32 24
10 11
35 16
7 5
11 9
14 18
21 14
202 105
5 5
44 65
12 10
47 41
81 91
4 6
108 101
63 57
17 22
16 13
8 5
56 55
12 10
28 27
205 220
40 56
240 295
79 81
24 21
5 3
233 150
22 16
13 21
44 46
9 14
13 12
52 50
148 171
59 57
99 79
122 95
135 173
13 11
6 8
4 7
118 149
80 150
9 15
24 18
35 28
7 9
4 3
180 120
6 8
41 61
8 7
62 56
73 69
13 14
31 33
79 97
8 4
63 62
17 44
99 107
195 361
4 5
130 108
32 24
94 86
10 11
71 78
31 29
56 54
97 55
10 10
93 80
7 3
7 8
7 5
198 425
250 285
37 22
20 18
50 52
138 97
18 19
87 102
78 87
126 86
6 3
33 29
5 5
92 116
14 11
7 7
7 8
6 7
92 92
5 5
120 245
49 27
110 136
53 74
31 16
41 35
20 40
5 3
5 4
229 356
14 13
34 29
13 11
147 178
224 223
128 157
6 6
237 213
37 41
180 181
9 11
140 207
9 7
180 207
19 21
43 50
64 62
89 97
219 362
43 60
12 8
8 6
16 11
17 9
5 4
35 33
26 26
53 35
13 8
10 9
12 9
18 31
13 7
83 69
7 7
18 8
183 171
54 54
91 89
52 40
122 100
32 25
166 223
5 4
63 61
55 75
25 23
4 5
125 147
13 10
66 61
186 136
166 193
34 58
17 17
7 6
33 40
21 24
114 126
44 95
10 14
45 70
19 26
48 44
23 24
199 123
152 347
27 27
11 8
149 133
24 16
34 28
6 8
47 36
70 82
33 16
213 127
61 62
14 12
73 59
63 68
47 48
19 24
171 122
61 72
28 40
21 19
4 7
134 112
154 204
24 20
157 254
25 27
56 71
246 178
19 26
66 61
5 7
147 152
7 6
46 30
172 82
16 20
7 3
22 15
125 235
8 9
64 76
8 12
41 29
69 90
47 42
26 22
19 14
14 9
218 289
31 23
7 9
110 133
10 17
18 24
7 6
80 54
220 100
9 9
143 176
109 60
7 6
28 39
23 27
9 9
254 409
19 72
35 62
6 5
86 83
5 8
5 5
169 132
5 7
160 236
64 42
4 4
79 106
29 26
5 9
5 9
50 33
6 5
5 6
11 15
142 80
8 8
15 11
174 160
153 143
20 13
17 19
14 11
24 16
44 35
33 42
25 27
54 35
16 26
213 315
66 83
147 95
109 111
251 233
6 5
97 160
44 34
41 34
177 242
9 8
13 22
111 87
91 67
19 9
28 26
13 13
5 4
19 12
18 20
237 211
43 35
9 11
25 44
13 18
20 17
13 24
224 250
46 75
5 4
13 10
23 30
126 154
5 7
111 59
58 36
77 80
39 44
68 93
11 9
45 29
82 39
56 50
15 19
139 161
91 157
134 75
80 95
34 48
12 19
66 56
13 16
157 245
175 122
232 189
10 7
11 8
5 5
200 193
41 44
5 5
71 94
117 70
232 217
28 32
11 15
6 15
24 33
7 6
32 30
185 156
37 22
27 18
241 346
6 6
4 3
4 3
5 6
9 8
15 7
18 17
9 4
56 51
9 17
8 8
30 39
16 25
170 115
5 6
88 96
245 250
33 19
46 58
93 115
75 69
7 9
43 14
107 81
10 6
74 115
41 45
166 98
10 14
153 132
60 71
53 51
9 8
30 35
71 92
8 13
28 19
6 5
9 8
6 7
7 8
37 28
7 6
252 513
8 5
57 58
124 104
50 34
33 23
53 62
25 16
106 154
25 13
124 124
64 97
61 105
61 86
252 225
4 4
140 137
29 36
40 35
197 168
107 120
12 8
100 98
95 154
225 234
21 32
14 14
20 7
200 380
8 11
131 153
47 58
30 55
15 13
7 4
50 51
58 60
7 6
35 16
18 10
77 87
14 15
47 49
12 10
7 12
43 34
70 46
6 11
10 8
121 155
6 8
6 7
20 18
36 47
8 5
5 7
242 143
30 16
4 3
5 4
246 207
179 187
246 168
5 4
8 10
8 4
37 31
53 26
48 40
7 5
21 28
6 7
4 5
80 60
4 4
199 279
12 9
8 8
19 9
66 148
22 19
9 8
41 93
8 6
60 89
177 129
217 296
19 18
68 48
9 9
5 7
4 7
7 12
29 24
15 17
180 114
221 282
37 41
23 31
6 7
44 60
63 61
211 307
178 169
19 20
41 49
4 4
81 102
19 18
53 48
59 66
50 49
52 79
175 203
41 43
10 19
250 297
17 22
8 8
94 123
43 27
126 74
7 8
33 22
11 16
10 15
15 13
6 11
16 16
6 9
39 38
209 124
9 9
30 40
7 8
97 82
212 155
139 169
115 100
21 20
53 37
51 59
16 26
69 81
5 6
51 65
8 4
58 44
5 8
4 7
73 50
191 277
125 73
153 192
14 19
27 23
4 5
93 102
11 8
12 10
50 42
135 106
45 38
65 81
4 5
84 70
116 156
228 195
33 52
205 185
44 62
10 11
57 81
209 221
175 107
10 12
148 203
163 121
6 5
93 84
48 28
157 175
8 10
94 93
201 308
183 183
11 14
29 26
118 94
31 40
42 44
12 10
133 156
16 27
16 17
43 29
41 55
12 8
49 49
28 38
77 64
28 37
112 79
73 47
7 8
13 18
104 91
8 6
44 60
30 39
8 7
10 12
45 45
14 9
11 5
34 34
11 10
7 6
14 6
32 39
23 17
5 6
54 142
62 45
177 163
71 69
37 34
203 295
219 338
39 41
77 60
35 31
5 7
97 86
114 105
8 21
49 48
156 89
23 25
158 229
12 16
84 107
40 80
12 12
5 3
114 129
4 4
34 37
21 20
5 6
6 6
25 18
6 8
95 93
7 4
23 20
152 108
106 145
206 196
18 26
4 6
169 184
70 72
59 30
5 6
4 2
10 8
71 42
73 121
7 5
25 37
38 38
15 13
120 163
6 7
26 35
4 4
171 107
48 39
94 61
61 116
170 93
109 101
5 2
21 24
204 290
5 8
36 67
43 48
49 43
24 16
27 40
120 139
151 223
8 7
61 47
40 39
76 59
218 171
4 3
17 14
93 93
15 10
26 28
86 113
38 39
19 14
5 5
10 6
45 42
27 33
5 4
244 370
155 349
157 119
151 110
96 80
48 44
225 215
6 6
202 93
206 284
125 123
8 13
9 14
58 46
71 79
10 13
147 159
13 10
256 226
5 7
13 17
54 93
6 15
6 7
11 16
10 9
4 3
38 32
128 141
36 49
30 26
91 85
8 10
55 61
7 12
92 53
9 12
63 66
16 19
189 104
248 579
16 15
128 113
6 3
14 17
47 52
12 13
31 29
4 4
7 11
14 11
130 201
4 3
9 10
134 144
21 17
4 3
9 13
6 4
16 11
4 4
55 64
6 6
183 118
231 126
14 13
32 27
70 71
25 24
21 21
6 4
39 28
17 9
22 23
159 209
164 163
108 57
15 14
217 225
23 25
92 127
5 6
7 6
10 9
12 11
6 6
104 130
183 237
40 53
232 318
30 30
97 46
56 108
27 37
41 26
16 17
151 97
5 6
12 18
4 4
11 20
109 115
48 32
16 11
48 36
122 93
5 5
146 101
79 135
121 181
77 48
11 13
8 9
55 53
11 13
5 5
8 6
54 43
4 4
28 38
6 8
9 17
125 113
11 10
64 49
218 154
35 41
13 13
27 13
30 36
65 38
7 6
10 9
43 29
4 2
45 53
7 9
131 135
5 3
37 42
9 8
209 199
14 15
57 62
255 183
251 426
145 144
35 45
8 5
58 53
229 157
6 4
13 6
55 35
31 34
11 10
19 13
9 10
10 9
44 36
51 36
48 30
5 3
140 105
170 140
54 32
8 9
58 77
9 7
79 37
221 218
193 213
97 78
14 14
26 21
27 31
15 13
28 28
218 143
81 130
5 7
6 6
112 150
6 9
23 19
66 84
83 93
102 61
213 202
28 18
7 9
10 8
7 6
35 37
42 29
164 165
55 87
29 44
4 4
42 38
157 166
23 46
16 19
28 33
8 6
50 63
23 29
5 3
17 10
165 314
5 4
6 6
22 15
13 8
24 28
91 98
5 5
31 32
30 27
8 7
38 51
13 8
49 61
38 41
192 262
89 75
7 12
11 7
114 96
22 16
80 33
113 126
181 164
59 74
146 256
15 11
85 79
4 3
45 52
112 145
5 4
35 35
65 60
201 247
224 204
26 24
126 137
46 41
51 76
158 159
24 17
44 53
17 28
43 38
45 65
38 56
16 21
5 5
74 79
225 355
227 259
8 8
40 37
196 150
35 24
44 47
5 3
5 4
13 26
44 43
53 56
9 14
130 66
21 17
23 21
93 95
48 37
147 93
37 28
5 5
14 14
104 120
15 35
86 87
5 3
6 8
98 52
88 56
62 110
215 135
208 285
29 25
103 104
246 186
9 7
25 26
11 5
216 296
100 156
15 10
113 164
10 14
8 6
166 129
219 260
5 6
20 16
44 34
24 18
118 153
42 42
5 5
94 180
33 28
5 6
27 17
24 28
61 116
4 4
17 15
16 16
108 133
8 12
14 12
8 13
23 27
157 121
29 18
40 38
31 21
250 349
145 97
22 23
17 28
135 135
25 19
161 125
206 95
106 65
6 10
12 28
250 307
37 32
6 5
217 334
10 15
4 4
6 4
5 5
39 41
10 10
58 43
10 8
47 73
9 9
117 67
11 11
24 22
10 8
36 34
15 21
69 50
8 12
137 201
29 28
16 12
8 10
252 202
6 6
23 30
59 60
7 8
196 168
137 180
5 4
13 9
5 5
4 4
12 12
4 2
15 10
29 29
10 11
13 7
108 63
194 138
17 28
98 115
17 12
9 6
37 47
235 302
133 200
6 8
85 120
114 131
17 9
21 25
92 93
23 28
17 29
10 13
9 6
50 35
67 50
164 195
32 48
254 134
92 115
10 12
70 66
21 22
103 140
35 25
231 182
241 246
11 10
92 61
242 340
50 45
5 4
21 42
5 4
8 12
78 62
20 23
176 412
86 90
4 8
24 33
190 290
52 44
184 155
12 7
42 25
28 23
8 7
123 126
11 16
7 7
10 6
12 8
29 24
10 15
194 206
123 165
10 11
45 48
6 3
4 3
16 15
117 60
113 86
101 71
80 58
129 151
45 29
8 7
177 129
9 9
84 126
91 79
4 3
5 4
124 105
64 82
83 59
5 5
120 113
162 251
76 52
74 82
26 37
21 18
62 103
5 7
27 42
10 14
34 27
7 13
23 28
17 11
78 60
25 12
11 10
71 130
240 312
8 8
6 10
6 4
36 27
8 8
24 22
144 137
5 4
4 4
5 3
4 5
5 5
118 71
195 163
23 23
7 6
46 35
118 157
11 7
155 147
166 112
15 13
36 37
207 167
5 4
5 5
127 218
7 7
5 3
93 185
157 199
21 31
5 3
148 128
79 113
103 66
26 20
244 322
34 24
5 7
6 5
10 8
66 92
26 26
166 305
108 102
5 9
50 36
9 7
5 6
8 11
136 164
9 9
30 40
66 47
13 21
36 18
39 25
18 27
73 91
26 20
188 186
21 16
215 153
63 48
6 5
4 7
180 189
19 23
140 76
14 9
10 24
21 15
4 4
45 31
231 97
127 96
21 13
11 16
5 4
8 7
62 35
4 7
5 6
241 226
230 238
8 7
157 114
89 67
24 24
5 8
105 94
16 23
184 132
74 143
132 75
205 104
42 28
166 144
28 38
71 73
46 64
40 42
148 185
6 10
98 132
7 7
29 48
112 93
29 51
77 63
21 23
8 9
102 126
103 102
4 4
129 139
92 93
137 77
63 44
217 222
22 26
109 135
10 9
5 5
8 12
6 8
30 34
5 3
106 122
46 32
161 170
67 70
33 36
30 30
8 8
12 18
105 95
29 35
144 246
38 57
12 11
21 15
231 161
107 87
83 69
215 348
17 14
40 39
22 25
102 112
38 86
226 232
13 13
11 14
19 17
19 29
10 16
31 24
8 7
175 211
11 12
7 11
70 85
69 70
12 8
230 240
22 19
139 109
106 114
5 12
53 44
13 16
94 128
98 137
9 11
11 11
16 11
11 16
8 9
12 17
5 7
7 9
41 42
187 116
81 84
4 3
31 37
6 4
96 142
5 6
44 52
52 75
27 32
29 30
4 2
93 126
7 7
42 21
121 140
4 8
233 205
59 51
38 26
39 33
5 4
89 105
16 20
74 92
43 42
52 40
62 40
98 121
19 23
87 67
7 8
39 31
92 99
46 31
178 70
38 26
214 137
247 351
6 6
11 6
31 50
35 44
13 16
11 12
5 6
16 12
5 7
72 77
68 74
13 16
4 7
39 42
77 139
9 8
30 40
6 4
137 138
17 14
12 26
105 92
21 14
29 25
116 68
103 98
67 53
228 218
194 377
32 32
7 7
6 5
180 165
22 14
10 8
7 6
55 59
43 46
38 30
129 164
190 183
70 67
21 11
12 15
79 98
5 6
251 412
8 6
13 15
11 7
7 4
30 21
218 294
170 216
26 24
88 163
8 6
64 47
55 58
79 70
43 39
34 27
15 16
5 7
68 102
10 10
129 224
35 26
8 8
6 11
10 9
178 136
73 72
94 106
29 19
4 5
30 27
37 29
29 33
6 4
6 7
35 43
10 8
119 134
20 16
232 228
20 16
29 26
29 17
214 151
88 139
49 29
90 71
13 7
10 7
25 22
5 3
8 14
29 15
9 11
18 26
142 319
5 4
186 252
21 24
5 10
37 112
45 79
6 7
13 14
117 109
128 75
6 9
19 19
9 10
10 8
62 72
8 8
26 29
103 98
25 21
50 65
8 14
93 278
112 82
59 62
29 29
5 5
19 17
219 130
40 31
30 30
22 30
159 200
12 7
57 65
6 9
77 121
5 6
21 24
62 59
20 18
12 13
9 7
17 13
224 155
6 3
33 30
59 57
49 44
27 27
6 7
101 77
12 15
34 43
14 15
41 41
57 38
193 206
231 251
7 5
56 32
19 16
5 4
42 29
173 149
49 42
106 105
16 24
32 32
53 61
5 5
18 20
31 37
113 96
196 171
196 266
32 19
242 169
12 9
173 245
17 18
12 15
35 43
139 162
17 32
60 33
17 20
244 286
6 18
29 31
9 9
117 144
11 9
9 11
7 5
22 27
13 11
99 50
29 20
8 8
25 27
5 7
12 16
129 157
72 75
6 9
65 40
140 209
8 8
142 107
133 137
53 55
34 65
91 128
4 1
32 43
45 45
43 54
8 9
15 15
174 138
80 65
4 4
22 12
21 23
5 6
161 161
70 78
256 250
26 41
7 6
6 6
18 13
13 10
5 4
159 278
13 26
56 45
250 384
53 44
30 41
4 5
5 3
41 48
26 26
14 9
19 30
8 8
238 276
4 5
44 64
68 75
24 25
7 5
54 56
7 7
13 14
14 14
24 10
93 155
4 5
5 4
38 38
23 27
11 6
11 15
130 147
25 12
39 44
42 58
58 43
11 13
191 135
5 3
152 226
41 39
52 60
68 68
55 49
5 4
4 8
65 37
186 95
117 104
13 5
6 5
156 147
31 32
5 7
16 17
104 110
33 31
85 107
15 8
103 134
48 53
194 147
13 14
106 64
143 187
21 24
26 29
10 7
40 33
214 226
204 241
9 8
98 81
12 16
6 6
38 34
144 295
24 35
24 17
5 7
6 9
5 4
15 12
33 51
86 78
85 79
6 7
9 18
118 90
17 20
30 30
24 29
13 11
5 5
10 12
102 98
93 49
24 21
15 17
5 9
31 48
38 40
11 9
238 228
45 28
6 5
12 11
19 27
34 68
40 38
64 59
11 11
19 13
100 67
44 47
4 7
124 124
96 190
7 10
13 6
33 36
230 287
57 44
4 3
236 180
7 10
11 8
7 5
60 36
5 6
27 30
86 74
176 294
5 7
130 201
47 34
37 48
38 44
7 11
22 17
5 6
250 182
14 19
29 44
8 6
169 203
14 30
126 120
125 170
94 78
210 233
99 93
6 4
170 309
63 64
26 26
8 12
24 17
5 6
26 36
4 6
86 87
177 152
96 101
7 7
176 324
56 67
117 122
10 12
92 117
24 17
40 36
8 5
11 6
20 42
232 217
75 120
18 31
174 280
14 18
8 6
8 8
52 52
13 19
97 98
149 293
17 13
116 89
135 132
197 359
125 151
4 6
45 54
182 212
9 6
75 161
5 8
240 214
6 3
152 111
70 98
12 16
20 11
147 110
41 22
12 10
19 20
169 212
12 15
12 19
24 14
74 52
5 4
62 38
25 50
19 12
24 27
18 24
71 43
53 82
8 6
17 15
19 12
61 45
31 32
39 39
69 38
27 30
8 9
8 4
64 76
24 19
19 10
20 20
150 111
32 39
9 9
51 39
11 9
15 9
8 12
6 6
21 46
159 117
60 36
9 10
20 15
20 24
14 9
22 33
19 23
6 8
47 44
7 6
21 17
7 11
41 28
12 17
6 6
41 38
35 42
5 5
4 4
4 3
155 165
6 6
65 62
117 150
10 10
119 117
64 65
53 74
147 230
121 134
15 19
5 9
214 234
206 307
17 9
153 105
6 6
238 317
12 11
11 8
14 11
12 5
46 44
48 44
200 141
204 150
158 223
74 35
209 360
7 6
16 15
11 27
7 9
37 50
170 110
31 14
25 17
16 19
5 5
51 75
100 89
235 181
19 38
41 51
13 25
236 190
8 8
11 16
27 32
7 10
247 213
6 5
24 47
80 97
186 504
52 61
113 62
5 5
124 71
239 262
22 26
38 29
18 15
239 219
248 155
184 165
35 29
11 8
4 4
8 10
7 10
12 9
60 112
5 5
119 90
58 39
23 16
33 47
223 167
8 8
61 58
186 179
19 20
127 128
33 44
21 21
11 9
199 198
177 131
15 16
27 25
6 5
4 6
4 4
18 19
118 78
4 5
68 76
16 17
158 168
29 52
79 105
17 10
220 251
76 76
30 35
131 189
4 9
121 151
78 123
237 339
5 3
186 143
7 7
135 193
38 35
89 103
13 9
44 35
19 33
189 85
6 6
7 8
31 41
36 63
172 138
169 198
12 12
10 7
9 11
106 94
68 33
26 16
21 20
8 9
183 97
5 6
102 119
236 242
5 4
69 49
4 7
78 39
222 194
84 84
28 20
124 124
10 9
4 5
20 17
11 9
210 108
89 78
139 154
52 57
203 130
18 36
44 35
63 54
172 198
16 24
46 39
42 61
7 16
64 57
9 7
12 13
13 24
7 9
85 89
6 6
25 38
47 50
28 38
39 36
67 103
6 8
16 20
8 8
254 309
16 20
4 6
27 28
4 4
68 82
195 175
19 33
48 67
7 6
24 20
34 34
43 59
93 96
4 5
5 6
44 65
78 83
146 136
156 267
27 41
72 70
62 38
48 48
34 50
22 16
177 122
174 145
7 6
6 9
170 170
169 173
75 76
90 51
9 10
76 43
31 27
245 358
127 136
6 8
7 7
12 10
26 12
167 252
27 55
22 27
149 176
7 6
17 24
11 13
30 29
88 122
4 4
4 3
79 74
57 44
10 8
5 3
14 12
31 39
5 4
64 51
101 84
5 6
111 173
10 6
45 26
25 42
24 24
203 204
9 11
19 14
5 2
5 6
14 12
15 18
34 41
11 11
30 21
4 6
150 112
152 155
11 8
68 196
13 19
35 34
145 180
19 14
21 24
16 14
23 15
101 156
194 157
154 82
119 79
240 173
108 134
22 30
6 8
53 37
46 54
175 191
224 197
33 24
31 31
63 37
4 4
10 9
112 73
46 34
82 78
29 58
61 119
17 16
7 7
48 43
170 144
12 16
81 119
174 274
6 5
6 5
29 25
13 9
23 32
186 220
56 56
56 93
5 3
7 12
74 102
5 4
31 47
53 92
232 175
94 59
21 23
37 22
222 175
234 194
184 159
163 213
61 38
5 4
89 150
137 181
15 10
7 5
194 197
22 17
99 88
21 34
12 14
12 8
9 14
15 15
31 26
27 33
72 109
89 59
10 21
238 157
56 57
25 29
6 5
64 54
25 11
32 16
149 136
10 6
30 27
40 60
63 46
30 30
22 20
7 8
198 160
5 7
158 171
196 212
28 35
222 305
180 144
26 32
13 16
10 7
21 32
9 13
123 115
26 27
5 9
40 66
111 240
72 38
12 13
49 70
171 234
6 5
22 23
91 222
8 6
103 66
30 33
135 183
150 328
18 13
24 23
25 22
49 32
42 33
5 5
20 21
142 95
8 10
49 92
8 8
39 45
186 174
41 36
186 216
59 62
64 56
45 51
34 66
25 24
5 5
215 130
11 13
18 20
80 53
4 7
13 13
8 10
5 2
12 20
11 10
146 87
6 3
9 10
5 6
199 175
209 255
8 7
19 19
225 193
17 12
72 138
122 197
237 179
201 240
89 74
23 32
5 5
29 25
11 4
17 20
142 134
34 22
5 3
6 5
162 215
82 70
53 56
5 5
5 4
126 159
22 39
129 109
11 9
22 21
5 4
114 84
40 33
31 28
15 24
32 33
36 24
6 6
10 13
4 6
147 88
56 86
11 11
54 48
164 368
226 192
62 48
4 6
137 104
197 104
19 26
6 6
13 11
11 22
190 152
21 28
33 34
10 8
22 22
30 45
38 23
110 58
16 18
9 13
23 35
120 52
110 88
142 173
42 73
10 8
164 284
107 58
25 27
6 4
85 85
187 220
10 12
141 137
7 5
18 23
22 23
8 6
78 58
12 8
42 22
10 5
124 231
18 22
131 154
116 112
228 305
11 9
89 89
5 4
172 58
101 83
6 4
45 40
174 196
6 4
42 25
8 6
31 27
12 18
40 36
10 15
85 43
8 12
4 5
9 8
121 58
50 74
31 30
10 9
20 32
121 113
23 13
53 69
53 50
157 191
19 21
11 8
139 118
22 36
129 366
54 90
13 19
6 5
76 42
11 14
67 60
25 24
45 29
172 207
95 110
211 233
99 67
16 13
6 6
136 136
226 241
86 74
235 268
32 24
5 4
80 94
8 5
81 52
30 37
63 63
4 6
80 105
14 11
19 15
8 12
44 49
11 19
20 19
65 43
117 129
18 15
31 26
14 11
162 134
160 133
99 95
122 95
35 26
11 7
57 57
5 12
66 84
42 41
69 46
7 4
7 4
26 27
210 312
73 102
18 15
6 13
52 31
28 23
10 15
18 28
176 286
131 172
74 132
12 9
10 7
42 20
76 38
14 21
20 31
6 8
145 135
144 122
15 13
90 126
35 31
23 17
153 142
62 49
202 138
33 44
169 206
142 155
18 13
128 133
33 40
37 53
4 5
98 166
144 179
245 172
25 43
46 68
27 46
123 111
5 3
15 22
7 14
135 124
128 161
22 13
10 20
15 15
132 61
28 46
17 32
236 132
52 62
71 117
174 204
9 10
7 5
22 20
40 37
201 140
96 110
26 24
7 5
163 152
24 12
8 15
179 265
12 11
6 5
23 18
14 14
195 243
20 21
5 4
8 8
5 7
235 263
43 65
137 79
40 30
25 23
116 132
51 63
16 11
89 59
27 29
8 12
20 23
11 10
7 5
6 6
101 55
17 22
37 48
32 22
5 5
160 202
22 29
20 20
13 8
238 325
51 55
15 16
78 100
9 8
26 28
102 131
91 99
59 43
198 449
60 84
21 19
71 82
64 71
51 40
33 28
48 55
92 51
17 9
17 13
21 26
83 113
53 46
19 29
85 59
24 13
15 11
25 17
142 92
39 25
35 28
11 9
14 10
14 6
16 16
40 38
13 17
69 62
6 4
31 26
200 254
6 4
22 20
136 236
22 28
48 24
222 154
136 146
23 38
113 63
193 142
8 11
7 8
27 24
5 5
39 52
5 4
135 160
25 25
36 23
94 94
178 281
14 22
113 122
45 47
9 9
83 83
136 207
6 6
172 131
90 100
84 133
15 27
48 58
14 16
13 10
6 4
203 118
6 5
107 89
121 145
5 8
46 71
191 278
11 8
4 3
68 70
10 9
121 73
68 70
16 17
57 77
17 31
9 9
5 2
234 242
43 88
70 71
5 6
35 51
36 27
182 220
11 10
34 38
102 118
140 75
25 17
92 94
73 72
52 44
33 37
23 22
6 10
115 161
4 2
5 8
82 140
5 6
9 7
30 34
7 9
5 4
27 14
19 16
8 7
26 24
44 50
10 8
34 53
167 183
7 7
241 198
109 184
11 12
30 15
28 29
21 20
51 37
31 42
6 4
252 212
34 54
119 132
107 90
180 157
189 168
30 43
38 36
47 60
31 39
35 24
9 13
7 9
21 25
8 5
48 70
30 69
43 84
26 21
5 7
21 20
55 49
18 20
49 38
10 18
81 98
5 6
8 6
196 158
92 117
101 122
38 41
214 246
51 48
7 10
97 73
14 27
28 36
8 8
145 129
15 9
108 183
82 70
100 141
123 73
9 8
10 8
7 9
11 9
110 66
49 36
197 188
30 34
162 84
189 137
16 9
6 6
5 4
4 3
12 15
20 37
101 85
29 33
15 8
24 35
29 40
5 5
152 435
7 11
13 12
67 79
6 5
12 23
30 29
25 16
20 21
166 103
46 35
34 33
141 122
26 31
34 24
10 7
104 125
15 12
77 82
151 126
129 229
6 8
7 5
139 157
93 95
59 41
6 7
207 133
20 14
29 14
31 50
68 94
173 288
9 7
46 33
167 269
14 14
9 16
27 45
106 194
29 33
4 3
21 24
5 6
35 39
63 72
12 10
6 6
52 79
10 11
15 12
30 21
86 70
7 4
12 15
110 108
94 101
73 75
15 13
72 112
39 37
13 13
45 49
11 11
9 11
172 190
155 179
130 137
9 7
5 5
44 66
32 47
74 106
130 132
6 8
17 15
45 26
11 12
5 9
46 24
97 115
120 147
28 29
127 113
13 16
118 112
14 17
205 213
13 14
54 80
68 32
5 3
10 7
84 53
6 5
4 8
105 166
22 18
22 18
12 15
211 341
166 308
27 32
69 50
40 68
9 14
17 27
8 5
72 120
63 56
39 42
7 8
6 7
30 27
18 21
102 99
93 99
132 79
53 40
11 15
56 62
32 21
10 10
19 12
39 87
6 8
5 4
21 18
76 100
22 30
16 20
98 59
15 12
27 41
106 112
210 328
6 5
15 22
82 154
74 72
14 22
5 6
60 54
16 25
46 54
19 14
12 11
6 8
125 133
191 82
239 105
45 68
68 58
5 5
197 158
4 4
9 15
7 9
8 5
111 146
9 7
51 89
186 390
5 4
31 27
140 164
233 198
12 15
51 44
53 64
4 5
27 44
74 77
9 19
11 15
14 18
238 207
11 14
41 80
215 178
6 6
4 3
13 13
21 27
40 41
169 149
225 483
44 30
128 190
116 186
32 33
77 132
8 10
4 3
8 8
93 96
7 4
39 62
12 12
9 14
30 28
202 124
16 9
10 12
10 17
5 6
23 23
69 48
22 25
58 54
13 10
56 52
5 12
250 640
57 53
20 33
8 10
10 12
198 201
30 53
8 8
9 8
42 43
113 174
36 44
15 19
37 55
5 4
23 31
9 16
63 67
14 11
18 20
102 136
10 10
30 36
254 170
101 97
43 88
10 8
4 4
12 9
12 11
24 14
186 219
6 4
129 94
118 100
64 44
54 59
108 92
21 28
5 2
189 224
29 17
43 44
8 5
84 69
21 12
61 113
25 23
229 179
215 120
14 15
6 5
122 149
63 30
108 78
40 40
27 39
9 13
21 15
6 8
139 108
6 8
101 96
16 16
124 119
11 13
20 14
11 10
62 56
5 8
136 176
244 98
7 7
26 22
38 38
212 163
83 113
17 18
84 43
4 3
6 9
4 5
59 40
34 26
8 7
37 24
170 95
7 7
72 115
5 3
121 155
34 33
9 7
7 5
5 3
87 93
4 4
19 24
22 12
14 13
68 118
16 12
13 12
144 233
120 181
43 30
14 25
5 9
8 6
83 96
4 5
121 108
18 22
140 170
38 43
21 21
173 143
11 15
5 11
25 19
43 43
146 63
34 45
143 173
7 8
217 153
8 8
164 174
114 176
7 7
8 6
7 5
5 4
4 6
142 124
247 286
6 9
16 18
206 247
85 122
31 30
177 170
42 20
16 11
220 145
68 48
14 24
28 29
95 117
21 28
19 20
21 31
170 265
50 34
8 9
64 59
132 128
148 214
164 161
5 6
129 144
7 8
37 36
210 233
61 64
12 9
4 7
67 57
53 85
24 19
5 6
7 10
31 62
6 7
8 10
10 6
33 58
15 19
7 8
31 37
6 7
22 29
19 16
6 2
48 81
155 199
11 11
15 14
24 44
9 11
16 14
82 47
18 20
101 54
14 10
37 23
6 15
39 46
8 5
61 90
5 6
29 27
38 54
41 42
59 44
99 106
195 384
29 38
98 113
58 60
198 131
12 12
42 46
10 16
17 23
76 72
4 3
32 72
111 105
16 13
161 222
31 49
23 34
120 108
130 96
35 25
105 92
118 113
4 4
28 25
86 77
34 29
113 56
36 32
125 112
18 13
47 61
128 154
13 18
34 36
61 97
183 256
198 127
127 107
20 23
56 50
6 4
16 13
9 13
143 164
102 103
8 5
142 138
23 18
134 70
26 31
17 16
131 107
95 60
213 237
54 67
136 107
36 23
32 26
49 80
231 300
79 80
15 13
13 11
8 6
237 193
198 236
80 47
228 109
22 37
75 45
196 265
73 68
37 19
32 34
115 74
176 175
90 201
211 244
29 36
137 214
8 5
32 57
5 3
37 51
36 28
7 7
4 6
6 7
6 5
7 4
6 11
8 10
220 122
33 37
29 26
5 6
8 7
8 9
199 228
47 60
6 4
30 45
24 34
68 75
25 48
17 18
198 221
36 35
190 206
221 269
5 4
91 168
66 58
161 177
69 81
6 4
4 3
198 196
28 48
51 50
147 333
7 7
31 34
8 7
235 218
59 52
19 28
8 6
6 8
20 26
17 15
68 129
40 32
24 34
18 14
62 42
9 7
31 43
44 31
170 133
66 76
13 17
19 24
131 147
17 20
5 5
156 459
86 67
7 6
23 42
9 12
29 31
174 223
7 7
194 168
87 118
7 7
95 114
15 8
15 16
133 85
22 13
71 75
17 17
19 32
22 22
19 19
184 156
4 4
9 6
5 4
18 13
101 72
105 80
29 43
75 62
52 48
225 128
175 121
20 14
101 75
5 6
63 83
153 127
126 171
12 10
7 6
95 98
58 92
18 54
43 46
13 15
182 117
13 12
28 11
5 8
20 23
50 48
18 25
6 7
6 7
16 26
45 39
207 182
12 9
42 33
21 14
11 6
22 27
192 143
6 11
64 78
33 47
108 161
5 3
158 105
23 20
30 34
181 219
44 47
197 313
5 7
29 34
150 104
185 101
187 221
68 87
9 9
25 58
80 67
7 5
160 141
81 102
12 12
84 131
61 55
13 18
18 12
15 33
11 10
47 57
40 41
49 54
9 6
11 11
138 147
12 9
4 3
19 18
31 48
33 45
35 27
122 126
204 316
16 16
42 42
10 11
7 4
104 71
6 4
24 31
64 34
33 37
150 224
20 18
127 81
35 37
8 6
173 308
145 133
56 100
6 6
31 31
117 91
39 73
6 8
13 8
8 9
179 337
40 67
26 39
78 123
21 24
29 30
5 5
15 23
78 92
191 133
52 30
65 75
19 21
7 5
7 6
16 10
33 29
5 4
4 4
90 36
52 64
8 9
253 268
21 25
88 150
22 16
221 298
31 36
94 153
31 36
17 16
18 18
42 48
10 9
42 42
54 54
11 12
4 7
155 124
16 35
216 252
10 8
7 9
26 31
60 31
23 18
19 15
66 44
16 9
6 10
32 36
130 125
7 5
36 23
15 16
57 33
72 66
18 20
98 97
6 4
49 61
6 6
53 62
7 9
198 238
23 24
32 15
62 92
174 127
29 46
39 67
18 18
53 56
60 28
10 6
19 16
39 39
73 137
9 16
13 15
21 37
174 100
56 65
36 33
30 23
4 4
22 32
88 73
53 46
180 263
148 165
92 106
36 24
103 82
209 217
22 19
18 17
5 3
21 14
5 4
19 23
43 44
220 288
27 25
14 13
60 111
110 78
21 16
103 87
13 13
5 7
77 69
168 150
58 75
8 5
186 182
54 50
16 12
13 13
25 37
10 11
56 98
55 65
12 16
32 21
26 29
36 30
17 18
27 40
27 17
225 291
65 133
6 9
43 24
8 26
9 8
46 93
128 108
108 124
69 63
60 61
146 121
15 33
7 9
30 20
26 19
9 10
6 7
4 4
15 24
31 34
68 27
6 8
31 30
4 4
237 442
24 21
99 117
7 10
5 3
11 9
28 31
252 471
83 162
15 17
115 95
14 11
39 32
13 22
48 45
46 33
70 96
4 3
21 23
22 26
83 107
11 6
4 4
43 67
207 163
26 30
6 5
6 7
18 20
172 177
56 143
101 67
129 139
151 194
127 168
12 16
4 3
96 109
47 28
34 38
67 69
107 123
41 56
5 7
119 84
12 18
145 116
6 8
0 10
0 41
0 1 0
1 39 172
0 30 42
0 4 5
2 0 9
0 1 0
2 0 6
4 0 464
1 38 172
1 49 287
0 1 0
0 27 27
0 6 4
2 0 4
0 2 1
0 1 0
2 0 4
0 15 18
0 31 23
0 23 19
0 1 0
1 17 94
0 20 26
0 37 42
3 0 7
0 1 0
0 39 28
0 27 28
3 0 1
0 22 30
0 1 0
0 31 23
0 24 38
2 0 4
0 31 18
0 1 0
0 3 3
1 10 38
3 0 9
1 31 246
0 1 0
0 7 7
0 33 31
0 6 4
3 0 9
0 1 0
0 31 28
2 0 3
2 0 0
1 23 103
0 1 0
1 48 368
2 0 8
2 0 4
2 0 3
0 1 0
2 0 0
3 0 6
0 9 6
0 35 44
0 1 0
0 45 72
2 0 4
2 0 3
3 0 6
0 1 0
4 0 775
1 16 176
1 43 355
0 50 37
0 1 0
0 4 2
2 0 3
4 0 393
4 0 969
0 1 0
0 50 57
0 23 13
1 5 29
1 24 156
0 1 0
2 0 2
4 0 449
0 39 45
2 0 6
0 1 0
0 37 39
1 22 88
0 25 23
0 32 38
0 1 0
0 12 18
0 42 38
0 23 11
2 0 9
0 1 0
0 49 60
0 42 47
0 5 6
0 3 3
0 1 0
2 0 9
0 27 18
3 0 8
4 0 747
0 1 0
1 6 21
3 0 2
0 30 43
0 33 36
0 1 0
0 33 35
3 0 6
0 37 19
1 20 116
0 1 0
3 0 8
4 0 553
3 0 8
0 32 47
0 1 0
0 14 16
3 0 10
1 34 189
0 20 15
0 1 0
1 41 210
0 39 16
0 26 23
0 27 27
0 1 0
3 0 2
0 31 15
3 0 2
2 0 8
0 1 0
0 30 37
0 38 34
2 0 3
0 38 37
0 1 0
2 0 0
0 38 23
3 0 0
4 0 538
0 1 0
0 32 45
2 0 8
3 0 1
0 32 13
0 1 0
0 41 20
3 0 8
0 36 20
0 18 15
0 1 0
2 0 0
2 0 7
0 1 1
2 0 1
0 1 0
1 27 164
0 13 15
0 29 43
0 10 7
0 1 0
0 2 1
0 16 17
1 49 189
0 8 10
0 1 0
0 36 12
0 1 1
0 31 34
0 4 4
0 1 0
0 21 24
3 0 5
2 0 4
0 1 1
0 1 0
0 30 27
0 4 1
0 47 73
0 4 4
0 1 0
1 31 93
3 0 1
0 7 4
0 36 26
0 1 0
0 34 31
2 0 3
0 29 37
0 24 21
0 1 0
4 0 547
2 0 4
2 0 4
0 21 24
0 1 0
1 23 172
0 49 30
2 0 1
0 24 23
0 1 0
0 41 42
2 0 10
4 0 875
2 0 9
0 1 0
3 0 9
0 34 49
3 0 1
3 0 4
0 1 0
0 25 29
1 11 64
0 20 16
2 0 7
0 1 0
0 24 14
3 0 7
1 5 15
3 0 0
0 1 0
3 0 10
3 0 6
2 0 10
3 0 5
0 1 0
0 13 10
0 4 4
1 4 24
1 35 307
0 1 0
2 0 8
0 39 45
2 0 6
2 0 2
0 1 0
0 19 9
0 28 16
3 0 7
0 34 29
0 1 0
0 26 17
0 14 13
1 15 118
3 0 3
0 1 0
0 33 39
0 48 67
0 11 13
3 0 7
0 1 0
0 25 19
3 0 5
3 0 4
2 0 8
0 1 0
0 38 40
0 50 49
0 10 9
0 33 44
0 1 0
1 6 51
1 24 48
0 44 52
4 0 206
0 1 0
2 0 5
0 4 4
1 28 263
0 3 3
0 1 0
0 23 29
3 0 5
3 0 2
2 0 0
0 1 0
3 0 5
2 0 3
3 0 6
1 39 166
0 1 0
2 0 2
4 0 365
0 12 10
1 26 166
0 1 0
3 0 3
3 0 7
3 0 6
2 0 0
0 1 0
2 0 5
4 0 313
0 3 3
0 28 24
0 1 0
4 0 911
3 0 10
0 38 48
0 49 46
0 1 0
3 0 3
4 0 469
3 0 3
0 1 1
0 1 0
1 5 25
0 10 11
0 50 60
2 0 10
0 1 0
3 0 1
1 25 114
3 0 10
4 0 481
0 1 0
3 0 2
0 13 17
2 0 1
2 0 0
0 1 0
0 15 8
1 35 273
1 27 217
0 50 41
0 1 0
1 23 127
0 18 13
0 8 10
3 0 8
0 1 0
2 0 8
0 26 29
1 37 387
3 0 6
0 1 0
0 2 2
0 39 30
1 47 64
1 49 281
0 1 0
0 48 49
0 14 13
3 0 9
1 2 16
0 1 0
2 0 3
0 50 41
0 39 29
0 27 34
0 1 0
1 20 165
0 49 55
2 0 3
0 50 50
0 1 0
1 23 199
3 0 9
1 9 71
4 0 221
0 1 0
0 12 8
1 34 350
1 8 52
3 0 2
0 1 0
0 5 4
4 0 887
0 17 20
3 0 2
0 1 0
0 29 31
3 0 4
2 0 6
0 15 21
0 1 0
2 0 8
0 29 28
0 12 11
0 13 19
0 1 0
3 0 8
0 46 61
0 21 7
0 10 7
0 1 0
1 40 253
0 29 21
3 0 0
0 19 22
0 1 0
0 16 13
3 0 9
1 36 220
1 49 239
0 1 0
1 24 138
1 16 86
0 37 47
0 24 11
0 1 0
4 0 981
1 35 306
3 0 6
0 13 14
0 1 0
4 0 904
0 48 19
1 38 223
0 7 7
0 1 0
0 8 6
0 41 39
1 7 42
0 20 15
0 1 0
3 0 9
3 0 2
2 0 10
2 0 0
0 1 0
4 0 575
3 0 8
2 0 5
1 5 39
0 1 0
3 0 5
0 4 6
0 27 13
3 0 9
0 1 0
0 15 19
2 0 7
2 0 2
0 9 11
0 1 0
1 23 133
2 0 10
0 35 43
1 45 397
0 1 0
0 42 27
0 40 38
1 27 82
0 43 12
0 1 0
3 0 1
1 48 244
3 0 0
0 2 2
0 1 0
1 16 97
2 0 9
0 35 30
4 0 739
0 1 0
0 33 40
2 0 2
2 0 1
2 0 10
0 1 0
2 0 0
0 16 12
0 7 8
0 3 2
0 1 0
3 0 0
3 0 2
0 10 7
1 34 129
0 1 0
3 0 9
0 29 34
2 0 8
0 12 12
0 1 0
3 0 3
0 45 35
2 0 7
0 10 10
0 1 0
3 0 2
2 0 9
0 39 43
0 43 36
0 1 0
3 0 0
0 47 40
3 0 9
4 0 854
0 1 0
0 48 49
2 0 7
2 0 8
3 0 9
0 1 0
0 41 54
2 0 4
2 0 3
1 37 271
0 1 0
3 0 5
0 12 18
2 0 6
3 0 1
0 1 0
4 0 263
2 0 5
0 36 15
1 14 78
0 1 0
3 0 3
1 19 90
0 20 25
0 49 36
0 1 0
4 0 514
0 33 28
0 43 57
2 0 1
0 1 0
0 50 61
1 49 224
4 0 606
4 0 287
0 1 0
0 15 12
0 1 2
3 0 8
0 1 1
0 1 0
2 0 3
0 25 22
0 2 3
3 0 3
0 1 0
0 27 18
3 0 8
0 4 5
2 0 7
0 1 0
0 21 26
1 21 103
0 9 6
1 13 38
0 1 0
1 35 198
0 40 56
0 43 43
2 0 10
0 1 0
2 0 0
4 0 453
0 35 25
2 0 9
0 1 0
0 13 12
2 0 3
0 35 23
0 6 4
0 1 0
3 0 5
0 21 32
3 0 5
0 50 30
0 1 0
2 0 10
3 0 5
3 0 3
0 32 48
0 1 0
0 46 54
1 2 14
3 0 1
3 0 7
0 1 0
0 46 44
3 0 4
3 0 9
1 33 220
0 1 0
0 14 13
4 0 585
0 6 3
0 45 32
0 1 0
3 0 2
3 0 10
2 0 2
0 7 3
0 1 0
1 7 45
0 7 6
3 0 5
0 31 28
0 1 0
0 14 13
4 0 683
3 0 6
0 9 10
0 1 0
3 0 8
0 27 27
3 0 3
0 20 12
0 1 0
0 21 30
0 5 5
2 0 6
4 0 416
0 1 0
1 27 9
1 20 201
2 0 6
0 42 47
0 1 0
2 0 2
2 0 4
3 0 7
0 29 39
0 1 0
0 17 12
0 28 22
0 43 52
3 0 7
0 1 0
3 0 4
0 34 23
3 0 7
2 0 5
0 1 0
0 27 22
0 44 47
0 5 5
1 33 131
0 1 0
2 0 3
0 16 8
0 4 2
0 35 36
0 1 0
4 0 336
1 22 145
3 0 0
2 0 3
0 1 0
1 35 177
3 0 1
2 0 0
3 0 1
0 1 0
0 27 21
0 27 5
2 0 4
0 9 6
0 1 0
1 25 154
0 43 43
0 46 30
3 0 6
0 1 0
3 0 3
0 11 18
3 0 8
3 0 9
0 1 0
2 0 6
2 0 5
0 27 43
3 0 9
0 1 0
0 34 38
2 0 1
0 42 67
0 26 18
0 1 0
4 0 244
0 18 6
3 0 8
0 38 11
0 1 0
1 18 58
3 0 10
4 0 371
0 16 13
0 1 0
0 46 16
0 33 52
0 43 56
0 37 42
0 1 0
0 40 58
0 1 1
0 15 19
2 0 6
0 1 0
0 50 58
0 10 7
4 0 610
2 0 4
0 1 0
4 0 923
4 0 667
1 32 174
2 0 9
0 1 0
2 0 0
3 0 9
1 45 167
3 0 0
0 1 0
0 6 5
2 0 9
2 0 6
2 0 8
0 1 0
0 43 13
0 46 45
1 46 276
0 14 20
0 1 0
0 22 21
0 36 67
0 48 35
0 26 29
0 1 0
2 0 4
4 0 728
3 0 6
0 27 34
0 1 0
3 0 9
3 0 4
0 23 21
0 8 7
0 1 0
1 40 247
0 8 5
4 0 581
0 17 23
0 1 0
1 50 303
2 0 4
0 50 18
2 0 6
0 1 0
2 0 1
0 34 35
2 0 2
1 13 118
0 1 0
1 40 239
2 0 6
0 20 14
2 0 3
0 1 0
1 25 193
0 46 32
1 22 64
3 0 6
0 1 0
0 9 6
2 0 5
1 25 66
0 34 22
0 1 0
1 13 58
0 39 48
0 35 62
0 18 26
0 1 0
0 31 39
0 25 29
2 0 10
0 9 6
0 1 0
2 0 0
0 48 34
0 46 38
3 0 7
0 1 0
2 0 4
3 0 10
0 29 23
2 0 1
0 1 0
1 1 6
3 0 2
1 21 133
4 0 688
0 1 0
0 9 9
4 0 568
2 0 10
3 0 2
0 1 0
2 0 8
2 0 10
0 25 17
3 0 6
0 1 0
0 37 58
0 21 7
2 0 7
2 0 3
0 1 0
4 0 829
2 0 4
1 25 200
3 0 1
0 1 0
2 0 10
2 0 4
0 40 40
0 13 14
0 1 0
0 50 18
4 0 468
0 25 26
0 26 24
0 1 0
4 0 416
0 3 3
0 14 23
0 34 41
0 1 0
0 15 13
3 0 0
2 0 2
4 0 280
0 1 0
0 46 58
3 0 4
3 0 7
0 2 2
0 1 0
0 27 39
1 46 182
0 27 30
4 0 695
0 1 0
0 4 5
0 3 2
0 6 6
3 0 9
0 1 0
4 0 801
3 0 3
0 5 7
2 0 5
0 1 0
3 0 0
3 0 1
0 5 5
0 50 56
0 1 0
3 0 0
0 38 51
0 23 19
2 0 10
0 1 0
0 36 35
1 34 91
0 9 9
0 33 24
0 1 0
2 0 5
3 0 10
1 24 108
3 0 6
0 1 0
0 4 4
3 0 10
2 0 4
0 30 25
0 1 0
2 0 1
2 0 1
0 27 32
2 0 6
0 1 0
0 23 13
4 0 919
2 0 2
0 45 47
0 1 0
2 0 1
2 0 7
3 0 6
0 37 46
0 1 0
3 0 1
2 0 1
1 36 184
2 0 0
0 1 0
4 0 225
2 0 9
0 29 30
0 8 13
0 1 0
3 0 5
0 31 10
2 0 9
1 3 17
0 1 0
3 0 2
0 28 42
0 35 45
0 27 31
0 1 0
1 13 113
0 12 12
0 19 19
2 0 9
0 1 0
2 0 9
1 22 154
0 9 13
2 0 1
0 1 0
3 0 10
0 12 11
3 0 10
0 13 9
0 1 0
0 36 43
4 0 487
3 0 5
2 0 9
0 1 0
3 0 8
3 0 7
0 33 9
0 4 6
0 1 0
0 20 21
3 0 9
2 0 7
3 0 3
0 1 0
0 14 10
0 31 31
3 0 2
2 0 9
0 1 0
1 2 13
2 0 6
1 24 194
2 0 0
0 1 0
3 0 0
2 0 9
0 6 5
3 0 0
0 1 0
0 25 13
3 0 4
1 29 186
2 0 3
0 1 0
0 12 13
0 22 17
0 12 7
0 21 32
0 1 0
0 22 33
3 0 1
3 0 8
3 0 0
0 1 0
2 0 0
3 0 3
0 1 1
2 0 6
0 1 0
3 0 0
0 23 35
1 32 185
1 37 189
0 1 0
1 37 154
1 34 209
2 0 2
1 27 261
0 1 0
0 8 8
3 0 2
2 0 3
4 0 531
0 1 0
0 46 40
1 13 78
1 37 151
4 0 229
0 1 0
2 0 9
0 41 50
2 0 3
3 0 3
0 1 0
0 29 30
4 0 490
0 9 7
0 6 7
0 1 0
3 0 6
0 37 17
0 41 33
0 13 12
0 1 0
0 7 6
1 20 75
2 0 8
0 2 2
0 1 0
0 6 5
0 10 7
0 25 18
3 0 1
0 1 0
3 0 9
0 41 33
2 0 4
0 33 47
0 1 0
3 0 0
2 0 6
1 24 143
1 8 37
0 1 0
0 6 7
2 0 2
2 0 4
0 47 54
0 1 0
4 0 984
1 1 9
1 25 79
0 39 29
0 1 0
3 0 6
3 0 3
0 21 28
2 0 4
0 1 0
1 23 169
0 39 51
0 13 13
1 4 14
0 1 0
0 47 39
2 0 6
2 0 5
3 0 6
0 1 0
0 29 18
0 11 14
2 0 9
0 21 19
0 1 0
3 0 8
2 0 6
0 29 16
1 46 82
0 1 0
0 35 41
2 0 10
3 0 2
4 0 810
0 1 0
0 18 13
1 46 148
0 15 13
3 0 1
0 1 0
1 37 263
4 0 944
3 0 2
2 0 4
0 1 0
3 0 1
0 37 30
2 0 4
0 24 24
0 1 0
2 0 7
0 30 26
3 0 5
3 0 0
0 1 0
0 21 9
2 0 1
0 48 23
1 23 117
0 1 0
2 0 3
1 50 242
3 0 3
0 40 53
0 1 0
4 0 867
0 28 27
1 9 49
2 0 4
0 1 0
3 0 3
1 31 209
0 6 5
4 0 344
0 1 0
0 16 20
0 8 8
0 42 69
0 43 65
0 1 0
0 13 14
2 0 2
4 0 697
4 0 951
0 1 0
1 7 40
0 7 8
0 28 19
3 0 10
0 1 0
3 0 5
0 31 42
3 0 8
3 0 8
0 1 0
0 4 3
1 28 124
0 50 46
0 26 31
0 1 0
3 0 0
0 45 47
0 19 22
0 13 11
0 1 0
3 0 0
2 0 0
0 17 14
0 47 68
0 1 0
2 0 3
0 42 27
3 0 5
0 11 14
0 1 0
2 0 9
0 24 26
0 10 14
4 0 983
0 1 0
4 0 366
3 0 2
0 21 21
2 0 7
0 1 0
0 40 35
0 37 25
2 0 8
2 0 7
0 1 0
0 7 8
0 13 17
4 0 580
2 0 1
0 1 0
2 0 10
0 39 9
3 0 6
1 16 47
0 1 0
0 23 28
0 19 24
4 0 968
3 0 10
0 1 0
1 29 139
0 23 22
3 0 3
3 0 7
0 1 0
0 26 20
4 0 892
0 45 38
3 0 0
0 1 0
0 38 26
2 0 7
0 20 32
0 39 59
0 1 0
0 39 1
0 27 19
0 35 18
0 4 4
0 1 0
0 48 45
1 36 237
0 28 26
2 0 4
0 1 0
3 0 2
3 0 9
0 30 26
2 0 8
0 1 0
0 24 19
2 0 2
0 21 18
3 0 1
0 1 0
0 24 23
3 0 6
0 43 17
1 20 87
0 1 0
0 39 63
3 0 10
0 39 49
0 49 33
0 1 0
0 5 3
3 0 6
0 23 22
1 33 136
0 1 0
0 32 37
4 0 379
0 32 22
0 48 45
0 1 0
0 6 6
0 13 8
1 6 48
0 36 29
0 1 0
0 29 30
2 0 1
0 6 9
3 0 1
0 1 0
1 15 104
0 31 50
0 13 11
2 0 6
0 1 0
0 10 9
0 46 41
1 34 151
1 28 147
0 1 0
1 45 303
4 0 343
1 26 129
0 34 41
0 1 0
0 2 2
0 37 30
3 0 9
2 0 5
0 1 0
0 50 39
3 0 5
1 32 292
4 0 247
0 1 0
1 37 231
2 0 5
0 13 14
0 12 12
0 1 0
0 20 28
1 44 291
4 0 249
3 0 1
0 1 0
0 39 48
0 3 3
3 0 4
0 2 1
0 1 0
4 0 365
3 0 2
3 0 0
3 0 2
0 1 0
0 4 4
2 0 4
2 0 1
3 0 0
0 1 0
3 0 9
0 29 13
3 0 4
0 32 25
0 1 0
3 0 5
0 24 20
3 0 0
0 1 1
0 1 0
1 47 285
3 0 1
1 33 147
0 47 35
0 1 0
0 7 9
0 39 46
3 0 5
1 35 164
0 1 0
0 13 9
0 1 1
1 39 44
0 41 39
0 1 0
0 37 37
0 33 30
0 22 25
4 0 954
0 1 0
3 0 1
0 2 1
0 50 20
0 27 31
0 1 0
1 28 148
0 25 27
0 41 52
0 13 15
0 1 0
3 0 1
0 22 32
0 37 47
0 42 77
0 1 0
0 24 18
2 0 8
2 0 4
0 50 55
0 1 0
2 0 1
4 0 460
0 1 1
0 38 30
0 1 0
1 18 141
2 0 10
0 5 10
0 3 3
0 1 0
0 10 10
1 32 86
0 11 7
0 7 9
0 1 0
0 33 25
3 0 0
4 0 481
2 0 7
0 1 0
4 0 447
2 0 10
0 6 9
0 39 20
0 1 0
3 0 8
0 15 15
1 11 78
2 0 7
0 1 0
3 0 0
2 0 5
0 28 11
2 0 5
0 1 0
0 9 14
0 17 20
3 0 7
2 0 2
0 1 0
2 0 1
0 39 41
2 0 0
1 23 158
0 1 0
0 21 10
0 10 11
0 31 22
2 0 6
0 1 0
3 0 4
1 36 222
1 25 39
4 0 238
0 1 0
1 2 12
3 0 5
0 26 25
1 9 47
0 1 0
3 0 3
0 10 7
3 0 6
2 0 9
0 1 0
3 0 5
0 3 3
2 0 2
0 31 40
0 1 0
3 0 6
0 36 30
2 0 0
2 0 7
0 1 0
0 6 6
0 1 1
3 0 5
0 13 16
0 1 0
0 8 8
0 32 29
0 20 35
0 41 41
0 1 0
1 14 76
0 35 38
0 22 29
3 0 8
0 1 0
2 0 10
0 40 57
4 0 518
0 36 49
0 1 0
0 29 39
2 0 2
2 0 9
0 29 43
0 1 0
0 2 1
0 23 21
0 2 2
3 0 1
0 1 0
0 31 30
3 0 7
0 19 14
0 31 32
0 1 0
3 0 10
0 15 9
4 0 813
0 42 16
0 1 0
3 0 8
0 27 34
1 5 45
4 0 569
0 1 0
3 0 10
0 25 23
2 0 4
0 33 23
0 1 0
2 0 2
2 0 3
3 0 4
2 0 5
0 1 0
0 3 4
0 33 39
2 0 10
0 49 44
0 1 0
1 23 132
1 24 123
0 42 56
2 0 8
0 1 0
2 0 8
0 48 1
0 21 21
4 0 582
0 1 0
4 0 271
1 49 219
3 0 5
2 0 1
0 1 0
2 0 4
3 0 3
0 39 14
1 12 64
0 1 0
0 2 2
0 40 35
0 21 12
1 5 17
0 1 0
0 40 67
2 0 6
2 0 3
3 0 6
0 1 0
1 20 154
0 38 43
0 21 15
4 0 477
0 1 0
0 7 2
2 0 5
0 4 5
1 11 51
0 1 0
2 0 4
0 28 29
2 0 4
0 11 11
0 1 0
2 0 2
0 44 33
1 8 58
3 0 3
0 1 0
2 0 7
2 0 10
3 0 6
2 0 8
0 1 0
0 35 21
0 11 5
0 14 12
4 0 290
0 1 0
3 0 10
0 31 32
4 0 485
3 0 6
0 1 0
1 50 226
4 0 375
1 43 225
0 19 30
0 1 0
1 25 65
0 22 19
2 0 7
0 37 37
0 1 0
3 0 6
0 19 7
0 25 15
0 5 6
0 1 0
4 0 589
4 0 611
0 44 53
0 36 47
0 1 0
2 0 1
4 0 715
3 0 2
4 0 572
0 1 0
0 35 51
0 24 14
3 0 9
1 16 74
0 1 0
1 31 204
0 18 27
4 0 359
0 16 22
0 1 0
3 0 5
0 45 8
0 27 30
2 0 4
0 1 0
0 42 23
1 29 205
1 39 328
0 31 31
0 1 0
2 0 5
0 50 32
0 4 2
1 38 151
0 1 0
2 0 8
2 0 6
0 30 23
0 10 10
0 1 0
0 12 9
0 39 35
0 46 39
0 5 7
0 1 0
2 0 7
2 0 10
2 0 1
0 49 39
0 1 0
0 8 7
0 30 32
2 0 9
1 45 312
0 1 0
2 0 0
0 24 15
0 35 20
0 1 1
0 1 0
0 10 16
3 0 8
0 9 6
0 31 23
0 1 0
0 34 27
2 0 0
0 33 27
0 47 84
0 1 0
0 36 27
0 36 41
0 48 61
4 0 315
0 1 0
0 33 23
0 50 21
1 14 101
0 5 4
0 1 0
2 0 2
0 38 35
3 0 2
3 0 0
0 1 0
0 36 36
3 0 9
1 28 1
2 0 0
0 1 0
3 0 8
0 12 18
2 0 8
0 41 46
0 1 0
0 31 16
1 39 242
0 29 28
3 0 9
0 1 0
2 0 1
0 31 18
0 31 42
2 0 2
0 1 0
2 0 0
0 5 1
2 0 0
4 0 722
0 1 0
0 24 31
0 8 8
3 0 4
3 0 7
0 1 0
3 0 3
0 30 35
1 46 375
2 0 8
0 1 0
2 0 2
0 20 25
0 50 64
0 45 40
0 1 0
0 16 14
3 0 4
2 0 7
0 15 20
0 1 0
0 44 48
4 0 771
2 0 3
0 50 48
0 1 0
0 46 61
3 0 10
2 0 4
0 11 14
0 1 0
1 30 314
1 29 197
0 6 8
0 2 2
0 1 0
0 4 2
1 17 133
0 24 32
3 0 10
0 1 0
2 0 9
2 0 4
3 0 7
4 0 860
0 1 0
0 45 43
0 9 12
1 21 147
2 0 5
0 1 0
2 0 5
3 0 9
2 0 3
2 0 5
0 1 0
0 9 10
0 6 8
1 17 21
3 0 6
0 1 0
0 18 11
0 26 12
0 41 69
2 0 1
0 1 0
0 47 26
2 0 2
0 26 28
3 0 3
0 1 0
1 13 140
0 14 15
0 43 39
3 0 9
0 1 0
0 32 10
0 20 18
2 0 9
0 15 16
0 1 0
0 15 14
0 21 39
0 30 38
0 21 22
0 1 0
1 43 274
2 0 0
0 29 20
2 0 8
0 1 0
0 18 19
2 0 3
2 0 5
3 0 3
0 1 0
0 39 42
1 6 18
0 39 33
1 27 99
0 1 0
0 31 35
0 14 14
0 19 21
2 0 9
0 1 0
3 0 10
0 7 9
2 0 0
3 0 2
0 1 0
0 45 35
0 37 33
0 47 77
3 0 3
0 1 0
0 48 18
3 0 3
2 0 3
1 49 244
0 1 0
2 0 4
2 0 8
1 42 187
0 8 6
0 1 0
2 0 7
0 29 24
1 24 195
2 0 5
0 1 0
4 0 904
0 50 21
4 0 702
2 0 7
0 1 0
3 0 6
2 0 6
0 1 1
3 0 4
0 1 0
3 0 7
0 32 50
2 0 3
0 37 50
0 1 0
0 6 8
3 0 4
0 24 16
0 46 85
0 1 0
3 0 8
3 0 7
2 0 7
2 0 9
0 1 0
3 0 0
0 13 7
2 0 3
1 26 184
0 1 0
3 0 2
0 38 30
2 0 8
2 0 1
0 1 0
1 46 335
0 21 12
0 44 41
0 45 62
0 1 0
1 41 102
2 0 10
0 4 2
3 0 10
0 1 0
0 29 39
3 0 10
0 46 55
3 0 6
0 1 0
0 15 13
0 38 36
0 23 10
2 0 10
0 1 0
0 21 14
0 25 32
0 20 12
3 0 4
0 1 0
4 0 337
1 23 170
0 20 19
0 35 54
0 1 0
4 0 959
3 0 1
3 0 10
0 39 37
0 1 0
2 0 1
4 0 972
0 32 37
2 0 2
0 1 0
0 23 28
0 32 42
0 18 26
2 0 6
0 1 0
3 0 1
4 0 884
3 0 5
3 0 9
0 1 0
0 27 35
0 1 1
0 45 40
1 2 9
0 1 0
0 36 28
1 42 275
1 3 21
3 0 1
0 1 0
0 34 31
4 0 252
0 36 21
2 0 3
0 1 0
0 48 38
2 0 10
0 30 48
0 46 30
0 1 0
0 16 20
2 0 9
0 13 13
1 4 25
0 1 0
3 0 8
0 25 27
0 46 55
0 39 49
0 1 0
0 40 31
2 0 4
1 2 17
4 0 552
0 1 0
3 0 4
4 0 370
0 49 56
0 29 38
0 1 0
0 14 7
0 27 5
3 0 9
0 40 16
0 1 0
0 27 31
0 10 10
0 11 7
0 20 32
0 1 0
4 0 962
3 0 4
3 0 9
2 0 6
0 1 0
1 31 167
4 0 700
3 0 8
0 44 39
0 1 0
0 32 38
0 32 21
2 0 3
1 43 185
0 1 0
3 0 2
4 0 774
1 48 249
0 20 16
0 1 0
1 7 22
0 46 37
0 4 3
3 0 6
0 1 0
0 11 8
2 0 3
0 36 28
3 0 0
0 1 0
1 46 111
4 0 237
0 26 35
3 0 7
0 1 0
2 0 2
0 5 7
1 44 228
4 0 215
0 1 0
0 31 49
2 0 6
1 32 170
4 0 361
0 1 0
0 43 34
3 0 2
1 27 132
2 0 8
0 1 0
1 22 142
3 0 9
3 0 9
3 0 4
0 1 0
3 0 2
2 0 1
3 0 2
0 19 22
0 1 0
0 29 40
1 17 72
1 44 225
0 34 11
0 1 0
0 48 64
0 5 8
0 19 19
0 27 38
0 1 0
1 31 166
0 49 54
3 0 5
0 30 35
0 1 0
3 0 5
0 40 31
2 0 4
0 25 31
0 1 0
3 0 6
0 31 37
0 24 17
1 40 329
0 1 0
4 0 379
0 27 13
0 39 46
2 0 1
0 1 0
0 10 3
0 24 24
0 36 62
3 0 9
0 1 0
0 4 5
3 0 9
4 0 383
2 0 7
0 1 0
0 47 54
0 27 28
3 0 3
3 0 1
0 1 0
0 7 8
0 30 35
2 0 1
2 0 1
0 1 0
3 0 0
3 0 5
0 44 32
0 20 20
0 1 0
0 49 69
2 0 2
3 0 8
0 39 32
0 1 0
3 0 2
3 0 9
1 27 224
0 9 6
0 1 0
2 0 1
0 24 26
1 15 84
0 29 24
0 1 0
3 0 3
2 0 7
0 40 52
3 0 1
0 1 0
0 28 18
0 45 73
0 38 49
4 0 499
0 1 0
0 19 12
0 26 35
1 24 231
1 23 205
0 1 0
2 0 9
1 4 31
0 50 67
3 0 10
0 1 0
0 6 7
1 14 43
0 15 11
0 25 37
0 1 0
0 21 23
0 42 60
0 33 53
1 17 108
0 1 0
0 33 28
3 0 3
0 13 11
2 0 8
0 1 0
0 18 33
0 20 8
0 38 42
3 0 10
0 1 0
2 0 7
0 18 23
0 7 5
3 0 8
0 1 0
0 10 12
0 24 30
3 0 3
3 0 7
0 1 0
1 50 223
2 0 4
0 9 8
3 0 2
0 1 0
0 10 11
0 10 19
0 10 12
0 42 13
0 1 0
0 43 60
3 0 2
3 0 7
0 49 46
0 1 0
2 0 4
0 47 67
0 13 16
0 22 28
0 1 0
2 0 8
3 0 4
0 25 32
0 30 21
0 1 0
0 19 24
2 0 8
3 0 8
0 23 23
0 1 0
1 34 172
1 33 168
0 7 11
1 33 303
0 1 0
0 25 24
0 48 54
0 30 31
0 42 48
0 1 0
2 0 0
4 0 944
2 0 4
0 15 25
0 1 0
0 36 45
0 15 16
0 4 4
3 0 3
0 1 0
1 50 317
0 15 20
4 0 382
2 0 2
0 1 0
0 37 36
0 8 5
0 5 4
1 45 286
0 1 0
0 19 15
2 0 3
2 0 3
0 45 60
0 1 0
1 6 29
0 28 27
0 20 14
1 12 96
0 1 0
0 49 20
0 32 19
0 41 33
0 33 35
0 1 0
4 0 536
0 12 19
1 35 310
1 44 375
0 1 0
1 45 322
4 0 605
0 1 1
0 26 31
0 1 0
3 0 4
4 0 651
4 0 582
4 0 578
0 1 0
0 33 48
2 0 0
0 29 11
4 0 753
0 1 0
4 0 367
3 0 6
0 8 1
0 39 31
0 1 0
0 19 18
0 13 19
3 0 4
0 7 9
0 1 0
1 13 67
2 0 6
1 36 227
0 49 42
0 1 0
0 30 14
0 46 10
0 12 8
0 13 7
0 1 0
0 39 57
1 6 33
2 0 8
0 30 22
0 1 0
3 0 3
0 11 17
0 25 12
3 0 2
0 1 0
4 0 410
3 0 2
4 0 893
0 6 5
0 1 0
0 10 8
0 23 32
0 26 21
2 0 5
0 1 0
3 0 7
0 41 26
2 0 3
2 0 6
0 1 0
3 0 10
0 6 7
2 0 1
0 36 34
0 1 0
2 0 2
2 0 5
0 27 29
1 18 61
0 1 0
0 36 33
0 8 7
1 18 59
2 0 1
0 1 0
0 32 37
0 39 45
3 0 6
4 0 849
0 1 0
0 33 23
2 0 1
4 0 301
3 0 4
0 1 0
2 0 4
0 50 48
2 0 3
2 0 7
0 1 0
4 0 906
0 44 20
0 28 39
2 0 7
0 1 0
0 40 55
0 8 4
3 0 10
3 0 5
0 1 0
0 48 33
0 13 13
1 50 290
3 0 7
0 1 0
2 0 3
2 0 2
0 25 24
3 0 2
0 1 0
2 0 5
1 11 60
3 0 5
3 0 4
0 1 0
0 13 12
1 2 16
1 45 313
3 0 2
0 1 0
1 48 272
2 0 7
0 31 29
0 47 17
0 1 0
3 0 5
3 0 8
3 0 10
0 36 54
0 1 0
3 0 0
1 48 356
3 0 1
0 50 54
0 1 0
0 29 25
3 0 0
3 0 0
3 0 2
0 1 0
3 0 9
0 34 25
3 0 7
0 9 9
0 1 0
3 0 9
1 15 119
4 0 865
3 0 9
0 1 0
1 16 119
0 24 20
0 36 9
1 25 209
0 1 0
3 0 2
2 0 10
0 23 27
0 7 5
0 1 0
0 32 4
0 34 32
3 0 3
0 50 60
0 1 0
3 0 1
3 0 9
1 35 193
2 0 0
0 1 0
2 0 5
0 17 29
2 0 3
4 0 344
0 1 0
2 0 4
4 0 874
0 12 13
0 7 4
0 1 0
2 0 8
0 24 36
0 12 18
2 0 9
0 1 0
0 34 38
0 34 37
0 49 27
1 49 254
0 1 0
1 8 40
2 0 3
4 0 635
0 7 10
0 1 0
0 1 1
4 0 655
0 2 1
0 10 9
0 1 0
2 0 0
1 41 175
1 40 307
3 0 5
0 1 0
2 0 1
0 42 37
2 0 7
0 39 43
0 1 0
2 0 8
0 46 13
2 0 3
1 28 213
0 1 0
1 32 157
0 46 42
3 0 8
3 0 10
0 1 0
1 37 348
0 11 14
0 29 22
0 23 22
0 1 0
4 0 989
2 0 8
0 35 41
0 44 15
0 1 0
0 31 35
0 47 31
0 31 32
0 22 29
0 1 0
0 21 22
1 48 287
2 0 10
2 0 2
0 1 0
0 31 32
1 37 162
0 18 24
2 0 10
0 1 0
3 0 9
3 0 8
0 6 9
0 50 30
0 1 0
3 0 5
2 0 6
3 0 8
2 0 3
0 1 0
2 0 2
0 6 10
3 0 6
3 0 2
0 1 0
0 3 4
2 0 10
1 16 70
1 24 111
0 1 0
0 37 59
0 26 15
2 0 9
2 0 5
0 1 0
3 0 4
2 0 7
1 18 65
1 13 119
0 1 0
0 45 39
0 28 36
3 0 7
0 7 5
0 1 0
0 34 44
0 1 1
0 44 50
0 9 6
0 1 0
0 35 36
2 0 5
3 0 2
2 0 1
0 1 0
3 0 5
3 0 2
0 25 19
0 1 1
0 1 0
1 30 157
0 47 50
0 27 25
1 49 265
0 1 0
3 0 0
4 0 851
3 0 3
4 0 892
0 1 0
1 5 25
3 0 5
3 0 5
3 0 9
0 1 0
0 34 51
3 0 6
3 0 7
1 1 6
0 1 0
4 0 656
0 14 12
3 0 7
3 0 6
0 1 0
2 0 3
2 0 10
0 20 26
0 3 3
0 1 0
3 0 3
0 9 5
0 46 53
3 0 0
0 1 0
4 0 732
0 8 10
2 0 8
1 49 220
0 1 0
0 2 2
0 19 17
1 46 334
1 12 67
0 1 0
0 30 59
0 5 4
0 15 18
2 0 2
0 1 0
2 0 9
2 0 0
0 20 15
1 18 131
0 1 0
2 0 5
4 0 429
2 0 7
1 44 287
0 1 0
1 5 25
1 7 46
0 5 5
0 26 16
0 1 0
0 18 10
4 0 975
0 19 6
0 43 64
0 1 0
0 15 12
4 0 995
0 33 41
1 8 44
0 1 0
1 35 201
0 49 82
0 45 26
0 46 46
0 1 0
0 15 13
4 0 366
0 8 5
3 0 6
0 1 0
0 48 39
1 22 169
3 0 1
2 0 10
0 1 0
2 0 2
1 44 477
0 33 25
1 28 185
0 1 0
2 0 1
0 34 14
0 30 24
2 0 7
0 1 0
0 21 14
1 37 218
0 2 2
0 32 32
0 1 0
0 43 48
0 45 44
1 17 87
3 0 6
0 1 0
2 0 6
0 8 9
2 0 2
0 33 50
0 1 0
0 16 10
0 34 40
3 0 0
1 19 119
0 1 0
0 36 26
0 27 17
1 9 58
0 17 16
0 1 0
0 12 17
0 40 18
0 11 12
0 3 2
0 1 0
0 24 27
0 43 57
0 41 29
4 0 889
0 1 0
0 8 12
3 0 10
3 0 5
2 0 0
0 1 0
0 27 33
3 0 1
3 0 7
1 38 71
0 1 0
4 0 351
0 13 7
2 0 9
2 0 4
0 1 0
3 0 4
0 14 16
0 30 30
1 6 47
0 1 0
4 0 399
3 0 6
0 39 51
1 26 256
0 1 0
0 30 24
1 49 261
2 0 7
4 0 295
0 1 0
0 26 19
0 3 4
0 19 15
0 38 25
0 1 0
0 28 25
2 0 4
1 16 78
1 8 31
0 1 0
4 0 389
1 32 146
0 41 54
2 0 6
0 1 0
2 0 5
3 0 6
0 33 27
3 0 4
0 1 0
2 0 10
3 0 6
0 4 2
0 19 10
0 1 0
0 41 34
0 33 21
0 27 33
0 25 12
0 1 0
0 19 12
2 0 10
0 18 12
1 24 132
0 1 0
4 0 280
2 0 2
0 7 10
3 0 7
0 1 0
4 0 341
3 0 6
0 8 8
0 33 27
0 1 0
0 26 27
2 0 8
4 0 727
1 21 162
0 1 0
1 39 102
1 13 94
0 21 1
0 19 26
0 1 0
0 35 33
0 38 31
3 0 6
1 15 97
0 1 0
0 42 46
0 6 10
2 0 2
1 25 158
0 1 0
0 3 2
1 11 87
2 0 6
0 18 13
0 1 0
2 0 9
3 0 1
0 6 9
2 0 2
0 1 0
3 0 9
2 0 9
2 0 4
1 4 28
0 1 0
0 9 14
0 18 13
3 0 9
0 38 54
0 1 0
3 0 1
0 44 75
4 0 233
0 32 47
0 1 0
1 32 127
1 1 7
3 0 0
2 0 8
0 1 0
1 19 95
1 50 209
0 25 14
0 32 28
0 1 0
1 33 303
0 35 19
2 0 9
0 29 39
0 1 0
0 6 5
1 34 172
3 0 3
2 0 0
0 1 0
3 0 5
1 25 126
2 0 0
0 26 34
0 1 0
3 0 4
3 0 10
2 0 0
0 24 38
0 1 0
1 11 83
1 36 306
0 18 5
0 24 40
0 1 0
0 21 16
2 0 6
3 0 5
0 5 6
0 1 0
2 0 4
0 1 1
0 18 22
2 0 3
0 1 0
3 0 7
2 0 0
4 0 450
1 40 301
0 1 0
1 40 166
0 34 20
4 0 719
3 0 6
0 1 0
2 0 10
0 21 25
3 0 10
2 0 7
0 1 0
2 0 0
1 28 178
3 0 3
0 26 37
0 1 0
2 0 4
0 37 12
3 0 4
0 13 7
0 1 0
2 0 4
2 0 3
0 8 10
1 11 74
0 1 0
2 0 3
0 20 11
2 0 8
0 46 47
0 1 0
4 0 290
0 40 47
2 0 4
0 40 36
0 1 0
0 50 39
0 36 45
0 50 60
0 5 6
0 1 0
1 24 85
3 0 5
0 48 53
2 0 5
0 1 0
2 0 5
0 24 36
3 0 3
0 2 2
0 1 0
0 35 53
2 0 0
0 50 26
1 17 109
0 1 0
2 0 1
0 10 7
3 0 0
0 48 28
0 1 0
1 44 221
1 11 48
3 0 0
3 0 2
0 1 0
0 4 3
0 1 1
1 22 133
2 0 2
0 1 0
1 12 46
0 44 45
1 28 218
2 0 10
0 1 0
1 37 173
3 0 5
2 0 1
1 36 90
0 1 0
0 19 23
3 0 5
1 27 176
3 0 2
0 1 0
1 19 88
0 1 1
3 0 2
3 0 4
0 1 0
2 0 7
2 0 5
2 0 3
2 0 1
0 1 0
0 9 16
0 35 40
2 0 6
0 32 45
0 1 0
3 0 2
0 28 38
3 0 6
3 0 1
0 1 0
0 5 2
2 0 7
1 43 269
0 27 22
0 1 0
1 31 247
1 16 59
0 3 2
0 2 3
0 1 0
0 47 53
0 46 54
1 17 89
0 4 3
0 1 0
0 35 42
3 0 9
3 0 3
2 0 9
0 1 0
3 0 9
0 32 40
1 36 119
3 0 9
0 1 0
0 8 7
0 13 8
0 38 29
0 15 10
0 1 0
0 24 23
1 20 76
1 37 280
0 34 26
0 1 0
0 15 15
0 18 8
0 29 34
0 44 38
0 1 0
0 2 1
2 0 10
2 0 3
2 0 7
0 1 0
1 2 11
0 47 48
1 38 318
3 0 3
0 1 0
3 0 4
4 0 765
0 50 90
0 10 13
0 1 0
4 0 413
0 50 68
1 41 456
3 0 7
0 1 0
1 8 73
0 34 66
2 0 8
3 0 2
0 1 0
0 34 30
2 0 9
3 0 7
2 0 10
0 1 0
0 1 1
1 14 87
1 11 56
1 4 22
0 1 0
4 0 843
1 40 298
4 0 565
2 0 0
0 1 0
1 3 20
0 36 42
3 0 10
0 48 33
0 1 0
1 11 65
3 0 8
2 0 1
0 24 33
0 1 0
0 5 3
0 42 46
0 50 76
0 5 7
0 1 0
1 8 54
0 13 19
3 0 2
1 14 69
0 1 0
2 0 4
0 48 20
2 0 7
0 45 17
0 1 0
2 0 7
1 9 42
3 0 5
2 0 7
0 1 0
1 28 112
2 0 8
0 50 50
0 17 3
0 1 0
3 0 10
3 0 7
1 44 263
0 30 40
0 1 0
0 16 17
0 33 29
0 3 4
0 21 15
0 1 0
3 0 5
0 25 21
0 28 32
4 0 989
0 1 0
4 0 831
0 16 22
0 41 80
0 4 4
0 1 0
0 30 36
4 0 431
0 20 14
0 35 38
0 1 0
0 5 6
0 27 25
0 17 17
1 14 134
0 1 0
3 0 4
0 33 73
2 0 4
0 27 24
0 1 0
1 22 225
0 15 18
0 30 25
0 46 30
0 1 0
0 23 13
0 18 8
0 2 2
4 0 531
0 1 0
3 0 2
1 33 131
3 0 7
3 0 5
0 1 0
4 0 657
1 8 28
1 45 425
1 40 246
0 1 0
0 4 3
3 0 8
0 7 7
0 36 37
0 1 0
0 43 38
0 27 18
1 19 41
1 33 135
0 1 0
3 0 9
3 0 6
0 47 57
3 0 5
0 1 0
2 0 9
2 0 8
0 5 7
4 0 894
0 1 0
4 0 684
0 45 48
3 0 8
3 0 2
0 1 0
4 0 347
3 0 7
0 23 27
0 13 16
0 1 0
0 27 33
0 19 23
3 0 0
0 50 34
0 1 0
3 0 7
0 37 16
0 26 36
0 34 35
0 1 0
1 39 205
1 14 94
2 0 1
4 0 302
0 1 0
1 23 140
1 14 141
3 0 5
0 39 62
0 1 0
0 11 9
2 0 1
0 42 30
3 0 9
0 1 0
0 47 23
3 0 10
4 0 769
2 0 6
0 1 0
0 21 14
3 0 6
0 32 35
0 41 36
0 1 0
4 0 535
0 7 8
4 0 753
2 0 8
0 1 0
3 0 5
2 0 4
0 17 28
0 9 10
0 1 0
0 4 1
0 19 23
3 0 9
0 6 7
0 1 0
0 2 1
4 0 669
1 31 217
0 23 23
0 1 0
0 15 21
3 0 3
0 7 7
2 0 5
0 1 0
0 41 27
0 6 9
0 18 9
0 20 24
0 1 0
4 0 436
0 43 38
4 0 559
1 6 43
0 1 0
2 0 2
4 0 257
0 34 38
0 37 44
0 1 0
0 30 36
0 24 19
3 0 3
4 0 561
0 1 0
0 33 27
0 4 3
3 0 10
0 46 37
0 1 0
2 0 9
4 0 784
3 0 5
0 26 44
0 1 0
1 35 341
3 0 6
3 0 9
3 0 9
0 1 0
4 0 615
1 41 258
0 35 23
3 0 5
0 1 0
2 0 0
0 17 12
1 13 87
2 0 9
0 1 0
0 31 18
3 0 6
2 0 3
4 0 381
0 1 0
3 0 1
2 0 7
0 40 68
1 7 11
0 1 0
0 37 38
0 10 13
0 45 60
0 28 25
0 1 0
1 27 178
0 5 3
1 2 18
1 10 60
0 1 0
0 32 35
1 1 4
0 50 28
0 4 5
0 1 0
2 0 0
0 2 3
1 47 225
1 27 188
0 1 0
0 17 15
1 41 147
0 25 26
0 15 10
0 1 0
2 0 3
1 6 24
0 29 22
1 37 111
0 1 0
2 0 2
1 22 85
0 3 3
0 13 15
0 1 0
4 0 298
0 46 57
2 0 6
0 19 23
0 1 0
2 0 7
0 6 6
4 0 396
3 0 2
0 1 0
3 0 5
3 0 9
1 15 73
0 31 41
0 1 0
4 0 898
0 11 9
3 0 3
3 0 7
0 1 0
3 0 2
0 50 43
0 7 1
0 5 5
0 1 0
0 12 14
0 29 36
0 41 44
3 0 3
0 1 0
3 0 7
3 0 6
2 0 1
0 43 52
0 1 0
4 0 997
0 24 15
3 0 3
2 0 4
0 1 0
2 0 5
3 0 4
0 28 14
0 25 20
0 1 0
2 0 10
0 37 41
0 37 66
0 14 20
0 1 0
0 27 16
4 0 542
0 17 10
2 0 6
0 1 0
0 7 7
0 20 27
1 4 24
1 16 156
0 1 0
2 0 6
0 21 27
1 39 270
2 0 6
0 1 0
0 11 15
3 0 4
0 44 24
2 0 9
0 1 0
1 34 302
0 26 19
3 0 10
0 36 38
0 1 0
2 0 3
0 12 14
3 0 9
1 40 268
0 1 0
0 50 64
1 15 78
0 43 41
0 41 47
0 1 0
3 0 1
3 0 10
0 49 39
0 2 2
0 1 0
0 34 54
1 48 346
2 0 7
0 22 26
0 1 0
0 24 24
2 0 4
0 28 37
0 49 43
0 1 0
2 0 0
2 0 6
1 22 159
0 32 42
0 1 0
3 0 5
1 5 49
1 2 7
0 25 30
0 1 0
0 42 45
2 0 7
2 0 7
2 0 0
0 1 0
2 0 1
1 50 418
0 45 31
2 0 3
0 1 0
2 0 6
2 0 1
2 0 6
0 22 29
0 1 0
0 4 3
0 39 45
0 33 21
1 31 184
0 1 0
3 0 6
1 8 10
3 0 5
0 28 27
0 1 0
2 0 0
0 50 57
0 28 28
2 0 7
0 1 0
0 32 42
1 1 5
0 13 11
0 17 13
0 1 0
2 0 6
1 14 67
0 9 13
0 20 20
0 1 0
3 0 3
3 0 4
0 34 6
0 30 20
0 1 0
0 27 18
0 4 4
0 11 13
0 1 1
0 1 0
2 0 9
4 0 968
0 28 21
1 26 120
0 1 0
4 0 913
0 27 24
1 21 106
1 42 267
0 1 0
4 0 860
1 34 187
4 0 201
0 3 3
0 1 0
1 49 344
0 35 33
0 49 49
3 0 5
0 1 0
0 43 33
0 19 18
2 0 4
0 12 10
0 1 0
0 45 33
0 39 40
0 27 10
3 0 8
0 1 0
3 0 6
1 21 102
0 23 13
4 0 203
0 1 0
0 12 12
2 0 8
0 10 7
0 3 3
0 1 0
0 46 54
3 0 6
0 29 35
2 0 0
0 1 0
0 43 60
1 48 281
0 25 25
0 33 49
0 1 0
1 4 11
1 12 106
0 8 5
1 8 53
0 1 0
2 0 7
0 12 13
0 10 8
4 0 828
0 1 0
0 13 12
0 36 32
2 0 4
2 0 7
0 1 0
0 24 27
2 0 10
3 0 7
0 5 6
0 1 0
4 0 755
3 0 9
4 0 401
0 21 10
0 1 0
3 0 10
2 0 8
2 0 0
3 0 0
0 1 0
1 7 31
0 20 17
1 9 74
1 3 26
0 1 0
4 0 764
0 50 48
0 10 8
1 27 165
0 1 0
1 12 84
2 0 8
0 28 31
1 49 271
0 1 0
0 1 1
0 21 40
0 41 44
0 29 30
0 1 0
2 0 2
3 0 6
0 25 23
0 34 24
0 1 0
0 11 18
4 0 661
0 8 14
1 21 158
0 1 0
1 12 84
3 0 8
0 2 1
3 0 0
0 1 0
0 46 61
2 0 1
0 14 5
0 18 24
0 1 0
0 34 44
0 2 3
3 0 8
3 0 8
0 1 0
0 21 13
1 36 175
2 0 6
1 25 128
0 1 0
2 0 5
3 0 1
4 0 763
2 0 6
0 1 0
2 0 8
2 0 3
3 0 7
0 31 35
0 1 0
2 0 4
0 46 32
0 46 90
0 32 39
0 1 0
3 0 4
0 15 17
0 10 13
3 0 0
0 1 0
3 0 0
2 0 6
0 15 17
2 0 5
0 1 0
0 28 23
0 50 65
4 0 420
0 33 50
0 1 0
4 0 535
4 0 458
0 12 6
0 31 30
0 1 0
0 5 3
0 8 5
1 34 243
2 0 4
0 1 0
0 38 26
0 18 14
4 0 261
0 7 3
0 1 0
2 0 10
0 30 42
1 2 14
2 0 0
0 1 0
0 2 2
0 9 4
4 0 613
1 46 284
0 1 0
2 0 2
0 24 40
1 27 283
0 47 57
0 1 0
2 0 3
0 30 43
0 8 9
0 46 33
0 1 0
0 19 21
1 8 68
3 0 2
2 0 10
0 1 0
2 0 1
0 26 27
3 0 5
1 9 26
0 1 0
0 21 18
0 17 20
2 0 10
4 0 587
0 1 0
2 0 2
1 15 98
0 2 3
3 0 6
0 1 0
0 30 44
0 15 20
0 37 23
3 0 4
0 1 0
3 0 9
0 22 21
0 6 7
0 29 29
0 1 0
2 0 7
0 30 3
0 39 33
0 22 28
0 1 0
0 23 23
0 16 3
1 30 133
0 47 72
0 1 0
0 23 26
1 45 345
0 29 15
0 22 30
0 1 0
0 41 50
0 1 1
0 11 7
1 28 217
0 1 0
0 37 44
0 2 2
0 14 19
0 8 6
0 1 0
2 0 1
0 46 44
1 31 182
1 9 60
0 1 0
3 0 10
4 0 214
1 42 115
0 31 23
0 1 0
0 3 1
2 0 3
0 26 28
0 10 18
0 1 0
0 29 25
1 14 64
0 9 8
0 24 24
0 1 0
1 15 60
0 20 23
3 0 10
1 50 466
0 1 0
1 35 98
0 47 45
0 12 7
1 11 59
0 1 0
2 0 6
3 0 10
0 30 32
0 26 21
0 1 0
3 0 2
0 19 6
0 37 43
2 0 7
0 1 0
0 48 41
2 0 3
0 5 5
3 0 10
0 1 0
0 16 22
1 16 97
1 20 107
3 0 4
0 1 0
1 12 39
0 44 27
3 0 6
0 40 44
0 1 0
1 23 130
3 0 2
1 34 209
0 33 43
0 1 0
0 31 24
3 0 6
0 48 61
0 44 57
0 1 0
0 34 31
1 43 116
2 0 7
3 0 8
0 1 0
2 0 9
0 30 16
0 2 2
2 0 5
0 1 0
0 31 33
2 0 10
4 0 785
0 49 45
0 1 0
0 43 43
1 3 15
0 49 32
0 7 8
0 1 0
0 3 1
2 0 8
3 0 1
1 8 38
0 1 0
3 0 5
0 39 40
3 0 10
2 0 7
0 1 0
0 4 5
1 29 241
4 0 403
2 0 8
0 1 0
2 0 4
3 0 0
2 0 5
0 19 16
0 1 0
0 12 10
1 11 51
0 19 25
0 40 58
0 1 0
3 0 4
2 0 6
2 0 10
1 44 259
0 1 0
0 21 27
0 10 5
0 13 19
2 0 6
0 1 0
4 0 642
0 36 39
3 0 5
0 16 24
0 1 0
1 18 158
1 7 49
1 39 269
1 43 226
0 1 0
0 6 4
1 14 72
0 15 21
0 25 19
0 1 0
3 0 4
0 32 30
3 0 0
0 30 22
0 1 0
2 0 0
2 0 0
3 0 3
4 0 756
0 1 0
0 33 32
3 0 4
3 0 0
2 0 8
0 1 0
0 45 24
1 40 272
3 0 0
3 0 9
0 1 0
4 0 518
2 0 1
3 0 4
1 5 30
0 1 0
0 14 17
0 4 5
0 41 59
2 0 3
0 1 0
3 0 6
4 0 471
2 0 8
0 50 46
0 1 0
1 36 222
0 25 35
0 48 37
1 44 359
0 1 0
3 0 3
0 9 11
3 0 7
0 30 20
0 1 0
2 0 4
1 4 19
0 46 53
2 0 1
0 1 0
0 8 5
1 22 167
0 10 9
1 49 212
0 1 0
1 9 42
2 0 0
3 0 0
2 0 2
0 1 0
0 50 57
2 0 9
2 0 10
0 10 14
0 1 0
0 31 39
1 12 71
0 27 49
2 0 5
0 1 0
2 0 2
0 31 38
3 0 9
4 0 922
0 1 0
3 0 0
0 38 36
3 0 7
1 15 71
0 1 0
3 0 1
0 40 37
0 6 6
0 14 19
0 1 0
3 0 9
1 4 25
3 0 5
1 22 137
0 1 0
2 0 0
2 0 3
3 0 2
1 28 149
0 1 0
0 38 19
1 23 63
3 0 2
1 18 127
0 1 0
0 4 6
0 31 21
2 0 7
0 13 13
0 1 0
3 0 8
0 23 22
3 0 3
0 10 8
0 1 0
3 0 7
0 14 8
0 49 33
4 0 418
0 1 0
0 18 15
0 29 29
0 26 25
0 46 51
0 1 0
0 32 33
1 25 104
2 0 0
2 0 10
0 1 0
4 0 271
0 24 23
2 0 5
4 0 494
0 1 0
2 0 2
3 0 9
0 34 31
0 8 9
0 1 0
1 14 85
3 0 8
1 11 58
1 34 197
0 1 0
0 50 43
0 18 23
0 29 25
1 46 360
0 1 0
0 9 8
3 0 5
4 0 414
2 0 10
0 1 0
3 0 10
0 36 38
0 35 15
0 35 47
0 1 0
2 0 1
2 0 9
0 20 16
0 11 14
0 1 0
0 28 25
1 46 301
1 12 101
1 8 29
0 1 0
3 0 5
0 8 9
0 16 16
0 5 5
0 1 0
0 48 57
0 32 39
0 23 30
3 0 1
0 1 0
0 42 29
3 0 9
3 0 6
0 38 41
0 1 0
1 33 237
1 15 155
0 4 5
0 42 49
0 1 0
1 26 282
3 0 1
0 38 9
3 0 7
0 1 0
2 0 8
1 22 158
2 0 2
3 0 0
0 1 0
3 0 2
4 0 876
3 0 3
3 0 1
0 1 0
0 47 45
4 0 248
0 14 6
0 10 11
0 1 0
0 14 13
3 0 1
1 41 210
0 10 10
0 1 0
0 8 4
0 30 36
0 20 7
2 0 7
0 1 0
0 19 18
2 0 9
4 0 894
3 0 3
0 1 0
1 21 146
3 0 0
1 23 132
3 0 6
0 1 0
2 0 5
0 27 28
3 0 0
3 0 8
0 1 0
3 0 6
0 14 10
0 5 7
0 39 41
0 1 0
3 0 7
2 0 4
0 47 48
2 0 1
0 1 0
0 14 16
1 24 140
0 40 52
0 33 7
0 1 0
3 0 9
2 0 6
0 22 9
0 2 1
0 1 0
0 50 57
3 0 6
3 0 4
0 6 8
0 1 0
2 0 8
1 30 122
0 35 18
0 44 34
0 1 0
0 10 8
2 0 8
3 0 2
0 17 23
0 1 0
3 0 2
1 20 79
1 3 18
0 9 15
0 1 0
1 50 252
0 6 5
2 0 2
2 0 4
0 1 0
0 21 33
2 0 2
2 0 5
0 4 3
0 1 0
0 36 26
2 0 0
4 0 902
0 16 11
0 1 0
4 0 867
4 0 331
0 40 50
0 38 25
0 1 0
0 47 41
0 3 3
0 47 82
3 0 4
0 1 0
1 50 323
0 7 9
0 6 7
0 16 17
0 1 0
3 0 10
0 8 7
0 38 17
1 44 345
0 1 0
0 15 13
2 0 9
0 38 44
0 1 1
0 1 0
2 0 1
3 0 3
0 44 35
0 16 19
0 1 0
1 43 331
1 30 137
0 17 7
1 9 75
0 1 0
3 0 5
0 42 54
0 25 19
3 0 9
0 1 0
0 24 17
4 0 745
4 0 741
2 0 4
0 1 0
3 0 4
0 11 11
4 0 393
3 0 3
0 1 0
0 42 48
3 0 1
1 48 410
0 50 41
0 1 0
0 28 15
0 32 32
0 34 30
3 0 4
0 1 0
0 3 2
0 6 9
2 0 5
0 18 22
0 1 0
1 28 143
3 0 5
0 25 22
0 28 30
0 1 0
0 39 26
3 0 2
0 29 41
0 40 45
0 1 0
4 0 492
3 0 4
2 0 10
0 27 9
0 1 0
3 0 3
0 31 18
0 13 15
1 15 193
0 1 0
0 23 17
3 0 5
2 0 1
0 12 8
0 1 0
2 0 1
1 50 292
0 6 3
2 0 7
0 1 0
0 16 19
3 0 9
2 0 10
1 24 151
0 1 0
2 0 8
2 0 0
3 0 9
0 46 50
0 1 0
0 32 29
3 0 8
2 0 10
0 25 32
0 1 0
3 0 7
3 0 9
0 20 16
0 28 47
0 1 0
3 0 5
0 49 30
2 0 6
0 41 58
0 1 0
0 19 13
0 30 21
0 6 6
2 0 8
0 1 0
2 0 6
0 50 77
0 3 3
2 0 3
0 1 0
0 6 7
0 46 16
4 0 556
0 34 28
0 1 0
0 15 9
4 0 490
3 0 7
4 0 528
0 1 0
0 40 27
3 0 1
2 0 8
0 50 59
0 1 0
0 25 31
3 0 4
0 27 24
4 0 837
0 1 0
1 22 116
0 45 80
1 7 31
4 0 452
0 1 0
3 0 2
4 0 205
0 3 1
1 24 226
0 1 0
4 0 707
0 45 60
0 38 36
1 7 62
0 1 0
0 50 54
3 0 9
0 33 25
1 6 9
0 1 0
0 8 9
4 0 358
1 1 6
1 32 139
0 1 0
1 37 370
1 15 72
3 0 5
0 48 28
0 1 0
3 0 1
4 0 891
1 6 35
0 1 1
0 1 0
2 0 0
2 0 6
0 27 11
3 0 3
0 1 0
1 20 113
3 0 9
1 3 19
0 50 50
0 1 0
3 0 10
1 38 241
1 14 93
3 0 7
0 1 0
3 0 5
1 28 182
0 25 27
1 11 56
0 1 0
0 24 32
0 48 54
2 0 0
2 0 7
0 1 0
2 0 1
0 32 41
2 0 1
0 2 2
0 1 0
0 4 3
0 8 5
0 25 24
4 0 344
0 1 0
0 43 24
2 0 7
3 0 10
0 49 29
0 1 0
2 0 1
4 0 316
2 0 2
3 0 9
0 1 0
2 0 7
0 38 33
3 0 6
2 0 2
0 1 0
3 0 4
0 19 15
3 0 3
0 49 54
0 1 0
0 2 2
0 37 46
2 0 3
2 0 7
0 1 0
0 17 15
0 19 19
3 0 9
0 20 9
0 1 0
0 42 32
0 45 47
3 0 0
1 1 5
0 1 0
1 24 178
3 0 3
0 27 20
0 9 11
0 1 0
2 0 4
3 0 10
0 19 18
0 44 67
0 1 0
3 0 6
1 47 379
0 4 4
0 50 56
0 1 0
1 24 104
0 19 31
3 0 0
3 0 1
0 1 0
0 37 12
0 29 24
1 46 208
4 0 497
0 1 0
1 30 165
3 0 6
3 0 5
0 24 30
0 1 0
0 7 10
1 47 510
2 0 10
0 25 9
0 1 0
0 22 33
0 42 52
0 48 39
4 0 224
0 1 0
2 0 0
1 2 7
0 40 44
0 8 13
0 1 0
0 5 6
2 0 10
2 0 1
0 32 51
0 1 0
0 24 20
1 43 272
3 0 10
0 46 38
0 1 0
1 6 46
0 35 41
0 26 27
0 15 8
0 1 0
0 9 9
0 49 22
0 40 57
1 42 310
0 1 0
3 0 1
0 35 33
0 36 49
0 20 22
0 1 0
2 0 10
0 23 25
0 41 42
0 14 19
0 1 0
0 29 26
2 0 4
4 0 338
2 0 2
0 1 0
0 45 51
0 8 10
0 33 51
0 42 66
0 1 0
3 0 7
3 0 6
4 0 648
0 41 27
0 1 0
0 24 24
0 30 38
1 25 140
0 42 50
0 1 0
0 35 35
0 11 14
1 35 120
0 45 70
0 1 0
1 15 79
0 34 34
0 33 28
2 0 2
0 1 0
3 0 4
3 0 2
0 48 39
2 0 1
0 1 0
2 0 5
3 0 9
3 0 3
3 0 6
0 1 0
3 0 9
3 0 5
0 33 19
0 21 20
0 1 0
0 35 25
3 0 7
4 0 811
0 27 21
0 1 0
2 0 8
1 38 222
1 6 48
3 0 0
0 1 0
0 3 3
3 0 5
0 25 15
0 26 32
0 1 0
3 0 6
2 0 2
0 47 8
0 35 50
0 1 0
2 0 6
0 23 16
1 21 118
2 0 5
0 1 0
3 0 10
0 29 33
3 0 4
2 0 0
0 1 0
0 13 14
2 0 2
3 0 7
1 37 261
0 1 0
0 10 21
1 33 110
3 0 2
3 0 2
0 1 0
0 20 13
2 0 4
2 0 7
0 31 40
0 1 0
0 30 17
0 19 31
4 0 314
0 8 10
0 1 0
0 31 39
3 0 6
3 0 9
2 0 9
0 1 0
0 6 5
4 0 457
1 47 416
3 0 6
0 1 0
2 0 9
0 28 20
0 48 69
0 49 60
0 1 0
0 6 6
0 13 12
2 0 3
0 39 24
0 1 0
0 49 63
1 42 223
3 0 8
0 41 58
0 1 0
0 44 68
1 47 391
0 43 54
2 0 4
0 1 0
3 0 10
0 5 4
3 0 7
0 38 53
0 1 0
1 13 96
1 7 52
0 11 9
3 0 8
0 1 0
2 0 10
0 29 29
2 0 3
0 37 47
0 1 0
1 46 381
0 6 4
0 11 6
0 42 43
0 1 0
2 0 8
0 36 33
0 33 20
0 8 5
0 1 0
0 36 9
0 5 4
0 48 47
4 0 261
0 1 0
3 0 7
3 0 1
0 31 21
2 0 1
0 1 0
1 33 264
1 10 39
3 0 1
1 3 11
0 1 0
0 39 58
3 0 2
2 0 2
0 35 38
0 1 0
0 19 28
0 20 13
4 0 230
1 5 33
0 1 0
2 0 7
1 42 195
4 0 236
1 42 104
0 1 0
0 40 45
3 0 3
2 0 10
3 0 1
0 1 0
2 0 5
3 0 2
0 21 29
3 0 0
0 1 0
2 0 1
0 14 19
3 0 3
0 38 46
0 1 0
1 6 33
4 0 905
0 48 66
0 42 28
0 1 0
0 15 11
3 0 8
4 0 966
0 37 14
0 1 0
0 40 1
1 3 24
0 31 67
1 24 115
0 1 0
0 5 8
1 9 81
0 40 40
3 0 7
0 1 0
0 43 33
0 22 17
0 3 3
0 5 6
0 1 0
3 0 1
1 18 130
0 19 12
0 42 42
0 1 0
0 30 24
2 0 6
3 0 0
2 0 10
0 1 0
0 9 5
0 45 32
3 0 5
2 0 4
0 1 0
2 0 0
0 9 9
3 0 7
0 16 16
0 1 0
2 0 8
0 29 36
3 0 5
3 0 1
0 1 0
3 0 0
2 0 1
2 0 3
2 0 6
0 1 0
1 41 174
2 0 8
3 0 8
0 25 26
0 1 0
3 0 9
0 3 1
2 0 10
3 0 5
0 1 0
3 0 9
0 1 1
4 0 757
0 4 7
0 1 0
0 20 17
3 0 5
2 0 5
0 14 8
0 1 0
0 17 31
4 0 435
0 29 40
1 40 402
0 1 0
2 0 10
0 28 14
2 0 9
2 0 8
0 1 0
1 34 230
0 11 13
0 18 18
3 0 3
0 1 0
0 28 29
0 32 24
3 0 7
1 37 291
0 1 0
3 0 1
0 22 33
3 0 0
0 7 5
0 1 0
1 32 179
1 6 24
1 47 170
3 0 5
0 1 0
0 38 69
0 49 53
3 0 10
0 30 35
0 1 0
0 10 11
0 49 66
0 12 8
2 0 4
0 1 0
0 20 13
0 50 68
4 0 546
0 6 5
0 1 0
0 43 52
0 34 26
3 0 9
2 0 5
0 1 0
1 12 117
3 0 9
0 16 16
0 5 2
0 1 0
4 0 650
0 9 7
0 46 69
0 31 30
0 1 0
3 0 1
0 49 79
2 0 6
2 0 5
0 1 0
0 16 11
0 1 1
2 0 3
2 0 1
0 1 0
2 0 7
0 9 9
3 0 6
0 50 30
0 1 0
1 49 157
1 15 105
0 12 11
0 22 18
0 1 0
2 0 9
2 0 6
1 13 100
0 46 95
0 1 0
3 0 10
0 17 22
0 1 1
2 0 0
0 1 0
1 39 191
0 35 48
3 0 6
4 0 393
0 1 0
0 40 49
1 25 233
1 4 31
1 6 44
0 1 0
1 8 38
0 13 23
3 0 5
0 37 55
0 1 0
4 0 686
2 0 10
3 0 6
2 0 9
0 1 0
2 0 9
1 8 49
2 0 4
1 9 32
0 1 0
2 0 6
2 0 0
3 0 6
0 3 2
0 1 0
2 0 6
0 42 28
2 0 1
3 0 5
0 1 0
0 23 23
0 27 17
2 0 8
3 0 6
0 1 0
2 0 10
3 0 0
4 0 432
0 22 28
0 1 0
2 0 6
0 1 1
0 49 57
0 20 9
0 1 0
2 0 3
0 20 36
0 48 52
1 25 211
0 1 0
0 44 44
0 38 38
0 39 22
3 0 8
0 1 0
1 39 174
0 20 22
0 46 60
1 34 94
0 1 0
0 4 6
4 0 723
0 37 36
0 43 47
0 1 0
0 5 6
1 22 186
0 19 25
2 0 10
0 1 0
0 39 38
0 4 6
2 0 2
0 39 47
0 1 0
0 28 30
1 42 242
1 15 105
0 9 7
0 1 0
1 38 207
0 25 13
4 0 558
0 32 23
0 1 0
0 23 20
0 2 3
0 6 9
4 0 590
0 1 0
0 9 15
0 22 21
3 0 5
1 20 112
0 1 0
0 16 9
3 0 6
1 44 396
3 0 0
0 1 0
3 0 8
3 0 2
4 0 403
0 22 23
0 1 0
0 9 9
3 0 8
0 24 36
1 40 1
0 1 0
0 9 14
2 0 3
3 0 6
0 1 1
0 1 0
0 13 12
0 35 22
0 46 48
4 0 838
0 1 0
0 43 55
3 0 3
2 0 4
0 44 62
0 1 0
0 20 33
1 29 161
3 0 3
0 13 7
0 1 0
1 9 62
0 10 11
4 0 707
0 3 3
0 1 0
1 4 27
2 0 2
0 34 36
0 17 14
0 1 0
2 0 9
1 7 57
1 29 222
2 0 2
0 1 0
2 0 0
4 0 734
3 0 1
3 0 5
0 1 0
1 24 182
4 0 582
1 43 349
1 6 32
0 1 0
0 5 6
0 28 12
0 49 81
3 0 7
0 1 0
0 21 26
0 43 44
3 0 5
0 47 54
0 1 0
2 0 0
2 0 5
0 30 23
3 0 1
0 1 0
0 21 15
1 46 171
0 40 62
0 12 12
0 1 0
0 10 13
0 5 6
0 41 65
4 0 549
0 1 0
3 0 1
0 13 10
0 29 28
4 0 212
0 1 0
2 0 5
2 0 7
2 0 2
1 50 394
0 1 0
0 35 67
0 17 9
2 0 4
2 0 8
0 1 0
4 0 283
0 15 14
0 4 4
0 23 18
0 1 0
2 0 9
0 19 27
0 10 12
2 0 8
0 1 0
1 48 268
0 8 7
3 0 9
3 0 6
0 1 0
1 45 183
1 36 100
0 10 12
4 0 692
0 1 0
2 0 5
2 0 7
1 36 278
0 46 40
