3 2 3 1000
201 264
6 8
166 251
136 86
26 40
76 80
194 114
36 32
21 26
7 7
153 147
10 7
36 26
6 5
26 22
39 47
229 152
132 122
49 48
144 242
68 59
131 163
14 11
14 5
22 20
93 87
10 8
6 8
169 126
69 66
55 49
18 12
25 24
8 8
202 172
7 5
15 7
4 5
38 49
127 96
8 7
167 169
85 96
25 27
252 271
48 32
121 159
159 148
33 37
9 9
86 113
84 69
17 23
83 92
7 6
107 99
8 13
27 23
131 170
17 21
11 6
12 17
8 12
7 3
6 4
41 55
9 7
28 40
134 214
41 34
9 10
6 7
5 4
104 141
4 4
23 32
85 72
76 78
228 286
23 20
108 88
12 10
76 69
135 133
57 74
108 85
80 55
8 9
77 72
36 31
67 42
6 5
9 10
45 31
97 94
28 39
7 5
44 57
10 6
109 63
6 4
9 15
211 423
4 5
7 10
5 7
27 45
14 11
16 13
132 167
5 3
10 12
24 35
184 67
54 62
6 8
62 69
93 92
43 35
208 157
7 5
33 22
254 294
194 217
56 67
15 18
9 15
14 5
32 21
112 100
129 219
37 45
196 106
117 217
131 191
150 112
6 9
79 69
20 11
7 7
19 26
6 8
165 155
250 251
15 12
5 5
111 125
5 5
13 8
9 5
5 5
31 51
161 93
70 53
10 19
152 89
14 13
16 9
215 194
18 22
8 4
29 43
146 195
6 6
21 16
18 18
34 39
10 7
25 18
26 32
127 194
104 144
98 132
7 8
85 63
135 226
8 7
73 57
10 10
77 74
29 33
73 71
19 17
63 55
162 141
9 13
5 3
251 479
17 19
242 183
5 6
107 66
113 90
6 7
129 197
9 10
28 20
5 6
190 255
8 8
102 176
8 10
20 18
121 191
12 16
7 8
125 82
10 12
44 49
27 45
26 19
11 13
6 6
232 200
19 16
12 10
37 56
100 100
17 23
37 35
5 6
99 94
9 9
14 27
135 145
6 9
222 284
36 68
10 10
30 26
125 152
11 11
58 43
9 7
28 30
5 8
70 51
60 66
18 7
133 145
137 118
11 7
31 30
52 24
26 22
78 71
106 70
32 22
103 75
7 6
11 8
71 82
61 64
51 42
26 35
141 158
61 134
22 30
64 80
65 68
43 75
8 10
4 4
16 11
4 5
14 11
29 16
27 31
114 87
11 16
115 122
27 16
19 27
18 13
35 49
101 123
11 9
36 29
56 40
6 4
7 10
182 216
92 52
211 309
9 16
6 7
8 6
227 321
73 114
4 5
244 170
247 142
5 6
28 28
110 113
28 34
34 39
83 143
214 213
17 26
8 8
43 59
69 66
7 3
23 36
44 45
35 36
142 114
36 56
147 130
10 9
205 144
126 132
52 82
140 241
25 25
36 43
10 12
71 39
13 11
7 7
77 78
18 32
97 94
13 18
36 36
36 58
5 5
50 44
140 137
34 51
10 9
65 73
9 9
14 20
230 295
81 139
180 136
13 13
54 108
37 36
5 8
85 88
120 84
50 92
7 13
5 6
90 105
4 4
70 60
224 257
9 9
12 10
13 6
7 9
42 52
99 144
20 19
103 102
58 47
12 17
91 139
7 8
174 147
10 16
9 12
91 165
34 59
113 147
7 7
27 41
7 5
7 5
41 22
25 39
8 6
23 39
23 12
122 127
5 4
22 16
118 143
15 15
105 98
79 96
6 10
95 143
61 41
66 32
7 8
16 23
225 681
248 406
30 16
9 6
144 229
139 113
57 94
20 19
10 11
136 123
192 280
16 13
4 6
62 70
5 8
32 21
45 50
52 70
151 161
145 88
24 19
16 15
47 48
27 50
30 26
191 187
8 5
102 258
132 115
101 51
25 21
17 14
72 113
34 29
41 30
45 34
135 112
14 18
77 81
43 32
185 296
123 175
4 3
55 79
5 3
8 8
59 59
158 135
9 10
64 66
13 23
234 233
29 23
21 14
5 4
24 20
81 89
12 13
11 4
40 101
93 59
17 13
7 5
10 9
7 6
16 18
41 38
24 25
12 7
5 5
5 3
8 17
4 5
48 71
140 110
6 6
53 42
7 4
163 120
28 36
86 49
25 28
5 5
220 163
14 8
25 20
33 23
43 26
6 8
42 37
14 18
90 94
61 114
87 53
25 31
19 18
66 61
72 151
8 5
18 17
178 174
13 16
100 73
86 59
65 44
52 58
5 6
51 88
55 45
23 10
56 26
37 27
37 69
11 12
4 7
27 32
39 48
7 10
110 65
211 192
11 9
152 123
21 31
114 120
156 144
111 116
18 24
78 90
238 254
98 67
146 119
5 4
6 6
11 29
4 3
23 30
70 111
5 6
17 21
190 132
111 152
143 154
18 26
6 7
20 14
37 23
68 96
141 167
11 8
242 311
212 186
29 21
174 95
32 45
20 12
6 6
96 68
34 39
20 18
10 11
55 57
181 243
251 185
12 12
6 5
6 8
11 14
9 8
238 414
247 112
5 5
93 67
161 92
52 44
9 15
9 9
35 24
123 88
32 29
126 83
64 65
27 29
26 21
8 9
4 4
18 12
88 77
93 112
9 12
23 30
4 6
10 8
8 8
8 7
5 2
15 10
25 24
90 73
6 4
184 320
16 18
179 251
18 7
5 6
87 98
58 43
82 120
239 169
33 23
9 10
99 120
16 13
8 17
24 12
11 11
9 7
107 99
15 16
171 224
15 24
6 9
66 68
175 117
42 73
167 183
76 68
16 23
152 187
11 5
93 73
57 112
122 114
28 28
28 33
12 13
58 65
98 128
6 7
44 35
125 86
67 48
16 18
16 24
52 45
29 18
142 150
46 44
170 130
8 7
33 32
30 22
7 11
244 374
31 18
32 17
232 300
8 7
216 281
5 4
23 22
210 291
5 4
80 59
140 172
53 72
34 39
47 39
5 4
119 274
114 85
35 47
13 19
118 68
22 26
14 10
25 52
23 16
188 140
128 275
121 231
8 9
6 4
17 8
206 227
5 5
28 16
102 93
7 7
7 7
37 31
225 474
140 108
12 12
9 15
54 23
14 24
6 5
23 32
4 3
28 22
156 111
39 47
193 166
8 9
4 10
8 5
55 64
115 139
34 28
79 69
34 34
12 13
5 3
172 185
64 47
6 5
40 30
5 4
136 166
18 19
10 9
13 15
33 22
161 158
239 153
8 6
28 35
37 24
41 58
35 45
81 68
15 22
51 51
5 4
165 213
177 135
27 34
9 9
5 6
8 6
19 25
8 11
18 25
5 5
14 16
12 17
110 160
64 74
94 93
8 5
39 44
253 211
130 114
132 212
79 70
17 12
61 55
7 8
6 7
52 79
5 7
242 198
30 21
5 4
5 6
5 5
133 79
7 7
7 6
5 6
175 196
33 36
38 41
31 35
102 153
6 4
16 18
25 17
172 143
13 8
176 189
63 50
173 119
27 12
51 55
23 27
251 256
108 110
33 18
9 15
18 19
128 71
13 9
18 19
10 14
134 345
81 122
232 502
18 21
24 22
136 132
11 10
23 29
20 14
13 9
10 5
148 137
25 31
48 24
181 134
15 20
11 9
253 124
201 362
113 126
49 50
14 10
42 23
86 92
10 5
8 4
85 59
29 37
8 7
6 5
200 282
22 38
13 13
79 82
192 171
4 3
15 15
148 146
5 4
5 4
6 6
38 26
43 62
9 5
37 45
123 98
39 29
253 304
76 48
212 392
157 159
8 8
12 9
182 173
93 111
5 5
13 16
6 4
36 33
189 162
41 49
202 154
162 337
9 13
4 9
88 108
84 103
19 11
166 241
52 53
58 49
5 3
240 250
49 28
53 53
56 65
9 7
28 18
17 16
12 9
196 261
15 14
8 11
217 410
10 14
64 96
26 25
121 84
233 119
9 8
30 31
10 16
19 13
11 12
139 100
81 64
17 18
66 137
37 60
13 20
26 13
27 26
117 104
172 122
4 4
6 6
27 46
9 8
19 14
144 137
94 47
64 56
11 8
22 21
18 14
5 3
28 80
36 34
24 36
8 11
13 10
12 9
8 10
81 82
30 32
10 7
15 20
212 237
13 7
38 35
246 304
45 38
13 8
134 103
4 4
71 139
5 4
44 123
7 5
26 23
68 76
6 4
49 49
50 64
11 9
89 78
13 17
16 11
209 188
95 130
58 116
10 9
246 191
10 12
147 101
48 68
7 5
45 49
91 65
8 8
57 74
249 224
4 5
7 4
14 9
84 99
73 80
16 14
29 22
12 13
4 2
237 135
8 7
161 162
6 12
97 96
16 18
6 7
173 124
54 82
52 52
27 14
18 21
77 81
241 196
23 36
10 16
44 22
9 6
14 16
62 39
63 93
102 98
6 7
27 27
7 11
59 46
13 15
10 8
12 16
10 8
98 83
80 71
97 186
26 15
63 98
84 119
30 19
6 4
146 110
66 87
158 232
9 10
45 83
12 9
9 9
6 9
210 144
4 5
86 75
5 7
63 40
4 6
39 16
5 6
228 299
13 20
99 74
116 89
42 34
5 2
21 9
101 103
6 5
120 144
18 18
59 57
18 15
22 21
33 21
195 324
7 6
10 5
74 78
52 44
10 9
162 146
29 25
92 67
97 86
6 10
9 4
11 12
25 34
41 39
84 73
9 9
12 17
14 8
5 4
19 15
5 3
10 18
103 108
6 6
252 143
116 94
180 263
17 20
9 9
15 10
43 68
4 6
67 75
26 36
11 10
209 143
22 15
15 9
7 6
5 2
117 184
11 16
29 33
8 5
59 70
27 26
68 42
10 8
21 30
90 75
28 30
16 15
254 243
50 57
200 166
127 173
246 145
37 27
243 162
30 38
5 5
12 11
26 48
146 113
21 11
248 275
115 73
7 4
7 8
23 37
194 217
19 14
12 7
5 7
132 112
13 10
66 53
9 13
24 16
8 8
113 95
101 136
142 135
12 12
84 91
8 7
25 18
27 17
30 15
52 30
51 46
7 7
5 8
14 23
127 110
189 131
4 5
25 21
20 31
7 11
64 55
5 4
205 424
33 27
194 92
189 197
23 24
11 10
43 50
50 40
17 19
8 10
17 10
222 277
6 6
171 133
246 295
50 50
151 239
63 49
5 6
15 24
7 9
5 4
245 551
11 12
163 194
109 124
138 207
32 42
29 21
167 152
30 36
21 18
5 2
200 320
33 33
31 29
150 134
8 6
7 6
8 9
89 151
11 16
11 7
26 25
65 83
7 6
4 5
15 9
8 5
19 8
236 148
191 268
144 158
177 98
5 6
211 213
135 134
6 9
203 219
9 9
25 30
125 65
88 82
4 5
153 205
35 37
96 71
246 383
125 63
13 19
87 179
5 6
16 20
206 284
5 7
53 76
9 11
4 2
59 74
26 39
128 62
37 53
71 54
17 20
78 82
56 32
31 40
46 35
15 11
28 34
6 6
45 54
224 306
44 35
16 14
188 173
13 9
8 7
35 39
47 61
7 7
65 47
5 4
5 4
234 184
8 14
21 16
11 11
5 4
14 14
236 262
10 5
164 106
129 78
37 43
6 10
70 100
9 7
35 40
77 68
44 57
4 4
114 132
4 2
8 12
9 15
5 2
18 29
17 19
111 94
18 20
7 4
60 72
65 38
34 21
53 60
10 10
50 67
229 136
33 45
25 36
218 263
55 52
9 8
10 9
17 23
28 35
95 109
19 17
117 83
4 5
250 263
68 45
55 54
204 105
13 11
70 90
50 56
15 14
72 62
55 69
4 7
186 284
5 6
8 11
56 40
80 62
13 23
7 5
20 27
8 9
98 69
4 6
19 20
23 34
10 10
12 19
5 6
6 7
179 144
30 29
189 300
169 193
51 70
62 39
181 133
196 118
97 118
18 24
5 9
44 48
19 33
219 216
88 69
11 22
57 37
215 216
85 70
6 5
13 14
73 70
106 77
209 243
46 33
88 142
61 51
20 19
6 7
17 17
50 39
6 8
46 71
50 73
8 14
21 18
19 44
44 30
76 92
165 216
212 202
195 234
7 6
6 3
10 13
84 64
249 261
13 30
43 44
8 10
12 15
18 18
8 10
104 137
70 36
4 5
45 30
108 59
47 44
41 39
7 4
22 12
95 73
9 13
32 36
8 7
6 7
27 29
17 15
28 29
10 11
253 408
233 347
7 4
128 80
19 15
10 7
46 46
124 116
5 7
153 151
6 3
13 10
10 9
7 7
17 19
148 134
154 194
6 8
30 34
254 230
12 12
127 101
180 163
143 156
5 3
15 35
26 34
6 5
7 6
6 5
120 146
13 8
4 5
33 33
5 5
10 15
10 5
40 56
14 18
15 6
35 18
104 113
50 42
20 23
4 3
24 15
146 127
8 5
26 26
18 23
12 7
145 266
15 10
209 291
24 11
14 22
7 6
30 28
90 56
26 15
15 29
15 14
22 15
26 20
38 15
163 83
7 5
190 104
174 253
201 163
5 11
112 144
4 6
42 67
29 15
28 30
27 25
58 47
163 80
16 16
11 7
16 16
9 9
5 4
112 115
219 180
8 7
22 35
120 174
165 131
61 86
39 37
13 11
62 55
108 105
6 3
125 143
15 12
6 8
21 26
104 116
110 97
14 15
79 159
177 147
51 57
5 5
30 38
216 309
7 8
182 121
39 34
27 28
42 22
16 12
36 41
8 6
58 85
9 7
17 12
11 5
7 6
40 42
22 36
196 230
150 146
61 93
8 10
72 108
28 18
33 32
239 167
116 133
42 21
6 3
8 5
8 7
24 40
15 18
151 244
7 10
175 262
66 124
44 50
31 33
221 294
88 61
10 9
8 6
39 40
195 256
184 160
5 4
24 42
4 6
109 216
7 4
81 142
22 37
23 34
93 74
142 197
58 78
7 4
254 188
20 17
10 16
11 16
6 8
235 298
71 73
9 4
33 25
6 4
16 11
168 95
168 149
83 132
25 24
194 267
144 110
88 81
20 11
9 10
24 20
101 101
8 15
118 146
231 210
7 6
74 90
44 46
86 66
63 45
57 45
31 34
27 74
67 45
4 5
24 26
20 11
20 26
40 31
9 12
12 11
19 11
119 188
5 4
24 25
15 15
11 12
162 128
131 65
17 19
104 53
7 5
17 12
37 42
31 35
32 31
6 7
73 44
46 32
138 58
9 4
53 32
20 16
6 5
86 119
7 5
25 18
60 77
17 22
6 4
42 69
80 73
28 22
9 14
24 47
19 23
12 19
7 9
8 7
12 13
4 3
77 61
5 9
62 90
29 19
44 52
17 25
86 51
141 175
66 91
63 41
8 8
43 63
132 135
43 21
12 10
16 10
5 11
28 38
65 65
113 108
18 11
49 38
4 4
42 60
4 5
255 359
166 116
9 7
8 8
192 239
151 246
12 19
12 13
31 43
133 104
26 35
56 54
12 9
8 7
8 9
4 4
69 57
79 66
207 253
24 26
20 13
146 190
90 67
6 3
31 38
7 10
22 17
5 5
32 28
9 9
7 5
182 212
23 18
189 155
9 9
7 6
138 127
14 15
56 70
48 32
4 5
55 173
130 88
60 66
11 19
248 226
49 61
47 47
21 37
16 11
6 3
7 7
6 4
10 8
7 7
18 19
32 20
192 132
18 11
30 33
7 6
22 23
75 131
5 11
5 5
22 34
187 153
135 112
9 12
7 6
81 58
126 70
213 232
86 148
10 7
5 5
130 91
4 4
149 134
9 5
29 32
4 4
95 96
139 93
19 19
71 43
17 22
94 116
18 21
191 229
67 55
17 19
16 14
74 104
37 47
41 83
171 240
61 88
22 45
47 80
17 16
43 38
7 4
30 38
16 16
20 12
94 100
183 152
15 14
69 68
66 77
34 41
11 9
92 124
213 134
8 8
9 11
9 8
218 224
113 203
65 40
30 19
26 29
83 72
4 6
39 51
41 80
138 91
14 12
46 55
4 5
154 180
9 13
8 5
37 27
4 2
5 6
199 243
15 15
14 17
227 298
27 31
45 44
122 105
161 119
45 28
6 6
146 121
17 15
15 20
52 70
116 187
21 21
40 50
121 151
132 129
4 7
50 62
20 38
147 285
91 55
5 6
77 113
14 17
21 24
80 68
256 214
35 21
67 47
62 47
6 10
54 62
129 81
29 29
13 9
114 119
46 72
12 8
66 70
6 7
71 55
17 17
148 103
175 185
173 132
15 16
124 151
18 23
113 122
5 6
6 6
9 6
56 36
62 41
7 7
9 14
8 4
15 21
7 10
236 182
20 18
204 254
219 119
98 92
6 6
7 8
20 27
54 48
190 260
15 12
19 32
94 85
4 3
88 146
7 6
60 54
64 50
25 24
44 22
17 27
97 54
26 28
229 207
26 26
181 274
176 198
16 9
73 53
59 50
185 98
25 24
50 42
66 34
16 17
8 7
220 194
14 15
8 6
7 12
16 19
85 115
131 184
42 32
20 17
106 92
122 66
77 103
187 358
119 110
244 232
36 40
5 3
21 18
10 16
249 335
61 64
254 256
131 92
55 62
46 77
15 20
95 138
17 24
15 26
22 23
164 137
7 9
173 130
172 128
22 20
12 28
42 62
11 13
5 4
10 5
60 56
5 5
93 82
15 14
37 23
234 238
26 40
45 22
9 7
228 233
41 27
61 42
74 102
68 56
144 155
99 109
10 8
191 160
19 22
25 31
156 118
30 28
5 3
10 9
62 28
44 42
53 63
21 26
22 25
9 8
119 52
89 70
14 21
123 159
9 11
8 8
112 135
42 32
244 325
8 7
6 3
10 25
154 149
170 173
8 9
20 19
10 11
10 15
40 32
45 49
159 191
108 116
19 18
11 8
33 22
238 295
185 319
12 6
122 170
28 23
53 70
183 128
5 4
16 12
10 10
28 16
63 51
23 16
193 127
16 18
7 6
176 167
168 168
159 253
121 140
23 39
8 22
20 19
1 30
0 37
0 16
0 1 0
1 5 12
3 0 0
0 1 0
2 0 5
0 10 13
0 1 0
1 16 31
1 39 57
0 1 0
1 21 40
1 22 61
0 1 0
2 0 6
1 32 31
0 1 0
1 18 46
0 29 29
0 1 0
1 23 30
4 0 398
0 1 0
0 34 33
0 47 56
0 1 0
1 36 92
0 31 46
0 1 0
1 1 3
2 0 0
0 1 0
0 44 49
0 1 2
0 1 0
0 38 32
0 46 37
0 1 0
0 28 23
2 0 6
0 1 0
0 12 13
4 0 625
0 1 0
0 18 17
0 36 28
0 1 0
0 18 9
1 45 165
0 1 0
1 41 75
0 36 45
0 1 0
0 32 55
3 0 0
0 1 0
0 39 34
0 25 16
0 1 0
1 14 36
0 18 30
0 1 0
3 0 10
0 27 33
0 1 0
1 23 57
0 41 22
0 1 0
0 7 7
1 21 38
0 1 0
0 24 14
1 38 69
0 1 0
0 25 9
0 9 12
0 1 0
0 21 21
1 18 47
0 1 0
0 16 17
0 38 63
0 1 0
1 42 67
0 44 42
0 1 0
2 0 5
0 14 10
0 1 0
1 2 3
2 0 5
0 1 0
1 10 14
1 15 31
0 1 0
0 7 6
0 18 18
0 1 0
0 30 48
0 37 60
0 1 0
0 46 88
0 41 34
0 1 0
0 29 23
3 0 1
0 1 0
1 47 123
1 27 40
0 1 0
0 23 33
0 5 8
0 1 0
3 0 6
0 32 30
0 1 0
1 18 23
0 1 1
0 1 0
0 32 21
2 0 2
0 1 0
1 13 14
0 21 23
0 1 0
1 10 18
0 44 42
0 1 0
1 35 61
0 16 14
0 1 0
0 28 27
0 50 29
0 1 0
1 8 25
0 26 42
0 1 0
0 5 6
1 16 33
0 1 0
4 0 206
0 32 48
0 1 0
2 0 6
0 20 11
0 1 0
4 0 994
0 2 1
0 1 0
0 17 15
2 0 5
0 1 0
0 33 31
0 43 6
0 1 0
0 23 18
0 5 6
0 1 0
3 0 0
0 29 22
0 1 0
0 18 20
1 47 87
0 1 0
0 11 8
0 44 51
0 1 0
1 1 2
0 11 14
0 1 0
2 0 10
1 34 54
0 1 0
0 28 23
0 29 21
0 1 0
1 31 69
3 0 8
0 1 0
0 29 29
0 28 29
0 1 0
3 0 2
0 15 9
0 1 0
3 0 9
0 7 6
0 1 0
2 0 3
1 39 88
0 1 0
2 0 6
0 32 37
0 1 0
1 47 98
0 22 35
0 1 0
2 0 3
1 26 49
0 1 0
2 0 7
0 21 22
0 1 0
0 50 46
0 11 13
0 1 0
0 11 1
0 32 27
0 1 0
0 12 15
0 15 21
0 1 0
0 5 4
0 48 43
0 1 0
4 0 429
0 8 8
0 1 0
1 24 57
3 0 1
0 1 0
2 0 4
0 15 12
0 1 0
0 48 46
0 21 23
0 1 0
2 0 1
1 46 72
0 1 0
0 26 25
3 0 4
0 1 0
1 5 11
0 6 5
0 1 0
0 8 10
1 36 54
0 1 0
0 11 5
1 37 127
0 1 0
1 6 7
0 17 20
0 1 0
1 18 28
0 28 33
0 1 0
1 49 138
1 16 50
0 1 0
2 0 10
3 0 4
0 1 0
1 44 46
0 7 9
0 1 0
0 2 2
3 0 0
0 1 0
1 15 27
0 34 25
0 1 0
1 20 24
4 0 659
0 1 0
1 46 75
0 46 41
0 1 0
0 50 68
1 18 65
0 1 0
1 17 17
0 43 46
0 1 0
1 44 71
0 12 8
0 1 0
0 16 10
2 0 8
0 1 0
0 49 49
1 40 67
0 1 0
3 0 6
0 47 69
0 1 0
1 48 114
0 32 38
0 1 0
0 17 17
1 40 71
0 1 0
3 0 8
0 7 11
0 1 0
1 47 133
4 0 899
0 1 0
0 23 29
1 24 72
0 1 0
1 41 48
1 26 59
0 1 0
0 11 14
0 14 10
0 1 0
0 10 12
0 1 1
0 1 0
2 0 0
1 22 22
0 1 0
2 0 3
0 47 23
0 1 0
0 26 36
0 24 14
0 1 0
1 30 53
1 27 56
0 1 0
0 40 45
1 5 13
0 1 0
0 19 19
0 3 3
0 1 0
1 6 4
1 29 55
0 1 0
1 50 95
3 0 2
0 1 0
1 7 19
0 44 50
0 1 0
0 31 20
0 39 49
0 1 0
0 10 11
2 0 6
0 1 0
1 22 48
2 0 7
0 1 0
2 0 1
0 19 24
0 1 0
0 38 28
0 24 14
0 1 0
0 44 60
0 27 14
0 1 0
0 23 34
0 34 42
0 1 0
0 43 28
2 0 5
0 1 0
0 17 25
0 30 26
0 1 0
0 42 30
0 9 13
0 1 0
1 12 28
0 21 28
0 1 0
0 21 22
1 13 30
0 1 0
0 19 18
0 44 56
0 1 0
0 25 17
1 28 62
0 1 0
0 32 59
0 18 17
0 1 0
2 0 7
3 0 0
0 1 0
0 13 11
2 0 2
0 1 0
1 23 9
0 4 4
0 1 0
0 46 49
0 39 48
0 1 0
3 0 10
0 26 30
0 1 0
3 0 4
0 32 47
0 1 0
2 0 4
4 0 729
0 1 0
1 17 23
0 20 28
0 1 0
0 30 37
4 0 296
0 1 0
0 32 8
3 0 0
0 1 0
2 0 1
2 0 7
0 1 0
0 35 53
3 0 9
0 1 0
0 23 18
3 0 7
0 1 0
3 0 8
0 29 32
0 1 0
0 6 6
1 7 5
0 1 0
1 29 56
1 44 96
0 1 0
0 29 36
0 29 30
0 1 0
0 44 53
0 29 27
0 1 0
0 43 54
0 19 11
0 1 0
0 50 65
0 17 21
0 1 0
0 21 17
0 3 1
0 1 0
0 44 42
0 4 6
0 1 0
1 37 65
0 40 51
0 1 0
1 43 59
1 25 45
0 1 0
0 50 23
0 8 11
0 1 0
0 47 18
1 18 25
0 1 0
0 32 34
1 7 15
0 1 0
2 0 6
2 0 8
0 1 0
0 28 25
0 3 3
0 1 0
0 27 26
1 5 7
0 1 0
1 49 108
1 48 110
0 1 0
0 1 1
0 11 11
0 1 0
0 11 10
1 20 34
0 1 0
0 49 57
1 29 47
0 1 0
0 32 55
1 16 42
0 1 0
0 31 27
0 28 33
0 1 0
1 34 76
4 0 872
0 1 0
0 29 30
3 0 10
0 1 0
0 48 56
0 21 12
0 1 0
1 9 14
1 27 35
0 1 0
3 0 6
0 13 14
0 1 0
0 15 10
2 0 7
0 1 0
1 46 72
0 45 52
0 1 0
0 21 38
0 42 32
0 1 0
0 24 21
0 38 32
0 1 0
1 38 113
0 35 38
0 1 0
2 0 4
2 0 4
0 1 0
2 0 3
0 3 5
0 1 0
2 0 2
0 2 3
0 1 0
0 20 21
1 43 14
0 1 0
0 40 35
1 47 93
0 1 0
4 0 784
0 16 15
0 1 0
1 34 83
0 26 21
0 1 0
0 43 36
0 29 33
0 1 0
1 1 2
2 0 4
0 1 0
0 17 19
0 3 1
0 1 0
0 23 27
1 13 28
0 1 0
0 39 38
1 2 4
0 1 0
1 37 56
1 12 28
0 1 0
1 20 45
0 38 25
0 1 0
4 0 538
1 39 85
0 1 0
0 1 1
3 0 9
0 1 0
0 1 1
0 48 45
0 1 0
1 11 20
4 0 577
0 1 0
0 49 33
1 25 45
0 1 0
0 21 25
1 32 28
0 1 0
0 20 23
1 30 58
0 1 0
0 7 5
0 41 75
0 1 0
0 45 22
0 35 43
0 1 0
0 25 30
0 45 34
0 1 0
1 18 48
0 42 61
0 1 0
1 41 78
2 0 0
0 1 0
3 0 8
2 0 4
0 1 0
4 0 990
1 9 16
0 1 0
0 43 72
0 28 32
0 1 0
0 23 29
0 38 46
0 1 0
1 9 14
0 26 38
0 1 0
2 0 4
2 0 1
0 1 0
4 0 824
1 17 36
0 1 0
0 26 20
1 28 100
0 1 0
0 27 49
1 10 18
0 1 0
3 0 2
0 26 21
0 1 0
0 46 59
0 24 11
0 1 0
1 45 14
3 0 0
0 1 0
1 20 25
0 15 23
0 1 0
0 29 24
2 0 0
0 1 0
1 28 59
0 36 8
0 1 0
0 33 30
1 7 7
0 1 0
0 10 15
0 34 25
0 1 0
0 6 6
3 0 7
0 1 0
0 37 6
1 26 43
0 1 0
0 2 2
0 23 20
0 1 0
0 5 5
1 37 28
0 1 0
1 26 42
0 32 28
0 1 0
0 16 14
0 45 30
0 1 0
1 24 30
1 7 5
0 1 0
1 1 1
1 41 132
0 1 0
3 0 3
1 23 5
0 1 0
0 49 34
1 19 41
0 1 0
1 6 15
0 12 9
0 1 0
0 1 1
0 3 1
0 1 0
2 0 3
0 39 45
0 1 0
0 24 29
2 0 1
0 1 0
0 34 36
1 41 96
0 1 0
1 5 8
0 31 11
0 1 0
0 31 30
3 0 7
0 1 0
0 14 15
0 33 37
0 1 0
0 42 36
2 0 0
0 1 0
0 47 54
0 41 19
0 1 0
0 32 24
0 33 33
0 1 0
0 41 37
0 23 28
0 1 0
0 37 34
0 46 69
0 1 0
0 41 31
0 40 44
0 1 0
1 48 96
0 42 24
0 1 0
0 20 19
0 39 44
0 1 0
0 42 53
2 0 3
0 1 0
0 9 7
1 22 32
0 1 0
0 24 20
1 10 24
0 1 0
1 6 14
1 12 9
0 1 0
0 30 21
1 31 66
0 1 0
0 14 18
0 18 12
0 1 0
2 0 6
0 45 84
0 1 0
0 26 28
0 37 44
0 1 0
1 40 79
1 46 61
0 1 0
1 34 54
0 24 20
0 1 0
1 14 17
1 12 29
0 1 0
0 20 22
0 27 34
0 1 0
1 13 27
0 49 61
0 1 0
0 5 6
0 26 27
0 1 0
0 36 48
1 33 56
0 1 0
0 12 12
0 22 22
0 1 0
0 11 6
0 40 45
0 1 0
0 33 40
1 6 12
0 1 0
1 9 17
1 49 123
0 1 0
1 1 2
2 0 10
0 1 0
0 2 1
0 50 39
0 1 0
0 45 60
1 1 2
0 1 0
0 2 3
1 38 56
0 1 0
2 0 10
1 9 15
0 1 0
1 2 4
3 0 10
0 1 0
0 29 42
3 0 7
0 1 0
3 0 7
4 0 955
0 1 0
1 36 106
3 0 5
0 1 0
0 36 51
1 18 52
0 1 0
0 28 34
1 49 123
0 1 0
1 10 22
1 4 7
0 1 0
0 9 6
0 34 42
0 1 0
0 24 24
2 0 0
0 1 0
0 48 46
1 9 22
0 1 0
1 15 44
0 39 47
0 1 0
0 5 4
2 0 7
0 1 0
1 29 47
1 8 21
0 1 0
2 0 10
4 0 907
0 1 0
0 20 14
0 32 15
0 1 0
0 17 13
1 21 23
0 1 0
1 8 15
0 13 20
0 1 0
0 27 16
0 19 6
0 1 0
0 23 28
0 7 10
0 1 0
0 48 32
3 0 3
0 1 0
0 3 2
1 24 62
0 1 0
0 33 22
1 25 48
0 1 0
2 0 6
0 5 6
0 1 0
0 29 30
1 9 14
0 1 0
1 38 84
3 0 7
0 1 0
0 26 42
0 40 25
0 1 0
0 26 30
0 41 21
0 1 0
0 12 14
0 19 18
0 1 0
3 0 7
2 0 1
0 1 0
1 30 56
0 38 47
0 1 0
0 41 60
1 25 35
0 1 0
0 8 6
0 22 17
0 1 0
0 12 24
0 28 9
0 1 0
1 6 6
0 37 46
0 1 0
0 29 22
0 46 60
0 1 0
0 30 33
1 31 23
0 1 0
0 28 22
1 39 33
0 1 0
0 14 11
1 38 85
0 1 0
0 9 9
0 25 30
0 1 0
0 16 16
1 32 125
0 1 0
0 13 15
0 22 22
0 1 0
4 0 680
2 0 0
0 1 0
2 0 3
4 0 349
0 1 0
0 50 95
1 9 21
0 1 0
4 0 839
0 13 17
0 1 0
0 12 11
0 45 48
0 1 0
0 15 17
0 34 35
0 1 0
2 0 6
1 26 88
0 1 0
1 36 86
0 21 19
0 1 0
3 0 7
1 26 51
0 1 0
1 23 20
0 3 1
0 1 0
0 24 21
0 23 33
0 1 0
1 26 68
1 37 26
0 1 0
2 0 9
0 5 6
0 1 0
1 21 36
0 12 16
0 1 0
0 48 61
1 7 16
0 1 0
1 41 65
1 46 106
0 1 0
0 11 10
0 5 6
0 1 0
0 29 37
0 1 1
0 1 0
0 36 29
0 43 44
0 1 0
0 4 4
1 14 28
0 1 0
0 38 53
0 36 33
0 1 0
0 36 41
0 30 31
0 1 0
0 49 63
0 14 15
0 1 0
0 50 22
1 48 96
0 1 0
1 1 1
0 3 3
0 1 0
0 42 15
0 39 35
0 1 0
0 19 20
1 11 23
0 1 0
2 0 4
3 0 5
0 1 0
1 4 12
1 29 70
0 1 0
0 9 14
1 4 6
0 1 0
1 42 115
0 33 20
0 1 0
0 26 19
2 0 1
0 1 0
0 42 47
4 0 859
0 1 0
0 22 15
1 4 6
0 1 0
1 12 21
0 14 12
0 1 0
1 19 55
0 39 58
0 1 0
2 0 1
0 21 20
0 1 0
1 42 54
0 29 19
0 1 0
3 0 4
0 31 33
0 1 0
1 19 42
0 38 29
0 1 0
0 17 13
1 25 58
0 1 0
0 47 23
1 20 64
0 1 0
1 11 14
0 5 3
0 1 0
3 0 3
1 35 98
0 1 0
1 40 100
0 20 30
0 1 0
0 43 29
4 0 946
0 1 0
3 0 4
1 19 1
0 1 0
2 0 5
0 38 32
0 1 0
0 41 24
0 39 46
0 1 0
4 0 972
1 30 62
0 1 0
2 0 7
3 0 8
0 1 0
4 0 689
0 25 36
0 1 0
0 37 37
0 43 39
0 1 0
3 0 9
0 28 37
0 1 0
0 45 30
3 0 5
0 1 0
0 36 15
2 0 0
0 1 0
0 20 28
0 15 13
0 1 0
1 15 46
0 45 41
0 1 0
0 37 44
0 22 29
0 1 0
0 12 7
0 2 2
0 1 0
4 0 359
1 19 9
0 1 0
1 37 102
0 10 17
0 1 0
1 44 81
1 21 52
0 1 0
0 48 34
0 19 17
0 1 0
1 1 2
0 10 9
0 1 0
0 41 62
0 26 37
0 1 0
0 10 9
4 0 826
0 1 0
2 0 4
0 37 26
0 1 0
3 0 6
1 29 39
0 1 0
3 0 5
2 0 9
0 1 0
0 9 7
0 25 33
0 1 0
1 20 52
0 9 10
0 1 0
0 25 33
0 26 32
0 1 0
3 0 10
2 0 8
0 1 0
1 23 41
0 39 36
0 1 0
1 4 14
0 1 1
0 1 0
2 0 4
1 50 59
0 1 0
0 6 5
0 5 6
0 1 0
2 0 6
2 0 3
0 1 0
1 9 24
4 0 667
0 1 0
1 38 47
0 49 40
0 1 0
4 0 279
0 44 43
0 1 0
0 12 12
3 0 3
0 1 0
0 18 22
3 0 4
0 1 0
0 50 43
0 22 25
0 1 0
0 28 27
0 43 70
0 1 0
1 50 87
1 18 36
0 1 0
0 30 52
1 44 61
0 1 0
1 35 128
2 0 7
0 1 0
0 50 62
0 41 28
0 1 0
1 1 2
1 39 84
0 1 0
0 27 37
1 5 11
0 1 0
1 26 31
1 28 43
0 1 0
0 14 15
0 10 11
0 1 0
0 11 3
1 8 20
0 1 0
0 33 19
4 0 855
0 1 0
0 47 62
0 49 43
0 1 0
1 15 12
1 17 26
0 1 0
0 36 27
4 0 640
0 1 0
0 3 2
0 9 12
0 1 0
1 27 54
0 3 2
0 1 0
0 33 16
1 16 36
0 1 0
0 28 33
1 20 21
0 1 0
1 13 18
0 49 39
0 1 0
0 21 19
0 24 15
0 1 0
2 0 6
0 12 16
0 1 0
1 44 94
0 34 45
0 1 0
0 44 60
1 45 60
0 1 0
4 0 458
1 22 37
0 1 0
0 15 10
0 5 4
0 1 0
0 18 14
0 30 30
0 1 0
0 29 43
0 32 25
0 1 0
0 40 37
0 34 38
0 1 0
1 23 68
0 7 9
0 1 0
1 8 14
0 25 14
0 1 0
0 30 15
0 7 10
0 1 0
0 24 16
0 8 9
0 1 0
0 45 26
3 0 1
0 1 0
0 9 8
0 48 46
0 1 0
0 14 15
1 34 78
0 1 0
0 40 41
0 29 20
0 1 0
1 46 59
1 17 14
0 1 0
1 4 5
2 0 3
0 1 0
1 37 59
0 34 24
0 1 0
1 23 67
0 25 16
0 1 0
0 36 43
1 25 42
0 1 0
0 48 97
0 24 35
0 1 0
0 49 24
0 19 23
0 1 0
2 0 1
1 26 71
0 1 0
0 28 27
0 37 31
0 1 0
1 24 15
1 18 20
0 1 0
0 26 18
3 0 3
0 1 0
0 6 6
0 22 3
0 1 0
0 7 4
0 49 56
0 1 0
0 24 29
0 12 14
0 1 0
2 0 6
0 23 26
0 1 0
0 12 16
1 34 51
0 1 0
0 3 2
2 0 0
0 1 0
0 21 19
2 0 4
0 1 0
0 18 9
1 44 43
0 1 0
0 10 14
0 24 23
0 1 0
0 8 8
0 12 11
0 1 0
1 34 124
1 42 65
0 1 0
3 0 10
1 47 74
0 1 0
2 0 1
0 26 19
0 1 0
1 37 37
0 10 8
0 1 0
0 32 24
4 0 678
0 1 0
0 18 22
1 11 25
0 1 0
0 8 8
2 0 10
0 1 0
2 0 9
1 19 66
0 1 0
0 19 17
2 0 1
0 1 0
1 2 5
1 12 16
0 1 0
0 34 28
1 2 3
0 1 0
0 50 51
0 23 27
0 1 0
0 27 33
1 40 109
0 1 0
1 8 21
1 2 2
0 1 0
1 6 8
0 42 53
0 1 0
4 0 332
4 0 363
0 1 0
2 0 2
2 0 10
0 1 0
1 31 66
4 0 608
0 1 0
1 6 9
1 27 60
0 1 0
1 1 2
1 22 26
0 1 0
1 30 76
1 23 47
0 1 0
4 0 384
4 0 446
0 1 0
0 32 32
1 12 34
0 1 0
1 30 47
0 29 33
0 1 0
1 5 9
0 33 11
0 1 0
3 0 10
1 26 39
0 1 0
1 37 102
2 0 4
0 1 0
0 35 28
0 35 7
0 1 0
0 34 40
2 0 9
0 1 0
1 31 79
0 33 29
0 1 0
1 48 84
1 21 64
0 1 0
3 0 0
1 10 24
0 1 0
0 43 48
0 27 11
0 1 0
1 19 30
1 50 143
0 1 0
1 8 11
0 25 16
0 1 0
3 0 10
0 7 8
0 1 0
0 50 45
0 9 13
0 1 0
1 12 12
1 10 15
0 1 0
0 15 10
1 41 67
0 1 0
0 29 35
1 2 5
0 1 0
2 0 1
0 2 3
0 1 0
1 27 75
2 0 1
0 1 0
1 33 49
4 0 620
0 1 0
0 34 46
0 4 5
0 1 0
1 5 9
0 16 14
0 1 0
0 7 4
1 27 48
0 1 0
0 22 16
2 0 5
0 1 0
0 23 20
1 16 38
0 1 0
1 13 24
2 0 8
0 1 0
2 0 9
0 1 1
0 1 0
0 14 14
0 7 3
0 1 0
0 32 51
2 0 10
0 1 0
1 4 6
0 44 32
0 1 0
0 33 43
0 8 18
0 1 0
0 28 46
4 0 341
0 1 0
0 38 30
0 5 2
0 1 0
0 37 54
4 0 356
0 1 0
0 40 57
1 37 58
0 1 0
2 0 6
0 43 33
0 1 0
0 32 39
1 42 81
0 1 0
1 36 52
1 15 38
0 1 0
2 0 8
0 36 34
0 1 0
0 38 76
0 37 41
0 1 0
0 36 51
0 29 10
0 1 0
1 9 1
1 20 24
0 1 0
1 12 25
4 0 412
0 1 0
0 5 6
0 27 24
0 1 0
0 20 27
1 6 5
0 1 0
1 20 40
0 15 13
0 1 0
0 29 21
1 39 91
0 1 0
2 0 10
1 8 21
0 1 0
0 24 15
0 17 21
0 1 0
0 5 5
1 47 81
0 1 0
0 41 47
1 29 42
0 1 0
0 28 15
0 9 7
0 1 0
0 26 24
0 21 32
0 1 0
1 20 34
1 17 34
0 1 0
0 44 44
0 49 34
0 1 0
1 39 87
1 24 57
0 1 0
1 32 71
1 30 66
0 1 0
0 22 12
0 7 1
0 1 0
1 29 55
0 17 9
0 1 0
3 0 2
1 47 68
0 1 0
0 43 46
0 4 2
0 1 0
1 23 45
0 45 72
0 1 0
1 17 44
0 2 3
0 1 0
1 25 65
1 24 37
0 1 0
0 14 9
2 0 8
0 1 0
2 0 10
2 0 6
0 1 0
0 5 7
0 5 6
0 1 0
0 30 27
0 39 34
0 1 0
0 19 20
3 0 7
0 1 0
0 14 13
1 9 26
0 1 0
0 44 55
1 33 66
0 1 0
0 42 40
0 29 41
0 1 0
1 41 88
2 0 2
0 1 0
0 2 2
0 24 18
0 1 0
3 0 5
0 15 19
0 1 0
0 17 23
0 2 2
0 1 0
2 0 3
0 20 18
0 1 0
1 27 52
0 22 25
0 1 0
0 33 27
0 49 54
0 1 0
1 8 8
0 41 60
0 1 0
1 37 63
0 19 24
0 1 0
1 47 134
3 0 1
0 1 0
0 14 7
0 4 2
0 1 0
1 24 27
0 42 16
0 1 0
4 0 861
2 0 5
0 1 0
4 0 748
4 0 680
0 1 0
0 45 45
2 0 7
0 1 0
1 24 47
0 4 4
0 1 0
1 6 13
1 30 54
0 1 0
0 28 36
1 15 3
0 1 0
1 28 61
0 24 11
0 1 0
2 0 5
0 4 5
0 1 0
0 20 18
0 40 18
0 1 0
0 47 52
3 0 1
0 1 0
0 45 45
1 46 95
0 1 0
0 8 9
0 9 9
0 1 0
1 37 74
0 24 16
0 1 0
1 7 12
0 25 33
0 1 0
1 38 68
2 0 8
0 1 0
0 22 23
0 30 22
0 1 0
0 23 28
1 43 63
0 1 0
0 16 13
1 39 75
0 1 0
1 1 3
0 12 18
0 1 0
0 38 37
1 4 9
0 1 0
0 34 11
0 34 44
0 1 0
0 5 4
0 46 69
0 1 0
0 19 23
3 0 4
0 1 0
2 0 6
0 24 15
0 1 0
2 0 9
0 20 16
0 1 0
2 0 1
1 39 63
0 1 0
1 32 56
0 8 9
0 1 0
3 0 9
0 43 45
0 1 0
0 23 17
0 35 23
0 1 0
2 0 3
0 23 30
0 1 0
2 0 6
0 44 46
0 1 0
4 0 488
0 18 25
0 1 0
0 48 9
0 18 18
0 1 0
0 41 52
2 0 8
0 1 0
0 40 20
0 6 9
0 1 0
0 5 5
3 0 0
0 1 0
1 11 35
1 45 46
0 1 0
3 0 6
0 8 8
0 1 0
0 4 5
1 38 79
0 1 0
1 21 30
0 28 34
0 1 0
0 50 15
0 22 32
0 1 0
0 44 55
0 41 42
0 1 0
2 0 8
1 3 5
0 1 0
2 0 4
2 0 2
0 1 0
1 22 40
1 47 80
0 1 0
1 11 22
1 40 90
0 1 0
1 9 15
0 9 7
0 1 0
1 48 120
0 35 14
0 1 0
1 3 3
0 8 7
0 1 0
1 32 78
2 0 9
0 1 0
1 16 34
0 3 3
0 1 0
0 11 11
1 7 10
0 1 0
1 14 19
3 0 4
0 1 0
1 31 68
1 49 145
0 1 0
0 15 12
0 9 11
0 1 0
0 30 44
1 9 13
0 1 0
0 31 43
1 11 32
0 1 0
0 35 39
0 21 34
0 1 0
4 0 510
0 31 22
0 1 0
0 17 20
0 12 12
0 1 0
0 30 27
1 43 86
0 1 0
0 37 32
0 43 41
0 1 0
0 37 49
1 34 57
0 1 0
0 8 12
0 32 25
0 1 0
0 41 50
0 16 10
0 1 0
1 46 129
2 0 1
0 1 0
1 7 14
1 21 51
0 1 0
0 42 47
1 4 12
0 1 0
1 45 82
3 0 10
0 1 0
0 6 3
0 44 41
0 1 0
1 21 34
0 37 52
0 1 0
0 38 43
0 36 42
0 1 0
1 14 26
0 8 8
0 1 0
2 0 3
4 0 863
0 1 0
0 16 20
0 36 30
0 1 0
0 23 29
0 2 3
0 1 0
0 3 3
1 22 51
0 1 0
4 0 987
0 9 2
0 1 0
2 0 9
1 3 5
0 1 0
0 2 3
3 0 7
0 1 0
0 11 6
1 19 65
0 1 0
1 7 7
1 26 39
0 1 0
1 5 10
1 40 90
0 1 0
0 15 10
1 37 65
0 1 0
0 23 38
1 41 105
0 1 0
2 0 3
1 20 60
0 1 0
0 5 5
0 8 8
0 1 0
0 6 9
0 35 16
0 1 0
0 5 6
1 31 29
0 1 0
1 48 68
0 30 39
0 1 0
1 28 40
3 0 3
0 1 0
2 0 9
0 48 74
0 1 0
0 40 44
0 26 18
0 1 0
0 17 2
1 7 18
0 1 0
0 45 37
1 20 23
0 1 0
0 37 29
0 39 28
0 1 0
1 37 44
0 7 8
0 1 0
0 7 9
2 0 8
0 1 0
0 6 9
0 35 32
0 1 0
0 23 27
0 47 16
0 1 0
1 20 72
0 22 30
0 1 0
4 0 262
0 49 49
0 1 0
0 24 20
0 39 39
0 1 0
1 38 85
0 43 20
0 1 0
0 15 8
2 0 6
0 1 0
0 15 18
0 1 1
0 1 0
0 38 29
2 0 0
0 1 0
2 0 8
1 28 55
0 1 0
4 0 738
0 45 64
0 1 0
0 8 8
1 39 72
0 1 0
1 3 3
0 24 16
0 1 0
0 40 52
0 1 1
0 1 0
1 37 101
0 36 40
0 1 0
0 18 18
0 13 14
0 1 0
0 22 30
0 37 45
0 1 0
1 46 75
1 41 64
0 1 0
3 0 0
0 6 1
0 1 0
3 0 10
0 40 53
0 1 0
1 49 133
3 0 5
0 1 0
0 36 39
0 22 29
0 1 0
1 39 84
1 40 48
0 1 0
0 48 41
2 0 9
0 1 0
1 16 46
0 16 18
0 1 0
0 44 64
1 36 55
0 1 0
0 44 27
0 37 45
0 1 0
1 21 47
0 27 27
0 1 0
2 0 7
0 6 6
0 1 0
1 2 4
0 30 48
0 1 0
0 21 29
1 6 16
0 1 0
1 6 16
1 20 41
0 1 0
0 3 2
2 0 3
0 1 0
2 0 10
0 15 20
0 1 0
1 44 108
0 13 8
0 1 0
2 0 5
0 3 3
0 1 0
0 11 10
2 0 3
0 1 0
0 18 22
0 17 18
0 1 0
0 8 7
0 20 12
0 1 0
0 6 5
0 29 32
0 1 0
0 27 28
0 50 34
0 1 0
0 32 31
0 29 28
0 1 0
1 32 54
1 50 51
0 1 0
4 0 785
2 0 2
0 1 0
0 12 18
0 38 27
0 1 0
0 39 34
1 24 13
0 1 0
0 10 6
1 30 59
0 1 0
0 20 15
0 21 17
0 1 0
2 0 5
0 27 51
0 1 0
0 40 55
0 35 26
0 1 0
0 2 2
1 37 59
0 1 0
2 0 4
0 37 66
0 1 0
2 0 0
3 0 6
0 1 0
0 39 32
2 0 8
0 1 0
0 5 5
3 0 6
0 1 0
2 0 3
0 18 13
0 1 0
2 0 1
4 0 275
0 1 0
4 0 780
3 0 10
0 1 0
0 20 26
1 30 51
0 1 0
0 50 45
0 17 17
0 1 0
3 0 6
0 27 21
0 1 0
0 43 24
0 26 18
0 1 0
0 30 19
0 6 5
0 1 0
0 34 29
1 8 16
0 1 0
0 44 30
0 36 63
0 1 0
3 0 2
1 47 121
0 1 0
4 0 459
0 38 29
0 1 0
0 4 5
1 28 40
0 1 0
0 11 14
1 3 5
0 1 0
1 2 5
1 15 34
0 1 0
2 0 8
0 18 18
0 1 0
1 8 8
3 0 8
0 1 0
0 1 1
1 43 100
0 1 0
0 34 10
0 42 27
0 1 0
4 0 387
1 44 72
0 1 0
1 32 62
2 0 4
0 1 0
0 23 21
1 41 82
0 1 0
0 49 53
0 41 53
0 1 0
0 49 46
0 17 12
0 1 0
0 3 4
0 25 33
0 1 0
0 41 25
0 10 5
0 1 0
0 40 24
1 1 2
0 1 0
3 0 7
0 6 4
0 1 0
0 2 2
0 23 17
0 1 0
1 5 8
0 12 12
0 1 0
3 0 1
0 41 52
0 1 0
0 22 20
1 31 68
0 1 0
1 49 157
0 23 19
0 1 0
0 13 10
1 29 66
0 1 0
2 0 6
0 29 13
0 1 0
1 24 54
2 0 3
0 1 0
0 4 4
1 29 86
0 1 0
0 12 14
1 19 37
0 1 0
0 30 40
1 31 67
0 1 0
0 44 48
3 0 0
0 1 0
0 50 72
4 0 402
0 1 0
1 22 42
0 38 36
0 1 0
0 29 17
0 26 24
0 1 0
2 0 2
3 0 0
0 1 0
2 0 4
0 15 11
0 1 0
0 44 60
3 0 8
0 1 0
0 28 13
0 20 28
0 1 0
0 43 46
2 0 3
0 1 0
1 43 88
0 49 66
0 1 0
0 27 16
0 49 25
0 1 0
0 34 37
1 5 10
0 1 0
0 29 7
1 7 6
0 1 0
0 3 2
0 46 47
0 1 0
3 0 7
0 7 9
0 1 0
0 19 13
2 0 10
0 1 0
0 28 31
0 15 3
0 1 0
3 0 5
1 13 21
0 1 0
1 1 2
1 49 149
0 1 0
1 38 16
0 25 33
0 1 0
1 38 59
0 44 32
0 1 0
0 42 41
0 42 32
0 1 0
1 17 28
1 21 46
0 1 0
1 40 90
0 39 25
0 1 0
1 40 99
0 36 39
0 1 0
0 25 34
0 14 19
0 1 0
0 34 41
0 27 40
0 1 0
1 4 5
0 5 5
0 1 0
3 0 0
0 40 44
0 1 0
0 49 24
2 0 9
0 1 0
1 44 131
0 18 22
0 1 0
0 8 9
4 0 268
0 1 0
0 4 4
2 0 2
0 1 0
1 7 25
0 42 47
0 1 0
1 18 32
1 17 49
0 1 0
1 14 25
0 4 6
0 1 0
0 36 40
0 11 14
0 1 0
0 7 6
0 5 8
0 1 0
3 0 3
0 25 25
0 1 0
0 35 36
3 0 5
0 1 0
1 15 25
1 38 78
0 1 0
1 38 84
1 26 20
0 1 0
3 0 4
0 37 33
0 1 0
3 0 2
0 34 43
0 1 0
1 43 103
1 4 9
0 1 0
2 0 5
2 0 2
0 1 0
1 43 84
1 2 4
0 1 0
3 0 10
1 8 22
0 1 0
0 25 32
0 14 12
0 1 0
0 43 59
0 28 31
0 1 0
3 0 6
2 0 6
0 1 0
0 45 45
1 49 139
0 1 0
2 0 7
1 32 82
0 1 0
3 0 3
0 6 5
0 1 0
0 5 6
1 35 68
0 1 0
2 0 7
1 1 1
0 1 0
1 12 26
0 17 7
0 1 0
1 25 61
0 34 50
0 1 0
2 0 1
1 47 94
0 1 0
0 35 39
0 21 15
0 1 0
0 33 58
0 6 7
0 1 0
1 44 61
3 0 6
0 1 0
1 11 19
1 9 31
0 1 0
0 27 23
0 17 34
0 1 0
0 38 37
0 14 13
0 1 0
0 13 12
0 50 43
0 1 0
0 2 3
3 0 8
0 1 0
0 21 24
1 15 34
0 1 0
0 14 19
2 0 9
0 1 0
0 37 37
1 23 47
0 1 0
1 34 63
1 17 26
0 1 0
3 0 0
3 0 7
0 1 0
1 25 52
2 0 1
0 1 0
0 42 65
0 3 4
0 1 0
1 13 30
0 49 21
0 1 0
0 19 21
1 43 78
0 1 0
0 16 15
1 34 35
0 1 0
4 0 200
0 21 24
0 1 0
0 22 25
0 2 1
0 1 0
1 22 64
0 29 17
0 1 0
1 28 26
1 12 29
0 1 0
2 0 1
0 19 8
0 1 0
0 44 83
2 0 4
0 1 0
0 50 49
0 16 15
0 1 0
1 36 40
0 11 12
0 1 0
0 47 61
0 34 54
0 1 0
1 50 85
1 8 21
0 1 0
0 6 2
0 37 32
0 1 0
0 2 1
3 0 2
0 1 0
3 0 8
1 47 90
0 1 0
0 6 6
1 21 1
0 1 0
0 37 56
1 21 38
0 1 0
1 40 59
1 22 44
0 1 0
0 25 31
0 48 43
0 1 0
1 24 78
1 29 63
0 1 0
0 2 2
0 3 3
0 1 0
0 50 59
0 10 12
0 1 0
1 18 41
1 30 71
0 1 0
0 47 17
1 34 97
0 1 0
1 1 2
1 33 90
0 1 0
0 46 39
1 47 26
0 1 0
2 0 0
3 0 7
0 1 0
4 0 863
4 0 845
0 1 0
0 49 43
0 28 17
0 1 0
0 45 24
0 14 13
0 1 0
0 40 45
0 45 53
0 1 0
3 0 8
1 31 41
0 1 0
1 32 41
0 37 20
0 1 0
1 18 19
0 39 25
0 1 0
2 0 6
1 6 10
0 1 0
0 19 26
1 22 31
0 1 0
0 27 27
4 0 926
0 1 0
0 2 2
0 41 38
0 1 0
0 46 29
0 9 5
0 1 0
1 5 11
0 22 26
0 1 0
1 11 31
1 45 67
0 1 0
1 13 25
0 30 33
0 1 0
0 8 4
0 49 50
0 1 0
0 45 31
0 28 33
0 1 0
0 41 49
1 37 66
0 1 0
0 18 13
1 45 95
0 1 0
0 8 9
0 7 12
0 1 0
0 9 8
0 9 8
0 1 0
0 42 41
0 42 27
0 1 0
0 43 53
0 38 23
0 1 0
2 0 9
1 44 129
0 1 0
0 18 16
0 41 35
0 1 0
1 41 61
0 31 34
0 1 0
0 15 15
0 7 6
0 1 0
1 40 71
1 6 14
0 1 0
1 28 65
1 35 18
0 1 0
0 44 35
0 44 41
0 1 0
0 34 35
1 21 48
0 1 0
1 48 63
0 9 12
0 1 0
0 39 21
1 8 13
0 1 0
0 35 48
1 39 123
0 1 0
1 20 42
1 28 50
0 1 0
1 47 104
0 4 5
0 1 0
0 40 46
0 48 29
0 1 0
2 0 0
0 42 74
0 1 0
1 40 118
1 31 69
0 1 0
0 17 18
1 3 5
0 1 0
4 0 947
0 22 22
0 1 0
0 36 42
3 0 1
0 1 0
0 15 4
0 17 27
0 1 0
2 0 7
0 32 45
0 1 0
0 18 21
0 27 29
0 1 0
0 45 49
0 40 28
0 1 0
3 0 1
0 3 2
0 1 0
2 0 10
0 42 19
0 1 0
2 0 8
1 39 101
0 1 0
0 25 17
0 20 30
0 1 0
1 33 66
1 36 50
0 1 0
1 39 88
0 42 47
0 1 0
0 25 23
0 50 51
0 1 0
1 38 88
0 24 31
0 1 0
0 19 10
0 26 27
0 1 0
0 17 11
1 11 28
0 1 0
0 5 4
0 26 25
0 1 0
4 0 416
0 18 24
0 1 0
1 46 65
0 18 21
0 1 0
0 42 41
0 45 43
0 1 0
0 20 19
0 11 13
0 1 0
0 1 1
0 7 4
0 1 0
0 20 20
0 34 27
0 1 0
0 30 29
1 13 25
0 1 0
0 34 40
0 19 21
0 1 0
3 0 8
0 8 11
0 1 0
0 11 11
0 46 91
0 1 0
4 0 346
1 9 11
0 1 0
2 0 0
0 20 30
0 1 0
1 43 122
1 7 16
0 1 0
0 48 38
1 21 57
0 1 0
0 28 31
1 38 100
0 1 0
0 20 22
1 37 53
0 1 0
1 48 121
0 18 20
0 1 0
1 6 16
0 17 14
0 1 0
0 11 11
2 0 8
0 1 0
2 0 10
0 7 9
0 1 0
0 37 35
0 36 40
0 1 0
0 19 17
1 5 7
0 1 0
0 11 11
1 6 7
0 1 0
3 0 10
0 31 30
0 1 0
0 15 13
0 24 18
0 1 0
0 15 24
2 0 9
0 1 0
0 2 1
1 43 112
0 1 0
4 0 464
1 9 13
0 1 0
1 17 30
1 41 90
0 1 0
0 20 18
1 43 65
0 1 0
2 0 2
0 32 23
0 1 0
2 0 8
0 24 7
0 1 0
2 0 6
0 41 39
0 1 0
0 34 59
0 17 15
0 1 0
1 21 49
0 43 28
0 1 0
0 22 24
0 22 18
0 1 0
2 0 10
1 49 129
0 1 0
1 49 116
0 32 24
0 1 0
1 48 135
0 34 49
0 1 0
2 0 4
0 9 13
0 1 0
2 0 1
0 34 27
0 1 0
1 50 76
0 6 4
0 1 0
0 43 15
3 0 8
0 1 0
0 50 24
0 23 25
0 1 0
1 19 45
0 26 30
0 1 0
1 24 79
1 30 53
0 1 0
0 8 5
0 47 62
0 1 0
0 24 31
0 9 6
0 1 0
1 50 150
0 29 19
0 1 0
2 0 3
1 10 19
0 1 0
1 24 53
0 30 51
0 1 0
0 47 32
0 9 5
0 1 0
0 50 65
0 35 35
0 1 0
1 27 12
0 14 21
0 1 0
2 0 4
1 35 73
0 1 0
0 11 4
0 27 31
0 1 0
1 37 83
1 47 84
0 1 0
0 27 35
0 46 59
0 1 0
1 42 100
0 17 15
0 1 0
3 0 9
0 45 52
0 1 0
1 4 6
0 30 34
0 1 0
2 0 2
1 16 18
0 1 0
0 43 16
0 19 19
0 1 0
1 4 11
0 21 28
0 1 0
1 39 57
3 0 6
0 1 0
0 10 13
0 18 21
0 1 0
0 28 32
1 46 74
0 1 0
2 0 9
1 18 22
0 1 0
1 30 39
1 38 68
0 1 0
3 0 5
2 0 4
0 1 0
1 45 81
0 12 16
0 1 0
0 23 12
3 0 4
0 1 0
0 38 23
1 46 1
0 1 0
1 3 8
1 50 128
0 1 0
4 0 324
1 49 129
0 1 0
3 0 6
2 0 1
0 1 0
0 47 48
3 0 2
0 1 0
0 27 29
1 34 52
0 1 0
0 9 11
0 38 63
0 1 0
1 23 52
2 0 3
0 1 0
1 29 61
1 11 19
0 1 0
1 21 59
0 26 28
0 1 0
0 10 9
3 0 5
0 1 0
0 44 50
0 43 49
0 1 0
2 0 5
0 42 56
0 1 0
0 15 25
0 24 26
0 1 0
1 4 8
0 28 13
0 1 0
0 46 34
0 30 25
0 1 0
0 37 40
0 9 11
0 1 0
0 17 24
4 0 935
0 1 0
0 40 41
1 42 65
0 1 0
2 0 6
0 23 17
0 1 0
0 48 38
1 21 22
