3 3 5 1000
61 27
233 235
179 102
108 126
82 38
20 17
108 132
14 18
172 111
8 8
39 47
5 5
55 48
13 14
255 220
19 17
129 151
13 7
10 15
124 111
38 21
4 6
90 119
10 6
77 56
4 4
17 14
22 30
204 194
6 4
97 129
33 20
4 4
20 20
17 25
120 153
137 91
179 156
7 7
25 23
14 13
13 11
20 21
98 175
48 54
6 5
10 14
41 32
7 12
118 113
102 153
161 264
18 13
18 27
9 11
151 229
35 25
13 10
17 23
23 35
8 8
58 106
48 38
4 4
14 20
5 3
234 321
9 15
12 8
53 66
166 207
161 178
18 9
42 57
53 41
11 7
11 16
5 7
30 63
115 87
11 14
11 18
49 45
5 4
36 55
155 133
22 27
29 35
158 418
24 27
114 104
21 35
28 33
157 110
82 46
6 6
11 20
20 24
9 5
202 174
9 7
42 40
11 9
5 4
6 7
116 135
7 8
9 7
37 54
232 237
94 75
175 178
67 42
12 10
31 77
9 15
5 3
64 85
109 137
17 15
206 199
8 10
62 79
66 91
246 340
61 84
7 11
26 32
19 18
19 46
10 11
16 23
51 76
88 91
47 80
5 4
212 164
14 16
27 27
30 22
41 27
7 8
71 93
72 62
8 10
25 32
17 15
23 30
18 20
5 5
15 12
210 129
7 7
112 67
5 7
64 59
61 77
189 144
198 173
12 13
13 15
4 3
8 5
10 9
28 22
104 105
119 126
77 118
192 193
5 3
5 4
11 11
31 43
247 240
6 8
104 109
152 98
17 17
9 6
160 254
29 62
5 5
157 117
67 55
9 5
26 26
36 46
64 154
21 15
27 15
5 10
10 10
21 32
53 61
38 45
15 9
5 8
131 200
119 137
21 24
54 45
8 18
21 17
20 24
101 122
8 10
48 69
175 144
105 136
26 27
72 43
24 20
51 49
17 16
64 37
135 73
22 25
205 346
6 6
9 12
84 73
22 25
123 106
127 92
17 17
81 144
33 27
6 8
51 31
44 38
239 198
13 12
8 13
155 104
47 38
18 19
68 112
72 95
45 36
20 19
67 91
13 15
13 19
4 3
8 8
63 60
95 174
8 6
195 126
33 22
27 30
33 24
45 41
80 54
30 39
120 92
13 19
11 7
6 4
46 41
10 9
8 14
32 34
13 15
15 29
230 214
167 238
13 17
8 5
26 25
57 90
170 148
50 76
133 141
9 7
127 122
40 49
17 34
72 91
93 111
54 47
189 149
7 7
60 61
4 3
8 9
17 39
13 5
13 16
16 21
45 44
180 157
195 181
44 83
8 13
135 202
199 199
233 184
84 59
19 15
25 21
43 42
26 31
61 69
9 21
21 24
63 78
17 18
125 150
11 10
180 114
25 33
28 37
8 7
123 74
181 298
30 18
60 54
51 50
82 57
16 17
124 197
4 4
112 71
70 69
5 6
8 6
63 66
9 4
10 23
164 168
19 22
12 9
100 94
239 224
194 197
147 232
82 97
8 8
70 55
7 8
13 11
83 74
84 117
125 51
15 9
111 232
16 21
23 23
63 80
11 13
15 7
9 6
9 9
231 206
84 53
216 200
18 17
8 8
10 7
56 71
145 96
16 22
8 12
191 423
11 21
21 32
5 4
53 50
29 60
196 149
36 24
171 108
6 12
33 25
31 23
12 14
19 15
11 8
79 126
4 3
6 4
6 6
151 200
11 11
145 190
15 11
20 11
16 23
140 126
50 43
41 82
34 38
114 132
39 57
42 33
193 178
6 4
79 90
31 26
17 18
38 33
169 101
15 25
83 122
7 8
92 64
32 38
12 11
252 143
7 8
29 32
8 6
103 64
5 7
8 8
116 96
16 13
8 9
29 16
5 5
29 27
157 147
14 14
6 7
37 33
136 195
6 9
33 19
202 233
122 126
130 216
146 117
42 49
16 23
17 27
77 101
174 166
95 82
12 8
18 27
213 212
87 73
56 29
4 3
124 148
70 44
208 245
4 4
200 147
37 46
147 155
21 17
138 165
29 23
135 134
168 185
8 7
133 98
70 89
5 3
24 26
31 25
53 50
38 45
152 92
152 122
17 14
5 3
7 10
15 13
30 27
13 26
44 56
6 9
151 88
15 12
227 232
69 53
26 24
13 12
117 56
215 336
9 8
23 27
10 18
191 265
158 146
20 22
6 3
10 13
232 300
19 18
16 15
12 18
18 16
20 14
5 5
15 31
58 48
6 6
7 8
25 21
67 96
10 10
241 325
47 48
23 37
124 91
32 31
15 16
13 17
10 16
140 92
15 9
121 119
113 141
84 48
72 61
4 3
14 17
194 118
69 115
54 77
120 110
21 17
94 158
20 18
13 12
35 46
94 101
55 113
175 204
6 6
168 100
4 2
4 5
4 4
34 22
159 182
84 63
249 268
11 11
5 5
34 42
194 177
7 8
46 48
140 77
37 23
87 102
112 91
10 17
17 17
122 221
120 164
5 4
74 141
254 341
114 103
14 11
13 19
41 54
92 66
28 27
51 36
171 139
13 16
13 17
236 192
6 4
23 26
8 7
169 206
18 11
7 7
7 8
31 23
5 5
102 99
134 124
5 6
16 16
24 40
11 12
69 57
21 23
13 9
63 78
6 11
9 5
34 40
75 55
100 37
43 65
32 22
67 103
82 55
55 36
61 90
45 83
13 13
12 14
71 53
15 19
182 237
24 16
6 5
34 26
106 111
54 66
48 36
60 60
16 16
202 229
172 154
12 13
127 179
5 5
5 6
36 44
24 30
48 57
115 80
16 14
19 14
13 12
164 125
55 65
34 33
12 10
18 17
16 17
89 108
130 91
50 40
6 9
54 49
91 71
25 25
6 3
5 5
32 34
8 10
34 37
8 7
148 156
78 68
94 71
53 86
28 14
38 34
8 7
49 84
71 50
15 12
15 20
37 40
22 39
160 188
6 6
93 124
32 18
127 178
67 100
119 115
209 196
80 68
46 51
7 6
42 39
174 187
13 16
79 46
220 398
7 5
9 9
185 230
8 9
100 109
63 44
97 39
191 202
6 5
8 4
70 51
70 48
5 9
4 3
14 25
5 2
157 198
8 8
29 43
70 68
9 6
40 44
22 15
6 8
12 20
11 9
68 39
4 4
36 49
77 87
21 16
24 27
110 122
52 56
12 10
9 6
16 16
64 42
25 31
31 49
173 195
26 30
59 53
26 77
55 30
21 27
126 134
7 6
84 106
149 99
12 16
14 21
23 18
13 10
176 220
175 224
29 26
8 5
12 6
10 13
22 14
34 33
98 134
40 24
7 9
11 32
104 83
132 176
233 296
55 42
7 9
7 7
59 54
23 30
27 22
193 187
47 60
11 8
102 76
6 5
12 6
8 8
6 6
206 147
36 25
23 22
9 5
19 15
189 171
16 19
50 33
10 9
96 99
4 4
7 12
11 13
230 168
6 6
9 9
57 46
32 40
11 15
27 15
6 4
5 7
106 125
68 116
67 74
17 17
34 56
37 26
76 57
71 51
37 36
44 60
55 64
63 36
4 4
243 256
139 82
6 4
48 76
108 90
195 270
214 142
121 109
11 8
10 8
96 119
19 24
31 24
177 134
25 34
18 29
12 16
92 76
8 6
89 122
132 144
35 63
45 47
176 246
32 26
16 14
84 126
35 22
128 106
73 96
106 148
36 44
16 32
17 18
202 280
4 2
127 98
22 27
26 19
17 13
42 45
155 124
44 26
38 47
181 120
19 20
15 9
18 26
27 48
7 11
24 16
59 63
101 95
117 103
17 13
217 254
7 6
202 217
23 18
10 27
9 10
9 14
6 4
217 178
11 10
4 6
99 115
138 167
47 41
37 28
9 12
112 137
80 67
26 15
145 185
50 50
13 12
187 238
54 98
98 110
135 154
6 6
196 142
47 48
56 43
6 14
80 57
175 168
12 23
244 165
20 14
58 42
6 9
64 54
8 10
22 24
98 114
14 14
43 27
83 98
7 11
27 23
5 7
39 32
26 25
86 108
7 8
4 3
53 47
35 26
26 36
4 2
23 23
176 251
7 8
20 18
5 5
62 36
16 17
18 16
6 8
6 4
10 17
51 118
220 309
18 16
36 25
23 21
52 42
75 92
62 82
12 15
23 40
19 9
227 223
162 258
88 69
37 31
123 92
33 31
220 151
21 28
199 291
53 49
107 153
99 182
162 148
33 41
5 3
17 10
22 75
17 21
5 7
121 63
32 24
162 121
12 10
77 157
25 22
10 17
29 36
13 19
24 15
37 32
160 177
201 373
32 59
5 8
8 9
6 10
90 101
6 10
34 54
215 144
134 109
7 10
19 19
59 36
166 135
46 25
10 12
15 12
6 9
62 38
15 11
30 28
11 11
220 194
194 266
208 235
97 111
216 255
195 257
28 38
7 10
5 11
45 25
95 120
134 113
215 151
7 5
5 7
110 102
52 88
8 9
181 296
7 7
10 11
4 7
8 4
28 35
9 7
5 7
15 24
105 77
14 12
64 102
4 4
8 7
155 168
60 35
136 120
7 8
44 142
141 148
30 48
23 29
94 71
157 132
75 94
4 7
8 5
5 7
202 251
195 165
19 27
80 54
5 4
52 55
7 3
8 13
146 158
164 106
36 26
9 12
30 38
12 16
81 94
104 66
51 27
102 137
36 38
78 39
21 15
17 31
8 8
19 17
7 7
9 9
14 10
4 6
15 13
119 132
252 152
4 3
111 90
35 46
121 109
209 134
30 17
123 158
37 25
71 91
99 128
76 88
64 121
18 26
217 278
22 19
31 33
109 115
138 95
75 57
29 17
141 115
29 30
5 3
230 152
10 10
209 160
20 16
97 56
165 169
72 86
36 48
8 14
22 54
28 24
6 5
22 23
11 9
27 25
40 60
21 20
15 16
166 175
7 5
38 43
8 12
10 22
6 6
20 12
70 78
10 8
114 81
10 11
64 86
197 241
188 297
89 53
80 94
4 8
14 11
23 22
10 6
10 12
35 47
43 67
19 12
42 32
48 42
179 277
9 10
27 25
57 50
110 163
127 215
27 32
8 6
23 25
22 9
173 217
43 56
200 209
5 4
22 14
55 31
4 4
110 113
10 8
31 19
40 29
118 125
85 94
6 11
11 9
24 28
5 4
16 8
38 63
230 246
20 15
13 8
105 129
14 23
50 54
30 32
52 25
5 4
8 10
36 29
6 4
161 114
82 134
11 11
130 255
189 236
67 71
38 46
35 21
34 27
130 97
175 315
4 4
54 47
9 10
47 61
6 9
7 13
156 174
218 140
12 22
243 527
8 17
13 10
33 29
13 12
203 135
6 2
16 25
24 27
29 39
183 111
19 22
214 450
18 11
111 111
60 57
24 17
46 42
61 96
6 6
9 8
74 44
5 6
7 5
11 15
147 141
21 30
129 197
208 374
37 89
12 14
90 114
106 82
241 323
90 87
142 99
12 8
16 13
47 35
40 22
111 149
87 53
125 147
51 79
5 3
168 241
6 4
8 15
12 42
121 147
20 21
17 22
17 12
93 73
72 56
26 21
27 42
13 11
9 8
141 151
231 307
42 28
103 116
7 8
194 143
9 5
24 65
65 120
148 194
239 163
67 64
42 55
52 67
8 15
100 94
212 107
17 14
23 25
46 27
63 40
111 100
32 49
48 62
5 5
19 27
51 48
14 28
4 8
8 7
71 64
11 20
4 4
215 291
6 6
132 85
140 71
5 5
6 11
8 7
73 90
224 171
37 24
212 194
192 276
12 17
98 74
14 19
22 11
20 20
7 7
5 4
4 5
191 282
5 4
32 47
81 49
6 4
43 44
21 11
19 24
131 180
177 212
13 14
38 32
10 9
40 29
5 4
23 13
52 51
24 29
8 6
32 19
11 17
36 36
27 24
4 8
4 6
15 18
29 22
15 14
5 3
16 32
60 58
4 5
37 29
45 80
11 8
7 7
13 14
47 97
139 151
94 75
48 130
48 51
6 7
19 36
11 9
8 9
15 21
167 165
19 16
5 8
5 6
5 3
8 9
108 98
177 389
9 8
124 65
21 16
32 19
8 8
36 40
126 92
68 83
153 136
19 15
14 12
85 110
9 12
42 33
29 34
18 16
216 346
28 23
11 22
189 210
144 133
47 33
11 11
40 60
231 311
69 83
39 59
9 23
131 142
5 5
60 35
10 8
15 16
136 124
57 66
95 131
5 5
56 132
134 148
42 31
12 12
6 9
17 8
11 13
5 10
28 36
11 10
8 5
24 19
196 142
6 6
16 9
64 52
21 17
206 179
22 26
102 90
115 115
5 3
213 225
121 83
96 135
6 4
7 9
9 13
253 194
55 29
30 25
5 4
5 6
9 13
17 15
19 20
54 53
5 4
16 9
130 106
7 4
237 169
21 17
89 95
15 13
15 10
214 138
6 6
94 56
5 2
6 8
100 88
134 138
43 68
13 10
33 28
101 173
50 35
118 177
77 142
130 199
5 3
102 163
21 16
10 11
6 4
65 66
49 33
94 71
20 31
11 10
136 109
118 55
62 142
192 294
8 11
100 65
11 11
79 55
7 4
4 6
5 7
32 26
4 4
53 69
32 45
11 11
34 27
221 336
210 242
177 474
13 13
138 223
5 4
105 136
5 5
122 113
11 11
91 39
31 25
22 24
26 30
37 46
11 7
131 150
64 61
13 15
217 114
58 69
13 15
38 34
101 140
43 45
66 96
17 22
139 163
33 23
22 12
95 126
5 7
9 8
118 126
9 12
31 29
27 40
48 79
10 15
17 12
146 111
4 4
16 17
75 53
7 9
103 63
4 5
82 80
148 171
18 16
9 7
59 60
9 14
5 7
110 116
69 137
9 14
4 5
24 23
52 55
6 7
7 7
5 6
134 202
91 106
126 115
133 127
14 17
16 12
208 145
34 57
5 5
29 37
92 103
10 14
103 61
5 3
163 189
106 63
31 30
4 3
50 35
7 6
13 8
114 151
229 362
27 24
54 59
13 16
12 14
5 7
8 8
33 35
57 61
7 10
130 112
79 46
7 13
137 233
11 17
14 21
68 76
79 125
15 18
6 5
85 110
6 4
165 204
40 39
215 272
14 19
38 41
58 52
19 17
5 4
6 10
14 10
183 182
12 18
35 23
8 7
24 23
252 159
13 10
6 5
173 244
49 82
36 35
33 27
180 285
5 5
31 38
224 91
21 28
29 29
87 71
62 52
102 71
57 35
241 477
57 50
7 13
36 38
37 25
121 132
231 266
191 235
77 84
8 10
120 112
28 38
31 22
45 39
227 245
4 6
81 82
114 110
38 47
12 10
15 13
74 45
19 22
113 132
4 6
31 22
12 14
7 9
83 74
5 3
97 151
4 3
99 258
8 10
19 15
18 13
56 65
58 73
5 5
122 186
91 68
32 30
45 67
16 18
19 13
128 96
12 9
7 8
65 48
9 4
15 11
48 75
13 7
55 61
27 26
18 37
163 151
12 7
7 6
7 6
55 95
10 12
20 32
6 5
201 173
48 34
171 226
115 77
158 133
67 56
5 5
13 8
46 57
5 5
68 50
103 122
149 155
9 8
12 10
116 120
243 274
23 35
19 27
50 37
60 52
85 71
50 49
17 16
6 4
4 5
33 40
16 17
12 13
28 32
12 11
5 4
122 131
4 4
86 124
53 107
5 6
8 7
182 181
253 255
45 48
46 36
36 28
16 17
147 201
8 9
106 98
6 4
33 30
45 33
188 141
90 52
61 44
134 105
78 78
19 18
248 113
30 46
32 40
58 52
8 10
46 65
83 137
36 19
57 75
114 152
5 8
140 91
4 2
53 51
5 4
9 6
229 178
15 14
55 115
16 20
253 237
38 25
134 43
58 64
87 134
25 17
7 7
6 5
6 10
37 31
14 14
81 72
6 4
89 49
12 17
116 85
19 27
38 40
5 4
11 10
15 15
33 38
113 93
9 8
49 40
13 19
178 216
40 49
25 34
5 3
6 5
147 130
221 197
118 105
75 86
10 9
45 61
217 108
94 74
93 150
9 9
10 10
74 83
45 58
18 13
10 9
6 8
71 65
223 258
35 28
6 6
50 52
22 20
59 34
100 54
25 46
36 31
8 5
81 101
26 31
229 207
204 105
14 9
242 277
70 87
9 8
72 48
113 132
5 3
42 50
168 131
18 20
24 14
74 50
61 90
41 26
177 166
13 9
84 99
9 7
102 150
27 28
136 116
32 31
10 6
128 174
136 95
25 34
24 16
58 58
180 125
29 33
68 86
10 12
52 75
6 4
170 90
24 25
6 7
178 149
54 49
248 200
12 14
11 16
147 146
23 41
9 5
24 34
30 28
41 52
8 12
19 12
28 43
45 59
27 25
17 14
20 24
31 55
17 16
7 6
12 8
86 49
20 13
41 45
56 40
34 18
5 15
29 27
231 202
68 62
168 136
77 95
79 103
6 5
139 164
8 18
19 16
95 73
13 19
85 81
16 20
17 31
17 17
28 24
21 26
110 154
42 39
49 59
156 244
195 149
28 39
48 32
4 3
6 6
10 8
33 23
41 43
30 31
27 38
11 15
27 38
210 214
46 60
41 56
123 113
4 5
49 118
60 73
5 3
41 43
139 186
203 180
80 128
15 12
22 22
53 95
47 31
154 156
5 8
7 8
33 44
22 17
17 50
199 144
47 30
11 10
127 98
189 142
80 53
20 27
39 41
9 12
40 45
25 17
59 60
23 32
57 75
13 20
4 4
107 108
59 72
42 72
69 50
31 24
144 136
16 10
14 14
10 9
52 38
92 153
127 147
152 210
42 28
77 78
252 202
91 123
20 32
81 137
49 45
82 78
35 58
156 115
9 8
232 235
10 5
84 101
46 37
53 57
30 27
12 21
29 43
12 11
42 44
186 134
56 36
150 161
13 7
24 37
76 143
135 85
10 10
15 25
6 6
188 209
11 20
6 6
101 66
18 23
6 5
254 143
164 158
58 98
184 83
11 15
18 23
61 48
26 30
212 161
7 5
11 13
23 34
11 21
8 11
111 48
9 24
210 305
7 8
29 20
113 170
25 30
230 183
5 6
22 30
127 89
22 29
5 3
10 9
22 29
142 124
30 45
33 32
12 15
61 53
21 23
9 6
33 43
5 5
8 11
73 78
104 71
104 69
19 31
14 10
18 24
34 30
6 4
8 5
6 5
4 3
168 205
5 5
5 8
138 170
46 57
16 16
13 14
9 9
31 44
11 13
14 18
40 52
236 245
21 14
243 246
233 113
7 2
20 26
14 32
64 104
249 504
18 17
24 11
11 8
59 66
16 24
173 120
7 10
12 22
6 8
26 21
252 242
19 15
8 6
4 2
100 89
125 122
113 108
9 13
6 7
238 267
137 59
30 13
240 445
251 197
84 124
104 111
6 5
8 9
22 26
24 18
13 10
6 8
233 195
38 56
31 45
165 223
8 7
237 158
50 58
66 60
57 58
13 11
11 10
20 14
53 88
101 113
20 20
30 29
5 7
10 7
5 3
23 28
38 32
10 15
36 32
23 33
50 84
12 19
7 9
21 27
32 65
143 197
171 180
23 25
8 9
7 7
215 262
38 27
28 21
26 25
70 54
14 21
13 9
58 58
94 110
17 24
8 8
4 3
5 4
31 32
228 209
12 14
202 237
6 10
77 40
33 57
70 52
180 167
7 4
137 169
16 11
11 12
52 29
5 5
10 8
25 24
13 9
45 47
77 70
31 37
40 25
28 36
18 15
18 20
9 8
107 90
251 239
12 17
14 12
9 15
92 90
30 29
4 4
187 161
132 145
4 3
137 301
82 79
7 8
7 10
8 9
19 27
69 40
118 79
11 11
60 63
33 36
64 79
27 52
5 5
7 5
16 14
34 38
66 81
130 173
5 6
148 206
88 75
12 8
11 10
8 12
32 35
112 158
38 27
26 16
223 295
164 218
24 18
13 9
73 115
10 12
49 56
11 14
5 6
162 194
27 31
9 8
5 3
12 15
64 78
97 83
23 17
193 111
50 51
5 5
105 96
169 187
27 20
177 90
13 9
211 124
55 64
174 224
9 7
5 2
19 18
11 13
151 155
5 7
40 41
7 6
25 58
16 10
159 100
34 28
139 141
57 51
9 16
5 5
34 41
178 152
209 198
10 6
4 6
246 265
47 35
30 47
5 5
192 166
150 224
104 55
6 5
31 27
111 82
44 28
34 27
150 317
12 18
19 11
6 8
38 42
190 224
5 5
231 312
4 3
182 304
8 7
49 58
23 23
24 22
7 10
12 10
133 102
93 68
152 154
13 11
10 11
100 52
33 31
238 207
17 20
49 48
22 14
14 28
56 43
10 11
89 92
58 44
6 11
47 26
90 88
199 253
106 75
13 12
51 44
51 50
4 3
28 35
98 56
65 79
73 66
247 200
86 156
11 9
80 69
12 8
46 51
17 18
19 14
7 8
29 47
14 11
7 8
106 135
17 16
158 201
104 76
37 41
83 104
9 7
34 37
60 56
203 392
12 14
4 5
200 118
19 17
247 283
5 5
48 79
109 147
9 10
26 46
45 57
128 166
36 23
8 7
17 11
14 11
15 16
72 61
16 20
173 185
85 73
5 4
6 7
8 6
6 10
8 15
73 80
102 96
146 268
60 67
15 21
141 249
12 10
92 66
21 22
133 159
16 12
4 3
232 208
24 28
170 126
44 64
10 10
4 6
99 73
10 14
238 242
38 23
26 36
76 94
22 39
203 154
39 21
96 81
26 30
4 3
40 53
25 14
176 155
188 147
165 110
14 14
100 82
14 16
59 54
16 22
16 17
29 32
4 3
14 20
8 9
57 65
9 6
134 165
191 136
8 14
55 41
18 32
191 166
17 28
23 9
9 16
4 2
9 6
10 11
70 97
48 50
8 18
209 258
169 230
10 11
61 84
13 18
182 132
21 13
92 136
21 26
37 35
22 43
71 60
6 6
24 25
36 30
8 8
12 7
151 161
6 4
65 80
5 5
157 162
217 157
82 105
37 45
96 69
5 9
84 76
14 19
6 9
6 5
7 7
17 10
31 28
14 9
112 223
52 31
14 16
12 17
235 214
8 7
158 88
80 54
6 8
7 7
35 34
10 7
21 22
10 12
36 39
65 46
16 13
33 62
11 7
65 70
247 296
36 49
34 32
16 14
10 6
24 18
9 12
17 13
7 9
78 132
7 4
101 117
6 6
167 197
200 145
11 12
56 33
10 11
23 35
15 19
8 4
109 95
186 85
4 2
73 100
208 237
43 41
10 16
23 19
226 796
36 36
88 219
62 64
82 126
10 9
21 18
11 16
63 39
222 426
41 30
120 139
9 8
21 44
250 251
198 389
131 135
101 100
46 41
36 24
21 41
96 202
87 89
11 13
7 7
32 41
9 12
237 258
161 187
63 72
12 18
19 18
13 29
19 13
38 28
21 27
7 11
24 21
13 21
23 28
7 7
24 18
10 7
190 139
6 6
57 42
83 101
93 173
20 15
63 92
16 18
108 89
9 10
11 8
4 4
46 55
6 6
5 4
41 51
254 287
8 6
105 89
137 84
14 14
20 15
38 37
5 3
4 3
30 27
81 91
79 58
50 39
146 87
209 184
129 159
254 365
6 4
17 15
6 6
167 135
6 7
172 189
95 128
66 49
46 30
15 14
6 5
51 64
193 142
40 26
5 6
35 17
13 9
47 46
5 2
23 24
43 24
6 5
80 110
4 4
139 125
25 35
22 13
28 31
217 173
102 105
44 27
205 206
38 30
85 52
85 66
75 113
203 139
247 235
6 5
241 377
18 24
29 53
23 25
50 43
177 286
219 256
126 126
118 160
57 52
160 147
81 76
30 37
7 7
163 166
15 19
132 64
30 29
157 192
211 145
90 125
10 7
71 126
49 36
6 5
176 220
7 5
6 7
13 13
10 10
120 66
57 63
14 22
145 115
242 275
26 35
92 120
91 140
16 14
121 118
247 271
8 10
159 192
86 66
228 351
24 55
13 16
15 10
79 126
58 59
95 112
219 166
213 181
148 144
7 4
12 28
200 229
45 62
201 380
6 3
5 4
75 36
191 94
18 22
19 15
8 5
19 14
141 163
8 7
9 6
87 157
155 111
12 14
22 20
5 4
12 15
12 9
72 77
16 15
29 22
148 138
102 124
66 89
16 11
5 9
46 37
4 4
33 36
13 11
11 13
198 158
38 40
17 25
25 20
6 5
6 9
229 255
6 5
12 11
86 152
62 107
50 66
99 60
15 31
29 34
42 64
12 20
12 9
227 168
114 135
114 86
27 12
12 7
6 11
126 135
5 6
65 77
15 15
246 253
86 44
34 27
7 9
42 32
170 183
50 58
168 181
55 42
72 72
60 73
14 19
13 15
29 21
187 262
116 172
176 231
14 19
11 10
5 11
21 30
10 11
34 27
24 29
55 85
20 18
53 90
146 163
106 275
28 19
4 6
9 18
242 288
106 60
46 65
54 40
13 9
55 70
128 174
20 14
20 23
14 14
119 145
4 6
4 3
27 24
9 7
59 75
9 6
66 81
63 65
39 35
194 199
112 99
32 52
156 154
50 64
33 27
8 10
143 111
7 8
9 9
117 139
187 197
58 63
76 69
40 32
178 237
39 34
166 304
30 26
159 234
49 31
74 60
4 5
189 227
10 9
92 78
10 8
74 98
38 49
108 118
44 49
29 55
4 10
88 94
5 7
88 102
42 55
11 9
172 450
4 6
160 152
174 254
19 16
9 9
4 2
148 94
14 11
42 59
7 9
7 4
141 186
165 83
164 310
32 24
11 8
119 79
6 6
12 13
17 14
51 36
22 30
138 159
7 5
155 192
13 10
13 15
37 38
5 4
5 9
75 92
6 6
56 102
93 104
38 25
19 21
13 8
5 4
6 5
8 7
47 53
4 3
38 64
206 239
6 5
140 97
13 9
244 398
117 90
23 24
44 50
107 96
28 22
153 156
141 94
96 79
99 71
4 3
37 18
244 324
83 40
4 4
26 16
4 4
239 344
25 34
6 1
160 152
95 146
61 47
31 29
164 186
212 150
12 17
189 198
47 57
6 4
15 27
19 18
4 4
5 4
41 45
138 108
159 192
4 4
57 53
149 142
32 34
6 4
6 15
8 10
219 303
81 93
18 19
101 74
19 19
92 67
50 43
16 10
16 11
30 41
31 31
60 65
6 5
98 49
87 52
15 21
40 53
91 165
9 9
71 70
30 42
5 6
4 5
5 5
5 7
117 112
16 24
19 17
91 105
28 19
11 9
218 209
26 31
74 85
119 147
27 50
37 44
4 4
19 17
19 16
60 49
27 23
7 7
6 7
7 5
48 43
22 29
6 11
69 65
111 133
8 4
12 15
133 151
15 14
13 11
17 14
170 128
81 155
9 5
12 9
100 105
41 37
7 8
44 45
15 10
13 12
207 135
0 9
4 0
2 0
0 1 0
2 0 0
0 45 63
0 40 22
2 0 3
0 1 0
0 13 8
0 6 3
1 12 42
0 15 22
0 1 0
0 43 70
1 12 58
2 0 4
0 5 6
0 1 0
2 0 3
1 17 32
0 28 51
0 46 40
0 1 0
0 50 57
2 0 5
0 9 11
0 28 35
0 1 0
2 0 2
0 3 4
4 0 887
3 0 4
0 1 0
0 30 31
2 0 0
2 0 1
4 0 317
0 1 0
0 32 25
3 0 4
4 0 612
3 0 10
0 1 0
0 31 49
4 0 461
0 9 5
1 25 67
0 1 0
0 14 10
4 0 305
2 0 4
4 0 514
0 1 0
4 0 448
0 45 23
0 7 11
0 14 21
0 1 0
2 0 1
0 42 23
4 0 532
4 0 530
0 1 0
1 38 135
4 0 553
0 4 2
2 0 8
0 1 0
1 38 103
2 0 3
0 44 40
2 0 4
0 1 0
2 0 0
3 0 1
0 5 6
4 0 267
0 1 0
2 0 4
4 0 661
2 0 4
3 0 2
0 1 0
0 31 40
2 0 2
4 0 239
0 47 82
0 1 0
2 0 5
0 31 22
0 7 4
2 0 6
0 1 0
2 0 9
1 37 147
0 9 5
0 20 5
0 1 0
2 0 8
4 0 986
0 16 10
1 33 114
0 1 0
0 24 27
2 0 8
4 0 959
0 26 25
0 1 0
0 8 8
2 0 5
2 0 3
0 18 13
0 1 0
4 0 316
4 0 922
2 0 0
0 21 21
0 1 0
4 0 984
0 12 10
2 0 8
0 38 20
0 1 0
2 0 10
4 0 365
4 0 804
4 0 238
0 1 0
2 0 8
0 9 6
0 23 40
3 0 3
0 1 0
2 0 2
1 10 41
2 0 3
4 0 752
0 1 0
4 0 393
3 0 7
2 0 8
0 6 6
0 1 0
0 32 13
2 0 1
2 0 9
3 0 5
0 1 0
4 0 875
1 37 86
2 0 5
0 3 1
0 1 0
4 0 804
0 14 10
0 36 37
2 0 9
0 1 0
0 23 38
4 0 628
0 22 28
0 3 2
0 1 0
2 0 10
0 7 10
0 28 24
0 12 12
0 1 0
2 0 5
0 3 3
4 0 352
1 13 52
0 1 0
4 0 216
1 31 74
2 0 3
3 0 2
0 1 0
2 0 0
0 9 10
2 0 9
0 21 26
0 1 0
4 0 559
0 27 32
0 48 18
2 0 9
0 1 0
0 34 33
3 0 3
0 36 43
2 0 0
0 1 0
4 0 467
2 0 6
3 0 6
0 34 36
0 1 0
2 0 6
0 42 47
2 0 8
0 21 16
0 1 0
2 0 2
0 27 9
2 0 6
0 18 15
0 1 0
0 1 1
0 3 1
2 0 5
0 36 26
0 1 0
0 21 18
0 38 36
0 2 1
4 0 837
0 1 0
0 21 11
4 0 330
4 0 416
0 26 26
0 1 0
4 0 493
0 22 25
2 0 2
2 0 4
0 1 0
0 1 1
2 0 10
0 48 72
2 0 2
0 1 0
2 0 1
4 0 828
0 43 50
0 48 62
0 1 0
4 0 903
0 30 32
0 35 38
2 0 0
0 1 0
2 0 9
0 13 15
2 0 10
4 0 486
0 1 0
0 12 12
0 41 39
4 0 811
2 0 10
0 1 0
2 0 10
0 9 3
0 31 39
2 0 10
0 1 0
0 23 28
0 13 20
0 15 10
1 48 236
0 1 0
1 14 34
3 0 4
0 32 42
0 15 22
0 1 0
4 0 256
4 0 440
2 0 5
2 0 8
0 1 0
4 0 739
2 0 4
0 14 12
4 0 763
0 1 0
2 0 10
2 0 10
2 0 0
2 0 2
0 1 0
4 0 814
0 4 5
2 0 9
2 0 9
0 1 0
3 0 1
2 0 8
0 29 26
4 0 509
0 1 0
2 0 10
4 0 328
2 0 9
2 0 10
0 1 0
4 0 748
2 0 0
0 8 7
2 0 4
0 1 0
0 50 79
0 9 12
2 0 5
0 50 20
0 1 0
0 25 25
1 33 120
0 9 7
0 16 28
0 1 0
4 0 246
0 25 19
2 0 10
4 0 609
0 1 0
3 0 6
0 50 38
4 0 824
0 39 49
0 1 0
2 0 5
0 14 14
0 24 25
0 41 49
0 1 0
2 0 3
0 50 58
0 17 27
0 48 38
0 1 0
4 0 881
2 0 6
2 0 6
0 12 6
0 1 0
0 23 6
0 36 45
4 0 442
0 49 54
0 1 0
0 19 16
0 8 9
2 0 2
2 0 7
0 1 0
3 0 9
3 0 10
0 21 17
0 13 13
0 1 0
2 0 4
2 0 7
2 0 0
2 0 8
0 1 0
0 1 1
0 38 30
0 1 1
4 0 312
0 1 0
4 0 448
2 0 1
0 30 10
0 34 31
0 1 0
1 39 68
2 0 7
0 5 3
2 0 9
0 1 0
2 0 10
2 0 7
2 0 5
0 13 14
0 1 0
4 0 669
1 14 54
3 0 2
0 21 38
0 1 0
0 29 24
2 0 8
2 0 7
0 14 21
0 1 0
2 0 10
4 0 280
2 0 8
3 0 10
0 1 0
4 0 541
0 49 35
0 44 60
4 0 630
0 1 0
1 10 43
2 0 2
4 0 330
2 0 4
0 1 0
0 39 47
0 21 13
4 0 972
0 20 28
0 1 0
0 5 6
2 0 8
0 24 27
0 9 13
0 1 0
0 21 15
4 0 740
4 0 962
2 0 8
0 1 0
2 0 10
0 43 47
3 0 1
2 0 3
0 1 0
0 50 26
4 0 272
2 0 2
2 0 7
0 1 0
3 0 6
0 48 64
0 29 22
1 31 36
0 1 0
0 15 19
3 0 7
0 44 44
2 0 9
0 1 0
3 0 4
0 32 29
4 0 918
0 20 33
0 1 0
2 0 2
0 3 5
0 48 37
0 2 3
0 1 0
0 2 2
4 0 889
4 0 994
0 21 23
0 1 0
1 16 46
0 15 19
2 0 8
0 7 9
0 1 0
1 14 52
3 0 9
0 41 16
0 36 26
0 1 0
0 50 54
0 37 56
2 0 3
0 12 17
0 1 0
2 0 9
2 0 2
0 48 42
0 31 41
0 1 0
2 0 9
3 0 4
0 5 6
0 21 4
0 1 0
1 5 5
0 30 37
0 38 42
2 0 6
0 1 0
2 0 7
2 0 5
2 0 0
0 27 35
0 1 0
0 48 36
0 6 3
0 2 3
0 2 2
0 1 0
0 48 47
3 0 2
2 0 3
0 16 9
0 1 0
2 0 3
0 49 47
2 0 5
1 43 43
0 1 0
0 38 24
0 19 26
2 0 4
0 43 54
0 1 0
2 0 1
4 0 385
0 8 9
2 0 6
0 1 0
2 0 1
1 39 66
4 0 968
0 43 50
0 1 0
2 0 0
3 0 5
2 0 2
0 37 31
0 1 0
4 0 676
2 0 1
2 0 9
2 0 3
0 1 0
0 49 35
0 1 1
1 4 17
2 0 1
0 1 0
0 37 30
2 0 9
0 43 42
4 0 974
0 1 0
2 0 0
0 35 51
3 0 10
2 0 8
0 1 0
0 38 53
0 6 8
2 0 5
1 14 17
0 1 0
0 13 8
0 16 13
2 0 0
4 0 880
0 1 0
0 49 54
2 0 7
4 0 458
2 0 9
0 1 0
2 0 6
2 0 3
2 0 7
2 0 10
0 1 0
0 41 21
2 0 8
0 34 18
4 0 591
0 1 0
0 46 42
2 0 2
0 19 18
4 0 717
0 1 0
2 0 6
2 0 6
4 0 598
4 0 732
0 1 0
2 0 8
0 8 10
2 0 7
2 0 8
0 1 0
3 0 9
2 0 2
0 41 39
0 40 22
0 1 0
1 25 83
2 0 4
0 36 23
0 45 41
0 1 0
4 0 829
4 0 405
0 8 6
4 0 834
0 1 0
2 0 7
2 0 8
2 0 9
4 0 666
0 1 0
4 0 489
2 0 6
0 3 4
2 0 9
0 1 0
4 0 722
4 0 637
0 39 25
2 0 2
0 1 0
4 0 936
0 35 22
0 8 9
3 0 0
0 1 0
2 0 4
4 0 800
0 27 33
0 15 20
0 1 0
1 43 122
2 0 0
0 6 4
0 13 11
0 1 0
1 42 27
0 1 1
0 2 1
0 9 13
0 1 0
0 31 26
2 0 3
0 16 17
2 0 8
0 1 0
4 0 456
1 40 118
0 10 1
2 0 6
0 1 0
2 0 3
0 35 43
4 0 320
2 0 7
0 1 0
0 15 15
0 12 13
0 12 15
2 0 3
0 1 0
0 40 35
4 0 578
2 0 4
2 0 6
0 1 0
4 0 982
0 30 28
0 37 27
0 13 7
0 1 0
4 0 657
0 46 44
3 0 0
2 0 10
0 1 0
0 13 9
0 45 68
2 0 8
0 31 44
0 1 0
4 0 912
2 0 3
2 0 8
0 45 66
0 1 0
1 49 123
2 0 7
4 0 656
0 40 19
0 1 0
3 0 4
0 13 11
4 0 992
1 41 71
0 1 0
4 0 362
0 45 28
0 19 18
0 17 19
0 1 0
2 0 5
4 0 895
0 49 23
2 0 3
0 1 0
4 0 583
2 0 7
0 23 12
2 0 6
0 1 0
4 0 940
4 0 748
2 0 8
0 41 46
0 1 0
2 0 9
3 0 6
0 39 42
2 0 3
0 1 0
0 49 67
2 0 7
2 0 7
0 10 9
0 1 0
2 0 0
0 17 21
2 0 10
2 0 10
0 1 0
3 0 8
0 32 53
3 0 3
0 10 14
0 1 0
0 48 55
0 15 16
4 0 579
2 0 2
0 1 0
1 21 32
4 0 414
1 19 32
4 0 742
0 1 0
4 0 696
0 24 30
0 14 14
2 0 5
0 1 0
2 0 0
3 0 6
1 21 79
2 0 5
0 1 0
2 0 2
3 0 1
0 8 7
0 7 11
0 1 0
2 0 5
0 37 40
2 0 3
0 23 24
0 1 0
2 0 8
1 13 37
0 8 8
1 1 1
0 1 0
3 0 5
2 0 1
4 0 872
0 16 13
0 1 0
0 34 38
0 27 33
0 42 66
0 36 37
0 1 0
0 12 14
4 0 625
4 0 665
2 0 9
0 1 0
2 0 4
3 0 2
4 0 590
2 0 2
0 1 0
4 0 348
0 20 10
4 0 820
2 0 0
0 1 0
0 27 21
2 0 1
2 0 3
0 38 35
0 1 0
1 31 60
0 45 30
0 34 38
0 49 43
0 1 0
2 0 9
0 11 11
2 0 5
2 0 9
0 1 0
0 25 22
2 0 6
2 0 2
2 0 10
0 1 0
0 10 9
1 4 12
2 0 0
0 12 11
0 1 0
3 0 8
2 0 10
2 0 8
4 0 594
0 1 0
2 0 6
4 0 268
0 13 8
2 0 0
0 1 0
0 13 21
2 0 6
4 0 457
2 0 9
0 1 0
0 35 19
0 1 1
2 0 1
4 0 470
0 1 0
2 0 7
0 17 17
0 31 15
4 0 941
0 1 0
2 0 5
2 0 7
2 0 3
0 24 19
0 1 0
0 5 6
0 8 8
0 49 61
0 45 47
0 1 0
2 0 7
2 0 1
4 0 571
2 0 6
0 1 0
0 41 44
0 17 15
2 0 0
0 29 34
0 1 0
0 15 15
2 0 6
0 41 57
0 42 49
0 1 0
2 0 6
2 0 2
4 0 394
2 0 1
0 1 0
0 4 4
0 25 31
2 0 3
4 0 588
0 1 0
0 49 40
1 35 97
2 0 1
0 2 2
0 1 0
2 0 4
2 0 3
0 26 27
4 0 503
0 1 0
2 0 7
2 0 1
4 0 393
4 0 870
0 1 0
2 0 10
4 0 847
0 9 8
0 42 66
0 1 0
4 0 480
4 0 819
0 37 53
0 22 26
0 1 0
4 0 520
4 0 625
0 3 3
0 39 14
0 1 0
2 0 6
0 28 9
0 28 15
1 50 250
0 1 0
4 0 700
2 0 9
2 0 3
1 5 11
0 1 0
2 0 3
1 44 117
0 24 25
2 0 7
0 1 0
1 42 216
2 0 10
2 0 5
0 1 1
0 1 0
0 30 19
0 6 7
4 0 492
2 0 3
0 1 0
2 0 0
2 0 8
2 0 9
0 22 26
0 1 0
0 29 18
4 0 514
0 23 26
0 2 2
0 1 0
2 0 6
0 31 36
1 41 249
2 0 4
0 1 0
2 0 5
2 0 7
2 0 0
0 25 20
0 1 0
1 2 8
4 0 462
0 31 41
2 0 9
0 1 0
4 0 335
0 21 22
2 0 9
0 13 13
0 1 0
1 17 52
2 0 6
0 14 12
2 0 4
0 1 0
1 17 60
0 20 25
0 21 25
2 0 8
0 1 0
2 0 5
2 0 3
0 42 38
3 0 3
0 1 0
2 0 6
0 41 46
0 15 9
1 48 162
0 1 0
0 47 21
0 49 37
0 19 15
1 35 73
0 1 0
0 24 19
2 0 8
2 0 4
4 0 847
0 1 0
0 2 1
0 50 43
0 14 18
4 0 462
0 1 0
0 8 6
0 31 30
0 48 43
0 2 1
0 1 0
1 48 181
2 0 5
0 40 49
2 0 0
0 1 0
0 21 24
2 0 8
0 16 16
0 48 60
0 1 0
0 8 6
2 0 10
4 0 647
3 0 9
0 1 0
0 11 14
0 13 8
0 22 25
4 0 973
0 1 0
2 0 6
1 10 41
3 0 0
2 0 0
0 1 0
0 34 37
0 27 37
0 23 50
2 0 7
0 1 0
2 0 9
2 0 5
4 0 813
4 0 857
0 1 0
2 0 1
0 17 16
2 0 3
3 0 5
0 1 0
3 0 2
4 0 813
4 0 447
0 35 42
0 1 0
0 24 45
2 0 6
4 0 988
0 28 14
0 1 0
2 0 9
4 0 292
0 32 44
0 15 17
0 1 0
4 0 856
4 0 785
2 0 3
0 15 17
0 1 0
0 33 7
4 0 686
2 0 5
2 0 9
0 1 0
0 33 52
4 0 477
1 20 33
2 0 0
0 1 0
0 27 31
2 0 1
4 0 903
0 6 5
0 1 0
3 0 5
2 0 8
4 0 739
0 29 42
0 1 0
0 9 11
2 0 4
1 33 161
0 46 62
0 1 0
2 0 6
3 0 5
1 26 78
4 0 583
0 1 0
2 0 2
4 0 403
0 13 5
0 9 10
0 1 0
2 0 6
2 0 10
2 0 4
2 0 1
0 1 0
4 0 747
2 0 1
2 0 9
2 0 2
0 1 0
0 13 15
1 25 36
2 0 9
2 0 5
0 1 0
1 33 124
0 34 40
0 32 24
4 0 351
0 1 0
0 39 50
0 19 21
2 0 7
4 0 297
0 1 0
0 35 21
4 0 238
4 0 672
2 0 5
0 1 0
2 0 9
4 0 943
0 28 31
0 20 22
0 1 0
2 0 2
2 0 5
0 23 29
2 0 3
0 1 0
0 8 7
4 0 208
0 48 28
0 37 52
0 1 0
2 0 2
0 19 15
0 6 8
4 0 263
0 1 0
3 0 8
0 40 49
2 0 4
3 0 2
0 1 0
2 0 3
0 38 66
2 0 8
0 34 37
0 1 0
3 0 0
2 0 5
3 0 0
2 0 9
0 1 0
4 0 392
2 0 4
0 39 51
0 17 13
0 1 0
2 0 1
1 36 67
4 0 927
2 0 3
0 1 0
0 6 10
4 0 459
4 0 543
0 30 40
0 1 0
2 0 4
4 0 738
2 0 4
3 0 4
0 1 0
0 26 22
0 10 14
2 0 4
1 36 113
0 1 0
0 31 39
4 0 395
2 0 7
2 0 9
0 1 0
2 0 1
2 0 6
2 0 2
1 18 59
0 1 0
4 0 697
2 0 5
0 48 33
2 0 2
0 1 0
0 5 5
4 0 505
3 0 1
0 16 20
0 1 0
2 0 0
2 0 6
2 0 7
2 0 10
0 1 0
0 5 4
0 50 38
3 0 10
0 24 27
0 1 0
2 0 7
2 0 9
0 6 8
2 0 1
0 1 0
0 6 7
0 17 16
2 0 1
3 0 9
0 1 0
0 39 35
1 22 57
4 0 482
4 0 626
0 1 0
2 0 9
0 14 18
2 0 10
0 4 5
0 1 0
0 49 29
4 0 877
0 49 36
3 0 7
0 1 0
0 1 1
0 30 15
0 20 16
0 49 34
0 1 0
2 0 2
0 29 40
0 4 6
0 29 22
0 1 0
0 46 39
2 0 5
1 26 69
2 0 6
0 1 0
0 37 60
2 0 0
4 0 475
4 0 641
0 1 0
2 0 0
4 0 299
2 0 7
2 0 4
0 1 0
0 19 16
4 0 762
2 0 6
0 34 44
0 1 0
2 0 10
2 0 5
2 0 3
2 0 7
0 1 0
2 0 8
2 0 7
2 0 6
0 30 35
0 1 0
4 0 993
0 47 49
1 48 111
0 40 47
0 1 0
1 25 57
0 1 1
0 18 24
0 4 2
0 1 0
0 13 21
0 23 26
0 14 10
2 0 1
0 1 0
4 0 453
0 45 41
0 29 40
0 2 3
0 1 0
4 0 222
4 0 285
0 4 2
2 0 4
0 1 0
0 29 19
0 14 16
4 0 790
0 42 35
0 1 0
4 0 290
0 33 46
0 18 15
2 0 2
0 1 0
0 7 8
0 11 8
0 31 12
0 20 22
0 1 0
2 0 1
2 0 4
3 0 5
0 47 22
0 1 0
2 0 5
2 0 1
4 0 834
0 48 73
0 1 0
2 0 4
0 34 28
0 18 19
2 0 4
0 1 0
0 12 21
0 20 20
0 46 38
0 5 2
0 1 0
2 0 8
1 22 57
1 33 99
2 0 8
0 1 0
0 31 48
0 2 2
2 0 7
2 0 10
0 1 0
3 0 2
0 4 5
0 26 32
2 0 6
0 1 0
2 0 8
4 0 593
2 0 10
4 0 253
0 1 0
3 0 6
0 12 10
0 13 6
4 0 980
0 1 0
0 13 11
0 22 20
0 39 17
2 0 9
0 1 0
0 18 28
2 0 9
0 41 50
0 36 28
0 1 0
2 0 7
4 0 850
3 0 10
0 3 2
0 1 0
2 0 9
0 48 66
0 25 29
2 0 10
0 1 0
4 0 926
3 0 4
0 43 64
2 0 7
0 1 0
2 0 7
0 32 46
3 0 0
4 0 438
0 1 0
0 35 11
3 0 10
2 0 6
0 2 3
0 1 0
3 0 6
0 10 10
2 0 0
0 10 7
0 1 0
2 0 4
2 0 7
0 38 34
2 0 10
0 1 0
0 27 25
0 48 45
0 34 45
2 0 6
0 1 0
4 0 447
2 0 3
3 0 3
2 0 7
0 1 0
2 0 6
2 0 2
4 0 956
2 0 1
0 1 0
2 0 2
0 9 6
4 0 225
2 0 9
0 1 0
4 0 758
3 0 8
0 42 40
0 32 27
0 1 0
0 7 7
0 34 13
0 39 46
2 0 0
0 1 0
0 17 16
0 47 66
0 22 34
0 39 54
0 1 0
2 0 9
0 18 13
0 1 1
2 0 0
0 1 0
2 0 1
2 0 6
0 45 42
0 1 1
0 1 0
2 0 10
0 37 50
0 41 57
0 40 37
0 1 0
0 7 7
2 0 8
1 31 107
0 50 49
0 1 0
2 0 9
4 0 200
4 0 656
0 5 7
0 1 0
4 0 615
2 0 8
0 28 33
1 3 11
0 1 0
4 0 820
2 0 4
2 0 6
0 12 13
0 1 0
0 47 51
2 0 8
2 0 1
2 0 2
0 1 0
0 13 15
3 0 4
2 0 7
1 1 3
0 1 0
2 0 10
0 24 28
0 19 18
4 0 789
0 1 0
4 0 797
0 20 10
4 0 706
1 38 62
0 1 0
0 24 10
0 17 17
2 0 0
0 40 53
0 1 0
2 0 10
2 0 9
2 0 10
2 0 1
0 1 0
0 29 35
2 0 6
2 0 7
0 42 23
0 1 0
0 35 47
0 44 74
0 49 48
2 0 2
0 1 0
2 0 0
2 0 0
2 0 5
2 0 4
0 1 0
2 0 9
0 18 16
4 0 249
4 0 216
0 1 0
4 0 686
2 0 5
0 1 1
0 37 56
0 1 0
0 21 27
3 0 4
4 0 603
4 0 338
0 1 0
0 35 36
2 0 8
0 26 13
0 35 55
0 1 0
2 0 5
4 0 273
2 0 2
0 49 40
0 1 0
0 29 42
2 0 2
0 27 22
2 0 9
0 1 0
0 30 14
2 0 0
0 46 61
0 42 23
0 1 0
2 0 9
4 0 210
2 0 3
4 0 226
0 1 0
4 0 693
0 7 6
0 29 23
2 0 10
0 1 0
4 0 494
2 0 7
4 0 918
4 0 682
0 1 0
0 22 5
0 12 16
1 39 199
2 0 6
0 1 0
2 0 3
0 23 9
2 0 9
2 0 4
0 1 0
0 48 45
4 0 979
2 0 7
0 49 35
0 1 0
1 39 61
4 0 357
2 0 5
2 0 6
0 1 0
2 0 6
1 47 200
0 9 7
4 0 636
0 1 0
2 0 0
0 28 42
2 0 3
4 0 938
0 1 0
0 48 26
4 0 252
0 49 29
0 21 20
0 1 0
0 16 18
4 0 324
2 0 9
2 0 7
0 1 0
3 0 7
0 44 49
2 0 6
1 48 168
0 1 0
2 0 4
4 0 690
0 24 18
0 50 55
0 1 0
0 39 45
2 0 6
0 12 15
1 35 115
0 1 0
0 34 32
2 0 9
2 0 3
0 20 39
0 1 0
0 23 26
4 0 381
2 0 2
0 21 21
0 1 0
2 0 7
0 16 22
4 0 852
0 40 38
0 1 0
2 0 1
1 28 74
0 5 5
0 13 18
0 1 0
0 13 13
0 24 30
0 43 46
2 0 10
0 1 0
2 0 9
0 29 40
4 0 238
0 12 13
0 1 0
0 6 5
4 0 778
3 0 4
0 44 55
0 1 0
3 0 8
4 0 375
2 0 7
2 0 7
0 1 0
2 0 4
4 0 672
1 36 78
0 22 10
0 1 0
1 24 85
0 25 25
2 0 8
4 0 327
0 1 0
0 41 48
2 0 0
3 0 7
0 16 15
0 1 0
4 0 515
2 0 4
0 27 42
0 36 50
0 1 0
0 48 57
4 0 341
2 0 6
0 7 5
0 1 0
0 21 5
4 0 516
2 0 5
4 0 244
0 1 0
2 0 0
0 48 50
0 5 7
2 0 2
0 1 0
2 0 1
2 0 2
2 0 9
0 49 35
0 1 0
0 3 4
0 10 11
2 0 4
0 1 1
0 1 0
0 14 2
3 0 1
0 29 38
4 0 524
0 1 0
0 44 35
3 0 3
0 23 20
0 31 13
0 1 0
2 0 9
2 0 3
2 0 4
2 0 0
0 1 0
1 13 44
3 0 6
2 0 5
3 0 8
0 1 0
2 0 4
2 0 1
0 41 58
0 30 31
0 1 0
0 5 4
4 0 958
1 15 36
0 27 24
0 1 0
0 15 8
0 15 23
0 3 3
2 0 1
0 1 0
0 46 44
2 0 1
0 34 22
2 0 2
0 1 0
4 0 795
2 0 6
2 0 3
2 0 3
0 1 0
4 0 598
2 0 8
0 50 68
2 0 0
0 1 0
2 0 5
0 3 2
2 0 4
0 26 35
0 1 0
4 0 464
0 47 65
2 0 9
2 0 7
0 1 0
4 0 854
0 6 6
0 44 40
3 0 7
0 1 0
2 0 1
2 0 4
0 48 30
0 10 9
0 1 0
0 28 46
2 0 0
0 40 37
2 0 3
0 1 0
0 16 20
0 12 7
0 11 8
2 0 7
0 1 0
2 0 0
2 0 4
2 0 9
2 0 1
0 1 0
0 40 46
0 9 12
4 0 698
4 0 595
0 1 0
3 0 8
0 16 10
2 0 6
0 21 21
0 1 0
2 0 6
0 6 6
0 48 28
0 33 46
0 1 0
0 20 22
3 0 7
4 0 209
0 46 34
0 1 0
4 0 679
0 7 9
2 0 2
4 0 324
0 1 0
0 24 14
2 0 8
0 41 38
0 38 60
0 1 0
0 29 30
0 27 36
4 0 736
0 41 54
0 1 0
2 0 1
2 0 10
2 0 6
2 0 1
0 1 0
4 0 777
0 14 14
2 0 9
0 36 17
0 1 0
0 20 4
2 0 9
0 1 1
0 4 5
0 1 0
0 2 2
4 0 602
2 0 4
0 16 15
0 1 0
2 0 1
2 0 5
2 0 3
0 1 1
0 1 0
2 0 6
0 30 33
4 0 304
0 21 16
0 1 0
2 0 3
4 0 213
2 0 10
2 0 0
0 1 0
0 35 36
0 8 6
0 46 34
0 2 3
0 1 0
3 0 3
0 13 15
4 0 615
0 38 31
0 1 0
2 0 8
4 0 707
4 0 375
2 0 5
0 1 0
2 0 7
4 0 335
0 50 49
4 0 238
0 1 0
0 6 6
3 0 1
2 0 6
0 31 39
0 1 0
2 0 9
0 24 33
2 0 5
0 9 9
0 1 0
4 0 951
4 0 767
4 0 245
2 0 1
0 1 0
0 37 49
2 0 3
0 48 67
1 1 4
0 1 0
2 0 6
4 0 413
0 8 8
0 13 17
0 1 0
3 0 4
0 38 38
2 0 1
0 10 10
0 1 0
2 0 4
0 20 17
0 18 22
0 4 5
0 1 0
3 0 3
0 46 22
0 49 28
2 0 5
0 1 0
2 0 8
3 0 2
0 2 2
0 39 45
0 1 0
2 0 5
2 0 4
4 0 586
2 0 1
0 1 0
2 0 4
0 13 17
4 0 797
0 15 19
0 1 0
3 0 6
1 24 57
1 3 5
2 0 4
0 1 0
0 37 30
2 0 10
1 8 31
4 0 291
0 1 0
2 0 2
0 26 40
3 0 5
2 0 10
0 1 0
0 3 2
0 27 33
4 0 836
2 0 1
0 1 0
0 8 5
0 46 79
2 0 9
3 0 9
0 1 0
4 0 480
2 0 0
1 3 10
3 0 3
0 1 0
0 3 4
4 0 891
2 0 2
4 0 669
0 1 0
4 0 536
0 6 6
0 3 4
2 0 4
0 1 0
3 0 2
0 39 51
0 40 33
4 0 223
0 1 0
0 37 33
1 25 90
2 0 2
0 18 21
0 1 0
3 0 7
0 36 32
0 48 45
0 43 35
0 1 0
4 0 450
0 27 17
0 40 41
0 7 6
0 1 0
3 0 4
2 0 8
2 0 1
0 27 28
0 1 0
0 21 25
2 0 3
0 16 13
0 50 70
0 1 0
0 6 4
2 0 6
0 32 39
2 0 3
0 1 0
0 6 9
0 20 18
2 0 8
0 23 25
0 1 0
1 28 49
0 16 19
0 17 27
0 22 13
0 1 0
0 27 36
0 36 38
0 16 27
0 14 12
0 1 0
4 0 358
0 13 10
0 32 27
2 0 2
0 1 0
0 9 6
2 0 1
0 42 48
0 15 21
0 1 0
0 9 6
2 0 9
4 0 779
0 37 43
0 1 0
0 2 1
0 26 29
4 0 725
4 0 398
0 1 0
1 41 114
0 4 6
2 0 5
0 44 35
0 1 0
2 0 4
2 0 7
2 0 4
2 0 0
0 1 0
2 0 4
0 50 58
1 10 27
0 3 4
0 1 0
0 42 38
0 38 1
1 30 96
2 0 10
0 1 0
0 23 33
4 0 869
2 0 9
0 7 5
0 1 0
2 0 0
4 0 734
0 36 31
2 0 5
0 1 0
0 36 42
0 7 10
2 0 2
4 0 569
0 1 0
4 0 866
0 6 7
0 47 57
4 0 620
0 1 0
0 18 24
4 0 773
0 4 4
4 0 350
0 1 0
0 14 8
2 0 10
4 0 505
0 42 19
0 1 0
0 17 21
0 47 49
0 12 11
2 0 5
0 1 0
0 20 15
3 0 0
2 0 1
0 21 28
0 1 0
2 0 5
3 0 1
4 0 988
2 0 0
0 1 0
0 3 3
2 0 0
3 0 4
2 0 1
0 1 0
4 0 416
1 12 17
0 10 7
2 0 6
0 1 0
2 0 5
0 27 29
2 0 1
2 0 10
0 1 0
2 0 7
2 0 10
4 0 726
4 0 654
0 1 0
0 17 15
1 20 79
2 0 9
2 0 6
0 1 0
0 25 17
1 5 16
4 0 939
2 0 5
0 1 0
0 19 15
2 0 4
0 17 11
0 5 2
0 1 0
2 0 5
2 0 5
0 47 35
0 41 52
0 1 0
4 0 792
4 0 555
4 0 898
0 20 35
0 1 0
2 0 2
2 0 8
4 0 767
4 0 996
0 1 0
2 0 8
0 6 3
0 12 6
0 29 21
0 1 0
2 0 9
0 27 27
2 0 5
2 0 3
0 1 0
4 0 644
0 40 49
2 0 1
2 0 5
0 1 0
4 0 245
2 0 1
4 0 567
0 13 16
0 1 0
0 33 40
2 0 5
4 0 624
4 0 966
0 1 0
4 0 765
0 48 29
2 0 8
0 3 3
0 1 0
2 0 4
0 25 18
2 0 6
0 44 41
0 1 0
4 0 538
0 40 9
0 36 19
0 26 27
0 1 0
0 18 31
2 0 10
2 0 0
2 0 1
0 1 0
2 0 5
2 0 0
4 0 718
2 0 4
0 1 0
0 18 16
0 17 21
0 11 12
2 0 5
0 1 0
0 25 19
2 0 5
0 33 40
0 47 38
0 1 0
0 18 13
0 39 56
4 0 495
3 0 8
0 1 0
2 0 5
0 33 21
0 23 35
4 0 731
0 1 0
2 0 0
2 0 9
2 0 9
4 0 200
0 1 0
0 37 34
0 1 1
2 0 9
4 0 980
0 1 0
2 0 0
2 0 1
0 46 54
0 2 1
0 1 0
0 30 27
1 27 64
3 0 0
2 0 0
0 1 0
2 0 6
2 0 5
0 22 17
0 48 19
0 1 0
0 7 3
0 24 17
2 0 2
0 7 9
0 1 0
2 0 9
0 40 31
2 0 3
2 0 6
0 1 0
0 34 45
0 16 19
3 0 3
0 37 53
0 1 0
4 0 540
2 0 9
2 0 4
4 0 405
0 1 0
4 0 519
4 0 952
0 8 10
2 0 7
0 1 0
0 9 4
0 13 13
0 29 34
0 18 15
0 1 0
4 0 846
2 0 0
2 0 4
2 0 2
0 1 0
0 33 43
4 0 202
0 15 18
2 0 2
0 1 0
0 24 15
0 29 37
0 34 30
2 0 10
0 1 0
2 0 10
4 0 817
4 0 680
1 38 103
0 1 0
0 47 53
1 11 38
2 0 3
4 0 226
0 1 0
0 43 25
2 0 0
4 0 581
2 0 5
0 1 0
3 0 8
0 9 11
0 43 52
0 19 15
0 1 0
0 24 30
0 37 32
0 32 16
0 3 2
0 1 0
0 50 60
2 0 6
2 0 7
2 0 1
0 1 0
1 26 157
0 23 21
2 0 4
0 41 52
0 1 0
1 8 20
4 0 536
2 0 9
4 0 204
0 1 0
0 21 23
2 0 1
2 0 2
1 34 80
0 1 0
4 0 899
2 0 6
0 16 1
3 0 6
0 1 0
0 44 53
0 35 49
0 43 37
0 17 26
0 1 0
0 17 19
2 0 5
2 0 4
2 0 1
0 1 0
0 49 21
1 9 18
0 41 56
0 7 10
0 1 0
3 0 6
2 0 0
2 0 6
2 0 0
0 1 0
2 0 3
0 28 30
0 25 15
2 0 2
0 1 0
0 19 11
2 0 9
1 12 51
0 47 44
0 1 0
2 0 5
4 0 833
2 0 4
2 0 1
0 1 0
2 0 7
4 0 207
4 0 591
4 0 632
0 1 0
0 41 61
4 0 364
0 16 3
2 0 7
0 1 0
2 0 2
4 0 847
2 0 1
2 0 0
0 1 0
0 30 47
0 29 16
2 0 7
0 6 7
0 1 0
2 0 8
2 0 1
4 0 649
0 10 11
0 1 0
1 22 63
0 8 8
4 0 498
2 0 5
0 1 0
3 0 0
4 0 805
0 8 5
4 0 340
0 1 0
2 0 9
0 2 2
0 19 15
2 0 7
0 1 0
0 30 35
3 0 10
4 0 415
2 0 5
0 1 0
0 16 2
0 39 18
0 5 6
4 0 571
0 1 0
3 0 9
4 0 971
2 0 4
2 0 4
0 1 0
0 22 9
0 15 13
2 0 5
0 10 8
0 1 0
2 0 5
0 7 6
0 50 68
2 0 3
0 1 0
2 0 7
0 1 1
2 0 2
0 14 15
0 1 0
4 0 598
0 6 8
0 41 49
3 0 0
0 1 0
0 43 53
3 0 0
2 0 8
0 14 15
0 1 0
0 2 2
4 0 694
2 0 1
2 0 1
0 1 0
0 36 52
3 0 10
0 7 8
0 33 60
0 1 0
3 0 9
3 0 9
2 0 6
0 8 8
0 1 0
0 19 26
0 12 15
3 0 0
0 11 14
0 1 0
0 48 9
2 0 1
0 3 2
0 9 6
0 1 0
0 19 21
2 0 3
0 7 11
0 4 4
0 1 0
4 0 488
2 0 5
2 0 9
0 19 25
0 1 0
0 10 9
0 8 7
0 44 51
0 13 11
0 1 0
2 0 6
0 23 1
2 0 7
2 0 9
0 1 0
2 0 4
0 35 28
4 0 954
0 26 29
0 1 0
2 0 7
0 47 57
0 3 3
2 0 2
0 1 0
0 41 40
0 23 21
2 0 2
4 0 623
0 1 0
0 42 32
0 10 13
0 17 20
2 0 3
0 1 0
0 24 31
0 9 8
0 44 52
3 0 3
0 1 0
2 0 6
0 22 13
0 23 15
0 38 45
0 1 0
3 0 8
0 4 5
3 0 7
0 20 21
0 1 0
0 3 2
3 0 6
2 0 0
4 0 773
0 1 0
2 0 1
0 32 30
2 0 5
2 0 9
0 1 0
2 0 0
0 33 28
2 0 4
0 35 51
0 1 0
2 0 8
4 0 715
0 50 33
0 21 14
0 1 0
2 0 4
2 0 8
0 37 53
2 0 10
0 1 0
2 0 6
2 0 10
2 0 7
0 15 9
0 1 0
2 0 8
4 0 801
0 16 22
0 1 2
0 1 0
0 2 3
2 0 0
0 32 28
0 5 5
0 1 0
2 0 5
2 0 3
0 14 10
2 0 1
0 1 0
4 0 353
2 0 5
2 0 8
2 0 7
0 1 0
0 45 47
0 25 15
2 0 8
2 0 5
0 1 0
0 39 51
4 0 785
2 0 1
0 49 47
0 1 0
0 17 17
2 0 2
0 3 5
0 7 5
0 1 0
4 0 946
1 7 20
2 0 6
2 0 2
0 1 0
2 0 7
2 0 6
0 46 30
4 0 779
0 1 0
4 0 595
4 0 482
4 0 395
0 21 18
0 1 0
0 42 80
0 34 28
2 0 3
0 20 19
0 1 0
4 0 282
2 0 4
2 0 6
4 0 247
0 1 0
1 27 94
4 0 945
2 0 5
2 0 2
0 1 0
4 0 442
0 3 3
1 45 150
2 0 6
0 1 0
2 0 0
2 0 5
0 5 4
4 0 220
0 1 0
2 0 8
2 0 3
2 0 1
0 45 80
0 1 0
0 21 26
1 39 87
0 25 25
2 0 2
0 1 0
0 2 2
2 0 1
3 0 9
2 0 9
0 1 0
4 0 790
4 0 396
0 16 11
2 0 10
0 1 0
2 0 6
0 40 56
2 0 2
0 35 36
0 1 0
4 0 515
2 0 1
2 0 8
0 39 18
0 1 0
3 0 5
0 12 14
0 29 31
0 50 33
0 1 0
0 27 34
0 18 20
3 0 8
0 19 15
0 1 0
4 0 353
0 17 9
0 23 25
0 26 31
0 1 0
2 0 5
2 0 2
0 37 54
0 49 43
0 1 0
2 0 0
3 0 6
0 46 56
3 0 3
0 1 0
2 0 2
4 0 367
2 0 3
0 41 24
0 1 0
2 0 6
0 16 13
0 23 26
1 15 29
0 1 0
1 39 57
2 0 2
1 48 91
0 45 42
0 1 0
2 0 7
2 0 9
4 0 806
0 15 17
0 1 0
0 29 37
4 0 795
0 46 52
2 0 4
0 1 0
2 0 1
0 37 16
0 25 21
0 5 6
0 1 0
1 11 42
4 0 203
2 0 10
4 0 895
0 1 0
2 0 7
0 47 33
0 39 52
0 43 52
0 1 0
2 0 7
0 24 8
0 50 55
0 11 14
0 1 0
2 0 8
3 0 2
0 9 2
2 0 7
0 1 0
0 39 34
1 41 92
0 4 7
2 0 1
0 1 0
4 0 601
4 0 955
0 47 34
4 0 349
0 1 0
0 39 18
0 25 34
0 35 19
2 0 1
0 1 0
0 38 52
4 0 486
2 0 8
0 43 50
0 1 0
2 0 8
0 39 16
2 0 5
0 7 5
0 1 0
0 48 17
2 0 9
0 21 30
0 31 31
0 1 0
0 12 10
0 28 18
2 0 2
0 24 18
0 1 0
2 0 9
2 0 0
2 0 8
4 0 970
0 1 0
2 0 6
0 17 14
2 0 3
0 29 35
0 1 0
2 0 8
2 0 3
2 0 0
4 0 251
0 1 0
2 0 9
2 0 10
0 34 23
0 23 9
0 1 0
0 34 10
2 0 2
0 39 48
0 10 11
0 1 0
2 0 6
1 13 47
3 0 4
2 0 1
0 1 0
2 0 8
4 0 566
1 1 4
2 0 8
0 1 0
0 4 6
4 0 231
1 34 84
0 25 29
0 1 0
1 45 138
0 26 38
2 0 5
2 0 1
0 1 0
1 24 31
0 21 30
2 0 10
1 29 59
0 1 0
2 0 7
2 0 2
2 0 9
3 0 0
0 1 0
0 10 4
4 0 922
0 25 23
4 0 390
0 1 0
0 40 60
1 8 12
0 27 10
4 0 395
0 1 0
2 0 1
2 0 8
0 40 66
0 32 26
0 1 0
2 0 5
2 0 5
0 15 15
1 50 190
0 1 0
4 0 939
0 13 19
0 25 22
0 48 29
0 1 0
1 35 125
2 0 10
4 0 622
0 22 39
0 1 0
2 0 3
4 0 301
3 0 2
2 0 8
0 1 0
4 0 990
2 0 3
2 0 5
2 0 7
0 1 0
0 28 28
1 34 96
2 0 6
0 26 27
0 1 0
4 0 584
2 0 9
4 0 375
3 0 0
0 1 0
0 49 75
2 0 2
1 11 62
2 0 5
0 1 0
2 0 1
4 0 417
0 45 57
0 16 10
0 1 0
1 13 32
0 8 8
1 15 33
0 27 21
0 1 0
2 0 9
2 0 9
2 0 10
4 0 695
0 1 0
2 0 8
0 4 3
2 0 10
0 34 39
0 1 0
0 47 56
4 0 419
0 20 9
0 49 37
0 1 0
2 0 8
0 41 31
2 0 0
0 1 1
0 1 0
1 15 49
2 0 4
4 0 212
3 0 4
0 1 0
0 3 4
0 34 27
0 18 9
2 0 7
0 1 0
0 49 61
0 34 42
3 0 8
4 0 271
0 1 0
4 0 659
0 42 77
4 0 362
4 0 403
0 1 0
2 0 7
4 0 889
2 0 8
0 33 38
0 1 0
4 0 768
3 0 0
0 2 2
4 0 412
0 1 0
0 22 29
4 0 670
2 0 6
2 0 7
0 1 0
2 0 9
2 0 5
0 6 8
2 0 10
0 1 0
0 31 21
2 0 1
0 44 23
0 43 31
0 1 0
0 41 57
0 27 18
2 0 4
0 42 42
0 1 0
1 3 3
2 0 3
0 10 8
3 0 0
0 1 0
2 0 3
0 27 37
0 2 1
0 36 19
0 1 0
0 39 30
4 0 489
0 16 11
4 0 257
0 1 0
0 45 42
3 0 9
2 0 4
0 24 39
0 1 0
0 44 7
1 6 22
0 32 31
2 0 3
0 1 0
0 28 25
2 0 10
2 0 10
0 16 22
0 1 0
2 0 10
0 15 17
2 0 4
0 3 3
0 1 0
2 0 1
0 24 14
0 29 33
2 0 9
0 1 0
2 0 4
2 0 9
0 44 39
2 0 4
0 1 0
0 14 18
2 0 6
2 0 5
0 40 32
0 1 0
4 0 437
2 0 3
0 28 26
2 0 6
0 1 0
2 0 7
1 23 105
2 0 1
0 47 60
0 1 0
0 15 17
0 24 11
2 0 5
4 0 461
0 1 0
0 36 27
0 24 12
1 50 147
0 27 19
0 1 0
0 4 5
0 36 39
0 49 22
2 0 1
0 1 0
0 24 24
4 0 389
0 35 55
0 28 25
0 1 0
0 43 56
0 17 21
0 6 3
3 0 5
0 1 0
0 24 19
0 43 38
0 15 15
0 50 40
0 1 0
4 0 422
3 0 6
0 42 17
2 0 6
0 1 0
0 26 33
4 0 923
4 0 615
0 2 2
0 1 0
3 0 1
0 47 48
2 0 8
2 0 10
0 1 0
2 0 4
0 25 25
0 29 37
2 0 4
0 1 0
4 0 319
2 0 10
2 0 8
2 0 5
0 1 0
2 0 0
2 0 10
2 0 5
2 0 8
0 1 0
2 0 9
0 8 10
0 33 48
2 0 9
0 1 0
2 0 0
0 44 40
4 0 752
0 21 19
0 1 0
2 0 0
1 41 116
3 0 6
3 0 1
0 1 0
2 0 0
0 49 66
2 0 7
0 3 2
0 1 0
2 0 8
0 49 25
2 0 2
4 0 777
0 1 0
0 40 60
2 0 4
2 0 2
0 9 5
0 1 0
1 3 10
0 39 36
4 0 308
4 0 301
0 1 0
2 0 7
2 0 6
2 0 4
3 0 8
0 1 0
2 0 0
2 0 10
2 0 5
2 0 9
0 1 0
0 20 20
0 38 34
2 0 4
0 32 50
0 1 0
1 8 11
1 45 143
2 0 5
4 0 374
0 1 0
3 0 1
3 0 4
0 32 20
0 28 27
0 1 0
1 39 66
0 26 35
4 0 615
3 0 9
0 1 0
0 20 12
0 14 16
2 0 10
2 0 7
0 1 0
0 47 53
0 3 4
0 15 17
2 0 7
0 1 0
2 0 10
0 9 7
2 0 3
2 0 6
0 1 0
4 0 756
1 5 20
0 42 59
3 0 3
0 1 0
0 30 27
0 23 12
2 0 1
2 0 10
0 1 0
0 50 58
4 0 918
2 0 2
2 0 2
0 1 0
0 35 34
2 0 9
0 49 48
0 48 40
0 1 0
0 9 8
0 39 40
0 43 62
4 0 592
0 1 0
0 45 44
0 30 23
2 0 8
0 42 40
0 1 0
2 0 8
2 0 8
0 10 13
0 15 19
0 1 0
0 30 20
0 44 20
0 21 28
3 0 4
0 1 0
2 0 5
4 0 995
0 43 53
2 0 5
0 1 0
2 0 6
0 5 4
4 0 757
2 0 0
0 1 0
0 47 44
2 0 5
4 0 768
2 0 3
0 1 0
2 0 0
0 13 12
0 6 8
3 0 9
0 1 0
4 0 676
0 18 16
0 36 54
2 0 0
0 1 0
4 0 378
0 33 48
1 14 28
2 0 9
0 1 0
0 20 14
2 0 1
2 0 1
0 9 7
0 1 0
0 3 4
2 0 9
1 26 77
1 6 13
0 1 0
0 21 28
0 18 23
0 30 39
0 17 15
0 1 0
2 0 5
2 0 7
3 0 10
2 0 0
0 1 0
2 0 2
1 49 113
4 0 966
0 50 47
0 1 0
4 0 861
4 0 647
0 22 11
0 10 9
0 1 0
0 18 21
2 0 8
0 50 48
2 0 9
0 1 0
0 25 42
0 8 2
0 21 20
2 0 5
0 1 0
2 0 5
0 47 49
0 4 2
2 0 4
0 1 0
2 0 1
0 30 50
0 31 29
4 0 656
0 1 0
2 0 6
3 0 1
2 0 6
1 28 37
0 1 0
0 2 3
0 17 27
0 5 5
3 0 0
0 1 0
2 0 5
2 0 6
0 37 26
4 0 330
0 1 0
0 36 52
0 15 17
0 15 10
2 0 1
0 1 0
2 0 9
0 16 17
4 0 931
1 7 17
0 1 0
2 0 1
1 18 65
4 0 685
4 0 976
0 1 0
0 25 23
2 0 7
2 0 5
2 0 6
0 1 0
0 38 28
2 0 10
4 0 708
2 0 10
0 1 0
0 42 39
2 0 5
2 0 8
3 0 2
0 1 0
2 0 3
2 0 1
0 24 25
4 0 963
0 1 0
0 39 21
1 50 105
2 0 10
2 0 3
0 1 0
2 0 4
0 10 12
2 0 9
0 13 12
0 1 0
2 0 5
2 0 0
3 0 2
3 0 9
0 1 0
0 17 17
2 0 0
0 42 63
0 25 26
0 1 0
0 28 31
2 0 1
4 0 244
2 0 5
0 1 0
0 25 24
2 0 4
2 0 10
0 27 30
0 1 0
2 0 2
2 0 5
2 0 6
0 45 57
0 1 0
2 0 8
2 0 5
0 38 29
2 0 4
0 1 0
4 0 602
4 0 552
3 0 1
0 8 9
0 1 0
4 0 982
3 0 9
0 47 12
2 0 8
0 1 0
0 10 7
2 0 1
2 0 10
2 0 7
0 1 0
2 0 6
3 0 10
2 0 9
3 0 0
0 1 0
2 0 10
3 0 0
0 30 30
2 0 5
0 1 0
2 0 10
2 0 2
4 0 870
2 0 3
0 1 0
0 21 23
0 28 33
4 0 668
0 5 1
0 1 0
2 0 4
0 12 10
2 0 10
1 22 97
0 1 0
2 0 1
4 0 333
0 17 22
0 16 20
0 1 0
4 0 270
2 0 7
2 0 3
4 0 394
0 1 0
2 0 1
2 0 10
0 24 22
4 0 739
0 1 0
2 0 7
2 0 1
0 22 29
4 0 287
0 1 0
3 0 7
2 0 6
2 0 7
4 0 407
0 1 0
0 7 7
0 25 25
0 46 47
0 44 56
0 1 0
2 0 5
0 3 4
0 26 26
0 32 22
0 1 0
0 16 21
0 18 16
4 0 841
0 4 3
0 1 0
0 5 3
2 0 6
3 0 3
1 11 37
0 1 0
0 33 31
2 0 1
3 0 5
2 0 5
0 1 0
2 0 5
3 0 10
2 0 3
4 0 855
0 1 0
3 0 9
0 36 40
3 0 3
4 0 219
0 1 0
1 16 43
0 4 1
0 50 56
2 0 2
0 1 0
4 0 278
0 3 2
2 0 5
2 0 9
0 1 0
1 23 42
0 19 29
2 0 10
2 0 10
0 1 0
0 7 12
3 0 0
0 36 21
0 32 17
0 1 0
0 48 39
2 0 5
4 0 869
0 17 22
0 1 0
0 8 9
2 0 3
2 0 2
2 0 0
0 1 0
0 4 4
0 7 2
2 0 5
0 23 2
0 1 0
2 0 7
2 0 5
2 0 4
0 30 25
0 1 0
3 0 0
4 0 379
4 0 578
0 28 37
0 1 0
4 0 466
3 0 4
0 25 30
2 0 8
0 1 0
0 10 8
4 0 763
0 42 42
2 0 6
0 1 0
2 0 2
0 49 37
1 7 22
2 0 2
0 1 0
2 0 10
0 49 50
4 0 204
0 14 14
0 1 0
3 0 0
0 7 7
1 5 23
0 25 21
0 1 0
3 0 7
2 0 3
0 50 60
2 0 3
0 1 0
1 15 42
0 27 25
0 6 8
4 0 719
0 1 0
0 22 9
0 50 72
2 0 4
4 0 961
0 1 0
4 0 516
2 0 9
0 3 4
0 41 31
0 1 0
0 16 15
4 0 395
4 0 825
2 0 2
0 1 0
4 0 642
2 0 3
0 25 18
0 45 68
0 1 0
0 3 2
0 39 51
0 25 43
2 0 3
0 1 0
2 0 2
2 0 3
2 0 8
1 2 6
0 1 0
0 11 16
0 30 44
0 20 35
2 0 1
0 1 0
0 6 7
0 49 56
2 0 7
3 0 0
0 1 0
2 0 4
4 0 379
0 47 51
4 0 425
0 1 0
2 0 7
0 20 15
0 37 34
4 0 809
0 1 0
4 0 349
4 0 857
0 37 40
4 0 921
0 1 0
4 0 277
2 0 5
0 17 11
4 0 681
0 1 0
2 0 5
0 48 57
4 0 982
2 0 6
0 1 0
0 32 34
2 0 1
0 29 31
0 13 15
0 1 0
0 44 41
0 1 2
0 46 61
0 16 15
0 1 0
0 17 18
2 0 1
2 0 6
0 21 19
0 1 0
2 0 0
2 0 3
2 0 9
0 14 7
0 1 0
2 0 1
0 25 10
0 29 26
0 45 40
0 1 0
0 5 5
3 0 7
4 0 592
4 0 664
0 1 0
2 0 3
2 0 10
4 0 342
4 0 527
0 1 0
0 23 8
0 42 13
4 0 319
2 0 2
0 1 0
4 0 248
0 24 26
2 0 6
0 24 38
0 1 0
0 48 61
0 26 15
4 0 697
2 0 10
0 1 0
0 25 16
2 0 6
3 0 2
0 20 14
0 1 0
2 0 2
0 43 23
0 18 20
2 0 8
0 1 0
2 0 8
2 0 0
0 15 14
2 0 0
0 1 0
0 32 25
2 0 10
2 0 1
2 0 7
0 1 0
0 9 8
0 2 3
2 0 9
2 0 7
0 1 0
0 14 12
0 38 28
4 0 826
3 0 3
0 1 0
0 5 6
0 46 26
0 7 6
0 43 43
0 1 0
4 0 451
4 0 358
0 37 38
1 23 54
0 1 0
0 1 1
0 38 28
2 0 9
0 48 25
0 1 0
2 0 0
0 24 20
0 4 3
0 28 43
0 1 0
3 0 7
0 47 72
0 45 43
0 35 26
0 1 0
0 29 16
0 44 14
2 0 6
4 0 410
0 1 0
3 0 0
0 41 69
3 0 8
4 0 598
0 1 0
0 17 20
4 0 465
2 0 4
0 16 1
0 1 0
1 18 42
2 0 2
0 31 22
4 0 488
0 1 0
0 32 32
0 28 29
4 0 224
0 24 31
0 1 0
2 0 7
0 9 7
0 8 5
0 15 18
0 1 0
2 0 5
2 0 8
2 0 10
4 0 607
0 1 0
4 0 239
0 7 6
2 0 4
4 0 886
0 1 0
2 0 8
0 2 2
0 7 2
0 36 39
0 1 0
0 9 8
0 50 49
2 0 4
0 39 45
0 1 0
3 0 6
0 16 27
0 15 14
4 0 465
0 1 0
0 7 4
3 0 5
0 40 45
2 0 10
0 1 0
0 24 12
4 0 553
4 0 227
0 40 32
0 1 0
0 22 19
2 0 8
0 21 30
0 29 22
0 1 0
2 0 9
2 0 3
3 0 9
4 0 289
0 1 0
4 0 460
4 0 521
0 5 6
0 10 8
0 1 0
0 2 2
2 0 6
0 33 20
0 17 21
0 1 0
2 0 9
0 10 13
0 27 23
4 0 673
0 1 0
0 36 36
4 0 358
4 0 727
0 43 53
0 1 0
4 0 572
2 0 7
2 0 6
0 11 15
0 1 0
2 0 3
2 0 1
0 39 38
0 44 60
0 1 0
2 0 8
2 0 1
1 2 4
2 0 9
0 1 0
4 0 533
0 45 27
0 12 8
2 0 3
0 1 0
2 0 7
2 0 9
4 0 798
0 33 31
0 1 0
0 18 14
1 5 25
3 0 3
4 0 504
0 1 0
0 11 11
2 0 6
2 0 7
2 0 10
0 1 0
4 0 510
0 6 6
2 0 8
0 6 10
0 1 0
4 0 304
3 0 6
0 6 5
0 14 12
0 1 0
0 34 35
4 0 241
0 5 4
4 0 544
0 1 0
0 5 5
0 18 16
4 0 637
2 0 10
0 1 0
2 0 1
2 0 4
0 26 24
0 32 42
0 1 0
0 21 1
2 0 3
4 0 242
4 0 988
0 1 0
2 0 10
0 32 28
1 27 95
0 24 33
0 1 0
4 0 925
1 24 118
0 44 40
1 40 142
0 1 0
0 27 30
2 0 10
0 44 48
4 0 640
0 1 0
4 0 853
0 34 37
0 45 54
0 20 18
0 1 0
0 6 4
2 0 5
0 10 11
4 0 335
0 1 0
0 20 1
4 0 227
2 0 7
2 0 8
0 1 0
4 0 951
0 48 24
0 5 5
1 36 110
0 1 0
4 0 298
0 34 38
0 4 4
1 27 60
0 1 0
0 40 60
0 1 1
4 0 416
0 16 9
0 1 0
3 0 10
0 6 8
0 39 27
0 14 4
0 1 0
1 1 3
2 0 1
0 7 7
1 16 30
0 1 0
0 16 20
2 0 3
2 0 4
3 0 5
0 1 0
2 0 0
2 0 0
0 20 14
0 39 52
0 1 0
0 4 5
4 0 288
0 21 16
2 0 5
0 1 0
0 44 50
2 0 1
2 0 3
2 0 1
0 1 0
1 23 78
2 0 7
2 0 2
0 14 21
0 1 0
0 36 27
0 15 18
0 17 20
0 45 29
0 1 0
4 0 897
2 0 9
4 0 711
0 38 30
0 1 0
0 12 12
2 0 5
2 0 9
1 35 70
0 1 0
2 0 8
4 0 640
3 0 9
2 0 6
0 1 0
2 0 10
3 0 8
2 0 10
0 46 46
0 1 0
2 0 7
2 0 5
4 0 339
0 4 3
0 1 0
4 0 598
0 39 33
2 0 0
0 3 3
0 1 0
2 0 0
1 40 164
0 40 44
0 27 28
0 1 0
4 0 384
0 40 31
0 1 1
2 0 6
0 1 0
4 0 652
0 22 20
3 0 10
2 0 3
0 1 0
2 0 0
0 22 23
0 39 34
4 0 592
0 1 0
0 10 13
4 0 297
0 25 26
0 13 16
0 1 0
2 0 0
0 26 18
2 0 6
4 0 273
0 1 0
2 0 4
2 0 7
2 0 0
2 0 5
0 1 0
4 0 816
0 33 27
2 0 5
2 0 5
0 1 0
2 0 3
0 49 49
1 5 20
0 11 8
0 1 0
2 0 3
3 0 2
0 30 29
0 40 31
0 1 0
0 36 38
0 29 32
1 10 55
0 20 14
0 1 0
0 46 76
0 26 19
4 0 304
2 0 0
0 1 0
4 0 210
4 0 214
2 0 0
4 0 336
0 1 0
2 0 8
0 32 21
2 0 5
0 26 23
0 1 0
0 19 23
4 0 229
0 33 34
0 19 17
0 1 0
2 0 7
3 0 7
1 26 58
0 13 9
0 1 0
4 0 923
0 3 3
0 29 29
1 41 134
0 1 0
4 0 591
2 0 0
4 0 571
2 0 4
0 1 0
2 0 6
2 0 10
0 23 12
3 0 8
0 1 0
2 0 9
4 0 697
2 0 7
0 27 23
0 1 0
4 0 321
2 0 3
0 10 6
4 0 563
0 1 0
2 0 7
4 0 550
4 0 502
1 20 38
0 1 0
0 40 33
0 13 16
2 0 1
0 25 28
0 1 0
2 0 3
1 37 191
4 0 904
0 50 82
0 1 0
2 0 5
2 0 8
0 37 25
3 0 8
0 1 0
4 0 338
0 7 3
0 33 45
0 36 17
0 1 0
0 37 57
0 24 24
0 36 27
2 0 2
0 1 0
2 0 5
0 40 57
2 0 9
0 18 15
0 1 0
2 0 2
2 0 4
0 37 25
0 44 43
0 1 0
0 49 44
0 27 40
2 0 6
2 0 6
0 1 0
3 0 8
4 0 678
2 0 2
0 49 44
0 1 0
4 0 482
0 13 15
2 0 1
2 0 2
0 1 0
2 0 6
2 0 0
0 26 22
1 45 95
0 1 0
0 35 34
4 0 435
0 35 42
3 0 3
0 1 0
0 7 5
0 6 7
4 0 278
2 0 7
0 1 0
2 0 2
1 37 92
0 5 4
4 0 376
0 1 0
0 37 23
4 0 379
1 4 12
2 0 9
0 1 0
0 36 41
2 0 4
0 21 33
0 40 13
0 1 0
0 30 32
2 0 10
2 0 5
2 0 1
0 1 0
0 16 13
4 0 207
2 0 1
0 1 1
0 1 0
0 41 43
4 0 645
0 7 9
2 0 3
0 1 0
0 2 2
4 0 456
0 17 24
4 0 329
0 1 0
0 14 12
0 17 29
2 0 2
2 0 2
0 1 0
0 4 3
0 28 25
4 0 593
0 46 70
0 1 0
0 18 19
4 0 777
0 24 29
0 15 14
0 1 0
0 37 12
0 22 27
2 0 1
0 16 16
0 1 0
2 0 0
2 0 5
4 0 835
0 32 42
0 1 0
2 0 1
0 35 25
2 0 0
0 50 42
0 1 0
0 49 33
0 39 33
0 36 31
0 25 28
0 1 0
0 41 43
2 0 9
3 0 3
0 4 3
0 1 0
2 0 5
4 0 832
4 0 740
2 0 0
0 1 0
2 0 9
3 0 5
2 0 7
2 0 6
0 1 0
2 0 2
0 23 17
4 0 802
0 34 42
0 1 0
0 33 60
0 45 21
2 0 6
4 0 812
0 1 0
0 13 17
1 22 81
0 46 49
2 0 6
0 1 0
2 0 6
4 0 622
1 39 176
2 0 9
0 1 0
2 0 0
4 0 551
4 0 259
1 35 131
0 1 0
0 28 23
4 0 773
2 0 4
0 17 12
0 1 0
4 0 203
2 0 1
2 0 6
0 15 16
0 1 0
2 0 1
0 10 12
4 0 892
2 0 1
0 1 0
2 0 8
0 42 25
2 0 6
0 23 28
0 1 0
0 25 13
0 46 59
4 0 900
0 22 18
0 1 0
3 0 4
4 0 410
2 0 1
0 4 1
0 1 0
4 0 519
0 33 62
3 0 5
2 0 6
0 1 0
4 0 844
2 0 5
0 37 34
0 12 14
0 1 0
0 26 28
0 5 7
0 48 49
0 39 15
0 1 0
0 21 26
2 0 4
0 47 32
4 0 702
0 1 0
0 13 7
2 0 0
0 1 1
0 9 4
0 1 0
2 0 7
0 6 9
0 15 14
2 0 8
0 1 0
2 0 8
1 34 132
0 2 3
2 0 8
0 1 0
0 26 39
0 17 20
0 13 9
4 0 602
0 1 0
0 32 36
0 12 13
4 0 838
4 0 897
0 1 0
0 3 3
1 40 135
0 1 1
2 0 6
0 1 0
0 28 33
2 0 8
3 0 8
0 5 3
0 1 0
0 9 8
0 10 18
2 0 1
0 47 47
0 1 0
0 40 19
2 0 8
2 0 3
0 26 14
0 1 0
2 0 6
0 11 9
4 0 375
2 0 9
0 1 0
2 0 1
2 0 8
2 0 7
0 8 3
0 1 0
1 17 23
2 0 1
2 0 6
0 45 34
0 1 0
2 0 0
2 0 0
4 0 475
0 7 5
0 1 0
0 29 14
2 0 9
3 0 3
2 0 3
0 1 0
2 0 3
0 32 40
2 0 10
2 0 5
0 1 0
2 0 6
0 46 31
2 0 10
4 0 830
0 1 0
2 0 7
0 22 36
2 0 5
0 43 45
0 1 0
1 5 14
2 0 2
2 0 3
0 3 3
0 1 0
2 0 5
0 41 19
4 0 478
0 22 10
0 1 0
3 0 7
4 0 831
1 40 157
0 44 85
0 1 0
2 0 9
0 13 14
2 0 5
0 12 18
0 1 0
4 0 547
2 0 7
0 26 33
2 0 5
0 1 0
0 21 7
1 41 237
0 45 59
0 33 21
0 1 0
2 0 4
2 0 6
2 0 4
4 0 864
0 1 0
0 15 13
4 0 303
2 0 8
0 30 18
0 1 0
0 1 1
3 0 2
4 0 455
0 10 4
0 1 0
0 39 45
4 0 346
0 24 23
0 31 42
0 1 0
2 0 7
0 45 32
4 0 844
0 33 31
0 1 0
2 0 8
0 37 48
4 0 520
1 3 7
0 1 0
2 0 7
0 9 9
4 0 992
2 0 4
0 1 0
0 2 2
1 34 79
0 48 49
2 0 0
0 1 0
2 0 0
4 0 253
0 15 17
2 0 9
0 1 0
4 0 908
0 49 83
0 47 18
2 0 1
0 1 0
0 17 5
2 0 1
0 28 24
2 0 2
0 1 0
2 0 10
2 0 1
0 10 8
4 0 467
0 1 0
4 0 989
1 9 29
0 15 19
2 0 3
0 1 0
0 16 15
2 0 4
0 31 32
0 39 36
0 1 0
0 45 55
2 0 6
2 0 8
0 6 5
0 1 0
4 0 252
0 49 51
4 0 437
0 31 34
0 1 0
2 0 9
3 0 8
2 0 0
0 39 54
0 1 0
0 11 20
4 0 788
0 47 30
0 47 47
0 1 0
4 0 620
2 0 3
2 0 10
2 0 4
0 1 0
2 0 2
0 44 33
2 0 5
4 0 546
0 1 0
0 5 2
0 34 46
4 0 997
2 0 4
0 1 0
0 8 4
2 0 9
4 0 747
2 0 3
0 1 0
2 0 6
2 0 5
4 0 638
0 9 8
0 1 0
2 0 4
0 47 76
0 41 46
2 0 0
0 1 0
0 29 30
0 19 17
2 0 5
2 0 9
0 1 0
2 0 0
0 46 42
0 48 48
2 0 2
0 1 0
1 47 66
1 41 107
0 47 36
4 0 234
0 1 0
2 0 6
0 7 7
3 0 5
4 0 578
0 1 0
4 0 400
2 0 10
0 43 52
0 6 8
0 1 0
0 13 16
3 0 0
2 0 5
2 0 4
0 1 0
2 0 7
4 0 796
1 5 25
0 30 38
0 1 0
1 27 98
0 40 26
2 0 0
3 0 2
0 1 0
2 0 7
2 0 2
0 13 12
0 1 1
0 1 0
0 47 11
2 0 3
0 40 32
1 15 44
0 1 0
2 0 8
0 7 7
0 24 22
0 35 22
0 1 0
0 1 1
2 0 5
0 46 41
0 19 17
0 1 0
3 0 3
0 36 16
0 17 23
2 0 4
0 1 0
2 0 10
4 0 318
0 6 10
4 0 646
0 1 0
2 0 1
4 0 875
2 0 9
2 0 8
0 1 0
0 35 39
4 0 242
2 0 0
0 34 53
0 1 0
2 0 5
4 0 784
2 0 2
2 0 1
0 1 0
2 0 8
0 29 47
0 41 31
2 0 3
0 1 0
4 0 669
0 24 21
2 0 2
1 11 32
0 1 0
0 1 1
2 0 6
0 25 19
0 15 15
0 1 0
0 37 41
0 22 23
0 1 1
2 0 10
0 1 0
0 5 7
2 0 7
4 0 752
4 0 622
0 1 0
3 0 0
2 0 10
2 0 4
0 5 3
0 1 0
2 0 6
0 21 21
2 0 7
2 0 0
0 1 0
0 30 13
4 0 646
2 0 8
0 4 2
0 1 0
2 0 6
0 15 11
0 40 35
0 11 13
0 1 0
2 0 6
2 0 2
1 33 74
0 44 49
0 1 0
2 0 7
0 28 40
0 47 74
0 28 24
0 1 0
0 4 2
2 0 9
0 7 8
2 0 5
0 1 0
2 0 9
2 0 3
0 13 17
4 0 663
0 1 0
0 30 37
0 47 43
3 0 1
4 0 473
0 1 0
0 18 16
4 0 304
2 0 7
4 0 481
0 1 0
0 27 25
0 11 14
0 3 3
0 12 11
0 1 0
4 0 308
2 0 2
2 0 5
0 16 21
0 1 0
0 43 40
3 0 2
2 0 1
2 0 6
0 1 0
1 14 42
1 3 13
0 23 17
2 0 10
0 1 0
2 0 4
4 0 821
4 0 540
0 47 47
0 1 0
0 10 10
0 17 16
0 25 18
2 0 6
0 1 0
0 18 19
0 46 26
2 0 5
4 0 415
0 1 0
0 50 66
2 0 6
1 38 89
0 42 55
0 1 0
0 33 29
2 0 6
2 0 9
4 0 224
0 1 0
4 0 683
2 0 7
4 0 321
0 10 8
0 1 0
2 0 3
0 37 43
0 22 17
0 32 44
0 1 0
0 43 31
4 0 335
2 0 6
1 32 39
0 1 0
2 0 7
0 11 5
4 0 403
3 0 6
0 1 0
0 50 55
3 0 5
1 17 59
4 0 351
0 1 0
0 31 39
0 11 17
0 17 16
2 0 8
0 1 0
4 0 351
2 0 0
1 9 33
0 43 43
0 1 0
0 5 6
0 42 33
0 3 4
0 26 30
0 1 0
2 0 7
2 0 6
0 31 14
0 40 43
0 1 0
4 0 317
2 0 10
0 39 23
2 0 2
0 1 0
2 0 7
2 0 10
2 0 6
2 0 9
0 1 0
2 0 10
4 0 835
0 1 1
2 0 10
0 1 0
0 44 52
0 42 44
2 0 5
2 0 7
0 1 0
0 8 5
2 0 4
0 7 9
0 36 15
0 1 0
0 41 41
0 2 3
2 0 6
3 0 6
0 1 0
2 0 0
2 0 1
0 42 31
2 0 8
0 1 0
4 0 920
0 26 28
2 0 4
2 0 5
0 1 0
4 0 479
2 0 7
2 0 10
4 0 257
0 1 0
0 10 6
2 0 6
0 31 28
2 0 2
0 1 0
4 0 285
0 9 6
0 29 43
1 23 62
0 1 0
0 15 24
0 17 19
2 0 6
0 41 30
0 1 0
4 0 957
0 43 20
2 0 4
0 8 12
0 1 0
0 35 18
0 29 39
0 25 27
0 43 23
0 1 0
2 0 5
4 0 588
1 10 25
3 0 3
0 1 0
1 25 121
0 3 1
4 0 890
0 39 35
0 1 0
0 39 58
4 0 465
4 0 595
3 0 9
0 1 0
0 16 21
2 0 0
4 0 793
2 0 0
0 1 0
0 31 37
4 0 678
0 25 25
4 0 765
0 1 0
2 0 8
2 0 2
0 10 16
2 0 2
0 1 0
2 0 1
2 0 10
2 0 5
2 0 2
0 1 0
3 0 7
0 10 10
0 43 28
0 39 46
0 1 0
4 0 949
0 45 42
0 41 29
0 20 6
0 1 0
2 0 10
4 0 547
0 22 5
4 0 281
0 1 0
0 5 4
0 45 51
0 24 25
2 0 5
0 1 0
2 0 3
2 0 1
0 1 1
2 0 3
0 1 0
4 0 993
0 40 38
0 23 27
2 0 9
0 1 0
2 0 7
2 0 0
2 0 3
2 0 3
0 1 0
0 23 19
3 0 4
2 0 7
2 0 4
0 1 0
0 24 13
2 0 7
2 0 4
2 0 7
0 1 0
2 0 2
2 0 10
0 18 24
0 48 51
0 1 0
0 26 24
0 44 31
2 0 7
2 0 1
