2 5 3 1000
229 245
65 91
35 34
14 13
10 14
77 67
39 21
96 95
5 5
5 2
168 171
18 37
13 11
58 85
218 252
97 64
6 4
8 5
98 66
18 13
31 25
37 31
25 25
7 7
24 22
34 34
86 130
8 11
177 88
4 3
6 7
10 7
29 20
91 69
25 37
5 4
22 22
5 9
178 204
174 177
10 9
5 4
114 134
32 38
195 263
61 111
35 42
17 23
212 109
5 4
118 120
122 173
92 59
43 39
172 172
73 76
63 57
163 145
158 106
69 59
47 48
62 28
231 229
99 125
35 34
24 50
33 45
122 68
207 175
7 8
4 4
49 63
95 84
185 148
91 86
145 184
95 61
145 121
4 7
27 20
7 4
40 64
33 71
36 73
10 10
12 11
144 95
221 62
26 22
194 226
57 68
9 8
29 37
91 102
13 8
104 91
24 43
162 151
30 45
17 22
18 13
4 5
4 6
217 219
16 22
9 7
141 89
230 477
16 12
186 123
12 8
41 23
11 7
159 165
37 51
63 77
34 32
36 34
232 212
21 22
26 28
31 49
35 40
8 7
52 69
12 24
26 25
6 11
8 15
13 18
42 25
5 4
25 21
32 47
27 14
29 25
188 168
155 197
92 94
10 7
10 17
112 146
48 50
124 129
26 18
8 6
79 92
43 34
11 19
5 7
8 6
27 29
68 41
23 33
28 29
160 131
183 221
84 116
39 42
140 103
101 88
26 23
20 38
9 9
8 9
62 54
13 13
46 63
29 33
10 10
4 3
29 46
11 7
61 68
58 88
11 11
44 51
27 23
151 182
9 14
32 19
12 13
8 7
60 34
94 85
137 94
93 109
95 173
9 8
4 2
175 144
5 7
65 48
21 14
185 205
131 156
5 7
57 52
9 8
111 51
8 9
7 7
124 143
40 37
13 17
50 28
27 21
51 40
22 10
32 38
23 16
26 14
186 177
6 6
53 27
26 42
8 8
8 13
9 5
4 4
53 45
179 146
7 5
46 72
36 36
21 11
113 56
6 3
35 22
6 9
111 97
86 84
6 7
205 135
89 98
8 8
137 180
213 325
8 12
6 5
168 144
49 47
187 166
186 155
10 15
121 82
8 10
25 20
86 128
114 88
11 7
105 92
66 47
51 25
10 25
80 74
5 3
14 22
117 84
17 13
9 7
5 7
217 142
34 20
30 41
206 118
4 2
235 107
162 129
111 99
204 246
84 61
20 17
7 5
5 7
42 30
28 33
166 147
70 50
30 46
196 337
35 25
19 17
12 16
64 71
20 15
11 13
5 4
86 96
12 14
212 178
60 86
156 161
22 33
14 21
13 9
49 91
47 52
121 135
5 11
8 10
118 113
19 31
26 39
46 34
40 63
19 19
141 118
20 23
23 44
147 90
8 8
48 45
37 22
13 12
90 146
44 47
36 37
104 86
40 23
14 12
11 7
9 9
118 166
28 24
23 30
238 228
182 217
75 46
221 248
9 7
188 93
42 28
23 40
20 18
43 23
6 9
52 62
7 10
6 8
222 186
154 113
118 163
93 70
20 26
19 12
14 9
40 64
63 34
233 301
215 210
169 119
45 31
9 7
5 4
8 6
134 104
241 135
43 26
14 22
16 36
45 58
31 27
203 136
11 7
21 19
153 101
48 55
53 33
5 4
93 39
67 82
8 7
23 35
35 35
73 149
7 9
73 96
32 32
75 44
125 72
38 37
30 29
56 72
200 139
38 40
27 23
112 183
6 5
19 13
8 7
6 5
49 79
141 60
153 162
30 18
84 105
11 13
13 9
24 19
26 31
209 125
58 45
109 67
20 25
38 32
134 90
241 150
8 9
20 16
4 5
12 11
11 8
184 204
12 9
89 42
46 61
4 9
229 201
50 72
16 15
76 128
32 17
62 104
5 6
5 4
5 4
78 65
188 173
36 46
124 88
23 35
47 30
81 69
8 7
10 8
17 20
165 234
224 356
82 135
37 38
12 8
61 80
53 58
29 22
27 55
65 82
115 134
90 112
162 162
180 166
4 4
20 18
27 27
10 8
34 51
7 6
11 10
9 6
249 237
75 85
9 13
34 34
117 137
76 112
6 4
155 116
33 45
5 4
36 33
19 23
7 6
16 25
17 22
20 12
54 47
135 143
6 8
37 74
25 30
117 95
5 5
241 656
96 73
31 32
105 60
36 46
85 67
12 11
9 9
49 36
88 67
13 11
25 26
25 9
5 5
18 18
25 26
69 78
6 5
96 90
99 116
5 5
35 50
243 336
86 85
8 8
74 106
219 181
9 11
5 4
153 155
5 8
9 8
11 9
5 5
49 75
39 36
5 8
62 46
21 27
17 23
5 6
14 17
209 219
12 18
18 21
6 6
146 107
13 28
89 73
125 133
27 22
8 10
8 8
114 65
184 187
96 101
6 5
14 11
33 50
5 5
9 9
58 79
13 15
144 105
14 26
7 7
40 36
7 4
178 227
129 101
20 25
154 221
5 6
73 77
8 10
14 8
4 3
44 81
250 216
175 213
9 18
11 14
6 3
19 24
11 17
7 5
163 292
48 64
91 110
158 218
12 11
197 155
233 194
10 13
177 156
47 42
51 30
247 228
8 5
7 7
34 19
97 98
18 14
68 105
92 67
78 52
28 22
16 13
8 5
55 55
150 169
147 243
34 40
149 265
4 6
14 19
89 56
11 7
11 16
4 4
112 125
25 20
39 29
29 25
15 27
6 5
40 46
10 10
5 8
41 57
115 105
96 131
75 65
19 19
25 12
13 11
94 136
9 13
9 7
33 40
67 66
172 182
166 135
200 180
85 86
120 113
213 316
112 89
34 22
89 90
219 144
31 24
6 4
8 10
186 257
79 122
12 6
55 40
31 27
245 303
21 39
90 87
148 149
41 32
31 33
26 27
141 215
18 14
12 9
13 6
14 20
30 19
131 110
95 97
11 13
45 25
168 192
54 51
142 152
6 6
130 100
104 64
58 78
4 3
8 10
51 72
104 137
32 20
21 31
8 14
14 9
11 6
39 68
5 3
56 49
20 23
182 226
156 177
9 9
57 53
60 21
13 12
92 73
5 3
142 129
34 20
146 92
12 18
123 159
227 169
35 31
4 2
25 21
6 4
20 12
4 4
155 110
89 89
74 77
31 23
63 44
14 13
26 70
233 210
116 143
11 14
62 39
87 88
104 138
222 141
6 5
21 20
33 25
15 18
180 86
27 22
204 134
19 12
16 22
14 19
125 100
30 22
10 11
52 48
92 64
6 5
108 87
6 8
18 25
4 7
28 27
229 258
45 37
42 63
13 9
144 163
235 203
230 101
14 15
206 247
226 267
11 11
42 53
10 13
134 111
174 157
50 61
49 60
91 151
39 32
77 59
30 42
200 104
39 29
6 10
4 5
17 13
20 24
4 5
83 57
95 73
34 25
50 56
164 250
21 15
35 31
4 4
115 119
33 28
114 85
5 10
118 142
23 26
6 6
21 22
51 82
4 3
18 16
200 263
114 124
195 100
105 71
32 32
9 6
11 13
121 118
98 80
12 11
31 25
54 35
9 6
56 59
192 140
252 289
152 156
61 106
15 40
5 5
10 7
18 22
23 23
12 17
20 20
6 8
35 65
173 168
58 51
133 132
4 8
102 89
11 7
212 145
79 129
4 4
5 6
53 54
156 119
7 9
17 18
18 33
24 17
51 35
14 15
175 112
62 44
5 8
109 134
53 54
47 35
9 8
113 110
24 21
28 27
169 158
15 27
33 21
8 5
161 186
75 41
55 47
5 3
9 9
85 91
10 20
244 380
25 48
35 37
5 3
156 150
4 5
18 13
29 34
11 7
95 87
20 9
16 13
23 12
7 4
18 13
32 48
16 21
42 26
14 18
98 137
40 35
135 112
12 11
228 219
194 251
36 46
117 76
48 51
75 88
93 77
9 7
7 8
14 17
6 7
41 50
48 52
95 104
43 25
8 9
79 66
237 219
48 58
16 29
81 86
45 59
33 39
51 43
7 9
102 101
173 97
83 98
62 34
233 414
81 78
7 7
196 189
6 9
19 21
11 16
14 17
51 107
10 13
62 36
81 135
9 12
5 6
188 265
5 3
10 4
32 16
78 74
36 41
21 19
63 99
89 88
118 111
31 35
5 5
147 163
248 243
87 84
194 96
19 15
22 31
9 10
88 95
7 6
43 63
27 25
17 18
151 393
107 97
10 11
17 18
34 26
10 4
21 11
5 5
83 54
208 372
20 17
22 24
4 9
58 38
83 151
6 13
73 72
6 6
15 15
24 23
179 239
79 159
27 27
5 4
13 18
6 5
154 203
29 21
67 93
39 50
17 19
4 4
21 19
66 67
175 96
5 8
197 147
188 173
13 18
48 42
10 15
19 11
82 114
122 96
15 12
128 244
98 93
13 18
15 16
92 84
7 13
6 5
21 19
149 130
39 45
198 209
77 59
197 149
42 47
92 95
112 153
111 86
24 16
17 13
5 8
70 59
5 2
61 86
49 37
70 36
25 38
6 4
38 28
11 15
5 4
24 37
16 25
14 9
214 167
10 6
13 6
49 25
101 98
191 337
234 180
52 78
5 8
8 6
119 92
47 46
32 28
188 148
21 37
18 22
11 10
16 8
143 176
20 18
5 8
16 19
6 5
6 4
107 148
72 68
4 4
181 179
10 8
9 12
70 60
118 139
112 108
11 8
79 45
5 3
23 18
71 74
120 167
8 10
15 10
122 172
59 56
4 7
4 5
6 4
60 61
10 16
65 34
10 13
28 19
65 54
97 118
60 60
193 171
198 245
37 41
6 7
127 147
166 156
10 6
255 256
146 166
5 8
117 130
22 27
44 39
6 6
25 16
59 45
4 3
217 391
61 68
21 25
79 109
155 220
96 76
244 172
46 71
86 57
6 8
26 21
60 46
146 111
30 40
71 71
9 13
220 238
86 72
13 11
17 16
30 17
35 63
73 115
120 100
79 87
84 81
17 17
206 113
6 6
9 8
47 33
72 35
6 8
24 25
11 10
16 26
7 9
19 23
9 8
82 92
48 45
6 10
26 42
54 57
194 286
62 81
4 3
27 23
163 147
171 247
4 3
15 15
11 6
28 24
18 33
5 4
14 14
142 155
60 59
94 57
5 6
10 9
101 112
95 69
6 10
31 33
7 8
46 27
7 9
5 4
30 17
8 18
38 62
13 17
13 12
33 46
45 74
5 8
4 4
179 201
6 7
13 11
204 201
194 172
42 44
220 181
14 10
21 21
12 10
24 20
11 11
6 3
9 5
6 4
10 11
17 16
33 32
10 24
16 25
6 7
144 179
9 12
79 79
78 59
4 6
64 79
4 6
14 26
36 42
37 25
113 145
20 30
196 151
5 11
22 19
32 22
28 31
68 74
173 140
47 39
252 254
25 35
53 72
111 169
217 281
6 5
38 50
76 120
60 94
89 137
14 11
97 122
7 14
44 56
213 265
8 9
19 16
85 69
205 191
46 24
88 63
75 121
161 306
48 61
56 55
8 12
19 24
216 188
126 134
4 4
137 223
6 5
53 44
20 33
71 76
14 24
4 4
32 41
38 36
10 11
73 49
17 17
14 21
7 14
27 43
97 99
35 29
94 119
176 284
90 58
24 41
7 12
162 214
10 8
21 30
13 15
86 197
128 135
39 42
43 46
8 10
44 46
9 13
17 9
204 130
23 22
204 164
6 7
129 259
15 8
19 20
24 24
49 44
166 98
6 8
87 111
11 11
18 18
6 4
22 31
22 18
10 7
24 14
103 153
4 4
128 103
254 167
111 74
9 8
67 91
255 544
7 6
4 4
47 47
54 45
37 26
197 361
33 27
7 10
27 25
42 29
6 9
38 39
17 16
121 72
71 83
179 206
4 7
12 14
40 27
79 73
8 7
141 175
122 182
238 211
6 4
10 8
105 126
18 18
117 131
29 23
16 15
49 57
217 168
99 68
231 150
23 21
42 38
34 34
115 141
116 80
126 75
172 149
21 18
31 44
146 151
24 17
5 4
134 103
12 13
4 5
60 41
45 53
15 14
8 9
7 4
25 36
73 102
8 10
61 54
8 11
34 52
12 10
70 71
6 8
160 240
104 108
20 20
12 9
206 216
4 6
26 29
24 29
184 134
133 111
190 102
86 135
9 15
19 11
214 166
49 47
33 26
40 29
85 68
8 14
45 58
13 27
14 17
19 11
19 17
4 5
128 102
18 20
8 7
10 9
112 153
11 18
27 19
239 184
29 42
6 11
30 28
144 189
7 8
156 158
199 244
33 44
218 395
175 141
8 19
14 13
39 42
58 54
135 82
5 5
10 8
8 6
5 6
11 10
8 6
107 59
77 101
177 98
54 56
40 56
5 6
34 43
7 8
51 69
13 17
7 12
4 4
19 15
116 170
5 4
59 42
21 20
29 18
25 30
247 332
120 159
5 8
40 44
115 181
183 184
87 84
6 6
117 83
128 92
115 83
21 33
69 92
149 136
111 164
4 6
74 41
37 43
42 41
4 4
8 6
126 186
12 21
215 242
45 78
8 6
7 8
5 5
82 48
91 101
12 11
60 74
21 29
6 7
176 128
17 10
19 16
5 4
82 130
7 13
15 8
7 9
39 61
25 37
202 262
103 94
14 18
9 13
43 17
4 4
27 28
45 50
4 7
17 24
77 133
91 91
43 54
29 15
33 49
5 5
5 5
32 27
59 69
199 230
20 15
197 177
87 115
151 120
21 26
7 6
16 18
8 8
5 3
121 81
12 7
20 12
25 27
149 92
11 14
74 94
84 134
13 16
55 86
15 9
17 17
7 7
8 4
175 295
140 186
27 40
93 80
27 25
24 25
12 16
29 16
10 9
169 238
222 274
105 196
47 55
29 34
6 7
23 25
5 7
156 124
19 14
50 47
30 29
238 187
82 101
106 96
39 35
104 257
23 40
200 196
83 75
13 12
6 6
14 12
6 7
141 226
9 12
94 90
99 126
25 20
142 121
8 9
149 177
98 85
5 3
251 484
86 109
6 6
17 10
5 5
174 219
30 27
200 178
103 104
62 176
56 30
25 25
196 242
13 15
222 179
20 21
7 8
196 253
158 170
217 151
185 230
11 14
80 185
5 9
4 6
57 57
51 61
150 244
45 56
13 12
63 69
91 89
40 39
70 52
13 12
5 3
47 52
242 504
21 26
74 165
17 17
4 6
149 169
19 16
15 18
193 136
87 103
7 5
8 7
194 211
19 23
256 268
12 9
115 158
82 104
134 149
64 58
27 37
13 17
15 16
161 123
4 4
208 251
23 43
26 31
10 7
161 172
41 46
13 16
136 100
86 87
23 26
20 21
7 7
12 19
49 45
15 14
5 7
96 96
44 41
136 247
101 105
73 50
20 21
13 10
16 7
9 9
134 237
11 10
71 73
220 179
220 193
30 33
193 253
60 80
28 28
5 4
109 91
89 105
47 73
19 18
6 7
14 13
16 26
64 48
164 130
41 51
19 32
56 61
30 23
118 57
215 199
39 46
19 19
67 65
74 83
83 220
79 64
83 114
82 132
57 73
207 251
82 70
6 9
57 87
118 116
45 51
6 7
11 9
56 30
90 92
230 175
11 6
5 5
18 20
35 25
9 13
130 135
15 9
22 25
15 13
7 6
126 142
104 181
144 367
209 158
49 22
7 5
128 147
12 20
5 2
35 40
51 71
31 43
62 119
163 298
87 85
149 111
8 8
82 76
26 11
9 9
13 7
13 12
7 6
12 13
54 59
36 22
131 150
35 48
32 20
6 5
6 11
81 109
10 19
44 43
9 14
12 13
98 62
4 6
5 6
26 21
182 198
148 255
178 102
15 10
4 4
38 47
12 8
14 16
9 11
15 28
6 5
111 128
32 35
5 4
82 91
214 226
28 41
55 41
210 227
66 72
13 10
166 289
85 77
33 24
5 5
142 257
63 98
20 22
20 21
209 287
117 146
33 43
23 22
11 18
26 48
11 17
4 5
15 7
6 7
6 9
55 80
26 27
9 10
93 115
7 8
15 23
8 7
27 25
5 3
55 55
159 118
57 44
16 13
5 4
24 19
7 9
71 53
210 134
58 40
85 71
15 14
99 84
12 15
9 15
43 71
235 319
42 35
9 14
32 24
12 13
4 2
66 66
13 14
169 157
7 4
22 21
23 48
249 608
41 35
10 13
67 45
40 53
255 216
17 15
118 92
136 216
6 4
39 37
12 16
168 203
246 158
26 25
38 37
5 4
5 4
31 19
8 14
88 175
31 36
7 9
110 126
14 11
16 11
17 19
12 11
135 158
86 61
86 81
7 9
113 89
67 80
39 43
82 52
25 39
40 45
19 26
48 39
64 47
16 26
146 106
164 181
8 9
10 7
61 76
12 9
10 14
56 39
43 129
6 4
247 181
66 74
209 203
25 24
80 87
9 6
52 50
75 131
23 25
5 6
72 103
52 76
21 21
13 10
58 56
41 34
11 10
73 53
83 46
24 28
42 37
5 5
58 48
26 22
86 98
74 61
46 71
49 58
95 64
107 180
64 47
9 8
40 21
254 120
13 12
99 132
88 125
144 254
90 149
5 10
252 289
118 129
16 10
20 27
173 269
6 6
49 42
5 5
89 85
4 5
48 53
55 41
207 184
109 89
25 55
104 82
168 190
42 79
8 11
53 71
40 66
92 134
8 4
127 79
217 263
8 12
178 181
12 11
36 53
4 4
27 52
58 61
23 25
83 58
11 10
65 97
6 7
30 23
69 77
59 86
50 32
5 6
4 3
10 6
57 55
90 85
26 41
20 46
205 255
6 4
9 10
8 6
10 8
5 3
96 183
250 222
32 22
47 29
22 19
31 23
66 43
8 5
234 195
51 78
17 13
4 4
5 7
53 78
118 107
48 40
13 14
7 4
14 16
17 18
7 5
25 33
79 41
9 15
145 238
17 17
4 8
67 71
82 90
47 85
54 69
17 17
9 7
4 9
140 209
6 5
11 10
52 33
127 115
11 9
7 4
61 76
31 33
6 4
79 86
9 9
5 6
251 467
52 50
130 125
133 120
86 78
138 117
9 8
95 101
4 4
81 80
4 3
15 18
64 62
65 48
9 7
23 25
5 10
240 265
17 19
7 5
23 44
8 8
10 7
61 68
11 14
50 60
20 24
11 7
16 10
4 6
126 139
54 57
9 6
24 24
110 62
67 60
102 74
120 108
109 156
14 16
142 127
27 25
22 27
19 14
75 62
166 224
106 84
23 20
79 59
145 131
18 15
142 158
39 33
175 194
166 195
224 212
30 42
5 6
12 16
5 5
180 343
7 4
93 117
142 268
39 16
12 15
11 19
15 16
8 9
39 48
166 116
11 12
248 133
26 25
21 11
14 21
25 13
14 19
136 159
112 123
26 25
16 19
29 38
6 5
14 8
16 18
16 21
19 13
5 4
252 379
58 111
11 8
8 10
4 6
37 49
13 14
147 122
233 428
23 26
8 5
238 322
67 40
141 151
204 79
32 24
18 5
117 74
13 15
4 5
7 10
250 322
9 14
7 7
43 37
7 8
45 58
20 23
109 88
10 13
38 72
24 33
179 216
56 34
18 19
16 8
82 45
149 136
33 37
41 49
21 26
170 170
214 279
214 383
102 54
13 9
46 56
37 21
120 86
11 9
11 16
32 25
102 83
6 4
95 87
15 17
8 7
53 77
127 91
97 130
108 69
218 211
4 4
25 23
13 16
23 17
72 125
26 45
19 32
47 36
195 131
48 47
47 90
101 74
61 43
9 13
15 16
69 110
49 37
133 88
16 9
7 14
24 31
5 3
69 73
7 7
100 128
39 33
12 9
46 50
28 43
51 52
7 10
26 42
75 63
9 13
88 69
93 123
6 6
161 103
5 4
127 88
204 364
122 169
130 214
6 3
33 39
8 10
5 4
7 9
186 245
44 48
11 16
12 24
32 22
94 81
215 144
13 16
4 6
21 19
34 29
105 58
10 9
7 9
55 35
82 37
120 130
27 26
94 108
7 5
32 40
210 277
4 4
16 13
25 21
45 51
7 8
5 7
97 120
7 9
129 113
17 12
56 45
12 15
137 198
5 2
11 20
17 35
146 83
16 12
12 15
37 61
18 31
57 76
126 62
250 237
111 137
22 19
121 118
10 11
27 42
24 24
19 26
43 48
10 10
46 51
16 15
95 89
21 20
5 6
144 208
48 44
30 20
113 138
5 5
10 6
20 12
19 18
29 31
42 24
13 16
18 23
9 8
10 5
5 6
9 8
11 7
74 60
131 85
18 11
14 14
15 18
20 12
20 23
5 8
208 242
43 39
8 12
190 197
16 21
29 24
11 18
14 16
5 6
22 15
15 19
8 9
203 326
46 50
186 247
46 48
20 20
17 15
7 5
9 16
98 107
9 16
168 110
17 13
77 81
83 64
28 18
46 43
39 22
8 9
19 17
255 277
10 8
104 69
8 16
8 6
9 5
7 5
9 7
110 132
65 69
14 15
134 124
108 110
101 96
66 65
36 37
106 77
57 86
143 77
8 9
20 26
131 100
143 133
26 30
149 154
128 137
210 218
65 111
149 133
13 17
8 9
108 86
24 23
141 161
15 11
5 7
7 9
91 51
32 29
5 8
4 5
186 132
43 38
5 4
36 41
30 17
51 64
12 17
21 35
8 7
6 6
43 47
26 16
30 23
8 6
7 6
160 291
179 258
40 30
88 78
28 34
200 129
57 34
168 165
113 89
122 145
20 16
31 33
88 68
39 34
60 62
96 63
9 11
10 12
36 33
6 7
13 13
6 10
78 44
118 95
4 8
81 58
22 18
12 8
76 55
26 20
63 56
49 33
10 13
11 15
42 35
14 12
32 25
19 12
23 9
31 41
4 4
14 17
22 16
46 37
198 235
10 21
8 9
26 24
232 185
189 313
7 9
11 9
22 20
7 8
8 5
137 115
43 34
11 9
74 89
9 7
41 45
161 124
7 8
74 70
61 38
43 50
84 68
21 25
20 22
120 104
131 222
30 26
6 5
66 57
47 50
205 279
19 19
43 89
13 10
4 6
31 37
23 35
8 12
53 47
18 13
20 20
10 5
70 76
8 8
49 74
4 5
144 75
35 46
157 130
134 83
7 8
147 158
97 134
227 163
8 9
4 3
6 7
135 90
9 9
11 11
157 151
46 57
4 6
32 31
74 59
48 47
99 125
165 96
19 23
12 22
4 2
44 28
15 9
12 14
41 37
55 35
60 37
243 262
16 12
43 57
26 19
56 36
118 69
87 51
85 66
10 8
32 56
25 24
8 5
77 98
4 4
8 7
75 69
5 4
9 10
4 6
11 15
23 20
5 3
10 9
55 41
5 5
228 399
8 6
103 109
23 36
13 11
35 49
69 103
6 8
53 53
47 59
155 321
21 21
37 84
4 4
46 35
51 38
88 97
31 50
39 31
10 9
47 49
28 22
123 188
17 13
4 5
11 11
22 18
17 16
10 15
14 25
70 73
163 121
15 17
4 3
18 16
7 10
8 10
41 36
12 9
118 85
123 263
16 7
6 4
23 33
9 11
30 39
145 178
29 26
201 176
75 66
69 129
56 40
6 10
81 139
14 30
80 57
53 61
16 10
244 146
77 77
7 7
30 43
24 31
198 265
10 7
6 12
5 8
9 4
27 16
6 12
7 7
5 5
176 325
218 159
15 22
34 49
7 7
4 7
38 33
50 47
99 102
122 217
48 31
5 4
170 248
129 219
4 3
82 181
11 13
12 17
13 19
22 27
32 30
16 15
30 34
15 12
248 156
13 13
5 4
7 6
46 33
34 79
20 23
8 8
145 103
103 78
65 61
44 39
141 97
45 42
6 7
21 13
102 79
22 23
12 5
11 16
34 39
12 11
62 49
102 111
20 35
182 239
45 50
5 4
7 6
51 111
32 40
34 53
9 6
34 17
88 151
9 5
5 6
28 27
14 18
42 41
56 104
181 266
129 146
9 11
16 13
219 150
32 21
32 40
6 6
5 5
9 13
165 205
55 55
15 25
14 10
28 23
22 35
30 47
6 5
12 22
64 72
10 8
9 17
15 20
160 108
76 68
21 29
5 4
16 15
61 75
37 35
121 116
17 13
97 92
6 8
19 19
4 3
11 10
73 75
37 23
8 9
7 6
87 261
57 107
30 54
56 70
7 6
57 75
69 83
5 5
9 13
17 17
6 5
8 10
28 37
164 166
220 168
7 8
10 9
146 126
29 29
10 8
5 4
20 37
7 5
112 150
79 58
186 229
27 45
34 35
38 49
6 5
5 6
15 27
10 14
7 7
74 50
37 23
225 198
6 3
5 3
12 13
37 28
195 178
150 147
34 19
52 58
67 70
62 43
75 71
28 62
19 24
43 35
127 148
5 7
69 58
194 194
9 13
5 3
181 285
134 133
88 147
38 36
5 5
15 8
39 17
202 158
9 7
12 8
145 186
95 71
110 93
12 9
5 7
157 156
6 10
40 63
33 42
92 155
19 12
11 9
13 19
169 193
12 10
71 75
18 9
23 17
136 113
7 6
10 7
12 15
217 187
53 58
8 12
206 178
10 11
165 216
169 133
57 47
78 61
25 31
220 189
134 180
74 76
195 197
5 4
28 16
11 10
20 20
99 116
48 26
4 3
20 38
15 10
38 17
7 5
58 70
43 45
5 10
73 86
20 15
86 65
236 412
9 10
23 12
22 19
140 196
191 256
6 7
152 135
29 31
23 21
65 49
87 60
6 9
105 298
16 13
62 48
148 163
26 31
30 52
15 16
10 14
78 136
87 88
6 4
104 92
88 63
13 17
6 7
212 155
125 207
158 176
55 138
8 9
63 68
16 20
40 36
19 10
37 71
14 16
24 31
11 18
101 117
13 22
254 248
75 69
128 92
10 9
15 19
5 9
21 22
161 160
47 26
167 122
28 20
26 31
51 72
21 17
11 6
15 20
8 8
233 238
77 78
51 73
5 4
72 59
20 18
18 16
194 170
53 101
12 16
7 5
5 4
12 10
6 5
41 39
106 95
89 106
13 6
13 10
122 118
47 28
24 23
212 210
9 12
172 270
5 3
46 33
49 41
240 240
15 17
109 164
100 162
8 6
97 78
24 17
33 36
52 31
29 37
41 34
73 41
30 33
18 13
7 7
25 24
23 35
6 8
172 131
26 22
18 20
45 41
112 126
79 92
146 158
4 4
43 60
58 55
4 3
45 38
6 11
23 16
64 99
13 21
215 168
41 62
21 30
84 99
4 6
38 32
72 65
17 14
16 10
7 4
15 20
22 19
17 12
48 100
122 72
223 265
26 28
23 20
8 8
92 90
35 57
108 108
27 34
95 62
34 32
18 14
7 11
57 35
6 4
11 10
212 126
18 35
222 264
22 32
10 13
20 12
5 4
28 21
187 114
24 21
113 86
24 36
114 104
16 14
21 14
37 41
137 238
11 9
85 99
6 9
8 6
71 70
24 24
9 7
197 229
26 20
7 6
183 223
68 63
6 5
163 190
119 89
17 19
209 334
6 8
7 5
39 46
116 110
17 13
15 18
98 176
6 3
209 300
25 16
9 8
10 11
6 8
69 55
18 12
7 8
28 23
21 23
23 28
4 3
15 11
162 174
208 277
33 45
140 267
44 54
23 10
7 6
4 4
120 127
45 40
9 18
156 165
80 80
50 45
21 27
121 278
104 132
21 18
162 305
25 33
19 31
34 34
115 91
12 8
5 6
129 100
6 5
5 4
116 84
4 5
141 171
54 32
61 86
169 136
46 60
8 7
5 7
118 113
9 10
16 12
27 22
186 172
7 8
9 11
6 5
243 350
6 5
180 260
39 58
75 69
39 20
14 13
6 6
12 16
9 9
4 3
19 10
97 119
11 6
9 9
246 296
101 176
159 106
234 361
57 76
7 10
9 8
64 38
30 40
6 3
60 24
6 6
57 40
54 82
174 141
135 141
27 22
38 28
232 204
194 143
64 51
19 23
96 72
159 166
90 166
66 187
125 171
22 16
13 8
13 10
150 106
10 5
5 4
85 64
253 337
22 28
27 23
39 51
13 15
214 182
193 233
201 197
8 7
218 272
37 34
10 10
7 12
61 130
26 37
75 88
12 16
11 12
4 3
8 5
10 20
15 13
19 13
22 39
96 77
18 24
12 12
4 5
88 80
23 30
14 12
11 12
6 6
65 108
10 9
217 282
19 15
106 67
14 18
36 33
142 74
97 61
33 35
17 13
50 63
87 58
113 57
8 12
7 7
161 208
62 34
52 34
18 13
12 5
195 219
12 8
184 179
34 34
10 10
59 45
13 15
38 39
21 12
13 20
17 11
20 20
50 78
113 68
215 252
9 18
33 23
8 7
29 35
177 184
5 3
65 44
39 27
10 10
212 179
27 36
31 46
25 27
7 10
38 39
39 26
107 109
56 32
6 7
7 7
14 17
146 122
20 23
18 16
25 33
161 185
10 6
5 8
114 157
140 157
8 8
13 18
4 3
21 8
57 47
56 72
178 174
195 191
254 253
134 116
77 48
11 12
7 9
127 138
96 84
13 17
50 60
4 8
25 15
55 61
15 17
32 44
28 24
7 9
24 23
170 193
39 28
61 73
56 39
6 9
20 30
15 16
43 84
9 7
48 40
6 8
7 6
47 55
37 52
42 58
130 69
44 45
10 9
142 87
98 99
14 23
51 55
189 139
67 65
4 7
24 21
102 128
86 55
229 159
201 190
17 15
6 5
241 153
31 24
185 218
209 183
17 25
38 32
109 94
7 6
33 31
5 5
29 82
54 82
37 29
4 4
142 216
240 362
4 4
9 10
5 7
231 249
97 71
14 13
7 9
33 47
33 26
67 108
15 10
20 28
10 8
144 134
235 380
7 8
216 227
76 48
7 12
103 78
160 279
45 41
104 126
5 5
32 35
44 31
24 21
89 76
151 157
45 29
11 13
44 46
30 22
13 6
5 8
83 75
152 108
26 39
45 69
5 2
7 9
6 3
243 320
76 69
25 31
27 15
90 61
4 6
7 11
14 9
9 10
76 107
161 224
6 10
172 153
24 35
6 10
10 18
16 19
24 27
4 6
13 17
61 31
73 72
41 52
79 150
16 15
240 223
85 41
9 11
5 8
24 32
15 14
11 8
54 67
36 39
77 41
6 9
33 31
56 62
14 19
119 150
8 7
5 11
46 56
17 14
5 3
15 20
254 225
60 40
109 63
5 5
251 129
12 11
119 79
249 227
20 19
6 5
229 338
29 25
42 43
242 135
21 32
10 9
5 5
18 23
6 9
60 41
38 30
13 13
49 52
19 25
6 7
11 25
60 36
135 149
5 8
4 4
13 6
4 5
5 4
6 8
8 9
93 107
89 67
54 24
67 63
7 7
15 17
25 39
151 228
10 14
148 153
19 15
72 93
38 46
27 45
29 39
9 7
99 98
5 4
12 15
6 2
223 145
7 9
17 16
153 119
4 3
64 86
10 12
18 22
11 16
16 9
25 20
5 3
7 3
8 9
4 3
197 179
11 9
48 58
203 405
15 15
38 45
46 29
33 29
121 100
4 5
89 48
10 7
14 7
11 8
29 26
85 69
224 126
20 26
4 3
6 6
48 34
19 16
54 65
9 11
129 126
17 15
122 88
52 93
17 15
21 26
96 146
155 79
15 24
153 135
6 8
102 75
226 132
93 117
5 6
4 3
8 9
28 38
5 6
187 167
5 3
9 19
8 6
22 13
9 13
6 8
225 208
206 209
82 95
54 43
154 149
34 12
8 7
26 38
15 11
24 36
132 125
19 13
162 265
161 168
44 42
8 11
43 49
61 75
5 9
39 34
84 72
12 7
46 118
158 134
6 5
33 34
52 37
62 53
174 146
11 10
38 47
53 42
11 13
17 21
71 204
5 5
61 43
30 40
24 28
123 61
29 22
95 109
67 88
17 19
51 66
67 79
16 16
50 49
241 484
74 93
11 16
39 37
28 32
6 8
4 6
185 278
119 199
6 6
56 48
87 66
10 9
210 143
185 218
4 2
79 72
6 4
96 83
113 126
5 5
4 5
39 31
82 46
47 53
55 58
6 4
21 26
13 13
23 31
170 208
247 239
45 42
80 65
28 10
14 22
92 79
210 391
31 35
72 73
8 6
10 13
229 107
117 86
49 40
16 15
58 55
19 11
116 125
9 14
83 57
11 11
197 114
51 42
47 26
178 219
109 156
9 9
18 15
98 160
6 8
153 174
185 178
15 22
5 4
6 5
90 106
7 6
5 9
72 55
24 18
8 8
7 7
30 27
26 33
18 18
5 5
9 11
58 62
9 10
191 146
5 4
8 7
144 135
7 7
158 144
12 12
16 12
71 40
18 23
28 80
11 8
26 20
15 15
170 149
19 30
17 15
115 166
9 6
8 8
83 124
30 24
20 14
4 5
59 62
10 13
16 25
5 4
39 14
29 36
99 91
10 13
113 164
90 89
49 65
39 42
245 239
8 33
35 42
98 70
202 215
138 174
98 94
251 202
4 4
8 8
14 7
41 52
100 108
89 82
225 271
222 172
57 48
46 39
95 81
203 180
38 75
10 9
172 233
104 89
30 35
37 45
22 21
13 20
46 35
10 9
9 12
6 8
224 236
53 26
6 9
116 89
124 153
18 22
210 215
12 19
52 91
243 277
34 55
211 163
82 100
7 7
50 49
34 62
21 38
30 30
5 4
16 13
24 31
10 10
94 58
51 56
33 39
38 23
113 105
16 17
5 11
29 40
40 28
31 28
9 7
56 64
237 114
85 66
186 208
10 9
56 67
21 22
6 5
5 10
37 14
115 70
17 14
4 5
115 145
59 87
246 601
66 84
42 45
9 9
53 37
43 65
121 172
20 18
101 113
84 60
78 119
125 151
41 43
128 143
242 248
132 189
5 8
68 51
59 57
7 7
51 52
25 46
163 304
16 11
39 39
34 13
12 19
5 5
6 4
19 18
79 77
76 62
17 24
6 9
5 4
242 281
47 23
49 50
13 16
106 98
72 55
12 11
36 40
82 160
22 19
29 31
13 36
19 29
33 56
4 5
124 134
38 33
85 85
33 38
183 182
65 75
216 153
141 135
5 5
10 20
122 119
108 126
126 195
104 69
97 136
16 8
105 297
12 12
13 10
14 27
23 13
5 11
147 207
77 55
36 22
19 21
7 6
16 17
43 38
18 16
50 28
5 5
41 36
89 98
47 52
174 78
26 36
11 12
10 7
7 6
5 5
81 96
5 7
100 84
71 102
10 7
7 6
11 10
250 324
57 52
6 6
46 43
135 291
13 24
37 42
212 172
23 27
15 17
8 7
13 18
7 4
199 152
253 214
37 41
141 120
64 56
13 9
7 9
20 18
95 91
31 27
158 352
200 213
21 19
17 23
5 5
20 22
6 7
116 56
40 32
17 9
204 187
5 4
22 19
40 33
62 46
23 32
45 39
20 17
18 12
6 11
80 124
19 38
41 68
54 46
20 23
91 59
18 29
133 109
8 10
59 79
56 57
134 162
60 106
156 198
12 17
30 60
15 10
6 7
135 115
167 121
4 4
40 52
185 198
155 242
7 7
139 174
6 5
81 75
20 31
11 10
115 159
58 68
7 14
7 4
145 144
8 5
30 20
71 155
59 53
23 24
14 16
84 109
16 8
33 52
7 7
73 116
31 49
34 22
66 26
183 222
18 24
90 152
17 14
13 9
22 34
5 4
46 34
14 12
31 16
9 12
175 152
62 103
11 10
6 3
4 8
10 15
33 41
173 123
37 36
99 111
5 12
195 160
239 321
118 172
47 25
183 326
7 8
27 20
60 76
16 19
8 6
30 40
68 62
43 59
34 23
22 24
24 20
6 3
177 224
19 13
12 12
39 61
61 79
21 26
51 59
5 3
61 37
58 61
16 20
103 90
213 218
4 4
5 7
42 35
165 148
139 104
14 12
9 14
50 50
180 160
40 53
81 84
13 16
14 13
70 41
14 15
8 10
8 9
21 20
13 12
78 76
6 3
6 6
77 96
107 77
88 57
19 17
239 263
19 19
83 67
244 258
73 70
119 228
22 19
76 58
18 27
10 10
10 13
82 78
50 57
28 18
11 16
24 25
14 9
86 119
87 36
8 7
254 249
15 10
31 30
59 58
160 141
5 4
19 40
7 9
13 9
23 13
38 35
4 4
12 14
6 4
55 48
13 8
5 4
186 223
46 71
128 129
89 103
7 5
31 29
195 194
26 21
156 252
23 24
168 119
9 9
132 99
16 16
52 77
82 66
58 42
18 20
13 14
15 14
4 4
30 22
41 54
29 30
8 5
199 248
8 9
9 6
91 90
11 9
24 24
15 21
117 82
34 18
6 5
15 10
9 16
64 74
186 178
187 374
19 16
15 14
67 71
17 16
161 214
190 180
11 10
11 8
111 88
52 37
17 25
95 118
13 11
120 179
58 48
27 28
23 39
6 5
228 288
9 10
14 17
76 137
17 15
65 89
14 30
53 42
245 264
8 10
17 21
20 24
46 43
20 33
21 17
97 109
174 219
39 29
8 5
13 9
8 5
9 10
5 6
18 28
8 12
18 14
193 221
13 10
7 5
148 116
14 14
6 8
6 3
4 10
11 12
27 34
45 82
40 48
147 109
6 5
27 40
7 6
192 155
238 290
110 69
88 124
9 9
15 24
9 7
48 58
4 4
7 5
74 49
17 23
196 161
5 4
42 21
82 72
14 5
58 57
157 67
4 4
10 10
14 12
136 181
11 11
23 12
6 7
36 46
56 48
5 3
69 85
13 16
14 17
16 9
66 44
5 7
4 5
61 49
7 5
50 49
6 5
26 38
114 123
7 8
10 9
95 72
11 13
51 67
5 5
98 126
47 33
12 30
232 219
77 120
75 72
21 24
5 12
23 17
136 136
31 19
22 15
44 25
148 143
154 145
23 27
15 11
74 108
31 44
8 7
8 8
25 23
83 74
37 26
102 134
10 8
57 39
9 5
56 50
47 27
50 76
22 19
122 99
7 8
68 56
46 55
157 102
74 50
80 86
15 21
133 90
19 12
74 44
169 193
10 10
25 23
19 18
12 13
14 19
109 78
7 4
34 49
117 94
21 35
114 140
206 156
6 6
193 183
74 99
4 4
121 102
146 240
106 58
37 27
46 55
35 24
181 228
98 98
22 31
75 107
44 37
84 85
178 185
42 46
98 66
18 19
71 53
45 46
50 37
99 169
40 29
7 6
6 7
60 44
6 3
4 6
18 38
66 70
7 11
9 8
33 27
6 4
15 14
8 11
70 66
7 8
175 227
242 299
29 31
11 9
14 11
10 17
4 4
115 242
5 9
5 7
108 80
90 94
51 36
29 53
144 84
5 2
31 18
140 127
40 51
25 46
5 4
6 8
130 136
21 30
44 48
7 8
33 34
245 162
106 57
8 9
101 79
100 65
5 4
21 12
6 3
74 111
14 27
10 11
8 15
37 32
17 23
31 40
6 7
120 96
115 96
32 21
8 10
219 189
156 104
10 12
13 17
34 39
24 18
8 13
28 39
7 6
121 158
71 57
76 50
7 8
172 228
25 26
178 182
51 54
13 18
45 32
10 8
114 63
12 15
8 14
49 54
11 9
65 91
58 47
181 126
4 5
5 5
21 12
12 20
106 116
21 19
58 37
14 12
8 6
70 85
19 14
9 10
97 240
5 5
43 31
89 48
5 6
13 10
163 182
5 6
25 19
98 93
170 107
60 66
139 120
28 57
8 6
240 179
8 9
7 11
138 149
24 24
16 12
208 160
13 9
4 3
44 53
42 53
8 8
6 5
5 5
90 129
5 8
36 30
21 31
4 3
9 6
247 268
12 9
112 215
6 10
7 6
100 66
12 9
60 63
5 5
105 158
26 24
150 143
224 122
51 76
238 305
6 4
21 21
47 75
6 9
5 6
20 25
11 9
11 12
127 120
160 169
224 185
186 247
126 107
8 19
36 27
52 36
144 100
124 171
120 73
85 46
39 38
136 126
50 48
12 8
4 4
44 45
10 9
102 91
4 5
7 5
103 80
61 35
177 197
19 12
14 13
11 23
43 24
63 113
43 32
33 45
40 26
192 181
18 14
16 19
6 5
33 30
9 17
63 69
211 399
7 8
107 103
61 106
11 8
8 6
122 71
17 23
24 35
7 7
112 46
4 5
33 36
47 27
13 9
10 15
12 12
128 172
36 61
5 3
7 7
38 65
47 32
4 2
29 21
124 102
28 24
39 42
6 10
217 195
196 119
203 146
44 43
31 18
241 220
66 49
99 136
13 20
9 6
25 15
202 260
142 159
41 69
22 17
28 64
194 253
10 15
20 24
38 39
207 253
39 69
108 134
117 106
49 67
145 143
22 11
18 24
23 24
12 12
39 39
54 37
8 9
149 195
9 14
43 33
5 5
9 13
189 186
37 38
21 20
85 100
181 240
75 143
89 105
76 100
224 428
89 79
111 183
12 13
111 131
67 108
5 4
242 232
25 17
66 70
13 19
16 13
198 192
26 36
33 33
68 51
20 19
25 26
9 10
59 41
15 14
98 127
74 97
4 9
111 183
201 220
128 147
24 29
6 10
5 7
25 33
114 86
16 11
6 4
5 3
6 4
7 7
27 16
120 109
69 63
94 133
27 35
111 96
162 92
4 6
12 13
35 44
10 13
4 5
115 140
250 114
22 22
35 24
251 213
141 145
27 16
86 104
8 15
11 14
99 88
27 22
12 11
6 5
8 9
16 18
22 17
9 8
205 200
167 180
9 10
15 19
67 82
5 5
6 7
6 6
54 52
12 15
85 62
6 8
43 56
22 17
46 43
101 99
94 49
15 16
198 197
6 6
42 52
52 66
39 27
24 30
13 12
10 10
4 3
14 10
4 5
136 111
23 58
57 51
191 260
6 7
101 130
196 139
118 97
31 17
226 238
108 84
7 8
71 123
189 140
9 6
173 171
9 7
6 6
57 56
84 60
224 237
159 170
9 10
37 23
136 192
77 51
16 19
230 231
24 30
37 52
71 76
153 167
95 68
12 12
130 102
45 40
12 17
30 55
21 19
32 36
63 50
248 195
10 7
221 197
76 102
134 130
15 13
5 5
16 21
91 52
15 14
20 21
65 80
111 110
7 11
5 7
231 300
44 51
19 26
18 12
6 7
10 20
31 36
233 223
15 13
151 159
5 5
40 76
8 7
45 65
44 47
131 151
134 202
9 5
31 23
91 78
6 6
163 165
8 4
103 73
39 35
6 5
95 62
126 200
9 13
12 12
8 10
6 5
223 213
180 182
123 158
24 15
40 28
11 9
127 91
5 4
18 21
5 4
32 29
138 85
28 31
5 5
66 58
11 12
34 19
155 249
6 6
234 297
5 6
8 10
66 39
4 9
78 69
140 96
44 40
73 71
104 168
8 5
13 17
51 59
13 10
165 171
9 9
23 24
42 82
87 59
5 7
48 53
13 10
244 238
11 7
100 227
242 390
9 12
62 91
8 5
33 20
63 92
19 17
7 8
95 92
10 9
225 156
9 4
103 128
27 35
7 9
121 111
8 7
55 56
28 45
60 62
11 10
34 28
115 118
5 5
13 20
233 133
53 41
23 17
8 10
41 51
12 13
5 6
54 75
18 32
60 58
14 11
14 28
39 27
49 121
103 67
11 13
117 108
62 66
47 48
51 91
18 11
73 51
18 23
8 10
10 8
22 32
34 35
47 40
20 21
41 59
27 27
27 16
9 7
107 108
6 4
46 53
19 21
214 270
115 84
28 43
7 10
150 153
83 80
10 8
11 8
235 322
236 199
37 33
7 8
23 46
16 10
22 35
40 40
15 18
9 11
47 33
17 19
18 15
54 110
40 36
5 10
81 85
16 12
12 13
121 137
7 12
18 27
60 41
16 12
6 5
12 17
14 13
41 36
48 61
4 3
221 259
77 80
25 26
65 91
15 21
128 172
74 49
16 10
46 46
24 20
8 6
7 9
27 42
10 8
61 67
12 10
98 123
239 622
111 89
5 8
22 21
7 4
249 243
4 7
63 97
87 101
238 255
18 38
237 284
138 115
7 6
55 85
12 6
9 4
81 56
244 326
52 45
4 6
41 42
39 39
36 13
76 99
42 38
23 11
6 4
13 8
37 27
5 4
192 160
16 14
36 55
179 146
4 3
78 101
145 181
130 208
5 7
67 290
23 22
58 40
22 27
90 92
83 136
77 68
171 185
6 7
6 7
16 17
12 16
14 8
6 8
32 29
163 227
16 15
208 226
36 21
54 62
126 159
5 6
49 62
13 14
241 146
144 127
45 84
125 205
197 94
9 25
18 24
7 12
7 7
22 24
16 27
30 63
88 97
106 108
226 133
87 162
9 13
167 157
48 59
10 10
40 62
21 10
11 11
206 273
8 11
173 151
31 33
7 6
168 86
26 36
2 0
1 23
0 1 0
1 11 31
0 17 17
0 1 0
1 19 148
1 43 291
0 1 0
2 0 6
1 16 56
0 1 0
0 8 8
0 14 11
0 1 0
1 37 264
3 0 9
0 1 0
2 0 3
1 19 99
0 1 0
0 8 12
4 0 718
0 1 0
0 12 9
1 15 83
0 1 0
1 15 49
2 0 10
0 1 0
0 46 44
3 0 3
0 1 0
1 27 163
0 14 21
0 1 0
0 45 47
3 0 9
0 1 0
0 35 40
3 0 7
0 1 0
1 39 284
1 16 88
0 1 0
3 0 10
3 0 2
0 1 0
0 43 39
0 30 26
0 1 0
3 0 7
2 0 0
0 1 0
2 0 8
1 26 103
0 1 0
1 16 132
0 14 8
0 1 0
2 0 0
0 11 10
0 1 0
0 29 12
3 0 3
0 1 0
0 15 14
0 8 10
0 1 0
2 0 5
0 36 23
0 1 0
3 0 3
2 0 0
0 1 0
3 0 1
1 48 316
0 1 0
1 24 86
0 26 26
0 1 0
0 12 10
1 44 133
0 1 0
1 16 46
2 0 0
0 1 0
0 48 65
0 3 4
0 1 0
3 0 2
0 6 5
0 1 0
3 0 9
1 37 286
0 1 0
4 0 922
0 48 56
0 1 0
0 30 33
1 28 144
0 1 0
1 48 287
2 0 9
0 1 0
1 13 45
0 45 47
0 1 0
1 42 373
1 14 70
0 1 0
1 6 53
0 14 9
0 1 0
1 44 251
4 0 513
0 1 0
1 6 29
0 49 27
0 1 0
2 0 6
0 14 19
0 1 0
0 16 17
1 16 89
0 1 0
3 0 8
3 0 8
0 1 0
1 30 215
1 40 213
0 1 0
2 0 8
0 8 6
0 1 0
1 38 131
3 0 9
0 1 0
2 0 4
3 0 10
0 1 0
1 7 53
3 0 3
0 1 0
2 0 9
3 0 6
0 1 0
0 1 1
4 0 716
0 1 0
2 0 6
0 36 39
0 1 0
1 30 105
4 0 829
0 1 0
1 5 21
0 34 43
0 1 0
0 37 12
0 32 44
0 1 0
1 42 120
1 41 244
0 1 0
0 50 62
0 10 13
0 1 0
2 0 8
3 0 7
0 1 0
3 0 1
1 1 5
0 1 0
0 44 49
0 21 11
0 1 0
3 0 10
4 0 979
0 1 0
3 0 10
0 28 30
0 1 0
2 0 8
2 0 10
0 1 0
0 6 8
1 39 145
0 1 0
3 0 2
0 16 14
0 1 0
2 0 7
0 4 7
0 1 0
3 0 8
0 38 41
0 1 0
1 42 237
2 0 5
0 1 0
0 15 19
2 0 10
0 1 0
1 13 28
1 42 271
0 1 0
0 40 48
4 0 921
0 1 0
0 24 48
1 12 60
0 1 0
1 7 42
2 0 9
0 1 0
1 27 181
3 0 3
0 1 0
2 0 0
1 18 112
0 1 0
1 21 73
0 44 61
0 1 0
2 0 9
3 0 9
0 1 0
3 0 9
1 33 145
0 1 0
1 19 60
0 30 9
0 1 0
1 49 248
4 0 837
0 1 0
4 0 581
0 22 23
0 1 0
0 32 29
4 0 997
0 1 0
3 0 1
0 18 15
0 1 0
1 29 167
2 0 10
0 1 0
3 0 0
4 0 498
0 1 0
1 37 235
1 49 175
0 1 0
0 29 11
1 22 141
0 1 0
3 0 7
0 50 21
0 1 0
0 13 11
1 26 102
0 1 0
1 32 117
3 0 0
0 1 0
3 0 9
3 0 1
0 1 0
1 19 99
0 48 57
0 1 0
1 15 76
3 0 8
0 1 0
0 37 54
4 0 829
0 1 0
2 0 1
1 38 97
0 1 0
1 5 26
0 28 37
0 1 0
1 29 150
0 24 22
0 1 0
1 27 116
3 0 8
0 1 0
2 0 6
1 8 36
0 1 0
0 9 7
1 46 240
0 1 0
0 6 5
3 0 10
0 1 0
0 2 2
0 44 32
0 1 0
0 23 21
1 47 217
0 1 0
3 0 8
1 49 280
0 1 0
1 8 34
3 0 4
0 1 0
3 0 1
0 40 33
0 1 0
0 22 16
3 0 3
0 1 0
2 0 5
1 22 77
0 1 0
0 46 40
3 0 6
0 1 0
1 20 59
0 5 5
0 1 0
3 0 3
0 49 27
0 1 0
1 44 237
0 36 43
0 1 0
0 27 22
0 27 26
0 1 0
1 40 247
1 30 88
0 1 0
1 41 253
1 15 38
0 1 0
1 4 25
0 50 82
0 1 0
3 0 0
1 4 17
0 1 0
0 1 1
1 34 258
0 1 0
0 28 21
1 45 121
0 1 0
1 40 219
0 25 30
0 1 0
3 0 8
0 12 13
0 1 0
2 0 0
0 23 24
0 1 0
0 24 41
0 47 64
0 1 0
3 0 9
0 8 4
0 1 0
4 0 794
3 0 4
0 1 0
1 50 269
1 22 40
0 1 0
0 16 23
2 0 0
0 1 0
3 0 9
3 0 1
0 1 0
0 7 5
0 48 26
0 1 0
1 34 155
0 26 21
0 1 0
2 0 0
1 29 121
0 1 0
2 0 9
1 41 255
0 1 0
4 0 811
1 43 259
0 1 0
0 30 32
0 43 32
0 1 0
1 10 32
1 21 136
0 1 0
0 1 1
4 0 707
0 1 0
0 7 8
1 13 123
0 1 0
1 7 45
0 20 16
0 1 0
2 0 6
0 49 32
0 1 0
0 22 27
1 30 186
0 1 0
0 31 21
1 40 179
0 1 0
1 30 132
4 0 462
0 1 0
2 0 1
0 6 9
0 1 0
1 50 216
1 33 128
0 1 0
1 31 115
1 27 237
0 1 0
0 38 39
0 21 24
0 1 0
4 0 431
0 7 6
0 1 0
3 0 2
0 19 13
0 1 0
0 2 1
1 43 288
0 1 0
4 0 556
1 49 165
0 1 0
0 23 35
0 5 2
0 1 0
3 0 8
3 0 3
0 1 0
1 11 43
1 46 216
0 1 0
3 0 8
2 0 3
0 1 0
2 0 6
1 22 118
0 1 0
0 32 49
0 24 32
0 1 0
1 16 98
0 23 20
0 1 0
0 9 9
1 23 56
0 1 0
2 0 7
1 35 130
0 1 0
1 32 106
3 0 10
0 1 0
3 0 8
2 0 6
0 1 0
1 39 192
2 0 7
0 1 0
0 47 35
1 12 31
0 1 0
3 0 0
1 49 233
0 1 0
2 0 6
1 6 13
0 1 0
0 19 27
0 20 24
0 1 0
3 0 8
4 0 676
0 1 0
2 0 4
0 48 4
0 1 0
0 44 24
1 21 79
0 1 0
1 44 263
4 0 879
0 1 0
1 37 203
1 11 30
0 1 0
1 35 115
1 21 98
0 1 0
0 7 3
1 49 382
0 1 0
0 9 9
1 16 80
0 1 0
2 0 2
1 22 148
0 1 0
2 0 9
1 41 268
0 1 0
1 39 222
4 0 468
0 1 0
0 49 42
1 16 47
0 1 0
1 35 202
0 8 9
0 1 0
1 28 108
3 0 3
0 1 0
3 0 8
1 32 111
0 1 0
3 0 0
0 30 36
0 1 0
1 44 308
2 0 9
0 1 0
0 30 29
0 18 15
0 1 0
3 0 4
1 6 37
0 1 0
1 23 220
2 0 3
0 1 0
1 14 73
3 0 0
0 1 0
1 21 167
1 50 181
0 1 0
0 8 10
0 31 46
0 1 0
1 16 86
3 0 3
0 1 0
1 12 66
4 0 485
0 1 0
1 47 226
2 0 0
0 1 0
2 0 5
1 38 231
0 1 0
2 0 8
3 0 8
0 1 0
1 32 253
0 20 25
0 1 0
0 16 25
0 30 22
0 1 0
4 0 599
1 27 73
0 1 0
3 0 4
4 0 714
0 1 0
0 8 11
0 33 46
0 1 0
0 38 37
0 34 30
0 1 0
0 23 21
1 19 90
0 1 0
1 7 33
1 17 116
0 1 0
2 0 8
1 35 283
0 1 0
0 2 4
2 0 10
0 1 0
2 0 4
4 0 718
0 1 0
3 0 10
1 39 238
0 1 0
0 22 12
3 0 8
0 1 0
1 24 71
4 0 467
0 1 0
2 0 7
0 35 22
0 1 0
2 0 4
2 0 5
0 1 0
0 30 32
1 50 195
0 1 0
0 41 17
0 4 4
0 1 0
0 8 10
2 0 6
0 1 0
1 48 272
0 50 52
0 1 0
2 0 10
3 0 2
0 1 0
0 37 4
1 20 112
0 1 0
2 0 10
0 36 54
0 1 0
0 11 10
4 0 345
0 1 0
0 42 48
1 48 225
0 1 0
3 0 2
1 46 311
0 1 0
0 40 26
0 3 2
0 1 0
0 24 30
3 0 3
0 1 0
0 26 25
3 0 6
0 1 0
0 37 34
3 0 2
0 1 0
0 37 30
0 8 11
0 1 0
1 8 54
3 0 4
0 1 0
3 0 5
1 17 90
0 1 0
2 0 10
0 50 46
0 1 0
3 0 5
3 0 6
0 1 0
1 44 153
0 42 49
0 1 0
2 0 10
0 23 21
0 1 0
2 0 8
0 25 33
0 1 0
1 18 70
1 11 71
0 1 0
2 0 0
1 44 406
0 1 0
0 50 64
3 0 2
0 1 0
3 0 10
1 33 168
0 1 0
0 11 13
3 0 6
0 1 0
1 37 134
0 14 24
0 1 0
0 18 22
1 43 225
0 1 0
0 38 48
1 41 154
0 1 0
0 2 1
0 21 31
0 1 0
4 0 257
2 0 6
0 1 0
0 24 21
1 31 183
0 1 0
3 0 4
1 23 51
0 1 0
1 31 114
1 8 33
0 1 0
3 0 4
2 0 3
0 1 0
1 43 145
0 27 32
0 1 0
0 4 5
3 0 7
0 1 0
0 32 25
1 50 339
0 1 0
0 19 10
1 26 116
0 1 0
0 5 6
2 0 5
0 1 0
2 0 4
3 0 3
0 1 0
1 16 77
1 37 218
0 1 0
3 0 6
1 41 250
0 1 0
0 34 21
4 0 601
0 1 0
4 0 807
1 14 78
0 1 0
2 0 5
0 13 19
0 1 0
0 40 39
0 26 19
0 1 0
1 1 6
0 24 25
0 1 0
0 16 11
2 0 7
0 1 0
1 27 78
1 37 45
0 1 0
0 22 36
0 36 40
0 1 0
1 50 274
2 0 2
0 1 0
3 0 1
1 17 113
0 1 0
0 22 16
1 28 150
0 1 0
1 27 31
4 0 277
0 1 0
0 43 54
3 0 3
0 1 0
3 0 3
2 0 2
0 1 0
1 49 15
2 0 3
0 1 0
1 33 108
2 0 7
0 1 0
3 0 5
0 44 54
0 1 0
1 9 30
3 0 4
0 1 0
1 17 128
0 6 4
0 1 0
2 0 6
1 34 250
0 1 0
0 36 18
2 0 10
0 1 0
1 34 287
0 7 8
0 1 0
2 0 0
1 43 305
0 1 0
2 0 2
1 29 135
0 1 0
3 0 1
2 0 4
0 1 0
3 0 5
1 8 23
0 1 0
3 0 2
0 36 48
0 1 0
1 41 124
2 0 4
0 1 0
3 0 2
4 0 343
0 1 0
4 0 251
1 25 124
0 1 0
1 49 127
1 25 133
0 1 0
1 12 64
1 2 11
0 1 0
2 0 9
1 34 109
0 1 0
3 0 8
1 37 231
0 1 0
0 13 12
0 29 41
0 1 0
3 0 7
0 41 39
0 1 0
1 22 141
0 21 25
0 1 0
0 39 60
0 8 5
0 1 0
3 0 5
2 0 7
0 1 0
3 0 4
0 21 18
0 1 0
0 26 11
1 11 69
0 1 0
2 0 8
2 0 9
0 1 0
1 32 135
1 20 104
0 1 0
1 25 154
2 0 10
0 1 0
2 0 3
4 0 587
0 1 0
1 21 132
2 0 10
0 1 0
2 0 2
1 38 139
0 1 0
0 20 27
0 19 10
0 1 0
2 0 1
0 48 25
0 1 0
3 0 5
2 0 5
0 1 0
0 8 8
4 0 922
0 1 0
3 0 0
1 45 87
0 1 0
1 38 127
3 0 9
0 1 0
3 0 1
0 27 36
0 1 0
1 44 304
0 18 22
0 1 0
0 37 33
0 21 26
0 1 0
1 10 22
0 46 45
0 1 0
1 2 10
1 34 234
0 1 0
0 19 7
1 21 68
0 1 0
0 49 73
1 26 131
0 1 0
4 0 844
0 3 2
0 1 0
1 41 292
2 0 4
0 1 0
1 27 67
1 23 124
0 1 0
0 28 27
2 0 3
0 1 0
3 0 4
1 26 32
0 1 0
0 18 14
2 0 5
0 1 0
0 39 65
1 27 136
0 1 0
2 0 4
0 7 5
0 1 0
2 0 7
0 50 43
0 1 0
1 9 48
0 3 4
0 1 0
0 13 18
3 0 8
0 1 0
0 36 46
0 12 8
0 1 0
2 0 4
1 11 63
0 1 0
1 43 212
2 0 10
0 1 0
3 0 10
2 0 0
0 1 0
3 0 5
0 22 35
0 1 0
3 0 7
3 0 7
0 1 0
3 0 4
2 0 4
0 1 0
2 0 8
1 19 85
0 1 0
3 0 0
1 29 99
0 1 0
3 0 5
2 0 8
0 1 0
2 0 7
1 14 83
0 1 0
0 20 11
4 0 638
0 1 0
0 14 16
3 0 8
0 1 0
2 0 1
0 6 6
0 1 0
0 33 18
0 32 30
0 1 0
1 5 15
2 0 4
0 1 0
1 28 120
2 0 0
0 1 0
1 5 22
2 0 2
0 1 0
3 0 2
2 0 0
0 1 0
1 39 132
3 0 5
0 1 0
2 0 5
0 13 15
0 1 0
4 0 795
0 32 40
0 1 0
1 48 228
2 0 5
0 1 0
2 0 10
0 38 43
0 1 0
0 29 9
1 31 156
0 1 0
1 4 23
1 28 159
0 1 0
1 37 10
0 33 23
0 1 0
0 38 60
2 0 8
0 1 0
1 8 29
2 0 4
0 1 0
1 37 152
3 0 8
0 1 0
1 30 76
3 0 1
0 1 0
1 8 33
2 0 0
0 1 0
1 25 109
2 0 2
0 1 0
0 26 34
3 0 8
0 1 0
1 19 89
3 0 10
0 1 0
1 24 143
3 0 2
0 1 0
1 2 11
1 16 105
0 1 0
4 0 688
1 41 183
0 1 0
1 42 281
1 21 104
0 1 0
3 0 4
0 48 26
0 1 0
1 16 106
1 41 200
0 1 0
3 0 9
0 2 2
0 1 0
0 43 48
1 37 80
0 1 0
0 50 51
1 16 91
0 1 0
3 0 6
0 50 80
0 1 0
3 0 2
2 0 2
0 1 0
0 5 5
1 18 125
0 1 0
1 11 68
3 0 5
0 1 0
0 15 16
1 20 57
0 1 0
0 21 16
1 17 86
0 1 0
1 34 135
0 10 8
0 1 0
3 0 0
0 50 62
0 1 0
0 21 12
0 27 34
0 1 0
0 28 11
2 0 3
0 1 0
2 0 9
0 41 43
0 1 0
1 23 192
0 24 38
0 1 0
1 2 12
2 0 4
0 1 0
0 3 2
0 28 33
0 1 0
0 39 27
1 26 170
0 1 0
3 0 3
1 35 247
0 1 0
1 10 60
0 14 7
0 1 0
0 17 22
0 7 9
0 1 0
0 31 38
1 31 194
0 1 0
1 36 136
1 19 102
0 1 0
2 0 9
1 26 161
0 1 0
3 0 1
2 0 0
0 1 0
4 0 439
1 23 138
0 1 0
1 28 164
2 0 9
0 1 0
1 42 157
4 0 281
0 1 0
3 0 8
2 0 0
0 1 0
3 0 7
3 0 0
0 1 0
1 5 22
0 35 42
0 1 0
1 18 76
0 5 5
0 1 0
4 0 476
1 30 168
0 1 0
1 24 111
0 38 33
0 1 0
1 33 175
1 10 45
0 1 0
3 0 6
3 0 9
0 1 0
0 31 18
1 10 24
0 1 0
3 0 8
1 29 203
0 1 0
1 21 107
1 29 111
0 1 0
1 6 37
0 40 31
0 1 0
1 32 47
3 0 0
0 1 0
2 0 7
0 36 52
0 1 0
1 21 68
0 47 27
0 1 0
0 15 18
0 8 1
0 1 0
1 49 221
0 25 17
0 1 0
0 13 11
1 12 71
0 1 0
2 0 4
1 21 100
0 1 0
2 0 8
3 0 4
0 1 0
0 6 5
0 36 45
0 1 0
0 15 20
2 0 0
0 1 0
4 0 499
3 0 7
0 1 0
3 0 0
3 0 5
0 1 0
1 47 223
4 0 617
0 1 0
0 47 40
0 31 39
0 1 0
0 24 26
0 30 16
0 1 0
3 0 5
1 25 50
0 1 0
3 0 0
1 24 86
0 1 0
2 0 3
4 0 288
0 1 0
2 0 3
2 0 1
0 1 0
2 0 6
3 0 0
0 1 0
3 0 8
2 0 5
0 1 0
2 0 10
2 0 3
0 1 0
0 13 16
1 3 19
0 1 0
4 0 532
2 0 5
0 1 0
0 43 39
2 0 9
0 1 0
0 16 19
0 26 22
0 1 0
0 28 17
3 0 1
0 1 0
4 0 470
1 2 6
0 1 0
0 9 6
1 39 198
0 1 0
2 0 10
1 28 167
0 1 0
2 0 5
0 41 41
0 1 0
1 24 67
3 0 6
0 1 0
4 0 262
3 0 10
0 1 0
3 0 9
3 0 2
0 1 0
1 21 148
0 21 19
0 1 0
0 16 24
1 46 379
0 1 0
3 0 8
4 0 722
0 1 0
0 6 3
0 32 25
0 1 0
0 20 20
3 0 7
0 1 0
0 18 25
0 27 11
0 1 0
0 36 34
0 19 13
0 1 0
0 2 2
2 0 4
0 1 0
3 0 1
0 37 29
0 1 0
0 44 21
1 21 106
0 1 0
0 38 58
0 31 21
0 1 0
0 50 103
2 0 7
0 1 0
1 28 149
4 0 886
0 1 0
0 7 4
2 0 3
0 1 0
3 0 5
0 14 15
0 1 0
3 0 4
1 7 44
0 1 0
4 0 834
3 0 5
0 1 0
1 1 4
1 21 86
0 1 0
3 0 0
3 0 1
0 1 0
3 0 4
2 0 8
0 1 0
0 16 6
3 0 10
0 1 0
0 27 37
1 1 4
0 1 0
0 34 32
0 35 55
0 1 0
1 9 65
1 1 7
0 1 0
1 39 215
4 0 691
0 1 0
2 0 4
4 0 450
0 1 0
1 20 67
0 34 29
0 1 0
1 34 171
3 0 7
0 1 0
1 28 108
4 0 882
0 1 0
0 40 43
0 8 6
0 1 0
1 23 166
1 18 26
0 1 0
1 21 107
1 29 118
0 1 0
1 20 157
0 15 19
0 1 0
1 2 10
3 0 1
0 1 0
3 0 6
2 0 2
0 1 0
2 0 1
1 18 136
0 1 0
0 31 18
1 41 227
0 1 0
2 0 4
1 46 98
0 1 0
3 0 3
3 0 9
0 1 0
1 3 13
2 0 0
0 1 0
0 42 56
0 6 7
0 1 0
3 0 1
1 33 150
0 1 0
0 40 40
0 7 5
0 1 0
3 0 3
1 9 25
0 1 0
0 8 8
2 0 1
0 1 0
1 39 249
2 0 0
0 1 0
1 24 77
0 25 14
0 1 0
2 0 9
0 29 23
0 1 0
1 6 17
1 23 24
0 1 0
0 49 43
3 0 10
0 1 0
1 8 58
0 5 5
0 1 0
3 0 0
0 19 21
0 1 0
1 33 254
0 11 16
0 1 0
3 0 10
1 16 74
0 1 0
1 21 100
4 0 398
0 1 0
1 9 41
0 14 14
0 1 0
3 0 3
0 12 14
0 1 0
4 0 373
1 45 193
0 1 0
0 13 9
3 0 6
0 1 0
4 0 540
2 0 9
0 1 0
1 4 24
1 11 62
0 1 0
1 33 158
2 0 10
0 1 0
1 35 172
0 36 32
0 1 0
0 31 20
3 0 0
0 1 0
1 17 120
3 0 2
0 1 0
0 36 44
0 24 18
0 1 0
2 0 3
0 43 36
0 1 0
0 24 13
3 0 1
0 1 0
0 26 18
1 3 9
0 1 0
3 0 4
4 0 934
0 1 0
3 0 5
0 9 9
0 1 0
1 38 255
0 31 40
0 1 0
0 16 6
0 27 13
0 1 0
0 17 15
1 29 114
0 1 0
0 39 49
1 28 227
0 1 0
0 16 16
0 4 5
0 1 0
0 29 31
1 31 164
0 1 0
1 34 161
2 0 7
0 1 0
3 0 6
3 0 4
0 1 0
3 0 4
4 0 947
0 1 0
4 0 301
0 39 57
0 1 0
0 1 1
0 11 4
0 1 0
4 0 268
3 0 4
0 1 0
3 0 7
1 13 81
0 1 0
3 0 8
0 17 8
0 1 0
1 35 227
2 0 2
0 1 0
3 0 5
2 0 8
0 1 0
1 2 6
1 9 33
0 1 0
3 0 2
1 38 135
0 1 0
2 0 4
3 0 3
0 1 0
0 1 1
0 12 8
0 1 0
2 0 9
2 0 8
0 1 0
0 17 25
2 0 5
0 1 0
0 28 35
1 14 99
0 1 0
3 0 1
4 0 706
0 1 0
0 22 35
0 3 3
0 1 0
2 0 3
1 15 57
0 1 0
0 39 22
0 35 36
0 1 0
4 0 888
1 17 66
0 1 0
0 24 35
2 0 9
0 1 0
2 0 9
3 0 8
0 1 0
2 0 1
1 17 87
0 1 0
0 1 1
1 18 96
0 1 0
1 23 117
3 0 0
0 1 0
4 0 820
2 0 6
0 1 0
1 45 304
0 39 61
0 1 0
0 48 62
1 2 11
0 1 0
1 50 277
0 39 1
0 1 0
3 0 10
3 0 2
0 1 0
1 33 127
3 0 0
0 1 0
3 0 5
4 0 297
0 1 0
2 0 7
3 0 4
0 1 0
3 0 10
2 0 7
0 1 0
3 0 9
4 0 422
0 1 0
4 0 295
3 0 8
0 1 0
3 0 9
3 0 1
0 1 0
0 42 52
1 19 152
0 1 0
0 7 8
1 4 18
0 1 0
2 0 8
0 1 1
0 1 0
3 0 2
4 0 293
0 1 0
1 6 28
1 25 76
0 1 0
0 3 4
1 46 375
0 1 0
3 0 7
3 0 7
0 1 0
0 46 37
4 0 998
0 1 0
3 0 9
2 0 7
0 1 0
1 16 102
2 0 9
0 1 0
3 0 2
1 4 16
0 1 0
0 33 36
1 9 17
0 1 0
2 0 9
0 28 20
0 1 0
3 0 10
1 4 21
0 1 0
0 16 16
1 39 262
0 1 0
1 24 117
0 11 12
0 1 0
0 26 22
1 31 241
0 1 0
2 0 10
1 36 177
0 1 0
2 0 3
0 25 12
0 1 0
2 0 3
2 0 1
0 1 0
0 26 10
1 15 89
0 1 0
3 0 0
0 20 25
0 1 0
1 40 101
3 0 0
0 1 0
0 2 2
1 37 184
0 1 0
2 0 3
3 0 1
0 1 0
1 20 79
0 39 48
0 1 0
3 0 8
1 14 62
0 1 0
0 33 35
0 4 7
0 1 0
4 0 667
3 0 9
0 1 0
0 48 50
0 46 52
0 1 0
3 0 9
1 37 190
0 1 0
0 5 6
0 12 9
0 1 0
0 14 13
1 5 37
0 1 0
1 45 178
3 0 6
0 1 0
2 0 0
2 0 7
0 1 0
2 0 5
0 32 37
0 1 0
0 6 8
0 48 63
0 1 0
1 7 30
2 0 9
0 1 0
1 30 227
0 4 2
0 1 0
1 44 245
0 48 71
0 1 0
2 0 5
3 0 9
0 1 0
0 1 2
2 0 1
0 1 0
0 22 26
1 49 310
0 1 0
1 6 22
1 25 185
0 1 0
0 36 27
0 18 10
0 1 0
0 7 9
0 17 10
0 1 0
3 0 1
1 2 15
0 1 0
1 11 47
1 38 52
0 1 0
0 29 18
3 0 6
0 1 0
1 6 27
2 0 8
0 1 0
0 2 3
1 13 82
0 1 0
1 23 122
1 21 99
0 1 0
3 0 6
4 0 756
0 1 0
0 40 35
0 26 37
0 1 0
1 33 143
2 0 0
0 1 0
3 0 7
1 26 119
0 1 0
1 27 122
2 0 0
0 1 0
0 13 15
0 24 30
0 1 0
1 31 138
1 23 143
0 1 0
0 12 8
1 1 2
0 1 0
0 9 15
1 16 7
0 1 0
1 38 244
3 0 4
0 1 0
1 38 210
3 0 0
0 1 0
4 0 576
1 47 168
0 1 0
1 15 7
1 24 157
0 1 0
0 14 26
4 0 492
0 1 0
2 0 0
1 34 170
0 1 0
1 9 22
0 42 41
0 1 0
1 9 36
0 38 41
0 1 0
1 45 195
1 32 146
0 1 0
2 0 9
3 0 3
0 1 0
2 0 4
0 40 37
0 1 0
0 19 8
2 0 10
0 1 0
2 0 1
3 0 3
0 1 0
1 20 130
3 0 10
0 1 0
2 0 10
0 49 35
0 1 0
2 0 1
4 0 208
0 1 0
2 0 3
1 34 196
0 1 0
3 0 5
3 0 10
0 1 0
2 0 1
3 0 8
0 1 0
4 0 431
0 3 2
0 1 0
1 15 56
2 0 6
0 1 0
1 20 134
3 0 1
0 1 0
0 30 32
1 20 97
0 1 0
0 11 8
1 6 54
0 1 0
1 44 13
1 6 41
0 1 0
0 22 18
2 0 7
0 1 0
1 49 212
1 20 169
0 1 0
1 24 87
1 45 252
0 1 0
3 0 0
1 13 52
0 1 0
2 0 3
3 0 10
0 1 0
0 49 53
0 33 43
0 1 0
0 22 24
4 0 547
0 1 0
2 0 4
0 22 28
0 1 0
1 9 27
0 5 4
0 1 0
1 15 75
1 40 87
0 1 0
0 39 45
2 0 5
0 1 0
3 0 9
0 46 62
0 1 0
0 36 31
1 16 32
0 1 0
2 0 9
0 8 8
0 1 0
3 0 9
1 22 108
0 1 0
2 0 0
1 27 163
0 1 0
1 49 148
2 0 10
0 1 0
0 38 41
0 30 39
0 1 0
1 18 120
3 0 5
0 1 0
1 39 200
3 0 2
0 1 0
1 11 36
2 0 10
0 1 0
1 45 261
1 27 80
0 1 0
1 24 147
3 0 4
0 1 0
0 47 57
1 46 259
0 1 0
3 0 10
1 19 141
0 1 0
4 0 880
1 25 111
0 1 0
0 50 52
4 0 222
0 1 0
2 0 7
3 0 4
0 1 0
4 0 602
2 0 0
0 1 0
1 24 137
0 13 11
0 1 0
3 0 1
2 0 4
0 1 0
3 0 10
1 40 247
0 1 0
1 1 5
0 27 26
0 1 0
0 49 32
1 3 15
0 1 0
0 38 52
1 4 29
0 1 0
0 27 38
3 0 10
0 1 0
1 2 7
2 0 0
0 1 0
1 39 211
1 42 151
0 1 0
0 16 18
4 0 287
0 1 0
0 47 55
1 7 41
0 1 0
1 30 75
2 0 9
0 1 0
1 15 78
2 0 0
0 1 0
2 0 10
2 0 0
0 1 0
2 0 8
0 17 16
0 1 0
0 45 74
1 27 214
0 1 0
3 0 10
0 11 8
0 1 0
2 0 8
0 19 9
0 1 0
3 0 3
1 3 17
0 1 0
0 11 15
1 2 9
0 1 0
3 0 3
4 0 702
0 1 0
1 46 308
2 0 0
0 1 0
1 35 206
0 48 25
0 1 0
2 0 2
1 18 73
0 1 0
0 29 30
1 12 98
0 1 0
2 0 2
1 32 212
0 1 0
2 0 3
4 0 472
0 1 0
0 11 8
4 0 421
0 1 0
0 18 14
1 27 137
0 1 0
3 0 7
0 2 1
0 1 0
0 37 24
2 0 6
0 1 0
0 37 21
2 0 1
0 1 0
2 0 2
2 0 1
0 1 0
0 23 16
1 47 223
0 1 0
0 28 34
3 0 3
0 1 0
1 28 136
1 26 130
0 1 0
3 0 4
1 19 74
0 1 0
0 25 24
3 0 4
0 1 0
2 0 8
0 28 27
0 1 0
0 42 24
1 23 174
0 1 0
2 0 7
1 19 66
0 1 0
2 0 9
0 8 8
0 1 0
0 8 9
0 44 31
0 1 0
1 14 86
3 0 8
0 1 0
1 33 243
1 4 17
0 1 0
3 0 6
1 20 110
0 1 0
0 13 5
0 46 61
0 1 0
1 47 277
0 40 35
0 1 0
0 48 35
4 0 208
0 1 0
3 0 5
3 0 1
0 1 0
0 15 21
1 32 123
0 1 0
0 5 6
1 12 67
0 1 0
3 0 8
2 0 3
0 1 0
2 0 2
3 0 10
0 1 0
3 0 1
0 30 26
0 1 0
2 0 2
0 46 54
0 1 0
1 14 72
1 3 9
0 1 0
2 0 6
1 39 165
0 1 0
3 0 1
0 35 45
0 1 0
2 0 10
1 48 347
0 1 0
1 6 36
1 17 101
0 1 0
4 0 235
0 42 56
0 1 0
1 9 74
0 2 2
0 1 0
0 21 26
0 32 27
0 1 0
1 49 233
1 6 34
0 1 0
1 12 70
3 0 8
0 1 0
1 22 173
2 0 2
0 1 0
3 0 8
0 27 31
0 1 0
2 0 9
2 0 0
0 1 0
0 50 47
0 49 18
0 1 0
1 21 64
1 34 165
0 1 0
0 33 58
2 0 3
0 1 0
1 20 98
4 0 508
0 1 0
1 31 132
2 0 6
0 1 0
4 0 824
1 10 49
0 1 0
0 30 40
0 21 32
0 1 0
0 45 41
2 0 8
0 1 0
1 30 90
1 30 201
0 1 0
0 18 18
0 48 36
0 1 0
1 38 268
1 12 79
0 1 0
0 7 10
2 0 2
0 1 0
3 0 0
1 28 108
0 1 0
1 20 130
1 22 67
0 1 0
3 0 7
1 25 93
0 1 0
1 46 129
0 27 26
0 1 0
4 0 690
3 0 4
0 1 0
3 0 2
0 13 14
0 1 0
1 9 67
1 22 130
0 1 0
3 0 4
1 27 142
0 1 0
1 4 23
2 0 2
0 1 0
0 21 9
3 0 9
0 1 0
0 13 17
1 6 27
0 1 0
3 0 5
2 0 8
0 1 0
0 26 46
3 0 10
0 1 0
0 21 15
3 0 0
0 1 0
3 0 10
1 21 54
0 1 0
2 0 10
0 46 49
0 1 0
0 23 27
0 48 36
0 1 0
2 0 4
2 0 7
0 1 0
2 0 0
3 0 0
0 1 0
2 0 3
1 4 9
0 1 0
2 0 8
0 25 22
0 1 0
3 0 9
3 0 9
0 1 0
1 22 80
3 0 3
0 1 0
2 0 9
3 0 3
0 1 0
0 15 7
4 0 369
0 1 0
1 21 106
0 43 28
0 1 0
0 46 47
0 15 21
0 1 0
1 42 156
1 15 50
0 1 0
0 11 10
1 3 19
0 1 0
1 1 8
1 19 87
0 1 0
0 23 20
1 10 62
0 1 0
3 0 0
1 35 166
0 1 0
0 12 10
1 48 173
0 1 0
0 43 49
1 2 12
0 1 0
0 13 10
3 0 6
0 1 0
0 40 39
0 24 10
0 1 0
1 7 30
0 10 9
0 1 0
3 0 1
1 45 169
0 1 0
3 0 5
0 7 6
0 1 0
1 6 24
1 47 124
0 1 0
2 0 7
0 25 25
0 1 0
1 41 119
1 21 79
0 1 0
1 47 220
1 41 212
0 1 0
3 0 2
1 16 104
0 1 0
4 0 685
3 0 0
0 1 0
1 11 66
1 39 288
0 1 0
2 0 7
3 0 10
0 1 0
0 33 51
3 0 7
0 1 0
1 32 156
4 0 438
0 1 0
1 25 115
1 27 125
0 1 0
3 0 10
1 14 42
0 1 0
1 9 30
3 0 2
0 1 0
4 0 735
3 0 2
0 1 0
3 0 10
1 41 164
0 1 0
2 0 2
2 0 0
0 1 0
4 0 596
0 13 13
0 1 0
0 6 2
0 33 45
0 1 0
0 7 9
4 0 664
0 1 0
1 41 239
2 0 6
0 1 0
3 0 6
4 0 759
0 1 0
0 4 3
3 0 2
0 1 0
1 22 52
3 0 7
0 1 0
1 19 71
0 40 43
0 1 0
1 37 298
0 33 54
0 1 0
2 0 5
3 0 10
0 1 0
1 49 357
0 30 14
0 1 0
0 34 34
1 23 108
0 1 0
1 8 45
4 0 332
0 1 0
3 0 9
0 21 15
0 1 0
1 12 33
0 23 30
0 1 0
2 0 8
2 0 5
0 1 0
4 0 1000
0 40 37
0 1 0
1 45 277
0 33 16
0 1 0
4 0 983
1 49 256
0 1 0
1 40 284
1 6 62
0 1 0
0 43 34
3 0 9
0 1 0
1 22 32
1 25 32
0 1 0
1 12 45
0 31 52
0 1 0
0 34 25
0 44 43
0 1 0
1 11 74
0 31 29
0 1 0
1 27 111
2 0 10
0 1 0
1 20 107
0 16 17
0 1 0
1 23 32
1 7 42
0 1 0
0 39 43
0 18 30
0 1 0
0 24 19
1 43 251
0 1 0
1 10 76
4 0 393
0 1 0
1 30 165
2 0 1
0 1 0
1 2 9
0 34 48
0 1 0
0 1 1
1 21 99
0 1 0
0 1 1
4 0 896
0 1 0
1 10 62
0 20 12
0 1 0
0 47 21
1 31 211
0 1 0
1 4 17
0 23 21
0 1 0
2 0 10
1 29 90
0 1 0
0 12 17
0 41 49
0 1 0
0 45 50
3 0 1
0 1 0
3 0 8
1 26 75
0 1 0
1 39 281
1 40 165
0 1 0
2 0 7
1 11 61
0 1 0
0 2 3
0 1 1
0 1 0
3 0 10
3 0 1
0 1 0
0 16 13
1 33 50
0 1 0
1 18 165
3 0 7
0 1 0
3 0 5
0 30 25
0 1 0
0 28 38
1 9 61
0 1 0
2 0 5
4 0 380
0 1 0
4 0 413
0 28 25
0 1 0
0 40 38
1 22 131
0 1 0
3 0 4
0 30 31
0 1 0
0 42 18
1 18 149
0 1 0
4 0 745
0 5 5
0 1 0
1 25 164
1 5 30
0 1 0
0 29 41
2 0 7
0 1 0
1 15 77
0 47 69
0 1 0
0 13 24
0 43 64
0 1 0
1 23 170
2 0 1
0 1 0
0 14 14
0 11 14
0 1 0
1 21 104
1 16 78
0 1 0
0 8 8
0 14 21
0 1 0
0 29 35
2 0 4
0 1 0
0 20 6
1 8 40
0 1 0
2 0 9
1 1 5
0 1 0
0 46 23
0 23 15
0 1 0
1 9 43
1 15 50
0 1 0
4 0 442
1 12 73
0 1 0
0 5 6
3 0 1
0 1 0
4 0 606
1 25 137
0 1 0
1 20 140
0 5 8
0 1 0
0 29 20
0 50 65
0 1 0
0 49 54
1 47 328
0 1 0
2 0 2
0 28 22
0 1 0
0 15 7
3 0 5
0 1 0
1 4 12
1 37 158
0 1 0
2 0 0
0 4 6
0 1 0
4 0 302
1 49 210
0 1 0
3 0 2
1 43 165
0 1 0
2 0 2
0 37 46
0 1 0
0 50 40
3 0 4
0 1 0
1 50 236
4 0 369
0 1 0
3 0 4
2 0 9
0 1 0
1 17 121
0 28 26
0 1 0
1 50 299
0 35 21
0 1 0
4 0 361
0 15 15
0 1 0
3 0 7
3 0 5
0 1 0
3 0 4
1 2 14
0 1 0
1 33 139
3 0 5
0 1 0
0 44 70
1 11 26
0 1 0
3 0 4
0 27 27
0 1 0
3 0 9
1 18 45
0 1 0
0 3 3
1 1 4
0 1 0
1 5 14
1 39 230
0 1 0
3 0 8
1 22 144
0 1 0
3 0 3
1 28 57
0 1 0
1 11 74
0 13 10
0 1 0
0 36 14
1 42 178
0 1 0
3 0 2
1 19 101
0 1 0
1 15 44
2 0 10
0 1 0
3 0 10
4 0 337
0 1 0
1 44 343
0 15 12
0 1 0
0 27 22
0 23 17
0 1 0
1 30 179
1 3 17
0 1 0
1 36 191
2 0 2
0 1 0
0 18 30
1 50 176
0 1 0
1 47 60
0 3 3
0 1 0
2 0 6
1 13 42
0 1 0
1 19 80
0 15 11
0 1 0
3 0 5
2 0 1
0 1 0
0 14 5
0 33 22
0 1 0
4 0 532
4 0 207
0 1 0
1 12 73
2 0 0
0 1 0
0 41 30
0 41 48
0 1 0
2 0 9
3 0 0
0 1 0
0 9 18
2 0 9
0 1 0
1 43 238
3 0 10
0 1 0
0 3 2
1 14 72
0 1 0
2 0 4
0 28 20
0 1 0
0 3 5
0 39 43
0 1 0
3 0 5
1 25 119
0 1 0
1 34 218
1 17 135
0 1 0
3 0 2
0 5 6
0 1 0
1 3 17
1 24 150
0 1 0
3 0 1
1 32 65
0 1 0
3 0 2
0 18 24
0 1 0
0 35 56
1 50 277
0 1 0
1 49 271
1 48 248
0 1 0
1 4 22
0 13 16
0 1 0
3 0 4
2 0 6
0 1 0
1 18 72
3 0 8
0 1 0
0 28 39
0 38 43
0 1 0
3 0 2
1 41 268
0 1 0
2 0 2
3 0 0
0 1 0
0 18 12
2 0 8
0 1 0
0 19 17
3 0 2
0 1 0
3 0 9
3 0 9
0 1 0
1 9 30
4 0 354
0 1 0
0 32 19
3 0 0
0 1 0
1 33 179
1 23 72
0 1 0
0 20 14
1 14 97
0 1 0
1 24 87
4 0 409
0 1 0
2 0 9
3 0 2
0 1 0
1 40 150
2 0 1
0 1 0
0 30 33
0 39 51
0 1 0
4 0 378
1 14 76
0 1 0
2 0 6
1 16 39
0 1 0
1 24 109
4 0 362
0 1 0
1 16 58
1 16 75
0 1 0
3 0 4
1 43 192
0 1 0
0 50 34
2 0 5
0 1 0
0 39 54
3 0 10
0 1 0
2 0 6
1 48 477
0 1 0
1 42 152
0 35 23
0 1 0
1 6 29
2 0 3
0 1 0
1 48 335
4 0 567
0 1 0
0 6 7
2 0 0
0 1 0
3 0 9
2 0 8
0 1 0
2 0 6
1 30 98
0 1 0
4 0 724
2 0 0
0 1 0
1 45 197
3 0 10
0 1 0
0 38 41
4 0 332
0 1 0
1 29 176
2 0 5
0 1 0
0 5 5
0 17 20
0 1 0
0 49 39
3 0 5
0 1 0
4 0 921
1 6 32
0 1 0
2 0 4
1 36 170
0 1 0
4 0 796
4 0 672
0 1 0
1 46 189
0 17 22
0 1 0
4 0 754
3 0 4
0 1 0
0 6 5
0 50 71
0 1 0
1 36 111
0 39 58
0 1 0
1 24 149
1 22 54
0 1 0
1 42 370
2 0 9
0 1 0
1 47 195
0 31 49
0 1 0
3 0 2
1 15 73
0 1 0
4 0 952
3 0 8
0 1 0
1 6 35
0 33 46
0 1 0
4 0 559
0 24 46
0 1 0
2 0 6
0 49 63
0 1 0
3 0 9
3 0 6
0 1 0
3 0 6
2 0 10
0 1 0
3 0 3
1 19 21
0 1 0
0 3 3
2 0 1
0 1 0
0 26 25
0 34 5
0 1 0
0 12 10
1 35 119
0 1 0
1 1 6
2 0 3
0 1 0
1 4 17
1 38 213
0 1 0
3 0 5
1 49 279
0 1 0
1 47 384
4 0 604
0 1 0
0 10 7
2 0 3
0 1 0
1 32 141
0 14 7
0 1 0
2 0 3
0 33 26
