5 2 2 1000
41 54
24 26
244 227
6 5
4 5
30 34
31 80
11 12
8 9
154 229
11 12
8 11
45 58
49 48
174 237
166 94
16 18
5 6
9 7
22 21
143 133
24 27
180 118
21 47
17 20
133 125
58 32
17 13
9 15
162 82
18 16
125 144
74 150
5 6
7 8
11 11
7 7
7 10
56 47
6 4
13 8
106 114
87 88
95 110
236 242
6 5
6 7
14 30
123 97
19 20
20 20
197 248
41 40
22 25
63 45
5 6
8 11
213 297
35 50
45 32
115 97
30 33
59 66
17 12
139 145
112 129
21 27
84 110
54 43
10 18
250 197
23 27
23 18
24 15
55 44
13 17
5 2
7 13
7 11
30 28
177 194
50 63
19 28
5 4
43 68
50 47
27 27
185 127
12 14
35 29
28 17
57 52
113 73
42 57
69 127
82 125
160 148
75 75
25 14
24 32
55 39
47 43
82 85
5 4
8 5
68 54
17 23
80 113
90 54
72 114
7 4
19 28
13 10
10 7
18 22
14 15
17 16
20 15
37 36
183 194
11 13
22 24
7 11
59 43
157 95
89 182
6 5
224 165
13 8
224 204
21 15
96 199
89 149
65 57
7 5
26 36
57 87
26 34
56 70
21 23
26 13
28 47
83 72
14 9
46 34
18 32
89 80
98 206
39 35
218 128
60 57
154 192
27 31
26 35
22 19
79 69
30 20
47 45
214 264
16 21
29 24
9 6
5 6
107 176
212 178
28 26
5 3
21 21
23 24
151 68
8 10
72 77
5 6
21 21
63 117
65 62
76 79
43 42
11 22
4 2
4 5
115 216
66 84
4 3
20 21
36 57
6 4
59 43
7 6
10 7
4 4
53 48
8 18
104 69
9 10
80 41
17 17
239 188
6 8
173 139
132 177
113 49
38 48
47 28
127 261
12 10
14 8
27 29
183 185
99 116
67 66
68 67
6 10
174 165
10 7
93 73
29 33
70 55
4 4
20 22
27 32
5 4
4 3
4 4
7 9
123 80
180 290
10 10
14 12
11 16
16 23
71 67
13 13
216 188
134 132
7 8
25 15
24 21
32 35
22 27
32 27
127 136
7 4
57 37
69 75
4 6
54 58
57 53
8 11
18 16
31 26
37 50
66 42
177 281
66 58
241 304
62 54
13 22
46 40
25 24
7 6
78 57
21 14
14 15
11 12
117 98
45 46
20 14
66 132
16 30
21 16
34 29
79 96
31 23
237 147
166 168
21 15
20 35
26 24
136 129
62 83
6 12
25 20
17 13
11 9
40 42
47 35
23 21
116 176
204 222
9 7
31 34
92 112
246 363
40 49
36 37
6 8
97 137
7 6
33 52
61 48
10 9
8 7
176 244
149 156
19 14
141 91
43 27
5 3
13 14
88 76
113 104
166 154
4 4
69 63
104 89
144 169
19 22
52 84
5 5
26 18
169 122
7 11
127 142
98 110
12 14
75 60
30 27
143 171
15 19
132 178
6 5
36 45
21 36
190 413
19 15
34 42
109 69
21 33
9 8
23 14
111 152
32 33
126 186
6 7
72 74
39 35
221 163
227 226
209 183
53 39
23 11
187 322
25 38
47 68
32 33
18 18
110 93
55 72
26 27
80 57
135 184
28 25
50 59
10 15
10 12
19 32
226 130
71 49
160 176
56 67
63 64
34 31
46 61
7 10
115 73
33 33
23 20
36 28
18 24
55 42
41 73
44 32
37 47
61 40
38 67
8 5
5 4
88 119
5 3
23 22
110 97
163 176
79 75
140 112
234 167
15 20
54 78
156 115
29 27
34 21
92 174
33 37
55 50
97 94
34 23
44 34
158 290
4 3
14 17
17 22
123 87
65 46
7 6
7 4
56 58
7 22
7 6
39 36
176 178
6 3
98 128
79 62
33 37
134 88
85 107
112 154
112 91
79 79
92 112
6 8
81 67
102 31
5 3
229 136
33 34
5 6
158 193
21 13
143 250
72 39
7 3
16 21
7 9
118 145
5 4
126 93
5 3
8 9
7 7
4 6
33 18
219 285
8 7
119 195
18 18
62 84
21 17
6 6
25 35
9 11
26 16
55 54
4 3
7 7
17 28
4 4
9 9
84 73
4 6
16 12
45 48
17 18
176 175
6 3
4 6
21 27
15 7
16 12
32 23
55 32
5 4
24 29
22 34
7 5
13 7
18 15
64 42
5 9
161 113
176 139
163 86
10 10
168 148
17 19
62 60
9 6
7 8
99 185
17 17
5 4
9 7
73 125
21 22
240 286
21 18
125 98
238 103
5 5
46 49
15 8
30 50
209 190
17 9
167 121
13 11
24 24
13 19
198 181
242 348
89 144
33 22
129 264
39 27
47 30
75 80
158 115
17 16
171 151
9 7
17 17
31 24
51 44
26 25
4 5
5 10
4 4
209 190
50 33
211 327
16 18
253 212
24 21
84 84
45 51
122 112
22 15
7 8
195 140
93 63
14 13
7 6
41 26
18 14
240 161
94 251
68 101
41 67
12 16
4 5
48 45
216 210
182 189
5 4
5 6
24 32
5 3
236 147
175 155
37 40
194 308
21 22
93 79
163 177
90 76
44 48
26 17
103 69
13 9
11 22
106 108
5 4
47 27
13 6
12 15
69 48
7 2
162 118
23 28
33 35
73 80
18 23
39 61
54 82
24 34
211 261
14 10
5 7
17 23
116 81
82 89
19 17
22 24
13 25
10 9
82 58
57 52
22 16
28 42
36 27
38 30
8 7
67 87
18 17
57 47
7 6
13 14
13 14
232 213
62 53
149 161
61 47
180 141
55 51
166 303
36 43
125 70
8 6
195 138
9 7
9 12
57 52
15 18
170 102
19 30
75 88
17 16
93 64
35 45
52 62
76 62
148 76
166 155
24 12
10 11
226 187
10 17
219 184
250 179
26 32
5 4
192 198
175 182
7 9
129 125
54 53
166 234
16 9
73 97
115 115
25 37
37 26
64 79
164 156
6 6
186 192
6 5
79 167
21 20
23 19
17 24
9 9
6 6
38 58
173 186
5 6
8 6
10 11
23 16
127 174
8 5
53 27
7 8
6 7
13 9
170 123
116 79
16 12
217 301
224 306
181 155
11 19
13 7
6 12
16 15
21 15
38 18
128 97
107 245
225 411
14 14
5 5
29 26
5 5
11 9
23 26
10 20
206 165
51 32
6 14
10 7
24 20
8 7
16 8
179 158
8 10
102 87
69 43
14 13
18 24
72 94
11 19
5 5
8 10
44 53
248 227
24 23
78 114
83 134
25 19
9 10
7 4
33 38
10 12
95 80
158 98
22 28
7 6
88 135
33 18
39 51
22 13
5 6
45 45
4 5
8 12
6 4
212 177
27 15
60 60
25 27
38 44
10 15
7 7
8 7
5 4
7 7
9 15
71 67
4 4
165 214
16 22
8 5
12 10
38 56
5 4
126 123
10 10
46 30
4 5
12 14
170 175
117 94
32 27
59 49
39 32
6 5
166 417
27 22
55 68
22 38
69 72
12 10
11 9
162 149
35 27
7 9
9 12
33 40
32 23
33 36
13 10
10 12
10 7
22 16
164 332
11 8
20 33
5 4
4 6
25 18
22 13
56 87
215 200
197 226
15 22
13 16
130 140
4 3
18 19
252 260
250 247
15 17
77 168
222 211
9 6
8 8
79 72
18 34
201 186
15 21
7 8
19 30
48 38
7 6
5 4
30 35
16 37
14 19
94 121
8 8
18 16
118 142
38 50
173 144
61 112
7 7
43 34
31 56
45 53
110 123
12 13
255 398
16 13
112 93
120 104
68 68
21 23
108 74
4 4
35 27
9 6
10 9
24 19
6 10
72 53
11 9
34 38
4 5
43 65
8 7
11 17
11 10
47 41
129 60
21 24
120 72
5 4
6 7
61 51
74 115
138 113
14 7
120 192
189 190
5 8
39 42
19 34
189 182
19 12
99 84
7 5
175 144
16 22
30 23
149 145
42 41
28 30
27 24
7 9
143 112
111 83
5 6
73 83
23 33
125 164
12 10
117 89
33 52
51 50
17 26
8 8
112 80
40 53
132 75
96 93
132 101
248 324
9 12
200 259
6 4
9 6
77 95
29 26
120 87
26 27
183 219
11 7
23 16
20 29
23 55
40 31
10 14
72 141
5 3
186 153
15 19
107 111
239 278
84 67
14 9
43 30
24 29
58 57
8 7
145 145
9 16
11 10
41 58
90 90
16 13
36 50
6 5
44 26
54 48
178 178
4 3
62 71
9 8
67 43
197 106
13 10
100 131
22 29
9 13
15 44
20 19
111 87
8 9
85 108
6 4
103 113
52 54
5 3
122 134
5 4
41 25
4 5
49 48
80 108
18 27
156 123
160 198
101 119
15 9
25 28
71 152
120 89
11 15
38 31
38 40
12 31
45 25
6 5
12 11
200 156
29 31
100 79
124 124
6 7
115 93
164 160
69 56
6 3
21 16
5 3
235 231
20 35
21 9
26 12
11 15
33 60
33 31
63 60
13 12
14 17
132 150
43 26
59 54
4 5
207 143
119 339
21 17
6 8
53 77
76 148
114 240
36 41
15 14
6 11
171 232
48 70
4 4
54 48
180 232
105 46
9 11
13 27
156 135
22 26
27 34
21 28
90 108
5 9
41 58
4 3
18 13
7 10
26 41
30 40
7 6
10 6
53 67
36 37
16 17
48 42
72 79
116 129
129 117
50 64
17 12
5 5
23 24
15 12
154 254
129 81
17 35
17 17
13 12
5 9
89 57
67 75
8 4
8 10
92 94
218 214
12 19
38 33
10 12
63 79
14 19
243 128
7 8
147 174
74 45
134 124
65 57
37 22
13 16
14 11
19 14
4 4
28 22
175 206
14 18
170 165
57 57
26 26
37 21
10 8
5 5
5 4
11 21
65 99
12 18
18 26
43 36
17 15
187 232
246 318
103 136
5 6
15 15
118 116
114 150
160 71
40 51
132 121
34 22
14 9
23 18
6 6
11 12
20 22
9 7
9 8
40 47
25 33
59 76
7 6
79 105
4 4
9 9
15 17
5 4
177 95
10 7
51 34
6 7
5 7
46 38
32 32
163 184
18 22
5 4
6 4
83 89
58 48
8 7
7 8
7 6
21 11
4 4
202 185
14 7
19 11
8 9
35 22
4 3
7 4
17 14
12 16
62 80
41 43
12 20
41 48
4 6
70 83
137 85
66 50
13 10
229 315
22 26
64 65
5 2
79 55
40 39
45 55
35 17
154 439
89 107
199 98
21 19
11 6
11 7
20 19
4 7
47 59
230 481
4 3
56 58
29 20
8 18
172 232
134 123
5 4
223 295
20 18
31 36
53 72
19 15
69 114
7 9
10 6
4 4
86 67
206 240
35 26
5 3
5 6
7 8
74 70
230 316
80 136
32 36
253 154
34 22
25 34
6 7
102 44
52 25
141 202
12 11
100 98
8 10
9 9
105 112
198 223
19 17
31 24
15 12
5 5
179 159
46 32
190 336
59 36
13 10
54 47
50 56
8 8
101 95
75 89
217 917
7 9
78 76
167 246
59 60
86 83
198 259
112 118
47 41
12 15
11 9
44 56
31 22
182 101
104 76
252 488
204 146
9 11
33 71
52 70
11 12
22 25
10 6
60 86
9 6
192 231
88 87
37 46
10 9
19 29
18 15
18 20
43 51
52 40
169 142
5 4
7 6
9 13
31 46
5 5
53 61
6 4
75 75
57 47
53 114
114 112
8 7
12 28
12 9
6 5
34 27
173 270
30 23
9 7
81 157
6 5
30 28
140 90
68 50
9 11
8 5
116 82
122 94
6 3
7 8
37 42
194 110
6 7
44 29
9 9
23 17
5 6
188 339
98 51
10 3
79 62
5 5
6 5
28 14
8 5
80 59
197 209
134 104
14 16
4 5
135 123
33 41
251 147
201 155
66 37
153 187
25 26
23 25
13 10
112 112
21 27
108 75
7 8
136 137
77 137
9 12
56 60
55 32
5 3
44 24
66 55
9 7
103 105
23 27
18 8
10 8
17 15
59 43
12 8
5 6
139 186
41 54
21 18
255 225
5 3
48 55
25 16
231 159
160 258
65 120
206 129
4 3
36 38
5 3
15 21
19 14
9 5
15 18
126 170
30 22
26 59
196 118
78 67
26 30
44 35
95 177
9 10
12 10
19 19
168 143
176 250
6 5
87 91
4 10
23 26
20 21
50 78
99 87
28 30
155 127
11 16
13 8
49 47
168 112
4 5
256 263
7 10
37 43
23 15
5 6
168 78
15 28
151 114
15 26
26 52
28 17
93 88
61 85
19 26
9 16
231 121
155 169
181 163
30 34
153 155
87 86
106 110
140 80
235 425
36 48
35 23
239 277
18 13
6 5
7 8
27 33
60 81
36 46
240 179
47 43
96 151
6 6
64 103
219 196
6 8
95 96
12 9
27 37
52 28
230 233
18 38
236 259
17 18
234 322
125 205
14 17
4 3
115 121
10 13
73 56
103 84
39 43
5 5
164 231
87 119
60 89
19 18
130 122
19 19
7 8
172 97
83 83
11 9
20 30
9 8
206 312
15 26
197 274
5 2
6 4
7 4
49 56
221 231
5 5
42 54
6 9
5 4
17 17
22 35
5 4
87 63
46 51
54 92
11 12
106 172
64 36
125 88
83 78
5 3
4 4
6 9
59 97
6 8
171 234
97 162
5 3
237 284
6 2
64 68
62 51
149 122
183 168
6 5
219 190
10 8
40 32
16 12
41 29
120 106
4 3
14 20
210 235
11 16
71 40
62 40
5 3
17 12
5 6
28 33
18 24
19 14
40 61
183 244
26 17
12 20
29 23
196 237
255 206
37 52
27 22
63 66
44 40
5 6
128 130
5 5
84 116
74 50
246 300
32 25
41 42
191 167
28 16
32 62
4 3
5 3
132 84
16 24
73 51
8 9
115 161
10 11
5 4
7 5
24 26
14 25
15 21
19 14
31 18
174 115
253 130
112 234
118 127
200 125
71 90
62 51
89 103
97 73
50 40
32 64
5 9
14 10
207 291
18 22
8 11
21 19
152 120
9 8
53 42
10 9
75 38
14 24
9 6
5 8
220 230
41 54
64 76
5 4
12 18
189 204
15 10
37 35
26 40
25 79
8 10
24 16
150 135
7 7
51 45
148 245
148 97
8 13
235 361
21 19
78 54
41 39
41 44
5 9
75 130
246 385
208 258
24 37
16 10
9 10
131 117
20 17
34 33
4 4
30 37
10 10
6 5
9 8
168 95
10 23
37 31
35 24
5 5
24 30
15 15
23 16
61 55
123 109
61 115
158 147
40 35
45 39
51 54
86 68
53 47
149 152
26 29
61 47
10 12
21 24
219 132
60 27
31 32
193 171
24 31
5 6
174 141
6 6
60 28
6 5
8 6
216 432
20 30
9 10
26 41
28 30
19 27
7 11
87 99
97 111
196 136
11 14
5 4
7 8
13 13
106 55
63 43
8 6
51 70
23 19
155 225
25 14
6 8
138 172
21 18
144 88
5 7
24 13
25 14
5 4
191 217
193 206
125 172
13 13
33 30
35 22
41 43
150 170
211 167
22 20
6 5
113 96
62 52
127 112
152 147
30 36
117 125
136 116
108 76
9 8
6 11
21 43
11 32
4 5
118 105
21 11
16 29
33 37
36 28
4 6
58 65
12 14
175 169
19 13
62 45
6 3
6 7
119 108
11 8
9 6
4 3
7 9
9 10
69 45
5 5
101 120
206 110
30 24
68 48
138 115
240 197
19 17
5 3
93 114
129 86
121 86
20 14
42 58
17 21
187 254
21 27
60 40
118 139
209 214
19 14
201 150
123 116
245 180
43 36
35 31
77 124
28 38
46 62
26 21
10 17
252 410
43 46
153 174
48 63
34 55
12 11
10 20
62 144
35 16
6 6
145 148
218 222
179 213
6 4
34 39
62 68
216 270
97 107
35 25
10 10
33 24
26 13
175 174
81 81
102 105
26 25
23 21
152 94
71 70
5 6
46 40
8 9
19 16
16 18
11 15
8 6
95 108
4 2
21 27
12 11
205 182
37 53
5 4
27 30
15 9
8 7
5 4
8 7
6 7
25 14
7 6
18 15
25 45
8 8
95 107
7 8
152 78
33 21
9 9
151 136
19 14
10 10
97 63
9 9
90 72
10 7
47 55
16 14
43 28
20 31
38 31
17 14
24 28
13 26
13 19
126 94
4 3
13 17
135 114
4 4
15 15
138 134
8 13
10 8
16 13
4 3
6 8
17 15
153 149
12 14
220 247
29 46
119 144
7 7
23 56
152 120
4 3
124 60
204 181
6 9
90 110
64 28
8 14
217 172
5 7
98 83
148 185
19 20
92 96
138 162
167 183
60 52
20 22
131 106
114 151
65 87
10 4
25 28
49 39
35 37
227 292
25 45
99 76
13 14
240 464
37 65
9 14
6 3
197 165
19 14
31 14
21 25
110 120
56 37
76 91
5 8
76 145
52 109
201 448
124 124
5 6
16 20
13 23
8 11
28 24
5 6
7 6
9 11
11 12
15 9
55 50
12 12
153 144
33 30
5 6
8 17
8 6
172 227
27 28
12 15
33 28
6 4
8 7
101 105
10 11
22 18
10 18
73 102
160 154
63 67
165 151
9 14
44 31
25 32
17 15
10 7
10 9
10 9
13 27
49 43
143 123
7 8
36 40
194 246
248 301
8 7
36 25
200 295
33 25
29 40
177 168
116 103
93 74
52 44
95 79
64 109
7 9
4 3
53 26
6 5
248 155
49 48
16 11
33 66
8 6
15 26
69 81
22 27
65 56
4 3
164 134
15 21
19 23
21 34
78 63
6 4
45 58
6 8
209 294
7 11
87 195
6 7
10 5
49 49
79 90
4 3
66 50
207 383
8 8
59 103
99 171
85 172
29 66
23 27
14 10
99 104
41 33
96 66
30 32
5 5
31 50
8 12
6 5
82 61
5 5
13 16
112 117
2 0
4 0
3 0
0 15
0 8
0 1 0
0 5 2
0 1 0
2 0 6
0 1 0
1 43 96
0 1 0
0 21 36
0 1 0
2 0 10
0 1 0
1 32 31
0 1 0
0 48 56
0 1 0
0 26 27
0 1 0
1 46 56
0 1 0
0 48 68
0 1 0
0 21 7
0 1 0
1 37 91
0 1 0
0 15 16
0 1 0
2 0 9
0 1 0
0 36 53
0 1 0
0 28 35
0 1 0
2 0 9
0 1 0
2 0 9
0 1 0
0 36 27
0 1 0
0 17 10
0 1 0
2 0 10
0 1 0
1 42 58
0 1 0
0 27 32
0 1 0
0 35 15
0 1 0
0 31 41
0 1 0
1 50 96
0 1 0
4 0 407
0 1 0
2 0 0
0 1 0
0 14 16
0 1 0
4 0 927
0 1 0
2 0 3
0 1 0
0 43 54
0 1 0
2 0 8
0 1 0
0 21 26
0 1 0
1 35 65
0 1 0
0 23 23
0 1 0
0 31 32
0 1 0
2 0 4
0 1 0
3 0 5
0 1 0
0 47 50
0 1 0
1 3 3
0 1 0
2 0 7
0 1 0
3 0 7
0 1 0
1 49 48
0 1 0
2 0 6
0 1 0
2 0 5
0 1 0
0 34 35
0 1 0
0 19 17
0 1 0
0 23 25
0 1 0
1 36 119
0 1 0
0 11 17
0 1 0
2 0 7
0 1 0
0 17 10
0 1 0
3 0 8
0 1 0
3 0 6
0 1 0
0 48 32
0 1 0
0 13 6
0 1 0
0 39 25
0 1 0
0 33 40
0 1 0
0 42 36
0 1 0
4 0 991
0 1 0
4 0 857
0 1 0
0 27 24
0 1 0
0 16 12
0 1 0
0 38 42
0 1 0
4 0 613
0 1 0
0 25 23
0 1 0
3 0 4
0 1 0
4 0 900
0 1 0
2 0 4
0 1 0
1 28 55
0 1 0
1 32 95
0 1 0
3 0 9
0 1 0
1 44 67
0 1 0
0 21 13
0 1 0
1 22 70
0 1 0
0 39 16
0 1 0
1 43 72
0 1 0
2 0 10
0 1 0
2 0 9
0 1 0
4 0 395
0 1 0
3 0 7
0 1 0
2 0 7
0 1 0
1 12 17
0 1 0
0 16 14
0 1 0
0 20 15
0 1 0
0 50 19
0 1 0
0 22 18
0 1 0
0 36 40
0 1 0
0 1 1
0 1 0
0 40 42
0 1 0
2 0 3
0 1 0
0 11 6
0 1 0
0 50 44
0 1 0
0 29 28
0 1 0
2 0 4
0 1 0
0 14 12
0 1 0
2 0 10
0 1 0
2 0 5
0 1 0
1 39 117
0 1 0
1 44 87
0 1 0
2 0 8
0 1 0
4 0 984
0 1 0
0 22 34
0 1 0
2 0 10
0 1 0
1 12 19
0 1 0
0 1 1
0 1 0
2 0 4
0 1 0
0 28 22
0 1 0
2 0 9
0 1 0
4 0 647
0 1 0
1 30 41
0 1 0
0 2 2
0 1 0
0 26 24
0 1 0
0 32 25
0 1 0
0 13 14
0 1 0
0 7 8
0 1 0
0 48 50
0 1 0
0 42 46
0 1 0
2 0 0
0 1 0
2 0 2
0 1 0
0 24 19
0 1 0
2 0 0
0 1 0
0 3 4
0 1 0
0 45 55
0 1 0
2 0 5
0 1 0
0 13 22
0 1 0
3 0 2
0 1 0
0 46 31
0 1 0
2 0 7
0 1 0
0 9 3
0 1 0
2 0 4
0 1 0
0 28 31
0 1 0
2 0 7
0 1 0
0 45 49
0 1 0
0 5 5
0 1 0
1 39 65
0 1 0
1 20 55
0 1 0
2 0 10
0 1 0
0 8 12
0 1 0
1 19 35
0 1 0
4 0 931
0 1 0
1 45 68
0 1 0
3 0 3
0 1 0
0 18 18
0 1 0
0 37 37
0 1 0
2 0 3
0 1 0
0 8 9
0 1 0
0 43 43
0 1 0
0 14 15
0 1 0
0 48 55
0 1 0
1 29 58
0 1 0
2 0 3
0 1 0
2 0 2
0 1 0
0 1 1
0 1 0
3 0 3
0 1 0
0 4 5
0 1 0
2 0 3
0 1 0
0 10 11
0 1 0
1 32 58
0 1 0
1 25 47
0 1 0
0 28 34
0 1 0
0 45 65
0 1 0
2 0 7
0 1 0
2 0 3
0 1 0
1 20 16
0 1 0
3 0 5
0 1 0
3 0 4
0 1 0
0 10 10
0 1 0
2 0 7
0 1 0
1 23 60
0 1 0
0 28 9
0 1 0
2 0 7
0 1 0
1 4 6
0 1 0
3 0 10
0 1 0
2 0 7
0 1 0
1 48 111
0 1 0
0 27 22
0 1 0
2 0 8
0 1 0
0 40 50
0 1 0
0 31 37
0 1 0
0 41 35
0 1 0
0 15 14
0 1 0
2 0 7
0 1 0
2 0 3
0 1 0
4 0 879
0 1 0
2 0 2
0 1 0
1 41 94
0 1 0
0 16 19
0 1 0
2 0 8
0 1 0
0 8 12
0 1 0
2 0 8
0 1 0
0 1 1
0 1 0
0 43 35
0 1 0
0 7 5
0 1 0
0 9 10
0 1 0
0 11 7
0 1 0
0 19 23
0 1 0
4 0 580
0 1 0
0 50 43
0 1 0
0 2 2
0 1 0
0 45 31
0 1 0
0 21 23
0 1 0
0 4 3
0 1 0
2 0 10
0 1 0
1 43 73
0 1 0
1 25 84
0 1 0
1 22 46
0 1 0
2 0 5
0 1 0
2 0 3
0 1 0
2 0 3
0 1 0
0 3 2
0 1 0
1 16 16
0 1 0
0 34 17
0 1 0
1 23 41
0 1 0
0 13 13
0 1 0
2 0 4
0 1 0
4 0 263
0 1 0
2 0 8
0 1 0
2 0 7
0 1 0
3 0 2
0 1 0
0 46 60
0 1 0
2 0 2
0 1 0
1 50 79
0 1 0
0 48 55
0 1 0
0 8 1
0 1 0
1 3 3
0 1 0
0 30 18
0 1 0
2 0 6
0 1 0
0 6 6
0 1 0
0 30 21
0 1 0
0 28 29
0 1 0
0 4 5
0 1 0
2 0 6
0 1 0
0 47 54
0 1 0
4 0 836
0 1 0
0 5 6
0 1 0
0 19 15
0 1 0
0 1 1
0 1 0
1 19 18
0 1 0
0 9 10
0 1 0
3 0 3
0 1 0
0 24 7
0 1 0
2 0 3
0 1 0
1 35 68
0 1 0
0 5 6
0 1 0
0 45 53
0 1 0
0 26 27
0 1 0
1 3 2
0 1 0
0 9 6
0 1 0
2 0 0
0 1 0
1 6 9
0 1 0
1 49 60
0 1 0
1 26 93
0 1 0
2 0 9
0 1 0
2 0 8
0 1 0
2 0 2
0 1 0
2 0 4
0 1 0
0 24 28
0 1 0
2 0 10
0 1 0
1 22 31
0 1 0
0 28 42
0 1 0
1 25 31
0 1 0
0 48 41
0 1 0
0 15 21
0 1 0
0 27 44
0 1 0
3 0 10
0 1 0
0 46 60
0 1 0
1 39 84
0 1 0
0 37 30
0 1 0
3 0 5
0 1 0
0 7 8
0 1 0
2 0 5
0 1 0
1 50 77
0 1 0
0 49 31
0 1 0
0 4 4
0 1 0
0 44 57
0 1 0
0 25 20
0 1 0
2 0 10
0 1 0
0 47 46
0 1 0
0 36 43
0 1 0
0 27 38
0 1 0
0 11 7
0 1 0
1 47 95
0 1 0
2 0 1
0 1 0
1 1 2
0 1 0
0 12 18
0 1 0
0 17 17
0 1 0
0 12 13
0 1 0
4 0 422
0 1 0
1 49 134
0 1 0
0 40 53
0 1 0
2 0 1
0 1 0
3 0 4
0 1 0
0 32 30
0 1 0
0 45 78
0 1 0
0 20 15
0 1 0
0 2 3
0 1 0
0 1 1
0 1 0
2 0 0
0 1 0
0 16 19
0 1 0
2 0 10
0 1 0
0 36 47
0 1 0
2 0 8
0 1 0
0 2 2
0 1 0
2 0 10
0 1 0
2 0 9
0 1 0
0 21 21
0 1 0
2 0 5
0 1 0
2 0 2
0 1 0
2 0 3
0 1 0
2 0 4
0 1 0
0 4 4
0 1 0
3 0 9
0 1 0
2 0 9
0 1 0
0 25 29
0 1 0
0 16 9
0 1 0
0 17 18
0 1 0
0 13 13
0 1 0
0 49 58
0 1 0
0 43 39
0 1 0
0 1 1
0 1 0
2 0 3
0 1 0
0 14 13
0 1 0
0 35 17
0 1 0
0 14 13
0 1 0
0 1 1
0 1 0
3 0 2
0 1 0
1 46 137
0 1 0
0 40 27
0 1 0
0 16 15
0 1 0
0 41 36
0 1 0
0 47 29
0 1 0
0 24 14
0 1 0
1 9 17
0 1 0
0 46 29
0 1 0
2 0 3
0 1 0
2 0 4
0 1 0
0 22 26
0 1 0
1 49 96
0 1 0
0 42 53
0 1 0
2 0 1
0 1 0
2 0 7
0 1 0
1 12 29
0 1 0
0 34 36
0 1 0
0 7 9
0 1 0
0 13 8
0 1 0
0 26 24
0 1 0
1 31 47
0 1 0
2 0 6
0 1 0
3 0 0
0 1 0
0 35 39
0 1 0
1 5 15
0 1 0
0 38 30
0 1 0
0 36 58
0 1 0
0 31 40
0 1 0
3 0 8
0 1 0
4 0 910
0 1 0
0 8 6
0 1 0
0 31 25
0 1 0
4 0 574
0 1 0
2 0 10
0 1 0
1 6 11
0 1 0
0 10 5
0 1 0
0 47 59
0 1 0
0 3 4
0 1 0
0 25 44
0 1 0
1 23 49
0 1 0
0 19 18
0 1 0
0 24 27
0 1 0
0 29 23
0 1 0
0 20 24
0 1 0
3 0 1
0 1 0
4 0 607
0 1 0
2 0 0
0 1 0
2 0 5
0 1 0
0 6 7
0 1 0
0 50 58
0 1 0
4 0 214
0 1 0
0 31 14
0 1 0
0 38 28
0 1 0
2 0 4
0 1 0
1 44 40
0 1 0
0 21 10
0 1 0
0 33 28
0 1 0
0 16 24
0 1 0
0 14 17
0 1 0
1 17 48
0 1 0
0 39 63
0 1 0
1 5 12
0 1 0
0 24 34
0 1 0
1 30 84
0 1 0
0 19 16
0 1 0
0 13 15
0 1 0
0 38 33
0 1 0
1 14 36
0 1 0
2 0 2
0 1 0
3 0 7
0 1 0
0 18 12
0 1 0
1 42 108
0 1 0
2 0 4
0 1 0
0 47 53
0 1 0
0 6 4
0 1 0
2 0 4
0 1 0
0 14 15
0 1 0
1 18 56
0 1 0
0 33 47
0 1 0
4 0 974
0 1 0
1 1 2
0 1 0
0 17 21
0 1 0
0 19 34
0 1 0
1 46 85
0 1 0
2 0 1
0 1 0
0 2 2
0 1 0
1 39 59
0 1 0
1 42 81
0 1 0
3 0 1
0 1 0
4 0 464
0 1 0
0 40 33
0 1 0
3 0 2
0 1 0
3 0 9
0 1 0
0 46 22
0 1 0
3 0 1
0 1 0
0 47 59
0 1 0
0 4 4
0 1 0
0 39 15
0 1 0
3 0 3
0 1 0
0 33 7
0 1 0
0 34 35
0 1 0
4 0 731
0 1 0
0 34 34
0 1 0
0 10 14
0 1 0
2 0 4
0 1 0
0 32 20
0 1 0
0 24 26
0 1 0
0 9 13
0 1 0
2 0 3
0 1 0
0 7 9
0 1 0
3 0 4
0 1 0
4 0 314
0 1 0
0 1 1
0 1 0
2 0 8
0 1 0
1 25 41
0 1 0
4 0 334
0 1 0
0 24 10
0 1 0
0 20 18
0 1 0
2 0 3
0 1 0
0 36 36
0 1 0
0 31 41
0 1 0
0 5 5
0 1 0
2 0 2
0 1 0
0 43 30
0 1 0
1 44 85
0 1 0
2 0 2
0 1 0
0 8 7
0 1 0
3 0 2
0 1 0
0 26 19
0 1 0
2 0 3
0 1 0
1 36 130
0 1 0
1 26 30
0 1 0
0 12 17
0 1 0
0 17 26
0 1 0
0 48 25
0 1 0
0 29 31
0 1 0
2 0 5
0 1 0
1 20 28
0 1 0
1 40 58
0 1 0
0 3 3
0 1 0
0 34 30
0 1 0
1 3 5
0 1 0
3 0 0
0 1 0
2 0 6
0 1 0
1 25 31
0 1 0
0 39 42
0 1 0
0 3 4
0 1 0
1 2 3
0 1 0
0 11 12
0 1 0
0 31 11
0 1 0
4 0 901
0 1 0
3 0 7
0 1 0
0 24 29
0 1 0
0 27 13
0 1 0
0 11 12
0 1 0
0 46 46
0 1 0
0 34 34
0 1 0
0 45 42
0 1 0
0 35 59
0 1 0
0 41 35
0 1 0
0 3 3
0 1 0
0 10 12
0 1 0
0 4 4
0 1 0
0 45 56
0 1 0
0 2 3
0 1 0
2 0 6
0 1 0
0 38 47
0 1 0
2 0 8
0 1 0
0 11 11
0 1 0
1 40 88
0 1 0
0 21 27
0 1 0
1 38 73
0 1 0
3 0 1
0 1 0
1 34 63
0 1 0
3 0 10
0 1 0
3 0 2
0 1 0
3 0 5
0 1 0
0 5 3
0 1 0
2 0 7
0 1 0
0 23 22
0 1 0
0 6 4
0 1 0
0 23 24
0 1 0
0 34 39
0 1 0
0 42 69
0 1 0
1 46 116
0 1 0
1 16 21
0 1 0
0 43 63
0 1 0
0 37 32
0 1 0
1 4 10
0 1 0
1 12 15
0 1 0
0 13 17
0 1 0
2 0 7
0 1 0
2 0 3
0 1 0
0 44 67
0 1 0
2 0 10
0 1 0
0 25 24
0 1 0
0 19 19
0 1 0
2 0 2
0 1 0
0 22 20
0 1 0
0 43 45
0 1 0
2 0 6
0 1 0
2 0 7
0 1 0
2 0 1
0 1 0
0 46 45
0 1 0
0 34 51
0 1 0
0 2 3
0 1 0
3 0 10
0 1 0
2 0 5
0 1 0
0 10 8
0 1 0
0 1 1
0 1 0
2 0 3
0 1 0
4 0 434
0 1 0
0 33 39
0 1 0
0 27 26
0 1 0
0 9 11
0 1 0
1 37 75
0 1 0
4 0 299
0 1 0
2 0 6
0 1 0
2 0 8
0 1 0
2 0 9
0 1 0
0 37 25
0 1 0
3 0 6
0 1 0
1 12 36
0 1 0
0 12 2
0 1 0
0 3 2
0 1 0
0 35 35
0 1 0
0 43 33
0 1 0
0 7 10
0 1 0
3 0 10
0 1 0
2 0 1
0 1 0
3 0 3
0 1 0
0 15 10
0 1 0
0 46 61
0 1 0
0 24 24
0 1 0
1 50 104
0 1 0
0 4 5
0 1 0
2 0 5
0 1 0
2 0 8
0 1 0
1 32 65
0 1 0
0 18 18
0 1 0
2 0 6
0 1 0
3 0 0
0 1 0
1 4 9
0 1 0
2 0 6
0 1 0
0 24 25
0 1 0
3 0 3
0 1 0
2 0 0
0 1 0
2 0 9
0 1 0
1 26 89
0 1 0
0 27 22
0 1 0
0 41 40
0 1 0
0 34 26
0 1 0
4 0 909
0 1 0
1 15 26
0 1 0
0 8 9
0 1 0
2 0 9
0 1 0
3 0 7
0 1 0
2 0 4
0 1 0
4 0 729
0 1 0
0 7 9
0 1 0
1 23 13
0 1 0
0 25 22
0 1 0
1 43 13
0 1 0
1 37 81
0 1 0
3 0 7
0 1 0
4 0 884
0 1 0
2 0 1
0 1 0
0 2 2
0 1 0
1 24 43
0 1 0
0 38 42
0 1 0
1 9 24
0 1 0
0 34 50
0 1 0
0 19 13
0 1 0
1 30 77
0 1 0
0 47 39
0 1 0
0 47 56
0 1 0
1 24 52
0 1 0
0 29 30
0 1 0
0 15 18
0 1 0
0 31 38
0 1 0
0 13 12
0 1 0
3 0 5
0 1 0
1 33 26
0 1 0
0 38 39
0 1 0
1 36 56
0 1 0
1 2 4
0 1 0
4 0 742
0 1 0
3 0 3
0 1 0
2 0 2
0 1 0
1 50 76
0 1 0
4 0 237
0 1 0
1 24 64
0 1 0
0 2 2
0 1 0
2 0 1
0 1 0
0 29 33
0 1 0
2 0 8
0 1 0
0 13 19
0 1 0
1 44 152
0 1 0
4 0 324
0 1 0
0 28 23
0 1 0
3 0 7
0 1 0
3 0 5
0 1 0
4 0 400
0 1 0
0 14 13
0 1 0
0 25 39
0 1 0
1 48 91
0 1 0
0 19 22
0 1 0
2 0 9
0 1 0
3 0 8
0 1 0
0 49 60
0 1 0
0 16 12
0 1 0
1 21 47
0 1 0
4 0 664
0 1 0
1 13 31
0 1 0
0 44 55
0 1 0
4 0 993
0 1 0
2 0 0
0 1 0
2 0 3
0 1 0
0 1 1
0 1 0
0 39 42
0 1 0
0 50 55
0 1 0
1 11 23
0 1 0
2 0 10
0 1 0
2 0 8
0 1 0
0 8 9
0 1 0
0 41 36
0 1 0
0 8 10
0 1 0
1 27 44
0 1 0
0 24 28
0 1 0
0 40 34
0 1 0
1 17 46
0 1 0
3 0 5
0 1 0
0 26 15
0 1 0
0 29 20
0 1 0
1 9 13
0 1 0
2 0 4
0 1 0
0 44 35
0 1 0
3 0 4
0 1 0
0 31 21
0 1 0
1 43 90
0 1 0
0 46 57
0 1 0
0 14 15
0 1 0
1 5 12
0 1 0
2 0 0
0 1 0
1 41 53
0 1 0
3 0 7
0 1 0
0 32 32
0 1 0
0 38 37
0 1 0
4 0 466
0 1 0
0 28 16
0 1 0
0 47 48
0 1 0
0 1 1
0 1 0
1 31 74
0 1 0
0 17 12
0 1 0
1 12 25
0 1 0
0 44 47
0 1 0
0 24 30
0 1 0
1 19 25
0 1 0
0 27 18
0 1 0
2 0 1
0 1 0
1 34 65
0 1 0
2 0 7
0 1 0
0 7 6
0 1 0
0 23 25
0 1 0
2 0 1
0 1 0
1 47 76
0 1 0
2 0 4
0 1 0
2 0 9
0 1 0
4 0 771
0 1 0
1 2 5
0 1 0
0 6 6
0 1 0
0 40 28
0 1 0
0 35 49
0 1 0
0 37 19
0 1 0
4 0 357
0 1 0
2 0 0
0 1 0
2 0 7
0 1 0
2 0 1
0 1 0
3 0 9
0 1 0
2 0 4
0 1 0
1 37 42
0 1 0
3 0 4
0 1 0
2 0 7
0 1 0
0 17 14
0 1 0
1 25 41
0 1 0
0 19 18
0 1 0
1 50 126
0 1 0
2 0 6
0 1 0
4 0 308
0 1 0
0 15 13
0 1 0
2 0 7
0 1 0
4 0 756
0 1 0
4 0 683
0 1 0
0 44 56
0 1 0
2 0 3
0 1 0
0 8 4
0 1 0
1 45 31
0 1 0
0 8 8
0 1 0
2 0 7
0 1 0
2 0 9
0 1 0
4 0 840
0 1 0
2 0 9
0 1 0
0 39 39
0 1 0
2 0 10
0 1 0
0 44 60
0 1 0
1 3 4
0 1 0
3 0 6
0 1 0
2 0 1
0 1 0
0 43 57
0 1 0
1 47 112
0 1 0
0 33 22
0 1 0
0 41 56
0 1 0
0 10 12
0 1 0
2 0 1
0 1 0
0 46 59
0 1 0
2 0 8
0 1 0
0 11 4
0 1 0
0 6 8
0 1 0
0 10 15
0 1 0
0 44 38
0 1 0
1 38 84
0 1 0
1 16 45
0 1 0
0 13 13
0 1 0
2 0 7
0 1 0
2 0 3
0 1 0
2 0 3
0 1 0
0 7 11
0 1 0
4 0 383
0 1 0
0 41 37
0 1 0
0 37 22
0 1 0
1 12 13
0 1 0
2 0 3
0 1 0
0 17 10
0 1 0
0 41 72
0 1 0
0 9 12
0 1 0
2 0 1
0 1 0
0 17 9
0 1 0
2 0 6
0 1 0
1 23 31
0 1 0
1 41 125
0 1 0
4 0 961
0 1 0
0 50 31
0 1 0
2 0 1
0 1 0
0 14 17
0 1 0
0 43 40
0 1 0
0 20 23
0 1 0
0 34 46
0 1 0
0 1 1
0 1 0
0 21 28
0 1 0
2 0 6
0 1 0
1 27 44
0 1 0
0 19 26
0 1 0
1 25 27
0 1 0
0 32 34
0 1 0
1 47 86
0 1 0
0 42 59
0 1 0
1 48 93
0 1 0
3 0 6
0 1 0
2 0 0
0 1 0
2 0 4
0 1 0
0 19 32
0 1 0
0 13 17
0 1 0
4 0 343
0 1 0
0 27 36
0 1 0
1 5 13
0 1 0
0 35 46
0 1 0
1 25 60
0 1 0
1 46 40
0 1 0
0 12 7
0 1 0
0 4 4
0 1 0
2 0 3
0 1 0
0 28 24
0 1 0
1 38 99
0 1 0
2 0 5
0 1 0
0 17 11
0 1 0
0 40 42
0 1 0
0 4 4
0 1 0
0 42 72
0 1 0
2 0 10
0 1 0
1 29 42
0 1 0
4 0 431
0 1 0
0 3 4
0 1 0
2 0 8
0 1 0
3 0 0
0 1 0
2 0 3
0 1 0
2 0 1
0 1 0
2 0 2
0 1 0
0 16 13
0 1 0
4 0 883
0 1 0
0 17 14
0 1 0
1 14 49
0 1 0
3 0 7
0 1 0
2 0 0
0 1 0
1 46 135
0 1 0
0 25 34
0 1 0
4 0 963
0 1 0
1 20 30
0 1 0
2 0 7
0 1 0
0 45 41
0 1 0
0 17 17
0 1 0
0 45 68
0 1 0
3 0 6
0 1 0
2 0 9
0 1 0
2 0 1
0 1 0
0 12 15
0 1 0
2 0 0
0 1 0
3 0 5
0 1 0
0 7 10
0 1 0
4 0 975
0 1 0
3 0 8
0 1 0
2 0 10
0 1 0
0 38 40
0 1 0
0 28 41
0 1 0
1 19 27
0 1 0
0 24 21
0 1 0
0 40 30
0 1 0
0 39 35
0 1 0
0 9 6
0 1 0
0 20 14
0 1 0
1 33 60
0 1 0
0 12 17
0 1 0
4 0 374
0 1 0
0 46 56
0 1 0
0 30 14
0 1 0
0 33 33
0 1 0
4 0 926
0 1 0
0 38 53
0 1 0
3 0 7
0 1 0
1 2 4
0 1 0
2 0 8
0 1 0
0 48 50
0 1 0
2 0 1
0 1 0
2 0 6
0 1 0
1 13 19
0 1 0
1 32 104
0 1 0
0 27 17
0 1 0
4 0 874
0 1 0
0 48 22
0 1 0
2 0 10
0 1 0
0 33 32
0 1 0
0 37 56
0 1 0
0 34 42
0 1 0
1 44 96
0 1 0
2 0 2
0 1 0
1 22 45
0 1 0
3 0 5
0 1 0
2 0 3
0 1 0
0 15 13
0 1 0
0 1 1
0 1 0
1 9 19
0 1 0
2 0 5
0 1 0
0 2 1
0 1 0
3 0 0
0 1 0
0 23 25
0 1 0
1 5 15
0 1 0
2 0 9
0 1 0
1 8 12
0 1 0
0 43 72
0 1 0
1 18 23
0 1 0
3 0 3
0 1 0
3 0 1
0 1 0
1 37 54
0 1 0
0 30 42
0 1 0
0 37 32
0 1 0
0 25 13
0 1 0
2 0 5
0 1 0
1 5 12
0 1 0
0 27 29
0 1 0
1 35 58
0 1 0
1 31 72
0 1 0
2 0 10
0 1 0
2 0 8
0 1 0
0 33 49
0 1 0
1 21 32
0 1 0
1 12 23
0 1 0
1 48 131
0 1 0
2 0 6
0 1 0
1 6 15
0 1 0
2 0 5
0 1 0
0 16 18
0 1 0
4 0 548
0 1 0
2 0 3
0 1 0
2 0 1
0 1 0
0 15 14
0 1 0
2 0 3
0 1 0
1 11 13
0 1 0
1 16 34
0 1 0
1 41 66
0 1 0
0 1 1
0 1 0
2 0 1
0 1 0
0 28 44
0 1 0
0 12 9
0 1 0
2 0 2
0 1 0
0 25 27
0 1 0
0 12 8
0 1 0
2 0 0
0 1 0
2 0 8
0 1 0
0 26 27
0 1 0
0 39 33
0 1 0
0 25 26
0 1 0
0 34 44
0 1 0
1 50 154
0 1 0
2 0 4
0 1 0
0 15 9
0 1 0
2 0 10
0 1 0
1 7 14
0 1 0
0 33 34
0 1 0
0 49 27
0 1 0
1 43 67
0 1 0
1 27 59
0 1 0
2 0 5
0 1 0
0 3 2
0 1 0
0 16 20
0 1 0
2 0 5
0 1 0
0 47 29
0 1 0
1 20 29
0 1 0
0 9 11
0 1 0
0 28 27
0 1 0
0 39 34
0 1 0
0 50 42
0 1 0
2 0 2
0 1 0
4 0 744
0 1 0
3 0 3
0 1 0
2 0 9
0 1 0
1 27 102
0 1 0
3 0 2
0 1 0
2 0 7
0 1 0
0 3 3
0 1 0
0 10 12
0 1 0
0 45 44
0 1 0
0 16 11
0 1 0
1 23 42
0 1 0
0 26 24
0 1 0
1 35 68
0 1 0
3 0 3
0 1 0
2 0 0
0 1 0
4 0 789
0 1 0
1 29 44
0 1 0
3 0 7
0 1 0
2 0 2
0 1 0
1 12 15
0 1 0
0 46 29
0 1 0
0 9 4
0 1 0
0 45 33
0 1 0
1 42 51
0 1 0
0 44 43
0 1 0
0 4 2
0 1 0
0 26 23
0 1 0
0 47 42
0 1 0
1 25 60
0 1 0
0 44 43
0 1 0
2 0 1
0 1 0
2 0 10
0 1 0
2 0 9
0 1 0
1 36 43
0 1 0
2 0 9
0 1 0
4 0 771
0 1 0
0 1 1
0 1 0
0 1 1
0 1 0
1 15 24
0 1 0
1 34 60
0 1 0
0 49 37
0 1 0
2 0 4
0 1 0
0 30 41
0 1 0
2 0 1
0 1 0
0 18 32
0 1 0
0 14 5
0 1 0
0 16 12
0 1 0
4 0 356
0 1 0
1 40 83
0 1 0
2 0 10
0 1 0
0 9 11
