5 3 4 1000
52 39
53 56
112 70
18 14
11 23
46 43
22 63
5 7
56 43
8 9
33 38
69 65
5 8
16 29
81 84
24 39
6 5
12 11
69 46
54 106
6 9
9 10
237 227
18 26
8 5
20 22
38 34
24 23
5 7
5 6
218 271
10 5
113 111
16 18
7 4
19 11
193 179
180 185
47 38
36 28
145 203
8 5
9 9
11 6
8 7
8 13
19 21
29 35
24 22
11 16
6 10
80 64
79 156
29 24
137 87
201 193
139 65
15 19
6 4
41 44
16 22
112 181
68 70
50 48
87 61
4 4
218 195
97 85
208 173
25 19
171 221
12 13
118 60
180 123
13 11
12 19
13 18
221 263
10 9
246 275
7 10
16 8
64 46
4 3
5 8
7 10
73 52
167 108
6 7
102 111
154 164
4 3
24 13
53 58
24 36
12 11
7 8
132 101
210 227
5 3
5 12
13 16
5 3
4 8
6 5
7 7
51 90
6 5
11 8
45 61
22 30
198 229
203 178
11 11
24 23
7 6
44 33
10 5
7 9
8 8
16 18
36 43
32 43
44 44
45 55
65 56
15 14
19 26
9 5
28 28
33 19
24 37
13 10
52 82
35 32
17 39
27 35
17 10
18 22
254 304
7 6
8 6
174 180
11 8
105 63
231 161
27 18
235 202
121 189
23 15
58 55
6 3
12 8
81 90
80 108
13 16
241 249
45 38
83 75
10 6
7 6
20 17
41 12
201 182
73 62
18 19
115 100
81 50
12 10
6 4
12 24
11 6
35 27
25 21
6 5
243 266
25 29
112 89
86 111
20 20
43 48
4 5
9 9
11 8
26 15
19 8
236 236
46 50
33 24
239 167
252 213
16 16
14 8
193 178
39 80
56 58
53 64
38 37
37 35
6 9
80 60
111 108
102 81
158 110
229 128
105 65
254 212
10 23
58 32
59 140
25 27
234 188
5 3
8 6
35 30
15 32
45 36
58 66
18 18
21 24
126 108
8 7
8 6
7 9
54 29
5 5
49 84
6 3
4 5
176 134
86 70
9 5
254 445
47 32
18 20
20 32
5 4
69 52
240 210
41 41
19 29
5 3
206 150
6 9
6 10
5 6
252 136
51 61
218 198
137 115
7 6
30 31
5 7
36 31
59 49
26 51
7 7
12 22
32 46
106 89
245 413
75 58
4 5
16 20
7 8
6 5
4 4
5 6
43 31
91 82
40 58
51 48
63 54
15 28
8 6
191 361
20 19
84 79
8 15
16 12
10 6
29 15
29 23
6 4
219 156
4 3
5 5
39 44
129 154
19 13
8 10
140 244
126 98
43 36
141 173
27 18
18 28
61 49
14 9
25 13
89 53
30 14
5 4
199 257
26 29
5 4
22 17
76 60
7 8
9 10
23 19
7 5
167 169
125 85
80 95
121 145
48 46
64 91
5 5
90 74
12 7
26 26
16 19
18 21
30 46
25 36
5 3
41 47
8 16
5 16
14 8
7 11
8 8
7 6
7 7
16 10
4 4
9 18
12 15
15 15
96 75
6 4
73 82
12 8
9 7
120 67
35 66
8 5
22 21
15 28
14 10
22 19
16 24
129 201
38 47
106 132
120 170
4 3
39 29
58 98
24 25
4 4
27 41
16 31
5 5
5 8
7 15
40 58
244 179
140 181
50 97
15 11
86 102
14 14
162 162
54 39
26 15
68 30
63 79
6 10
167 196
69 68
241 361
60 38
231 121
64 72
9 8
46 37
100 73
143 149
8 7
24 14
34 36
201 170
6 7
113 60
6 9
11 7
7 10
34 27
82 61
13 12
5 5
78 57
41 21
5 4
38 39
4 5
26 37
27 54
44 53
24 16
125 101
46 101
6 5
22 30
38 74
21 45
74 87
73 39
194 232
5 3
161 205
4 4
28 19
28 34
43 63
21 23
7 4
152 165
65 72
13 13
11 7
114 94
69 97
30 34
14 19
180 149
21 24
71 70
66 48
6 5
15 23
207 210
12 18
64 62
26 31
54 36
4 4
95 77
50 66
155 140
194 235
69 131
20 24
8 3
5 7
51 43
11 7
201 132
49 57
43 35
101 116
58 74
42 43
28 28
15 15
16 15
14 14
10 6
67 48
7 10
72 66
98 93
5 5
86 117
124 86
15 13
44 48
21 22
154 133
8 7
10 7
8 7
196 327
92 116
5 5
207 170
14 21
148 100
65 54
17 14
6 6
13 9
21 31
49 95
33 44
23 33
123 112
126 64
31 33
5 5
27 23
38 54
22 21
150 164
4 2
8 7
5 5
17 16
114 111
27 31
17 24
37 35
58 102
69 70
74 83
154 178
131 221
72 55
6 5
18 13
21 16
10 6
132 238
124 133
196 88
34 55
139 88
14 9
87 96
122 161
170 102
10 6
59 97
44 26
40 19
14 12
11 25
208 128
8 9
248 251
22 14
11 21
14 13
25 36
12 14
8 12
6 14
25 25
8 8
13 16
5 4
18 17
8 9
58 73
5 6
32 22
90 104
74 161
5 3
144 93
80 90
15 16
10 10
50 58
4 4
12 8
184 138
32 43
164 223
5 3
5 5
55 68
10 9
42 34
23 20
127 114
216 181
41 37
19 13
5 3
20 16
11 17
83 65
13 13
44 28
16 28
9 19
5 6
6 10
97 72
128 107
4 5
170 306
213 212
124 128
7 5
135 116
15 11
202 253
243 191
90 109
5 3
87 77
146 154
4 5
214 309
8 14
28 27
180 197
69 32
218 274
180 306
93 64
19 30
102 108
114 127
137 165
27 29
32 27
146 175
7 7
129 120
6 7
162 123
7 7
10 9
10 10
25 29
30 22
16 16
6 4
57 81
239 315
5 3
38 34
63 74
10 16
132 60
4 4
8 13
38 38
14 14
15 11
54 57
229 333
5 8
30 19
66 102
55 43
26 33
112 122
5 9
4 7
232 130
90 73
38 21
4 4
157 227
212 394
9 7
102 157
33 34
14 17
76 95
134 231
174 217
10 10
14 15
95 74
18 21
16 7
44 34
37 46
4 4
86 58
18 15
11 10
15 12
219 233
6 9
195 126
12 20
41 35
17 25
8 10
9 7
50 48
5 3
8 9
8 8
19 18
47 69
6 6
24 35
5 2
79 54
9 10
7 4
10 14
15 16
43 26
97 70
123 51
47 28
39 30
6 4
154 118
22 34
24 14
19 23
54 65
6 5
5 7
169 272
87 86
68 63
18 20
23 20
122 107
5 7
51 75
36 41
29 24
26 17
10 9
25 14
230 185
24 32
25 25
5 5
163 159
4 7
105 108
248 214
22 18
43 54
4 2
78 59
27 23
48 57
4 6
8 10
13 13
12 7
98 74
22 25
4 5
78 60
4 3
212 168
17 16
5 4
158 183
80 47
67 74
7 8
10 9
17 24
160 136
5 3
95 75
76 57
70 44
28 34
19 14
56 44
23 20
9 10
177 140
161 103
57 68
16 29
14 6
7 7
143 204
227 380
30 25
13 21
13 13
87 86
11 10
10 12
51 35
20 30
4 3
25 36
22 21
19 17
92 95
64 75
204 299
13 16
136 70
19 9
20 17
36 24
12 10
25 33
33 39
77 159
7 5
8 3
5 4
7 8
5 3
195 340
28 31
14 13
42 42
157 159
133 155
10 9
9 7
113 152
140 125
127 117
85 84
23 37
93 176
38 31
14 21
8 8
16 10
30 31
16 25
29 20
17 10
24 23
4 4
12 11
107 259
15 15
51 43
10 15
10 8
8 7
151 86
10 7
8 7
22 23
125 120
7 5
13 10
13 9
74 70
196 129
150 158
157 191
72 68
86 112
169 182
30 36
12 14
17 11
23 16
12 13
82 101
51 53
5 4
31 49
249 218
80 107
52 26
11 16
16 11
178 249
43 38
26 18
240 341
107 113
35 33
248 149
5 5
117 102
66 81
124 58
90 128
75 92
11 12
16 22
32 40
187 147
9 8
72 58
16 26
34 26
17 14
14 14
14 18
4 5
17 19
42 39
54 75
8 9
138 116
199 167
84 57
104 103
59 35
119 215
8 10
4 3
87 116
5 6
86 46
8 9
47 96
5 4
6 7
149 139
43 94
5 5
240 224
6 5
12 8
29 19
124 105
18 17
207 250
17 47
4 7
5 4
80 123
12 10
54 83
4 4
223 286
22 19
59 83
23 32
10 13
22 15
49 45
212 188
105 115
30 17
55 31
81 127
5 3
51 73
8 9
30 15
122 66
6 4
8 6
9 10
204 221
10 15
7 5
8 9
219 145
5 4
47 43
113 77
107 84
183 239
44 84
180 233
49 57
70 54
7 10
60 22
9 7
225 281
99 120
219 135
35 74
248 257
26 42
146 163
14 23
43 48
11 9
4 2
34 53
12 14
184 371
90 104
105 104
186 113
103 77
10 13
8 8
130 135
18 24
22 20
119 64
7 6
7 4
5 4
7 5
25 32
7 6
99 105
7 5
84 94
6 4
7 5
14 21
77 81
111 210
67 127
50 65
29 22
104 161
40 63
13 20
53 56
8 5
45 44
21 17
7 5
29 32
16 12
110 77
22 31
156 92
63 103
54 36
9 6
21 24
88 33
10 16
10 10
29 21
180 175
23 30
25 27
153 135
6 6
8 10
22 16
10 11
150 220
5 9
195 177
28 17
13 17
7 9
88 140
132 113
77 71
7 9
233 188
38 40
101 176
7 5
17 14
18 20
8 6
105 61
137 149
204 405
11 19
8 13
49 54
11 18
7 6
145 151
56 46
5 3
19 32
38 41
17 15
11 4
57 52
46 33
84 74
9 4
8 8
221 140
29 28
80 86
165 105
81 130
37 74
81 72
4 7
8 5
16 25
7 4
27 41
20 37
7 8
111 51
13 11
5 5
69 38
16 13
66 81
11 11
193 173
10 9
19 15
80 78
62 57
22 11
11 9
67 57
247 158
14 11
251 321
114 61
5 7
5 6
6 4
15 18
9 6
17 17
23 18
70 95
9 8
22 21
220 303
94 79
31 26
6 5
182 256
57 52
132 269
5 8
209 225
20 31
34 36
127 151
109 156
118 83
7 5
244 317
77 75
65 52
213 211
90 90
19 13
9 8
125 153
155 90
13 14
6 4
23 11
18 22
67 46
102 88
50 87
13 20
7 5
52 62
5 3
34 42
13 10
146 188
205 187
125 96
168 89
5 3
60 51
9 6
57 110
147 86
10 7
9 10
24 36
65 54
27 29
4 3
7 7
27 32
5 2
16 15
44 39
44 87
209 246
130 100
29 29
90 63
13 10
159 206
23 19
22 25
7 15
4 4
37 54
14 13
7 9
4 5
13 15
4 6
239 214
50 63
88 98
6 7
9 19
188 469
8 9
18 15
161 226
8 8
90 98
6 6
85 144
46 27
5 7
180 187
98 113
150 193
215 142
6 6
18 31
31 36
163 282
11 7
28 20
8 22
134 83
94 115
22 17
69 81
11 9
23 16
11 8
34 27
7 8
113 138
6 6
10 8
11 15
218 290
193 178
21 35
55 40
78 93
136 222
12 16
4 3
48 56
84 39
138 82
31 23
25 41
7 11
47 55
105 188
45 53
9 9
128 203
18 19
5 8
7 8
37 24
56 57
26 21
40 42
51 33
84 133
86 56
21 16
21 18
86 56
14 14
10 10
98 101
114 206
93 59
28 33
12 20
113 166
68 66
20 19
9 5
12 12
16 34
155 116
9 12
149 208
5 5
66 64
222 145
219 284
34 34
5 3
12 9
18 19
22 31
9 15
9 16
28 16
40 27
72 44
180 230
89 60
11 14
35 25
21 29
233 342
19 14
250 340
27 26
45 30
9 10
4 4
6 6
48 55
68 78
29 43
5 6
13 10
56 67
181 115
113 92
9 9
23 41
109 125
11 13
81 62
41 67
13 16
6 9
8 5
72 85
7 12
205 157
23 20
102 76
241 180
5 4
6 7
21 32
19 17
14 18
58 84
28 31
130 158
134 114
57 55
21 19
7 21
90 83
161 198
10 18
47 47
19 13
7 5
154 173
84 68
45 23
6 4
27 20
7 5
88 83
9 6
32 32
32 19
7 8
37 23
35 25
59 65
101 79
13 12
12 15
72 139
55 64
11 11
42 47
147 181
13 14
58 30
6 6
239 198
38 45
79 47
6 6
13 13
52 56
9 7
45 31
37 70
167 111
16 15
200 258
94 127
60 55
4 11
131 139
20 15
97 117
16 20
11 14
5 5
70 55
45 55
59 84
58 43
4 4
8 7
132 84
68 47
105 98
19 14
28 24
170 373
62 29
196 176
150 168
121 131
15 18
45 59
57 41
42 52
45 59
70 85
24 48
20 22
6 11
10 12
18 14
13 10
7 9
5 4
173 207
28 48
138 99
94 50
5 4
6 5
43 48
253 176
15 8
50 60
19 19
102 56
10 7
237 289
115 156
19 16
74 59
41 55
42 52
52 90
4 4
250 293
46 56
81 201
19 20
4 5
20 26
95 76
19 17
12 8
56 59
206 263
6 11
38 24
45 31
23 18
21 32
8 6
27 26
94 110
4 3
8 10
29 38
86 119
28 34
76 130
209 303
11 21
15 23
204 210
33 38
164 125
52 50
112 100
255 163
116 101
53 63
65 91
18 15
9 7
219 177
4 6
92 66
171 191
35 35
58 77
28 28
137 227
19 35
8 11
67 66
151 100
46 62
9 9
131 107
11 5
18 13
43 58
35 27
151 258
6 9
150 145
182 274
8 6
10 13
49 68
83 58
41 33
216 192
5 5
6 9
194 216
98 128
26 28
8 4
19 22
5 6
38 57
6 6
8 5
11 12
35 34
10 8
7 9
223 281
186 171
190 205
57 41
5 5
22 14
30 25
39 38
9 18
5 5
84 116
23 21
167 303
218 247
6 4
105 150
5 3
43 32
6 7
6 5
247 275
21 24
6 8
7 8
9 9
8 10
40 36
15 10
8 11
254 500
20 25
5 3
28 34
21 17
152 119
16 14
31 36
219 257
5 4
11 7
25 35
30 22
18 20
5 11
9 7
170 84
6 4
109 104
7 7
89 39
8 7
173 206
242 183
129 144
15 11
22 21
86 92
32 23
24 33
120 147
186 263
8 8
48 51
22 16
43 49
232 317
15 11
159 180
28 21
6 9
7 10
17 28
19 16
6 10
161 125
22 23
144 86
12 22
17 26
18 11
251 369
6 3
209 151
41 48
25 27
65 74
4 4
38 31
8 5
27 58
34 42
5 5
20 16
12 13
16 22
18 20
169 154
65 69
62 69
81 76
69 92
25 19
23 18
7 7
6 5
15 11
7 9
148 159
7 8
6 3
41 65
27 32
10 7
9 9
127 90
5 5
152 183
91 113
226 137
10 22
6 8
6 3
12 26
37 32
98 163
4 5
63 60
20 20
116 113
36 36
38 21
6 4
84 107
18 23
39 29
8 4
38 29
15 10
7 5
6 6
39 49
23 23
12 10
146 187
30 20
26 51
5 5
17 16
31 34
17 16
8 12
36 25
253 275
5 6
6 5
185 176
83 77
7 6
78 87
196 175
10 15
97 132
65 79
222 101
16 11
93 94
24 4
9 9
14 17
18 20
8 9
25 43
115 120
102 106
24 17
44 67
39 31
159 145
16 17
20 23
74 42
72 35
18 12
9 9
64 108
58 44
8 12
98 113
31 20
73 101
28 25
25 17
8 14
110 67
4 6
41 60
50 71
7 9
70 70
20 14
27 23
55 78
77 50
161 118
31 37
12 18
196 203
32 37
6 4
16 15
122 119
14 14
169 169
40 52
24 41
27 38
103 130
146 164
5 5
15 11
18 15
70 74
11 18
111 102
77 100
11 10
4 6
7 10
14 14
36 32
13 11
5 4
34 43
166 161
213 253
181 212
7 7
6 12
134 175
15 10
67 117
254 248
96 81
5 5
61 42
104 182
42 19
28 22
49 40
154 123
26 34
19 18
41 39
61 31
23 15
38 57
80 141
122 123
14 11
11 16
40 46
51 72
135 79
5 7
17 27
6 5
56 47
46 40
81 101
184 129
8 9
5 9
62 89
32 47
180 277
5 7
11 5
8 9
224 234
28 24
132 144
24 24
6 6
6 13
34 37
52 34
66 54
191 150
22 28
15 15
84 46
80 63
71 153
185 203
13 18
201 165
7 9
14 15
73 69
190 305
8 9
7 5
5 5
9 14
10 12
11 18
157 131
44 35
6 9
21 23
23 28
52 62
23 21
13 9
234 192
4 7
16 17
12 10
85 59
4 3
20 29
10 10
123 57
7 7
70 65
22 18
9 9
36 56
8 13
8 8
102 125
57 42
166 222
17 13
11 15
254 278
6 6
64 88
11 14
42 29
31 40
73 70
30 24
18 26
39 31
6 5
27 32
47 63
52 62
10 17
56 81
9 6
41 22
73 77
52 65
233 204
253 163
108 78
121 174
15 21
42 51
80 66
52 56
42 64
6 6
184 112
35 73
5 11
66 97
49 47
5 5
38 42
33 31
7 8
124 155
21 17
34 80
5 5
51 41
65 70
55 52
44 44
20 26
114 112
98 90
5 5
10 7
46 39
9 10
66 90
32 14
9 7
52 40
15 15
36 46
11 13
7 3
127 194
118 158
8 10
7 7
20 12
5 5
54 63
9 7
92 99
203 142
10 9
92 111
25 42
10 14
139 59
43 40
51 39
114 96
13 10
220 223
56 45
32 21
73 80
9 7
187 153
59 79
13 8
7 6
12 15
166 107
169 165
160 224
208 159
224 319
109 133
8 13
26 18
53 47
6 8
63 74
73 100
29 16
94 77
21 22
18 11
82 73
16 15
15 12
152 124
97 66
10 11
34 40
27 14
51 35
41 41
32 50
43 63
30 58
52 38
21 12
79 71
20 16
10 7
44 39
74 64
55 30
200 147
172 150
8 6
13 10
33 30
253 300
66 109
11 9
16 13
22 35
7 10
13 14
31 24
19 20
16 11
17 14
5 5
115 139
130 115
12 23
232 438
82 51
249 330
100 122
62 45
219 249
13 22
203 221
15 12
17 15
36 36
50 39
7 7
23 30
16 14
194 207
10 10
77 61
48 44
189 196
48 37
10 7
256 578
6 6
6 3
6 3
14 18
101 95
34 32
33 28
4 4
17 9
19 16
30 60
43 30
118 45
74 76
149 193
34 47
250 321
11 13
211 152
161 79
54 46
31 23
56 59
52 41
6 6
204 176
7 8
18 16
5 5
35 25
106 93
120 168
31 30
5 6
8 8
86 65
24 25
24 28
16 20
15 9
63 110
110 151
7 12
46 23
67 55
8 14
10 9
155 116
100 73
227 269
15 15
32 51
136 178
130 103
26 20
4 3
10 15
20 19
6 6
226 259
45 47
135 219
4 5
35 28
8 5
84 74
115 154
24 25
9 12
25 21
30 32
15 13
7 6
15 12
167 147
9 6
13 18
5 7
160 165
167 163
5 5
32 33
24 20
30 39
94 115
45 30
16 11
17 22
7 9
33 27
9 10
33 36
6 8
83 88
29 21
99 191
4 3
14 16
18 24
8 11
136 66
64 66
237 277
253 283
164 179
116 112
4 5
9 7
32 30
56 31
181 233
202 184
4 5
210 206
13 14
21 35
8 5
17 17
11 17
9 9
34 34
6 6
73 55
15 15
86 65
31 12
213 139
15 13
153 186
179 110
16 16
14 15
15 10
22 45
8 10
11 11
80 179
23 28
209 207
23 25
192 254
122 101
8 9
49 49
89 117
14 13
67 131
6 6
16 13
70 110
7 6
28 40
100 61
7 9
15 18
14 15
184 127
26 42
53 44
37 58
251 172
88 79
192 290
35 28
12 14
107 87
10 11
61 42
9 9
34 26
19 23
22 34
15 9
128 136
5 6
102 123
44 43
110 86
22 24
62 108
107 119
5 6
164 161
22 11
12 15
11 19
6 4
31 44
57 57
172 315
5 8
14 10
47 38
183 173
120 305
7 5
183 262
10 7
38 37
113 91
11 11
18 10
11 15
15 15
8 9
53 54
219 198
5 4
67 104
58 41
6 8
238 172
35 53
106 194
33 47
4 8
247 403
4 5
21 32
105 93
11 9
9 9
13 12
35 44
141 108
71 111
141 124
17 14
14 12
4 4
17 18
4 5
12 13
8 10
80 110
17 20
105 74
167 118
154 165
59 40
30 25
7 7
168 216
4 8
206 326
156 92
52 79
18 27
10 13
6 5
8 9
7 15
40 32
142 180
14 19
78 105
24 17
5 4
29 22
4 4
63 51
4 3
6 8
20 16
206 144
56 45
64 110
213 268
127 198
37 21
6 5
108 81
65 54
5 6
81 47
38 34
137 148
97 67
10 8
11 11
99 131
7 6
10 12
65 82
83 143
43 32
185 158
45 33
225 215
17 18
227 243
5 5
23 18
14 8
48 42
72 136
47 49
8 6
9 11
193 189
13 10
22 22
56 70
119 140
5 7
66 106
9 7
15 14
25 28
21 23
10 9
229 193
24 41
57 53
75 70
138 144
74 99
38 45
10 10
12 15
27 40
224 161
105 106
125 96
30 29
185 108
83 65
10 17
4 7
45 49
22 18
18 13
90 91
53 54
31 28
23 26
200 297
26 33
25 35
151 112
221 244
4 4
4 5
10 14
25 19
43 65
12 8
167 106
9 6
5 6
15 9
14 12
88 100
16 15
14 21
10 7
250 173
232 155
50 63
11 10
9 8
24 30
188 129
251 361
13 12
48 50
93 55
177 204
34 49
118 129
11 20
72 76
39 30
152 79
7 7
17 19
82 31
61 49
105 87
27 39
5 6
21 18
23 19
9 7
6 6
15 32
192 128
157 148
9 9
169 185
122 107
10 13
238 309
140 203
224 218
111 156
12 12
17 14
211 319
57 27
5 5
203 195
9 5
8 8
11 10
90 53
142 208
36 18
5 5
213 245
29 19
116 185
9 12
5 6
180 204
5 8
16 18
8 10
34 35
47 72
98 90
91 65
21 26
17 17
16 36
205 221
46 67
10 8
13 17
98 83
13 26
130 151
141 151
28 56
211 188
46 45
204 214
65 42
17 13
14 8
23 30
71 56
204 189
17 23
97 90
7 7
90 75
8 11
48 64
6 3
28 18
10 10
135 149
12 18
50 35
30 38
36 48
43 29
5 7
38 33
27 17
28 26
243 186
170 112
34 41
5 6
58 107
25 22
41 39
24 25
59 68
4 5
71 106
184 264
9 7
71 68
11 15
32 16
27 28
5 9
9 16
13 8
53 38
14 9
21 19
53 36
62 102
175 240
246 260
13 12
95 127
29 34
70 85
135 176
93 79
5 5
178 291
22 22
5 9
131 82
13 16
104 142
57 63
169 171
62 61
22 14
120 80
133 140
5 3
5 8
55 65
15 22
19 17
65 70
72 32
10 15
139 94
15 10
11 10
6 7
32 33
11 9
19 16
5 6
24 24
244 223
24 32
68 31
92 77
17 12
35 44
230 343
14 13
33 49
5 5
48 51
19 11
7 6
25 29
47 49
14 14
9 12
223 270
110 122
82 56
25 37
110 173
212 160
19 9
23 11
4 6
69 93
47 33
41 42
18 20
76 86
5 3
4 4
8 9
57 36
60 129
60 57
65 68
16 16
42 29
57 69
4 4
19 30
85 86
4 6
60 109
4 4
42 28
14 10
10 10
14 9
10 10
62 97
4 3
178 216
45 51
157 139
70 62
8 11
6 8
7 10
200 96
17 13
31 24
19 25
15 11
80 68
53 35
36 32
9 9
187 156
83 84
7 12
36 43
4 5
26 33
7 4
17 20
184 296
90 110
24 14
87 56
10 13
10 13
66 43
50 102
192 166
5 8
26 19
11 15
218 120
60 69
35 22
6 5
116 175
21 37
69 74
9 4
211 247
5 7
60 65
7 8
4 4
50 34
5 9
76 139
49 45
6 6
150 127
15 15
149 236
105 193
10 7
51 51
38 18
5 7
13 11
149 120
71 61
141 84
11 16
8 8
115 110
6 6
175 244
37 85
31 26
183 256
9 10
13 11
32 33
44 26
15 13
6 6
178 229
13 16
69 112
9 7
248 305
149 132
10 8
19 20
194 147
52 114
16 12
14 15
41 33
4 2
165 201
6 7
14 13
180 218
45 39
36 52
57 50
14 11
6 10
118 104
30 29
17 29
53 76
211 180
44 68
7 6
67 56
17 24
6 7
8 12
59 93
255 273
179 262
252 328
9 12
232 195
8 7
59 76
108 95
119 117
74 72
29 26
165 130
11 8
101 106
41 55
184 317
47 64
88 53
16 10
70 73
36 22
7 7
13 21
27 27
18 22
18 12
135 85
16 14
17 18
27 34
5 4
4 4
130 130
100 127
13 10
34 49
9 9
98 49
151 104
23 44
191 157
18 20
22 16
58 21
8 6
52 36
30 29
16 13
37 35
30 22
16 16
60 141
133 262
28 15
17 16
104 98
14 16
15 15
7 7
54 61
237 117
185 155
14 10
51 65
33 19
216 224
200 124
197 165
16 14
4 3
35 41
14 16
34 37
7 5
26 35
10 8
25 27
10 11
5 4
80 70
47 38
60 47
76 132
37 48
4 4
18 35
17 14
240 222
30 19
187 279
222 209
11 9
44 29
151 91
8 10
22 21
228 379
63 43
9 7
158 151
4 3
107 113
6 6
204 325
4 4
15 13
77 84
8 6
212 301
72 32
6 8
131 86
5 5
41 29
17 14
19 31
15 7
5 8
14 16
37 48
68 43
191 204
158 117
4 3
133 116
39 34
27 41
54 87
96 66
50 40
92 105
68 85
9 11
22 47
216 152
14 26
127 146
13 12
81 61
159 159
49 51
197 304
6 8
141 296
89 113
50 73
29 34
37 45
15 19
167 218
13 12
122 106
4 4
191 167
19 22
243 212
74 61
31 45
14 22
7 7
12 8
5 5
110 129
10 12
7 11
201 148
16 18
46 36
56 87
44 34
138 321
145 101
6 5
5 4
92 40
227 310
32 41
88 64
106 107
252 109
61 92
73 80
21 15
18 17
245 336
91 92
11 7
58 68
7 10
98 196
28 31
7 7
32 16
12 11
4 4
23 24
8 8
51 69
22 35
36 43
81 83
60 65
10 11
8 10
6 9
4 4
175 270
11 9
6 5
13 12
9 7
10 12
38 31
6 4
35 13
8 7
124 154
16 9
105 81
107 183
243 373
53 44
10 6
102 65
64 77
5 5
5 11
161 165
110 86
142 182
6 6
22 28
18 14
35 54
21 22
18 23
24 27
6 7
89 94
123 159
18 17
55 29
134 116
71 54
94 129
16 6
181 102
6 5
20 9
32 12
87 62
9 9
11 8
14 18
205 124
76 60
4 2
29 26
179 167
56 35
24 23
45 93
68 85
60 44
28 35
119 66
155 150
21 22
13 9
130 131
5 6
11 10
25 27
6 5
164 216
53 45
139 199
69 48
5 5
0 13
1 22
0 33
2 0
1 38
0 1 0
1 43 155
0 7 9
2 0 5
0 1 0
2 0 10
2 0 9
0 14 10
0 1 0
1 10 23
0 20 20
2 0 10
0 1 0
1 31 100
1 36 110
0 5 5
0 1 0
1 6 17
1 2 7
1 1 2
0 1 0
1 12 47
1 10 31
2 0 3
0 1 0
0 40 40
1 45 124
1 50 88
0 1 0
0 25 20
2 0 2
1 46 167
0 1 0
1 46 216
2 0 3
0 7 6
0 1 0
2 0 1
1 48 161
2 0 10
0 1 0
1 30 94
2 0 7
0 31 47
0 1 0
1 33 93
1 26 73
2 0 9
0 1 0
2 0 1
0 29 30
0 1 1
0 1 0
0 20 19
1 3 10
4 0 374
0 1 0
4 0 252
1 15 41
1 38 71
0 1 0
1 22 57
0 23 20
1 7 18
0 1 0
0 14 9
2 0 9
2 0 2
0 1 0
0 39 67
1 9 14
2 0 4
0 1 0
2 0 8
0 18 21
2 0 8
0 1 0
1 15 46
0 1 1
1 39 1
0 1 0
2 0 5
2 0 7
2 0 3
0 1 0
1 39 93
0 33 52
0 44 25
0 1 0
1 20 59
1 40 105
1 36 61
0 1 0
1 45 142
2 0 9
0 36 50
0 1 0
3 0 5
1 35 91
2 0 5
0 1 0
4 0 889
1 38 100
3 0 3
0 1 0
2 0 5
0 16 18
2 0 7
0 1 0
2 0 2
1 4 13
2 0 1
0 1 0
0 43 16
0 26 27
2 0 8
0 1 0
2 0 8
3 0 6
1 19 33
0 1 0
1 13 27
1 9 17
0 46 76
0 1 0
0 28 22
0 11 11
1 33 65
0 1 0
1 17 25
0 30 41
1 24 98
0 1 0
0 19 23
2 0 9
1 15 51
0 1 0
0 28 35
3 0 1
4 0 867
0 1 0
0 24 29
3 0 2
4 0 501
0 1 0
4 0 294
2 0 4
3 0 0
0 1 0
1 22 64
0 8 6
2 0 8
0 1 0
1 21 78
2 0 8
1 17 54
0 1 0
2 0 8
1 12 39
1 36 35
0 1 0
1 21 41
0 23 30
3 0 10
0 1 0
0 29 25
2 0 8
2 0 9
0 1 0
0 47 38
0 13 10
1 21 79
0 1 0
1 22 30
3 0 8
2 0 3
0 1 0
0 32 26
2 0 7
0 9 15
0 1 0
0 48 69
1 7 29
1 8 26
0 1 0
3 0 4
1 10 9
2 0 10
0 1 0
0 44 38
0 11 8
2 0 4
0 1 0
1 25 81
1 39 24
0 41 36
0 1 0
4 0 484
0 29 32
1 9 31
0 1 0
2 0 7
2 0 8
1 34 89
0 1 0
4 0 524
2 0 0
0 12 11
0 1 0
1 20 75
2 0 2
2 0 3
0 1 0
2 0 1
1 44 80
3 0 1
0 1 0
2 0 8
2 0 9
1 29 147
0 1 0
0 38 12
0 21 27
0 18 28
0 1 0
2 0 7
0 6 5
3 0 3
0 1 0
0 19 13
4 0 329
1 42 63
0 1 0
0 43 33
0 8 5
2 0 6
0 1 0
1 37 124
2 0 3
0 18 10
0 1 0
0 25 21
4 0 955
1 43 59
0 1 0
0 28 31
2 0 5
2 0 3
0 1 0
0 23 26
0 11 13
2 0 0
0 1 0
3 0 7
0 33 44
2 0 4
0 1 0
1 17 26
1 49 223
4 0 866
0 1 0
3 0 0
2 0 2
0 21 22
0 1 0
2 0 2
3 0 10
4 0 690
0 1 0
1 2 6
2 0 7
0 46 59
0 1 0
0 50 50
2 0 8
2 0 3
0 1 0
2 0 8
2 0 0
1 34 94
0 1 0
3 0 6
4 0 695
3 0 7
0 1 0
1 22 79
1 30 79
1 2 6
0 1 0
1 1 4
0 37 35
1 9 25
0 1 0
0 13 16
2 0 4
4 0 439
0 1 0
0 21 22
4 0 270
0 30 36
0 1 0
4 0 984
2 0 2
0 14 11
0 1 0
1 13 31
0 48 41
2 0 3
0 1 0
3 0 0
1 11 33
2 0 4
0 1 0
2 0 7
1 47 162
2 0 0
0 1 0
2 0 8
0 45 33
0 24 30
0 1 0
2 0 7
2 0 8
1 2 8
0 1 0
2 0 8
2 0 5
3 0 5
0 1 0
1 3 8
1 9 35
2 0 0
0 1 0
0 32 16
0 50 67
0 4 2
0 1 0
0 23 21
0 6 7
0 7 6
0 1 0
0 22 34
1 43 155
0 9 8
0 1 0
1 3 9
2 0 7
2 0 7
0 1 0
0 4 6
2 0 7
1 2 8
0 1 0
1 10 23
0 4 3
3 0 5
0 1 0
1 38 114
2 0 8
0 32 39
0 1 0
2 0 7
0 41 54
0 10 11
0 1 0
3 0 5
0 45 58
3 0 5
0 1 0
1 14 41
2 0 9
1 11 29
0 1 0
2 0 2
2 0 6
0 8 12
0 1 0
0 37 14
3 0 10
1 50 114
0 1 0
0 6 5
2 0 6
1 32 35
0 1 0
0 33 33
1 4 16
1 17 76
0 1 0
0 8 11
1 3 6
3 0 0
0 1 0
2 0 3
1 39 162
0 16 22
0 1 0
1 20 54
1 18 59
2 0 4
0 1 0
1 45 117
0 48 56
2 0 7
0 1 0
1 33 67
0 9 11
2 0 2
0 1 0
2 0 3
1 45 133
0 15 19
0 1 0
1 26 64
1 6 14
0 28 52
0 1 0
1 5 11
2 0 4
1 20 99
0 1 0
1 1 3
1 15 40
1 15 30
0 1 0
0 7 6
2 0 10
2 0 2
0 1 0
2 0 10
0 23 18
1 30 125
0 1 0
1 23 63
0 9 7
2 0 5
0 1 0
1 6 16
2 0 7
2 0 0
0 1 0
1 27 89
2 0 8
1 4 11
0 1 0
2 0 3
0 4 4
1 14 42
0 1 0
2 0 8
2 0 9
1 35 119
0 1 0
0 38 28
0 21 5
0 1 1
0 1 0
1 46 64
2 0 9
0 19 26
0 1 0
1 10 17
2 0 1
4 0 941
0 1 0
2 0 2
0 2 2
2 0 10
0 1 0
1 15 64
1 32 101
0 7 7
0 1 0
3 0 0
4 0 654
0 42 54
0 1 0
2 0 9
2 0 9
4 0 360
0 1 0
2 0 9
2 0 6
0 37 56
0 1 0
1 7 27
0 26 20
0 22 17
0 1 0
1 45 163
1 35 128
2 0 6
0 1 0
2 0 5
0 28 30
1 27 99
0 1 0
1 19 26
1 24 83
4 0 849
0 1 0
2 0 6
0 46 43
3 0 10
0 1 0
0 48 12
0 50 53
0 19 34
0 1 0
0 47 45
2 0 1
1 18 75
0 1 0
0 29 36
0 3 2
0 36 37
0 1 0
1 46 267
1 5 14
4 0 721
0 1 0
1 20 54
1 45 111
0 16 22
0 1 0
1 33 102
2 0 4
4 0 763
0 1 0
0 9 9
2 0 0
1 7 21
0 1 0
2 0 5
2 0 8
0 4 3
0 1 0
1 42 117
1 23 74
0 39 39
0 1 0
1 24 32
0 33 35
2 0 1
0 1 0
0 10 12
1 27 96
2 0 3
0 1 0
1 31 109
0 39 25
2 0 5
0 1 0
4 0 428
1 12 19
2 0 9
0 1 0
0 4 4
2 0 3
3 0 9
0 1 0
2 0 0
3 0 10
1 29 78
0 1 0
4 0 715
2 0 10
1 34 51
0 1 0
0 20 14
2 0 4
0 25 16
0 1 0
4 0 965
2 0 6
0 29 27
0 1 0
0 37 17
4 0 244
0 2 2
0 1 0
1 29 73
2 0 1
1 15 45
0 1 0
2 0 1
0 16 12
2 0 2
0 1 0
2 0 6
2 0 0
1 16 63
0 1 0
2 0 9
2 0 6
0 4 2
0 1 0
2 0 4
1 3 10
1 3 7
0 1 0
2 0 6
1 25 96
4 0 533
0 1 0
0 7 6
1 15 43
3 0 4
0 1 0
2 0 3
3 0 9
2 0 6
0 1 0
1 2 4
2 0 1
4 0 261
0 1 0
4 0 592
2 0 7
1 19 57
0 1 0
2 0 0
4 0 319
2 0 7
0 1 0
4 0 227
2 0 8
2 0 2
0 1 0
0 1 1
1 4 13
0 41 54
0 1 0
1 1 2
2 0 8
0 30 24
0 1 0
0 41 54
2 0 6
0 30 24
0 1 0
0 44 36
0 47 63
0 15 17
0 1 0
1 47 133
2 0 2
0 32 31
0 1 0
3 0 1
1 31 84
1 24 72
0 1 0
0 50 65
0 42 41
1 14 32
0 1 0
1 10 35
0 11 11
4 0 530
0 1 0
0 14 14
0 6 6
2 0 0
0 1 0
2 0 10
0 13 21
1 28 118
0 1 0
3 0 8
2 0 9
3 0 4
0 1 0
1 45 116
0 7 9
3 0 6
0 1 0
4 0 447
2 0 7
2 0 6
0 1 0
2 0 6
3 0 5
4 0 506
0 1 0
3 0 4
0 16 19
0 32 39
0 1 0
0 4 3
2 0 0
2 0 3
0 1 0
0 10 7
1 23 69
2 0 10
0 1 0
1 2 6
1 28 99
1 2 2
0 1 0
0 49 53
0 34 58
0 16 19
0 1 0
4 0 724
0 4 5
1 38 20
0 1 0
2 0 5
3 0 2
1 25 61
0 1 0
4 0 810
0 1 1
2 0 7
0 1 0
2 0 9
2 0 4
1 11 24
0 1 0
4 0 932
0 8 7
2 0 8
0 1 0
1 25 127
1 48 104
2 0 9
0 1 0
1 42 88
2 0 6
1 32 27
0 1 0
0 36 47
1 46 129
2 0 9
0 1 0
2 0 6
2 0 4
2 0 3
0 1 0
1 42 149
0 18 27
0 32 36
0 1 0
4 0 820
1 36 112
2 0 5
0 1 0
2 0 10
0 49 50
4 0 485
0 1 0
3 0 1
1 45 204
2 0 7
0 1 0
1 14 57
0 19 20
2 0 1
0 1 0
2 0 8
1 18 53
0 39 23
0 1 0
2 0 7
2 0 6
3 0 5
0 1 0
1 35 125
0 11 11
1 17 61
0 1 0
3 0 4
0 38 37
1 36 118
0 1 0
1 35 125
2 0 8
1 27 60
0 1 0
4 0 246
1 16 42
4 0 931
0 1 0
2 0 9
0 26 18
1 2 6
0 1 0
2 0 2
0 47 43
3 0 10
0 1 0
0 41 2
2 0 2
2 0 4
0 1 0
2 0 8
2 0 6
1 13 31
0 1 0
0 32 20
0 14 14
1 28 50
0 1 0
2 0 4
2 0 3
2 0 2
0 1 0
2 0 2
0 40 42
2 0 9
0 1 0
1 15 43
2 0 9
4 0 837
0 1 0
0 41 28
1 1 3
1 46 135
0 1 0
1 40 70
4 0 453
2 0 1
0 1 0
2 0 7
1 24 87
1 28 104
0 1 0
2 0 10
0 50 56
1 19 44
0 1 0
1 17 64
1 27 55
1 30 129
0 1 0
2 0 9
2 0 1
0 46 9
0 1 0
0 6 6
0 21 19
2 0 9
0 1 0
1 18 49
2 0 8
2 0 6
0 1 0
2 0 3
4 0 702
0 30 42
0 1 0
1 15 54
1 36 66
1 8 44
0 1 0
0 26 18
1 26 65
1 24 14
0 1 0
3 0 4
2 0 1
4 0 387
0 1 0
2 0 3
1 23 63
1 2 9
0 1 0
2 0 6
2 0 10
2 0 1
0 1 0
1 1 2
0 1 1
0 7 8
0 1 0
3 0 5
0 21 12
1 44 127
0 1 0
1 4 21
2 0 5
0 23 25
0 1 0
4 0 516
1 2 6
2 0 10
0 1 0
0 18 12
2 0 3
4 0 834
0 1 0
3 0 8
1 37 114
0 13 13
0 1 0
0 16 16
1 47 25
4 0 493
0 1 0
2 0 3
2 0 7
2 0 9
0 1 0
0 41 38
1 2 6
0 24 30
0 1 0
1 4 8
0 14 10
1 23 68
0 1 0
1 35 149
0 40 42
0 44 51
0 1 0
1 35 67
2 0 5
3 0 8
0 1 0
0 48 39
2 0 9
1 26 78
0 1 0
0 44 31
1 30 72
0 42 42
0 1 0
2 0 5
2 0 9
0 6 8
0 1 0
2 0 3
2 0 0
1 2 7
0 1 0
4 0 831
1 29 61
0 36 18
0 1 0
2 0 0
1 33 43
1 33 95
0 1 0
1 40 112
1 36 156
0 30 42
0 1 0
0 13 16
0 12 16
1 15 16
0 1 0
1 8 31
1 5 19
0 31 30
0 1 0
0 12 9
0 34 23
1 20 64
0 1 0
4 0 811
2 0 10
0 28 27
0 1 0
1 18 32
1 7 12
0 12 18
0 1 0
0 46 60
0 31 30
3 0 4
0 1 0
2 0 0
3 0 8
2 0 2
0 1 0
1 6 16
3 0 7
0 50 27
0 1 0
1 14 28
1 33 81
0 45 57
0 1 0
0 12 10
1 12 42
1 20 79
0 1 0
0 2 3
0 9 11
0 37 19
0 1 0
0 3 2
2 0 4
1 28 50
0 1 0
2 0 6
3 0 8
1 32 84
0 1 0
1 29 13
3 0 1
1 41 119
0 1 0
0 31 17
2 0 1
0 45 9
0 1 0
4 0 529
0 36 21
0 45 42
0 1 0
1 41 123
2 0 6
1 21 111
0 1 0
1 49 146
2 0 1
0 22 31
0 1 0
1 2 3
0 10 9
2 0 6
0 1 0
1 32 168
1 45 169
1 45 84
0 1 0
0 22 17
1 10 43
2 0 7
0 1 0
4 0 205
1 39 111
0 11 6
0 1 0
1 7 20
2 0 6
4 0 623
0 1 0
1 18 49
0 38 4
0 19 20
0 1 0
0 39 56
1 24 12
2 0 3
0 1 0
1 13 37
0 17 8
1 35 98
0 1 0
0 23 20
2 0 9
2 0 1
0 1 0
3 0 5
1 43 146
0 28 11
0 1 0
0 7 5
1 21 65
0 15 14
0 1 0
2 0 8
2 0 6
4 0 525
0 1 0
2 0 9
2 0 5
4 0 957
0 1 0
2 0 0
4 0 332
0 46 34
0 1 0
1 24 79
0 23 21
2 0 1
0 1 0
1 28 59
2 0 3
1 7 25
0 1 0
1 43 125
0 39 13
2 0 1
0 1 0
0 28 32
2 0 1
0 8 12
0 1 0
0 1 1
1 11 44
1 13 38
0 1 0
2 0 4
2 0 8
1 44 69
0 1 0
3 0 10
1 1 2
0 13 9
0 1 0
0 23 33
1 44 47
2 0 1
0 1 0
0 49 19
2 0 5
2 0 5
0 1 0
0 41 70
0 43 62
2 0 0
0 1 0
1 19 61
1 47 77
0 9 10
0 1 0
1 46 202
0 37 38
2 0 3
0 1 0
2 0 5
2 0 7
0 33 38
0 1 0
1 12 46
0 3 3
4 0 292
0 1 0
0 9 9
2 0 4
2 0 7
0 1 0
2 0 7
1 43 121
0 1 2
0 1 0
2 0 3
2 0 3
4 0 896
0 1 0
1 35 95
4 0 447
1 26 86
0 1 0
2 0 6
0 22 16
4 0 790
0 1 0
0 37 18
0 6 6
1 29 103
0 1 0
1 44 101
1 27 93
1 15 40
0 1 0
2 0 7
0 5 5
1 3 16
0 1 0
1 50 154
2 0 6
3 0 4
0 1 0
4 0 558
0 25 29
2 0 4
0 1 0
0 46 74
0 21 17
3 0 1
0 1 0
2 0 3
2 0 1
2 0 6
0 1 0
2 0 6
0 17 19
2 0 1
0 1 0
1 36 73
0 48 36
0 7 6
0 1 0
1 14 46
2 0 4
0 32 46
0 1 0
2 0 3
0 27 24
0 22 19
0 1 0
0 5 5
2 0 1
0 44 31
0 1 0
0 10 8
1 47 100
0 9 7
0 1 0
4 0 654
0 10 13
1 41 50
0 1 0
1 15 43
0 19 8
0 48 57
0 1 0
0 6 7
0 44 41
0 48 50
0 1 0
1 21 16
2 0 7
1 25 71
0 1 0
2 0 8
1 11 34
3 0 4
0 1 0
2 0 7
1 31 73
1 2 5
0 1 0
4 0 730
0 35 41
2 0 7
0 1 0
2 0 1
2 0 9
0 43 39
0 1 0
2 0 6
1 17 77
1 48 155
0 1 0
0 26 29
1 44 145
2 0 1
0 1 0
0 3 4
0 7 6
2 0 7
0 1 0
1 19 57
0 48 41
0 40 35
0 1 0
2 0 4
1 37 67
0 23 9
0 1 0
0 44 78
0 14 18
0 42 22
0 1 0
2 0 4
1 40 177
0 27 23
0 1 0
0 27 18
0 27 34
1 13 49
0 1 0
2 0 10
0 41 44
0 16 14
0 1 0
1 7 19
1 43 126
2 0 2
0 1 0
1 40 155
0 25 29
1 38 73
0 1 0
0 7 4
4 0 257
1 38 148
0 1 0
2 0 1
1 43 90
2 0 0
0 1 0
2 0 4
0 42 18
4 0 587
0 1 0
2 0 8
2 0 4
1 23 66
0 1 0
3 0 8
0 8 9
1 24 118
0 1 0
1 31 76
2 0 7
4 0 508
0 1 0
1 19 28
1 17 56
0 15 8
0 1 0
1 42 120
1 35 24
1 6 14
0 1 0
0 37 40
1 9 24
3 0 2
0 1 0
2 0 4
3 0 10
1 28 113
0 1 0
0 43 54
1 15 53
2 0 3
0 1 0
0 35 46
2 0 5
2 0 1
0 1 0
1 21 1
3 0 8
0 5 7
0 1 0
3 0 10
1 36 137
2 0 2
0 1 0
2 0 1
2 0 2
1 14 26
0 1 0
0 30 25
0 22 24
0 29 11
0 1 0
1 32 60
0 10 11
0 37 13
0 1 0
1 35 148
2 0 9
0 15 19
0 1 0
2 0 10
2 0 0
1 10 18
0 1 0
0 13 12
1 30 128
0 10 10
0 1 0
0 44 33
1 48 102
3 0 8
0 1 0
0 19 20
1 2 6
0 50 64
0 1 0
1 49 160
4 0 977
1 32 87
0 1 0
1 5 20
4 0 650
4 0 382
0 1 0
1 16 40
2 0 1
1 25 54
0 1 0
0 49 32
2 0 4
3 0 3
0 1 0
1 6 19
0 15 14
1 32 135
0 1 0
1 33 114
0 11 13
1 32 85
0 1 0
3 0 5
3 0 4
1 39 101
0 1 0
1 34 144
1 24 112
0 44 41
0 1 0
0 32 40
4 0 373
1 28 65
0 1 0
2 0 8
1 25 87
1 8 12
0 1 0
0 38 43
2 0 2
2 0 5
0 1 0
2 0 5
0 42 30
0 18 11
0 1 0
0 18 8
1 43 118
2 0 4
0 1 0
1 45 107
2 0 0
3 0 1
0 1 0
4 0 367
1 7 30
0 20 22
0 1 0
1 5 4
4 0 818
0 45 36
0 1 0
1 30 93
1 16 45
1 3 8
0 1 0
1 22 29
0 22 23
0 26 22
0 1 0
4 0 235
1 28 109
1 31 80
0 1 0
0 23 39
3 0 7
2 0 10
0 1 0
0 40 55
0 6 8
2 0 9
0 1 0
0 19 17
2 0 4
3 0 0
0 1 0
0 2 2
1 4 10
1 30 74
0 1 0
1 48 157
1 34 75
2 0 3
0 1 0
1 34 92
1 24 98
1 1 4
0 1 0
2 0 1
2 0 1
2 0 4
0 1 0
0 9 4
1 41 25
4 0 614
0 1 0
0 31 27
2 0 2
2 0 3
0 1 0
4 0 649
4 0 907
2 0 3
0 1 0
2 0 9
0 3 4
0 10 13
0 1 0
4 0 422
3 0 7
1 48 144
0 1 0
2 0 1
0 43 42
3 0 3
0 1 0
1 19 51
0 2 2
1 19 68
0 1 0
1 22 74
4 0 464
2 0 1
0 1 0
1 39 114
1 9 34
1 46 166
0 1 0
1 17 61
0 34 33
1 20 78
0 1 0
1 32 83
4 0 923
1 50 116
0 1 0
0 35 25
1 38 90
1 46 86
0 1 0
1 7 22
2 0 5
2 0 5
0 1 0
1 9 34
1 28 58
0 46 26
0 1 0
1 19 14
0 42 42
0 17 18
0 1 0
2 0 9
1 13 28
0 41 61
0 1 0
0 18 18
0 31 40
0 1 2
0 1 0
1 46 82
0 47 42
0 20 9
0 1 0
1 30 133
1 11 41
0 21 32
0 1 0
2 0 6
1 11 37
3 0 8
0 1 0
1 33 74
1 20 39
2 0 7
0 1 0
4 0 689
0 12 14
2 0 7
0 1 0
4 0 443
0 39 44
1 39 135
0 1 0
2 0 7
0 40 27
1 3 8
0 1 0
4 0 998
0 14 9
4 0 778
0 1 0
4 0 669
2 0 7
0 20 14
0 1 0
3 0 9
1 22 54
2 0 5
0 1 0
1 2 5
0 8 3
0 46 54
0 1 0
1 22 82
1 45 154
3 0 0
0 1 0
4 0 386
0 7 6
2 0 5
0 1 0
3 0 0
0 3 3
0 3 5
0 1 0
2 0 7
4 0 689
1 29 86
0 1 0
1 3 9
1 42 97
0 24 31
0 1 0
1 6 17
1 48 128
4 0 206
0 1 0
1 27 91
1 22 47
4 0 994
0 1 0
0 4 5
2 0 1
1 14 92
0 1 0
0 22 24
2 0 5
0 46 38
0 1 0
0 21 16
0 1 1
4 0 815
0 1 0
1 10 34
1 6 26
0 48 1
0 1 0
0 2 2
1 44 218
2 0 9
0 1 0
1 19 43
0 20 17
4 0 692
0 1 0
2 0 1
2 0 1
1 47 188
0 1 0
2 0 9
2 0 9
1 32 98
0 1 0
0 23 13
0 47 67
2 0 7
0 1 0
1 29 86
2 0 5
1 28 86
0 1 0
2 0 6
3 0 8
0 22 22
0 1 0
0 33 29
3 0 10
1 19 70
0 1 0
3 0 9
1 45 130
0 37 48
0 1 0
1 36 117
4 0 569
0 48 68
0 1 0
3 0 5
4 0 670
1 30 79
0 1 0
1 9 14
2 0 8
1 12 56
0 1 0
1 7 20
1 38 117
0 47 61
0 1 0
3 0 0
0 31 35
3 0 10
0 1 0
0 3 3
1 42 182
1 17 59
0 1 0
0 30 22
0 5 3
3 0 9
0 1 0
0 8 8
4 0 770
1 10 28
0 1 0
2 0 4
0 34 19
1 40 136
0 1 0
2 0 5
2 0 10
0 19 19
0 1 0
1 43 112
0 16 20
2 0 1
0 1 0
1 28 95
0 19 21
2 0 7
0 1 0
2 0 6
1 41 154
0 24 23
0 1 0
2 0 9
0 33 43
0 17 14
0 1 0
4 0 778
1 5 18
2 0 5
0 1 0
3 0 3
2 0 3
0 25 34
0 1 0
1 14 35
0 10 12
4 0 665
0 1 0
1 33 124
2 0 1
0 3 3
0 1 0
2 0 1
0 27 15
1 10 40
0 1 0
0 48 58
2 0 7
0 6 7
0 1 0
0 11 13
2 0 10
4 0 420
0 1 0
4 0 909
4 0 965
0 45 29
0 1 0
2 0 6
0 20 13
2 0 8
0 1 0
0 47 27
2 0 1
2 0 2
0 1 0
1 23 102
3 0 1
1 10 23
0 1 0
1 33 141
2 0 2
0 2 2
0 1 0
3 0 4
0 32 45
2 0 9
0 1 0
0 23 17
2 0 7
2 0 6
0 1 0
3 0 8
2 0 0
0 39 55
0 1 0
1 13 31
1 8 13
1 46 140
0 1 0
1 3 2
2 0 10
2 0 2
0 1 0
2 0 4
0 3 2
2 0 3
0 1 0
2 0 5
0 27 23
0 27 39
0 1 0
1 17 54
0 12 14
0 50 59
0 1 0
1 18 35
1 6 12
4 0 557
0 1 0
4 0 245
1 26 25
2 0 6
0 1 0
1 19 32
0 42 51
1 49 166
0 1 0
1 36 70
1 21 43
4 0 774
0 1 0
1 42 113
0 47 35
0 34 30
0 1 0
3 0 1
1 26 87
0 33 21
0 1 0
2 0 5
1 42 64
2 0 7
0 1 0
0 24 30
4 0 374
0 27 32
0 1 0
2 0 0
1 40 152
0 13 19
0 1 0
0 42 49
0 20 25
1 35 105
0 1 0
2 0 7
2 0 7
2 0 4
0 1 0
0 44 42
1 49 152
4 0 322
0 1 0
2 0 0
4 0 862
1 25 95
0 1 0
0 45 23
1 26 67
0 17 8
0 1 0
0 13 11
3 0 10
1 32 115
0 1 0
0 49 55
1 15 46
1 14 62
0 1 0
1 6 18
2 0 4
2 0 0
0 1 0
0 50 49
4 0 959
4 0 494
0 1 0
2 0 8
4 0 790
2 0 7
0 1 0
2 0 2
0 13 16
2 0 1
0 1 0
2 0 4
0 42 36
1 33 67
0 1 0
2 0 3
2 0 3
2 0 10
0 1 0
2 0 4
3 0 9
1 15 45
0 1 0
0 38 49
0 23 9
2 0 10
0 1 0
2 0 8
3 0 2
0 35 35
0 1 0
0 32 23
4 0 875
0 22 35
0 1 0
1 26 64
3 0 9
2 0 4
0 1 0
0 30 29
1 7 16
1 47 166
0 1 0
2 0 9
2 0 5
2 0 6
0 1 0
1 7 14
1 15 40
1 30 114
0 1 0
2 0 4
4 0 417
0 18 24
0 1 0
0 50 58
1 34 220
4 0 468
0 1 0
2 0 5
2 0 10
2 0 9
0 1 0
1 32 115
2 0 7
4 0 958
0 1 0
4 0 297
1 11 44
2 0 0
0 1 0
2 0 0
0 40 15
4 0 678
0 1 0
1 25 68
2 0 9
3 0 1
0 1 0
1 17 46
0 10 10
1 10 19
0 1 0
4 0 975
2 0 1
0 31 32
0 1 0
1 20 47
0 9 6
1 42 131
0 1 0
1 5 11
1 19 71
1 42 162
0 1 0
1 27 64
2 0 4
0 2 2
0 1 0
0 49 52
0 3 4
0 45 29
0 1 0
0 32 42
4 0 318
4 0 596
0 1 0
1 35 79
0 25 35
0 20 15
0 1 0
1 15 39
1 40 191
0 43 62
0 1 0
1 11 34
1 44 108
0 13 12
0 1 0
0 21 10
1 19 77
2 0 6
0 1 0
1 29 79
1 47 148
2 0 0
0 1 0
1 31 65
0 12 20
2 0 1
0 1 0
0 46 45
0 47 25
1 29 99
0 1 0
3 0 0
2 0 9
3 0 2
0 1 0
1 40 132
1 26 123
2 0 6
0 1 0
3 0 1
1 12 34
0 6 5
0 1 0
2 0 6
1 29 100
0 20 19
0 1 0
1 28 91
0 12 12
1 47 192
0 1 0
2 0 5
3 0 8
0 41 56
0 1 0
1 29 102
1 25 95
0 7 10
0 1 0
2 0 2
1 23 65
0 38 34
0 1 0
4 0 552
2 0 4
0 43 41
0 1 0
1 44 126
1 50 142
0 10 13
0 1 0
4 0 705
2 0 1
1 22 57
0 1 0
1 20 75
1 32 116
1 23 60
0 1 0
1 35 92
0 17 20
3 0 9
0 1 0
2 0 9
0 1 1
3 0 9
0 1 0
2 0 1
1 50 148
1 5 18
0 1 0
2 0 0
0 21 13
1 40 99
0 1 0
2 0 4
2 0 10
2 0 0
0 1 0
2 0 8
2 0 2
4 0 695
0 1 0
1 5 13
1 16 51
4 0 457
0 1 0
1 38 94
2 0 4
0 39 36
0 1 0
1 23 104
1 11 22
1 43 146
0 1 0
0 24 19
1 28 49
1 46 213
0 1 0
1 4 10
1 43 162
0 3 3
0 1 0
1 6 14
0 49 56
1 2 4
0 1 0
0 46 47
2 0 1
2 0 7
0 1 0
1 22 81
2 0 0
0 38 34
0 1 0
1 15 38
0 28 37
1 16 45
0 1 0
2 0 6
2 0 0
1 42 108
0 1 0
1 46 172
1 44 128
1 18 60
0 1 0
1 20 87
0 2 3
2 0 1
0 1 0
0 6 6
4 0 323
1 15 48
0 1 0
0 7 5
0 43 47
4 0 829
0 1 0
2 0 4
0 37 60
0 34 43
0 1 0
1 18 63
1 39 112
2 0 10
0 1 0
2 0 4
2 0 4
1 13 16
0 1 0
2 0 5
2 0 4
1 13 35
0 1 0
1 26 101
2 0 0
1 22 16
0 1 0
2 0 5
0 28 40
0 6 5
0 1 0
2 0 7
4 0 394
3 0 7
0 1 0
0 38 53
1 17 50
1 20 63
0 1 0
1 17 54
4 0 388
2 0 4
0 1 0
1 19 57
1 39 61
1 26 35
0 1 0
1 43 167
0 1 1
1 7 23
0 1 0
2 0 3
2 0 1
1 34 113
0 1 0
0 13 10
1 40 114
1 11 35
0 1 0
0 7 1
3 0 10
2 0 4
0 1 0
1 2 6
1 46 154
1 44 85
0 1 0
2 0 5
0 16 24
0 50 45
0 1 0
1 32 99
1 1 3
2 0 5
0 1 0
0 10 12
3 0 7
1 5 10
0 1 0
3 0 0
0 11 15
0 45 33
0 1 0
1 11 41
0 26 26
1 25 63
0 1 0
0 26 32
3 0 2
0 6 7
0 1 0
0 38 25
0 38 34
1 6 14
0 1 0
1 37 127
0 34 32
1 31 81
0 1 0
1 43 222
2 0 4
1 44 108
0 1 0
2 0 1
0 10 10
2 0 8
0 1 0
1 35 110
0 23 36
2 0 5
0 1 0
0 24 17
1 41 108
0 11 3
0 1 0
1 3 11
0 2 2
0 37 33
0 1 0
0 46 50
0 8 7
0 19 25
0 1 0
1 46 157
2 0 5
4 0 840
0 1 0
0 50 31
1 23 69
1 40 38
0 1 0
1 14 45
0 18 14
1 46 117
0 1 0
4 0 590
1 5 14
2 0 0
0 1 0
4 0 632
0 2 1
1 28 83
0 1 0
1 9 32
1 27 57
2 0 1
0 1 0
2 0 8
2 0 6
2 0 10
0 1 0
1 30 90
1 38 106
0 16 22
0 1 0
0 44 46
3 0 10
0 46 57
0 1 0
1 34 163
4 0 756
1 42 113
0 1 0
2 0 3
3 0 7
3 0 4
0 1 0
1 15 41
0 6 4
3 0 0
0 1 0
0 19 26
2 0 1
2 0 3
0 1 0
1 23 59
1 44 111
1 48 210
0 1 0
3 0 5
4 0 627
0 50 44
0 1 0
1 44 158
1 49 236
2 0 0
0 1 0
0 16 5
1 30 54
0 33 45
0 1 0
0 3 4
1 39 111
1 23 74
0 1 0
0 31 38
1 27 99
2 0 3
0 1 0
1 44 67
2 0 2
1 18 62
0 1 0
0 11 13
1 37 71
1 23 88
0 1 0
0 19 21
2 0 0
0 36 42
0 1 0
0 11 12
3 0 7
0 7 9
0 1 0
3 0 9
4 0 238
1 13 43
0 1 0
0 37 30
3 0 2
2 0 1
0 1 0
1 24 18
2 0 6
4 0 918
0 1 0
0 5 4
1 13 24
2 0 7
0 1 0
2 0 8
1 3 10
0 9 8
0 1 0
2 0 5
4 0 643
2 0 9
0 1 0
2 0 9
0 7 8
1 22 112
0 1 0
1 32 154
1 1 3
1 25 68
0 1 0
2 0 6
1 14 42
1 28 62
0 1 0
1 17 39
4 0 567
2 0 6
0 1 0
3 0 1
1 40 97
2 0 7
0 1 0
1 22 96
1 5 10
2 0 7
0 1 0
3 0 2
1 27 60
1 45 167
0 1 0
4 0 280
4 0 308
3 0 1
0 1 0
1 14 49
0 14 8
1 39 115
0 1 0
0 47 30
1 20 35
0 26 35
0 1 0
1 22 50
0 38 50
0 41 45
0 1 0
1 3 7
0 36 37
4 0 539
0 1 0
1 19 79
0 2 2
1 11 30
0 1 0
1 39 123
2 0 4
3 0 8
0 1 0
2 0 7
1 49 199
1 2 7
0 1 0
2 0 0
1 20 61
2 0 8
0 1 0
4 0 715
3 0 0
1 30 63
0 1 0
3 0 6
0 39 22
1 34 76
0 1 0
1 32 57
1 36 146
0 32 52
0 1 0
0 34 44
2 0 4
1 12 30
0 1 0
0 43 63
1 27 79
2 0 0
0 1 0
0 31 36
2 0 1
2 0 1
0 1 0
0 21 13
2 0 10
0 43 42
0 1 0
0 17 29
1 30 74
1 7 32
0 1 0
0 40 30
0 16 13
2 0 10
0 1 0
2 0 10
0 12 13
2 0 9
0 1 0
1 41 59
2 0 8
2 0 9
0 1 0
3 0 6
0 32 20
2 0 0
0 1 0
0 24 20
0 3 3
4 0 586
0 1 0
1 46 150
2 0 4
0 15 17
0 1 0
1 41 93
2 0 9
1 45 214
0 1 0
2 0 5
2 0 7
2 0 5
0 1 0
1 11 38
1 29 113
0 35 39
0 1 0
1 45 138
2 0 3
2 0 10
0 1 0
4 0 266
4 0 465
0 5 4
0 1 0
1 41 103
3 0 0
0 32 31
0 1 0
0 41 40
1 3 16
2 0 6
0 1 0
1 27 66
0 27 15
2 0 9
0 1 0
2 0 8
1 6 13
2 0 4
0 1 0
2 0 3
1 13 34
4 0 285
0 1 0
1 22 88
3 0 1
0 50 54
0 1 0
4 0 697
1 32 41
0 29 29
0 1 0
1 28 69
1 39 38
1 46 166
0 1 0
1 12 30
1 9 41
2 0 6
0 1 0
1 35 119
4 0 786
1 15 24
0 1 0
1 27 91
1 29 89
1 49 197
0 1 0
0 29 10
3 0 9
0 27 39
0 1 0
1 28 82
0 7 5
0 45 29
0 1 0
2 0 4
0 22 26
1 2 5
0 1 0
0 35 37
2 0 6
0 23 27
0 1 0
4 0 603
2 0 7
2 0 5
0 1 0
2 0 6
2 0 1
1 23 52
0 1 0
0 30 30
2 0 8
0 27 42
0 1 0
0 24 22
0 23 25
0 5 4
0 1 0
0 38 35
1 23 44
2 0 9
0 1 0
2 0 4
4 0 484
4 0 557
0 1 0
1 15 29
0 5 5
1 45 195
0 1 0
0 2 3
2 0 10
1 43 153
0 1 0
1 27 78
1 46 57
2 0 0
0 1 0
1 30 119
1 15 64
2 0 4
0 1 0
4 0 633
0 18 24
0 8 4
0 1 0
0 6 7
1 34 137
1 13 21
0 1 0
1 21 91
0 4 3
2 0 7
0 1 0
2 0 8
2 0 4
2 0 4
0 1 0
1 10 30
4 0 559
0 4 6
0 1 0
1 28 76
1 19 91
1 40 151
0 1 0
0 24 20
0 50 59
0 31 40
0 1 0
0 45 23
0 50 55
2 0 4
0 1 0
0 49 56
0 26 37
0 24 27
0 1 0
0 49 54
1 4 13
1 45 119
0 1 0
0 18 13
1 11 26
2 0 2
0 1 0
0 26 36
0 6 6
1 11 7
0 1 0
2 0 5
1 32 115
0 24 26
0 1 0
2 0 0
2 0 9
1 42 196
0 1 0
2 0 10
1 47 138
0 34 30
0 1 0
0 30 16
1 50 169
2 0 9
0 1 0
2 0 6
0 45 23
0 14 12
0 1 0
1 40 188
3 0 0
2 0 5
0 1 0
2 0 1
0 42 46
1 32 121
0 1 0
1 1 3
2 0 2
1 42 138
0 1 0
4 0 328
1 5 13
0 12 15
0 1 0
1 22 60
1 20 62
2 0 4
0 1 0
4 0 340
2 0 10
1 35 83
0 1 0
0 7 5
2 0 7
0 8 9
0 1 0
3 0 8
2 0 1
1 49 150
0 1 0
2 0 3
2 0 0
0 23 25
0 1 0
1 19 74
2 0 10
0 31 17
0 1 0
0 22 30
1 24 110
1 20 49
0 1 0
1 35 192
1 22 57
2 0 4
0 1 0
4 0 767
2 0 2
1 20 79
0 1 0
1 13 18
2 0 3
0 15 15
0 1 0
4 0 481
1 31 105
0 10 13
0 1 0
2 0 1
2 0 9
0 25 28
0 1 0
2 0 8
1 29 51
2 0 8
0 1 0
1 15 76
0 3 2
3 0 7
0 1 0
1 35 29
1 4 8
2 0 8
0 1 0
0 45 89
0 27 43
1 47 197
0 1 0
2 0 10
1 33 46
3 0 2
0 1 0
0 5 7
0 6 4
0 28 18
0 1 0
3 0 0
1 1 5
0 33 28
0 1 0
0 34 33
1 14 44
1 11 42
0 1 0
1 4 18
4 0 881
1 10 29
0 1 0
1 37 150
1 15 43
2 0 9
0 1 0
2 0 9
4 0 633
0 43 45
0 1 0
0 49 52
0 18 13
0 35 58
0 1 0
1 23 55
0 7 7
2 0 4
0 1 0
4 0 208
4 0 561
2 0 8
0 1 0
1 37 135
2 0 6
1 9 32
0 1 0
2 0 3
1 15 55
1 42 153
0 1 0
0 4 4
2 0 5
1 19 46
0 1 0
4 0 714
3 0 6
3 0 7
0 1 0
1 50 99
2 0 10
2 0 4
0 1 0
0 22 19
1 41 100
3 0 1
0 1 0
2 0 8
1 45 90
0 31 11
0 1 0
1 24 47
2 0 8
1 33 128
0 1 0
1 24 75
0 30 31
2 0 5
0 1 0
2 0 2
2 0 0
0 32 42
0 1 0
0 25 26
0 13 19
3 0 2
0 1 0
0 1 1
3 0 3
0 1 1
0 1 0
0 13 9
2 0 6
2 0 10
0 1 0
3 0 6
2 0 2
1 32 41
0 1 0
2 0 9
1 16 27
4 0 417
0 1 0
2 0 6
1 29 102
0 38 54
0 1 0
0 49 44
3 0 10
0 35 37
0 1 0
2 0 9
1 50 110
1 18 44
0 1 0
1 28 62
0 17 18
1 8 35
0 1 0
1 30 58
0 41 55
0 10 9
0 1 0
1 23 24
0 13 12
2 0 1
0 1 0
0 41 48
2 0 6
1 39 178
0 1 0
1 23 75
0 17 20
1 31 122
0 1 0
0 36 41
1 18 60
2 0 4
0 1 0
4 0 279
1 6 16
0 35 33
0 1 0
3 0 7
1 23 47
3 0 8
0 1 0
3 0 4
2 0 8
2 0 5
0 1 0
3 0 1
2 0 9
0 29 24
0 1 0
1 25 75
3 0 4
1 38 135
0 1 0
1 7 20
3 0 8
1 29 127
0 1 0
4 0 307
1 20 57
0 47 16
0 1 0
0 22 19
1 5 10
2 0 7
0 1 0
1 24 91
0 12 13
0 38 38
0 1 0
0 41 39
0 40 73
0 36 39
0 1 0
0 22 28
0 47 6
0 23 23
0 1 0
2 0 0
2 0 3
2 0 1
0 1 0
0 9 15
3 0 0
2 0 0
0 1 0
0 33 29
1 36 29
1 21 82
0 1 0
1 9 28
1 32 75
4 0 480
0 1 0
0 10 14
1 11 20
2 0 7
0 1 0
4 0 208
0 24 29
2 0 4
0 1 0
2 0 8
2 0 0
1 46 102
0 1 0
4 0 1000
0 32 28
0 13 13
0 1 0
0 45 51
4 0 349
1 6 26
0 1 0
2 0 9
0 21 29
4 0 413
0 1 0
0 25 17
0 25 37
4 0 597
0 1 0
1 50 90
1 28 97
4 0 532
0 1 0
1 1 2
0 15 6
1 39 73
0 1 0
1 46 197
3 0 3
0 7 6
0 1 0
0 2 3
2 0 9
1 33 89
0 1 0
1 22 49
0 10 8
0 3 3
0 1 0
2 0 2
3 0 2
1 17 49
0 1 0
2 0 6
4 0 773
2 0 9
0 1 0
1 18 61
3 0 8
1 13 57
0 1 0
0 35 31
0 30 20
1 39 137
0 1 0
0 28 18
2 0 5
2 0 2
0 1 0
4 0 379
1 44 115
0 24 13
0 1 0
0 34 28
2 0 4
1 39 76
0 1 0
3 0 5
2 0 1
0 34 28
0 1 0
3 0 1
2 0 9
2 0 0
0 1 0
3 0 6
1 30 94
1 3 9
0 1 0
1 22 69
1 37 81
0 34 23
0 1 0
4 0 277
4 0 896
4 0 409
0 1 0
2 0 8
3 0 6
1 14 63
0 1 0
1 17 58
1 19 25
2 0 3
0 1 0
1 23 60
1 9 17
4 0 461
0 1 0
2 0 8
1 5 12
2 0 2
0 1 0
2 0 1
1 29 105
0 40 43
0 1 0
2 0 10
1 28 70
2 0 5
0 1 0
1 42 132
1 46 133
4 0 271
0 1 0
1 39 121
1 44 138
1 7 20
0 1 0
1 30 68
0 15 16
0 29 49
0 1 0
2 0 7
0 30 35
0 1 2
0 1 0
3 0 6
1 20 36
1 4 9
0 1 0
2 0 7
2 0 7
2 0 1
0 1 0
2 0 5
2 0 0
4 0 515
0 1 0
2 0 5
2 0 8
1 4 8
0 1 0
0 16 13
1 8 32
2 0 6
0 1 0
1 2 3
0 24 19
4 0 325
0 1 0
0 2 3
3 0 1
0 29 37
0 1 0
0 20 24
1 12 40
0 22 21
0 1 0
1 22 64
1 36 110
1 46 190
0 1 0
1 9 24
1 10 22
3 0 5
0 1 0
4 0 907
1 19 44
2 0 10
0 1 0
1 34 127
1 9 23
3 0 7
0 1 0
0 8 5
0 32 19
0 1 1
0 1 0
0 32 32
0 17 17
2 0 8
0 1 0
0 8 7
1 39 100
1 43 153
0 1 0
0 39 55
1 16 66
2 0 4
0 1 0
1 3 5
1 11 52
0 39 49
0 1 0
4 0 349
1 9 11
2 0 8
0 1 0
1 13 40
1 20 84
1 40 77
0 1 0
0 32 41
0 47 39
0 28 18
0 1 0
1 9 14
2 0 7
0 40 46
0 1 0
4 0 479
1 46 102
2 0 1
0 1 0
1 30 67
0 6 5
1 39 104
0 1 0
4 0 747
0 37 43
2 0 5
0 1 0
1 47 137
1 26 49
0 1 1
0 1 0
1 46 200
0 5 5
1 31 110
0 1 0
0 15 14
1 34 105
2 0 9
0 1 0
2 0 9
1 5 14
1 31 97
0 1 0
0 8 6
2 0 9
0 44 29
0 1 0
1 38 154
1 37 67
0 15 20
0 1 0
1 30 73
1 15 51
1 31 110
0 1 0
1 48 150
1 35 96
2 0 6
0 1 0
2 0 2
1 50 104
1 1 3
0 1 0
0 17 16
1 12 22
4 0 504
0 1 0
1 31 97
4 0 204
3 0 5
0 1 0
0 2 1
2 0 9
4 0 861
0 1 0
1 46 80
2 0 0
1 29 103
0 1 0
2 0 1
2 0 0
2 0 8
0 1 0
4 0 332
3 0 2
3 0 5
0 1 0
0 34 50
0 21 27
0 16 17
0 1 0
2 0 4
2 0 8
0 44 44
0 1 0
1 23 89
1 5 20
0 16 8
0 1 0
0 48 62
2 0 7
4 0 250
0 1 0
0 39 40
0 36 58
4 0 430
0 1 0
1 34 152
1 13 32
1 48 181
0 1 0
2 0 10
2 0 6
4 0 939
0 1 0
1 44 139
0 40 33
1 13 37
0 1 0
1 7 15
2 0 4
1 5 16
0 1 0
2 0 4
1 43 21
1 50 137
0 1 0
2 0 2
0 46 31
0 35 29
0 1 0
0 35 44
2 0 2
2 0 0
0 1 0
1 30 63
2 0 6
4 0 636
0 1 0
0 26 29
1 36 130
2 0 7
0 1 0
0 31 30
1 2 4
0 35 37
0 1 0
2 0 1
4 0 286
0 10 17
0 1 0
3 0 6
0 32 30
0 36 56
0 1 0
1 17 38
1 8 22
3 0 7
0 1 0
1 28 30
4 0 511
1 25 56
0 1 0
2 0 4
1 20 51
2 0 2
0 1 0
1 14 40
1 3 8
1 50 74
0 1 0
1 14 52
0 47 14
4 0 326
0 1 0
0 38 35
1 36 71
0 22 31
0 1 0
1 31 83
0 7 3
1 43 76
0 1 0
0 37 46
1 32 45
1 26 81
0 1 0
1 27 71
4 0 720
1 31 98
0 1 0
2 0 7
2 0 8
0 46 47
0 1 0
2 0 3
1 44 80
0 12 15
0 1 0
0 36 22
4 0 578
2 0 8
0 1 0
1 25 47
1 18 89
2 0 0
0 1 0
1 47 141
1 28 63
1 39 90
0 1 0
1 27 77
2 0 3
1 27 96
0 1 0
4 0 666
1 26 70
0 22 19
0 1 0
1 7 15
1 6 28
1 44 116
0 1 0
0 25 33
1 27 81
1 27 40
0 1 0
0 39 47
0 9 7
2 0 9
0 1 0
3 0 0
3 0 9
0 39 47
0 1 0
0 7 6
2 0 4
2 0 6
0 1 0
2 0 2
0 48 33
0 22 33
0 1 0
2 0 9
3 0 5
1 27 114
0 1 0
0 9 8
0 39 49
4 0 613
0 1 0
1 22 116
4 0 219
1 45 56
0 1 0
1 19 53
0 35 33
1 35 58
0 1 0
1 45 151
1 26 100
1 42 88
0 1 0
0 34 40
1 8 27
2 0 1
0 1 0
0 14 21
0 21 33
1 18 51
0 1 0
3 0 6
1 19 26
0 2 2
0 1 0
0 22 29
1 14 61
0 45 43
0 1 0
1 29 110
1 48 209
1 21 56
0 1 0
1 48 190
1 18 40
0 9 9
0 1 0
3 0 5
1 30 58
2 0 9
0 1 0
1 32 117
0 18 17
2 0 3
0 1 0
1 13 19
2 0 5
0 32 44
0 1 0
0 37 11
3 0 10
2 0 1
0 1 0
1 32 107
0 13 11
2 0 5
0 1 0
0 24 23
2 0 10
1 23 86
0 1 0
1 20 47
0 3 3
2 0 1
0 1 0
2 0 9
0 4 4
4 0 475
0 1 0
1 27 32
2 0 3
0 31 35
0 1 0
2 0 2
0 13 12
2 0 2
0 1 0
0 27 40
2 0 5
1 30 118
0 1 0
2 0 2
1 7 30
0 25 25
0 1 0
3 0 7
1 3 13
2 0 2
0 1 0
1 19 62
1 50 169
1 38 197
0 1 0
0 24 26
0 50 51
0 22 30
0 1 0
2 0 6
3 0 5
1 18 59
0 1 0
1 47 158
2 0 0
0 48 65
0 1 0
1 44 135
4 0 200
1 1 4
0 1 0
1 18 73
0 9 7
0 26 28
0 1 0
0 48 21
1 38 119
0 28 4
0 1 0
2 0 8
4 0 405
2 0 3
0 1 0
1 9 41
1 47 144
1 2 5
0 1 0
3 0 1
0 29 23
1 26 50
0 1 0
2 0 6
2 0 6
1 13 69
0 1 0
0 24 25
1 35 34
3 0 4
0 1 0
2 0 5
0 10 13
4 0 430
0 1 0
1 33 101
0 23 24
1 20 61
0 1 0
2 0 10
0 6 7
1 18 43
0 1 0
1 22 66
1 19 53
1 9 29
0 1 0
0 30 30
1 4 14
4 0 962
0 1 0
1 11 37
0 47 42
0 35 42
0 1 0
2 0 4
0 13 16
0 3 1
0 1 0
3 0 0
2 0 0
1 23 60
0 1 0
1 29 107
2 0 2
3 0 1
0 1 0
0 42 49
0 36 20
3 0 9
0 1 0
3 0 4
1 33 121
0 17 15
0 1 0
2 0 8
4 0 770
0 21 27
0 1 0
1 12 42
2 0 8
0 44 26
0 1 0
1 12 39
1 47 40
1 9 34
0 1 0
1 5 14
2 0 7
1 20 25
0 1 0
0 23 14
1 13 32
0 7 8
0 1 0
4 0 756
3 0 5
2 0 4
0 1 0
2 0 10
2 0 8
0 19 23
0 1 0
2 0 3
0 10 5
2 0 2
0 1 0
1 15 49
3 0 8
0 19 22
0 1 0
0 36 49
0 37 24
0 36 31
0 1 0
0 48 53
1 36 63
0 26 24
0 1 0
4 0 323
2 0 2
3 0 5
0 1 0
1 41 111
1 40 163
2 0 10
0 1 0
1 14 43
4 0 425
0 31 38
0 1 0
2 0 6
0 3 5
0 7 8
0 1 0
4 0 845
1 3 3
2 0 2
0 1 0
0 32 12
4 0 640
1 5 9
0 1 0
2 0 6
1 44 85
3 0 5
0 1 0
0 1 1
2 0 2
1 42 91
0 1 0
0 18 17
1 3 9
0 17 26
0 1 0
3 0 10
0 8 8
2 0 7
0 1 0
1 6 20
2 0 10
0 14 11
0 1 0
4 0 364
2 0 8
0 11 16
0 1 0
2 0 0
4 0 498
1 45 67
0 1 0
1 40 104
0 19 15
0 25 14
0 1 0
1 49 116
3 0 0
3 0 10
0 1 0
0 35 31
0 44 37
0 12 14
0 1 0
1 33 153
1 23 77
1 50 119
0 1 0
1 3 8
2 0 9
0 28 22
0 1 0
1 32 127
1 39 119
4 0 500
0 1 0
0 27 17
0 33 42
3 0 10
0 1 0
3 0 8
2 0 2
0 10 11
0 1 0
3 0 6
1 18 91
1 8 9
0 1 0
0 46 24
1 18 76
1 35 69
0 1 0
2 0 4
1 29 53
2 0 6
0 1 0
2 0 7
2 0 7
1 11 12
0 1 0
2 0 9
3 0 5
1 1 1
0 1 0
4 0 703
0 39 36
2 0 7
0 1 0
4 0 240
0 35 33
1 25 9
0 1 0
1 9 29
2 0 5
2 0 10
0 1 0
2 0 10
1 28 65
2 0 8
0 1 0
0 12 16
1 4 17
2 0 4
0 1 0
1 44 128
0 19 18
1 33 106
0 1 0
0 16 1
1 35 109
0 39 11
0 1 0
0 1 1
1 49 94
0 13 18
0 1 0
0 14 11
0 37 51
1 3 10
0 1 0
2 0 1
2 0 1
2 0 1
0 1 0
1 5 5
0 42 34
1 33 117
0 1 0
0 10 9
1 13 49
1 3 8
0 1 0
0 41 21
2 0 9
0 18 21
0 1 0
1 31 146
1 27 131
2 0 9
0 1 0
0 40 31
2 0 8
1 48 152
0 1 0
1 18 39
0 47 22
1 17 59
0 1 0
1 1 3
0 45 60
1 45 68
0 1 0
4 0 457
3 0 6
2 0 9
0 1 0
1 46 207
2 0 10
0 8 4
0 1 0
0 4 5
1 32 150
0 10 6
0 1 0
0 40 1
2 0 2
2 0 5
0 1 0
0 43 32
0 31 37
1 34 128
0 1 0
1 4 17
2 0 8
2 0 1
0 1 0
0 6 5
4 0 677
0 33 24
0 1 0
2 0 8
3 0 9
0 18 15
0 1 0
1 13 37
0 46 45
2 0 5
0 1 0
4 0 525
4 0 408
0 50 88
0 1 0
1 19 66
1 17 42
2 0 3
0 1 0
1 10 31
0 45 18
2 0 6
0 1 0
1 20 14
1 2 6
2 0 1
0 1 0
2 0 6
0 41 53
2 0 1
0 1 0
2 0 9
2 0 0
0 49 61
0 1 0
3 0 10
0 21 22
0 1 1
0 1 0
2 0 6
1 3 10
1 3 6
0 1 0
2 0 3
1 20 65
1 10 25
0 1 0
0 44 44
1 30 65
2 0 5
0 1 0
0 7 6
1 43 95
2 0 6
0 1 0
1 48 69
4 0 976
1 13 32
0 1 0
0 11 13
2 0 5
1 31 56
0 1 0
2 0 10
2 0 10
2 0 0
0 1 0
2 0 6
1 10 40
2 0 6
0 1 0
0 38 43
1 4 15
1 50 42
0 1 0
0 8 10
1 5 22
2 0 10
0 1 0
1 17 62
1 3 8
2 0 9
0 1 0
1 30 93
0 13 10
1 40 135
0 1 0
1 27 75
1 26 97
2 0 2
0 1 0
2 0 5
0 36 48
0 7 9
0 1 0
2 0 2
0 5 4
1 35 77
0 1 0
3 0 6
2 0 9
2 0 7
0 1 0
2 0 8
0 42 50
2 0 3
0 1 0
1 39 146
0 39 50
1 21 79
0 1 0
2 0 0
2 0 2
0 29 39
0 1 0
2 0 10
0 20 22
1 19 34
0 1 0
1 33 121
4 0 772
1 22 80
0 1 0
0 40 28
1 10 31
2 0 8
0 1 0
1 1 5
0 50 24
3 0 4
0 1 0
1 24 47
1 33 81
0 41 43
0 1 0
1 28 66
2 0 7
1 38 122
0 1 0
2 0 10
1 16 67
1 49 170
0 1 0
2 0 7
0 45 48
2 0 8
0 1 0
0 14 14
1 13 58
0 23 21
0 1 0
2 0 1
0 19 24
2 0 7
0 1 0
1 38 99
0 48 44
2 0 5
0 1 0
0 34 37
1 26 64
3 0 10
0 1 0
2 0 9
2 0 7
1 44 136
0 1 0
0 50 34
1 44 41
1 9 22
0 1 0
2 0 1
0 14 13
1 28 116
