4.511263132095337 <_io.TextIOWrapper name='<stderr>' mode='w' encoding='cp932'>
531242 <_io.TextIOWrapper name='<stderr>' mode='w' encoding='cp932'>
88
25 29 21 25 22 24 26 28
24 29 24 34 25 34 25 29
28 24 29 23 31 25 30 26
29 25 29 23 31 23 31 25
29 30 30 31 34 27 33 26
26 29 26 30 29 30 29 29
25 28 25 29 26 29 26 28
27 28 26 27 25 28 26 29
27 27 26 27 26 28 27 28
28 30 26 28 27 27 29 29
22 30 21 29 20 30 21 31
22 26 22 24 28 24 28 26
23 23 21 21 20 22 22 24
30 28 30 26 32 26 32 28
24 31 23 32 25 34 26 33
21 30 20 30 20 29 21 29
22 31 21 31 21 30 22 30
23 30 22 29 21 30 22 31
23 29 22 29 22 30 23 30
24 23 23 23 23 29 24 29
21 26 21 29 22 29 22 26
29 22 24 22 24 23 29 23
26 32 23 32 23 30 26 30
28 32 26 32 26 33 28 33
20 23 20 24 22 24 22 23
24 21 21 21 21 19 24 19
21 33 17 33 17 35 21 35
19 27 16 27 16 29 19 29
22 20 21 19 20 20 21 21
23 20 22 20 22 23 23 23
25 20 24 19 23 20 24 21
26 20 24 18 25 17 27 19
30 20 32 22 35 19 33 17
33 25 32 25 32 26 33 26
32 24 31 25 32 26 33 25
33 23 32 22 31 23 32 24
33 20 31 20 31 23 33 23
32 21 31 20 32 19 33 20
29 21 29 22 32 22 32 21
33 29 33 32 34 32 34 29
18 30 13 25 14 24 19 29
18 26 19 27 21 25 20 24
18 25 18 26 21 26 21 25
26 19 26 20 27 20 27 19
26 21 25 20 26 19 27 20
25 21 25 20 26 20 26 21
33 35 32 34 34 32 35 33
32 35 31 34 33 32 34 33
33 34 32 34 32 35 33 35
17 30 17 26 18 26 18 30
17 31 14 31 14 30 17 30
20 34 17 31 18 30 21 33
17 22 15 22 15 15 17 15
26 18 24 18 24 19 26 19
28 18 27 19 29 21 30 20
30 18 30 17 33 17 33 18
35 21 32 21 32 19 35 19
35 32 34 32 34 33 35 33
30 36 26 32 28 30 32 34
20 17 20 15 25 15 25 17
16 19 16 17 20 17 20 19
36 30 32 26 30 28 34 32
23 37 21 35 26 30 28 32
15 35 12 32 14 30 17 33
15 32 14 31 16 29 17 30
31 16 30 17 32 19 33 18
35 16 31 16 31 13 35 13
37 19 32 14 30 16 35 21
37 16 35 16 35 19 37 19
20 38 17 35 21 31 24 34
24 38 20 38 20 34 24 34
14 35 14 32 15 32 15 35
16 33 14 35 13 34 15 32
14 23 15 22 18 25 17 26
15 24 14 24 14 23 15 23
13 31 13 32 14 32 14 31
13 19 12 18 15 15 16 16
16 25 13 25 13 19 16 19
13 18 12 18 12 19 13 19
13 15 13 14 14 14 14 15
19 14 16 14 16 12 19 12
17 18 16 17 19 14 20 15
12 34 12 32 13 32 13 34
15 37 12 34 14 32 17 35
17 37 15 37 15 35 17 35
18 38 17 37 20 34 21 35
12 31 11 31 11 30 12 30
12 24 12 30 14 30 14 24
