4.632490873336792 <_io.TextIOWrapper name='<stderr>' mode='w' encoding='cp932'>
407138 <_io.TextIOWrapper name='<stderr>' mode='w' encoding='cp932'>
77
39 27 38 26 37 27 38 28
36 27 35 27 35 28 36 28
36 26 35 27 36 28 37 27
37 26 36 26 36 27 37 27
36 24 32 28 31 27 35 23
35 29 34 29 34 28 35 28
38 22 37 22 37 26 38 26
40 24 38 22 36 24 38 26
38 30 38 32 40 32 40 30
36 30 36 28 38 28 38 30
37 29 36 28 35 29 36 30
39 29 38 28 37 29 38 30
34 30 33 29 34 28 35 29
33 30 33 29 34 29 34 30
33 26 32 27 34 29 35 28
33 24 33 26 36 26 36 24
34 23 33 24 36 27 37 26
39 21 33 21 33 18 39 18
36 31 34 31 34 30 36 30
32 22 28 22 28 20 32 20
41 32 36 27 35 28 40 33
31 28 31 27 32 27 32 28
31 21 32 20 33 21 32 22
34 19 34 23 35 23 35 19
35 20 30 25 29 24 34 19
43 33 40 30 38 32 41 35
41 33 40 33 40 32 41 32
31 33 30 33 30 28 31 28
30 32 29 31 32 28 33 29
35 34 33 32 34 31 36 33
32 34 28 38 29 39 33 35
34 34 32 34 32 31 34 31
31 34 30 33 32 31 33 32
29 32 25 32 25 31 29 31
29 23 22 23 22 24 29 24
30 20 28 22 29 23 31 21
31 17 28 20 27 19 30 16
30 17 30 16 31 16 31 17
40 17 38 15 37 16 39 18
40 19 35 19 35 17 40 17
36 21 37 22 40 19 39 18
43 35 41 35 41 33 43 33
29 35 28 34 30 32 31 33
37 36 35 34 33 36 35 38
37 35 33 35 33 36 37 36
39 35 37 35 37 29 39 29
38 34 39 35 41 33 40 32
28 36 28 38 29 38 29 36
27 36 27 34 28 34 28 36
27 33 25 35 26 36 28 34
27 30 25 32 27 34 29 32
27 29 25 31 27 33 29 31
28 30 27 30 27 29 28 29
27 22 26 22 26 29 27 29
27 16 27 13 30 13 30 16
28 15 25 15 25 20 28 20
29 18 27 16 28 15 30 17
36 15 33 18 34 19 37 16
37 15 37 13 38 13 38 15
41 19 37 15 35 17 39 21
41 24 40 24 40 19 41 19
36 16 36 15 37 15 37 16
40 37 37 37 37 36 40 36
35 37 35 38 37 38 37 37
36 36 34 34 33 35 35 37
38 36 37 35 36 36 37 37
39 37 38 36 39 35 40 36
34 37 34 34 35 34 35 37
27 37 25 39 26 40 28 38
26 37 26 36 27 36 27 37
26 23 27 22 29 24 28 25
26 14 25 13 24 14 25 15
31 38 29 36 31 34 33 36
32 38 31 38 31 34 32 34
25 37 22 37 22 38 25 38
25 26 28 29 33 24 30 21
32 13 31 13 31 16 32 16
