4.514474868774414 <_io.TextIOWrapper name='<stderr>' mode='w' encoding='cp932'>
555025 <_io.TextIOWrapper name='<stderr>' mode='w' encoding='cp932'>
30
17 12 18 13 23 8 22 7
15 14 15 9 23 9 23 14
20 10 18 10 18 13 20 13
16 14 18 16 22 12 20 10
21 16 15 22 12 19 18 13
14 10 13 9 14 8 15 9
17 10 14 10 14 8 17 8
18 17 9 17 9 16 18 16
13 12 10 12 10 13 13 13
15 10 13 12 15 14 17 12
12 8 12 9 13 9 13 8
17 7 17 8 22 8 22 7
19 19 13 13 9 17 15 23
19 12 19 19 22 19 22 12
15 6 13 8 15 10 17 8
10 14 8 14 8 13 10 13
12 16 10 14 14 10 16 12
10 10 9 10 9 12 10 12
11 11 10 10 12 8 13 9
19 5 17 7 20 10 22 8
9 20 7 18 9 16 11 18
11 20 9 20 9 18 11 18
15 20 11 20 11 22 15 22
19 20 15 20 15 19 19 19
9 14 8 13 9 12 10 13
16 22 15 22 15 23 16 23
8 17 8 18 9 18 9 17
7 23 7 18 8 18 8 23
6 21 8 23 11 20 9 18
5 11 7 9 10 12 8 14
