4.6336140632629395 <_io.TextIOWrapper name='<stderr>' mode='w' encoding='cp932'>
360763 <_io.TextIOWrapper name='<stderr>' mode='w' encoding='cp932'>
67
28 13 25 16 26 17 29 14
28 14 28 13 29 13 29 14
30 14 29 14 29 18 30 18
29 15 28 14 29 13 30 14
31 16 31 17 33 17 33 16
28 16 27 17 29 19 30 18
26 15 24 15 24 17 26 17
32 16 31 17 32 18 33 17
28 17 27 18 28 19 29 18
27 16 27 17 28 17 28 16
25 13 25 16 27 16 27 13
33 14 30 14 30 12 33 12
31 12 29 14 31 16 33 14
26 18 26 17 27 17 27 18
24 12 18 12 18 15 24 15
26 9 24 11 31 18 33 16
23 18 22 18 22 20 23 20
23 14 21 14 21 16 23 16
23 12 21 14 20 13 22 11
34 20 32 18 30 20 32 22
32 20 31 20 31 18 32 18
28 20 28 19 29 19 29 20
25 20 23 20 23 21 25 21
22 19 21 20 22 21 23 20
22 17 23 16 24 17 23 18
22 13 20 13 20 11 22 11
31 21 30 21 30 20 31 20
34 22 32 22 32 20 34 20
27 22 25 22 25 23 27 23
23 22 22 22 22 21 23 21
20 20 20 16 21 16 21 20
20 19 19 18 18 19 19 20
20 14 19 14 19 13 20 13
35 23 33 25 32 24 34 22
33 23 32 23 32 24 33 24
35 17 33 17 33 23 35 23
37 19 34 22 32 20 35 17
24 23 24 25 25 25 25 23
20 23 21 24 23 22 22 21
19 23 18 23 18 26 19 26
19 17 19 18 22 18 22 17
31 24 31 25 32 25 32 24
27 24 27 23 28 23 28 24
26 23 27 22 28 23 27 24
25 24 24 23 25 22 26 23
20 24 19 23 21 21 22 22
21 23 20 23 20 24 21 24
18 22 17 22 17 23 18 23
18 24 17 23 18 22 19 23
18 14 17 13 18 12 19 13
30 25 31 24 32 25 31 26
29 25 29 27 30 27 30 25
17 18 15 18 15 13 17 13
17 20 17 18 19 18 19 20
17 15 18 14 20 16 19 17
23 26 23 27 26 27 26 26
21 26 20 27 22 29 23 28
22 26 21 26 21 24 22 24
16 25 15 24 17 22 18 23
16 22 16 20 17 20 17 22
17 21 16 20 15 21 16 22
16 24 15 23 16 22 17 23
16 23 15 23 15 24 16 24
16 19 17 18 18 19 17 20
16 16 13 16 13 15 16 15
16 11 15 12 18 15 19 14
15 27 15 26 18 26 18 27
