4.5688018798828125 <_io.TextIOWrapper name='<stderr>' mode='w' encoding='cp932'>
505987 <_io.TextIOWrapper name='<stderr>' mode='w' encoding='cp932'>
83
15 14 14 15 16 17 17 16
15 12 15 14 16 14 16 12
16 13 15 12 14 13 15 14
15 15 14 15 14 14 15 14
13 15 13 20 14 20 14 15
12 12 11 13 13 15 14 14
12 15 10 13 9 14 11 16
13 12 12 12 12 15 13 15
15 11 13 11 13 12 15 12
11 14 11 13 14 13 14 14
17 15 17 16 21 16 21 15
16 16 15 15 16 14 17 15
12 16 11 16 11 18 12 18
18 11 18 9 21 9 21 11
17 17 16 17 16 16 17 16
15 17 15 19 16 19 16 17
10 8 9 9 12 12 13 11
11 8 10 8 10 13 11 13
19 18 20 19 22 17 21 16
19 17 17 17 17 18 19 18
19 13 17 15 19 17 21 15
15 18 16 17 17 18 16 19
17 7 13 11 16 14 20 10
18 7 15 10 21 16 24 13
17 9 17 7 18 7 18 9
21 12 21 11 26 11 26 12
19 20 20 19 21 20 20 21
19 19 19 20 20 20 20 19
9 20 11 18 13 20 11 22
14 5 11 8 15 12 18 9
9 5 9 9 14 9 14 5
22 10 21 9 20 10 21 11
20 13 20 10 22 10 22 13
21 14 20 13 21 12 22 13
22 15 21 15 21 14 22 14
22 19 21 19 21 20 22 20
21 21 20 21 20 20 21 20
17 21 15 19 14 20 16 22
23 10 22 10 22 9 23 9
20 11 21 12 23 10 22 9
23 18 22 18 22 17 23 17
20 22 16 22 16 24 20 24
14 22 14 20 15 20 15 22
10 22 10 18 11 18 11 22
5 22 9 26 15 20 11 16
4 10 9 5 15 11 10 16
24 14 22 14 22 13 24 13
24 16 22 14 21 15 23 17
24 17 23 17 23 16 24 16
24 21 22 19 21 20 23 22
21 23 21 21 24 21 24 23
22 22 21 21 20 22 21 23
17 23 16 22 15 23 16 24
18 23 17 23 17 21 18 21
13 23 14 22 15 23 14 24
25 12 24 13 26 15 27 14
24 9 23 10 25 12 26 11
25 19 26 20 28 18 27 17
24 24 24 23 25 23 25 24
22 24 21 23 20 24 21 25
23 24 22 24 22 22 23 22
22 23 23 22 24 23 23 24
12 24 10 22 9 23 11 25
12 22 12 24 14 24 14 22
10 20 12 18 14 20 12 22
26 14 26 15 27 15 27 14
25 17 24 16 26 14 27 15
24 19 24 17 25 17 25 19
25 18 24 17 23 18 24 19
26 19 26 20 29 20 29 19
26 24 25 23 24 24 25 25
26 25 25 25 25 24 26 24
18 25 18 23 21 23 21 25
27 10 26 11 28 13 29 12
27 18 27 17 28 17 28 18
26 17 25 18 26 19 27 18
25 15 25 17 26 17 26 15
22 26 21 25 20 26 21 27
25 26 22 26 22 25 25 25
21 26 20 26 20 27 21 27
19 24 18 25 20 27 21 26
16 26 14 26 14 24 16 24
13 26 9 26 9 23 13 23
