4.652215003967285 <_io.TextIOWrapper name='<stderr>' mode='w' encoding='cp932'>
376237 <_io.TextIOWrapper name='<stderr>' mode='w' encoding='cp932'>
55
17 19 16 19 16 22 17 22
16 17 16 16 26 16 26 17
14 19 16 17 19 20 17 22
14 18 14 19 16 19 16 18
17 17 16 18 17 19 18 18
19 17 18 18 25 25 26 24
20 23 24 19 30 25 26 29
15 23 15 30 20 30 20 23
22 19 22 18 24 18 24 19
22 24 22 26 26 26 26 24
23 25 22 24 29 17 30 18
14 25 14 32 23 32 23 25
21 26 19 26 19 20 21 20
24 20 28 24 33 19 29 15
24 27 24 28 30 28 30 27
23 27 24 28 26 26 25 25
17 27 17 22 18 22 18 27
9 27 14 32 22 24 17 19
22 28 22 30 24 30 24 28
19 25 17 27 20 30 22 28
21 28 21 26 22 26 22 28
20 29 18 27 19 26 21 28
27 26 21 20 22 19 28 25
27 29 26 29 26 26 27 26
25 30 25 40 26 40 26 30
28 17 26 17 26 24 28 24
28 15 28 17 29 17 29 15
28 26 28 25 30 25 30 26
28 22 26 24 28 26 30 24
23 31 24 30 29 35 28 36
18 31 20 29 23 32 21 34
16 31 16 37 18 37 18 31
17 28 15 30 16 31 18 29
15 24 14 25 17 28 18 27
9 28 9 27 17 27 17 28
29 31 27 29 30 26 32 28
22 32 21 31 22 30 23 31
31 34 31 37 33 37 33 34
32 38 28 42 27 41 31 37
33 39 33 37 34 37 34 39
33 40 33 41 37 41 37 40
32 40 32 39 33 39 33 40
34 38 33 37 32 38 33 39
32 42 29 42 29 40 32 40
31 41 32 40 33 41 32 42
28 41 27 41 27 36 28 36
30 41 29 40 28 41 29 42
30 37 30 41 31 41 31 37
28 37 25 40 24 39 27 36
30 35 25 30 26 29 31 34
30 31 29 31 29 35 30 35
27 12 19 20 30 31 38 23
31 31 30 31 30 28 31 28
32 35 30 37 32 39 34 37
36 36 31 31 33 29 38 34
