4.599027156829834 <_io.TextIOWrapper name='<stderr>' mode='w' encoding='cp932'>
404735 <_io.TextIOWrapper name='<stderr>' mode='w' encoding='cp932'>
61
11 33 11 31 12 31 12 33
15 31 15 30 16 30 16 31
15 32 14 31 15 30 16 31
14 32 14 31 15 31 15 32
11 29 12 28 15 31 14 32
14 29 15 28 16 29 15 30
10 29 12 27 14 29 12 31
10 31 10 29 11 29 11 31
15 29 14 29 14 28 15 28
17 28 16 29 19 32 20 31
18 28 17 28 17 32 18 32
18 33 18 32 19 32 19 33
17 34 16 33 17 32 18 33
15 34 15 32 17 32 17 34
14 33 15 32 16 33 15 34
13 32 13 33 14 33 14 32
13 34 12 33 13 32 14 33
12 34 12 33 13 33 13 34
17 27 15 27 15 28 17 28
11 26 12 25 13 26 12 27
12 26 12 25 13 25 13 26
9 29 11 31 14 28 12 26
11 27 11 26 12 26 12 27
17 26 17 27 19 27 19 26
18 26 17 27 18 28 19 27
16 25 16 24 17 24 17 25
5 26 10 31 16 25 11 20
21 29 16 29 16 30 21 30
21 25 19 27 21 29 23 27
13 24 13 23 16 23 16 24
21 24 22 23 23 24 22 25
20 24 20 25 21 25 21 24
22 27 22 25 23 25 23 27
20 29 21 30 23 28 22 27
22 30 21 30 21 33 22 33
22 34 21 33 24 30 25 31
11 23 11 21 13 21 13 23
10 24 11 23 13 25 12 26
9 24 9 29 10 29 10 24
5 23 5 26 11 26 11 23
19 23 17 25 18 26 20 24
23 32 21 30 20 31 22 33
4 22 5 23 15 13 14 12
4 25 4 22 12 22 12 25
10 22 11 21 12 22 11 23
14 22 13 21 12 22 13 23
16 22 16 23 19 23 19 22
24 22 21 19 22 18 25 21
22 22 22 23 24 23 24 22
21 22 21 19 22 19 22 22
24 24 23 24 23 25 24 25
24 31 24 30 25 30 25 31
14 21 13 21 13 20 14 20
15 21 14 21 14 22 15 22
25 24 24 23 23 24 24 25
25 23 24 23 24 24 25 24
25 32 25 31 26 31 26 32
24 33 23 32 24 31 25 32
24 34 22 34 22 33 24 33
25 35 24 34 26 32 27 33
23 35 23 32 25 32 25 35
